0.200000 0.057858 0.491743 0.221155 0.334367 0.644257 0.441805 0.281214 0.541944
0.400000 0.057766 0.490511 0.221177 0.333639 0.641191 0.441803 0.280819 0.539404
0.600000 0.057761 0.489894 0.220984 0.333043 0.639479 0.441927 0.280896 0.538052
0.800000 0.057750 0.489118 0.221035 0.332637 0.637568 0.442014 0.280578 0.536709
1.000000 0.057749 0.488585 0.220866 0.331845 0.635651 0.441827 0.280196 0.535140
1.200000 0.057672 0.487690 0.220944 0.331475 0.633705 0.441613 0.280124 0.533606
1.400000 0.057589 0.487432 0.220942 0.330885 0.632320 0.441790 0.279897 0.532680
1.600000 0.057708 0.486602 0.220782 0.330416 0.630483 0.441859 0.279885 0.531162
1.800000 0.057702 0.486069 0.220597 0.329749 0.628584 0.441695 0.279549 0.529861
2.000000 0.057530 0.485399 0.220656 0.329440 0.627270 0.441859 0.279576 0.528614
2.200000 0.057687 0.484796 0.220486 0.328879 0.625314 0.441761 0.279425 0.527192
2.400000 0.057664 0.484155 0.220618 0.328408 0.623558 0.441660 0.279332 0.525736
2.600000 0.057532 0.483480 0.220503 0.327765 0.621941 0.441698 0.278938 0.524558
2.800000 0.057623 0.482991 0.220489 0.327430 0.620183 0.441816 0.279002 0.523106
3.000000 0.057639 0.482193 0.220403 0.326957 0.618362 0.441687 0.278691 0.521773
3.200000 0.057635 0.481746 0.220424 0.326452 0.616908 0.441441 0.278738 0.520582
3.400000 0.057614 0.481082 0.220301 0.325957 0.615195 0.441625 0.278558 0.519218
3.600000 0.057583 0.480801 0.220058 0.325463 0.613513 0.441528 0.278420 0.517954
3.800000 0.057585 0.480003 0.220091 0.324867 0.611823 0.441582 0.278176 0.516727
4.000000 0.057535 0.479590 0.220069 0.324538 0.610238 0.441563 0.277896 0.515326
4.200000 0.057547 0.478838 0.220287 0.324057 0.608576 0.441587 0.277984 0.514363
4.400000 0.057527 0.478452 0.219881 0.323580 0.606886 0.441437 0.277733 0.512914
4.600000 0.057506 0.477527 0.219930 0.322732 0.605217 0.441294 0.277480 0.511556
4.800000 0.057377 0.477076 0.219753 0.322694 0.603545 0.441556 0.277275 0.510410
5.000000 0.057231 0.476673 0.219877 0.322134 0.602087 0.441373 0.277100 0.509070
5.200000 0.057414 0.476220 0.219731 0.321678 0.600448 0.441346 0.277098 0.468844
5.400000 0.057470 0.475563 0.219744 0.321350 0.599040 0.441543 0.277025 0.506635
5.600000 0.057615 0.475108 0.219651 0.320631 0.597521 0.441306 0.276939 0.505442
5.800000 0.057471 0.474386 0.219680 0.320296 0.595782 0.441212 0.276522 0.504286
6.000000 0.057452 0.473960 0.219663 0.319889 0.594194 0.441296 0.276475 0.502934
6.200000 0.057424 0.473395 0.219725 0.319464 0.592668 0.441249 0.276274 0.501769
6.400000 0.057451 0.472960 0.219436 0.319196 0.591078 0.441225 0.276213 0.500541
6.600000 0.057402 0.472113 0.219467 0.318199 0.588957 0.441231 0.275904 0.498865
6.800000 0.057223 0.471593 0.219526 0.318063 0.587174 0.441198 0.275745 0.497833
7.000000 0.057247 0.471121 0.219521 0.317492 0.585890 0.441266 0.275564 0.496619
7.200000 0.057336 0.470719 0.219268 0.317021 0.584354 0.440989 0.275440 0.495601
7.400000 0.057356 0.470230 0.219117 0.316745 0.582835 0.441002 0.275348 0.494272
7.600000 0.057353 0.469609 0.219272 0.316266 0.581383 0.441243 0.275266 0.493205
7.800000 0.057296 0.469173 0.219190 0.315840 0.579698 0.441129 0.274871 0.492042
8.000000 0.057307 0.468665 0.219126 0.315551 0.578675 0.441281 0.274912 0.490885
8.200000 0.057297 0.468271 0.219155 0.314975 0.577183 0.440934 0.274684 0.489894
8.400000 0.057306 0.467647 0.219244 0.314618 0.575599 0.441055 0.274358 0.488734
8.600000 0.057275 0.467290 0.219034 0.314018 0.574251 0.440887 0.274473 0.487617
8.800000 0.057247 0.466894 0.219025 0.313838 0.573111 0.440826 0.274242 0.486574
9.000000 0.057265 0.466528 0.218937 0.313534 0.571441 0.440927 0.274030 0.485545
9.200000 0.057232 0.465759 0.219020 0.312907 0.569921 0.440933 0.273968 0.484521
9.400000 0.057209 0.465366 0.218731 0.273468 0.568836 0.440909 0.273852 0.483355
9.600000 0.057068 0.464981 0.218827 0.312024 0.567308 0.440533 0.273603 0.482473
9.800000 0.057173 0.464569 0.218698 0.311664 0.566210 0.440854 0.273466 0.481421
10.000000 0.057156 0.464142 0.218793 0.311337 0.564795 0.440739 0.273428 0.480461
10.200000 0.057073 0.463648 0.218563 0.310900 0.563362 0.440694 0.273066 0.479285
10.400000 0.057150 0.463206 0.218573 0.310608 0.562114 0.440775 0.272992 0.478348
10.600000 0.057108 0.462404 0.218630 0.310233 0.560772 0.440738 0.272948 0.477194
10.800000 0.057154 0.462337 0.218791 0.309855 0.559447 0.440687 0.272597 0.476193
11.000000 0.057139 0.461882 0.218578 0.309389 0.558224 0.440809 0.272508 0.475220
11.200000 0.057205 0.461397 0.218556 0.308825 0.556408 0.440413 0.272453 0.474351
11.400000 0.057076 0.461051 0.218409 0.308824 0.555669 0.440688 0.272228 0.473389
11.600000 0.057095 0.460521 0.218528 0.308391 0.554465 0.440670 0.272108 0.472394
11.800000 0.057093 0.460311 0.218456 0.308057 0.553113 0.440649 0.271842 0.471443
12.000000 0.057068 0.459840 0.218493 0.307692 0.551663 0.440571 0.271833 0.470519
12.200000 0.057160 0.459370 0.218219 0.307210 0.550841 0.440574 0.271667 0.469340
12.400000 0.057205 0.459131 0.218339 0.306906 0.549372 0.440582 0.271552 0.468468
12.600000 0.057085 0.458746 0.218347 0.306553 0.548055 0.440671 0.271180 0.467420
12.800000 0.057063 0.458021 0.218157 0.306109 0.546678 0.440483 0.271138 0.466570
13.000000 0.057055 0.457664 0.218253 0.305674 0.545415 0.440523 0.270993 0.465525
13.200000 0.056955 0.457262 0.218123 0.305401 0.544273 0.440472 0.270721 0.464652
13.400000 0.057001 0.456723 0.218069 0.305129 0.542614 0.440411 0.270766 0.463883
13.600000 0.056986 0.456446 0.218197 0.304794 0.542036 0.440418 0.270615 0.463036
13.800000 0.057006 0.456234 0.218121 0.304421 0.540996 0.440378 0.270338 0.462152
14.000000 0.056971 0.455885 0.218196 0.304114 0.539869 0.440487 0.270361 0.461332
14.200000 0.056977 0.455378 0.217952 0.303820 0.538837 0.440331 0.270184 0.460381
14.400000 0.056956 0.455049 0.217928 0.303517 0.537778 0.440322 0.270041 0.459537
14.600000 0.056974 0.454833 0.217954 0.303392 0.536693 0.440244 0.269899 0.458930
14.800000 0.056952 0.454344 0.217760 0.302895 0.535651 0.440364 0.269662 0.457922
15.000000 0.056939 0.453993 0.217830 0.302536 0.534495 0.440325 0.269721 0.457202
15.200000 0.056928 0.453737 0.217785 0.302390 0.533629 0.440357 0.269363 0.456294
15.400000 0.056946 0.453366 0.217852 0.302036 0.532449 0.440216 0.269353 0.455711
15.600000 0.056890 0.453004 0.217866 0.301704 0.531461 0.440030 0.269197 0.454745
15.800000 0.057067 0.452707 0.217715 0.301394 0.530512 0.440136 0.269027 0.454072
16.000000 0.056995 0.452532 0.217760 0.301133 0.529420 0.440127 0.268997 0.453209
16.200000 0.056897 0.451986 0.217462 0.300672 0.528336 0.440145 0.268916 0.452482
16.400000 0.056613 0.451664 0.217735 0.300552 0.527421 0.439929 0.268645 0.451700
16.600000 0.056889 0.451347 0.217656 0.300293 0.526551 0.440007 0.268627 0.450973
16.800000 0.056648 0.451145 0.217696 0.299893 0.525296 0.439992 0.268265 0.450226
17.000000 0.057023 0.450479 0.217551 0.299622 0.524325 0.440056 0.268273 0.449423
17.200000 0.056871 0.450204 0.217671 0.299528 0.523462 0.439996 0.268153 0.448907
17.400000 0.056857 0.450134 0.217341 0.298994 0.522432 0.439934 0.267863 0.447893
17.600000 0.056844 0.449676 0.217561 0.298732 0.521439 0.440054 0.267903 0.447170
17.800000 0.056834 0.449330 0.217490 0.298460 0.520406 0.439797 0.267751 0.446329
18.000000 0.056783 0.449002 0.217416 0.298032 0.519530 0.440026 0.267487 0.445750
18.200000 0.056824 0.448549 0.217343 0.297981 0.518516 0.439794 0.267442 0.445045
18.400000 0.056865 0.448586 0.217323 0.297672 0.517604 0.439943 0.267355 0.444226
18.600000 0.056778 0.448077 0.217337 0.297371 0.516687 0.440038 0.267232 0.443540
18.800000 0.056788 0.447710 0.217209 0.296968 0.515855 0.439815 0.267159 0.442725
19.000000 0.056809 0.447685 0.217182 0.297000 0.514688 0.439804 0.266999 0.442167
19.200000 0.056792 0.447204 0.217152 0.296473 0.513582 0.439811 0.266808 0.441185
19.400000 0.056843 0.446855 0.217417 0.296150 0.512666 0.439884 0.266689 0.440543
19.600000 0.056730 0.446321 0.217234 0.295742 0.511730 0.439839 0.266603 0.439835
19.800000 0.056645 0.446208 0.217139 0.295614 0.510837 0.439757 0.266270 0.439069
20.000000 0.056911 0.445965 0.217094 0.295264 0.509995 0.439776 0.266315 0.438469
20.200000 0.056759 0.445640 0.217062 0.295225 0.509113 0.439636 0.266161 0.437717
20.400000 0.056733 0.445275 0.217240 0.294936 0.508190 0.439652 0.265843 0.436918
20.600000 0.056754 0.444951 0.217079 0.294625 0.507293 0.439792 0.265819 0.436307
20.800000 0.056750 0.444690 0.217109 0.294067 0.506511 0.439758 0.265745 0.435777
21.000000 0.056711 0.444200 0.217051 0.294091 0.505524 0.439638 0.265639 0.435105
21.200000 0.056685 0.444185 0.216961 0.293866 0.504726 0.439526 0.265351 0.434423
21.400000 0.056676 0.443805 0.216910 0.293569 0.503843 0.439508 0.265406 0.433670
21.600000 0.056669 0.443580 0.216877 0.293396 0.502963 0.439495 0.265329 0.433097
21.800000 0.056661 0.443133 0.216905 0.293118 0.502200 0.439465 0.265142 0.432375
22.000000 0.056619 0.443231 0.216867 0.292794 0.501379 0.439731 0.264978 0.431830
22.200000 0.056685 0.442960 0.216682 0.292309 0.500386 0.439614 0.264784 0.431305
22.400000 0.056632 0.442482 0.216959 0.292283 0.499465 0.439670 0.264779 0.430499
22.600000 0.056661 0.442337 0.216824 0.292090 0.498717 0.439545 0.264622 0.429924
22.800000 0.056624 0.442016 0.216734 0.291750 0.497928 0.439459 0.264505 0.429263
23.000000 0.056474 0.441484 0.216897 0.291489 0.497051 0.439500 0.264388 0.428729
23.200000 0.056595 0.441199 0.216757 0.291432 0.496367 0.439360 0.264205 0.428087
23.400000 0.056609 0.441173 0.216583 0.290868 0.495418 0.439577 0.264155 0.427362
23.600000 0.056317 0.440971 0.216681 0.290704 0.494623 0.439562 0.264117 0.426777
23.800000 0.056568 0.440612 0.216668 0.290440 0.493918 0.439323 0.263882 0.426210
24.000000 0.056578 0.440230 0.216714 0.290279 0.493119 0.439380 0.263800 0.425618
24.200000 0.056546 0.440044 0.216639 0.290101 0.492386 0.439400 0.263506 0.424998
24.400000 0.056565 0.439781 0.216616 0.289823 0.491369 0.439311 0.263608 0.424427
24.600000 0.056559 0.439571 0.216391 0.289732 0.490823 0.439345 0.263455 0.423742
24.800000 0.056564 0.439254 0.216543 0.289394 0.489995 0.439257 0.263280 0.423169
25.000000 0.056541 0.438967 0.216562 0.289105 0.489278 0.439297 0.263184 0.422596
25.200000 0.056506 0.438678 0.216438 0.288970 0.488291 0.439289 0.262998 0.421985
25.400000 0.056537 0.438324 0.216443 0.288680 0.487435 0.439133 0.262724 0.421032
25.600000 0.056555 0.438064 0.216423 0.288359 0.486469 0.439107 0.262905 0.420663
25.800000 0.056512 0.437663 0.216451 0.288132 0.485845 0.439181 0.262493 0.420111
26.000000 0.056528 0.437620 0.216503 0.287919 0.485079 0.439233 0.262649 0.419366
26.200000 0.056525 0.437434 0.216500 0.287683 0.484425 0.439101 0.262362 0.418946
26.400000 0.056522 0.437037 0.216275 0.287410 0.483398 0.439216 0.262247 0.418362
26.600000 0.056571 0.436778 0.216262 0.287167 0.482739 0.438909 0.262117 0.417746
26.800000 0.056321 0.436458 0.216253 0.286961 0.481899 0.439038 0.261942 0.417069
27.000000 0.056317 0.436372 0.216209 0.286818 0.481277 0.438906 0.261931 0.416696
27.200000 0.056466 0.436177 0.216317 0.286473 0.480671 0.438869 0.261989 0.416157
27.400000 0.056456 0.435919 0.216192 0.286129 0.479798 0.439053 0.261608 0.415616
27.600000 0.056605 0.435428 0.216191 0.286061 0.479245 0.438950 0.261573 0.414928
27.800000 0.056434 0.435464 0.216203 0.285814 0.478376 0.438879 0.261242 0.414464
28.000000 0.056411 0.434897 0.216164 0.285610 0.477562 0.438907 0.261294 0.413821
28.200000 0.056307 0.434834 0.216090 0.285403 0.477102 0.438703 0.261205 0.413464
28.400000 0.056424 0.434418 0.215787 0.285106 0.476327 0.438848 0.261045 0.412874
28.600000 0.056400 0.434511 0.216022 0.284978 0.475509 0.438837 0.260906 0.412245
28.800000 0.056393 0.434080 0.215618 0.284591 0.474727 0.438724 0.260803 0.411764
29.000000 0.056381 0.433821 0.215941 0.284508 0.474200 0.438842 0.260710 0.411140
29.200000 0.056421 0.433556 0.215961 0.284361 0.473421 0.438761 0.260546 0.410754
29.400000 0.056388 0.433232 0.215977 0.284241 0.472846 0.438814 0.260502 0.410187
29.600000 0.056399 0.433206 0.215915 0.283955 0.472196 0.438730 0.260370 0.409770
29.800000 0.056373 0.432913 0.215986 0.283709 0.471603 0.438726 0.260240 0.409141
30.000000 0.056359 0.432618 0.215951 0.283483 0.470756 0.438666 0.260085 0.408622
30.200000 0.056348 0.432736 0.215673 0.283205 0.470197 0.438694 0.260046 0.408281
30.400000 0.056359 0.432283 0.215884 0.283042 0.469645 0.438557 0.259942 0.407711
30.600000 0.056306 0.432239 0.215843 0.282868 0.468825 0.438634 0.259652 0.407158
30.800000 0.056839 0.431894 0.215867 0.282712 0.468177 0.438749 0.259599 0.406509
31.000000 0.057516 0.431540 0.215633 0.282507 0.467598 0.438669 0.259550 0.406092
31.200000 0.058571 0.431376 0.215911 0.282436 0.466942 0.438576 0.259447 0.405514
31.400000 0.059743 0.431361 0.216053 0.282124 0.466869 0.438592 0.259115 0.405645
31.600000 0.061550 0.431214 0.215762 0.282005 0.466860 0.438680 0.259306 0.405811
31.800000 0.063242 0.431062 0.215763 0.282232 0.467443 0.438505 0.259196 0.406160
32.000000 0.064860 0.431343 0.215897 0.282204 0.468714 0.438497 0.259206 0.406904
32.200000 0.066568 0.431660 0.216054 0.282574 0.470410 0.438445 0.259046 0.408292
32.400000 0.068496 0.432380 0.216007 0.282975 0.473018 0.438584 0.258948 0.410128
32.600000 0.070187 0.433217 0.215940 0.283687 0.476004 0.438544 0.259041 0.412174
32.800000 0.071681 0.435171 0.216178 0.284770 0.479648 0.438397 0.258972 0.414969
33.000000 0.073140 0.437027 0.216435 0.286054 0.483940 0.438613 0.259048 0.418062
33.200000 0.074369 0.439806 0.216757 0.287719 0.488578 0.438525 0.258991 0.421409
33.400000 0.075580 0.443200 0.217036 0.289735 0.493572 0.438446 0.259119 0.425232
33.600000 0.076703 0.447335 0.217522 0.291692 0.499165 0.438679 0.259222 0.429310
33.800000 0.077553 0.452025 0.217765 0.294063 0.505132 0.438657 0.259140 0.433644
34.000000 0.078576 0.457154 0.218328 0.296597 0.511251 0.438585 0.259315 0.438156
34.200000 0.079308 0.463135 0.218724 0.299396 0.517729 0.438600 0.259416 0.442808
34.400000 0.079929 0.469499 0.219262 0.302018 0.524346 0.438621 0.259543 0.447767
34.600000 0.080552 0.476275 0.219541 0.304579 0.531179 0.438562 0.259552 0.453268
34.800000 0.081087 0.483342 0.220022 0.307252 0.538250 0.438561 0.259715 0.458542
35.000000 0.081576 0.491083 0.220209 0.309815 0.546071 0.438705 0.259852 0.464450
35.200000 0.082057 0.499499 0.220390 0.312485 0.553464 0.438711 0.260116 0.470260
35.400000 0.082455 0.507290 0.221183 0.314499 0.560852 0.438765 0.260111 0.475886
35.600000 0.082620 0.515432 0.221400 0.316911 0.568292 0.438760 0.260297 0.481416
35.800000 0.083077 0.523731 0.221767 0.318978 0.575925 0.438785 0.260370 0.487267
36.000000 0.083299 0.532588 0.222164 0.321065 0.583871 0.438768 0.260500 0.493396
36.200000 0.083547 0.541096 0.222499 0.323254 0.591428 0.438947 0.260633 0.499402
36.400000 0.083766 0.550407 0.222916 0.325272 0.599576 0.438758 0.260695 0.505540
36.600000 0.083954 0.559769 0.223256 0.327503 0.607786 0.438910 0.260948 0.511802
36.800000 0.084103 0.569353 0.223556 0.329423 0.615946 0.438919 0.260990 0.518361
37.000000 0.084342 0.579083 0.223944 0.331398 0.624409 0.439017 0.261269 0.524963
37.200000 0.084439 0.588754 0.224193 0.333213 0.632630 0.439075 0.261337 0.531561
37.400000 0.084604 0.598804 0.224708 0.335201 0.641182 0.439053 0.261502 0.538071
37.600000 0.084764 0.609200 0.225053 0.337260 0.650454 0.439093 0.261773 0.545629
37.800000 0.084965 0.623818 0.225514 0.339733 0.662829 0.439145 0.261728 0.554850
38.000000 0.084979 0.634265 0.225855 0.341662 0.671765 0.439242 0.262052 0.561834
38.200000 0.085084 0.644248 0.226238 0.343746 0.680390 0.439195 0.262154 0.568768
38.400000 0.085087 0.654410 0.226446 0.345411 0.689326 0.439370 0.262329 0.575590
38.600000 0.085195 0.664664 0.226947 0.347104 0.698221 0.439231 0.262545 0.582707
38.800000 0.085161 0.674675 0.227308 0.348883 0.707045 0.439257 0.262575 0.589842
39.000000 0.085303 0.684553 0.227587 0.350735 0.716031 0.439153 0.262846 0.596879
39.200000 0.085323 0.694454 0.228069 0.352421 0.725044 0.439443 0.263060 0.603822
39.400000 0.085397 0.703738 0.228145 0.354024 0.733762 0.439231 0.263194 0.610514
39.600000 0.085437 0.713472 0.228670 0.355987 0.742560 0.439382 0.263341 0.617525
39.800000 0.085508 0.722752 0.228961 0.357494 0.751413 0.439432 0.263371 0.624669
40.000000 0.085556 0.731697 0.229417 0.358930 0.760140 0.439578 0.263714 0.631601
40.200000 0.085568 0.740807 0.229505 0.360566 0.768951 0.439354 0.263850 0.638724
40.400000 0.085628 0.749424 0.229862 0.362380 0.777451 0.439509 0.263862 0.645622
40.600000 0.085555 0.757999 0.230160 0.363959 0.786287 0.439494 0.264260 0.652502
40.800000 0.085853 0.766440 0.230603 0.365401 0.794752 0.439524 0.264322 0.659448
41.000000 0.085754 0.774450 0.230911 0.367239 0.803404 0.439503 0.264468 0.666214
41.200000 0.085765 0.782271 0.231031 0.368776 0.811748 0.439496 0.264604 0.673194
41.400000 0.085711 0.789694 0.231526 0.370272 0.820145 0.439655 0.264849 0.679941
41.600000 0.085804 0.797116 0.231839 0.371750 0.828200 0.439524 0.264956 0.686588
41.800000 0.085821 0.804238 0.232160 0.373262 0.836191 0.439785 0.265128 0.693148
42.000000 0.085789 0.811190 0.232365 0.374823 0.844170 0.439687 0.265310 0.699660
42.200000 0.085830 0.817561 0.232637 0.376399 0.852006 0.439829 0.265387 0.706199
42.400000 0.085692 0.824084 0.233068 0.377919 0.859547 0.439858 0.265784 0.712496
42.600000 0.085858 0.830020 0.233437 0.379325 0.867103 0.439776 0.265675 0.719056
42.800000 0.085869 0.835983 0.233716 0.380817 0.874756 0.439856 0.265907 0.725233
43.000000 0.085763 0.841503 0.233891 0.382215 0.881843 0.439789 0.266264 0.731232
43.200000 0.085856 0.846734 0.234172 0.383539 0.889030 0.439788 0.266314 0.737427
43.400000 0.085915 0.851898 0.234479 0.385040 0.896081 0.439959 0.266455 0.743326
43.600000 0.085953 0.857043 0.234795 0.386310 0.902738 0.439968 0.266607 0.749157
43.800000 0.085931 0.861873 0.234893 0.387815 0.909670 0.440037 0.266795 0.754770
44.000000 0.085976 0.866538 0.235230 0.389375 0.916685 0.440126 0.267169 0.760987
44.200000 0.085940 0.872900 0.235497 0.391235 0.925576 0.439969 0.266888 0.768471
44.400000 0.086007 0.877015 0.235813 0.392355 0.931566 0.440146 0.267406 0.773803
44.600000 0.085966 0.880867 0.236026 0.393775 0.937403 0.439994 0.267425 0.778974
44.800000 0.085974 0.884752 0.236217 0.394931 0.943515 0.440143 0.267752 0.784312
45.000000 0.086027 0.888486 0.236641 0.396240 0.949595 0.440320 0.267841 0.789440
45.200000 0.086104 0.892167 0.236846 0.397567 0.955320 0.440228 0.268059 0.794502
45.400000 0.085995 0.895402 0.237094 0.398873 0.960872 0.440329 0.268208 0.799629
45.600000 0.085920 0.898703 0.237210 0.400156 0.966225 0.440114 0.267985 0.804243
45.800000 0.085950 0.901759 0.237445 0.401351 0.971674 0.440292 0.268540 0.809041
46.000000 0.086076 0.904410 0.237737 0.402628 0.976845 0.440257 0.268686 0.813661
46.200000 0.086069 0.907521 0.237944 0.403774 0.981900 0.440269 0.268713 0.818095
46.400000 0.086164 0.910398 0.238084 0.405181 0.986793 0.440495 0.269029 0.822596
46.600000 0.086130 0.912787 0.238397 0.406390 0.991562 0.440462 0.269163 0.826737
46.800000 0.086153 0.915268 0.238562 0.407335 0.996131 0.440474 0.269401 0.830878
47.000000 0.086177 0.917927 0.238676 0.408762 1.000974 0.440418 0.269457 0.835240
47.200000 0.086178 0.920084 0.238978 0.409811 1.005384 0.440435 0.269774 0.839187
47.400000 0.086189 0.922450 0.239254 0.411016 1.009509 0.440640 0.269675 0.843087
47.600000 0.086163 0.924669 0.239319 0.412020 1.013904 0.440477 0.269818 0.846993
47.800000 0.086079 0.926492 0.239613 0.413337 1.018186 0.440668 0.270081 0.850744
48.000000 0.086060 0.928781 0.239759 0.414457 1.022115 0.440504 0.270152 0.854412
48.200000 0.086078 0.930542 0.239954 0.415590 1.026127 0.440683 0.270436 0.858154
48.400000 0.086241 0.932561 0.240166 0.416640 1.030257 0.440547 0.270633 0.861420
48.600000 0.086263 0.934231 0.240343 0.417861 1.033811 0.440793 0.270751 0.864949
48.800000 0.086200 0.935863 0.240515 0.418848 1.037397 0.440695 0.270972 0.868471
49.000000 0.086070 0.937600 0.240609 0.419932 1.041014 0.440714 0.271019 0.871706
49.200000 0.086267 0.939397 0.240521 0.421199 1.044538 0.440728 0.271241 0.874986
49.400000 0.086254 0.940915 0.241045 0.421973 1.047929 0.440751 0.271354 0.878249
49.600000 0.086221 0.942211 0.241184 0.423104 1.051325 0.440808 0.271676 0.880926
49.800000 0.086219 0.943549 0.241243 0.424113 1.054481 0.440851 0.271657 0.884142
50.000000 0.086216 0.945118 0.241457 0.425112 1.057683 0.440696 0.271869 0.887104
50.200000 0.086216 0.946356 0.241652 0.426123 1.060932 0.440683 0.271824 0.889611
50.400000 0.086229 0.947898 0.241973 0.427383 1.064259 0.440908 0.272172 0.893342
50.600000 0.086240 0.949181 0.241926 0.428402 1.067434 0.441039 0.272088 0.895915
50.800000 0.086272 0.950566 0.242256 0.429449 1.070010 0.440931 0.272298 0.898866
51.000000 0.086340 0.951445 0.242357 0.430452 1.073165 0.440838 0.272650 0.901599
51.200000 0.086276 0.952621 0.242543 0.431511 1.076153 0.440890 0.272725 0.904091
51.400000 0.086248 0.953555 0.242564 0.432378 1.078659 0.440937 0.272877 0.906630
51.600000 0.086290 0.954829 0.242795 0.433475 1.081612 0.441122 0.273077 0.909324
51.800000 0.086347 0.955841 0.242943 0.434327 1.084370 0.441107 0.273265 0.911785
52.000000 0.086298 0.957030 0.243215 0.435420 1.086846 0.441207 0.273427 0.914079
52.200000 0.086278 0.957760 0.243247 0.436535 1.089228 0.441085 0.273556 0.916528
52.400000 0.086300 0.958700 0.243402 0.437404 1.091889 0.441167 0.273886 0.918766
52.600000 0.086296 0.959633 0.243657 0.438116 1.094174 0.441111 0.273836 0.921094
52.800000 0.086316 0.960406 0.243825 0.438961 1.096467 0.441219 0.273953 0.923236
53.000000 0.086283 0.961277 0.243759 0.440145 1.098643 0.441183 0.274066 0.925308
53.200000 0.086392 0.961872 0.243942 0.441014 1.100943 0.441411 0.274213 0.927595
53.400000 0.086297 0.962928 0.244085 0.441995 1.103361 0.441142 0.274399 0.929525
53.600000 0.086328 0.963488 0.244169 0.442685 1.105216 0.441229 0.274524 0.931510
53.800000 0.086270 0.964159 0.244396 0.443658 1.107228 0.441137 0.274574 0.933110
54.000000 0.086323 0.964767 0.244430 0.444501 1.109279 0.441399 0.274910 0.935223
54.200000 0.086281 0.965369 0.244580 0.445525 1.111435 0.441323 0.275097 0.937155
54.400000 0.086306 0.966309 0.244574 0.446301 1.113146 0.441418 0.275200 0.938901
54.600000 0.086340 0.966948 0.244761 0.447086 1.115385 0.441399 0.275416 0.940750
54.800000 0.086254 0.967240 0.244830 0.447774 1.116758 0.441288 0.275278 0.942231
55.000000 0.086303 0.967727 0.244960 0.448811 1.118835 0.441400 0.275646 0.943914
55.200000 0.086294 0.968204 0.245177 0.449733 1.120584 0.441338 0.275682 0.945629
55.400000 0.086310 0.969022 0.245060 0.450488 1.122403 0.441470 0.275909 0.947524
55.600000 0.086330 0.969409 0.245311 0.451446 1.124165 0.441486 0.276142 0.949026
55.800000 0.086331 0.970008 0.245398 0.452238 1.125926 0.441479 0.276032 0.950494
56.000000 0.086277 0.970350 0.245368 0.452897 1.127538 0.441498 0.276365 0.952011
56.200000 0.086312 0.970866 0.245764 0.453908 1.129035 0.441372 0.276352 0.953785
56.400000 0.086339 0.971620 0.245700 0.454802 1.130666 0.441473 0.276758 0.955467
56.600000 0.086297 0.971838 0.245857 0.455629 1.132420 0.441666 0.276858 0.956791
56.800000 0.086179 0.972229 0.245726 0.456386 1.133948 0.441728 0.276848 0.958336
57.000000 0.086328 0.972634 0.245904 0.457139 1.135512 0.441700 0.277105 0.959668
57.200000 0.086319 0.973086 0.246096 0.457975 1.136830 0.441694 0.277269 0.960868
57.400000 0.086258 0.973384 0.246174 0.458766 1.138035 0.441657 0.277291 0.962413
57.600000 0.086250 0.973752 0.246387 0.459564 1.139919 0.441673 0.277555 0.963586
57.800000 0.086311 0.974020 0.246418 0.460063 1.141148 0.441663 0.277813 0.965014
58.000000 0.086223 0.974209 0.246552 0.460839 1.141727 0.441694 0.277774 0.966289
58.200000 0.086319 0.974859 0.246593 0.461746 1.143592 0.441750 0.277967 0.967298
58.400000 0.086339 0.975127 0.246705 0.462573 1.144990 0.441885 0.278148 0.968512
58.600000 0.086308 0.975314 0.246776 0.463367 1.146104 0.441870 0.278277 0.969837
58.800000 0.086273 0.975691 0.246806 0.463864 1.147336 0.441890 0.278392 0.970668
59.000000 0.086268 0.976146 0.246983 0.464745 1.148541 0.441798 0.278598 0.972019
59.200000 0.086308 0.976365 0.247031 0.465387 1.149763 0.441890 0.278673 0.973053
59.400000 0.086338 0.976635 0.247106 0.465964 1.150994 0.441868 0.278904 0.974134
59.600000 0.086339 0.976840 0.247127 0.466862 1.151994 0.441897 0.278816 0.975105
59.800000 0.086060 0.976843 0.247280 0.467300 1.153120 0.441995 0.279104 0.976284
60.000000 0.086374 0.977207 0.247464 0.468183 1.154399 0.442167 0.279140 0.977441
60.200000 0.086497 0.977384 0.247483 0.468983 1.155439 0.441942 0.279387 0.978263
60.400000 0.086516 0.977538 0.247476 0.469553 1.156401 0.441908 0.279512 0.979287
60.600000 0.086373 0.978037 0.247626 0.470280 1.157553 0.442137 0.279652 0.980448
60.800000 0.086414 0.978296 0.247722 0.470957 1.158835 0.442137 0.279784 0.981304
61.000000 0.086411 0.978441 0.247679 0.471564 1.159547 0.442051 0.279998 0.982086
61.200000 0.086412 0.978580 0.247796 0.472153 1.160524 0.442180 0.280088 0.983026
61.400000 0.086498 0.978549 0.247574 0.473002 1.161418 0.442058 0.280111 0.983647
61.600000 0.086367 0.979148 0.247824 0.473487 1.162675 0.442183 0.280293 0.984841
61.800000 0.086371 0.979189 0.248004 0.474262 1.163775 0.442351 0.280437 0.985975
62.000000 0.086409 0.979231 0.248006 0.474905 1.164508 0.442191 0.280554 0.986487
62.200000 0.086371 0.979548 0.247961 0.475662 1.165571 0.442298 0.280715 0.987406
62.400000 0.086375 0.979838 0.248191 0.476099 1.166105 0.442309 0.280808 0.988274
62.600000 0.086423 0.980155 0.248364 0.476876 1.167328 0.442266 0.281007 0.989130
62.800000 0.086225 0.979188 0.248511 0.477849 1.168389 0.442351 0.281081 0.990216
63.000000 0.086387 0.980361 0.248357 0.478342 1.169267 0.442498 0.281251 0.991029
63.200000 0.086377 0.980612 0.248535 0.479039 1.170181 0.442453 0.281382 0.991737
63.400000 0.086513 0.980540 0.248579 0.479720 1.170841 0.442460 0.281551 0.992494
63.600000 0.086213 0.980999 0.248700 0.480396 1.171818 0.442380 0.281631 0.993296
63.800000 0.086508 0.980845 0.248797 0.480719 1.172521 0.442441 0.281871 0.993902
64.000000 0.086354 0.981134 0.248765 0.481525 1.173200 0.442256 0.281847 0.994498
64.200000 0.086212 0.981177 0.248758 0.481920 1.173417 0.442489 0.281989 0.995423
64.400000 0.086233 0.981162 0.248897 0.482707 1.174916 0.442485 0.282254 0.996239
64.600000 0.086298 0.981478 0.248845 0.483311 1.175501 0.442406 0.282167 0.996563
64.800000 0.086508 0.981742 0.248894 0.483880 1.176295 0.442434 0.282495 0.997170
65.000000 0.086361 0.981332 0.248858 0.484473 1.176884 0.442424 0.282720 0.997889
65.200000 0.086309 0.981807 0.249099 0.485275 1.177671 0.442637 0.282711 0.998591
65.400000 0.086285 0.982064 0.249304 0.485588 1.178188 0.442616 0.282752 0.999231
65.600000 0.086469 0.981914 0.249214 0.486441 1.178936 0.442519 0.283044 0.999807
65.800000 0.086315 0.982100 0.249293 0.486854 1.179367 0.442798 0.283114 1.000266
66.000000 0.086324 0.982115 0.249158 0.487385 1.180213 0.442566 0.283279 1.000841
66.200000 0.086362 0.982478 0.249466 0.487952 1.180813 0.442696 0.283436 1.001415
66.400000 0.086362 0.982415 0.249373 0.488612 1.181486 0.442768 0.283628 1.002015
66.600000 0.086299 0.982530 0.249336 0.489081 1.181960 0.442529 0.283622 1.002352
66.800000 0.086331 0.982257 0.249355 0.489760 1.182569 0.442679 0.283778 1.002938
67.000000 0.086308 0.982783 0.249529 0.490236 1.183076 0.442730 0.283778 1.003403
67.200000 0.086252 0.982607 0.249606 0.490769 1.183745 0.442758 0.283891 1.003952
67.400000 0.086257 0.982588 0.249692 0.491266 1.184195 0.442737 0.284097 1.004433
67.600000 0.086250 0.982643 0.249934 0.491808 1.184967 0.442786 0.283999 1.004742
67.800000 0.086251 0.982959 0.249778 0.492377 1.185160 0.442880 0.284355 1.005318
68.000000 0.086305 0.982930 0.249923 0.492756 1.185662 0.442917 0.284357 1.005650
68.200000 0.086111 0.982843 0.249876 0.493413 1.186085 0.442596 0.284405 1.005992
68.400000 0.086237 0.982859 0.249846 0.493873 1.186726 0.442877 0.284586 1.006544
68.600000 0.086225 0.982888 0.249811 0.494400 1.187317 0.442812 0.284840 1.007110
68.800000 0.086253 0.982961 0.250045 0.494906 1.187943 0.442898 0.284991 1.007491
69.000000 0.086356 0.983039 0.249953 0.495519 1.188069 0.442749 0.284818 1.007953
69.200000 0.086364 0.982924 0.250094 0.495985 1.188528 0.443001 0.285302 1.008411
69.400000 0.086269 0.983040 0.250127 0.496618 1.189221 0.443083 0.285310 1.008749
69.600000 0.086189 0.982955 0.250074 0.497074 1.189349 0.442889 0.285479 1.009016
69.800000 0.086226 0.983107 0.250164 0.497540 1.189917 0.442850 0.285390 1.009327
70.000000 0.086280 0.983135 0.250161 0.497983 1.190490 0.443053 0.285702 1.009823
70.200000 0.086319 0.983248 0.250351 0.498508 1.190866 0.443240 0.285905 1.009899
70.400000 0.086135 0.982820 0.250294 0.498977 1.191160 0.443041 0.285908 1.010434
70.600000 0.086321 0.983241 0.250275 0.499297 1.191697 0.442981 0.286036 1.010745
70.800000 0.086335 0.983294 0.250482 0.500171 1.192143 0.443173 0.286171 1.011281
71.000000 0.086353 0.983393 0.250474 0.500470 1.192588 0.443191 0.286130 1.011624
71.200000 0.086336 0.983338 0.250657 0.500944 1.192629 0.443195 0.286551 1.011958
71.400000 0.086370 0.983521 0.250609 0.501519 1.193366 0.442984 0.286339 1.012214
71.600000 0.086351 0.983307 0.250508 0.501860 1.193826 0.443267 0.286599 1.012707
71.800000 0.086223 0.983462 0.250623 0.502267 1.194025 0.443060 0.286588 1.012859
72.000000 0.086223 0.983721 0.250682 0.502968 1.194732 0.443225 0.286713 1.013283
72.200000 0.086390 0.983673 0.250947 0.503264 1.194821 0.443157 0.287113 1.013441
72.400000 0.086364 0.983647 0.250807 0.503896 1.195271 0.443279 0.286971 1.013795
72.600000 0.086251 0.983797 0.250771 0.504355 1.195617 0.443419 0.287215 1.014083
72.800000 0.086314 0.983612 0.250731 0.504718 1.195918 0.443351 0.287231 1.014377
73.000000 0.086291 0.983594 0.250849 0.505165 1.196260 0.443156 0.287424 1.014568
73.200000 0.086356 0.983740 0.250910 0.505630 1.196694 0.443350 0.287560 1.015059
73.400000 0.086307 0.983706 0.250965 0.506129 1.196752 0.443373 0.287620 1.015103
73.600000 0.086290 0.983914 0.250954 0.506583 1.197325 0.443270 0.287657 1.015322
73.800000 0.086230 0.983923 0.250985 0.506983 1.197497 0.443274 0.287880 1.015664
74.000000 0.086303 0.984172 0.250966 0.507492 1.197751 0.443433 0.287981 1.015806
74.200000 0.086316 0.983774 0.251303 0.507785 1.198006 0.443134 0.288156 1.016155
74.400000 0.086258 0.983962 0.251010 0.508228 1.198259 0.443374 0.288228 1.016423
74.600000 0.086335 0.984059 0.251126 0.508865 1.198751 0.443541 0.288261 1.016591
74.800000 0.086157 0.984100 0.251218 0.509459 1.199226 0.443551 0.288452 1.016909
75.000000 0.086315 0.984160 0.251288 0.509850 1.199525 0.443476 0.288284 1.016948
75.200000 0.086285 0.984202 0.251307 0.510104 1.199402 0.443479 0.288823 1.017549
75.400000 0.086256 0.984305 0.251187 0.510571 1.199841 0.443606 0.288792 1.017905
75.600000 0.086285 0.984208 0.251260 0.511137 1.200130 0.443619 0.288882 1.017819
75.800000 0.086254 0.984334 0.251225 0.511407 1.200419 0.443540 0.288922 1.018150
76.000000 0.086295 0.984308 0.251384 0.511807 1.200698 0.443665 0.288985 1.018336
76.200000 0.086260 0.984058 0.251528 0.512089 1.201100 0.443698 0.289279 1.018512
76.400000 0.086092 0.984247 0.251551 0.512564 1.201210 0.443390 0.288976 1.018555
76.600000 0.086292 0.984311 0.251429 0.513014 1.201393 0.443574 0.289401 1.018729
76.800000 0.086284 0.984327 0.251469 0.513570 1.201573 0.443623 0.289344 1.018960
77.000000 0.086304 0.984314 0.251554 0.513775 1.201800 0.443780 0.289420 1.019159
77.200000 0.086283 0.984257 0.251604 0.514254 1.202116 0.443832 0.289904 1.019158
77.400000 0.086321 0.984251 0.251719 0.514639 1.202277 0.443764 0.289832 1.019449
77.600000 0.086313 0.984272 0.251488 0.514898 1.202304 0.443799 0.289918 1.019426
77.800000 0.086302 0.983969 0.251331 0.515374 1.202692 0.443804 0.289945 1.019741
78.000000 0.086319 0.984484 0.251752 0.515755 1.202958 0.443893 0.289766 1.019825
78.200000 0.086159 0.983970 0.251619 0.516161 1.202857 0.443847 0.290073 1.020081
78.400000 0.086365 0.984488 0.251763 0.516533 1.203267 0.443948 0.290313 1.020339
78.600000 0.086482 0.984472 0.251811 0.516958 1.203756 0.443907 0.290499 1.020556
78.800000 0.086329 0.984315 0.251781 0.517237 1.203474 0.443857 0.290589 1.020303
79.000000 0.086338 0.984360 0.251831 0.517686 1.203816 0.443963 0.290734 1.020832
79.200000 0.086514 0.984360 0.251920 0.518155 1.203990 0.443953 0.290692 1.020885
79.400000 0.086364 0.984387 0.252057 0.518618 1.204162 0.443963 0.290856 1.021094
79.600000 0.086516 0.984294 0.251969 0.518684 1.204397 0.443907 0.290930 1.021332
79.800000 0.086213 0.984644 0.251793 0.519206 1.204570 0.443912 0.291015 1.021382
80.000000 0.086347 0.984451 0.251960 0.519508 1.204804 0.443907 0.291098 1.021668
80.200000 0.086293 0.984578 0.251932 0.520017 1.205093 0.443983 0.291266 1.021672
80.400000 0.086344 0.984581 0.252039 0.520209 1.205256 0.444099 0.291378 1.021929
80.600000 0.086439 0.984779 0.252171 0.520661 1.205489 0.444281 0.291530 1.021997
80.800000 0.086495 0.984512 0.252089 0.521107 1.205527 0.444166 0.291570 1.022186
81.000000 0.086514 0.984642 0.252212 0.521417 1.205490 0.444084 0.291613 1.022285
81.200000 0.086237 0.984761 0.252141 0.521998 1.205841 0.444047 0.291765 1.022490
81.400000 0.086365 0.984738 0.252147 0.522134 1.205814 0.444235 0.291865 1.022555
81.600000 0.086337 0.984685 0.252309 0.522326 1.205926 0.444031 0.291950 1.022506
81.800000 0.086349 0.984730 0.252275 0.522771 1.206180 0.444074 0.292040 1.022619
82.000000 0.086334 0.984784 0.252252 0.523194 1.206313 0.444248 0.292181 1.022813
82.200000 0.086297 0.984745 0.252365 0.523453 1.206344 0.444135 0.292175 1.022849
82.400000 0.086216 0.984745 0.252320 0.523832 1.206610 0.444207 0.292294 1.023009
82.600000 0.086283 0.984653 0.252094 0.524061 1.206851 0.444203 0.292087 1.023184
82.800000 0.086314 0.984652 0.252237 0.524340 1.206674 0.444204 0.292478 1.023116
83.000000 0.086338 0.984868 0.252473 0.524544 1.206874 0.444454 0.292571 1.023310
83.200000 0.086245 0.984797 0.252521 0.524992 1.206821 0.444443 0.292671 1.023508
83.400000 0.086356 0.984537 0.252243 0.525274 1.207237 0.444452 0.292766 1.023433
83.600000 0.086282 0.984816 0.252404 0.525607 1.207272 0.444418 0.292965 1.023448
83.800000 0.086220 0.984832 0.252453 0.525842 1.207297 0.444367 0.292935 1.023665
84.000000 0.086379 0.984700 0.252389 0.526239 1.207383 0.444415 0.293118 1.023513
84.200000 0.086293 0.984812 0.252382 0.526545 1.207580 0.444308 0.293248 1.023846
84.400000 0.086301 0.984699 0.252533 0.526696 1.207484 0.444352 0.293147 1.023721
84.600000 0.086288 0.984523 0.252574 0.526935 1.207462 0.444470 0.293238 1.024066
84.800000 0.086123 0.984688 0.252589 0.527230 1.207700 0.444344 0.293264 1.023842
85.000000 0.086235 0.984939 0.252552 0.527726 1.207689 0.444571 0.293497 1.024165
85.200000 0.086258 0.984617 0.252603 0.527862 1.207786 0.444456 0.293528 1.024143
85.400000 0.086310 0.984571 0.252776 0.528247 1.207823 0.444430 0.293439 1.024133
85.600000 0.086287 0.984486 0.252449 0.528335 1.208031 0.444381 0.293669 1.024287
85.800000 0.086283 0.984777 0.252664 0.528765 1.207775 0.444380 0.293730 1.024065
86.000000 0.086275 0.984736 0.252794 0.528965 1.207933 0.444143 0.293363 1.024089
86.200000 0.086319 0.984652 0.252765 0.529470 1.208341 0.444508 0.293894 1.024357
86.400000 0.086153 0.984502 0.252414 0.529389 1.208025 0.444422 0.293856 1.024308
86.600000 0.086142 0.984381 0.252575 0.529782 1.208102 0.444351 0.293778 1.024056
86.800000 0.086110 0.984036 0.252739 0.530195 1.208046 0.444580 0.293788 1.024278
87.000000 0.086291 0.984417 0.252555 0.530652 1.208264 0.444759 0.294251 1.024532
87.200000 0.086238 0.984521 0.252744 0.530868 1.208382 0.444686 0.294389 1.024844
87.400000 0.086170 0.984455 0.252761 0.531033 1.208267 0.444556 0.294248 1.024369
87.600000 0.086243 0.984628 0.252780 0.531574 1.208640 0.444570 0.294619 1.024910
87.800000 0.086238 0.984593 0.252829 0.531700 1.208450 0.444549 0.294607 1.024773
88.000000 0.086262 0.984446 0.252981 0.531839 1.208568 0.444610 0.294720 1.024729
88.200000 0.086238 0.984271 0.252852 0.532127 1.208503 0.444726 0.294771 1.024696
88.400000 0.086294 0.984293 0.252949 0.532636 1.208488 0.444743 0.294846 1.024907
88.600000 0.086243 0.984243 0.252864 0.532656 1.208584 0.444689 0.294826 1.024795
88.800000 0.086249 0.984088 0.253047 0.533142 1.208543 0.444889 0.295011 1.024879
89.000000 0.086137 0.984322 0.252910 0.533291 1.208598 0.444915 0.295088 1.024820
89.200000 0.086317 0.984379 0.253032 0.533737 1.208925 0.444814 0.295202 1.025035
89.400000 0.086336 0.984283 0.252956 0.533897 1.208821 0.444819 0.295208 1.025128
89.600000 0.086329 0.984479 0.253013 0.534114 1.209021 0.444928 0.295291 1.025239
89.800000 0.086319 0.984280 0.253084 0.534424 1.209197 0.444979 0.295451 1.025356
90.000000 0.086318 0.984282 0.253081 0.534548 1.208970 0.444938 0.295446 1.025283
