0.200000 0.057477 0.488027 0.221072 0.332293 0.636663 0.449528 0.278230 0.535544
0.400000 0.057465 0.486968 0.220950 0.331572 0.633838 0.449656 0.278145 0.533428
0.600000 0.057412 0.486240 0.220927 0.330977 0.631964 0.449624 0.277872 0.531977
0.800000 0.057397 0.485463 0.220858 0.330492 0.630202 0.449654 0.277773 0.530604
1.000000 0.057371 0.484884 0.220859 0.330009 0.628384 0.449588 0.277675 0.529283
1.200000 0.057383 0.484175 0.220760 0.329365 0.626541 0.449528 0.277376 0.527663
1.400000 0.057352 0.483612 0.220659 0.328735 0.624695 0.449511 0.277386 0.526348
1.600000 0.057238 0.483071 0.220698 0.328426 0.623206 0.449637 0.277243 0.525199
1.800000 0.057333 0.482279 0.220608 0.327897 0.621252 0.449355 0.276994 0.523729
2.000000 0.057310 0.481725 0.220624 0.327399 0.619609 0.449409 0.277073 0.522440
2.200000 0.057272 0.480854 0.220640 0.326874 0.618068 0.449491 0.276852 0.521194
2.400000 0.057282 0.480502 0.220422 0.326461 0.616322 0.449474 0.276718 0.519812
2.600000 0.057271 0.479872 0.220483 0.325885 0.614501 0.449413 0.276373 0.518465
2.800000 0.057253 0.479291 0.220196 0.325443 0.612833 0.449342 0.276235 0.517034
3.000000 0.057244 0.478655 0.220312 0.324903 0.610995 0.449219 0.276222 0.515894
3.200000 0.057265 0.478002 0.220268 0.324271 0.609454 0.449335 0.275916 0.514461
3.400000 0.057265 0.477338 0.220177 0.323933 0.607882 0.449272 0.275847 0.513290
3.600000 0.057166 0.476760 0.220071 0.323366 0.606268 0.449287 0.275630 0.512029
3.800000 0.057185 0.476243 0.220026 0.322858 0.604477 0.449147 0.275632 0.510763
4.000000 0.057217 0.475653 0.219961 0.322486 0.603029 0.449163 0.275273 0.509562
4.200000 0.057180 0.475201 0.219920 0.321989 0.601369 0.449144 0.275373 0.508265
4.400000 0.057157 0.474551 0.219970 0.321361 0.599776 0.449003 0.275006 0.506948
4.600000 0.057237 0.474206 0.219932 0.320913 0.598278 0.449187 0.275025 0.505817
4.800000 0.057147 0.473636 0.219858 0.320478 0.596472 0.449143 0.274860 0.504559
5.000000 0.057099 0.473169 0.219821 0.319983 0.595037 0.448978 0.274718 0.503193
5.200000 0.057110 0.472775 0.219440 0.319520 0.593495 0.448957 0.274533 0.502028
5.400000 0.057131 0.472161 0.219681 0.319122 0.591868 0.448944 0.274320 0.501034
5.600000 0.057099 0.471633 0.219429 0.318764 0.590217 0.448740 0.274301 0.499712
5.800000 0.057183 0.470869 0.219675 0.318288 0.588716 0.448945 0.274128 0.498427
6.000000 0.057063 0.470331 0.219518 0.317945 0.587208 0.449061 0.273994 0.497132
6.200000 0.057166 0.469524 0.219541 0.317447 0.585835 0.448838 0.273766 0.496137
6.400000 0.057086 0.469249 0.219570 0.317008 0.584118 0.448958 0.273684 0.494564
6.600000 0.056930 0.468720 0.219436 0.316432 0.582175 0.448793 0.273509 0.493172
6.800000 0.056999 0.467767 0.219337 0.315800 0.580059 0.448789 0.273233 0.491694
7.000000 0.057011 0.467340 0.219119 0.315371 0.578470 0.448636 0.272896 0.490430
7.200000 0.057025 0.466786 0.219160 0.314819 0.577205 0.448833 0.272967 0.489364
7.400000 0.057018 0.466322 0.219243 0.314507 0.575622 0.448886 0.272728 0.488406
7.600000 0.056955 0.465917 0.219207 0.314119 0.574251 0.448607 0.272687 0.487261
7.800000 0.056993 0.465404 0.219063 0.313710 0.572724 0.448552 0.272547 0.486075
8.000000 0.056930 0.465187 0.219078 0.313223 0.571415 0.448628 0.272223 0.485206
8.200000 0.056942 0.464681 0.219102 0.312674 0.570010 0.448464 0.272108 0.483995
8.400000 0.057038 0.464220 0.219077 0.312388 0.568626 0.448501 0.272161 0.482825
8.600000 0.056776 0.463616 0.218959 0.311944 0.567085 0.448577 0.271934 0.481616
8.800000 0.056919 0.462995 0.218719 0.311350 0.565782 0.448464 0.271760 0.480742
9.000000 0.056894 0.462836 0.218885 0.311282 0.564424 0.448669 0.271665 0.479603
9.200000 0.056936 0.462054 0.218658 0.310934 0.563284 0.448385 0.271444 0.478634
9.400000 0.056887 0.461624 0.218689 0.310420 0.561770 0.448457 0.271286 0.477470
9.600000 0.056874 0.461272 0.218700 0.310071 0.560335 0.448322 0.271147 0.476674
9.800000 0.056880 0.460702 0.218623 0.309630 0.559232 0.448390 0.271142 0.475648
10.000000 0.056875 0.460308 0.218669 0.309392 0.557626 0.448346 0.270758 0.474274
10.200000 0.056844 0.460029 0.218579 0.308916 0.556612 0.448419 0.270782 0.473630
10.400000 0.056958 0.459406 0.218416 0.308430 0.554999 0.448389 0.270505 0.472506
10.600000 0.056815 0.458854 0.218657 0.308189 0.554024 0.448383 0.270276 0.471560
10.800000 0.056813 0.458504 0.218585 0.307679 0.552484 0.448412 0.270258 0.470502
11.000000 0.056819 0.457975 0.218360 0.307386 0.551228 0.448247 0.270000 0.469592
11.200000 0.056634 0.457740 0.218498 0.306894 0.550033 0.448263 0.269998 0.468459
11.400000 0.056809 0.457032 0.218371 0.306614 0.548580 0.448245 0.269904 0.467582
11.600000 0.056658 0.456525 0.218349 0.306491 0.547481 0.448105 0.269642 0.466518
11.800000 0.056889 0.456353 0.218285 0.305841 0.546148 0.448029 0.269611 0.465686
12.000000 0.056847 0.455535 0.218321 0.305727 0.544989 0.448197 0.269579 0.464776
12.200000 0.056711 0.455452 0.218216 0.305315 0.543827 0.448117 0.269290 0.463827
12.400000 0.056695 0.454943 0.218155 0.304773 0.542471 0.448153 0.269120 0.462889
12.600000 0.056726 0.454591 0.218158 0.304314 0.541334 0.448301 0.268871 0.461865
12.800000 0.056736 0.454235 0.218133 0.303958 0.539947 0.447889 0.268761 0.460835
13.000000 0.056722 0.453778 0.218006 0.303755 0.538836 0.447943 0.268679 0.460199
13.200000 0.056600 0.453417 0.218045 0.303580 0.537751 0.448046 0.268543 0.459327
13.400000 0.056692 0.452924 0.217937 0.303084 0.536742 0.447984 0.268298 0.458511
13.600000 0.056656 0.452840 0.218010 0.302864 0.535550 0.447950 0.268312 0.457499
13.800000 0.056713 0.452129 0.218046 0.302458 0.534554 0.447927 0.268210 0.456759
14.000000 0.056648 0.451911 0.217919 0.302231 0.533450 0.447891 0.268070 0.455836
14.200000 0.056666 0.451686 0.217761 0.301775 0.532254 0.447877 0.267915 0.455154
14.400000 0.056676 0.451244 0.217785 0.301658 0.531319 0.447910 0.267853 0.454264
14.600000 0.056644 0.450767 0.217806 0.301303 0.530283 0.447958 0.267675 0.453478
14.800000 0.056757 0.450689 0.217631 0.300952 0.529304 0.447825 0.267408 0.452668
15.000000 0.056469 0.450096 0.217690 0.300474 0.528175 0.447738 0.267416 0.451867
15.200000 0.056614 0.449919 0.217685 0.300294 0.527280 0.447845 0.267316 0.451086
15.400000 0.056631 0.449473 0.217634 0.300115 0.526264 0.447798 0.267053 0.450365
15.600000 0.056718 0.449071 0.217571 0.299985 0.525067 0.447647 0.266969 0.449525
15.800000 0.056566 0.448911 0.217637 0.299487 0.524004 0.447595 0.266845 0.448883
16.000000 0.056598 0.448131 0.217539 0.299186 0.523093 0.447649 0.266662 0.448133
16.200000 0.056469 0.448144 0.217484 0.298869 0.522297 0.447768 0.266605 0.447231
16.400000 0.056602 0.447748 0.217531 0.298593 0.520943 0.447555 0.266466 0.446366
16.600000 0.056559 0.447491 0.217440 0.298308 0.520130 0.447658 0.266489 0.445629
16.800000 0.056531 0.447050 0.217384 0.297921 0.519023 0.447517 0.266058 0.444860
17.000000 0.056587 0.446800 0.217337 0.297839 0.518184 0.447496 0.266082 0.444052
17.200000 0.056531 0.446425 0.217314 0.297403 0.517143 0.447547 0.265865 0.443294
17.400000 0.056520 0.446163 0.217387 0.296860 0.516129 0.447488 0.265951 0.442663
17.600000 0.056531 0.445796 0.217432 0.296909 0.515283 0.447496 0.265715 0.441968
17.800000 0.056535 0.445313 0.217369 0.296331 0.514215 0.447299 0.265618 0.441202
18.000000 0.056492 0.445194 0.217320 0.296311 0.513385 0.447491 0.265359 0.440584
18.200000 0.056501 0.444890 0.217178 0.296165 0.512404 0.447395 0.265385 0.439766
18.400000 0.056483 0.444624 0.217194 0.295839 0.511359 0.447413 0.265331 0.439012
18.600000 0.056464 0.444046 0.217160 0.295264 0.510481 0.447341 0.265053 0.438138
18.800000 0.056322 0.443883 0.217242 0.295177 0.509796 0.447341 0.264817 0.437623
19.000000 0.056601 0.443612 0.217180 0.295026 0.508642 0.447375 0.264811 0.436921
19.200000 0.056598 0.443136 0.217131 0.294433 0.507419 0.447262 0.264697 0.436062
19.400000 0.056595 0.443069 0.216998 0.294218 0.506488 0.447354 0.264450 0.435350
19.600000 0.056400 0.442525 0.217103 0.294133 0.505586 0.447378 0.264294 0.434819
19.800000 0.056442 0.442260 0.217019 0.293819 0.504938 0.447309 0.264286 0.434092
20.000000 0.056428 0.442053 0.216968 0.293571 0.504118 0.447357 0.264218 0.433415
20.200000 0.056362 0.441663 0.216939 0.293211 0.503049 0.447090 0.264113 0.432737
20.400000 0.056392 0.441339 0.216973 0.293074 0.502241 0.446937 0.263965 0.432053
20.600000 0.056427 0.441088 0.217034 0.292792 0.500959 0.446879 0.263690 0.431186
20.800000 0.056431 0.440827 0.216917 0.292489 0.500559 0.447147 0.263804 0.430699
21.000000 0.056413 0.440598 0.216910 0.292310 0.499712 0.447126 0.263586 0.430071
21.200000 0.056227 0.440273 0.216682 0.292049 0.498668 0.447053 0.263436 0.429270
21.400000 0.056392 0.440048 0.216678 0.291898 0.497789 0.447004 0.263346 0.428786
21.600000 0.056373 0.439870 0.216914 0.291677 0.497016 0.446938 0.263113 0.428156
21.800000 0.056013 0.439310 0.216811 0.291207 0.495990 0.447012 0.262964 0.427420
22.000000 0.056384 0.439000 0.216614 0.290823 0.495420 0.447003 0.262778 0.426767
22.200000 0.056229 0.438663 0.216582 0.290522 0.494301 0.446780 0.262641 0.426171
22.400000 0.056055 0.438531 0.216416 0.290292 0.493172 0.446751 0.262478 0.425412
22.600000 0.056180 0.437794 0.216771 0.289934 0.492448 0.446945 0.262591 0.424727
22.800000 0.056308 0.437883 0.216685 0.289710 0.491588 0.446814 0.262375 0.423944
23.000000 0.056338 0.437604 0.216584 0.289578 0.490816 0.446875 0.262289 0.423311
23.200000 0.056222 0.437324 0.216568 0.289350 0.490058 0.446914 0.262128 0.422970
23.400000 0.056449 0.437030 0.216596 0.289198 0.489143 0.446850 0.262060 0.422242
23.600000 0.056283 0.436910 0.216375 0.288700 0.488354 0.446926 0.261937 0.421558
23.800000 0.056425 0.436581 0.216579 0.288746 0.487570 0.446769 0.261556 0.421011
24.000000 0.056423 0.436208 0.216612 0.288405 0.486710 0.446702 0.261539 0.420348
24.200000 0.056308 0.435973 0.216488 0.288364 0.486220 0.446643 0.261576 0.419892
24.400000 0.056289 0.435729 0.216384 0.287986 0.485268 0.446630 0.261459 0.419196
24.600000 0.056237 0.435502 0.216400 0.287669 0.484364 0.446671 0.261526 0.418485
24.800000 0.056258 0.435467 0.216404 0.287545 0.483718 0.446779 0.261351 0.418140
25.000000 0.056262 0.435007 0.216494 0.287414 0.483026 0.446758 0.261194 0.417330
25.200000 0.056285 0.434789 0.216521 0.286974 0.482119 0.446648 0.260961 0.416892
25.400000 0.056270 0.434288 0.216222 0.286686 0.481070 0.446554 0.260846 0.416037
25.600000 0.056209 0.434136 0.216478 0.286490 0.480241 0.446550 0.260697 0.415206
25.800000 0.056233 0.433838 0.216281 0.286233 0.479529 0.446578 0.260575 0.414790
26.000000 0.056242 0.433623 0.216083 0.286063 0.478734 0.446492 0.260606 0.414205
26.200000 0.056187 0.433418 0.216264 0.285793 0.478355 0.446590 0.260262 0.413617
26.400000 0.056226 0.433149 0.216360 0.285519 0.477148 0.446386 0.260178 0.413163
26.600000 0.056046 0.432795 0.216199 0.285394 0.476566 0.446383 0.260096 0.412645
26.800000 0.056214 0.432509 0.216069 0.285157 0.475815 0.446558 0.260113 0.412043
27.000000 0.056230 0.432388 0.216281 0.284789 0.475180 0.446447 0.259907 0.411591
27.200000 0.056234 0.432250 0.216278 0.284816 0.474461 0.446146 0.259782 0.411045
27.400000 0.056191 0.431927 0.215928 0.284481 0.473738 0.446385 0.259785 0.410502
27.600000 0.056188 0.431577 0.215918 0.284182 0.472962 0.446015 0.259504 0.409857
27.800000 0.056001 0.431510 0.215965 0.284084 0.472290 0.446128 0.259528 0.409266
28.000000 0.056005 0.431271 0.215990 0.283892 0.471499 0.446300 0.259287 0.408909
28.200000 0.056132 0.430897 0.216057 0.283788 0.470715 0.446099 0.259385 0.408388
28.400000 0.056167 0.430623 0.216000 0.283465 0.470251 0.446047 0.259111 0.407976
28.600000 0.056010 0.430543 0.215961 0.283072 0.469516 0.446225 0.259011 0.407314
28.800000 0.056132 0.430161 0.215965 0.283046 0.468769 0.446016 0.258924 0.406825
29.000000 0.056111 0.430136 0.215830 0.282637 0.468440 0.446055 0.258691 0.406470
29.200000 0.056111 0.429968 0.216037 0.282447 0.467618 0.446017 0.258357 0.405760
29.400000 0.056018 0.468602 0.215846 0.282511 0.466793 0.446163 0.258430 0.405399
29.600000 0.056133 0.429452 0.215675 0.282282 0.466274 0.445983 0.258375 0.404698
29.800000 0.056149 0.429266 0.215836 0.281851 0.465772 0.446065 0.258213 0.404213
30.000000 0.056126 0.429064 0.215904 0.281729 0.464914 0.445880 0.258286 0.403841
30.200000 0.055968 0.428896 0.215710 0.281608 0.464316 0.445898 0.257961 0.403203
30.400000 0.056283 0.428627 0.215843 0.281249 0.463664 0.445900 0.258037 0.402764
30.600000 0.056234 0.428444 0.215688 0.281209 0.462930 0.445895 0.258002 0.402224
30.800000 0.056758 0.428292 0.215665 0.281217 0.462390 0.445878 0.257869 0.401796
31.000000 0.057251 0.428096 0.215901 0.280895 0.461842 0.445756 0.257768 0.401327
31.200000 0.058145 0.427703 0.215584 0.280540 0.461224 0.445733 0.257553 0.401123
31.400000 0.059568 0.427643 0.215750 0.280499 0.460825 0.445962 0.257502 0.400875
31.600000 0.061116 0.427346 0.215628 0.280395 0.461068 0.445893 0.257555 0.400748
31.800000 0.062697 0.427423 0.215696 0.280323 0.461521 0.445771 0.257310 0.401258
32.000000 0.064367 0.427452 0.215817 0.280507 0.462659 0.445860 0.257266 0.402178
32.200000 0.066050 0.428003 0.215839 0.280829 0.463890 0.445887 0.257106 0.403274
32.400000 0.067661 0.428558 0.216000 0.281365 0.466425 0.445890 0.257201 0.404680
32.600000 0.069262 0.429530 0.216033 0.281784 0.469074 0.445767 0.257192 0.406904
32.800000 0.070781 0.430865 0.215970 0.282710 0.472582 0.445865 0.257154 0.409371
33.000000 0.072151 0.432801 0.216250 0.284004 0.476605 0.445772 0.257230 0.412132
33.200000 0.073379 0.435264 0.216426 0.285550 0.480847 0.446013 0.257207 0.415474
33.400000 0.074555 0.438537 0.216821 0.287319 0.485725 0.445969 0.257114 0.418960
33.600000 0.075626 0.442255 0.217207 0.289217 0.491095 0.445722 0.257139 0.422927
33.800000 0.076585 0.446612 0.217418 0.291464 0.496619 0.445724 0.257270 0.426971
34.000000 0.077482 0.451626 0.217947 0.294044 0.502551 0.445586 0.257276 0.431258
34.200000 0.078189 0.457065 0.218269 0.296676 0.508735 0.445983 0.257459 0.435983
34.400000 0.078897 0.463137 0.218693 0.299213 0.514914 0.445957 0.257607 0.440786
34.600000 0.079529 0.469607 0.218974 0.301889 0.521735 0.445864 0.257744 0.445908
34.800000 0.080063 0.476720 0.219551 0.304490 0.528782 0.445936 0.257789 0.451072
35.000000 0.080521 0.484157 0.219852 0.306808 0.535591 0.445939 0.257813 0.456506
35.200000 0.080941 0.491781 0.220035 0.309355 0.543020 0.446070 0.257901 0.461839
35.400000 0.081315 0.498842 0.220513 0.311608 0.550053 0.446066 0.258157 0.467323
35.600000 0.081583 0.506712 0.221056 0.313856 0.557054 0.446140 0.258300 0.472683
35.800000 0.081876 0.514411 0.221354 0.315962 0.564232 0.446112 0.258346 0.478335
36.000000 0.082185 0.522794 0.221775 0.318090 0.571702 0.446131 0.258617 0.483884
36.200000 0.082277 0.531495 0.222006 0.320141 0.579156 0.446153 0.258564 0.489705
36.400000 0.082631 0.539919 0.222216 0.322243 0.586787 0.446242 0.258741 0.495705
36.600000 0.082780 0.548915 0.222621 0.323828 0.594344 0.446110 0.258849 0.501614
36.800000 0.082966 0.558280 0.222964 0.326160 0.602295 0.446252 0.259074 0.468784
37.000000 0.083101 0.567626 0.223362 0.328119 0.610458 0.446187 0.259178 0.514215
37.200000 0.083287 0.576861 0.223491 0.330081 0.618318 0.446411 0.259346 0.520447
37.400000 0.083315 0.586662 0.224124 0.332000 0.627120 0.446196 0.259460 0.527195
37.600000 0.083545 0.599113 0.224397 0.334251 0.637237 0.446307 0.259671 0.535079
37.800000 0.083597 0.608949 0.224317 0.336248 0.645757 0.446193 0.259811 0.541448
38.000000 0.083740 0.619015 0.225127 0.337865 0.654305 0.446332 0.260105 0.548468
38.200000 0.083848 0.628907 0.225403 0.339893 0.662922 0.446175 0.260066 0.554996
38.400000 0.083791 0.638589 0.225740 0.341590 0.671097 0.446328 0.260203 0.561502
38.600000 0.083968 0.648519 0.226098 0.343119 0.679630 0.446484 0.260375 0.568205
38.800000 0.084021 0.658004 0.226409 0.344881 0.688053 0.446555 0.260521 0.574860
39.000000 0.084224 0.667626 0.226467 0.346702 0.696605 0.446512 0.260731 0.581576
39.200000 0.084164 0.677149 0.226923 0.348433 0.705165 0.446600 0.260849 0.588271
39.400000 0.084306 0.686515 0.227393 0.350149 0.713806 0.446538 0.261047 0.594994
39.600000 0.084265 0.695853 0.227566 0.351651 0.722089 0.446491 0.261184 0.601615
39.800000 0.084293 0.704954 0.228086 0.353135 0.730474 0.446492 0.261230 0.608348
40.000000 0.084335 0.713686 0.228126 0.354793 0.739016 0.446683 0.261521 0.615003
40.200000 0.084435 0.722776 0.228657 0.356554 0.747707 0.446711 0.261675 0.621698
40.400000 0.084476 0.731518 0.228730 0.357976 0.756085 0.446673 0.261769 0.628567
40.600000 0.084453 0.740027 0.229131 0.359671 0.764498 0.446601 0.261956 0.635282
40.800000 0.084521 0.748257 0.229563 0.361307 0.772811 0.446498 0.262132 0.641946
41.000000 0.084670 0.756202 0.229872 0.362840 0.781112 0.446841 0.262218 0.648617
41.200000 0.084635 0.763998 0.229824 0.364260 0.789435 0.446835 0.262362 0.655072
41.400000 0.084407 0.771565 0.230402 0.365859 0.797460 0.446861 0.262551 0.661726
41.600000 0.084574 0.778669 0.230669 0.367349 0.805252 0.446905 0.262708 0.668243
41.800000 0.084590 0.786228 0.230941 0.368761 0.813587 0.446785 0.262857 0.674744
42.000000 0.084568 0.793046 0.231122 0.370521 0.821800 0.447080 0.262994 0.681578
42.200000 0.084724 0.799849 0.231533 0.371891 0.829452 0.446831 0.263296 0.687853
42.400000 0.084717 0.806218 0.231851 0.373375 0.836977 0.447048 0.263354 0.693972
42.600000 0.084766 0.812229 0.232116 0.374831 0.844276 0.446860 0.263402 0.700337
42.800000 0.084653 0.818440 0.232346 0.376253 0.851651 0.447033 0.263666 0.706242
43.000000 0.084749 0.823816 0.232692 0.377628 0.858880 0.446949 0.263908 0.712237
43.200000 0.084726 0.829571 0.232906 0.379164 0.865837 0.447100 0.263948 0.718117
43.400000 0.084823 0.834726 0.233049 0.380353 0.872830 0.446968 0.264102 0.724024
43.600000 0.084714 0.839499 0.233433 0.381696 0.879726 0.447161 0.264197 0.729830
43.800000 0.084823 0.844908 0.233712 0.383052 0.886849 0.447208 0.264443 0.736197
44.000000 0.084701 0.850743 0.234063 0.384722 0.895288 0.447224 0.264615 0.742985
44.200000 0.084829 0.855480 0.234246 0.386258 0.901855 0.447086 0.264598 0.748471
44.400000 0.084842 0.860233 0.234448 0.387660 0.908412 0.447123 0.264756 0.754339
44.600000 0.084879 0.864166 0.234766 0.388721 0.914682 0.447345 0.265183 0.759446
44.800000 0.084864 0.867807 0.234982 0.390086 0.920547 0.447023 0.265203 0.764638
45.000000 0.084939 0.871712 0.235264 0.391272 0.926258 0.447536 0.265420 0.769805
45.200000 0.084879 0.875483 0.235440 0.392740 0.932132 0.447375 0.265533 0.774612
45.400000 0.084938 0.878885 0.235723 0.393915 0.937578 0.447266 0.265796 0.779524
45.600000 0.084957 0.881982 0.235780 0.394917 0.943096 0.447417 0.265812 0.784230
45.800000 0.084846 0.885418 0.236113 0.396292 0.948226 0.447313 0.266002 0.788962
46.000000 0.085000 0.888335 0.236353 0.397571 0.953567 0.447487 0.266134 0.793512
46.200000 0.084955 0.891435 0.236483 0.398691 0.958845 0.447429 0.266265 0.798346
46.400000 0.084950 0.894235 0.236745 0.400075 0.963919 0.447659 0.266517 0.802738
46.600000 0.084947 0.896963 0.236955 0.401028 0.968658 0.447481 0.266667 0.807016
46.800000 0.084925 0.899760 0.237238 0.402287 0.973508 0.447578 0.266718 0.811109
47.000000 0.084866 0.902096 0.237526 0.403517 0.978163 0.447612 0.267004 0.815287
47.200000 0.084925 0.904638 0.237687 0.404648 0.982668 0.447580 0.267053 0.819342
47.400000 0.085139 0.906950 0.237677 0.405830 0.987124 0.447567 0.267260 0.823421
47.600000 0.085030 0.909249 0.237985 0.406928 0.991441 0.447652 0.267385 0.827385
47.800000 0.085014 0.911377 0.238046 0.407916 0.995930 0.447694 0.267552 0.831172
48.000000 0.084825 0.913131 0.238104 0.409015 0.999775 0.447542 0.267677 0.834684
48.200000 0.085040 0.915354 0.238481 0.410261 1.003921 0.447760 0.267876 0.838462
48.400000 0.084853 0.917209 0.238720 0.411350 1.007968 0.447811 0.267977 0.842079
48.600000 0.084979 0.919165 0.238910 0.412409 1.011598 0.447842 0.268242 0.845497
48.800000 0.085032 0.920794 0.238997 0.413424 1.015390 0.447812 0.268285 0.848893
49.000000 0.085072 0.922532 0.239218 0.414540 1.019248 0.447732 0.268427 0.852494
49.200000 0.085050 0.924000 0.239334 0.415621 1.022321 0.447736 0.268657 0.855299
49.400000 0.085138 0.925585 0.239562 0.416422 1.025839 0.447792 0.268575 0.858369
49.600000 0.085077 0.926995 0.239649 0.417507 1.029170 0.447877 0.268980 0.861498
49.800000 0.085076 0.928614 0.240011 0.418612 1.032485 0.447959 0.268914 0.864775
50.000000 0.085014 0.929891 0.240138 0.419471 1.035843 0.447931 0.269092 0.867615
50.200000 0.085095 0.931358 0.240021 0.420647 1.039105 0.447906 0.269298 0.870699
50.400000 0.085101 0.933341 0.240397 0.422193 1.043720 0.448066 0.269490 0.874711
50.600000 0.085066 0.934432 0.240300 0.422847 1.046661 0.448135 0.269675 0.877463
50.800000 0.085089 0.935955 0.240706 0.424146 1.049834 0.447784 0.269719 0.880530
51.000000 0.085100 0.937155 0.240933 0.425205 1.052558 0.448046 0.270011 0.883046
51.200000 0.085129 0.938195 0.240987 0.426057 1.055437 0.447778 0.269941 0.885852
51.400000 0.085006 0.939148 0.241159 0.427233 1.058489 0.448146 0.270290 0.888230
51.600000 0.085129 0.940497 0.241284 0.428056 1.061209 0.448207 0.270459 0.891014
51.800000 0.085083 0.941252 0.241379 0.429015 1.063906 0.448093 0.270637 0.893660
52.000000 0.085056 0.942162 0.241475 0.429861 1.066396 0.448182 0.270842 0.895754
52.200000 0.085000 0.943162 0.241833 0.430864 1.068951 0.448123 0.270923 0.898154
52.400000 0.085116 0.944113 0.241794 0.431784 1.071372 0.448017 0.270879 0.900412
52.600000 0.085125 0.944798 0.241995 0.432701 1.073756 0.448282 0.271002 0.902645
52.800000 0.085128 0.945818 0.242102 0.433509 1.076213 0.448179 0.271440 0.904810
53.000000 0.085157 0.946738 0.242387 0.434489 1.078364 0.448322 0.271317 0.907024
53.200000 0.085111 0.947368 0.242437 0.435392 1.080494 0.448308 0.271469 0.908727
53.400000 0.085117 0.948068 0.242386 0.436333 1.082839 0.448403 0.271750 0.911189
53.600000 0.085119 0.949147 0.242754 0.437226 1.085183 0.448479 0.271892 0.913192
53.800000 0.084990 0.949661 0.242618 0.438051 1.087101 0.448414 0.272180 0.915049
54.000000 0.085131 0.950186 0.242791 0.438882 1.089216 0.448568 0.272114 0.916925
54.200000 0.085133 0.951017 0.242940 0.439892 1.091262 0.448554 0.272297 0.918787
54.400000 0.084996 0.951417 0.243065 0.440620 1.093269 0.448342 0.272398 0.920502
54.600000 0.085182 0.952185 0.243066 0.441476 1.094997 0.448387 0.272568 0.922285
54.800000 0.085136 0.952813 0.243480 0.442498 1.097081 0.448559 0.272723 0.924110
55.000000 0.085155 0.953306 0.243452 0.443158 1.099010 0.448703 0.272871 0.925931
55.200000 0.085133 0.953887 0.243523 0.443959 1.100468 0.448540 0.272936 0.927687
55.400000 0.085132 0.954569 0.243549 0.444810 1.102241 0.448595 0.273111 0.929309
55.600000 0.085111 0.954868 0.243713 0.445474 1.104214 0.448482 0.273256 0.930759
55.800000 0.085140 0.955582 0.243902 0.446252 1.105903 0.448524 0.312464 0.932310
56.000000 0.085073 0.956221 0.244062 0.447111 1.107555 0.448458 0.273546 0.934023
56.200000 0.085081 0.956292 0.244098 0.447871 1.109132 0.448563 0.273450 0.935301
56.400000 0.085200 0.956963 0.244182 0.448898 1.110954 0.448732 0.273857 0.937230
56.600000 0.085283 0.957639 0.244295 0.449874 1.113258 0.448644 0.274031 0.938879
56.800000 0.085082 0.957811 0.244346 0.450676 1.114381 0.448754 0.274103 0.940301
57.000000 0.085173 0.958601 0.244594 0.451525 1.116144 0.448673 0.274295 0.942069
57.200000 0.085166 0.958882 0.244584 0.452398 1.117587 0.448808 0.274361 0.943152
57.400000 0.085248 0.959264 0.244839 0.453137 1.118932 0.448879 0.274628 0.944621
57.600000 0.085197 0.959677 0.244868 0.453891 1.120613 0.448831 0.274752 0.945938
57.800000 0.085181 0.960236 0.245010 0.454591 1.121975 0.448833 0.274688 0.947113
58.000000 0.085174 0.960639 0.244956 0.455299 1.123470 0.448848 0.274884 0.948395
58.200000 0.085159 0.960838 0.244998 0.455985 1.124331 0.448864 0.274964 0.949572
58.400000 0.085293 0.960771 0.245115 0.456846 1.125730 0.448833 0.275200 0.950740
58.600000 0.085260 0.961520 0.245304 0.457565 1.127225 0.448953 0.275387 0.951948
58.800000 0.085166 0.961770 0.245318 0.458166 1.128323 0.448929 0.275466 0.953198
59.000000 0.085177 0.962066 0.245408 0.458906 1.129516 0.448949 0.275450 0.954179
59.200000 0.085185 0.962545 0.245532 0.459654 1.130896 0.448982 0.275585 0.955501
59.400000 0.084999 0.962528 0.245522 0.460267 1.131914 0.448796 0.275931 0.956451
59.600000 0.085028 0.962981 0.245629 0.461081 1.133103 0.449002 0.276004 0.957507
59.800000 0.084856 0.962986 0.245650 0.461305 1.134251 0.448967 0.276172 0.958271
60.000000 0.085162 0.963413 0.245676 0.462293 1.135234 0.448978 0.276231 0.959580
60.200000 0.085022 0.963670 0.245748 0.463139 1.136327 0.449148 0.276396 0.960597
60.400000 0.085153 0.964148 0.246021 0.463805 1.137511 0.449120 0.276536 0.961681
60.600000 0.085096 0.964204 0.246066 0.464595 1.138761 0.449210 0.276755 0.962710
60.800000 0.085284 0.964251 0.246238 0.465233 1.139609 0.449358 0.276771 0.963373
61.000000 0.085120 0.964368 0.246056 0.465658 1.140534 0.449132 0.276929 0.964504
61.200000 0.085140 0.964705 0.246139 0.466431 1.141696 0.449197 0.277049 0.965300
61.400000 0.085018 0.964969 0.246515 0.467194 1.142619 0.449150 0.277177 0.966139
61.600000 0.085191 0.965049 0.246266 0.467588 1.143611 0.449091 0.277271 0.967009
61.800000 0.085004 0.965446 0.246453 0.468556 1.144843 0.449265 0.277435 0.968117
62.000000 0.085155 0.965574 0.246561 0.468962 1.145440 0.449350 0.277513 0.968814
62.200000 0.085144 0.965862 0.246677 0.469750 1.146504 0.449317 0.277862 0.969497
62.400000 0.085174 0.966072 0.246667 0.470311 1.147259 0.448967 0.277849 0.970335
62.600000 0.085206 0.966240 0.246795 0.471190 1.148660 0.449233 0.277950 0.971412
62.800000 0.085210 0.966494 0.246804 0.472015 1.149345 0.449486 0.278038 0.972420
63.000000 0.085214 0.966576 0.246906 0.472539 1.150308 0.449364 0.278229 0.973186
63.200000 0.085202 0.966734 0.246968 0.473174 1.151164 0.449415 0.278384 0.974000
63.400000 0.084993 0.966734 0.246998 0.473708 1.151768 0.449486 0.278481 0.974530
63.600000 0.085199 0.966961 0.246915 0.474410 1.152458 0.449301 0.278496 0.975244
63.800000 0.085155 0.967162 0.247119 0.474771 1.153343 0.449302 0.278658 0.976056
64.000000 0.085155 0.967316 0.247180 0.475554 1.154235 0.449177 0.278859 0.976611
64.200000 0.085216 0.967327 0.247216 0.476167 1.155034 0.449395 0.279015 0.977443
64.400000 0.085142 0.967622 0.247462 0.476773 1.155808 0.449622 0.279057 0.978064
64.600000 0.085242 0.967515 0.247446 0.477290 1.156165 0.449436 0.279216 0.978462
64.800000 0.085002 0.967584 0.247367 0.477878 1.157149 0.449523 0.279334 0.979282
65.000000 0.085183 0.967862 0.247443 0.478569 1.157699 0.449444 0.279405 0.979671
65.200000 0.085216 0.968017 0.247603 0.479124 1.158552 0.449629 0.279441 0.980428
65.400000 0.085207 0.968107 0.247768 0.479637 1.159281 0.449596 0.279726 0.981108
65.600000 0.085180 0.968273 0.247400 0.480051 1.159933 0.449334 0.279985 0.981661
65.800000 0.085186 0.968236 0.247571 0.480921 1.160557 0.449560 0.279938 0.982188
66.000000 0.085160 0.968295 0.247660 0.481129 1.160951 0.449597 0.280072 0.982727
66.200000 0.085197 0.968403 0.247787 0.481789 1.161706 0.449612 0.280039 0.983126
66.400000 0.085157 0.968391 0.247903 0.482463 1.162512 0.449542 0.280326 0.983985
66.600000 0.085127 0.968752 0.247884 0.482770 1.162580 0.449624 0.280225 0.984244
66.800000 0.084960 0.968354 0.247830 0.483464 1.163541 0.449827 0.280451 0.984845
67.000000 0.085063 0.968852 0.247836 0.483778 1.164041 0.449772 0.280661 0.985445
67.200000 0.085294 0.968932 0.248103 0.484603 1.164566 0.449747 0.280800 0.986118
67.400000 0.085219 0.968781 0.247989 0.485039 1.165272 0.449784 0.280907 0.986330
67.600000 0.085174 0.968850 0.248153 0.485425 1.165857 0.449739 0.280993 0.986800
67.800000 0.085151 0.969189 0.248283 0.486196 1.166430 0.449770 0.281137 0.987485
68.000000 0.084967 0.968940 0.248252 0.486664 1.166864 0.449827 0.281237 0.987872
68.200000 0.085184 0.969197 0.248129 0.487111 1.167381 0.449776 0.281222 0.988436
68.400000 0.085294 0.969139 0.248394 0.487529 1.167931 0.449817 0.281394 0.988649
68.600000 0.085242 0.969123 0.248390 0.488184 1.168213 0.449902 0.281456 0.989347
68.800000 0.085016 0.969451 0.248491 0.488763 1.169090 0.449948 0.281720 0.989807
69.000000 0.085005 0.969257 0.248488 0.489398 1.169518 0.449881 0.281631 0.990095
69.200000 0.085143 0.969477 0.248444 0.489638 1.169809 0.449554 0.281744 0.990033
69.400000 0.085181 0.969561 0.248702 0.490365 1.170458 0.449913 0.282010 0.990830
69.600000 0.085037 0.969703 0.248755 0.490820 1.171222 0.449914 0.282230 0.991348
69.800000 0.085167 0.969789 0.248698 0.491428 1.171429 0.450096 0.282297 0.991785
70.000000 0.085157 0.969793 0.248830 0.491859 1.132930 0.449878 0.282561 0.992171
70.200000 0.084999 0.969615 0.248830 0.492129 1.172299 0.450031 0.282505 0.992150
70.400000 0.085189 0.969845 0.248832 0.492727 1.172522 0.450026 0.282691 0.992717
70.600000 0.085181 0.969793 0.248718 0.493209 1.172922 0.450050 0.282661 0.993076
70.800000 0.085021 0.969879 0.249004 0.493629 1.173309 0.449857 0.282792 0.993495
71.000000 0.085251 0.969929 0.248958 0.494205 1.173876 0.450131 0.282889 0.993791
71.200000 0.085188 0.969952 0.248655 0.494542 1.174216 0.450118 0.283050 0.994164
71.400000 0.085221 0.969938 0.248986 0.495268 1.174745 0.450056 0.283106 0.994500
71.600000 0.085195 0.970118 0.249049 0.495748 1.175305 0.450049 0.283350 0.994847
71.800000 0.085164 0.969883 0.249137 0.495870 1.175470 0.450136 0.283382 0.995042
72.000000 0.085250 0.970034 0.249144 0.496557 1.176027 0.450180 0.283466 0.995610
72.200000 0.085216 0.970129 0.249162 0.497006 1.176093 0.450009 0.283514 0.995514
72.400000 0.085211 0.970250 0.249225 0.497585 1.176654 0.450168 0.283605 0.996086
72.600000 0.085212 0.970286 0.249310 0.497962 1.176831 0.450173 0.283800 0.996339
72.800000 0.085211 0.970101 0.249295 0.498407 1.177353 0.450192 0.284077 0.996774
73.000000 0.085210 0.970051 0.249320 0.499040 1.177435 0.450316 0.284000 0.996888
73.200000 0.085269 0.970311 0.249362 0.499325 1.178084 0.450145 0.284049 0.997302
73.400000 0.085243 0.970398 0.249456 0.499640 1.178435 0.450413 0.284188 0.997472
73.600000 0.085261 0.970501 0.249427 0.500178 1.178614 0.450251 0.284153 0.997878
73.800000 0.085202 0.970437 0.249464 0.500549 1.178792 0.450175 0.284291 0.998060
74.000000 0.085170 0.970602 0.249354 0.500984 1.179299 0.450290 0.284598 0.998247
74.200000 0.085207 0.970469 0.249538 0.501484 1.179624 0.450185 0.284303 0.998662
74.400000 0.084996 0.970640 0.249491 0.501977 1.179987 0.450305 0.284581 0.998767
74.600000 0.085230 0.970813 0.249708 0.502442 1.180380 0.450574 0.284938 0.998999
74.800000 0.085160 0.971013 0.249699 0.503015 1.180850 0.450457 0.285080 0.999478
75.000000 0.085194 0.971044 0.249634 0.503244 1.181179 0.450450 0.285141 0.999467
75.200000 0.085170 0.970848 0.249661 0.503713 1.181281 0.450588 0.285229 0.999819
75.400000 0.085159 0.970973 0.249927 0.504151 1.181616 0.450589 0.285372 1.000208
75.600000 0.085182 0.971035 0.249929 0.504561 1.181943 0.450459 0.285444 1.000489
75.800000 0.085166 0.970866 0.249866 0.504946 1.181951 0.450534 0.285558 1.000568
76.000000 0.085178 0.971152 0.249796 0.505543 1.182493 0.450730 0.285590 1.000720
76.200000 0.085288 0.971052 0.249836 0.505971 1.182493 0.450492 0.285534 1.000896
76.400000 0.085116 0.971068 0.249921 0.506334 1.182974 0.450459 0.285710 1.001139
76.600000 0.085130 0.970933 0.249919 0.506615 1.183045 0.450663 0.285810 1.001319
76.800000 0.084991 0.971224 0.249790 0.506949 1.183313 0.450730 0.286059 1.001524
77.000000 0.084997 0.971107 0.250090 0.507463 1.183506 0.450715 0.286163 1.001608
77.200000 0.085004 0.971150 0.250111 0.507834 1.183512 0.450721 0.286245 1.001989
77.400000 0.085124 0.971039 0.249944 0.508125 1.183818 0.450732 0.286304 1.002045
77.600000 0.085067 0.971011 0.250142 0.508696 1.184128 0.450720 0.286260 1.002316
77.800000 0.085109 0.971216 0.250208 0.509021 1.184302 0.450668 0.286420 1.002492
78.000000 0.084846 0.970987 0.250135 0.509318 1.184539 0.450882 0.286607 1.002439
78.200000 0.085007 0.971320 0.250306 0.509856 1.184933 0.450691 0.286697 1.002807
78.400000 0.085264 0.970963 0.250230 0.510252 1.184767 0.450757 0.286850 1.002866
78.600000 0.085173 0.971149 0.250210 0.510510 1.185218 0.450727 0.286930 1.003188
78.800000 0.085003 0.970958 0.250300 0.510908 1.185309 0.450845 0.286965 1.003316
79.000000 0.085234 0.970951 0.250306 0.511227 1.185529 0.450786 0.287108 1.003395
79.200000 0.085002 0.971024 0.250338 0.511674 1.185751 0.450813 0.287224 1.003475
79.400000 0.085185 0.971341 0.250477 0.511941 1.185931 0.450764 0.287400 1.003728
79.600000 0.085177 0.971146 0.250387 0.512250 1.185930 0.450735 0.287194 1.003608
79.800000 0.085197 0.971079 0.250299 0.512829 1.186105 0.450882 0.287364 1.003903
80.000000 0.085196 0.971238 0.250471 0.513119 1.186358 0.450785 0.287660 1.004077
80.200000 0.085174 0.971325 0.250536 0.513439 1.186721 0.450934 0.287715 1.004089
80.400000 0.085186 0.971214 0.250523 0.513846 1.186562 0.450768 0.287660 1.004423
80.600000 0.085225 0.971334 0.250437 0.514018 1.187068 0.450949 0.287924 1.004363
80.800000 0.085168 0.971279 0.250433 0.514395 1.187148 0.450937 0.287993 1.004601
81.000000 0.085206 0.971458 0.250660 0.514684 1.187076 0.450777 0.287906 1.004668
81.200000 0.085156 0.971245 0.250680 0.515069 1.187300 0.451126 0.288102 1.004859
81.400000 0.085194 0.971182 0.250693 0.515543 1.187313 0.451028 0.288090 1.004943
81.600000 0.085256 0.971495 0.250633 0.515898 1.187793 0.450997 0.288387 1.005346
81.800000 0.085216 0.971521 0.250551 0.516145 1.187758 0.451053 0.288451 1.005170
82.000000 0.085247 0.971521 0.250729 0.516510 1.188195 0.451123 0.288681 1.005459
82.200000 0.085182 0.971396 0.250706 0.516702 1.188159 0.450919 0.288667 1.005581
82.400000 0.085217 0.971459 0.250732 0.517269 1.188352 0.451165 0.288737 1.005684
82.600000 0.085230 0.971251 0.250809 0.517306 1.188222 0.451093 0.288628 1.005629
82.800000 0.085275 0.971508 0.250806 0.517594 1.188474 0.451046 0.288720 1.005636
83.000000 0.085250 0.971500 0.250750 0.518159 1.188752 0.451293 0.288973 1.005688
83.200000 0.085220 0.971586 0.250742 0.518217 1.188688 0.451110 0.289075 1.005888
83.400000 0.085158 0.971623 0.250712 0.518853 1.189090 0.451219 0.289124 1.006105
83.600000 0.085170 0.971427 0.250956 0.518975 1.189266 0.451126 0.289168 1.006177
83.800000 0.085209 0.971447 0.251138 0.519350 1.189037 0.451289 0.289275 1.006243
84.000000 0.085216 0.971562 0.250998 0.519437 1.189261 0.451334 0.289448 1.006372
84.200000 0.085245 0.971654 0.251002 0.519897 1.189132 0.450824 0.289332 1.006438
84.400000 0.085242 0.971754 0.251060 0.520305 1.189396 0.451240 0.289511 1.006709
84.600000 0.085284 0.971693 0.251089 0.520522 1.189693 0.451240 0.289592 1.006839
84.800000 0.085145 0.971532 0.250946 0.520873 1.189508 0.451214 0.289692 1.006920
85.000000 0.085293 0.971729 0.251083 0.521014 1.189832 0.451198 0.289686 1.007024
85.200000 0.085292 0.971780 0.251056 0.521422 1.189852 0.451318 0.289831 1.007031
85.400000 0.085158 0.971866 0.251025 0.521515 1.189976 0.451320 0.289800 1.007284
85.600000 0.085265 0.971556 0.251051 0.521739 1.190022 0.451289 0.290006 1.007017
85.800000 0.085265 0.971664 0.251185 0.522306 1.190295 0.451226 0.290099 1.007331
86.000000 0.085319 0.971884 0.251310 0.522564 1.190230 0.451334 0.290163 1.007251
86.200000 0.085369 0.971723 0.251292 0.522791 1.190391 0.451360 0.290169 1.007531
86.400000 0.085293 0.971955 0.251390 0.523147 1.190113 0.451242 0.290113 1.007418
86.600000 0.085249 0.972002 0.251348 0.523355 1.190558 0.451499 0.290527 1.007659
86.800000 0.085151 0.971859 0.251268 0.523700 1.190561 0.451623 0.290490 1.007587
87.000000 0.085282 0.972103 0.251316 0.524108 1.190666 0.451549 0.290650 1.007809
87.200000 0.085243 0.971972 0.251310 0.524146 1.190570 0.451360 0.290598 1.007819
87.400000 0.085263 0.971926 0.251335 0.524507 1.190791 0.451474 0.290656 1.007640
87.600000 0.085257 0.971891 0.251213 0.524684 1.190922 0.451259 0.290774 1.007961
87.800000 0.085207 0.971921 0.251391 0.525137 1.190543 0.451419 0.290870 1.008265
88.000000 0.085206 0.972096 0.251393 0.525388 1.190967 0.451305 0.290976 1.008138
88.200000 0.085217 0.971979 0.251363 0.525713 1.191172 0.451624 0.291119 1.008271
88.400000 0.085264 0.972092 0.251438 0.525864 1.191306 0.451531 0.291121 1.008175
88.600000 0.085210 0.971931 0.251527 0.526265 1.191141 0.451551 0.291290 1.008262
88.800000 0.085248 0.971738 0.251484 0.526542 1.191296 0.451524 0.291151 1.008416
89.000000 0.085295 0.971972 0.251533 0.526814 1.191116 0.451596 0.291340 1.008410
89.200000 0.085276 0.971996 0.251578 0.527011 1.191426 0.451636 0.291218 1.008536
89.400000 0.085422 0.972056 0.251755 0.527319 1.191505 0.451769 0.291460 1.008496
89.600000 0.085235 0.972097 0.251767 0.527452 1.191512 0.451628 0.291746 1.008753
89.800000 0.085229 0.971877 0.251617 0.527670 1.191435 0.451540 0.291486 1.008903
90.000000 0.085174 0.971536 0.251625 0.528103 1.191386 0.451760 0.291864 1.008515
