0.200000 0.181481 0.353055 0.101867 0.111977 0.364620 0.527946 0.150365 0.284295
0.400000 0.180997 0.351858 0.101496 0.111735 0.362153 0.527269 0.149756 0.282538
0.600000 0.181004 0.351508 0.101631 0.111655 0.360779 0.527151 0.149397 0.281554
0.800000 0.181006 0.350906 0.101767 0.111571 0.359215 0.526807 0.149351 0.280576
1.000000 0.180827 0.350477 0.101565 0.111634 0.357856 0.526598 0.148832 0.279571
1.200000 0.180956 0.350051 0.101409 0.111265 0.356450 0.526337 0.148485 0.278638
1.400000 0.180686 0.349539 0.101338 0.111322 0.355135 0.526060 0.148161 0.277617
1.600000 0.180706 0.348837 0.101468 0.111223 0.353844 0.525845 0.147756 0.276611
1.800000 0.180772 0.348416 0.101401 0.111160 0.352598 0.525627 0.147464 0.275697
2.000000 0.180727 0.348114 0.101417 0.111023 0.351170 0.525277 0.147107 0.274740
2.200000 0.180616 0.347500 0.101226 0.110986 0.349742 0.525122 0.146799 0.273803
2.400000 0.180625 0.346999 0.101335 0.110991 0.348479 0.524827 0.146584 0.272697
2.600000 0.180565 0.346531 0.101252 0.110930 0.347040 0.524445 0.146148 0.271879
2.800000 0.180537 0.346198 0.101429 0.110742 0.345806 0.524346 0.145807 0.270935
3.000000 0.180474 0.345618 0.101292 0.110710 0.344538 0.523899 0.145529 0.270058
3.200000 0.180373 0.345290 0.101243 0.110539 0.343273 0.523775 0.145132 0.269103
3.400000 0.180389 0.344706 0.101065 0.110723 0.342028 0.523655 0.144846 0.268387
3.600000 0.180323 0.344291 0.101031 0.110539 0.340806 0.523239 0.144573 0.267389
3.800000 0.180243 0.344010 0.101171 0.110556 0.339375 0.523145 0.144082 0.266708
4.000000 0.180244 0.343529 0.101150 0.110344 0.338249 0.522778 0.143856 0.265657
4.200000 0.180174 0.343032 0.100839 0.110355 0.337057 0.522525 0.143614 0.264608
4.400000 0.180127 0.342392 0.100905 0.110250 0.335767 0.522301 0.143380 0.263890
4.600000 0.180064 0.342095 0.100914 0.110216 0.334774 0.522007 0.143009 0.263085
4.800000 0.180002 0.341712 0.100985 0.110181 0.333428 0.521779 0.142635 0.262151
5.000000 0.179992 0.341249 0.100964 0.110125 0.332329 0.521506 0.142332 0.261378
5.200000 0.179955 0.340712 0.101002 0.109969 0.331038 0.521209 0.142086 0.260479
5.400000 0.179787 0.340217 0.100796 0.109901 0.329891 0.521035 0.141879 0.259799
5.600000 0.179836 0.339854 0.100720 0.109926 0.328756 0.520716 0.141482 0.258937
5.800000 0.179794 0.339567 0.100716 0.109783 0.327681 0.520396 0.141159 0.258068
6.000000 0.179609 0.339285 0.100761 0.109584 0.326462 0.520262 0.140861 0.257046
6.200000 0.179712 0.338846 0.100794 0.109578 0.325463 0.519915 0.140649 0.256640
6.400000 0.179653 0.338357 0.100790 0.109823 0.324116 0.519714 0.140369 0.255670
6.600000 0.179661 0.337732 0.100669 0.109508 0.322723 0.519325 0.139803 0.254567
6.800000 0.179605 0.337498 0.100562 0.109296 0.321392 0.518965 0.139746 0.253701
7.000000 0.179572 0.337043 0.100803 0.109442 0.320491 0.518853 0.139340 0.253068
7.200000 0.179465 0.336528 0.100619 0.109295 0.319326 0.518562 0.139217 0.252498
7.400000 0.179502 0.336254 0.100556 0.109324 0.318380 0.518283 0.138623 0.251579
7.600000 0.179441 0.335781 0.100516 0.109321 0.317175 0.517909 0.138489 0.250702
7.800000 0.179256 0.335518 0.100612 0.109205 0.316275 0.517723 0.138323 0.250106
8.000000 0.179369 0.335046 0.100629 0.109240 0.315376 0.517539 0.138029 0.249495
8.200000 0.179359 0.334571 0.100450 0.109128 0.314211 0.517230 0.137758 0.248736
8.400000 0.179319 0.334326 0.100475 0.108817 0.313242 0.517004 0.137506 0.248042
8.600000 0.179172 0.333995 0.100334 0.109082 0.312168 0.516787 0.137199 0.247202
8.800000 0.179245 0.333666 0.100676 0.108958 0.311418 0.516409 0.137038 0.246637
9.000000 0.179192 0.333148 0.100504 0.108887 0.310306 0.516278 0.136766 0.245997
9.200000 0.179163 0.332794 0.100291 0.108980 0.309376 0.516025 0.136530 0.245336
9.400000 0.179136 0.332517 0.100288 0.108857 0.308295 0.515668 0.136213 0.244637
9.600000 0.179096 0.332210 0.100322 0.108758 0.307376 0.515292 0.136026 0.243987
9.800000 0.179096 0.332001 0.100377 0.108876 0.306586 0.515213 0.135658 0.243462
10.000000 0.179039 0.331661 0.100325 0.108644 0.305535 0.514872 0.135546 0.242573
10.200000 0.178855 0.331240 0.100254 0.108747 0.304716 0.514541 0.135279 0.242021
10.400000 0.178949 0.330669 0.100327 0.108622 0.303617 0.514385 0.135098 0.241499
10.600000 0.178934 0.330451 0.100282 0.108578 0.302926 0.514084 0.134835 0.240787
10.800000 0.178884 0.330124 0.100110 0.108449 0.301941 0.513889 0.134624 0.240153
11.000000 0.178834 0.329869 0.100502 0.108414 0.301070 0.513597 0.134392 0.239531
11.200000 0.178921 0.329467 0.100237 0.108306 0.300079 0.513175 0.134127 0.238895
11.400000 0.178759 0.329165 0.100191 0.108469 0.299445 0.513059 0.133942 0.238301
11.600000 0.178739 0.328710 0.100163 0.108128 0.298563 0.512799 0.133683 0.237775
11.800000 0.178536 0.328502 0.100154 0.108202 0.297533 0.512651 0.133488 0.237074
12.000000 0.178772 0.328230 0.099993 0.108289 0.296923 0.512288 0.133470 0.236475
12.200000 0.178670 0.327873 0.100143 0.108039 0.295758 0.511964 0.133193 0.236042
12.400000 0.178606 0.327572 0.100212 0.108089 0.294874 0.511649 0.133007 0.235380
12.600000 0.178602 0.327007 0.099966 0.108037 0.294014 0.511458 0.132712 0.234826
12.800000 0.178567 0.326884 0.100048 0.108075 0.293329 0.511270 0.132305 0.233944
13.000000 0.178382 0.326795 0.100003 0.107883 0.292537 0.511044 0.132269 0.233471
13.200000 0.178477 0.326511 0.100231 0.107953 0.291762 0.510769 0.132127 0.233110
13.400000 0.178484 0.326102 0.099924 0.107868 0.291003 0.510463 0.131822 0.232418
13.600000 0.178419 0.325871 0.099959 0.107736 0.290229 0.510337 0.131779 0.232079
13.800000 0.178325 0.325261 0.099802 0.107763 0.289544 0.510092 0.131500 0.231553
14.000000 0.178369 0.325174 0.100047 0.107780 0.289174 0.509797 0.131308 0.231028
14.200000 0.178340 0.324986 0.099998 0.107771 0.288227 0.509566 0.131183 0.230410
14.400000 0.178362 0.324654 0.099928 0.107685 0.287373 0.509454 0.130936 0.230100
14.600000 0.178269 0.324284 0.099835 0.107576 0.286801 0.508909 0.130639 0.229597
14.800000 0.178268 0.324187 0.099674 0.107598 0.286213 0.508840 0.130622 0.229061
15.000000 0.178207 0.323932 0.099825 0.107581 0.285394 0.508543 0.130375 0.228661
15.200000 0.178181 0.323598 0.099882 0.107588 0.284657 0.508543 0.130267 0.228235
15.400000 0.177902 0.323303 0.099871 0.107514 0.284059 0.508131 0.130052 0.227660
15.600000 0.178127 0.323140 0.099694 0.107510 0.283451 0.546855 0.129921 0.227184
15.800000 0.178216 0.322731 0.099878 0.107566 0.282638 0.507761 0.129829 0.226624
16.000000 0.178083 0.322699 0.099851 0.107411 0.282121 0.507310 0.129648 0.226162
16.200000 0.178212 0.322162 0.099839 0.107532 0.281441 0.507081 0.129439 0.225766
16.400000 0.178024 0.322052 0.099854 0.107297 0.280685 0.506675 0.129339 0.225236
16.600000 0.177702 0.321786 0.099586 0.107319 0.280045 0.506690 0.129119 0.224863
16.800000 0.177798 0.321549 0.100248 0.107285 0.279287 0.506464 0.128940 0.224375
17.000000 0.177808 0.321215 0.099733 0.107151 0.278702 0.506144 0.128923 0.223991
17.200000 0.178062 0.320940 0.099741 0.107212 0.278043 0.505721 0.128589 0.223458
17.400000 0.177896 0.320883 0.099751 0.107188 0.277590 0.505688 0.128334 0.222967
17.600000 0.177836 0.320533 0.099713 0.107116 0.276694 0.505509 0.128163 0.222659
17.800000 0.177813 0.320246 0.099522 0.107078 0.276284 0.505220 0.128124 0.222220
18.000000 0.177810 0.320112 0.099692 0.106937 0.275463 0.504916 0.127878 0.221775
18.200000 0.177728 0.319715 0.099671 0.106660 0.274702 0.504705 0.127925 0.221553
18.400000 0.177550 0.319565 0.099701 0.107110 0.274328 0.504494 0.127813 0.220901
18.600000 0.177731 0.319231 0.099487 0.106917 0.273625 0.504301 0.127464 0.220394
18.800000 0.177705 0.318974 0.099736 0.106915 0.273016 0.503913 0.127558 0.220049
19.000000 0.177637 0.318723 0.099627 0.106878 0.272313 0.503740 0.127151 0.219485
19.200000 0.177628 0.318393 0.099562 0.106855 0.271689 0.503434 0.127063 0.219041
19.400000 0.177608 0.318161 0.099713 0.106813 0.271006 0.503128 0.126926 0.218855
19.600000 0.177528 0.317864 0.099769 0.106955 0.270476 0.503052 0.126945 0.218256
19.800000 0.177547 0.317986 0.099620 0.106930 0.269946 0.502863 0.126514 0.217909
20.000000 0.177465 0.317546 0.099604 0.106727 0.269429 0.502497 0.126499 0.217490
20.200000 0.177568 0.317347 0.099579 0.106755 0.268945 0.502212 0.126487 0.216894
20.400000 0.177451 0.317150 0.099500 0.106803 0.268402 0.501878 0.126319 0.216824
20.600000 0.177393 0.316875 0.099521 0.106452 0.267649 0.501680 0.126151 0.216283
20.800000 0.177244 0.316659 0.099626 0.106643 0.267069 0.501444 0.125991 0.216010
21.000000 0.177397 0.316388 0.099615 0.106696 0.266441 0.501112 0.125844 0.215566
21.200000 0.177390 0.316124 0.099443 0.106602 0.266135 0.501059 0.125853 0.215205
21.400000 0.177345 0.316011 0.099540 0.106619 0.265495 0.500850 0.125599 0.214735
21.600000 0.177314 0.315837 0.099533 0.106679 0.265011 0.500674 0.125430 0.214399
21.800000 0.177280 0.315653 0.099547 0.106550 0.264450 0.500407 0.125361 0.213933
22.000000 0.177301 0.315360 0.099551 0.106658 0.263919 0.500146 0.125207 0.213679
22.200000 0.177246 0.315201 0.099459 0.106588 0.263259 0.499814 0.125053 0.213286
22.400000 0.177218 0.314933 0.099776 0.106302 0.262855 0.499660 0.124875 0.212958
22.600000 0.177202 0.314705 0.099369 0.106370 0.262395 0.499288 0.124883 0.212557
22.800000 0.177032 0.314514 0.099549 0.106493 0.261943 0.499249 0.124767 0.212197
23.000000 0.177176 0.314404 0.099455 0.106319 0.261332 0.498844 0.124524 0.211895
23.200000 0.177282 0.314131 0.099466 0.106230 0.260485 0.498770 0.124454 0.211521
23.400000 0.177124 0.313905 0.099471 0.106452 0.260182 0.498624 0.124501 0.211273
23.600000 0.177220 0.313587 0.099474 0.106271 0.259951 0.498217 0.124261 0.210786
23.800000 0.177094 0.313382 0.099455 0.106291 0.259327 0.497914 0.124149 0.210472
24.000000 0.177143 0.313377 0.099458 0.106056 0.258758 0.497733 0.123840 0.210112
24.200000 0.177041 0.313056 0.099417 0.106322 0.258219 0.497454 0.123866 0.209656
24.400000 0.176975 0.312811 0.099283 0.106191 0.257762 0.497266 0.123777 0.209435
24.600000 0.176989 0.312547 0.099471 0.106071 0.257145 0.497069 0.123727 0.208914
24.800000 0.176945 0.351413 0.099436 0.106083 0.256745 0.496969 0.123622 0.208601
25.000000 0.176992 0.312333 0.099184 0.106082 0.256384 0.496583 0.123501 0.208184
25.200000 0.176947 0.312050 0.099382 0.106130 0.255787 0.496240 0.123405 0.208010
25.400000 0.176951 0.311796 0.099220 0.106077 0.255306 0.496206 0.123187 0.207724
25.600000 0.176858 0.311651 0.099384 0.106046 0.254972 0.495852 0.123000 0.207390
25.800000 0.176997 0.311561 0.099256 0.105969 0.254481 0.495515 0.123018 0.207008
26.000000 0.176864 0.311033 0.099480 0.105989 0.253994 0.495381 0.122976 0.206710
26.200000 0.176706 0.311226 0.099149 0.105997 0.253500 0.495120 0.122831 0.206445
26.400000 0.176834 0.310845 0.099183 0.106007 0.253139 0.494762 0.122802 0.206055
26.600000 0.176782 0.310785 0.099193 0.105845 0.252450 0.494671 0.122405 0.205811
26.800000 0.176826 0.310440 0.099294 0.105891 0.251936 0.494464 0.122676 0.205423
27.000000 0.176611 0.310293 0.099309 0.105836 0.251675 0.494223 0.122478 0.205138
27.200000 0.176726 0.309964 0.099280 0.105851 0.251232 0.493852 0.122380 0.204921
27.400000 0.176732 0.309963 0.099190 0.105812 0.250765 0.493694 0.122287 0.204507
27.600000 0.176567 0.309657 0.099283 0.105775 0.250312 0.493300 0.122271 0.204195
27.800000 0.176662 0.309423 0.099451 0.105823 0.249758 0.493277 0.121980 0.203893
28.000000 0.176601 0.309367 0.099266 0.105758 0.249442 0.492872 0.121998 0.203638
28.200000 0.176575 0.309101 0.099231 0.105625 0.249028 0.492777 0.121804 0.203309
28.400000 0.176682 0.309036 0.099285 0.105758 0.248687 0.492518 0.121818 0.203090
28.600000 0.176584 0.308728 0.099275 0.105984 0.248154 0.492125 0.121710 0.202640
28.800000 0.176694 0.308585 0.099084 0.105644 0.247827 0.492026 0.121602 0.202446
29.000000 0.176405 0.308456 0.099213 0.105650 0.247204 0.491806 0.121546 0.202131
29.200000 0.176511 0.308335 0.099227 0.105623 0.246854 0.491507 0.121546 0.201762
29.400000 0.176496 0.308108 0.099256 0.105665 0.246467 0.491287 0.121357 0.201565
29.600000 0.176502 0.307896 0.099310 0.105380 0.246269 0.490968 0.121279 0.201244
29.800000 0.176427 0.307730 0.099174 0.105468 0.245703 0.490845 0.121238 0.201103
30.000000 0.176416 0.307582 0.099251 0.105571 0.245302 0.490659 0.121051 0.200795
30.200000 0.176252 0.307416 0.098887 0.105661 0.245044 0.490457 0.120989 0.200648
30.400000 0.176476 0.307337 0.099322 0.105659 0.244644 0.490149 0.121005 0.200275
30.600000 0.177122 0.307013 0.099286 0.105658 0.244139 0.489963 0.120934 0.199763
30.800000 0.180827 0.306925 0.099419 0.105603 0.243667 0.489392 0.120850 0.199491
31.000000 0.188196 0.306991 0.099258 0.105636 0.243392 0.489472 0.120708 0.199388
31.200000 0.198839 0.306755 0.099394 0.105672 0.243292 0.489433 0.120973 0.199298
31.400000 0.220386 0.306448 0.099475 0.105672 0.243143 0.489044 0.121092 0.199310
31.600000 0.237934 0.306340 0.099354 0.105953 0.243589 0.489109 0.121381 0.199448
31.800000 0.255894 0.306655 0.099379 0.106002 0.244368 0.489057 0.121655 0.200091
32.000000 0.273459 0.306756 0.099418 0.106309 0.245529 0.489026 0.122380 0.201063
32.200000 0.289968 0.307149 0.099673 0.106609 0.247206 0.489042 0.123247 0.202191
32.400000 0.304941 0.307867 0.099852 0.107322 0.249534 0.488960 0.124080 0.203605
32.600000 0.318465 0.308951 0.100122 0.108176 0.252379 0.489238 0.125315 0.205666
32.800000 0.330499 0.310127 0.100387 0.108952 0.255610 0.489273 0.126519 0.207779
33.000000 0.340936 0.311933 0.100824 0.110248 0.259275 0.489601 0.127998 0.210360
33.200000 0.350123 0.314205 0.101237 0.111463 0.263479 0.489800 0.129361 0.213142
33.400000 0.358037 0.316803 0.101889 0.112973 0.268107 0.489999 0.130869 0.216320
33.600000 0.364697 0.319753 0.102504 0.114539 0.273072 0.490145 0.132504 0.219717
33.800000 0.370598 0.322874 0.103341 0.116013 0.278214 0.490426 0.134013 0.223361
34.000000 0.375758 0.326918 0.104177 0.117729 0.283784 0.490598 0.135745 0.227245
34.200000 0.380045 0.331131 0.104883 0.119504 0.289556 0.491116 0.137538 0.231462
34.400000 0.383617 0.335581 0.106111 0.121043 0.295620 0.491400 0.139285 0.235682
34.600000 0.386895 0.340460 0.106999 0.123131 0.301714 0.491666 0.141035 0.240069
34.800000 0.389405 0.345662 0.108128 0.124833 0.308095 0.492052 0.142839 0.244737
35.000000 0.391681 0.351175 0.109222 0.126882 0.314587 0.492283 0.144519 0.249603
35.200000 0.393501 0.357195 0.110167 0.128886 0.321432 0.492759 0.146546 0.254437
35.400000 0.394757 0.362675 0.111253 0.130677 0.327681 0.492895 0.148243 0.259318
35.600000 0.396082 0.368767 0.112437 0.132571 0.334181 0.493256 0.149863 0.264101
35.800000 0.396859 0.374765 0.113292 0.134364 0.340633 0.493635 0.151685 0.268994
36.000000 0.397692 0.381249 0.114174 0.136117 0.347251 0.493831 0.153449 0.273950
36.200000 0.398107 0.387933 0.115364 0.138016 0.353980 0.494255 0.155065 0.279003
36.400000 0.398582 0.394822 0.116208 0.140021 0.360467 0.494668 0.156766 0.284002
36.600000 0.398995 0.401925 0.117261 0.141860 0.367466 0.494993 0.158488 0.289258
36.800000 0.399076 0.409019 0.118217 0.143709 0.374401 0.495227 0.160048 0.294337
37.000000 0.399069 0.416793 0.119388 0.145566 0.381324 0.495656 0.161808 0.299606
37.200000 0.399244 0.424779 0.120106 0.147319 0.388518 0.495799 0.163206 0.305060
37.400000 0.399179 0.433185 0.121325 0.149454 0.396780 0.496222 0.165257 0.311385
37.600000 0.399317 0.444810 0.122437 0.152090 0.406344 0.496941 0.167687 0.318441
37.800000 0.399126 0.452933 0.123532 0.153663 0.413657 0.497072 0.169071 0.323650
38.000000 0.399134 0.461026 0.124356 0.155420 0.420793 0.497395 0.170702 0.329151
38.200000 0.399111 0.469434 0.125142 0.157303 0.428221 0.497845 0.172269 0.334635
38.400000 0.398964 0.477773 0.126100 0.158843 0.435617 0.497990 0.173793 0.340239
38.600000 0.398920 0.486252 0.126908 0.160490 0.442930 0.498357 0.175329 0.345684
38.800000 0.398804 0.494580 0.127834 0.162110 0.450394 0.498837 0.176697 0.351055
39.000000 0.398636 0.502956 0.129146 0.163633 0.457888 0.499256 0.178269 0.356767
39.200000 0.398466 0.511197 0.129531 0.165328 0.465373 0.499364 0.179692 0.362349
39.400000 0.398312 0.519660 0.130174 0.166985 0.472824 0.499732 0.181183 0.367923
39.600000 0.398164 0.527964 0.130873 0.168443 0.480013 0.499965 0.182610 0.373675
39.800000 0.397967 0.536081 0.131695 0.169978 0.487590 0.500424 0.183955 0.379244
40.000000 0.397804 0.544211 0.132535 0.171325 0.495156 0.500540 0.185367 0.384937
40.200000 0.397819 0.552388 0.133226 0.172803 0.502833 0.500984 0.186704 0.390751
40.400000 0.397629 0.560386 0.134038 0.174111 0.510805 0.501162 0.188047 0.396464
40.600000 0.397456 0.568168 0.134650 0.175493 0.518335 0.501682 0.189218 0.402105
40.800000 0.397450 0.576141 0.135391 0.176970 0.526083 0.501980 0.190602 0.408096
41.000000 0.396999 0.583912 0.136098 0.178368 0.533701 0.502388 0.192055 0.413916
41.200000 0.396691 0.591173 0.136765 0.179607 0.541352 0.502541 0.193275 0.419524
41.400000 0.396558 0.598611 0.137458 0.180900 0.548958 0.502855 0.194494 0.425527
41.600000 0.396225 0.605664 0.138224 0.182104 0.556445 0.503383 0.195858 0.431088
41.800000 0.395951 0.612497 0.138613 0.183382 0.563911 0.503499 0.196874 0.436761
42.000000 0.395805 0.619516 0.139253 0.184522 0.571158 0.503799 0.198063 0.442365
42.200000 0.395548 0.626356 0.139872 0.185744 0.578466 0.504075 0.199337 0.448237
42.400000 0.395394 0.632741 0.140469 0.186873 0.585870 0.504312 0.200620 0.453762
42.600000 0.395057 0.638785 0.140974 0.188116 0.593085 0.504620 0.201701 0.459421
42.800000 0.395144 0.644919 0.141700 0.188994 0.600071 0.505127 0.202827 0.464646
43.000000 0.395008 0.650644 0.142076 0.190203 0.607171 0.505251 0.203866 0.470144
43.200000 0.394763 0.656501 0.142639 0.191075 0.614016 0.505632 0.205069 0.475679
43.400000 0.394789 0.661882 0.143209 0.192234 0.621235 0.505774 0.205849 0.480972
43.600000 0.394761 0.667115 0.143693 0.193294 0.628293 0.506280 0.206946 0.486459
43.800000 0.394678 0.672551 0.143765 0.194331 0.635648 0.506446 0.208386 0.492642
44.000000 0.394309 0.680084 0.145092 0.195518 0.645463 0.506989 0.209269 0.500128
44.200000 0.394207 0.684971 0.145271 0.196562 0.651856 0.507094 0.210667 0.505223
44.400000 0.393847 0.689374 0.145959 0.197331 0.658476 0.507550 0.211627 0.510656
44.600000 0.393707 0.693726 0.146254 0.198500 0.664954 0.507829 0.212690 0.515325
44.800000 0.393741 0.697858 0.146775 0.199299 0.671356 0.508194 0.213612 0.520419
45.000000 0.393594 0.702155 0.147117 0.200077 0.677492 0.508276 0.214426 0.525326
45.200000 0.393359 0.705792 0.147666 0.200825 0.683540 0.508599 0.215426 0.530242
45.400000 0.393331 0.709946 0.147982 0.201750 0.689853 0.508934 0.216122 0.534986
45.600000 0.393172 0.713307 0.148380 0.202606 0.695756 0.509304 0.217043 0.539818
45.800000 0.392938 0.716617 0.148805 0.203362 0.701506 0.509604 0.217904 0.544441
46.000000 0.392497 0.720137 0.149226 0.204149 0.707386 0.509665 0.218716 0.549129
46.200000 0.392690 0.723403 0.149409 0.204816 0.713056 0.509969 0.219432 0.553692
46.400000 0.392479 0.726447 0.150000 0.205440 0.718782 0.510104 0.220211 0.558193
46.600000 0.392525 0.729071 0.150185 0.206244 0.723881 0.510445 0.221245 0.562556
46.800000 0.392407 0.732098 0.150610 0.206912 0.729446 0.510811 0.221991 0.566934
47.000000 0.392348 0.734944 0.150803 0.207618 0.734935 0.511298 0.222328 0.571232
47.200000 0.392270 0.737538 0.151235 0.208225 0.740142 0.511443 0.223445 0.575475
47.400000 0.392024 0.739986 0.151647 0.208990 0.745143 0.511738 0.224005 0.579535
47.600000 0.391950 0.742357 0.151904 0.209573 0.750222 0.512039 0.224806 0.583665
47.800000 0.392110 0.744648 0.152245 0.210096 0.755042 0.512187 0.225573 0.587667
48.000000 0.392138 0.746935 0.152290 0.210894 0.759971 0.512467 0.226218 0.591797
48.200000 0.391997 0.748975 0.152823 0.211440 0.764821 0.512844 0.226941 0.595722
48.400000 0.391979 0.751056 0.153105 0.212007 0.769415 0.512868 0.227729 0.599587
48.600000 0.391855 0.753141 0.153481 0.212621 0.774095 0.513036 0.228308 0.603429
48.800000 0.391907 0.755034 0.153773 0.213451 0.778721 0.513498 0.228884 0.607055
49.000000 0.391713 0.756981 0.153934 0.213732 0.783174 0.513827 0.229591 0.610768
49.200000 0.391628 0.758813 0.154265 0.214260 0.787436 0.514172 0.230162 0.614401
49.400000 0.391748 0.760461 0.154580 0.214812 0.791931 0.514264 0.230813 0.617904
49.600000 0.391545 0.762089 0.154777 0.215411 0.795832 0.514599 0.231472 0.621440
49.800000 0.391600 0.763790 0.155036 0.215809 0.800127 0.514759 0.232032 0.624998
50.000000 0.391498 0.765410 0.155314 0.216405 0.804210 0.515266 0.232660 0.628200
50.200000 0.391377 0.766840 0.155563 0.217124 0.808442 0.515441 0.233238 0.632221
50.400000 0.390977 0.768347 0.155841 0.217456 0.812656 0.515646 0.233636 0.635493
50.600000 0.390810 0.769885 0.156054 0.217521 0.816386 0.515778 0.234359 0.638756
50.800000 0.390737 0.771159 0.156374 0.218453 0.820242 0.516157 0.234895 0.641952
51.000000 0.390391 0.772248 0.156496 0.218835 0.823785 0.516270 0.235445 0.645005
51.200000 0.390294 0.773632 0.156725 0.219328 0.827335 0.516424 0.235905 0.648131
51.400000 0.390143 0.775004 0.157040 0.219740 0.831041 0.516909 0.236364 0.651099
51.600000 0.389870 0.776093 0.157255 0.220200 0.834594 0.517232 0.236838 0.654284
51.800000 0.389801 0.777277 0.157341 0.220669 0.837830 0.517353 0.237446 0.657147
52.000000 0.389667 0.778470 0.157510 0.220982 0.841202 0.517660 0.238010 0.659889
52.200000 0.389592 0.779292 0.157686 0.221506 0.844472 0.518029 0.238640 0.662582
52.400000 0.389507 0.780152 0.157828 0.222008 0.847843 0.518146 0.238891 0.665318
52.600000 0.389368 0.742189 0.158097 0.222247 0.850706 0.518267 0.239273 0.667994
52.800000 0.389274 0.782181 0.158437 0.222617 0.854022 0.518606 0.240012 0.670753
53.000000 0.389099 0.782972 0.158643 0.222977 0.856723 0.518791 0.240274 0.673344
53.200000 0.389140 0.783920 0.158824 0.223271 0.860133 0.518981 0.240783 0.675851
53.400000 0.389286 0.784816 0.158752 0.223588 0.862787 0.519358 0.241131 0.678501
53.600000 0.389268 0.785382 0.159018 0.224089 0.865936 0.519568 0.241619 0.680958
53.800000 0.389115 0.786312 0.159587 0.224419 0.868302 0.519862 0.241935 0.683222
54.000000 0.389392 0.787098 0.159498 0.224507 0.871229 0.520119 0.242165 0.685843
54.200000 0.389171 0.787675 0.159609 0.224957 0.873803 0.520299 0.242820 0.688086
54.400000 0.389148 0.789115 0.159825 0.225378 0.876607 0.520548 0.243075 0.690398
54.600000 0.389221 0.789089 0.160053 0.225719 0.878881 0.520517 0.243551 0.692529
54.800000 0.389183 0.790141 0.160031 0.226069 0.881466 0.520926 0.243850 0.694792
55.000000 0.389213 0.790578 0.160291 0.226402 0.883850 0.521169 0.244304 0.696770
55.200000 0.389087 0.791096 0.160470 0.226653 0.886124 0.521248 0.244702 0.699115
55.400000 0.388953 0.791807 0.160664 0.227009 0.888705 0.521789 0.245045 0.701234
55.600000 0.389172 0.792413 0.160675 0.227341 0.890967 0.521944 0.245420 0.703278
55.800000 0.388950 0.792864 0.161059 0.227798 0.893276 0.522124 0.245778 0.705308
56.000000 0.389051 0.793600 0.161011 0.227950 0.895609 0.522295 0.246068 0.707252
56.200000 0.389010 0.794103 0.161133 0.228379 0.897821 0.522535 0.246397 0.709373
56.400000 0.389074 0.794912 0.161341 0.228443 0.900547 0.522857 0.246803 0.711746
56.600000 0.389056 0.795361 0.161870 0.228965 0.902584 0.523062 0.247124 0.713650
56.800000 0.388855 0.795860 0.161773 0.229195 0.904698 0.523483 0.247449 0.715364
57.000000 0.388823 0.796290 0.161890 0.229528 0.906775 0.523486 0.247691 0.717437
57.200000 0.388645 0.797027 0.162271 0.229943 0.908941 0.523742 0.248020 0.719053
57.400000 0.388416 0.797385 0.162171 0.230006 0.910511 0.523858 0.248274 0.720607
57.600000 0.388253 0.797863 0.162336 0.230243 0.912739 0.523850 0.248622 0.722452
57.800000 0.388151 0.798301 0.162486 0.230613 0.914601 0.524436 0.248926 0.724081
58.000000 0.387520 0.798674 0.162788 0.230799 0.916135 0.524541 0.249098 0.725651
58.200000 0.387703 0.799245 0.162728 0.231149 0.918231 0.524796 0.249481 0.727500
58.400000 0.387136 0.799300 0.162580 0.231071 0.919662 0.524846 0.249497 0.728611
58.600000 0.386735 0.799896 0.162626 0.231366 0.921559 0.525102 0.249826 0.730376
58.800000 0.386596 0.799712 0.162848 0.231779 0.923724 0.525441 0.250227 0.732483
59.000000 0.386409 0.800794 0.163257 0.232043 0.925521 0.525853 0.250832 0.733813
59.200000 0.386397 0.801154 0.163289 0.232307 0.926990 0.526040 0.250794 0.735473
59.400000 0.386338 0.801302 0.163435 0.232508 0.928488 0.526127 0.251144 0.736623
59.600000 0.386106 0.801810 0.163451 0.232610 0.929796 0.526277 0.251386 0.738114
59.800000 0.386140 0.802206 0.163496 0.232714 0.931537 0.526689 0.251648 0.739532
60.000000 0.386115 0.802277 0.163600 0.233098 0.932974 0.526986 0.251917 0.740709
60.200000 0.385966 0.802534 0.163866 0.233227 0.934538 0.527110 0.252035 0.742045
60.400000 0.385965 0.802618 0.163823 0.233373 0.935843 0.527284 0.252159 0.743358
60.600000 0.386169 0.803083 0.164079 0.233573 0.937345 0.527399 0.252429 0.744608
60.800000 0.385770 0.803210 0.164077 0.233717 0.938503 0.527712 0.252796 0.745909
61.000000 0.386143 0.803433 0.164224 0.233966 0.940070 0.527912 0.252724 0.747160
61.200000 0.386077 0.803696 0.164185 0.233935 0.941424 0.528164 0.253102 0.748379
61.400000 0.386054 0.803724 0.164441 0.234359 0.942558 0.528121 0.253288 0.749556
61.600000 0.386135 0.804044 0.164506 0.234404 0.943774 0.528310 0.253478 0.750589
61.800000 0.386249 0.804324 0.164624 0.234571 0.945162 0.528487 0.253662 0.751686
62.000000 0.386280 0.804594 0.164675 0.234733 0.946445 0.528914 0.253847 0.752826
62.200000 0.386190 0.804697 0.164799 0.235091 0.947624 0.529088 0.254020 0.754050
62.400000 0.386255 0.804868 0.164816 0.235146 0.949146 0.529460 0.254249 0.755598
62.600000 0.386190 0.805176 0.164881 0.235347 0.950376 0.529416 0.254442 0.756294
62.800000 0.386143 0.805318 0.164971 0.235473 0.951249 0.529784 0.254611 0.757543
63.000000 0.386198 0.805652 0.165197 0.235482 0.952889 0.530022 0.254837 0.758506
63.200000 0.386229 0.805883 0.165239 0.235805 0.953905 0.530204 0.254870 0.759696
63.400000 0.386066 0.805884 0.165308 0.235983 0.954856 0.530384 0.255167 0.760534
63.600000 0.386190 0.806167 0.165414 0.236107 0.956105 0.530577 0.255284 0.761578
63.800000 0.386134 0.806469 0.165606 0.236485 0.957214 0.530722 0.255511 0.762752
64.000000 0.386029 0.806547 0.165598 0.236527 0.958259 0.531079 0.255627 0.763569
64.200000 0.385991 0.806878 0.165690 0.236446 0.959296 0.531293 0.255785 0.764476
64.400000 0.385729 0.806970 0.165719 0.236690 0.960304 0.531243 0.255908 0.765447
64.600000 0.385649 0.807183 0.165919 0.236966 0.961188 0.531470 0.255916 0.766394
64.800000 0.385481 0.807381 0.165915 0.237213 0.962286 0.531847 0.256298 0.767432
65.000000 0.385421 0.807383 0.166121 0.237356 0.963395 0.531957 0.256374 0.768066
65.200000 0.385015 0.807769 0.166024 0.237355 0.964134 0.532194 0.256436 0.769128
65.400000 0.385027 0.807916 0.166163 0.237634 0.964928 0.532363 0.256790 0.769956
65.600000 0.384930 0.808086 0.166460 0.237612 0.966126 0.532525 0.256802 0.770583
65.800000 0.384750 0.808183 0.166399 0.237874 0.966765 0.532770 0.256936 0.771521
66.000000 0.384729 0.808112 0.166415 0.237775 0.967856 0.533078 0.256992 0.772291
66.200000 0.384556 0.808453 0.166670 0.238180 0.968346 0.533138 0.257179 0.773004
66.400000 0.384420 0.808513 0.166587 0.238154 0.969417 0.533180 0.257264 0.773584
66.600000 0.384377 0.808620 0.166715 0.238253 0.970261 0.533479 0.257391 0.774606
66.800000 0.384396 0.808757 0.166776 0.238368 0.971205 0.533811 0.257559 0.775369
67.000000 0.384237 0.809007 0.166861 0.238561 0.971717 0.533983 0.257598 0.776047
67.200000 0.384225 0.808888 0.166779 0.238368 0.972464 0.533992 0.257666 0.776630
67.400000 0.384289 0.809120 0.166874 0.238549 0.973081 0.534244 0.257834 0.777301
67.600000 0.384205 0.809032 0.167024 0.238697 0.973976 0.534314 0.257930 0.777965
67.800000 0.384157 0.809254 0.166968 0.238912 0.974774 0.534622 0.257884 0.778684
68.000000 0.384148 0.809190 0.167230 0.238982 0.975586 0.534743 0.258141 0.779179
68.200000 0.383980 0.809596 0.167090 0.239145 0.976346 0.535014 0.258277 0.780168
68.400000 0.384007 0.809497 0.167301 0.239410 0.977125 0.535240 0.258431 0.780886
68.600000 0.383823 0.809221 0.167314 0.239357 0.978126 0.535567 0.258513 0.781640
68.800000 0.383720 0.809392 0.167471 0.239517 0.978716 0.535654 0.258573 0.782225
69.000000 0.383596 0.809709 0.167525 0.239431 0.979334 0.535749 0.258665 0.782865
69.200000 0.383487 0.809707 0.167422 0.239664 0.980002 0.535986 0.258775 0.783672
69.400000 0.383309 0.809688 0.167491 0.239696 0.980579 0.536150 0.258670 0.784121
69.600000 0.383336 0.809850 0.167596 0.239782 0.981308 0.536295 0.258817 0.784758
69.800000 0.383179 0.809897 0.167806 0.239840 0.981827 0.536488 0.259028 0.785129
70.000000 0.383310 0.810019 0.167734 0.239996 0.982460 0.536527 0.259088 0.785619
70.200000 0.383151 0.810016 0.167716 0.239935 0.983096 0.536941 0.259097 0.786344
70.400000 0.383014 0.809818 0.167989 0.239880 0.983445 0.536835 0.259327 0.786676
70.600000 0.383250 0.810164 0.167869 0.240126 0.984494 0.537272 0.259348 0.787388
70.800000 0.383038 0.810103 0.168160 0.240301 0.984842 0.537472 0.259255 0.787847
71.000000 0.382999 0.810017 0.168025 0.240251 0.985517 0.537673 0.259326 0.788530
71.200000 0.383133 0.810213 0.168248 0.240422 0.985917 0.537868 0.259510 0.788933
71.400000 0.383012 0.810276 0.168297 0.240591 0.986538 0.537927 0.259556 0.789621
71.600000 0.383117 0.810427 0.168219 0.240608 0.987299 0.538135 0.259696 0.789971
71.800000 0.383096 0.810378 0.168281 0.240740 0.987524 0.538265 0.259560 0.790434
72.000000 0.383065 0.810400 0.168208 0.240646 0.988231 0.538611 0.259767 0.790956
72.200000 0.382928 0.810415 0.168377 0.240705 0.988569 0.538521 0.259886 0.791517
72.400000 0.382799 0.810626 0.168440 0.240874 0.989455 0.538877 0.259995 0.791937
72.600000 0.382650 0.810689 0.168456 0.240815 0.989733 0.538977 0.259903 0.792366
72.800000 0.382512 0.810525 0.168561 0.240968 0.990181 0.538955 0.260095 0.792787
73.000000 0.382466 0.811100 0.168630 0.241056 0.990690 0.539214 0.260104 0.793243
73.200000 0.382094 0.810815 0.168628 0.241185 0.991246 0.539425 0.260097 0.793634
73.400000 0.382049 0.810759 0.168666 0.241200 0.991688 0.539612 0.260045 0.794128
73.600000 0.381789 0.810749 0.168698 0.241028 0.992015 0.539866 0.260253 0.794529
73.800000 0.381905 0.810804 0.168871 0.241253 0.992482 0.539892 0.260254 0.795040
74.000000 0.381781 0.810797 0.168808 0.241330 0.993163 0.540307 0.260366 0.795302
74.200000 0.381743 0.810717 0.168819 0.241259 0.993298 0.540175 0.260414 0.795744
74.400000 0.381668 0.811071 0.168954 0.241462 0.993952 0.540512 0.260462 0.796141
74.600000 0.381743 0.810611 0.168785 0.241421 0.994349 0.540663 0.260618 0.796804
74.800000 0.381709 0.810831 0.168976 0.241514 0.995008 0.540814 0.260456 0.797041
75.000000 0.381720 0.810607 0.168910 0.241474 0.995250 0.541186 0.260500 0.797194
75.200000 0.381737 0.810647 0.169058 0.241669 0.995622 0.541163 0.260630 0.797853
75.400000 0.381894 0.810613 0.169091 0.241638 0.996083 0.541633 0.260693 0.798297
75.600000 0.381786 0.810660 0.169097 0.241558 0.996360 0.541583 0.260720 0.798408
75.800000 0.381679 0.810422 0.169097 0.241793 0.996601 0.541849 0.260747 0.798811
76.000000 0.381690 0.810595 0.169229 0.241702 0.997092 0.541959 0.260800 0.799362
76.200000 0.381885 0.810706 0.169318 0.241875 0.997513 0.542294 0.260792 0.799456
76.400000 0.381909 0.810590 0.169297 0.241897 0.997980 0.542207 0.260790 0.799890
76.600000 0.381849 0.810684 0.169422 0.241948 0.998289 0.542538 0.260922 0.800238
76.800000 0.381733 0.810641 0.169523 0.241997 0.998667 0.542523 0.260844 0.800577
77.000000 0.381767 0.810717 0.169455 0.242164 0.999099 0.542712 0.260879 0.800785
77.200000 0.381773 0.810990 0.169529 0.241955 0.999343 0.542781 0.261031 0.801243
77.400000 0.381509 0.810992 0.169432 0.242062 0.999883 0.543161 0.260990 0.801553
77.600000 0.381565 0.811128 0.169674 0.242244 1.000261 0.543307 0.261071 0.801965
77.800000 0.381589 0.810774 0.169687 0.242320 1.000492 0.543359 0.261039 0.802410
78.000000 0.381405 0.811108 0.169590 0.242401 1.001040 0.543587 0.260975 0.802471
78.200000 0.381252 0.810887 0.169800 0.242419 1.001155 0.543686 0.260938 0.803060
78.400000 0.381094 0.811137 0.169563 0.242487 1.001610 0.543836 0.261170 0.803312
78.600000 0.380892 0.811076 0.169897 0.242398 1.001966 0.543827 0.261080 0.803557
78.800000 0.380775 0.811023 0.169916 0.242585 1.002497 0.544272 0.261158 0.803937
79.000000 0.380617 0.811144 0.169972 0.242505 1.002414 0.544345 0.261173 0.804132
79.200000 0.380514 0.811265 0.169934 0.242597 1.002676 0.544518 0.261219 0.804438
79.400000 0.380290 0.811092 0.169970 0.242675 1.003080 0.544636 0.261262 0.804676
79.600000 0.380188 0.811102 0.170071 0.242487 1.003152 0.544720 0.261151 0.804882
79.800000 0.380152 0.811030 0.170071 0.242791 1.003642 0.545166 0.261240 0.805358
80.000000 0.380077 0.810382 0.170081 0.242665 1.003762 0.545122 0.261354 0.805246
80.200000 0.380016 0.810866 0.170266 0.242628 1.004042 0.545231 0.261360 0.805699
80.400000 0.379974 0.810856 0.170240 0.242890 1.004328 0.545355 0.261412 0.805961
80.600000 0.379909 0.810885 0.170261 0.242712 1.004511 0.545625 0.261503 0.805994
80.800000 0.379804 0.810894 0.170246 0.242463 1.005082 0.545893 0.261241 0.806379
81.000000 0.379931 0.810987 0.170251 0.242675 1.005069 0.546007 0.261383 0.806609
81.200000 0.379770 0.810845 0.170228 0.242767 1.005190 0.546067 0.261525 0.806710
81.400000 0.379649 0.810880 0.170358 0.242863 1.005556 0.546212 0.261444 0.806919
81.600000 0.379673 0.810708 0.170191 0.242906 1.005693 0.546349 0.261426 0.807046
81.800000 0.379807 0.810706 0.170376 0.242901 1.006002 0.546499 0.261135 0.807372
82.000000 0.379852 0.810701 0.170512 0.242863 1.006241 0.546694 0.261428 0.807535
82.200000 0.379863 0.810686 0.170392 0.243054 1.006296 0.546755 0.261529 0.807772
82.400000 0.379795 0.810410 0.170493 0.242850 1.006698 0.546985 0.261493 0.807808
82.600000 0.379973 0.810361 0.170510 0.242891 1.006904 0.547119 0.261524 0.808115
82.800000 0.380041 0.810691 0.170589 0.242955 1.006914 0.547198 0.261388 0.808337
83.000000 0.379959 0.810199 0.170507 0.242867 1.007283 0.547206 0.261514 0.808459
83.200000 0.380144 0.810483 0.170407 0.243009 1.007517 0.547568 0.261464 0.808718
83.400000 0.380141 0.810531 0.170559 0.242887 1.007625 0.547726 0.261522 0.808702
83.600000 0.380123 0.810627 0.170731 0.243202 1.007869 0.547928 0.261421 0.809101
83.800000 0.380318 0.810648 0.170666 0.243195 1.008424 0.547963 0.261582 0.809553
84.000000 0.380373 0.810595 0.170707 0.243127 1.008380 0.547971 0.261429 0.809767
84.200000 0.380532 0.810647 0.170810 0.242969 1.008756 0.548241 0.261399 0.809712
84.400000 0.380378 0.810488 0.170837 0.242926 1.008878 0.548338 0.261627 0.810060
84.600000 0.380335 0.810613 0.170777 0.243347 1.008915 0.548680 0.261636 0.810188
84.800000 0.380267 0.810384 0.170895 0.243221 1.009110 0.548601 0.261803 0.810337
85.000000 0.380338 0.810638 0.170941 0.243270 1.009511 0.548844 0.261589 0.810671
85.200000 0.380195 0.810731 0.170759 0.243298 1.009684 0.548887 0.261673 0.810968
85.400000 0.380074 0.810763 0.170983 0.243310 1.010004 0.549101 0.261649 0.811066
85.600000 0.380067 0.810585 0.170952 0.243233 1.010218 0.549257 0.261806 0.811198
85.800000 0.380038 0.810995 0.171107 0.243448 1.010497 0.549313 0.261607 0.811530
86.000000 0.379842 0.810914 0.171071 0.243429 1.010535 0.549328 0.261667 0.811525
86.200000 0.379949 0.810768 0.171151 0.243450 1.010885 0.549355 0.261601 0.811826
86.400000 0.379647 0.810841 0.171212 0.243562 1.010759 0.549861 0.261954 0.812175
86.600000 0.379546 0.810770 0.171155 0.243556 1.011052 0.549775 0.261745 0.812181
86.800000 0.379524 0.810821 0.171298 0.243601 1.011151 0.549860 0.261790 0.812323
87.000000 0.379326 0.811153 0.171293 0.243512 1.011604 0.550273 0.261809 0.812538
87.200000 0.379325 0.810722 0.171309 0.243599 1.011737 0.550436 0.261680 0.812606
87.400000 0.378740 0.810782 0.171372 0.243537 1.011788 0.550399 0.261751 0.812978
87.600000 0.378832 0.810902 0.171296 0.243676 1.011950 0.550683 0.261737 0.813068
87.800000 0.378802 0.810955 0.171461 0.243548 1.012204 0.550762 0.261819 0.813211
88.000000 0.378655 0.810825 0.171566 0.243830 1.012330 0.551000 0.261795 0.813318
88.200000 0.378473 0.810837 0.171480 0.243767 1.012498 0.551113 0.261722 0.813329
88.400000 0.378711 0.810958 0.171544 0.243810 1.012710 0.551190 0.261840 0.813508
88.600000 0.378542 0.810822 0.171328 0.243809 1.012695 0.551433 0.261812 0.813600
88.800000 0.378335 0.810700 0.171664 0.243814 1.012396 0.551521 0.261765 0.813707
89.000000 0.378468 0.810756 0.171695 0.243886 1.013009 0.551715 0.261908 0.813645
89.200000 0.378403 0.810648 0.171703 0.243719 1.012985 0.551810 0.261892 0.814008
89.400000 0.378403 0.810569 0.171600 0.243685 1.013145 0.551913 0.261837 0.814272
89.600000 0.378398 0.810500 0.171837 0.243892 1.013155 0.552161 0.261835 0.814335
89.800000 0.378518 0.810634 0.171862 0.243945 1.013619 0.552290 0.261955 0.814511
90.000000 0.378391 0.810257 0.171871 0.243971 1.013528 0.552232 0.261876 0.814652
