0.200000 0.053450 0.444582 0.187067 0.257229 0.509754 0.435810 0.230269 0.428995
0.400000 0.053107 0.443281 0.186709 0.256391 0.507309 0.435577 0.229846 0.427098
0.600000 0.053222 0.442960 0.186616 0.256149 0.505847 0.435661 0.229801 0.426094
0.800000 0.053220 0.442208 0.186735 0.255861 0.504469 0.435551 0.229702 0.425184
1.000000 0.053235 0.441622 0.186532 0.255406 0.503234 0.435377 0.229618 0.424067
1.200000 0.053213 0.441204 0.186566 0.255026 0.501830 0.435538 0.229446 0.423018
1.400000 0.053208 0.440663 0.186505 0.254774 0.500629 0.435579 0.229215 0.422042
1.600000 0.053196 0.440139 0.186607 0.254350 0.499120 0.435422 0.229098 0.420984
1.800000 0.053222 0.439504 0.186602 0.253980 0.497807 0.435454 0.228972 0.420011
2.000000 0.053163 0.439073 0.186430 0.253610 0.496631 0.435465 0.228840 0.419006
2.200000 0.053176 0.438432 0.186189 0.253346 0.495427 0.435459 0.228707 0.418017
2.400000 0.053171 0.438197 0.186179 0.253006 0.494003 0.435392 0.228535 0.416985
2.600000 0.053176 0.437836 0.186243 0.252680 0.492598 0.435491 0.228315 0.415902
2.800000 0.053158 0.437115 0.186117 0.252370 0.491043 0.435469 0.228120 0.414941
3.000000 0.053111 0.436456 0.186095 0.251991 0.490102 0.435331 0.228112 0.413952
3.200000 0.053158 0.435894 0.186049 0.251673 0.488856 0.435466 0.227950 0.412951
3.400000 0.053126 0.435509 0.186033 0.251319 0.487587 0.435258 0.227738 0.411993
3.600000 0.053124 0.435041 0.186062 0.251089 0.486366 0.435327 0.227813 0.411061
3.800000 0.053145 0.434449 0.186049 0.250614 0.485151 0.435054 0.227376 0.410124
4.000000 0.053105 0.434173 0.186052 0.250380 0.483874 0.435101 0.227371 0.409203
4.200000 0.053082 0.433652 0.186106 0.250061 0.482466 0.435162 0.227231 0.408273
4.400000 0.053109 0.433186 0.185902 0.249724 0.481317 0.435180 0.226936 0.407383
4.600000 0.053238 0.432798 0.185891 0.249395 0.480282 0.435115 0.226889 0.406459
4.800000 0.053082 0.432228 0.185944 0.249070 0.479087 0.435066 0.226821 0.405329
5.000000 0.053048 0.431781 0.185719 0.248801 0.477800 0.434907 0.226499 0.404528
5.200000 0.053068 0.431314 0.185714 0.248504 0.476317 0.434988 0.226536 0.403677
5.400000 0.052949 0.430932 0.185740 0.248225 0.475514 0.434790 0.226368 0.402729
5.600000 0.053058 0.430303 0.185829 0.247868 0.474318 0.434954 0.226327 0.401869
5.800000 0.053048 0.430084 0.185667 0.247546 0.473023 0.434836 0.226257 0.400924
6.000000 0.053018 0.429391 0.185584 0.247242 0.471999 0.434846 0.225963 0.400056
6.200000 0.053056 0.428997 0.185484 0.246911 0.470607 0.434652 0.225740 0.399319
6.400000 0.053048 0.428659 0.185571 0.246637 0.469514 0.434923 0.225701 0.398280
6.600000 0.053015 0.428011 0.185547 0.246325 0.468005 0.434707 0.225419 0.397092
6.800000 0.053008 0.427668 0.185524 0.246040 0.467035 0.434711 0.225221 0.396153
7.000000 0.052987 0.427215 0.185446 0.245667 0.465664 0.434722 0.225288 0.395431
7.200000 0.052986 0.426868 0.185304 0.245407 0.464910 0.434669 0.225082 0.394558
7.400000 0.052974 0.426372 0.185382 0.245069 0.463655 0.434618 0.224890 0.393769
7.600000 0.052964 0.425913 0.185338 0.244826 0.462559 0.434615 0.224625 0.392886
7.800000 0.052949 0.425708 0.185301 0.244500 0.461502 0.434570 0.224669 0.392077
8.000000 0.052804 0.425116 0.185390 0.244390 0.460495 0.434570 0.224542 0.391201
8.200000 0.053011 0.424730 0.185203 0.243881 0.459374 0.434618 0.224398 0.390409
8.400000 0.052944 0.424292 0.185287 0.243709 0.458295 0.434485 0.224303 0.389623
8.600000 0.052964 0.423891 0.185204 0.243274 0.457110 0.434161 0.224024 0.388719
8.800000 0.052933 0.423408 0.185134 0.243109 0.456173 0.434428 0.223987 0.388020
9.000000 0.052946 0.423122 0.184860 0.242887 0.454963 0.434277 0.223777 0.387227
9.200000 0.052944 0.422959 0.185101 0.242685 0.454180 0.434296 0.223659 0.386450
9.400000 0.052938 0.422485 0.185063 0.242373 0.453074 0.434291 0.223687 0.385600
9.600000 0.052891 0.421854 0.184838 0.242008 0.452158 0.434333 0.223480 0.384988
9.800000 0.052922 0.421748 0.184990 0.241728 0.451016 0.434398 0.223120 0.384147
10.000000 0.052906 0.421420 0.184981 0.241600 0.450154 0.434242 0.223185 0.383440
10.200000 0.052885 0.420846 0.184900 0.241248 0.449167 0.434220 0.222973 0.382548
10.400000 0.052881 0.420430 0.185030 0.240943 0.448235 0.434178 0.222992 0.381808
10.600000 0.052857 0.420213 0.184894 0.240842 0.447166 0.434038 0.222693 0.381216
10.800000 0.052883 0.419673 0.184850 0.240480 0.446289 0.434181 0.222605 0.380041
11.000000 0.052881 0.419376 0.184878 0.240441 0.445218 0.433991 0.222365 0.379754
11.200000 0.052841 0.419084 0.184920 0.240128 0.444225 0.434087 0.222352 0.378998
11.400000 0.052850 0.418741 0.184775 0.240018 0.443533 0.433962 0.222183 0.378286
11.600000 0.052822 0.418480 0.184923 0.239677 0.442442 0.433841 0.222102 0.377570
11.800000 0.052844 0.417984 0.184508 0.239303 0.441507 0.433925 0.221925 0.377039
12.000000 0.052802 0.417650 0.184677 0.238971 0.440425 0.433935 0.221800 0.376186
12.200000 0.052817 0.417287 0.184707 0.238857 0.439661 0.433882 0.221736 0.375437
12.400000 0.052710 0.416931 0.184480 0.238616 0.438647 0.433898 0.221494 0.374692
12.600000 0.052848 0.416684 0.184639 0.238298 0.437713 0.433823 0.221376 0.373996
12.800000 0.052791 0.416205 0.184466 0.238100 0.436449 0.433877 0.221245 0.373207
13.000000 0.052786 0.415653 0.184712 0.237830 0.435758 0.433664 0.220964 0.372412
13.200000 0.052817 0.415515 0.184385 0.237615 0.434804 0.433666 0.221098 0.371684
13.400000 0.052910 0.415131 0.184442 0.237288 0.434012 0.433722 0.220861 0.371217
13.600000 0.052791 0.414880 0.184433 0.237271 0.433082 0.433738 0.220891 0.370625
13.800000 0.052739 0.414673 0.184338 0.236889 0.432401 0.433604 0.220628 0.369971
14.000000 0.052778 0.414212 0.184437 0.236899 0.431664 0.433806 0.220509 0.369443
14.200000 0.052773 0.414037 0.184383 0.236629 0.430893 0.433599 0.220484 0.368741
14.400000 0.052728 0.413686 0.184373 0.236354 0.430139 0.433477 0.220225 0.368272
14.600000 0.052758 0.413476 0.184408 0.236150 0.429323 0.433472 0.220206 0.367608
14.800000 0.052717 0.413130 0.184318 0.235983 0.428324 0.433360 0.219957 0.366880
15.000000 0.052760 0.412885 0.184215 0.235747 0.427509 0.433623 0.219920 0.366256
15.200000 0.052730 0.412468 0.184101 0.235509 0.426801 0.433449 0.219781 0.365611
15.400000 0.052716 0.412170 0.184247 0.235389 0.426080 0.433124 0.219837 0.365282
15.600000 0.052742 0.411854 0.184302 0.235247 0.425313 0.433204 0.219526 0.364681
15.800000 0.052727 0.411707 0.184162 0.235117 0.424553 0.433489 0.219423 0.364156
16.000000 0.052712 0.411441 0.184193 0.234762 0.423846 0.433229 0.219327 0.363458
16.200000 0.052698 0.410938 0.184124 0.234551 0.422860 0.433180 0.218965 0.362818
16.400000 0.052684 0.410897 0.184040 0.234294 0.422338 0.433096 0.219044 0.362321
16.600000 0.052695 0.410744 0.184088 0.234198 0.421476 0.433084 0.218961 0.361773
16.800000 0.052677 0.410190 0.184094 0.233918 0.420929 0.433253 0.218929 0.361283
17.000000 0.052704 0.409963 0.183889 0.233892 0.420197 0.433192 0.218708 0.360666
17.200000 0.052686 0.409818 0.184082 0.233577 0.419402 0.432996 0.218661 0.360132
17.400000 0.052769 0.409429 0.184061 0.233373 0.418434 0.433282 0.218542 0.359591
17.600000 0.052683 0.409229 0.183971 0.233255 0.417931 0.433095 0.218437 0.359075
17.800000 0.052659 0.409020 0.183796 0.232990 0.417252 0.433050 0.218244 0.358556
18.000000 0.052512 0.408645 0.183997 0.232872 0.416662 0.432900 0.218330 0.357857
18.200000 0.052668 0.408433 0.183822 0.232777 0.415846 0.432976 0.218030 0.357472
18.400000 0.052653 0.408216 0.183764 0.232502 0.415146 0.432909 0.217990 0.356811
18.600000 0.052660 0.407875 0.183820 0.232191 0.414522 0.432927 0.217853 0.356307
18.800000 0.052645 0.407612 0.183865 0.231941 0.413936 0.432600 0.217713 0.355850
19.000000 0.052614 0.407295 0.183766 0.231854 0.413091 0.432872 0.217631 0.355321
19.200000 0.052794 0.407243 0.183777 0.231667 0.412394 0.432947 0.217427 0.354821
19.400000 0.052773 0.406740 0.183795 0.231404 0.411404 0.432769 0.217345 0.354121
19.600000 0.052585 0.406425 0.183567 0.231241 0.410615 0.432812 0.217265 0.353623
19.800000 0.052592 0.406241 0.183735 0.231290 0.410106 0.432824 0.217145 0.352939
20.000000 0.052603 0.405932 0.183593 0.230911 0.409245 0.432787 0.217043 0.352762
20.200000 0.052618 0.405623 0.183681 0.230455 0.408755 0.432683 0.216842 0.352093
20.400000 0.052596 0.405296 0.183647 0.230452 0.408099 0.432651 0.216721 0.351491
20.600000 0.052603 0.405160 0.183633 0.230347 0.407351 0.432540 0.216591 0.351002
20.800000 0.052524 0.405120 0.183664 0.230252 0.406705 0.432573 0.216581 0.350589
21.000000 0.052581 0.404731 0.183569 0.229960 0.406130 0.432722 0.216412 0.350090
21.200000 0.052600 0.404362 0.183665 0.229894 0.405530 0.432332 0.216267 0.349636
21.400000 0.052599 0.404058 0.183501 0.229716 0.404710 0.432525 0.216232 0.348979
21.600000 0.052567 0.404051 0.183492 0.229547 0.404055 0.432454 0.216085 0.348803
21.800000 0.052555 0.403808 0.183432 0.229473 0.403560 0.432419 0.216102 0.348145
22.000000 0.052541 0.403659 0.183424 0.229257 0.403110 0.432390 0.215983 0.347678
22.200000 0.052540 0.403425 0.183512 0.229093 0.402369 0.432307 0.215713 0.347263
22.400000 0.052567 0.402983 0.183275 0.228902 0.401681 0.432404 0.215753 0.346740
22.600000 0.052531 0.402787 0.183540 0.228798 0.401139 0.432168 0.215748 0.346326
22.800000 0.052555 0.402660 0.183503 0.228521 0.400298 0.432326 0.215563 0.345823
23.000000 0.052482 0.402225 0.183328 0.228288 0.399783 0.432278 0.215439 0.345380
23.200000 0.052554 0.402196 0.183464 0.228244 0.399309 0.432152 0.215355 0.344926
23.400000 0.052552 0.401827 0.183398 0.228078 0.398674 0.432229 0.215142 0.344517
23.600000 0.052523 0.401713 0.183332 0.227927 0.397985 0.432186 0.215133 0.344005
23.800000 0.052528 0.401492 0.183358 0.227701 0.397551 0.432252 0.215044 0.343517
24.000000 0.052555 0.401444 0.183320 0.227639 0.396891 0.432068 0.214958 0.343038
24.200000 0.052548 0.401062 0.183247 0.227491 0.396317 0.431986 0.214869 0.342752
24.400000 0.052639 0.400804 0.183340 0.227493 0.395744 0.432113 0.214713 0.342252
24.600000 0.052547 0.400712 0.183111 0.227175 0.395181 0.431861 0.214672 0.341725
24.800000 0.052534 0.400396 0.183204 0.227031 0.394658 0.432057 0.214524 0.341463
25.000000 0.052493 0.399941 0.183225 0.226872 0.394047 0.432057 0.214442 0.341029
25.200000 0.052636 0.399902 0.183244 0.226621 0.393485 0.432182 0.214359 0.340567
25.400000 0.052403 0.399854 0.183209 0.226495 0.392979 0.432034 0.214174 0.339986
25.600000 0.052341 0.399433 0.183054 0.226544 0.392177 0.431919 0.214086 0.339566
25.800000 0.052472 0.399023 0.183175 0.226188 0.391614 0.431619 0.214033 0.339149
26.000000 0.052338 0.398893 0.183252 0.226110 0.391033 0.431879 0.213915 0.338600
26.200000 0.052639 0.398846 0.183246 0.225937 0.390539 0.431727 0.213696 0.338272
26.400000 0.052476 0.398664 0.183001 0.225715 0.389896 0.431682 0.213692 0.337938
26.600000 0.052612 0.398349 0.183082 0.225617 0.389525 0.431717 0.213584 0.337483
26.800000 0.052420 0.398104 0.183095 0.225459 0.388892 0.431507 0.213485 0.337101
27.000000 0.052427 0.398091 0.183058 0.225459 0.388261 0.431806 0.213439 0.336702
27.200000 0.052463 0.397723 0.182999 0.225217 0.387653 0.431607 0.213450 0.336229
27.400000 0.052446 0.397619 0.182869 0.225055 0.387194 0.431665 0.213233 0.335829
27.600000 0.052472 0.397034 0.183008 0.224969 0.386752 0.431575 0.213017 0.335504
27.800000 0.052411 0.397141 0.182942 0.224409 0.386192 0.431414 0.213009 0.335014
28.000000 0.052443 0.396927 0.182995 0.224488 0.385642 0.431344 0.212861 0.334762
28.200000 0.052421 0.396734 0.183094 0.224497 0.385121 0.431583 0.212829 0.334258
28.400000 0.052407 0.396427 0.183021 0.224333 0.384584 0.431494 0.212794 0.333749
28.600000 0.052431 0.396423 0.183056 0.224254 0.384122 0.431407 0.212635 0.333492
28.800000 0.052430 0.395899 0.182844 0.223916 0.383248 0.431371 0.212701 0.332974
29.000000 0.052420 0.395891 0.182689 0.223847 0.382906 0.431416 0.212532 0.332704
29.200000 0.052415 0.395690 0.182671 0.223785 0.382397 0.431497 0.212392 0.332298
29.400000 0.052413 0.395614 0.182885 0.223731 0.382056 0.431141 0.212163 0.331929
29.600000 0.052352 0.395224 0.182894 0.223460 0.381434 0.431185 0.211966 0.331495
29.800000 0.052415 0.395177 0.182817 0.223385 0.381013 0.431192 0.212174 0.331200
30.000000 0.052391 0.395036 0.182755 0.223326 0.380521 0.431129 0.211970 0.330736
30.200000 0.052399 0.394874 0.182527 0.223122 0.379984 0.431061 0.211766 0.330315
30.400000 0.052417 0.394388 0.182733 0.223021 0.379515 0.431362 0.211819 0.330093
30.600000 0.052412 0.394412 0.182652 0.222847 0.379170 0.431081 0.211735 0.329713
30.800000 0.052597 0.394275 0.182752 0.222732 0.378509 0.431123 0.211651 0.329347
31.000000 0.052908 0.394009 0.182599 0.222552 0.378009 0.431123 0.211564 0.328841
31.200000 0.053336 0.393878 0.182689 0.222456 0.377541 0.430940 0.211462 0.328781
31.400000 0.053848 0.393781 0.182617 0.222533 0.377467 0.431011 0.211316 0.328613
31.600000 0.054477 0.393398 0.182791 0.222390 0.377249 0.431026 0.211203 0.328386
31.800000 0.055386 0.393500 0.182662 0.222204 0.377364 0.431019 0.211143 0.328571
32.000000 0.056025 0.393471 0.182689 0.222197 0.377835 0.431014 0.211209 0.328972
32.200000 0.056983 0.393601 0.182751 0.222598 0.378835 0.430999 0.211200 0.329468
32.400000 0.057794 0.393975 0.182815 0.222605 0.379950 0.431003 0.211242 0.330488
32.600000 0.058548 0.394322 0.182896 0.222861 0.381729 0.430999 0.211194 0.331606
32.800000 0.059243 0.395040 0.182655 0.223331 0.383635 0.430880 0.211181 0.333056
33.000000 0.060014 0.396150 0.182983 0.223779 0.386155 0.430963 0.211322 0.334921
33.200000 0.060689 0.397609 0.183034 0.224429 0.388956 0.430935 0.211341 0.337017
33.400000 0.061255 0.399438 0.183367 0.224974 0.392414 0.431030 0.211390 0.339443
33.600000 0.061821 0.401543 0.183336 0.226113 0.395956 0.430959 0.211630 0.341966
33.800000 0.062297 0.404344 0.183473 0.227121 0.399821 0.431178 0.211602 0.345047
34.000000 0.062860 0.407441 0.183819 0.228137 0.403962 0.430986 0.211672 0.348260
34.200000 0.063032 0.411344 0.184078 0.229431 0.408369 0.431027 0.211766 0.312523
34.400000 0.063393 0.415388 0.184448 0.230612 0.413324 0.431021 0.211805 0.354675
34.600000 0.063845 0.420002 0.184492 0.231964 0.418189 0.431074 0.211643 0.358926
34.800000 0.064135 0.425143 0.185038 0.233528 0.423308 0.431001 0.212222 0.362905
35.000000 0.064369 0.430563 0.185151 0.234850 0.428546 0.431108 0.212227 0.367103
35.200000 0.064548 0.436439 0.185776 0.236647 0.434042 0.431149 0.212378 0.371138
35.400000 0.064773 0.442351 0.185992 0.237944 0.439195 0.431204 0.212413 0.375499
35.600000 0.064996 0.448323 0.186342 0.239362 0.444673 0.431173 0.212623 0.379614
35.800000 0.065161 0.454738 0.186468 0.240678 0.450004 0.431330 0.212781 0.383890
36.000000 0.065456 0.461208 0.187072 0.242085 0.455707 0.431100 0.212928 0.388354
36.200000 0.065587 0.468032 0.187215 0.243422 0.461328 0.431253 0.212960 0.392984
36.400000 0.065535 0.475100 0.187506 0.244811 0.467088 0.431290 0.213127 0.397368
36.600000 0.065674 0.482038 0.187795 0.246263 0.472984 0.431331 0.213202 0.402118
36.800000 0.065497 0.489167 0.187991 0.247496 0.478972 0.431357 0.213358 0.406902
37.000000 0.065850 0.496633 0.188409 0.248784 0.484764 0.431310 0.213708 0.411570
37.200000 0.065788 0.503988 0.188695 0.249984 0.490816 0.431316 0.213730 0.416557
37.400000 0.065992 0.511158 0.188933 0.251233 0.496709 0.431356 0.213872 0.421432
37.600000 0.066085 0.518917 0.189239 0.252966 0.503235 0.431470 0.214132 0.426968
37.800000 0.066147 0.528744 0.189804 0.254249 0.511429 0.431454 0.214364 0.433297
38.000000 0.066209 0.536318 0.189945 0.255514 0.517552 0.431446 0.214264 0.438119
38.200000 0.066271 0.543644 0.190336 0.256861 0.523628 0.431472 0.214540 0.443461
38.400000 0.066283 0.551079 0.190560 0.258119 0.529648 0.431491 0.214576 0.448476
38.600000 0.066367 0.558354 0.190951 0.259352 0.536079 0.431625 0.214990 0.453745
38.800000 0.066391 0.565584 0.190893 0.260294 0.542412 0.431539 0.215028 0.458697
39.000000 0.066423 0.572670 0.191363 0.261694 0.548540 0.431651 0.215204 0.463992
39.200000 0.066255 0.579654 0.191570 0.262878 0.554934 0.431672 0.215387 0.469168
39.400000 0.066512 0.586936 0.191896 0.263862 0.560981 0.431585 0.215525 0.474353
39.600000 0.066502 0.593587 0.192162 0.265094 0.567115 0.431821 0.215714 0.479345
39.800000 0.066562 0.600542 0.192285 0.266132 0.573249 0.431745 0.215838 0.484577
40.000000 0.066625 0.607351 0.192632 0.267615 0.579253 0.431604 0.215939 0.489608
40.200000 0.066674 0.614175 0.192992 0.268590 0.585693 0.431800 0.216097 0.494923
40.400000 0.066719 0.620984 0.193130 0.269741 0.591864 0.431684 0.216258 0.500112
40.600000 0.066804 0.627474 0.193488 0.270746 0.597920 0.431683 0.216376 0.505274
40.800000 0.066736 0.633773 0.193481 0.271943 0.604060 0.431893 0.216711 0.510348
41.000000 0.066773 0.640003 0.193931 0.273089 0.610202 0.431921 0.216846 0.515292
41.200000 0.066755 0.646260 0.194170 0.274162 0.616152 0.431830 0.217057 0.520431
41.400000 0.066774 0.652012 0.194417 0.275238 0.622201 0.431947 0.217250 0.525414
41.600000 0.066691 0.658045 0.194669 0.276475 0.628052 0.432051 0.217330 0.530264
41.800000 0.066833 0.664024 0.194865 0.277309 0.633987 0.432009 0.217535 0.535135
42.000000 0.066839 0.669515 0.195032 0.278367 0.639934 0.432081 0.217689 0.539861
42.200000 0.066876 0.675036 0.195256 0.279267 0.645699 0.432029 0.217803 0.544881
42.400000 0.066897 0.680272 0.195521 0.280345 0.651426 0.432157 0.218031 0.549508
42.600000 0.066906 0.685508 0.195459 0.281508 0.656909 0.432037 0.218093 0.554335
42.800000 0.066746 0.690457 0.195906 0.282462 0.662748 0.432197 0.218208 0.558958
43.000000 0.066904 0.695086 0.195998 0.283427 0.668154 0.432091 0.218499 0.563430
43.200000 0.066985 0.700223 0.196233 0.284562 0.673828 0.432218 0.218740 0.567970
43.400000 0.066984 0.704774 0.196514 0.285542 0.679239 0.432231 0.218874 0.572510
43.600000 0.067055 0.709159 0.196556 0.286456 0.684586 0.432324 0.218998 0.576932
43.800000 0.067053 0.713618 0.196914 0.287473 0.689710 0.432351 0.219188 0.581256
44.000000 0.067086 0.718016 0.197138 0.288428 0.695566 0.432339 0.219352 0.586391
44.200000 0.067036 0.723759 0.197364 0.289900 0.702551 0.432428 0.219424 0.591672
44.400000 0.067087 0.727821 0.197562 0.290808 0.707672 0.432299 0.219857 0.595625
44.600000 0.067058 0.731452 0.197726 0.291598 0.712663 0.432438 0.219967 0.599796
44.800000 0.067118 0.735034 0.197870 0.292596 0.717548 0.432510 0.220090 0.603857
45.000000 0.067093 0.738623 0.197992 0.293304 0.722437 0.432532 0.220277 0.607835
45.200000 0.067086 0.742179 0.198084 0.294443 0.727066 0.432510 0.220416 0.611522
45.400000 0.066841 0.745291 0.198377 0.295351 0.731731 0.432538 0.220590 0.615263
45.600000 0.066994 0.748533 0.198575 0.296254 0.736251 0.432501 0.220786 0.619099
45.800000 0.067011 0.751371 0.198637 0.297079 0.740826 0.432543 0.220821 0.622789
46.000000 0.067161 0.754500 0.198956 0.297995 0.745348 0.432627 0.221037 0.626415
46.200000 0.067267 0.757325 0.199044 0.298824 0.749806 0.432667 0.221364 0.629883
46.400000 0.067168 0.760102 0.199167 0.299709 0.753991 0.432705 0.221394 0.633384
46.600000 0.067175 0.762773 0.199378 0.300456 0.758221 0.432597 0.221406 0.636870
46.800000 0.067163 0.765067 0.199564 0.301467 0.762441 0.432797 0.221577 0.640115
47.000000 0.067233 0.767777 0.199648 0.302133 0.766506 0.432789 0.221989 0.643569
47.200000 0.067179 0.770106 0.199851 0.303263 0.770666 0.432755 0.222067 0.646787
47.400000 0.067163 0.772389 0.199912 0.303944 0.774583 0.432882 0.222295 0.649912
47.600000 0.067156 0.774294 0.200166 0.304588 0.778437 0.432869 0.222367 0.652948
47.800000 0.067195 0.776639 0.200081 0.305620 0.782104 0.433025 0.222605 0.656127
48.000000 0.067213 0.778595 0.200330 0.306381 0.785844 0.432983 0.222750 0.659066
48.200000 0.067161 0.780258 0.200472 0.307217 0.789632 0.432995 0.222790 0.662032
48.400000 0.067230 0.782417 0.200598 0.307971 0.793042 0.432959 0.223053 0.664960
48.600000 0.067248 0.784205 0.200752 0.308678 0.796602 0.433110 0.223234 0.667509
48.800000 0.067239 0.785939 0.200764 0.309523 0.800017 0.433037 0.223407 0.670478
49.000000 0.067241 0.787626 0.200936 0.310299 0.803437 0.433194 0.223389 0.673213
49.200000 0.067266 0.789107 0.200988 0.310977 0.806717 0.432949 0.223574 0.675945
49.400000 0.067247 0.790747 0.201188 0.311752 0.809934 0.433047 0.223857 0.678463
49.600000 0.067238 0.792288 0.201104 0.312746 0.813150 0.433172 0.223992 0.680722
49.800000 0.067307 0.793462 0.201486 0.313360 0.816079 0.433068 0.224280 0.683443
50.000000 0.067278 0.794930 0.201515 0.314086 0.819193 0.433126 0.224324 0.685856
50.200000 0.067349 0.796455 0.201449 0.314825 0.822180 0.433089 0.224587 0.688232
50.400000 0.067343 0.797807 0.201743 0.315686 0.825577 0.433243 0.224719 0.691199
50.600000 0.067307 0.799635 0.201996 0.316838 0.829564 0.433232 0.224845 0.694245
50.800000 0.067372 0.800338 0.201932 0.317365 0.832316 0.433309 0.224916 0.696536
51.000000 0.067332 0.801844 0.202175 0.318009 0.834878 0.433368 0.225202 0.698641
51.200000 0.067329 0.802974 0.202278 0.318797 0.837714 0.433379 0.225253 0.700907
51.400000 0.067340 0.804066 0.202207 0.319487 0.840313 0.433351 0.225649 0.703045
51.600000 0.067328 0.805094 0.202456 0.320163 0.843045 0.433488 0.225734 0.705146
51.800000 0.067356 0.806055 0.202468 0.320947 0.845359 0.433370 0.225698 0.707129
52.000000 0.067357 0.807164 0.202625 0.321712 0.848059 0.433374 0.226122 0.709266
52.200000 0.067376 0.808048 0.202504 0.322394 0.850449 0.433549 0.226176 0.711116
52.400000 0.067350 0.808832 0.202782 0.323101 0.852581 0.433610 0.226327 0.713096
52.600000 0.067369 0.809916 0.202872 0.323789 0.855233 0.433636 0.226302 0.714730
52.800000 0.067368 0.810409 0.202872 0.324464 0.857421 0.433618 0.226459 0.716629
53.000000 0.067340 0.811359 0.202949 0.324868 0.859432 0.433477 0.226724 0.718386
53.200000 0.067364 0.812145 0.203019 0.325899 0.861896 0.433512 0.226658 0.720462
53.400000 0.067237 0.812838 0.203112 0.326263 0.863682 0.433570 0.227176 0.722036
53.600000 0.067381 0.813669 0.203105 0.326887 0.866166 0.433703 0.227271 0.723827
53.800000 0.067398 0.814301 0.203384 0.327730 0.868175 0.433689 0.227374 0.725471
54.000000 0.067385 0.815002 0.203401 0.328414 0.870131 0.433898 0.227548 0.727022
54.200000 0.067384 0.815700 0.203404 0.329251 0.871906 0.433942 0.227696 0.728741
54.400000 0.067414 0.816383 0.203610 0.329653 0.874048 0.433869 0.227940 0.729893
54.600000 0.067341 0.817061 0.203642 0.330310 0.875948 0.433768 0.228018 0.731953
54.800000 0.067257 0.817415 0.203762 0.330829 0.877808 0.433755 0.228160 0.733202
55.000000 0.067394 0.817940 0.203758 0.331445 0.879616 0.433746 0.228297 0.734726
55.200000 0.067410 0.818758 0.203986 0.332312 0.881353 0.433922 0.228470 0.736223
55.400000 0.067412 0.819270 0.203921 0.332941 0.883169 0.433716 0.228616 0.737715
55.600000 0.067385 0.819827 0.203862 0.333294 0.884776 0.433857 0.228792 0.739042
55.800000 0.067230 0.859327 0.204108 0.334142 0.886324 0.433981 0.228912 0.740390
56.000000 0.067338 0.820713 0.204017 0.334548 0.888132 0.434004 0.228995 0.741687
56.200000 0.067443 0.821366 0.204237 0.335366 0.889870 0.434067 0.229045 0.742999
56.400000 0.067431 0.821589 0.204247 0.335833 0.891254 0.434045 0.229162 0.744202
56.600000 0.067551 0.822195 0.204393 0.336387 0.892906 0.434293 0.229514 0.745641
56.800000 0.067303 0.822623 0.204425 0.337495 0.894857 0.434119 0.229687 0.747293
57.000000 0.067468 0.823253 0.204585 0.337758 0.896204 0.434113 0.229846 0.748299
57.200000 0.067558 0.823664 0.204524 0.338465 0.897995 0.434038 0.229962 0.749616
57.400000 0.067499 0.823970 0.204557 0.338548 0.899178 0.434187 0.230113 0.750482
57.600000 0.067443 0.824378 0.204726 0.339580 0.900562 0.434241 0.230281 0.751833
57.800000 0.067456 0.824772 0.204693 0.340183 0.901704 0.434411 0.230531 0.752887
58.000000 0.067456 0.825026 0.204728 0.340542 0.903233 0.434120 0.230552 0.753841
58.200000 0.067482 0.825451 0.204870 0.341243 0.904510 0.434312 0.230546 0.755108
58.400000 0.067464 0.825742 0.204856 0.341826 0.905686 0.434283 0.230756 0.756145
58.600000 0.067350 0.825676 0.204896 0.342339 0.906998 0.434115 0.230765 0.757015
58.800000 0.067542 0.826402 0.204963 0.342995 0.908285 0.434269 0.231100 0.757953
59.000000 0.067482 0.826632 0.205065 0.343359 0.909461 0.434344 0.230924 0.759270
59.200000 0.067455 0.826992 0.205090 0.344024 0.910428 0.434413 0.231177 0.759961
59.400000 0.067168 0.825868 0.205155 0.344660 0.911780 0.434394 0.231345 0.760935
59.600000 0.067297 0.827497 0.204975 0.345110 0.912689 0.434417 0.231587 0.761575
59.800000 0.067512 0.828021 0.205140 0.345506 0.914146 0.434424 0.231769 0.762671
60.000000 0.067537 0.828171 0.205315 0.346112 0.915026 0.434487 0.231829 0.763560
60.200000 0.067490 0.828514 0.205274 0.346660 0.916224 0.434353 0.232017 0.764597
60.400000 0.067526 0.828573 0.205380 0.347178 0.917291 0.434579 0.232194 0.765280
60.600000 0.067524 0.828896 0.205234 0.347693 0.918030 0.434657 0.232369 0.766161
60.800000 0.067523 0.829244 0.205579 0.348200 0.919432 0.434465 0.232437 0.767148
61.000000 0.067518 0.829436 0.205493 0.348704 0.920271 0.434668 0.232682 0.767884
61.200000 0.067511 0.829669 0.205680 0.349019 0.921232 0.434595 0.232757 0.768690
61.400000 0.067545 0.829964 0.205747 0.349624 0.922193 0.434623 0.232974 0.769583
61.600000 0.067540 0.830178 0.205644 0.350051 0.923230 0.434679 0.232859 0.770201
61.800000 0.067515 0.830336 0.205697 0.350760 0.924217 0.434544 0.233045 0.770975
62.000000 0.067489 0.830410 0.205833 0.351127 0.925062 0.434759 0.233160 0.771765
62.200000 0.067512 0.830814 0.205696 0.351793 0.925782 0.434842 0.233331 0.772548
62.400000 0.067528 0.830951 0.205925 0.352193 0.926687 0.434594 0.233580 0.773103
62.600000 0.067518 0.831077 0.205857 0.352757 0.927672 0.434774 0.233651 0.773850
62.800000 0.067508 0.831469 0.206109 0.353274 0.928567 0.434976 0.233864 0.774611
63.000000 0.067512 0.831539 0.205849 0.353738 0.929817 0.434977 0.234039 0.775583
63.200000 0.067540 0.831748 0.206112 0.354270 0.930356 0.434869 0.234095 0.776188
63.400000 0.067564 0.831783 0.205885 0.354770 0.931116 0.434753 0.234304 0.776785
63.600000 0.067528 0.832165 0.205887 0.355283 0.932012 0.434785 0.234227 0.777304
63.800000 0.067592 0.832158 0.206054 0.355737 0.932688 0.435018 0.234653 0.777822
64.000000 0.067578 0.832517 0.206049 0.356243 0.933652 0.434983 0.234623 0.778797
64.200000 0.067578 0.832409 0.206192 0.356877 0.934303 0.435025 0.234765 0.779373
64.400000 0.067582 0.832694 0.206280 0.357136 0.935237 0.434909 0.234887 0.779827
64.600000 0.067465 0.833081 0.206153 0.357536 0.935763 0.435036 0.234865 0.780394
64.800000 0.067447 0.832985 0.206159 0.358067 0.936684 0.435064 0.235250 0.781170
65.000000 0.067446 0.833378 0.206320 0.358436 0.937289 0.435137 0.235419 0.781561
65.200000 0.067514 0.833300 0.206408 0.358988 0.938014 0.435083 0.235411 0.782169
65.400000 0.067459 0.833778 0.206309 0.359395 0.938627 0.435152 0.235487 0.782671
65.600000 0.067716 0.833672 0.206305 0.359773 0.939016 0.434954 0.235710 0.783323
65.800000 0.067577 0.834022 0.206413 0.360263 0.939887 0.435485 0.235813 0.783743
66.000000 0.067455 0.833979 0.206485 0.360863 0.940566 0.435079 0.235890 0.784369
66.200000 0.067497 0.834112 0.206577 0.361102 0.941184 0.435118 0.236025 0.784774
66.400000 0.067505 0.834249 0.206584 0.361592 0.941771 0.435268 0.236158 0.785259
66.600000 0.067523 0.834389 0.206500 0.361826 0.942609 0.435298 0.236307 0.785896
66.800000 0.067713 0.834622 0.206695 0.362544 0.943076 0.435394 0.236381 0.786417
67.000000 0.067573 0.834776 0.206811 0.362750 0.943590 0.435349 0.236492 0.786890
67.200000 0.067584 0.834674 0.206731 0.363168 0.944155 0.435245 0.236582 0.787312
67.400000 0.067554 0.834693 0.206723 0.363677 0.944744 0.435481 0.236736 0.787606
67.600000 0.067592 0.835026 0.206735 0.363982 0.945180 0.435336 0.236956 0.788186
67.800000 0.067591 0.834989 0.206841 0.364247 0.945152 0.435032 0.236947 0.788582
68.000000 0.067562 0.835158 0.206835 0.364870 0.946091 0.435416 0.237121 0.788904
68.200000 0.067564 0.835275 0.206865 0.365383 0.946763 0.435410 0.237181 0.789486
68.400000 0.067461 0.835347 0.206799 0.365734 0.947331 0.435436 0.237326 0.789762
68.600000 0.067595 0.835561 0.206918 0.366165 0.947737 0.435689 0.237247 0.790199
68.800000 0.067567 0.835514 0.206988 0.366502 0.948274 0.435609 0.237332 0.790580
69.000000 0.067446 0.835536 0.206766 0.366998 0.948954 0.435497 0.237668 0.791075
69.200000 0.067409 0.835764 0.206966 0.367345 0.949298 0.435632 0.237845 0.791470
69.400000 0.067540 0.835487 0.206814 0.367649 0.949611 0.435383 0.237808 0.791763
69.600000 0.067447 0.835782 0.207141 0.368087 0.950216 0.435515 0.238155 0.792084
69.800000 0.067708 0.835967 0.207202 0.368403 0.950758 0.435529 0.238313 0.792577
70.000000 0.067595 0.835933 0.206928 0.368682 0.951095 0.435665 0.238304 0.792879
70.200000 0.067569 0.836040 0.207163 0.369227 0.951573 0.435788 0.238410 0.793441
70.400000 0.067595 0.836027 0.207155 0.369641 0.951837 0.435668 0.238488 0.793655
70.600000 0.067601 0.836008 0.207154 0.370072 0.952501 0.435677 0.238549 0.794003
70.800000 0.067594 0.836361 0.207366 0.370423 0.952851 0.435779 0.238699 0.794537
71.000000 0.067576 0.836477 0.207121 0.370792 0.953232 0.435767 0.238807 0.794805
71.200000 0.067577 0.836317 0.207147 0.371206 0.953776 0.435647 0.238924 0.795072
71.400000 0.067595 0.836457 0.207254 0.371536 0.953986 0.435900 0.238966 0.795362
71.600000 0.067603 0.836439 0.207318 0.371887 0.954501 0.435833 0.239159 0.795713
71.800000 0.067585 0.836260 0.207308 0.372292 0.954976 0.435908 0.239133 0.795999
72.000000 0.067704 0.836385 0.207339 0.372477 0.955199 0.435861 0.239396 0.796030
72.200000 0.067748 0.836614 0.207508 0.372959 0.955523 0.435918 0.239484 0.796504
72.400000 0.067594 0.836768 0.207335 0.373274 0.955974 0.435820 0.239574 0.796740
72.600000 0.067406 0.836533 0.207372 0.373671 0.956028 0.435849 0.239598 0.796915
72.800000 0.067593 0.836781 0.207461 0.374142 0.956668 0.436047 0.239821 0.797204
73.000000 0.067428 0.836589 0.207405 0.374309 0.957146 0.435959 0.239916 0.797562
73.200000 0.067453 0.836880 0.207411 0.374745 0.957266 0.435867 0.240010 0.797745
73.400000 0.067590 0.836917 0.207368 0.374990 0.957602 0.435970 0.240117 0.798137
73.600000 0.067592 0.837029 0.207511 0.375317 0.957904 0.436064 0.240256 0.798370
73.800000 0.067561 0.836816 0.207553 0.375595 0.958215 0.436219 0.240400 0.798615
74.000000 0.067604 0.836952 0.207576 0.376189 0.958661 0.436111 0.240406 0.798854
74.200000 0.067616 0.837061 0.207232 0.376582 0.958914 0.436044 0.240480 0.799271
74.400000 0.067502 0.837196 0.207596 0.376796 0.959299 0.436245 0.240705 0.799453
74.600000 0.067473 0.837147 0.207480 0.377243 0.959599 0.436158 0.240764 0.799589
74.800000 0.067678 0.837136 0.207553 0.377603 0.959951 0.436112 0.240880 0.799945
75.000000 0.067735 0.837190 0.207676 0.377899 0.960110 0.436138 0.240985 0.800286
75.200000 0.067527 0.837345 0.207554 0.377999 0.960490 0.436350 0.241061 0.800430
75.400000 0.067463 0.837371 0.207614 0.378385 0.960839 0.436111 0.241213 0.800685
75.600000 0.067588 0.837173 0.207554 0.378820 0.961073 0.436199 0.241246 0.800892
75.800000 0.067554 0.837001 0.207552 0.379092 0.961221 0.436124 0.241251 0.801029
76.000000 0.067573 0.837357 0.207812 0.379202 0.961674 0.436319 0.241456 0.801376
76.200000 0.067635 0.837258 0.207704 0.379696 0.961778 0.436312 0.241579 0.801506
76.400000 0.067631 0.837280 0.207678 0.379997 0.962210 0.436292 0.241639 0.801586
76.600000 0.067641 0.837492 0.207827 0.380552 0.962312 0.436314 0.241791 0.801958
76.800000 0.067626 0.837274 0.207883 0.380610 0.962755 0.436384 0.241804 0.802158
77.000000 0.067614 0.837280 0.207908 0.381131 0.962715 0.436252 0.241927 0.802433
77.200000 0.067461 0.837504 0.207942 0.381236 0.962913 0.436323 0.242003 0.802354
77.400000 0.067644 0.837700 0.207908 0.381759 0.963294 0.436461 0.242076 0.802663
77.600000 0.067625 0.837413 0.207937 0.381886 0.963445 0.436478 0.242193 0.802848
77.800000 0.067632 0.837796 0.207883 0.382112 0.964039 0.436385 0.242425 0.803046
78.000000 0.067514 0.837736 0.207827 0.382534 0.964103 0.436402 0.242434 0.803241
78.200000 0.067623 0.837728 0.207838 0.382811 0.964325 0.436376 0.242335 0.803476
78.400000 0.067618 0.837927 0.207961 0.383011 0.964618 0.436491 0.242426 0.803567
78.600000 0.067747 0.837914 0.208032 0.383303 0.964702 0.436549 0.242662 0.803698
78.800000 0.067627 0.837807 0.208052 0.383754 0.964859 0.436579 0.242761 0.804034
79.000000 0.067601 0.837405 0.208029 0.383880 0.964958 0.436621 0.242881 0.803806
79.200000 0.067624 0.837920 0.208058 0.384347 0.965325 0.436659 0.242988 0.804296
79.400000 0.067642 0.837986 0.208061 0.384446 0.965167 0.436640 0.243050 0.804571
79.600000 0.067617 0.837955 0.208116 0.384894 0.965635 0.436676 0.243188 0.804310
79.800000 0.067610 0.837925 0.208128 0.385274 0.965955 0.436683 0.243357 0.804679
80.000000 0.067722 0.837935 0.208024 0.385337 0.966132 0.436748 0.243285 0.804929
80.200000 0.067611 0.837715 0.208304 0.385814 0.966223 0.436575 0.243404 0.804992
80.400000 0.067641 0.838128 0.208241 0.385931 0.966386 0.436561 0.243486 0.805217
80.600000 0.067649 0.838112 0.207980 0.386193 0.966766 0.436778 0.243422 0.805329
80.800000 0.067628 0.838263 0.208235 0.386467 0.966861 0.436789 0.243827 0.805510
81.000000 0.067641 0.838050 0.208238 0.386907 0.967073 0.436307 0.243757 0.805801
81.200000 0.067612 0.838113 0.208252 0.387061 0.967248 0.436643 0.243614 0.805755
81.400000 0.067628 0.838291 0.208215 0.387284 0.967488 0.436838 0.243859 0.805929
81.600000 0.067617 0.838105 0.208184 0.387225 0.967617 0.436809 0.244123 0.806156
81.800000 0.067661 0.838227 0.208238 0.387794 0.967758 0.436574 0.244051 0.806256
82.000000 0.067616 0.838173 0.208192 0.387901 0.967727 0.436984 0.244135 0.806333
82.200000 0.067626 0.838257 0.208153 0.388293 0.967934 0.436744 0.244280 0.806353
82.400000 0.067593 0.838040 0.208378 0.388377 0.968109 0.436811 0.244216 0.806456
82.600000 0.067638 0.838291 0.208390 0.388669 0.968186 0.436908 0.244516 0.806600
82.800000 0.067658 0.838602 0.208334 0.389018 0.968443 0.436866 0.244573 0.806777
83.000000 0.067632 0.838451 0.208560 0.389188 0.968657 0.436968 0.244315 0.806622
83.200000 0.067623 0.838207 0.208140 0.389518 0.968818 0.436988 0.244725 0.807076
83.400000 0.067639 0.838266 0.208380 0.389782 0.968512 0.436984 0.244684 0.807047
83.600000 0.067609 0.838430 0.208354 0.389983 0.969032 0.436876 0.244714 0.807204
83.800000 0.067694 0.838350 0.208414 0.390215 0.969229 0.437145 0.244775 0.807285
84.000000 0.067684 0.838457 0.208402 0.390384 0.969285 0.436910 0.244789 0.807406
84.200000 0.067663 0.838615 0.208400 0.390644 0.969466 0.437000 0.245008 0.807551
84.400000 0.067643 0.838332 0.208464 0.390849 0.969603 0.437078 0.244960 0.807930
84.600000 0.067641 0.838529 0.208340 0.391147 0.969792 0.437090 0.245166 0.807757
84.800000 0.067692 0.838471 0.208502 0.391380 0.969871 0.437072 0.245209 0.807892
85.000000 0.067678 0.838584 0.208533 0.391606 0.970282 0.437073 0.245270 0.807966
85.200000 0.067692 0.838479 0.208500 0.391975 0.970229 0.437007 0.245332 0.808143
85.400000 0.067686 0.838747 0.208579 0.392032 0.970455 0.437030 0.245401 0.808320
85.600000 0.067664 0.838757 0.208376 0.392135 0.970380 0.437025 0.245658 0.808326
85.800000 0.067636 0.838527 0.208491 0.392337 0.970550 0.437018 0.245636 0.808353
86.000000 0.067676 0.838746 0.208599 0.392625 0.970678 0.437247 0.245549 0.808580
86.200000 0.067675 0.838774 0.208559 0.392994 0.970886 0.437203 0.245723 0.808860
86.400000 0.067558 0.838765 0.208488 0.393105 0.970847 0.437264 0.245743 0.808987
86.600000 0.067694 0.838688 0.208578 0.393431 0.971159 0.437229 0.245862 0.808947
86.800000 0.067680 0.838825 0.208656 0.393564 0.971359 0.437282 0.245882 0.809181
87.000000 0.067651 0.838782 0.208598 0.393781 0.971308 0.437316 0.245940 0.809123
87.200000 0.067716 0.839046 0.208699 0.394260 0.971503 0.437241 0.246125 0.809304
87.400000 0.067685 0.839000 0.208598 0.394304 0.971579 0.437395 0.246276 0.809424
87.600000 0.067703 0.839000 0.208667 0.394608 0.971840 0.437384 0.246267 0.809369
87.800000 0.067683 0.839105 0.208658 0.394833 0.971699 0.437377 0.246312 0.809590
88.000000 0.067664 0.838982 0.208715 0.395056 0.972077 0.437313 0.246407 0.809778
88.200000 0.067739 0.839231 0.208671 0.395312 0.972018 0.437452 0.246315 0.809682
88.400000 0.067663 0.838975 0.208713 0.395486 0.972217 0.437455 0.246569 0.809712
88.600000 0.067675 0.838844 0.208638 0.395380 0.972347 0.437436 0.246626 0.810053
88.800000 0.067687 0.839211 0.208464 0.395817 0.972119 0.437431 0.246615 0.810083
89.000000 0.067676 0.839164 0.208826 0.395973 0.972523 0.437414 0.246837 0.809981
89.200000 0.067624 0.839188 0.208660 0.396214 0.972594 0.437271 0.246757 0.810106
89.400000 0.067514 0.839216 0.208808 0.396387 0.972893 0.437520 0.246825 0.810315
89.600000 0.067661 0.839293 0.208800 0.396532 0.973012 0.437322 0.246742 0.810473
89.800000 0.067710 0.839240 0.208788 0.396963 0.972936 0.437439 0.246948 0.810478
90.000000 0.067661 0.839331 0.208802 0.396893 0.972901 0.437595 0.247050 0.810551
