0.200000 0.053342 0.445042 0.187058 0.257676 0.510965 0.436379 0.230505 0.429541
0.400000 0.053189 0.443839 0.186746 0.256896 0.508433 0.436052 0.230234 0.427985
0.600000 0.053192 0.443396 0.186670 0.256552 0.506991 0.436139 0.230171 0.426964
0.800000 0.053182 0.442619 0.186567 0.256168 0.505550 0.436059 0.229893 0.425769
1.000000 0.053161 0.442157 0.186542 0.256036 0.504432 0.435993 0.229648 0.424861
1.200000 0.053197 0.441675 0.186577 0.255317 0.502830 0.436000 0.229721 0.423759
1.400000 0.053188 0.441091 0.186560 0.254986 0.501618 0.436044 0.229375 0.422930
1.600000 0.053158 0.440517 0.186544 0.254773 0.500305 0.435818 0.229399 0.421612
1.800000 0.053145 0.440028 0.186333 0.254411 0.498885 0.435937 0.228884 0.420710
2.000000 0.053123 0.439508 0.186331 0.254106 0.497731 0.435895 0.229142 0.419726
2.200000 0.053129 0.438913 0.186396 0.253841 0.496259 0.435747 0.228958 0.418772
2.400000 0.052979 0.438423 0.186394 0.253413 0.495048 0.435868 0.228506 0.417689
2.600000 0.053101 0.437987 0.186412 0.253086 0.493687 0.435898 0.228670 0.416578
2.800000 0.053114 0.437483 0.186309 0.252751 0.492453 0.435828 0.228562 0.415775
3.000000 0.053252 0.436869 0.186293 0.252392 0.491053 0.435506 0.228369 0.414773
3.200000 0.052953 0.436555 0.186247 0.252016 0.489938 0.435848 0.228249 0.413654
3.400000 0.053231 0.436016 0.186149 0.251877 0.488560 0.435761 0.228072 0.412899
3.600000 0.053070 0.435544 0.186145 0.251498 0.487298 0.435684 0.227826 0.411913
3.800000 0.053079 0.434877 0.186101 0.251082 0.486088 0.435532 0.227663 0.410913
4.000000 0.053078 0.434631 0.186067 0.250611 0.485032 0.435513 0.227585 0.409975
4.200000 0.053073 0.434002 0.185879 0.250362 0.483699 0.435407 0.227394 0.409016
4.400000 0.052974 0.433543 0.186126 0.250198 0.482431 0.435584 0.227357 0.408104
4.600000 0.053042 0.433160 0.185890 0.249881 0.481128 0.435586 0.227062 0.407218
4.800000 0.053024 0.432601 0.185928 0.249538 0.480190 0.435521 0.226949 0.406097
5.000000 0.053010 0.432178 0.185851 0.249191 0.478694 0.435595 0.226954 0.405238
5.200000 0.053026 0.431698 0.185778 0.248657 0.477604 0.435602 0.226787 0.404362
5.400000 0.052871 0.431261 0.185736 0.248550 0.476254 0.435415 0.226594 0.403325
5.600000 0.053005 0.430768 0.185738 0.248135 0.475211 0.435399 0.226516 0.402544
5.800000 0.052997 0.430389 0.185624 0.247938 0.473950 0.435385 0.226399 0.401655
6.000000 0.052974 0.429870 0.185635 0.247801 0.472912 0.435202 0.226239 0.400814
6.200000 0.052968 0.429472 0.185586 0.247400 0.471763 0.435338 0.226088 0.399934
6.400000 0.053009 0.429198 0.185591 0.247105 0.470564 0.435349 0.226008 0.398943
6.600000 0.052955 0.428318 0.185431 0.246698 0.469058 0.435127 0.225748 0.397751
6.800000 0.053090 0.427836 0.185556 0.246314 0.467690 0.435044 0.225480 0.396754
7.000000 0.052824 0.427402 0.185684 0.246055 0.466716 0.435268 0.225515 0.395856
7.200000 0.052884 0.427030 0.185541 0.245722 0.465587 0.435179 0.225331 0.395150
7.400000 0.053067 0.426790 0.185367 0.245318 0.464495 0.435113 0.225090 0.394247
7.600000 0.052922 0.426141 0.185291 0.244990 0.463358 0.434920 0.225039 0.393486
7.800000 0.052921 0.425736 0.185247 0.244905 0.462399 0.434894 0.224861 0.392695
8.000000 0.052917 0.425451 0.185503 0.244541 0.461202 0.434937 0.224844 0.391707
8.200000 0.052910 0.425071 0.185221 0.244364 0.459903 0.434963 0.224652 0.391080
8.400000 0.052897 0.424678 0.185278 0.244023 0.458952 0.434918 0.224501 0.390195
8.600000 0.052864 0.424301 0.185227 0.243749 0.458035 0.434987 0.224172 0.389510
8.800000 0.052733 0.423747 0.185201 0.243470 0.456886 0.434743 0.224015 0.388539
9.000000 0.052878 0.423495 0.185135 0.243109 0.455979 0.434747 0.224040 0.387765
9.200000 0.052863 0.422946 0.185201 0.243072 0.454812 0.434912 0.223972 0.387037
9.400000 0.052863 0.422810 0.185239 0.242731 0.453948 0.434759 0.223712 0.386337
9.600000 0.052883 0.422240 0.185106 0.242543 0.453022 0.434829 0.223655 0.385535
9.800000 0.052829 0.421995 0.185030 0.242304 0.452101 0.434787 0.223541 0.384712
10.000000 0.052820 0.421714 0.184968 0.241959 0.450997 0.434772 0.223368 0.383975
10.200000 0.052693 0.421096 0.185025 0.241675 0.449974 0.434576 0.223251 0.383213
10.400000 0.052835 0.420820 0.184536 0.241288 0.448830 0.434675 0.223136 0.382417
10.600000 0.052866 0.420484 0.185030 0.241207 0.447916 0.434609 0.222962 0.381748
10.800000 0.052803 0.420017 0.184726 0.240857 0.446823 0.434430 0.222835 0.381005
11.000000 0.052828 0.419750 0.184650 0.240663 0.446016 0.434420 0.222779 0.380372
11.200000 0.052943 0.419400 0.184887 0.240459 0.445089 0.434721 0.222615 0.379579
11.400000 0.052805 0.419064 0.184691 0.240169 0.443816 0.434574 0.222462 0.378830
11.600000 0.052944 0.418553 0.184685 0.239860 0.443317 0.434536 0.222183 0.378151
11.800000 0.052761 0.418313 0.184665 0.239588 0.442243 0.434268 0.222170 0.377302
12.000000 0.052926 0.417953 0.184709 0.239275 0.441246 0.434355 0.222094 0.376587
12.200000 0.052654 0.417784 0.184684 0.239129 0.440363 0.434408 0.221946 0.375832
12.400000 0.052748 0.417185 0.184507 0.238822 0.439454 0.434315 0.221802 0.375290
12.600000 0.052753 0.416737 0.184513 0.238798 0.438272 0.434275 0.221704 0.374346
12.800000 0.052748 0.416621 0.184530 0.238476 0.437475 0.434175 0.221607 0.373716
13.000000 0.052699 0.416136 0.184621 0.238307 0.436778 0.434335 0.221324 0.373093
13.200000 0.052710 0.415986 0.184587 0.237992 0.435843 0.434244 0.221103 0.372385
13.400000 0.052606 0.415549 0.184506 0.237783 0.435114 0.434372 0.221187 0.371907
13.600000 0.052729 0.415489 0.184577 0.237672 0.434308 0.434231 0.221055 0.371354
13.800000 0.052747 0.415046 0.184687 0.237284 0.433552 0.434184 0.220795 0.370761
14.000000 0.052686 0.414882 0.184489 0.237217 0.432733 0.434171 0.220836 0.370053
14.200000 0.052734 0.414324 0.184552 0.236812 0.431913 0.434080 0.220690 0.369573
14.400000 0.052716 0.413989 0.184394 0.236806 0.431013 0.434103 0.220603 0.368891
14.600000 0.052704 0.413938 0.184359 0.236570 0.430145 0.434024 0.220437 0.368328
14.800000 0.052754 0.413365 0.184457 0.236492 0.429545 0.433965 0.220410 0.367605
15.000000 0.052542 0.413106 0.184433 0.236195 0.428703 0.434009 0.220231 0.367141
15.200000 0.052755 0.412993 0.184472 0.236049 0.427910 0.434079 0.220113 0.366553
15.400000 0.052685 0.412713 0.183972 0.235822 0.427181 0.433991 0.220121 0.366008
15.600000 0.052698 0.412362 0.184475 0.235472 0.426205 0.433869 0.219750 0.365356
15.800000 0.052676 0.412188 0.184168 0.235332 0.425708 0.434081 0.219784 0.364818
16.000000 0.052513 0.411581 0.184256 0.235088 0.424892 0.433891 0.219718 0.364180
16.200000 0.052727 0.411536 0.184110 0.234840 0.424134 0.433701 0.219495 0.363513
16.400000 0.052567 0.411347 0.184186 0.234821 0.423395 0.433763 0.219386 0.363058
16.600000 0.052643 0.410940 0.184082 0.234559 0.422638 0.433956 0.219299 0.362462
16.800000 0.052753 0.410733 0.184161 0.234236 0.421901 0.433706 0.219349 0.361896
17.000000 0.052496 0.410450 0.184103 0.234152 0.421289 0.433425 0.219016 0.361319
17.200000 0.052636 0.410188 0.184107 0.233959 0.420240 0.433718 0.218962 0.360852
17.400000 0.052640 0.409392 0.183803 0.233597 0.419399 0.433397 0.218511 0.359956
17.600000 0.052390 0.409344 0.183764 0.233170 0.418578 0.433109 0.218464 0.359365
17.800000 0.052224 0.409015 0.183770 0.233125 0.417733 0.433249 0.218490 0.358886
18.000000 0.052756 0.408847 0.183968 0.233051 0.417195 0.433570 0.218440 0.358297
18.200000 0.052614 0.408743 0.184093 0.232920 0.416530 0.433603 0.218213 0.357963
18.400000 0.052626 0.408329 0.183981 0.232716 0.415685 0.433391 0.218049 0.357221
18.600000 0.052589 0.408300 0.183940 0.232403 0.415176 0.433415 0.218157 0.356793
18.800000 0.052491 0.407767 0.183969 0.232284 0.414366 0.433484 0.217951 0.356280
19.000000 0.052587 0.407288 0.183758 0.232127 0.413505 0.433443 0.217834 0.355515
19.200000 0.052568 0.407326 0.183863 0.231930 0.412602 0.433351 0.217776 0.354880
19.400000 0.052513 0.406968 0.183739 0.231662 0.411979 0.433331 0.217565 0.354343
19.600000 0.052596 0.406789 0.183790 0.231777 0.411281 0.433242 0.217458 0.353964
19.800000 0.052595 0.406522 0.183808 0.231427 0.410690 0.433317 0.217357 0.353464
20.000000 0.052565 0.406146 0.183743 0.231218 0.410054 0.432959 0.217316 0.352863
20.200000 0.052542 0.406014 0.183843 0.230936 0.409408 0.433335 0.217173 0.352328
20.400000 0.052560 0.405493 0.183681 0.230902 0.408546 0.433178 0.217057 0.352111
20.600000 0.052514 0.405004 0.183273 0.230732 0.407899 0.433037 0.216917 0.312614
20.800000 0.052636 0.405156 0.183588 0.230295 0.407169 0.433021 0.216771 0.350863
21.000000 0.052496 0.405100 0.183662 0.230272 0.406705 0.433072 0.216721 0.350465
21.200000 0.052552 0.404742 0.183635 0.230171 0.406033 0.433086 0.216637 0.349988
21.400000 0.052539 0.404226 0.183761 0.229996 0.405405 0.432975 0.216793 0.349516
21.600000 0.052544 0.404278 0.183653 0.229655 0.404924 0.433008 0.216405 0.348997
21.800000 0.052376 0.404049 0.183643 0.229735 0.403987 0.433029 0.216303 0.348575
22.000000 0.052498 0.403778 0.183432 0.229561 0.403463 0.432990 0.216244 0.348072
22.200000 0.052527 0.403576 0.183637 0.229415 0.402951 0.432897 0.216201 0.347571
22.400000 0.052524 0.403315 0.183405 0.229169 0.402375 0.432928 0.216023 0.347078
22.600000 0.052506 0.403233 0.183494 0.229156 0.401630 0.433012 0.215913 0.346618
22.800000 0.052488 0.402826 0.183472 0.229034 0.401068 0.432847 0.215835 0.346164
23.000000 0.052345 0.402657 0.183454 0.228731 0.400444 0.432663 0.215727 0.345507
23.200000 0.052507 0.402222 0.183559 0.228444 0.399841 0.432756 0.215574 0.345295
23.400000 0.052367 0.402104 0.183520 0.228385 0.399201 0.432573 0.215489 0.344713
23.600000 0.052347 0.401995 0.183461 0.228191 0.398660 0.432836 0.215425 0.344243
23.800000 0.052472 0.401755 0.183543 0.228104 0.397967 0.432728 0.215442 0.343931
24.000000 0.052454 0.401534 0.183312 0.227962 0.397385 0.432733 0.215296 0.343347
24.200000 0.052472 0.401003 0.183296 0.227545 0.396833 0.432610 0.215028 0.342997
24.400000 0.052456 0.401047 0.183330 0.227651 0.396258 0.432458 0.214883 0.342574
24.600000 0.052462 0.400842 0.183293 0.227454 0.395681 0.432606 0.214949 0.342251
24.800000 0.052453 0.400481 0.183347 0.227318 0.395120 0.432553 0.214829 0.341689
25.000000 0.052341 0.400507 0.183154 0.227187 0.394568 0.432707 0.214717 0.341083
25.200000 0.052447 0.400212 0.183215 0.226965 0.393975 0.432450 0.214438 0.340719
25.400000 0.052429 0.399783 0.183156 0.226783 0.393298 0.432583 0.214502 0.340418
25.600000 0.052457 0.399753 0.183192 0.226628 0.392708 0.432366 0.214369 0.339876
25.800000 0.052451 0.399454 0.183160 0.226448 0.392004 0.432348 0.214255 0.339455
26.000000 0.052271 0.399232 0.183027 0.226371 0.391416 0.432304 0.213951 0.339026
26.200000 0.052418 0.398869 0.183016 0.225900 0.391009 0.432330 0.214005 0.338591
26.400000 0.052416 0.398862 0.183200 0.226134 0.390402 0.432306 0.213822 0.338188
26.600000 0.052416 0.398576 0.183155 0.225940 0.389661 0.432201 0.213859 0.337613
26.800000 0.052416 0.398325 0.183142 0.225756 0.389338 0.432196 0.213745 0.337313
27.000000 0.052410 0.398236 0.183213 0.225688 0.388765 0.432156 0.213733 0.336899
27.200000 0.052414 0.398039 0.182960 0.225513 0.388327 0.432233 0.213535 0.336412
27.400000 0.052437 0.397768 0.183205 0.225291 0.387661 0.432013 0.213394 0.336024
27.600000 0.052394 0.397631 0.183093 0.225148 0.387219 0.432177 0.213419 0.335578
27.800000 0.052388 0.397398 0.183085 0.224996 0.386637 0.432012 0.213305 0.335264
28.000000 0.052405 0.397173 0.183057 0.224857 0.386044 0.432004 0.213205 0.334808
28.200000 0.052352 0.396760 0.182855 0.224621 0.385478 0.432117 0.212983 0.334546
28.400000 0.052373 0.396802 0.183029 0.224506 0.385054 0.432097 0.212992 0.334153
28.600000 0.052219 0.396646 0.182811 0.224547 0.384505 0.431998 0.212897 0.333849
28.800000 0.052414 0.396568 0.182915 0.224295 0.384048 0.431937 0.212815 0.333365
29.000000 0.052345 0.396192 0.182873 0.224301 0.383553 0.431968 0.212558 0.332969
29.200000 0.052219 0.396016 0.183101 0.224086 0.383133 0.431910 0.212625 0.332614
29.400000 0.052348 0.395923 0.182880 0.223929 0.382543 0.432093 0.212406 0.332320
29.600000 0.052363 0.395767 0.182900 0.223807 0.381997 0.431885 0.212401 0.331876
29.800000 0.052193 0.395233 0.182836 0.223676 0.381542 0.431926 0.212364 0.331447
30.000000 0.052345 0.395298 0.182931 0.223666 0.381051 0.431576 0.212312 0.331099
30.200000 0.052488 0.394988 0.182524 0.223429 0.380459 0.431899 0.212021 0.330539
30.400000 0.052435 0.394852 0.182830 0.223372 0.380070 0.431755 0.212075 0.330399
30.600000 0.052425 0.394677 0.182731 0.223100 0.379503 0.431750 0.211930 0.329912
30.800000 0.052581 0.394321 0.182845 0.222820 0.378988 0.431660 0.211876 0.329539
31.000000 0.052804 0.394301 0.182740 0.222896 0.378644 0.431711 0.211818 0.329223
31.200000 0.053538 0.394241 0.182689 0.222738 0.378188 0.431554 0.211901 0.328927
31.400000 0.053930 0.393877 0.182684 0.222674 0.377836 0.431706 0.211523 0.328552
31.600000 0.054609 0.393757 0.182878 0.222703 0.377780 0.431591 0.211615 0.328645
31.800000 0.055343 0.393689 0.182830 0.222726 0.377901 0.431544 0.211554 0.328676
32.000000 0.056121 0.393598 0.182663 0.222476 0.378410 0.431574 0.211493 0.329132
32.200000 0.056935 0.393774 0.182862 0.222653 0.379036 0.431629 0.211617 0.329722
32.400000 0.057763 0.394104 0.182841 0.222866 0.380320 0.431569 0.211347 0.330591
32.600000 0.058541 0.394627 0.182810 0.223132 0.381876 0.431806 0.211461 0.331692
32.800000 0.059281 0.395131 0.182906 0.223457 0.383898 0.431494 0.211498 0.333180
33.000000 0.060070 0.396199 0.183035 0.223969 0.386256 0.431547 0.211353 0.334966
33.200000 0.060642 0.397778 0.183018 0.224654 0.389156 0.431484 0.211549 0.337052
33.400000 0.061235 0.399396 0.183329 0.225279 0.392385 0.431616 0.211578 0.339410
33.600000 0.061677 0.401760 0.183278 0.226188 0.395847 0.431588 0.211784 0.342065
33.800000 0.062317 0.404117 0.183436 0.227283 0.399810 0.431498 0.211770 0.344929
34.000000 0.062611 0.407012 0.183738 0.228373 0.403720 0.431438 0.211895 0.348000
34.200000 0.063022 0.410944 0.184132 0.229520 0.408256 0.431408 0.211824 0.351284
34.400000 0.063545 0.415031 0.184444 0.230850 0.413169 0.431625 0.212051 0.354944
34.600000 0.063887 0.419523 0.184686 0.232366 0.417945 0.431535 0.212186 0.358710
34.800000 0.063995 0.424620 0.185092 0.233649 0.422983 0.431572 0.212450 0.362688
35.000000 0.064415 0.429908 0.185397 0.235170 0.428239 0.431814 0.212296 0.366728
35.200000 0.064667 0.435925 0.185748 0.236791 0.433740 0.431783 0.212707 0.371004
35.400000 0.064998 0.441589 0.186058 0.238128 0.438885 0.431786 0.212851 0.375208
35.600000 0.064858 0.447742 0.186401 0.239434 0.444378 0.431813 0.212817 0.379300
35.800000 0.065233 0.453866 0.186705 0.241008 0.449797 0.431703 0.212927 0.383608
36.000000 0.065339 0.460390 0.187043 0.242248 0.455397 0.431871 0.213094 0.387909
36.200000 0.065351 0.467173 0.187271 0.243589 0.460928 0.431696 0.213144 0.392480
36.400000 0.065603 0.474200 0.187669 0.244973 0.466656 0.431849 0.213454 0.397114
36.600000 0.065708 0.481136 0.187925 0.246218 0.472527 0.431887 0.213543 0.401678
36.800000 0.065812 0.488406 0.188197 0.247797 0.478452 0.431901 0.213710 0.406549
37.000000 0.065906 0.495467 0.188518 0.248888 0.484328 0.431925 0.213797 0.411226
37.200000 0.066034 0.503181 0.188833 0.250468 0.490620 0.432026 0.214013 0.416634
37.400000 0.065935 0.512172 0.189072 0.251789 0.498010 0.431913 0.214070 0.422508
37.600000 0.066168 0.519714 0.189476 0.252994 0.504301 0.431841 0.214295 0.427370
37.800000 0.066369 0.527079 0.189725 0.254481 0.510293 0.432021 0.214477 0.432553
38.000000 0.066364 0.534653 0.190040 0.255606 0.516388 0.432018 0.214602 0.437622
38.200000 0.066234 0.542028 0.190348 0.257104 0.522652 0.432059 0.214738 0.442729
38.400000 0.066279 0.549266 0.190517 0.258244 0.528730 0.432123 0.214860 0.447750
38.600000 0.066453 0.556747 0.190845 0.259542 0.535100 0.431998 0.215103 0.452745
38.800000 0.066513 0.563933 0.191137 0.260688 0.541346 0.432147 0.215262 0.458019
39.000000 0.066504 0.571084 0.191349 0.261689 0.547139 0.432146 0.215410 0.463099
39.200000 0.066590 0.578235 0.191798 0.263045 0.553767 0.432270 0.215692 0.468167
39.400000 0.066599 0.585265 0.192087 0.264038 0.559970 0.432273 0.215597 0.473455
39.600000 0.066630 0.592308 0.192217 0.265408 0.566184 0.432146 0.215907 0.478645
39.800000 0.066662 0.599274 0.192459 0.266494 0.572244 0.432288 0.215918 0.483652
40.000000 0.066821 0.606033 0.192715 0.267731 0.578505 0.432329 0.216096 0.488765
40.200000 0.066692 0.612698 0.192961 0.268970 0.584681 0.432380 0.216362 0.494072
40.400000 0.066707 0.619472 0.193232 0.269996 0.590832 0.432391 0.216585 0.499140
40.600000 0.066762 0.625881 0.193512 0.271110 0.596928 0.432466 0.216711 0.504364
40.800000 0.066768 0.632359 0.193764 0.272214 0.603129 0.432425 0.216829 0.509235
41.000000 0.066758 0.638586 0.193843 0.273433 0.609223 0.432543 0.217087 0.514423
41.200000 0.066972 0.644761 0.194119 0.274460 0.615106 0.432546 0.217207 0.519645
41.400000 0.066850 0.650934 0.194380 0.275457 0.621039 0.432517 0.217418 0.524594
41.600000 0.066881 0.656867 0.194552 0.276577 0.627171 0.432478 0.217535 0.529571
41.800000 0.066912 0.662515 0.194786 0.277574 0.632971 0.432508 0.217680 0.534260
42.000000 0.066935 0.668107 0.195193 0.278773 0.638722 0.432627 0.217817 0.539172
42.200000 0.066978 0.673599 0.195429 0.279710 0.644568 0.432601 0.218097 0.544090
42.400000 0.066959 0.678886 0.195550 0.280613 0.650374 0.432738 0.218244 0.548722
42.600000 0.067070 0.684310 0.195658 0.281701 0.656080 0.432600 0.218437 0.553439
42.800000 0.067001 0.689351 0.195791 0.282784 0.661639 0.432628 0.218448 0.558134
43.000000 0.067000 0.694095 0.196183 0.283732 0.667393 0.432664 0.218759 0.562679
43.200000 0.067015 0.698919 0.196366 0.284810 0.672875 0.432674 0.218946 0.567252
43.400000 0.067064 0.703651 0.196553 0.285805 0.678122 0.432690 0.218957 0.571748
43.600000 0.067099 0.708240 0.196747 0.286757 0.683462 0.432913 0.219216 0.576232
43.800000 0.067095 0.713675 0.196984 0.287989 0.690222 0.432900 0.219458 0.581537
44.000000 0.067199 0.717863 0.197145 0.288981 0.695167 0.433039 0.219601 0.585802
44.200000 0.067264 0.721993 0.197171 0.289847 0.700445 0.432990 0.219709 0.589921
44.400000 0.067153 0.725814 0.197501 0.290956 0.705683 0.432960 0.219941 0.594102
44.600000 0.067134 0.729604 0.197642 0.291747 0.710511 0.432965 0.220289 0.598009
44.800000 0.067177 0.733360 0.197952 0.292760 0.715521 0.432962 0.220046 0.602006
45.000000 0.067192 0.737187 0.198352 0.293611 0.720645 0.433089 0.220432 0.606129
45.200000 0.067163 0.740636 0.198338 0.294499 0.725707 0.433077 0.220509 0.610157
45.400000 0.067186 0.744068 0.198430 0.295475 0.729987 0.433112 0.220817 0.613899
45.600000 0.067209 0.747214 0.198630 0.296387 0.734777 0.433145 0.220797 0.617800
45.800000 0.067183 0.750322 0.198666 0.297166 0.739175 0.433157 0.220968 0.621305
46.000000 0.067202 0.753399 0.198938 0.297930 0.743612 0.433077 0.221270 0.625135
46.200000 0.067230 0.756235 0.199030 0.299048 0.748207 0.433195 0.221390 0.628594
46.400000 0.067218 0.759108 0.199239 0.299906 0.752488 0.433313 0.221621 0.632211
46.600000 0.067234 0.761817 0.199358 0.300648 0.756638 0.433108 0.221739 0.635623
46.800000 0.067263 0.764333 0.199450 0.301515 0.761130 0.433283 0.222011 0.638916
47.000000 0.067269 0.766755 0.199649 0.302489 0.765157 0.433222 0.222152 0.642358
47.200000 0.067260 0.769166 0.199775 0.303228 0.769413 0.433402 0.222273 0.645669
47.400000 0.067281 0.771731 0.199960 0.304121 0.773441 0.433419 0.222340 0.648938
47.600000 0.067204 0.774093 0.200098 0.305088 0.777134 0.433366 0.222529 0.651780
47.800000 0.067294 0.776183 0.200331 0.305936 0.781063 0.433441 0.222639 0.655189
48.000000 0.067168 0.778372 0.200346 0.306481 0.784789 0.433565 0.222837 0.658042
48.200000 0.067329 0.780295 0.200648 0.307187 0.788649 0.433463 0.223103 0.661069
48.400000 0.067326 0.782313 0.200503 0.308201 0.792003 0.433400 0.223147 0.663920
48.600000 0.067174 0.784292 0.200730 0.309041 0.795525 0.433546 0.223489 0.666913
48.800000 0.067329 0.786054 0.200909 0.309771 0.799201 0.433544 0.223565 0.669566
49.000000 0.067313 0.787377 0.201030 0.310519 0.802711 0.433624 0.223786 0.672484
49.200000 0.067340 0.788996 0.201115 0.311377 0.805820 0.433933 0.223990 0.675124
49.400000 0.067362 0.790746 0.201359 0.312092 0.809048 0.433662 0.224043 0.677785
49.600000 0.067382 0.792186 0.201377 0.312921 0.812448 0.433553 0.224226 0.680192
49.800000 0.067357 0.793881 0.201462 0.313572 0.815610 0.433738 0.224324 0.682919
50.000000 0.067167 0.795267 0.201314 0.314451 0.819079 0.433539 0.224494 0.685624
50.200000 0.067341 0.796808 0.201603 0.315114 0.822017 0.433592 0.224621 0.688034
50.400000 0.067375 0.798164 0.201750 0.316076 0.825074 0.433658 0.224884 0.690606
50.600000 0.067413 0.799200 0.201893 0.316625 0.828047 0.433692 0.224861 0.692881
50.800000 0.067412 0.800530 0.201885 0.317523 0.830916 0.433905 0.225341 0.695061
51.000000 0.067369 0.801476 0.202141 0.318214 0.833557 0.433695 0.225357 0.697345
51.200000 0.067384 0.802862 0.202301 0.319032 0.836377 0.433883 0.225582 0.699764
51.400000 0.067398 0.804083 0.202214 0.319750 0.839043 0.433829 0.225740 0.702019
51.600000 0.067417 0.805067 0.202447 0.320579 0.841706 0.434103 0.225740 0.704058
51.800000 0.067404 0.806239 0.202633 0.321191 0.844269 0.433940 0.225913 0.706040
52.000000 0.067430 0.807158 0.202469 0.321689 0.846803 0.434010 0.226033 0.708140
52.200000 0.067534 0.808252 0.202717 0.322453 0.849595 0.434112 0.226350 0.710011
52.400000 0.067306 0.809135 0.202616 0.323187 0.851876 0.434024 0.226178 0.711742
52.600000 0.067411 0.809908 0.202894 0.323958 0.854306 0.433998 0.226535 0.714228
52.800000 0.067429 0.810607 0.202962 0.324637 0.856507 0.434137 0.226808 0.716083
53.000000 0.067410 0.811578 0.203068 0.325435 0.859034 0.433960 0.226953 0.717730
53.200000 0.067300 0.812269 0.203226 0.326007 0.861039 0.434264 0.227150 0.719735
53.400000 0.067456 0.812774 0.203173 0.326541 0.863227 0.434200 0.227140 0.721343
53.600000 0.067448 0.814002 0.203337 0.327367 0.865378 0.434360 0.227439 0.723236
53.800000 0.067490 0.814819 0.203490 0.327847 0.867296 0.434261 0.227601 0.724856
54.000000 0.067477 0.814853 0.203456 0.328792 0.869600 0.434309 0.227489 0.726525
54.200000 0.067164 0.815916 0.203545 0.329410 0.871568 0.434361 0.227877 0.728147
54.400000 0.067424 0.816615 0.203565 0.329769 0.873350 0.434258 0.227973 0.729548
54.600000 0.067450 0.817360 0.203800 0.330638 0.875482 0.434356 0.228118 0.731296
54.800000 0.067479 0.817741 0.203843 0.331277 0.877316 0.434312 0.228362 0.732792
55.000000 0.067489 0.818321 0.203884 0.331761 0.879042 0.434510 0.228440 0.734285
55.200000 0.067479 0.819180 0.203906 0.332345 0.880980 0.434392 0.228482 0.735662
55.400000 0.067495 0.819669 0.204110 0.333012 0.882616 0.434466 0.228590 0.737184
55.600000 0.067481 0.820066 0.204132 0.333856 0.884547 0.434488 0.228880 0.738732
55.800000 0.067499 0.820715 0.204219 0.334432 0.886180 0.434549 0.229138 0.739932
56.000000 0.067550 0.821225 0.204046 0.334961 0.887783 0.434543 0.229245 0.741396
56.200000 0.067487 0.821649 0.204446 0.335814 0.889847 0.434425 0.229522 0.742955
56.400000 0.067481 0.822096 0.204219 0.336438 0.891447 0.434516 0.229576 0.744438
56.600000 0.067493 0.822728 0.204335 0.336854 0.892890 0.434687 0.229204 0.745190
56.800000 0.067518 0.823329 0.204353 0.337523 0.894474 0.434691 0.229736 0.746839
57.000000 0.067496 0.823684 0.204572 0.338022 0.896021 0.434693 0.230035 0.748019
57.200000 0.067523 0.823856 0.204580 0.338688 0.897443 0.434680 0.229957 0.749196
57.400000 0.067512 0.824396 0.204687 0.339311 0.898864 0.434749 0.230387 0.750390
57.600000 0.067512 0.824865 0.204810 0.339937 0.900148 0.434697 0.230517 0.751398
57.800000 0.067544 0.825088 0.204660 0.340521 0.901618 0.434862 0.230402 0.752429
58.000000 0.067523 0.825650 0.204830 0.341024 0.902975 0.434823 0.230762 0.753558
58.200000 0.067514 0.825983 0.204889 0.341536 0.904102 0.434848 0.230892 0.754757
58.400000 0.067518 0.826359 0.204862 0.341996 0.905585 0.434738 0.230869 0.755845
58.600000 0.067542 0.826586 0.204995 0.342720 0.906868 0.434884 0.231078 0.756729
58.800000 0.067568 0.826990 0.205219 0.343304 0.907976 0.434865 0.231309 0.757864
59.000000 0.067583 0.827266 0.205123 0.343872 0.909410 0.434888 0.231593 0.758859
59.200000 0.067530 0.827573 0.205328 0.344207 0.910496 0.434811 0.231558 0.759695
59.400000 0.067551 0.827940 0.205262 0.344784 0.911628 0.434910 0.231630 0.760552
59.600000 0.067557 0.828094 0.205323 0.345264 0.912691 0.435101 0.231901 0.761702
59.800000 0.067467 0.828442 0.205349 0.345837 0.913795 0.435075 0.231971 0.762482
60.000000 0.067557 0.828674 0.205430 0.346506 0.915068 0.435161 0.232097 0.763519
60.200000 0.067580 0.828949 0.205246 0.347106 0.916011 0.435054 0.232298 0.764203
60.400000 0.067583 0.829045 0.205471 0.347551 0.917310 0.434970 0.232513 0.765083
60.600000 0.067588 0.829326 0.205643 0.347965 0.918133 0.435134 0.232689 0.766276
60.800000 0.067566 0.829679 0.205559 0.348662 0.919121 0.435049 0.232696 0.766977
61.000000 0.067728 0.829857 0.205641 0.349000 0.920174 0.435082 0.232795 0.767539
61.200000 0.067582 0.830168 0.205756 0.349662 0.921337 0.435157 0.232850 0.768635
61.400000 0.067568 0.830648 0.205800 0.350161 0.922357 0.435278 0.233142 0.769466
61.600000 0.067725 0.830702 0.205770 0.350612 0.923171 0.435305 0.233263 0.770126
61.800000 0.067624 0.830993 0.205696 0.350831 0.924260 0.435327 0.233396 0.771121
62.000000 0.067737 0.831127 0.205901 0.351417 0.925380 0.435304 0.233552 0.771642
62.200000 0.067633 0.831362 0.206128 0.352076 0.926225 0.435402 0.233728 0.772691
62.400000 0.067593 0.831738 0.205854 0.352821 0.927318 0.435361 0.233827 0.773463
62.600000 0.067607 0.832005 0.205863 0.353487 0.928302 0.435398 0.234005 0.774264
62.800000 0.067630 0.831793 0.206050 0.353811 0.929229 0.435443 0.233766 0.775044
63.000000 0.067626 0.832337 0.206097 0.354601 0.929614 0.435420 0.234073 0.775855
63.200000 0.067728 0.832465 0.206057 0.354673 0.930675 0.435438 0.234235 0.776364
63.400000 0.067631 0.832635 0.206013 0.355118 0.931260 0.435360 0.195432 0.776903
63.600000 0.067453 0.832680 0.206267 0.355592 0.932444 0.435627 0.234560 0.777440
63.800000 0.067737 0.832844 0.206252 0.356068 0.932934 0.435517 0.234868 0.778287
64.000000 0.067467 0.833063 0.206301 0.356719 0.933769 0.435595 0.234973 0.778725
64.200000 0.067460 0.833129 0.206147 0.357035 0.934441 0.435461 0.234945 0.779386
64.400000 0.067603 0.833587 0.206310 0.357578 0.935307 0.435492 0.235127 0.780138
64.600000 0.067466 0.833559 0.206426 0.358266 0.935978 0.435498 0.235248 0.780634
64.800000 0.067599 0.833615 0.206304 0.358568 0.936642 0.435623 0.235399 0.820228
65.000000 0.067455 0.833792 0.206481 0.359163 0.898563 0.435636 0.235569 0.781579
65.200000 0.067453 0.834140 0.206580 0.359497 0.938242 0.435708 0.235695 0.782196
65.400000 0.067641 0.833845 0.206594 0.359687 0.939139 0.435881 0.235598 0.782830
65.600000 0.067625 0.834282 0.206590 0.360409 0.939389 0.435717 0.235819 0.783524
65.800000 0.067646 0.834414 0.206539 0.360721 0.940142 0.435787 0.236038 0.783728
66.000000 0.067647 0.834429 0.206686 0.361218 0.940276 0.435942 0.236146 0.784400
66.200000 0.067661 0.834575 0.206621 0.361495 0.941424 0.435771 0.236270 0.784854
66.400000 0.067657 0.834865 0.206664 0.362182 0.941991 0.435703 0.236485 0.785407
66.600000 0.067657 0.834704 0.206841 0.362400 0.942616 0.435931 0.236604 0.785927
66.800000 0.067658 0.834947 0.206797 0.362947 0.943162 0.435824 0.236717 0.786446
67.000000 0.067636 0.834735 0.206827 0.363196 0.943763 0.435831 0.236768 0.786797
67.200000 0.067646 0.834932 0.206832 0.363665 0.944224 0.435833 0.236847 0.787367
67.400000 0.067654 0.835138 0.206839 0.364210 0.944883 0.435877 0.236976 0.787696
67.600000 0.067645 0.835251 0.206786 0.364410 0.945403 0.435917 0.237117 0.788230
67.800000 0.067610 0.835329 0.206776 0.364890 0.945790 0.435826 0.237123 0.788702
68.000000 0.067609 0.835422 0.206904 0.365416 0.946505 0.436059 0.237330 0.789166
68.200000 0.067679 0.835531 0.206983 0.365849 0.946990 0.436028 0.237555 0.789312
68.400000 0.067676 0.835812 0.206964 0.366134 0.947870 0.436224 0.237597 0.790098
68.600000 0.067598 0.835762 0.207046 0.366545 0.948326 0.436094 0.237677 0.790567
68.800000 0.067695 0.836067 0.207053 0.366870 0.948556 0.436087 0.237797 0.790837
69.000000 0.067674 0.836145 0.207092 0.367454 0.949188 0.435994 0.238062 0.791180
69.200000 0.067669 0.836064 0.207198 0.367789 0.949775 0.436111 0.237959 0.791704
69.400000 0.067671 0.836219 0.207068 0.368260 0.950184 0.436123 0.238131 0.791754
69.600000 0.067666 0.836413 0.207358 0.368672 0.950737 0.436278 0.238221 0.792460
69.800000 0.067665 0.836541 0.207272 0.368993 0.951175 0.436172 0.238413 0.792827
70.000000 0.067658 0.836602 0.207343 0.369505 0.951422 0.436218 0.238636 0.793239
70.200000 0.067650 0.836624 0.207320 0.369862 0.951698 0.436121 0.238548 0.793359
70.400000 0.067615 0.836749 0.207080 0.370073 0.952477 0.436243 0.238648 0.793849
70.600000 0.067655 0.836860 0.207152 0.370591 0.952824 0.436253 0.238929 0.794278
70.800000 0.067457 0.836517 0.207247 0.370833 0.953169 0.435981 0.238882 0.794253
71.000000 0.067646 0.836795 0.207321 0.371172 0.953707 0.436280 0.238962 0.794734
71.200000 0.067647 0.836803 0.207366 0.371798 0.954182 0.436342 0.239177 0.795148
71.400000 0.067471 0.837019 0.207415 0.372030 0.954494 0.436250 0.239334 0.795555
71.600000 0.067748 0.837158 0.207401 0.372290 0.954746 0.436266 0.239263 0.795838
71.800000 0.067644 0.837187 0.207489 0.372711 0.955299 0.436286 0.239495 0.796107
72.000000 0.067623 0.837191 0.207379 0.373189 0.955663 0.436437 0.239436 0.796484
72.200000 0.067663 0.837314 0.207481 0.373563 0.955116 0.436333 0.239763 0.796787
72.400000 0.067628 0.837261 0.207539 0.373950 0.956552 0.436460 0.239846 0.797223
72.600000 0.067635 0.837333 0.207368 0.374225 0.956791 0.436469 0.240000 0.797372
72.800000 0.067659 0.837404 0.207564 0.374582 0.957040 0.436499 0.240123 0.797580
73.000000 0.067658 0.837410 0.207586 0.374793 0.957618 0.436480 0.240123 0.797967
73.200000 0.067613 0.837640 0.207647 0.375082 0.957804 0.436530 0.240295 0.798336
73.400000 0.067676 0.837638 0.207661 0.375771 0.958392 0.436254 0.240201 0.798344
73.600000 0.067695 0.837574 0.207379 0.375984 0.958607 0.436698 0.240412 0.798818
73.800000 0.067531 0.837691 0.207711 0.376433 0.958951 0.436486 0.240555 0.799117
74.000000 0.067484 0.837532 0.207685 0.376636 0.959191 0.436403 0.240421 0.799170
74.200000 0.067693 0.837746 0.207779 0.376948 0.959692 0.436773 0.240808 0.799782
74.400000 0.067707 0.837942 0.207743 0.377434 0.960087 0.436656 0.240935 0.799868
74.600000 0.067684 0.837960 0.207682 0.377792 0.960530 0.436811 0.240954 0.800184
74.800000 0.067686 0.837875 0.207709 0.378027 0.960690 0.436572 0.241114 0.800474
75.000000 0.067688 0.838016 0.207775 0.378631 0.961049 0.436835 0.241345 0.800872
75.200000 0.067710 0.838118 0.207901 0.378724 0.961433 0.436747 0.241308 0.800805
75.400000 0.067707 0.838435 0.207828 0.379087 0.961558 0.436796 0.241470 0.801109
75.600000 0.067639 0.838412 0.207917 0.379472 0.961633 0.436825 0.241404 0.801460
75.800000 0.067512 0.838285 0.207714 0.379778 0.962113 0.436885 0.241603 0.801656
76.000000 0.067665 0.838263 0.207912 0.380096 0.962402 0.436721 0.241653 0.801816
76.200000 0.067651 0.838335 0.207888 0.380485 0.962777 0.436785 0.241835 0.802149
76.400000 0.067654 0.838385 0.208193 0.380809 0.962910 0.436888 0.241866 0.802180
76.600000 0.067643 0.838406 0.208018 0.381120 0.963215 0.436878 0.241861 0.802471
76.800000 0.067684 0.838463 0.207840 0.381397 0.963377 0.436851 0.242063 0.802703
77.000000 0.067680 0.838759 0.208101 0.381630 0.963614 0.436893 0.242069 0.802783
77.200000 0.067597 0.838344 0.207533 0.381904 0.963774 0.436745 0.241880 0.802987
77.400000 0.067667 0.838658 0.208122 0.382230 0.964331 0.436890 0.242334 0.803293
77.600000 0.067682 0.839037 0.207902 0.382496 0.964658 0.436968 0.242341 0.803436
77.800000 0.067662 0.838885 0.208074 0.382888 0.964738 0.436881 0.242592 0.803747
78.000000 0.067672 0.838894 0.208041 0.383054 0.964913 0.436866 0.242631 0.803791
78.200000 0.067655 0.838801 0.208116 0.383152 0.965201 0.436887 0.242751 0.803844
78.400000 0.067662 0.838797 0.208132 0.383781 0.965472 0.437068 0.242798 0.804217
78.600000 0.067682 0.839031 0.208231 0.384201 0.965479 0.437100 0.242898 0.804293
78.800000 0.067701 0.838873 0.208052 0.384373 0.965687 0.437046 0.242988 0.804583
79.000000 0.067738 0.839073 0.208212 0.384691 0.965983 0.437109 0.243120 0.804642
79.200000 0.067692 0.838633 0.208206 0.384834 0.966110 0.437040 0.243114 0.804820
79.400000 0.067670 0.838736 0.208393 0.385268 0.966400 0.437016 0.243255 0.805142
79.600000 0.067737 0.838714 0.208196 0.385520 0.966745 0.437139 0.243280 0.805138
79.800000 0.067503 0.838490 0.208240 0.385659 0.966714 0.437211 0.243469 0.805221
80.000000 0.067692 0.838686 0.208417 0.386035 0.966973 0.437219 0.243311 0.805609
80.200000 0.067683 0.838913 0.208354 0.386429 0.967276 0.437219 0.243830 0.805736
80.400000 0.067642 0.838693 0.208250 0.386609 0.967332 0.437123 0.243811 0.805947
80.600000 0.067694 0.838858 0.208356 0.386968 0.967667 0.437197 0.243871 0.806080
80.800000 0.067678 0.838927 0.208549 0.387348 0.967885 0.437343 0.243910 0.805920
81.000000 0.067697 0.838792 0.208297 0.387553 0.967996 0.437249 0.244032 0.806388
81.200000 0.067700 0.838850 0.208370 0.387729 0.968315 0.437014 0.244084 0.806524
81.400000 0.067706 0.839203 0.208398 0.388030 0.968459 0.437393 0.244211 0.806430
81.600000 0.067673 0.838923 0.208301 0.388190 0.968565 0.437390 0.244145 0.806878
81.800000 0.067692 0.838988 0.208530 0.388532 0.968734 0.437343 0.244355 0.806753
82.000000 0.067682 0.838878 0.208403 0.388693 0.968964 0.437353 0.244325 0.807168
82.200000 0.067702 0.839076 0.208266 0.388954 0.968937 0.437444 0.244522 0.807139
82.400000 0.067685 0.838999 0.208523 0.389388 0.969381 0.437456 0.244504 0.807322
82.600000 0.067700 0.839047 0.208343 0.389510 0.969686 0.437466 0.244630 0.807483
82.800000 0.067623 0.839051 0.208563 0.389787 0.969430 0.437374 0.244655 0.807628
83.000000 0.067690 0.839060 0.208498 0.390151 0.969818 0.437504 0.244790 0.807719
83.200000 0.067644 0.839070 0.208501 0.390215 0.969793 0.437378 0.244786 0.807798
83.400000 0.067623 0.838987 0.208458 0.390338 0.969961 0.437442 0.244877 0.807881
83.600000 0.067671 0.839024 0.208320 0.390682 0.969870 0.437442 0.244910 0.808218
83.800000 0.067675 0.838891 0.208507 0.390945 0.969901 0.437437 0.245060 0.807896
84.000000 0.067727 0.838938 0.208585 0.391123 0.970411 0.437539 0.245073 0.808340
84.200000 0.067713 0.839220 0.208331 0.391634 0.970548 0.437727 0.245266 0.808531
84.400000 0.067714 0.839161 0.208612 0.391551 0.970706 0.437439 0.245349 0.808448
84.600000 0.067680 0.839162 0.208502 0.391989 0.970813 0.437582 0.245426 0.808540
84.800000 0.067796 0.839189 0.208589 0.392042 0.970985 0.437484 0.245479 0.808643
85.000000 0.067708 0.839316 0.208621 0.392409 0.971165 0.437527 0.245597 0.808729
85.200000 0.067713 0.839378 0.208656 0.392695 0.971366 0.437665 0.245509 0.808930
85.400000 0.067686 0.839125 0.208523 0.392866 0.971324 0.437719 0.245540 0.809029
85.600000 0.067725 0.839105 0.208440 0.392615 0.971400 0.437429 0.245690 0.809025
85.800000 0.067694 0.839309 0.208617 0.393259 0.971571 0.437755 0.245876 0.809268
86.000000 0.067723 0.838930 0.208721 0.393460 0.971629 0.437717 0.245933 0.809327
86.200000 0.067716 0.839332 0.208733 0.393744 0.971883 0.437608 0.245851 0.809434
86.400000 0.067694 0.839369 0.208675 0.393909 0.971931 0.437772 0.246038 0.809469
86.600000 0.067763 0.839505 0.208856 0.394245 0.972232 0.437788 0.246335 0.809608
86.800000 0.067731 0.839273 0.208880 0.394531 0.972350 0.437515 0.246255 0.809690
87.000000 0.067709 0.839300 0.208743 0.394629 0.972393 0.437815 0.246142 0.809801
87.200000 0.067691 0.839357 0.208673 0.394755 0.972368 0.437634 0.246171 0.809656
87.400000 0.067735 0.839428 0.208846 0.395106 0.972719 0.437885 0.246460 0.810196
87.600000 0.067598 0.839391 0.208783 0.395419 0.972666 0.437921 0.246574 0.810356
87.800000 0.067717 0.839254 0.208774 0.395591 0.972752 0.437964 0.246734 0.810109
88.000000 0.067742 0.839274 0.208773 0.395848 0.973151 0.438063 0.246661 0.810384
88.200000 0.067653 0.839666 0.208747 0.396068 0.972936 0.437920 0.246583 0.810316
88.400000 0.067737 0.839482 0.208852 0.396247 0.973268 0.437777 0.246913 0.810557
88.600000 0.067720 0.839514 0.208923 0.396467 0.973138 0.438005 0.246974 0.810450
88.800000 0.067880 0.839649 0.208958 0.396718 0.973507 0.437831 0.246924 0.810844
89.000000 0.067893 0.839677 0.208942 0.396851 0.973283 0.438041 0.246888 0.810952
89.200000 0.067899 0.839557 0.208796 0.397135 0.973893 0.437985 0.247074 0.810984
89.400000 0.067742 0.839622 0.209013 0.397202 0.973939 0.438015 0.247137 0.810948
89.600000 0.067745 0.839804 0.208979 0.397544 0.973659 0.437949 0.247059 0.810942
89.800000 0.067737 0.839850 0.208917 0.397759 0.973757 0.437949 0.247219 0.811108
90.000000 0.067598 0.839738 0.208954 0.397886 0.974206 0.438194 0.247197 0.811291
