0.200000 0.287778 0.471810 0.223833 0.282204 0.598448 0.416663 0.256801 0.504916
0.400000 0.287290 0.470594 0.223653 0.281771 0.595408 0.416472 0.256523 0.502674
0.600000 0.287093 0.469982 0.223804 0.281481 0.593720 0.416583 0.256496 0.501391
0.800000 0.287167 0.469247 0.223589 0.281132 0.592081 0.416629 0.256464 0.499916
1.000000 0.287067 0.507811 0.223579 0.281020 0.590511 0.416557 0.256290 0.498757
1.200000 0.286877 0.468134 0.223652 0.280764 0.588730 0.416544 0.256252 0.497393
1.400000 0.286956 0.467164 0.223401 0.280458 0.587078 0.416615 0.256245 0.496085
1.600000 0.286850 0.466917 0.223606 0.280248 0.585378 0.416478 0.256135 0.494985
1.800000 0.286845 0.466299 0.223588 0.279949 0.583751 0.416472 0.256103 0.493488
2.000000 0.286582 0.465646 0.223677 0.279546 0.582120 0.416514 0.255968 0.492365
2.200000 0.286654 0.465270 0.223542 0.279463 0.580373 0.416484 0.255825 0.491133
2.400000 0.286461 0.464215 0.223404 0.279167 0.578817 0.416515 0.255833 0.489655
2.600000 0.286513 0.463901 0.223641 0.278788 0.577217 0.416436 0.255901 0.488749
2.800000 0.286559 0.463543 0.223675 0.278533 0.575733 0.416578 0.255750 0.487384
3.000000 0.286466 0.462818 0.223514 0.278342 0.573897 0.416635 0.255787 0.486358
3.200000 0.286126 0.462228 0.223676 0.278367 0.572599 0.416534 0.255648 0.485111
3.400000 0.286346 0.461715 0.223677 0.278086 0.570880 0.416547 0.255629 0.483919
3.600000 0.286232 0.461087 0.223547 0.277796 0.569484 0.416485 0.255606 0.482728
3.800000 0.286227 0.460639 0.223505 0.277621 0.568049 0.416547 0.255500 0.481497
4.000000 0.286142 0.459913 0.223416 0.277517 0.566360 0.416482 0.255331 0.480486
4.200000 0.286048 0.459322 0.223529 0.277221 0.564735 0.416257 0.255367 0.479031
4.400000 0.285968 0.458964 0.223436 0.276799 0.563285 0.416529 0.255324 0.477974
4.600000 0.285936 0.458476 0.223466 0.276704 0.561677 0.416561 0.255202 0.476866
4.800000 0.285838 0.457828 0.223477 0.276436 0.560212 0.416505 0.255038 0.475715
5.000000 0.285782 0.457242 0.223273 0.276213 0.558683 0.416331 0.254988 0.474535
5.200000 0.285619 0.456650 0.223300 0.275863 0.557232 0.416322 0.254918 0.473273
5.400000 0.285506 0.456169 0.223231 0.275695 0.555593 0.416291 0.254717 0.472134
5.600000 0.285448 0.455293 0.223236 0.275414 0.554315 0.415996 0.254670 0.471103
5.800000 0.285311 0.455015 0.223256 0.275187 0.552710 0.416116 0.254614 0.470087
6.000000 0.285360 0.454677 0.223153 0.274966 0.551365 0.416301 0.254539 0.468768
6.200000 0.285300 0.454246 0.223380 0.274756 0.550037 0.416116 0.254514 0.467767
6.400000 0.285232 0.453534 0.223213 0.274535 0.548518 0.416194 0.254632 0.466192
6.600000 0.285092 0.452665 0.223153 0.274089 0.546346 0.416144 0.254399 0.464970
6.800000 0.285000 0.452265 0.223062 0.273984 0.544745 0.416117 0.254257 0.463455
7.000000 0.284619 0.451639 0.222799 0.273560 0.542921 0.416035 0.254115 0.462416
7.200000 0.284659 0.450892 0.222937 0.273210 0.541209 0.416004 0.254052 0.461114
7.400000 0.284821 0.450530 0.223063 0.273201 0.540112 0.416166 0.254361 0.460327
7.600000 0.284669 0.449943 0.222861 0.273117 0.538704 0.415958 0.253972 0.458985
7.800000 0.284755 0.449773 0.223184 0.272949 0.537375 0.416227 0.254088 0.458158
8.000000 0.284601 0.449229 0.223134 0.272635 0.535905 0.416228 0.254013 0.457144
8.200000 0.284629 0.448628 0.223108 0.272357 0.534635 0.416153 0.253940 0.456106
8.400000 0.284452 0.448449 0.222998 0.272365 0.533384 0.416111 0.253933 0.455178
8.600000 0.284511 0.447783 0.223174 0.272076 0.532103 0.415983 0.253861 0.454182
8.800000 0.284491 0.447333 0.223002 0.271777 0.530822 0.416051 0.253665 0.453106
9.000000 0.284396 0.446993 0.223230 0.271645 0.529621 0.416183 0.253750 0.452266
9.200000 0.284360 0.446496 0.223082 0.271542 0.528286 0.416064 0.253487 0.451209
9.400000 0.284134 0.446141 0.223032 0.271214 0.527152 0.416101 0.253566 0.450257
9.600000 0.284228 0.445603 0.222991 0.271047 0.525785 0.416147 0.253546 0.449320
9.800000 0.284202 0.445236 0.222961 0.270907 0.524662 0.416065 0.253399 0.448423
10.000000 0.283995 0.444928 0.223148 0.270699 0.523232 0.416049 0.253350 0.447453
10.200000 0.284043 0.444421 0.222864 0.270437 0.522142 0.415961 0.253266 0.446360
10.400000 0.284014 0.443938 0.223005 0.270461 0.521011 0.416084 0.253183 0.445588
10.600000 0.283945 0.443463 0.222901 0.270122 0.519718 0.416047 0.253149 0.444708
10.800000 0.283862 0.442963 0.222916 0.269771 0.518283 0.415816 0.253092 0.443587
11.000000 0.283822 0.442726 0.222672 0.269665 0.517401 0.415872 0.253012 0.442863
11.200000 0.283740 0.442336 0.222936 0.269576 0.516062 0.416029 0.252953 0.441812
11.400000 0.283685 0.441778 0.222876 0.269444 0.514889 0.415784 0.252847 0.441122
11.600000 0.283644 0.441578 0.222832 0.269159 0.513646 0.415983 0.252828 0.440199
11.800000 0.283629 0.441163 0.222894 0.269094 0.512425 0.415809 0.252759 0.439178
12.000000 0.283544 0.440712 0.222854 0.268725 0.511367 0.416001 0.252554 0.438286
12.200000 0.283406 0.440320 0.222832 0.268632 0.510156 0.415896 0.252664 0.437554
12.400000 0.283396 0.439812 0.222787 0.268546 0.509167 0.415981 0.252617 0.436695
12.600000 0.283065 0.439363 0.222761 0.268270 0.507761 0.415839 0.252501 0.435602
12.800000 0.283312 0.438868 0.222573 0.268022 0.506702 0.415872 0.252388 0.434851
13.000000 0.283269 0.438653 0.222699 0.267801 0.505884 0.415883 0.252504 0.434098
13.200000 0.283133 0.438317 0.222715 0.267759 0.504642 0.415896 0.252307 0.433261
13.400000 0.283101 0.437921 0.222577 0.267494 0.503793 0.415901 0.252171 0.432470
13.600000 0.282948 0.437753 0.222693 0.267392 0.502701 0.415909 0.252128 0.431705
13.800000 0.283020 0.437300 0.222668 0.267252 0.501647 0.415694 0.252218 0.431141
14.000000 0.283039 0.436968 0.222746 0.267130 0.500774 0.415722 0.252200 0.430148
14.200000 0.282937 0.436619 0.222514 0.267001 0.499598 0.415942 0.251983 0.429534
14.400000 0.282888 0.436050 0.222416 0.266588 0.498703 0.415749 0.251897 0.428696
14.600000 0.282851 0.435802 0.222684 0.266628 0.497646 0.415669 0.251894 0.427951
14.800000 0.282509 0.435420 0.222598 0.266343 0.496552 0.415352 0.251743 0.427080
15.000000 0.282484 0.435067 0.222489 0.266197 0.495566 0.415396 0.251479 0.426109
15.200000 0.282552 0.434858 0.222342 0.266085 0.494759 0.415499 0.251762 0.425656
15.400000 0.282524 0.434290 0.222384 0.265839 0.493659 0.415682 0.251518 0.424904
15.600000 0.282365 0.434107 0.222178 0.265640 0.492744 0.415553 0.251429 0.424163
15.800000 0.282398 0.433768 0.222382 0.265625 0.491893 0.415535 0.251395 0.423287
16.000000 0.282387 0.433439 0.222276 0.265461 0.490931 0.415551 0.251415 0.422788
16.200000 0.282304 0.433168 0.222375 0.265323 0.490078 0.415590 0.251418 0.422053
16.400000 0.282277 0.432811 0.222370 0.265241 0.488986 0.415505 0.251206 0.421512
16.600000 0.282185 0.432501 0.222223 0.265016 0.488278 0.415500 0.251037 0.420542
16.800000 0.282128 0.432090 0.222355 0.264950 0.487298 0.415503 0.251110 0.419994
17.000000 0.282089 0.431876 0.222200 0.264670 0.486308 0.415237 0.250862 0.419278
17.200000 0.282061 0.431534 0.222375 0.264561 0.485452 0.415562 0.251104 0.418479
17.400000 0.282126 0.431235 0.222210 0.264393 0.484551 0.415358 0.250917 0.417820
17.600000 0.281966 0.430778 0.222189 0.264165 0.483568 0.415492 0.250725 0.417267
17.800000 0.281810 0.430452 0.222276 0.264114 0.482778 0.415472 0.250832 0.416582
18.000000 0.281845 0.430395 0.222295 0.263834 0.481840 0.415397 0.250626 0.415896
18.200000 0.281814 0.429906 0.222237 0.263968 0.481021 0.415384 0.250661 0.415298
18.400000 0.281773 0.429683 0.222231 0.263659 0.480146 0.415400 0.250602 0.414615
18.600000 0.281715 0.429254 0.222253 0.263428 0.479360 0.415397 0.250410 0.413916
18.800000 0.281709 0.429164 0.222200 0.263384 0.478263 0.415437 0.250422 0.413353
19.000000 0.281603 0.428515 0.222315 0.263196 0.477017 0.415354 0.250439 0.412292
19.200000 0.281438 0.428280 0.222168 0.263187 0.476145 0.415376 0.250331 0.411655
19.400000 0.281483 0.427930 0.222315 0.262799 0.475319 0.415199 0.250320 0.411051
19.600000 0.281464 0.427699 0.222081 0.262730 0.474555 0.415341 0.250229 0.410354
19.800000 0.281417 0.427282 0.222048 0.262755 0.473803 0.415234 0.250217 0.409728
20.000000 0.281358 0.426969 0.222121 0.262515 0.473140 0.415213 0.250194 0.409177
20.200000 0.281146 0.426874 0.222023 0.262403 0.472256 0.415220 0.250133 0.408545
20.400000 0.281270 0.426552 0.222102 0.262132 0.471374 0.415273 0.250055 0.407863
20.600000 0.281365 0.426315 0.221897 0.262063 0.470634 0.415332 0.249971 0.407140
20.800000 0.281163 0.425994 0.222057 0.261709 0.469807 0.415220 0.249786 0.406710
21.000000 0.281166 0.425786 0.221917 0.261963 0.468832 0.415344 0.249680 0.406164
21.200000 0.281128 0.425454 0.222092 0.261827 0.468139 0.415223 0.249644 0.405671
21.400000 0.280918 0.425169 0.221760 0.261548 0.467373 0.415294 0.249777 0.404881
21.600000 0.281007 0.424984 0.222105 0.261459 0.466647 0.415317 0.249710 0.404338
21.800000 0.280937 0.424542 0.221878 0.261314 0.465624 0.415160 0.249612 0.403583
22.000000 0.280809 0.424256 0.221995 0.261123 0.464822 0.415056 0.249574 0.403101
22.200000 0.280824 0.423912 0.222129 0.261061 0.464462 0.415137 0.249618 0.402471
22.400000 0.280842 0.423782 0.221844 0.260974 0.463486 0.415052 0.249224 0.401773
22.600000 0.280831 0.423528 0.221939 0.260675 0.462733 0.415105 0.249316 0.401207
22.800000 0.280912 0.423413 0.221732 0.260792 0.462023 0.415179 0.249352 0.400957
23.000000 0.280649 0.422996 0.222049 0.260488 0.461220 0.415170 0.249428 0.400103
23.200000 0.280629 0.422807 0.221955 0.260427 0.460501 0.414987 0.249047 0.399618
23.400000 0.280595 0.422378 0.222014 0.260254 0.459601 0.415085 0.249155 0.399076
23.600000 0.280543 0.422116 0.221912 0.260062 0.459123 0.414914 0.249242 0.398463
23.800000 0.280386 0.421773 0.221720 0.259903 0.458278 0.415016 0.249063 0.398042
24.000000 0.280339 0.421661 0.221725 0.259998 0.457580 0.414943 0.249003 0.397391
24.200000 0.280395 0.421370 0.221860 0.259774 0.456869 0.414901 0.248937 0.396909
24.400000 0.280364 0.421054 0.221846 0.259617 0.455940 0.415031 0.248933 0.396387
24.600000 0.280163 0.420877 0.221758 0.259417 0.455369 0.414904 0.248839 0.395754
24.800000 0.280264 0.420660 0.221962 0.259373 0.454622 0.414970 0.248785 0.395303
25.000000 0.280251 0.420077 0.221715 0.259135 0.454035 0.414831 0.248717 0.394720
25.200000 0.280155 0.420081 0.221817 0.259202 0.453089 0.414931 0.248676 0.394100
25.400000 0.280265 0.419913 0.221770 0.259053 0.452291 0.415011 0.248688 0.393513
25.600000 0.280135 0.419614 0.221719 0.258999 0.451657 0.414848 0.248527 0.392813
25.800000 0.280116 0.419438 0.221709 0.258823 0.451034 0.414977 0.248556 0.392512
26.000000 0.280051 0.419114 0.221806 0.258708 0.450302 0.414915 0.248557 0.391945
26.200000 0.280055 0.418980 0.221820 0.258489 0.449727 0.414806 0.248390 0.391439
26.400000 0.279971 0.418568 0.221685 0.258390 0.449003 0.414953 0.248360 0.390841
26.600000 0.279976 0.418286 0.221751 0.258326 0.448380 0.414931 0.248306 0.390371
26.800000 0.279938 0.418113 0.221623 0.258424 0.447586 0.414906 0.248274 0.390142
27.000000 0.279892 0.417817 0.221579 0.257998 0.446962 0.414754 0.248213 0.389530
27.200000 0.279970 0.417597 0.221583 0.258158 0.446271 0.414841 0.248063 0.388946
27.400000 0.279563 0.417614 0.221667 0.257914 0.445566 0.414770 0.248110 0.388405
27.600000 0.279765 0.417028 0.221849 0.257580 0.445080 0.414808 0.248017 0.387972
27.800000 0.279714 0.417099 0.221594 0.257681 0.444201 0.414999 0.248030 0.387503
28.000000 0.279561 0.416578 0.221649 0.257443 0.443803 0.414881 0.247915 0.387039
28.200000 0.279667 0.416387 0.221600 0.257467 0.442980 0.414857 0.247870 0.386500
28.400000 0.279599 0.416149 0.221613 0.257375 0.442439 0.414620 0.247881 0.385899
28.600000 0.279550 0.416003 0.221655 0.257403 0.441811 0.414612 0.247952 0.385550
28.800000 0.279517 0.415855 0.221671 0.257160 0.441135 0.414847 0.247671 0.384988
29.000000 0.279257 0.415470 0.221538 0.256956 0.440473 0.414677 0.247558 0.384414
29.200000 0.279376 0.415255 0.221646 0.256909 0.439878 0.414761 0.247608 0.384107
29.400000 0.279366 0.415189 0.221503 0.256955 0.439313 0.414854 0.247577 0.383635
29.600000 0.279291 0.414895 0.221686 0.256690 0.438649 0.414883 0.247532 0.383248
29.800000 0.279236 0.414686 0.221483 0.256537 0.438023 0.414613 0.247590 0.382780
30.000000 0.279295 0.414439 0.221424 0.256397 0.437495 0.414785 0.247393 0.381939
30.200000 0.279281 0.414308 0.221350 0.256373 0.436978 0.414704 0.247369 0.381636
30.400000 0.279219 0.414076 0.221449 0.256246 0.436190 0.414605 0.247331 0.381167
30.600000 0.279411 0.413944 0.221424 0.256071 0.435683 0.414583 0.247047 0.380809
30.800000 0.280734 0.413382 0.221414 0.255966 0.435171 0.414643 0.247143 0.380463
31.000000 0.283129 0.413196 0.221403 0.256000 0.434493 0.414692 0.247344 0.380050
31.200000 0.286832 0.413113 0.221407 0.255998 0.434095 0.414609 0.247073 0.379519
31.400000 0.292975 0.412941 0.221511 0.255728 0.433453 0.414591 0.247052 0.379152
31.600000 0.298643 0.412728 0.221502 0.255709 0.433260 0.414454 0.247188 0.379108
31.800000 0.305079 0.412476 0.221502 0.255762 0.433065 0.414528 0.247012 0.379093
32.000000 0.311847 0.412551 0.221499 0.255647 0.433558 0.414645 0.246974 0.379254
32.200000 0.318589 0.412486 0.221431 0.255452 0.434158 0.414720 0.246736 0.379541
32.400000 0.325287 0.412869 0.221512 0.255746 0.435356 0.414670 0.246910 0.380451
32.600000 0.331590 0.413053 0.221508 0.256003 0.436856 0.414731 0.246851 0.381371
32.800000 0.337789 0.413467 0.221406 0.256115 0.438865 0.414589 0.246955 0.383036
33.000000 0.343378 0.414278 0.221564 0.256396 0.441589 0.414695 0.246926 0.384924
33.200000 0.348767 0.415334 0.221697 0.256817 0.444840 0.414643 0.246809 0.387209
33.400000 0.353675 0.416815 0.221617 0.257301 0.448375 0.414589 0.246927 0.389583
33.600000 0.358039 0.418611 0.221688 0.257897 0.452643 0.414718 0.246977 0.392724
33.800000 0.362029 0.420855 0.221754 0.258622 0.457556 0.414625 0.246962 0.395975
34.000000 0.365781 0.423752 0.221768 0.259354 0.462747 0.414727 0.246961 0.399759
34.200000 0.369015 0.427213 0.221823 0.260121 0.468451 0.414730 0.246937 0.403873
34.400000 0.372133 0.431344 0.221974 0.261108 0.474806 0.414767 0.246921 0.408179
34.600000 0.374889 0.435879 0.221875 0.262132 0.481160 0.414749 0.246895 0.413040
34.800000 0.377439 0.441048 0.221874 0.263112 0.488189 0.414789 0.246899 0.417871
35.000000 0.379586 0.446696 0.222017 0.264214 0.495551 0.414793 0.246949 0.423147
35.200000 0.381272 0.453304 0.222037 0.265301 0.503402 0.414834 0.247133 0.428773
35.400000 0.383345 0.459733 0.222107 0.266333 0.510646 0.414802 0.247129 0.434314
35.600000 0.384695 0.466650 0.222266 0.267195 0.518414 0.414836 0.247182 0.439946
35.800000 0.386369 0.474170 0.222302 0.268335 0.526546 0.414761 0.247260 0.445896
36.000000 0.387441 0.481928 0.222338 0.269301 0.534817 0.414938 0.247287 0.451884
36.200000 0.388781 0.489856 0.222514 0.270351 0.542754 0.414973 0.247162 0.457970
36.400000 0.389848 0.498373 0.222582 0.271156 0.551170 0.414935 0.247417 0.464241
36.600000 0.390781 0.507058 0.222606 0.272311 0.559697 0.414997 0.247225 0.470659
36.800000 0.391790 0.515869 0.222704 0.273420 0.568491 0.415015 0.247478 0.477139
37.000000 0.392652 0.525081 0.222709 0.274300 0.577241 0.415028 0.247492 0.483720
37.200000 0.393460 0.534306 0.222859 0.275185 0.586023 0.414894 0.247505 0.490401
37.400000 0.394193 0.543870 0.222793 0.276160 0.595553 0.415103 0.247643 0.497758
37.600000 0.394960 0.557568 0.222964 0.277294 0.608212 0.415176 0.247686 0.507115
37.800000 0.395703 0.567263 0.223134 0.278174 0.617337 0.415316 0.247715 0.513980
38.000000 0.396192 0.576902 0.223154 0.279223 0.626007 0.415071 0.247767 0.521078
38.200000 0.396586 0.586776 0.223020 0.280012 0.635455 0.415171 0.247926 0.527993
38.400000 0.396991 0.596429 0.223130 0.280868 0.644227 0.415094 0.247906 0.534934
38.600000 0.397718 0.606231 0.223278 0.281951 0.653327 0.415235 0.247957 0.541958
38.800000 0.398060 0.615931 0.223261 0.282715 0.662364 0.415398 0.248063 0.548741
39.000000 0.398489 0.625572 0.223427 0.283571 0.671328 0.414974 0.248095 0.555592
39.200000 0.398826 0.634979 0.223451 0.284302 0.680187 0.415270 0.248125 0.562610
39.400000 0.399163 0.645105 0.223308 0.285132 0.689408 0.415334 0.247983 0.569850
39.600000 0.399383 0.654851 0.223567 0.286233 0.698357 0.415410 0.248292 0.576721
39.800000 0.399763 0.664480 0.223672 0.286942 0.707264 0.415487 0.248353 0.583947
40.000000 0.400074 0.673598 0.223805 0.287771 0.715957 0.415410 0.248343 0.590522
40.200000 0.400277 0.682691 0.223739 0.288503 0.724880 0.415393 0.248480 0.597393
40.400000 0.400428 0.692186 0.223865 0.289437 0.733597 0.415359 0.248642 0.604137
40.600000 0.400801 0.701086 0.223948 0.290030 0.742054 0.415538 0.248648 0.611100
40.800000 0.401056 0.710086 0.223931 0.290838 0.750831 0.415511 0.248607 0.617523
41.000000 0.401286 0.718639 0.223890 0.291610 0.759081 0.415539 0.248693 0.624191
41.200000 0.401326 0.727013 0.224022 0.292473 0.767628 0.415626 0.248767 0.630938
41.400000 0.401534 0.735159 0.224176 0.293083 0.775759 0.415517 0.248957 0.637238
41.600000 0.401639 0.743265 0.224193 0.293809 0.784126 0.415689 0.248820 0.643755
41.800000 0.402056 0.750750 0.224221 0.294469 0.792257 0.415592 0.248962 0.650137
42.000000 0.401997 0.758544 0.224291 0.295130 0.800098 0.415514 0.248976 0.656455
42.200000 0.402219 0.765758 0.224238 0.295990 0.808054 0.415724 0.249116 0.662528
42.400000 0.402228 0.772522 0.224275 0.296583 0.815771 0.415796 0.249029 0.668932
42.600000 0.402420 0.779489 0.224350 0.297130 0.823442 0.415717 0.249291 0.674855
42.800000 0.402610 0.786005 0.224448 0.297884 0.831271 0.415787 0.249067 0.680885
43.000000 0.402846 0.792219 0.224456 0.298682 0.838205 0.415825 0.249442 0.687140
43.200000 0.402943 0.798526 0.224552 0.299339 0.845916 0.415813 0.249408 0.692974
43.400000 0.403072 0.804538 0.224574 0.299867 0.853160 0.416036 0.249383 0.698992
43.600000 0.403097 0.809957 0.224467 0.300483 0.860343 0.415945 0.249629 0.704760
43.800000 0.403188 0.815859 0.224962 0.301446 0.868220 0.415964 0.249677 0.711514
44.000000 0.403490 0.823617 0.224783 0.302280 0.877996 0.415980 0.249681 0.719425
44.200000 0.403522 0.828527 0.224681 0.302988 0.884926 0.416105 0.249783 0.725045
44.400000 0.403627 0.832936 0.224832 0.303368 0.891239 0.416023 0.249827 0.730421
44.600000 0.403642 0.837655 0.224873 0.304217 0.897783 0.416005 0.249910 0.735791
44.800000 0.403865 0.841884 0.225015 0.304855 0.903791 0.416107 0.249866 0.741261
45.000000 0.403765 0.846014 0.225028 0.305433 0.910338 0.415973 0.250082 0.746552
45.200000 0.404025 0.849846 0.225037 0.305676 0.916323 0.416069 0.250042 0.751731
45.400000 0.404109 0.853695 0.225057 0.306571 0.922136 0.416243 0.250123 0.756894
45.600000 0.404125 0.857169 0.225093 0.307095 0.928114 0.415970 0.250127 0.761837
45.800000 0.404357 0.860659 0.225124 0.307730 0.934007 0.416138 0.250112 0.766827
46.000000 0.404216 0.864236 0.225206 0.308341 0.939335 0.416215 0.250331 0.771706
46.200000 0.404565 0.867384 0.225275 0.308871 0.945057 0.416254 0.250268 0.776415
46.400000 0.404511 0.870487 0.225326 0.309455 0.950460 0.416209 0.250480 0.742256
46.600000 0.404733 0.873299 0.225306 0.309989 0.955728 0.415874 0.250532 0.785910
46.800000 0.404742 0.876151 0.225225 0.310536 0.960665 0.416294 0.250420 0.790511
47.000000 0.404722 0.878612 0.225267 0.311009 0.965597 0.416411 0.250607 0.794959
47.200000 0.404819 0.881294 0.225393 0.311712 0.970445 0.416306 0.250756 0.799115
47.400000 0.404942 0.883484 0.225458 0.312128 0.975332 0.416263 0.250784 0.803440
47.600000 0.405119 0.885875 0.225297 0.312684 0.979908 0.416375 0.250850 0.807673
47.800000 0.405253 0.888120 0.225493 0.313213 0.984355 0.416242 0.250864 0.811865
48.000000 0.405169 0.890502 0.225493 0.313861 0.989003 0.416315 0.250869 0.815747
48.200000 0.405136 0.892357 0.225373 0.314313 0.993412 0.416450 0.250871 0.819764
48.400000 0.405371 0.894325 0.225391 0.314769 0.997576 0.416274 0.251138 0.823736
48.600000 0.405296 0.896164 0.225658 0.315115 1.001684 0.416289 0.251151 0.827591
48.800000 0.405297 0.897813 0.225624 0.315558 1.005836 0.416310 0.251204 0.831256
49.000000 0.405511 0.899887 0.225825 0.316271 1.009623 0.416439 0.251236 0.834879
49.200000 0.405498 0.901083 0.225397 0.316547 1.013543 0.416501 0.251180 0.838620
49.400000 0.405667 0.903138 0.225586 0.317332 1.017518 0.416474 0.251429 0.841888
49.600000 0.405719 0.904755 0.225756 0.317689 1.021084 0.416428 0.251399 0.845401
49.800000 0.405610 0.906088 0.225797 0.318063 1.024479 0.416704 0.251399 0.848843
50.000000 0.405883 0.907695 0.225937 0.318701 1.028245 0.416518 0.251765 0.852109
50.200000 0.405815 0.909101 0.225800 0.319108 1.032106 0.416616 0.251642 0.855580
50.400000 0.405833 0.910453 0.225809 0.319674 1.035524 0.416698 0.251760 0.859069
50.600000 0.406013 0.911743 0.225980 0.320020 1.038964 0.416579 0.251638 0.861995
50.800000 0.405953 0.912893 0.225947 0.320410 1.042270 0.416467 0.251871 0.865170
51.000000 0.405886 0.914062 0.225980 0.321025 1.045296 0.416687 0.251884 0.868010
51.200000 0.405976 0.915140 0.225856 0.321373 1.048403 0.416570 0.251964 0.871106
51.400000 0.405982 0.916273 0.226068 0.321888 1.051480 0.416586 0.251994 0.873817
51.600000 0.406134 0.917411 0.225774 0.322380 1.054410 0.416607 0.252196 0.876559
51.800000 0.406187 0.918135 0.226099 0.322812 1.057396 0.416474 0.252105 0.879384
52.000000 0.406106 0.919175 0.226031 0.323187 1.060085 0.416839 0.252162 0.881942
52.200000 0.405901 0.920057 0.226086 0.323513 1.062833 0.416803 0.252289 0.884404
52.400000 0.406199 0.920758 0.226192 0.324108 1.065444 0.416846 0.252209 0.887113
52.600000 0.406267 0.921595 0.226151 0.324450 1.068187 0.416780 0.252320 0.889540
52.800000 0.406293 0.922487 0.226179 0.324909 1.070759 0.416845 0.252170 0.891962
53.000000 0.406261 0.923280 0.226207 0.325235 1.073458 0.416790 0.252510 0.894448
53.200000 0.406344 0.924223 0.226180 0.325723 1.075753 0.416840 0.252581 0.896758
53.400000 0.406246 0.924583 0.226244 0.326138 1.078133 0.416840 0.252666 0.898929
53.600000 0.406448 0.925152 0.226404 0.326670 1.080513 0.416950 0.252546 0.901404
53.800000 0.406433 0.926063 0.226318 0.327106 1.082789 0.416842 0.252839 0.903402
54.000000 0.406464 0.926514 0.226343 0.327408 1.085300 0.416971 0.252761 0.905519
54.200000 0.406498 0.927161 0.226328 0.327730 1.087483 0.417001 0.252863 0.907700
54.400000 0.406539 0.927870 0.226386 0.328366 1.089649 0.416946 0.252907 0.909757
54.600000 0.406578 0.928306 0.226392 0.328601 1.091729 0.416893 0.253030 0.911669
54.800000 0.406593 0.928723 0.226411 0.328965 1.093676 0.416880 0.253038 0.913736
55.000000 0.406674 0.929208 0.226389 0.329431 1.095781 0.417112 0.253100 0.915613
55.200000 0.406613 0.929720 0.226458 0.329847 1.097623 0.416968 0.253189 0.917491
55.400000 0.406682 0.930066 0.226582 0.330117 1.099624 0.416930 0.253220 0.919231
55.600000 0.406355 0.930488 0.226495 0.330445 1.101588 0.417042 0.253154 0.921031
55.800000 0.406652 0.931186 0.226313 0.330917 1.103368 0.416960 0.253155 0.922558
56.000000 0.406786 0.931265 0.226491 0.331222 1.105278 0.417063 0.253441 0.924599
56.200000 0.406806 0.931715 0.226557 0.331699 1.107093 0.417162 0.253478 0.926127
56.400000 0.406854 0.932251 0.226609 0.331958 1.109041 0.416929 0.253507 0.927891
56.600000 0.406885 0.932400 0.226611 0.332423 1.110485 0.417025 0.253559 0.929712
56.800000 0.406889 0.932989 0.226519 0.332901 1.112305 0.417212 0.253677 0.931286
57.000000 0.406875 0.933156 0.226511 0.332953 1.113783 0.417115 0.253852 0.932721
57.200000 0.406890 0.933668 0.226639 0.333492 1.115310 0.417064 0.253864 0.934442
57.400000 0.406990 0.933871 0.226637 0.333782 1.117096 0.417228 0.253796 0.935692
57.600000 0.407046 0.934059 0.226745 0.334041 1.118742 0.417274 0.253916 0.937225
57.800000 0.407055 0.934360 0.226709 0.334451 1.120085 0.417264 0.253866 0.938699
58.000000 0.407090 0.934664 0.226625 0.334892 1.121488 0.417302 0.254051 0.939969
58.200000 0.407190 0.934756 0.226895 0.335211 1.122888 0.417296 0.254079 0.941449
58.400000 0.407152 0.935156 0.226820 0.335509 1.124572 0.417303 0.254160 0.942913
58.600000 0.407245 0.935407 0.226790 0.335990 1.125682 0.417299 0.254110 0.944013
58.800000 0.407405 0.935673 0.226668 0.336198 1.127074 0.417230 0.254220 0.945514
59.000000 0.407297 0.935900 0.226868 0.336534 1.128331 0.417185 0.254285 0.946780
59.200000 0.407206 0.936095 0.226933 0.336797 1.129466 0.417215 0.254352 0.947775
59.400000 0.407284 0.936310 0.226913 0.337338 1.130994 0.417183 0.254369 0.949363
59.600000 0.407369 0.936533 0.226927 0.337474 1.132122 0.417385 0.254522 0.950413
59.800000 0.407369 0.936770 0.227044 0.337945 1.133556 0.417380 0.254561 0.951530
60.000000 0.407276 0.936962 0.226987 0.338234 1.134733 0.417414 0.254558 0.952701
60.200000 0.407267 0.937221 0.227047 0.338312 1.135712 0.417427 0.254444 0.953621
60.400000 0.407359 0.937072 0.226947 0.338826 1.136962 0.417430 0.254768 0.954853
60.600000 0.407340 0.937615 0.226991 0.339094 1.138073 0.417621 0.254744 0.956025
60.800000 0.407530 0.937501 0.226939 0.339487 1.139110 0.417464 0.254696 0.957040
61.000000 0.407260 0.937667 0.227016 0.339799 1.140151 0.417413 0.254954 0.957828
61.200000 0.407373 0.937991 0.226930 0.340086 1.141216 0.417568 0.254906 0.959079
61.400000 0.407409 0.937982 0.227064 0.340413 1.142323 0.417482 0.255029 0.959841
61.600000 0.407277 0.938442 0.227071 0.340831 1.143491 0.417574 0.255123 0.960934
61.800000 0.407313 0.938477 0.226787 0.340741 1.144295 0.417692 0.255016 0.960736
62.000000 0.407535 0.938510 0.227113 0.341325 1.145224 0.417575 0.255260 0.962781
62.200000 0.407450 0.938744 0.227134 0.341613 1.146329 0.417677 0.255243 0.963647
62.400000 0.407556 0.938838 0.227149 0.342003 1.147109 0.417613 0.255339 0.964708
62.600000 0.407449 0.939112 0.227330 0.342119 1.148146 0.417669 0.255402 0.965648
62.800000 0.407438 0.938990 0.227094 0.342577 1.148884 0.417513 0.255407 0.966345
63.000000 0.407461 0.938966 0.227309 0.343003 1.149922 0.417776 0.255300 0.967471
63.200000 0.407515 0.939187 0.227212 0.343078 1.150668 0.417535 0.255542 0.968036
63.400000 0.407425 0.939108 0.227229 0.343466 1.151436 0.417762 0.255582 0.968793
63.600000 0.407518 0.939255 0.227221 0.343666 1.152343 0.417702 0.255693 0.969715
63.800000 0.407503 0.939334 0.227258 0.343970 1.153050 0.417730 0.255720 0.970407
64.000000 0.407562 0.939443 0.227248 0.344334 1.153803 0.417855 0.255725 0.971015
64.200000 0.407589 0.939219 0.227224 0.344414 1.154485 0.417694 0.255780 0.971972
64.400000 0.407426 0.939477 0.227323 0.344982 1.155103 0.417731 0.255817 0.972494
64.600000 0.407539 0.939542 0.227204 0.345048 1.156115 0.417752 0.255967 0.973458
64.800000 0.407540 0.939463 0.227221 0.345414 1.156743 0.417714 0.256014 0.973851
65.000000 0.407599 0.939727 0.227338 0.345667 1.157091 0.417911 0.256082 0.974581
65.200000 0.407596 0.939711 0.227222 0.345954 1.158277 0.417881 0.256185 0.974904
65.400000 0.407609 0.939773 0.227255 0.346166 1.158466 0.417849 0.256113 0.975666
65.600000 0.407417 0.939778 0.227453 0.346440 1.159440 0.417634 0.256234 0.976520
65.800000 0.407684 0.939669 0.227231 0.346558 1.159846 0.417763 0.256231 0.976964
66.000000 0.407684 0.939809 0.227487 0.347114 1.160300 0.418038 0.256404 0.977637
66.200000 0.407621 0.939916 0.227408 0.347199 1.160954 0.417839 0.256221 0.977962
66.400000 0.407684 0.939816 0.227456 0.347735 1.161559 0.417929 0.256450 0.979003
66.600000 0.407710 0.939660 0.227488 0.347832 1.162316 0.418076 0.256469 0.979326
66.800000 0.407580 0.940017 0.227438 0.348061 1.162720 0.417846 0.256562 0.979796
67.000000 0.407805 0.939909 0.227318 0.348100 1.162987 0.418029 0.256620 0.980517
67.200000 0.407700 0.940024 0.227474 0.348620 1.163440 0.417993 0.256621 0.980739
67.400000 0.407768 0.940032 0.227514 0.348846 1.164285 0.417835 0.256666 0.981403
67.600000 0.407781 0.939914 0.227272 0.349231 1.164735 0.417993 0.256798 0.982050
67.800000 0.407784 0.940080 0.227597 0.349418 1.165389 0.417950 0.256772 0.982271
68.000000 0.407850 0.939968 0.227693 0.349492 1.165713 0.418070 0.256959 0.982822
68.200000 0.407848 0.939849 0.227545 0.349953 1.166240 0.417965 0.256922 0.983300
68.400000 0.407854 0.939986 0.227435 0.350181 1.166677 0.418211 0.256817 0.983746
68.600000 0.407859 0.940011 0.227647 0.350354 1.167269 0.418186 0.257114 0.984269
68.800000 0.407744 0.940099 0.227657 0.350546 1.167600 0.417956 0.257254 0.984717
69.000000 0.407721 0.940079 0.227559 0.350795 1.168029 0.417807 0.257130 0.985099
69.200000 0.407675 0.940242 0.227559 0.351130 1.168453 0.418097 0.257131 0.985628
69.400000 0.407974 0.940196 0.227611 0.351427 1.168954 0.418149 0.257303 0.986139
69.600000 0.407987 0.940188 0.227710 0.351628 1.169285 0.418211 0.257328 0.986208
69.800000 0.407991 0.940216 0.227812 0.351964 1.169628 0.418186 0.257273 0.986690
70.000000 0.407946 0.940165 0.227755 0.351969 1.170105 0.418189 0.257353 0.987178
70.200000 0.407894 0.939987 0.227684 0.352470 1.170270 0.418112 0.257527 0.987548
70.400000 0.407912 0.940275 0.227691 0.352338 1.170797 0.418392 0.257482 0.987848
70.600000 0.407645 0.940054 0.227836 0.352787 1.171057 0.418178 0.257419 0.988163
70.800000 0.407760 0.940127 0.227636 0.353016 1.171325 0.418153 0.257662 0.988585
71.000000 0.407974 0.940009 0.227471 0.352876 1.171764 0.418187 0.257701 0.988789
71.200000 0.407975 0.940229 0.227793 0.353403 1.171928 0.418103 0.257765 0.989120
71.400000 0.407927 0.940125 0.227722 0.353797 1.172547 0.418277 0.257807 0.989481
71.600000 0.407965 0.939985 0.227769 0.353912 1.172640 0.418267 0.257852 0.989693
71.800000 0.408073 0.939974 0.227786 0.354138 1.173014 0.418350 0.257903 0.990263
72.000000 0.407919 0.940007 0.227959 0.354435 1.173278 0.418304 0.257878 0.990299
72.200000 0.408205 0.939990 0.227861 0.354667 1.173675 0.418353 0.258020 0.990818
72.400000 0.408131 0.940212 0.227871 0.354857 1.173786 0.418322 0.258108 0.990930
72.600000 0.408162 0.940072 0.227734 0.354986 1.174245 0.418447 0.258090 0.991210
72.800000 0.408047 0.940210 0.227797 0.355302 1.174354 0.418518 0.258160 0.991638
73.000000 0.408250 0.939862 0.227873 0.355532 1.174718 0.418530 0.258224 0.991677
73.200000 0.408043 0.939834 0.227898 0.355875 1.174954 0.418441 0.258461 0.992184
73.400000 0.408248 0.940068 0.227742 0.356110 1.175381 0.418388 0.258449 0.992254
73.600000 0.408170 0.939872 0.227936 0.356262 1.175677 0.418479 0.258389 0.992449
73.800000 0.408314 0.939984 0.227858 0.356517 1.175690 0.418495 0.258346 0.992858
74.000000 0.408217 0.940021 0.227914 0.356703 1.176043 0.418452 0.258524 0.993080
74.200000 0.408222 0.939981 0.227817 0.356886 1.176149 0.418407 0.258561 0.993221
74.400000 0.408110 0.939803 0.228007 0.357152 1.176430 0.418538 0.258594 0.993674
74.600000 0.408172 0.939837 0.227827 0.357344 1.176697 0.418565 0.258660 0.993829
74.800000 0.408221 0.940026 0.228083 0.357579 1.176524 0.418549 0.258670 0.994045
75.000000 0.408219 0.940244 0.227871 0.357779 1.177094 0.418618 0.258696 0.994290
75.200000 0.408230 0.939879 0.227967 0.357952 1.177098 0.418483 0.258821 0.994469
75.400000 0.408299 0.940068 0.228081 0.358148 1.177271 0.418636 0.258797 0.994546
75.600000 0.408102 0.939767 0.228041 0.358278 1.177521 0.418695 0.258937 0.994691
75.800000 0.408089 0.939762 0.228099 0.358559 1.177714 0.418670 0.258858 0.994864
76.000000 0.408163 0.939868 0.228010 0.358858 1.178062 0.418558 0.259053 0.994812
76.200000 0.408243 0.939846 0.228037 0.359005 1.178266 0.418686 0.259057 0.995229
76.400000 0.408173 0.939638 0.228081 0.359341 1.178377 0.418648 0.259131 0.995401
76.600000 0.408239 0.939710 0.228263 0.359423 1.178463 0.418633 0.259221 0.995615
76.800000 0.408025 0.939719 0.228093 0.359605 1.178698 0.418682 0.259206 0.995734
77.000000 0.408219 0.939788 0.228142 0.359813 1.179016 0.418801 0.259184 0.996047
77.200000 0.408244 0.939703 0.227895 0.360009 1.178922 0.418677 0.259298 0.996145
77.400000 0.408408 0.939625 0.228171 0.360188 1.179276 0.418791 0.259388 0.996168
77.600000 0.408312 0.939497 0.228102 0.360504 1.179236 0.418616 0.259462 0.996378
77.800000 0.408206 0.939569 0.228226 0.360443 1.179373 0.418579 0.259533 0.996412
78.000000 0.408289 0.939586 0.228062 0.360730 1.179532 0.418813 0.259537 0.996495
78.200000 0.408185 0.939480 0.228244 0.360985 1.179777 0.418834 0.259401 0.996571
78.400000 0.408197 0.939398 0.228241 0.361293 1.179925 0.418708 0.259444 0.996558
78.600000 0.408427 0.939467 0.228136 0.361345 1.179897 0.418954 0.259687 0.996931
78.800000 0.408366 0.939214 0.228261 0.361487 1.180058 0.418786 0.259790 0.997048
79.000000 0.408309 0.939460 0.228257 0.361933 1.180124 0.418847 0.259795 0.997126
79.200000 0.408296 0.939146 0.228231 0.361935 1.180174 0.418888 0.259838 0.997465
79.400000 0.408375 0.939269 0.228124 0.362145 1.180371 0.418779 0.259989 0.997403
79.600000 0.408466 0.939035 0.228384 0.362266 1.180528 0.418712 0.259910 0.997391
79.800000 0.408298 0.938600 0.228407 0.362430 1.180551 0.418867 0.260142 0.997527
80.000000 0.408129 0.938936 0.228288 0.362666 1.180585 0.418960 0.259996 0.997581
80.200000 0.408236 0.939004 0.228157 0.362858 1.180828 0.418899 0.260033 0.997769
80.400000 0.408258 0.939168 0.228330 0.363114 1.180767 0.419029 0.260286 0.997819
80.600000 0.408372 0.939108 0.228315 0.363332 1.180899 0.418985 0.260311 0.997819
80.800000 0.408400 0.938930 0.228435 0.363425 1.181289 0.419105 0.260274 0.997799
81.000000 0.408425 0.939049 0.228176 0.363733 1.181125 0.419051 0.260294 0.997939
81.200000 0.408434 0.939086 0.228273 0.363824 1.181333 0.419090 0.260355 0.997942
81.400000 0.408403 0.938941 0.228383 0.364029 1.181350 0.419115 0.260389 0.998106
81.600000 0.408456 0.938832 0.228418 0.364175 1.181314 0.419043 0.260364 0.998220
81.800000 0.408347 0.938611 0.228422 0.364233 1.181421 0.419081 0.260600 0.998305
82.000000 0.408191 0.938408 0.228326 0.364428 1.181371 0.419004 0.260440 0.998179
82.200000 0.408331 0.938662 0.228442 0.364624 1.181240 0.419020 0.260534 0.998456
82.400000 0.408439 0.938595 0.228431 0.364701 1.181788 0.419023 0.260597 0.998492
82.600000 0.408196 0.938454 0.228303 0.364991 1.181560 0.419011 0.260527 0.998289
82.800000 0.408325 0.938446 0.228427 0.365154 1.181672 0.419311 0.260767 0.998584
83.000000 0.408447 0.938118 0.228318 0.365144 1.181655 0.419310 0.260719 0.998458
83.200000 0.408356 0.938532 0.228420 0.365532 1.181842 0.419259 0.260895 0.998266
83.400000 0.408377 0.938275 0.228520 0.365569 1.181660 0.419206 0.260827 0.998638
83.600000 0.408324 0.938360 0.228561 0.366012 1.181805 0.419235 0.260856 0.998668
83.800000 0.408403 0.938167 0.228546 0.366002 1.182060 0.419307 0.260942 0.998612
84.000000 0.408452 0.938189 0.228549 0.366192 1.181857 0.419182 0.261037 0.998751
84.200000 0.408321 0.938125 0.228534 0.366309 1.182065 0.419279 0.261013 0.998964
84.400000 0.408304 0.937994 0.228394 0.366480 1.182029 0.419228 0.261030 0.998675
84.600000 0.408315 0.937818 0.228437 0.366438 1.181952 0.419180 0.260936 0.998711
84.800000 0.408136 0.937929 0.228446 0.366748 1.181978 0.419176 0.261177 0.998734
85.000000 0.408194 0.937734 0.228536 0.366892 1.182037 0.419295 0.261193 0.998691
85.200000 0.408256 0.937680 0.228582 0.367022 1.181979 0.419374 0.261194 0.998780
85.400000 0.408195 0.937829 0.228570 0.366976 1.181870 0.419203 0.261170 0.998628
85.600000 0.408317 0.937756 0.228700 0.367104 1.181814 0.419198 0.261291 0.998835
85.800000 0.408325 0.937507 0.228668 0.367555 1.182349 0.419127 0.261362 0.998767
86.000000 0.408312 0.937421 0.228608 0.367456 1.182004 0.419374 0.261505 0.998638
86.200000 0.408348 0.937620 0.228600 0.367853 1.182112 0.419409 0.261234 0.998696
86.400000 0.408428 0.937145 0.228273 0.367877 1.182153 0.419364 0.261484 0.998608
86.600000 0.408182 0.937428 0.228656 0.368191 1.182199 0.419609 0.261393 0.998611
86.800000 0.408439 0.937424 0.228672 0.368340 1.182422 0.419511 0.261651 0.998661
87.000000 0.408361 0.937259 0.228605 0.368439 1.182073 0.419391 0.261676 0.998622
87.200000 0.408220 0.937256 0.228594 0.368379 1.182525 0.419460 0.261787 0.998610
87.400000 0.408427 0.937031 0.228565 0.368676 1.182352 0.419585 0.261630 0.998740
87.600000 0.408448 0.936992 0.228635 0.368846 1.182305 0.419317 0.261757 0.998715
87.800000 0.408453 0.936942 0.228598 0.369002 1.182286 0.419414 0.261776 0.998739
88.000000 0.408412 0.936982 0.228655 0.369120 1.182327 0.419403 0.261790 0.998553
88.200000 0.408133 0.936482 0.228667 0.369136 1.182156 0.419558 0.261970 0.998598
88.400000 0.408377 0.936873 0.228686 0.369307 1.182220 0.419487 0.261704 0.998594
88.600000 0.408437 0.936653 0.228494 0.369449 1.182443 0.419349 0.261901 0.998747
88.800000 0.408182 0.936692 0.228634 0.369561 1.182067 0.419599 0.261891 0.998218
89.000000 0.408385 0.936728 0.228804 0.369847 1.182373 0.419520 0.262013 0.998584
89.200000 0.408563 0.936435 0.228593 0.370027 1.181983 0.419526 0.262022 0.998606
89.400000 0.408363 0.936601 0.228588 0.370085 1.182300 0.419579 0.262061 0.998634
89.600000 0.408410 0.936362 0.229034 0.370268 1.182484 0.419568 0.262149 0.998545
89.800000 0.408536 0.936436 0.228730 0.369896 1.182139 0.419649 0.262168 0.998562
90.000000 0.408444 0.936551 0.228815 0.370336 1.182267 0.419658 0.262240 0.998767
