0.200000 0.284280 0.455319 0.229891 0.251920 0.497143 0.484713 0.257685 0.427158
0.400000 0.284320 0.454637 0.229982 0.251359 0.495579 0.484512 0.257697 0.426223
0.600000 0.284318 0.454179 0.229988 0.251410 0.494551 0.484683 0.257644 0.425551
0.800000 0.284302 0.453743 0.229993 0.251329 0.493693 0.484613 0.257586 0.424793
1.000000 0.284100 0.453234 0.230005 0.251368 0.492766 0.484467 0.257523 0.423890
1.200000 0.284133 0.452844 0.230023 0.251157 0.491729 0.484544 0.257565 0.423256
1.400000 0.283990 0.452256 0.230165 0.251237 0.490658 0.484613 0.257328 0.422530
1.600000 0.284039 0.451961 0.229698 0.251036 0.489724 0.484332 0.257202 0.421790
1.800000 0.284050 0.451521 0.229929 0.250887 0.488643 0.484352 0.257250 0.421035
2.000000 0.283716 0.451012 0.229847 0.251001 0.487958 0.484466 0.257201 0.420120
2.200000 0.283958 0.450773 0.229889 0.250933 0.487039 0.484340 0.257143 0.419514
2.400000 0.283853 0.450137 0.230085 0.250813 0.485951 0.484216 0.257080 0.418911
2.600000 0.283858 0.449774 0.229921 0.250788 0.484952 0.484415 0.257080 0.418161
2.800000 0.283820 0.449389 0.229926 0.250661 0.483944 0.484361 0.256964 0.417328
3.000000 0.283717 0.448834 0.229766 0.250592 0.482987 0.484198 0.256906 0.416925
3.200000 0.283715 0.448614 0.229949 0.250693 0.481848 0.484191 0.256863 0.415885
3.400000 0.283643 0.447894 0.229904 0.250493 0.481163 0.484225 0.256750 0.415275
3.600000 0.283612 0.447652 0.229876 0.250519 0.480075 0.484084 0.256746 0.414631
3.800000 0.283380 0.447129 0.229878 0.250325 0.479224 0.484046 0.256624 0.413870
4.000000 0.283637 0.446718 0.229867 0.250129 0.478239 0.484169 0.256576 0.413185
4.200000 0.283468 0.446342 0.229678 0.250151 0.477358 0.484122 0.256518 0.412356
4.400000 0.283371 0.445911 0.229752 0.249989 0.476394 0.484236 0.256356 0.411764
4.600000 0.283385 0.445526 0.229675 0.250067 0.475465 0.484131 0.256054 0.410937
4.800000 0.283334 0.445220 0.229800 0.250054 0.474604 0.484071 0.256312 0.410441
5.000000 0.283233 0.444719 0.229729 0.249836 0.473912 0.484117 0.256233 0.409581
5.200000 0.283064 0.444390 0.229649 0.249904 0.472940 0.483919 0.256175 0.408947
5.400000 0.283120 0.443993 0.229605 0.249646 0.471933 0.483760 0.256115 0.408323
5.600000 0.283118 0.443718 0.229716 0.249774 0.471073 0.483888 0.255893 0.407581
5.800000 0.283111 0.443038 0.229592 0.249520 0.470269 0.483951 0.256027 0.407068
6.000000 0.282925 0.442780 0.229567 0.249569 0.469353 0.483707 0.255976 0.406358
6.200000 0.283019 0.442393 0.229598 0.249549 0.468503 0.483878 0.255853 0.405743
6.400000 0.282964 0.442012 0.229709 0.249335 0.467602 0.483760 0.255765 0.405251
6.600000 0.282893 0.441712 0.229675 0.249372 0.466745 0.483854 0.255599 0.404368
6.800000 0.282897 0.441284 0.229596 0.249438 0.465759 0.483695 0.255716 0.403640
7.000000 0.282858 0.441059 0.229746 0.249252 0.464994 0.483585 0.255673 0.403074
7.200000 0.282763 0.440558 0.229427 0.249324 0.464045 0.483733 0.255559 0.402375
7.400000 0.282781 0.440078 0.229534 0.249160 0.463323 0.483667 0.255570 0.401773
7.600000 0.282709 0.439790 0.229622 0.249126 0.462483 0.483691 0.255303 0.401221
7.800000 0.282682 0.439495 0.229571 0.249147 0.461596 0.483646 0.255417 0.400359
8.000000 0.282611 0.439227 0.229399 0.248962 0.460730 0.483624 0.255342 0.399856
8.200000 0.282345 0.438820 0.229518 0.248876 0.459832 0.483443 0.255205 0.399359
8.400000 0.282497 0.438206 0.229459 0.248776 0.459227 0.483555 0.255228 0.398732
8.600000 0.282528 0.438031 0.229552 0.248866 0.458465 0.483398 0.255028 0.398179
8.800000 0.282467 0.437743 0.229346 0.248596 0.457697 0.483552 0.255079 0.397588
9.000000 0.282425 0.437204 0.229346 0.248647 0.456780 0.483365 0.254993 0.397030
9.200000 0.282357 0.437009 0.229349 0.248481 0.456222 0.483257 0.254915 0.396407
9.400000 0.282254 0.436736 0.229234 0.248495 0.455348 0.483379 0.254728 0.395882
9.600000 0.282302 0.436522 0.229521 0.248529 0.454656 0.483520 0.254867 0.395255
9.800000 0.282235 0.435966 0.229254 0.248389 0.453593 0.483325 0.254723 0.394480
10.000000 0.282173 0.435674 0.229422 0.248358 0.452763 0.483301 0.254779 0.393938
10.200000 0.282063 0.435293 0.229529 0.248320 0.452018 0.483319 0.254588 0.393084
10.400000 0.282051 0.434920 0.229485 0.248224 0.451265 0.483118 0.254615 0.392766
10.600000 0.282091 0.434707 0.229461 0.248224 0.450503 0.483369 0.254400 0.392214
10.800000 0.282047 0.434271 0.229457 0.247992 0.449697 0.483247 0.254514 0.391573
11.000000 0.282128 0.434086 0.229366 0.247999 0.449199 0.483178 0.254449 0.391089
11.200000 0.281934 0.433614 0.229332 0.248012 0.448170 0.483188 0.254313 0.390579
11.400000 0.281832 0.433473 0.229350 0.248107 0.447636 0.483202 0.253949 0.390059
11.600000 0.281880 0.433142 0.229222 0.247735 0.446836 0.482959 0.254212 0.389411
11.800000 0.281875 0.432875 0.229327 0.248076 0.446222 0.482955 0.254303 0.389077
12.000000 0.281798 0.432592 0.229270 0.247764 0.445546 0.482850 0.253962 0.388376
12.200000 0.281770 0.432237 0.229250 0.247794 0.444778 0.483164 0.254016 0.387734
12.400000 0.281746 0.431874 0.229216 0.247697 0.443935 0.482848 0.254024 0.387324
12.600000 0.281580 0.431594 0.229237 0.247581 0.443230 0.482936 0.253949 0.386781
12.800000 0.281530 0.431293 0.229050 0.247505 0.442682 0.482926 0.253889 0.386315
13.000000 0.281569 0.430975 0.229377 0.247520 0.441995 0.482906 0.253875 0.385743
13.200000 0.281604 0.430791 0.229187 0.247381 0.441415 0.483086 0.253767 0.385311
13.400000 0.281574 0.430341 0.229198 0.247397 0.440676 0.482886 0.253848 0.384895
13.600000 0.281499 0.430190 0.229042 0.247436 0.440350 0.482932 0.253643 0.384471
13.800000 0.281417 0.429931 0.229292 0.247299 0.439541 0.482727 0.253581 0.383808
14.000000 0.281442 0.429540 0.229067 0.247250 0.438791 0.482662 0.253561 0.383318
14.200000 0.281444 0.429303 0.229238 0.247235 0.438245 0.482720 0.253510 0.382968
14.400000 0.281276 0.429165 0.229145 0.247117 0.437655 0.482733 0.253309 0.382519
14.600000 0.281319 0.428844 0.229165 0.247113 0.437158 0.482720 0.253375 0.381945
14.800000 0.281299 0.428497 0.229087 0.247037 0.436408 0.482784 0.253311 0.381484
15.000000 0.281293 0.428444 0.229183 0.247171 0.435873 0.482529 0.253149 0.381146
15.200000 0.281083 0.428011 0.229065 0.246833 0.435267 0.482438 0.253188 0.380594
15.400000 0.281135 0.427814 0.228940 0.246807 0.434417 0.482389 0.253075 0.380147
15.600000 0.281158 0.427452 0.229062 0.246829 0.433974 0.482600 0.253160 0.379931
15.800000 0.281190 0.427406 0.228906 0.246741 0.433495 0.482500 0.253211 0.379371
16.000000 0.280817 0.427088 0.228903 0.246820 0.432835 0.482575 0.253040 0.378792
16.200000 0.280930 0.426934 0.228983 0.246713 0.432143 0.482360 0.252910 0.378432
16.400000 0.281043 0.426593 0.229113 0.246636 0.431646 0.482379 0.252747 0.377857
16.600000 0.281040 0.426382 0.229042 0.246479 0.430841 0.482370 0.252869 0.377548
16.800000 0.281001 0.426074 0.228952 0.246501 0.430377 0.482261 0.252813 0.376916
17.000000 0.280818 0.425802 0.229075 0.246489 0.429966 0.482403 0.252784 0.376484
17.200000 0.280874 0.425413 0.229002 0.246254 0.429279 0.482485 0.252833 0.376279
17.400000 0.280894 0.425242 0.228908 0.246438 0.428639 0.482296 0.252567 0.375922
17.600000 0.280842 0.425196 0.229023 0.246265 0.428138 0.482303 0.252620 0.375268
17.800000 0.280796 0.424950 0.229030 0.246227 0.427422 0.482306 0.252546 0.374994
18.000000 0.280789 0.424647 0.228997 0.246387 0.427080 0.482241 0.252389 0.374587
18.200000 0.280758 0.424384 0.228931 0.246239 0.426571 0.482251 0.252456 0.374018
18.400000 0.280755 0.424202 0.228955 0.246183 0.425872 0.482146 0.252427 0.373547
18.600000 0.280735 0.423992 0.228747 0.246074 0.425385 0.482119 0.252193 0.373296
18.800000 0.280608 0.423452 0.228477 0.246025 0.424721 0.482047 0.252377 0.372793
19.000000 0.280467 0.423323 0.228835 0.246100 0.424241 0.482042 0.252318 0.372364
19.200000 0.280667 0.423257 0.228801 0.245804 0.423807 0.481998 0.252354 0.372121
19.400000 0.280473 0.422790 0.229011 0.245842 0.423232 0.482127 0.252160 0.371658
19.600000 0.280544 0.422944 0.228981 0.245857 0.422707 0.482173 0.252126 0.371341
19.800000 0.280533 0.422600 0.228882 0.245897 0.422350 0.481979 0.251967 0.370868
20.000000 0.280528 0.422219 0.228933 0.245940 0.421456 0.481983 0.252023 0.370238
20.200000 0.280582 0.422061 0.228971 0.245814 0.421047 0.481974 0.251980 0.369923
20.400000 0.280471 0.422006 0.228874 0.245639 0.420560 0.481912 0.251899 0.369704
20.600000 0.280431 0.421616 0.228732 0.245667 0.420210 0.482090 0.251853 0.369191
20.800000 0.280361 0.421220 0.228734 0.245748 0.419576 0.481885 0.251918 0.368808
21.000000 0.280454 0.421155 0.228795 0.245606 0.418938 0.481861 0.251744 0.368559
21.200000 0.280153 0.420944 0.228741 0.245550 0.418453 0.481921 0.251761 0.368087
21.400000 0.280191 0.420722 0.228792 0.245370 0.417925 0.481958 0.251647 0.367680
21.600000 0.280265 0.420426 0.228831 0.245650 0.417208 0.481790 0.251748 0.367175
21.800000 0.280243 0.420191 0.228846 0.245461 0.417000 0.481736 0.251527 0.366907
22.000000 0.280303 0.420035 0.228593 0.245382 0.416477 0.481688 0.251505 0.366589
22.200000 0.280147 0.419916 0.228869 0.245492 0.415931 0.481662 0.251339 0.366100
22.400000 0.280016 0.419561 0.228831 0.245340 0.415169 0.481662 0.251312 0.365734
22.600000 0.280089 0.419464 0.228869 0.245236 0.414872 0.481658 0.251409 0.365203
22.800000 0.280042 0.419051 0.228672 0.245215 0.414168 0.481653 0.251305 0.364865
23.000000 0.280150 0.418932 0.228746 0.245080 0.413733 0.481510 0.251262 0.364462
23.200000 0.280121 0.418851 0.228711 0.245093 0.413266 0.481512 0.251233 0.364149
23.400000 0.279956 0.418544 0.228685 0.245092 0.412688 0.481492 0.251303 0.363799
23.600000 0.279941 0.418310 0.228626 0.245116 0.412201 0.481337 0.251023 0.363383
23.800000 0.279869 0.418053 0.228709 0.244989 0.411788 0.481281 0.251038 0.363041
24.000000 0.279870 0.417841 0.228635 0.245017 0.411282 0.481395 0.251156 0.362684
24.200000 0.279716 0.417562 0.228605 0.244939 0.410816 0.481271 0.250989 0.362387
24.400000 0.279818 0.417469 0.228654 0.244768 0.410385 0.481411 0.250750 0.361968
24.600000 0.279776 0.417273 0.228669 0.244819 0.409869 0.481252 0.250847 0.361564
24.800000 0.279731 0.417078 0.228662 0.244876 0.409250 0.481383 0.250853 0.361276
25.000000 0.279728 0.416873 0.228565 0.244662 0.409052 0.481320 0.250781 0.360913
25.200000 0.279706 0.416704 0.228635 0.244638 0.408365 0.481007 0.250565 0.360421
25.400000 0.279501 0.416539 0.228621 0.244836 0.407871 0.481297 0.250636 0.360261
25.600000 0.279584 0.416151 0.228691 0.244648 0.407533 0.481163 0.250635 0.359935
25.800000 0.279632 0.416088 0.228670 0.244613 0.407130 0.481210 0.250585 0.359514
26.000000 0.279576 0.415900 0.228515 0.244573 0.406624 0.481023 0.250676 0.359067
26.200000 0.279577 0.415511 0.228367 0.244376 0.406030 0.481170 0.250356 0.358871
26.400000 0.279532 0.415593 0.228452 0.244436 0.405730 0.480973 0.250435 0.358498
26.600000 0.279515 0.415369 0.228517 0.244411 0.405245 0.481122 0.250499 0.358127
26.800000 0.279403 0.415167 0.228518 0.244359 0.404775 0.481044 0.250352 0.357832
27.000000 0.279440 0.414963 0.228496 0.244398 0.404273 0.480837 0.250262 0.357635
27.200000 0.279445 0.414625 0.228274 0.244342 0.404007 0.481106 0.249971 0.357190
27.400000 0.279362 0.414488 0.228511 0.244290 0.403305 0.480883 0.250160 0.356826
27.600000 0.279177 0.414326 0.228479 0.244256 0.403038 0.480954 0.250129 0.356566
27.800000 0.279281 0.414149 0.228429 0.244281 0.402596 0.481047 0.250115 0.356219
28.000000 0.279309 0.413836 0.228568 0.244003 0.402336 0.480825 0.250223 0.355688
28.200000 0.279313 0.413672 0.228570 0.244027 0.401805 0.480727 0.249716 0.355530
28.400000 0.279295 0.413596 0.228369 0.244024 0.401457 0.480891 0.249981 0.355077
28.600000 0.279240 0.413500 0.228500 0.244042 0.400797 0.480757 0.249909 0.354791
28.800000 0.279120 0.413132 0.228359 0.243842 0.400193 0.480745 0.249655 0.354605
29.000000 0.279197 0.413025 0.228304 0.244009 0.399864 0.480953 0.249645 0.354149
29.200000 0.279180 0.412869 0.228398 0.244037 0.399554 0.480722 0.249935 0.353937
29.400000 0.278962 0.412683 0.228351 0.243898 0.399132 0.480567 0.249746 0.353547
29.600000 0.279105 0.412474 0.228282 0.243766 0.398722 0.480753 0.249685 0.353200
29.800000 0.279093 0.412424 0.228403 0.243982 0.398104 0.480686 0.249536 0.353000
30.000000 0.279078 0.412042 0.228251 0.243832 0.397893 0.480802 0.249605 0.352485
30.200000 0.279062 0.411978 0.228381 0.243797 0.397537 0.480598 0.249530 0.352058
30.400000 0.279011 0.411878 0.228397 0.243824 0.397080 0.480635 0.249512 0.351981
30.600000 0.279116 0.411619 0.228351 0.243683 0.396618 0.480331 0.249366 0.351627
30.800000 0.279615 0.411495 0.228455 0.243667 0.396249 0.480608 0.249413 0.351295
31.000000 0.280306 0.411310 0.228502 0.243543 0.395871 0.480641 0.249383 0.350961
31.200000 0.282117 0.411110 0.228346 0.243497 0.395356 0.480402 0.249373 0.350616
31.400000 0.283861 0.410997 0.228385 0.243574 0.395179 0.480780 0.249471 0.350595
31.600000 0.285956 0.410845 0.228275 0.243527 0.394886 0.480467 0.249286 0.350466
31.800000 0.289158 0.410681 0.228302 0.243410 0.394498 0.480434 0.249274 0.350009
32.000000 0.292372 0.410531 0.228391 0.243537 0.394383 0.480441 0.249037 0.350111
32.200000 0.295808 0.410337 0.228084 0.243378 0.394413 0.480475 0.249218 0.350020
32.400000 0.299332 0.410424 0.228569 0.243512 0.394383 0.480443 0.249146 0.350034
32.600000 0.302957 0.410321 0.228311 0.243418 0.394694 0.480307 0.249035 0.350153
32.800000 0.306425 0.410418 0.228339 0.243478 0.394944 0.480210 0.249179 0.350414
33.000000 0.309603 0.410556 0.228395 0.243573 0.395609 0.480287 0.249320 0.350654
33.200000 0.312911 0.410729 0.228327 0.243733 0.396418 0.480490 0.249097 0.351241
33.400000 0.315933 0.410832 0.228543 0.243844 0.397168 0.480270 0.249009 0.351765
33.600000 0.318679 0.411415 0.228282 0.243926 0.398003 0.480343 0.249050 0.352418
33.800000 0.321190 0.411993 0.228466 0.244106 0.399284 0.480440 0.249128 0.353091
34.000000 0.323534 0.412599 0.228571 0.244291 0.400485 0.480241 0.249040 0.354150
34.200000 0.325725 0.413286 0.228412 0.244570 0.401781 0.480335 0.249133 0.355160
34.400000 0.327715 0.414349 0.228354 0.244740 0.403463 0.480218 0.249028 0.356060
34.600000 0.329596 0.415542 0.228506 0.244786 0.405206 0.480148 0.249151 0.357547
34.800000 0.331159 0.416775 0.228453 0.245137 0.407239 0.480318 0.249135 0.358868
35.000000 0.332619 0.418277 0.228725 0.245408 0.409119 0.480451 0.249197 0.360228
35.200000 0.333902 0.419694 0.228511 0.245665 0.411081 0.479915 0.249208 0.361540
35.400000 0.334932 0.421487 0.228685 0.245963 0.413212 0.480288 0.249064 0.363054
35.600000 0.336043 0.423278 0.228578 0.246224 0.415046 0.480466 0.249265 0.364475
35.800000 0.336942 0.425013 0.228859 0.246317 0.417337 0.480302 0.249211 0.366133
36.000000 0.337842 0.426967 0.228668 0.246753 0.419475 0.480209 0.249286 0.367841
36.200000 0.338544 0.429292 0.228783 0.246961 0.421758 0.480378 0.249453 0.369369
36.400000 0.339304 0.431515 0.228801 0.247262 0.424405 0.480472 0.249621 0.371104
36.600000 0.339916 0.433680 0.228840 0.247581 0.426924 0.480352 0.249340 0.372943
36.800000 0.340533 0.436311 0.228887 0.247883 0.429290 0.480473 0.249399 0.374805
37.000000 0.340919 0.438811 0.228944 0.248174 0.431643 0.480425 0.249414 0.376663
37.200000 0.341561 0.441448 0.228975 0.248397 0.434430 0.480222 0.249458 0.378442
37.400000 0.342006 0.444236 0.228890 0.248600 0.437251 0.480477 0.249625 0.380403
37.600000 0.342283 0.447337 0.228981 0.248929 0.440000 0.480484 0.249587 0.382511
37.800000 0.342718 0.450162 0.229068 0.249302 0.442678 0.480424 0.249562 0.384598
38.000000 0.343161 0.453201 0.229158 0.249442 0.445421 0.480633 0.249581 0.386675
38.200000 0.343570 0.456538 0.229265 0.249819 0.448571 0.480219 0.249765 0.388821
38.400000 0.343879 0.459613 0.229254 0.250243 0.451417 0.480611 0.249652 0.391054
38.600000 0.344169 0.462804 0.229327 0.250338 0.454284 0.480514 0.249847 0.393289
38.800000 0.344468 0.466030 0.229161 0.250546 0.457317 0.480395 0.249730 0.395458
39.000000 0.344607 0.469545 0.229039 0.250864 0.460395 0.480623 0.249801 0.397701
39.200000 0.344952 0.473164 0.229223 0.251024 0.463417 0.480508 0.249914 0.400001
39.400000 0.345071 0.476483 0.229352 0.251454 0.466574 0.480582 0.249813 0.402241
39.600000 0.345315 0.479809 0.229448 0.251641 0.469748 0.480540 0.250041 0.404544
39.800000 0.345733 0.483446 0.229500 0.251895 0.472896 0.480709 0.250043 0.406981
40.000000 0.345795 0.487009 0.229644 0.252205 0.476016 0.480757 0.249971 0.409496
40.200000 0.346048 0.490637 0.229620 0.252273 0.479128 0.480744 0.250226 0.411893
40.400000 0.346209 0.494222 0.229597 0.252563 0.482629 0.480781 0.250210 0.414361
40.600000 0.346330 0.497978 0.229635 0.252951 0.485763 0.480794 0.250192 0.416748
40.800000 0.346462 0.501499 0.229381 0.253018 0.488908 0.480719 0.250103 0.419435
41.000000 0.346537 0.506163 0.229633 0.253333 0.493461 0.480679 0.250350 0.422646
41.200000 0.346832 0.509718 0.229393 0.253556 0.496423 0.480824 0.250276 0.425200
41.400000 0.346976 0.513269 0.229598 0.253792 0.500110 0.480943 0.250527 0.427712
41.600000 0.347096 0.516832 0.229780 0.254046 0.503308 0.480903 0.250536 0.430258
41.800000 0.347199 0.520603 0.229767 0.254141 0.506724 0.480909 0.250635 0.432814
42.000000 0.347285 0.524125 0.229889 0.254502 0.510004 0.480946 0.250460 0.435345
42.200000 0.347344 0.527433 0.229890 0.254397 0.513052 0.480890 0.250627 0.437921
42.400000 0.347494 0.531023 0.229653 0.254967 0.516793 0.480828 0.250835 0.440453
42.600000 0.347645 0.534634 0.230089 0.254994 0.519910 0.481086 0.250723 0.443041
42.800000 0.347737 0.537900 0.229952 0.255144 0.523256 0.481051 0.250995 0.445758
43.000000 0.347880 0.541302 0.229910 0.255322 0.526735 0.481089 0.250875 0.448183
43.200000 0.347958 0.544478 0.229805 0.255541 0.530096 0.481060 0.251064 0.450841
43.400000 0.347924 0.547909 0.230025 0.255628 0.533297 0.481092 0.250894 0.453385
43.600000 0.347950 0.551057 0.230058 0.255944 0.536729 0.481010 0.251074 0.455957
43.800000 0.348129 0.554337 0.230043 0.255904 0.540087 0.481026 0.251108 0.458667
44.000000 0.348350 0.557655 0.230153 0.256228 0.543355 0.481288 0.251210 0.461261
44.200000 0.348400 0.560707 0.230176 0.256406 0.546619 0.481066 0.251268 0.463890
44.400000 0.348447 0.563585 0.230169 0.256604 0.549821 0.481123 0.251271 0.466459
44.600000 0.348409 0.566707 0.229992 0.256698 0.553028 0.481368 0.251451 0.469015
44.800000 0.348582 0.569713 0.230247 0.256914 0.556287 0.481355 0.251339 0.471376
45.000000 0.348532 0.572813 0.230278 0.257233 0.559475 0.481365 0.251509 0.473959
45.200000 0.348802 0.575429 0.230299 0.257133 0.562823 0.481454 0.251610 0.476621
45.400000 0.348852 0.578373 0.230489 0.257468 0.565912 0.481293 0.251765 0.479006
45.600000 0.348862 0.581009 0.230267 0.257511 0.568860 0.481387 0.251631 0.481433
45.800000 0.348875 0.583722 0.230318 0.257700 0.572125 0.481349 0.251782 0.484029
46.000000 0.349049 0.586516 0.230173 0.258004 0.575147 0.481542 0.251827 0.486495
46.200000 0.349130 0.589109 0.230448 0.257882 0.578381 0.481566 0.251917 0.489020
46.400000 0.349249 0.591868 0.230298 0.258066 0.581501 0.481129 0.251677 0.491177
46.600000 0.349183 0.594218 0.230496 0.258326 0.584518 0.481331 0.252073 0.493735
46.800000 0.349317 0.596531 0.230479 0.258421 0.587510 0.481701 0.252124 0.496069
47.000000 0.349292 0.599195 0.230491 0.258545 0.590344 0.481687 0.252176 0.498563
47.200000 0.349525 0.601778 0.230486 0.258694 0.593996 0.481679 0.252499 0.501533
47.400000 0.349718 0.604482 0.230666 0.258950 0.597308 0.481713 0.252317 0.504027
47.600000 0.349612 0.606777 0.230470 0.259002 0.600066 0.481598 0.252402 0.506354
47.800000 0.349612 0.608844 0.230637 0.259215 0.602949 0.481862 0.252649 0.508480
48.000000 0.349698 0.611206 0.230671 0.259386 0.605862 0.481750 0.252683 0.510724
48.200000 0.349759 0.613333 0.230682 0.259429 0.608518 0.481731 0.252602 0.513027
48.400000 0.349801 0.615369 0.230817 0.259649 0.611289 0.481739 0.252665 0.515197
48.600000 0.349772 0.617225 0.230658 0.259730 0.614036 0.481868 0.252792 0.517379
48.800000 0.350023 0.619308 0.230817 0.259830 0.616924 0.481774 0.252987 0.519581
49.000000 0.350032 0.621171 0.230747 0.259712 0.619282 0.481787 0.252807 0.521662
49.200000 0.350032 0.623151 0.230742 0.260102 0.622228 0.482003 0.252858 0.523944
49.400000 0.350126 0.624803 0.230817 0.260063 0.624906 0.481985 0.253055 0.526022
49.600000 0.350170 0.626604 0.230849 0.260167 0.627524 0.481876 0.253024 0.528073
49.800000 0.350145 0.628560 0.230832 0.260525 0.630014 0.482159 0.253135 0.530207
50.000000 0.350071 0.630332 0.230839 0.260568 0.632493 0.482036 0.253226 0.532171
50.200000 0.350212 0.631870 0.231004 0.260481 0.634968 0.482045 0.253342 0.534344
50.400000 0.350247 0.633479 0.230885 0.260628 0.637366 0.482051 0.253347 0.536170
50.600000 0.350315 0.635144 0.230892 0.260850 0.639990 0.482054 0.253422 0.538138
50.800000 0.350316 0.636823 0.230951 0.260937 0.642433 0.481928 0.253467 0.540056
51.000000 0.350360 0.638106 0.230784 0.261037 0.644876 0.482110 0.253567 0.542135
51.200000 0.350556 0.639950 0.230963 0.261202 0.647526 0.482219 0.253674 0.544048
51.400000 0.350433 0.641272 0.231003 0.261267 0.649611 0.481889 0.253664 0.545918
51.600000 0.350396 0.642731 0.231017 0.261382 0.652086 0.482319 0.253783 0.547815
51.800000 0.350432 0.644332 0.231108 0.261484 0.654225 0.482083 0.253738 0.549693
52.000000 0.350575 0.645635 0.231139 0.261628 0.656592 0.482189 0.253871 0.551366
52.200000 0.350606 0.647104 0.231148 0.261750 0.658972 0.482448 0.253985 0.553213
52.400000 0.350573 0.648241 0.230945 0.261692 0.661162 0.482264 0.253910 0.554870
52.600000 0.350786 0.649633 0.231093 0.261755 0.663371 0.482393 0.254056 0.556768
52.800000 0.350689 0.650724 0.231051 0.262011 0.665577 0.482423 0.254070 0.558484
53.000000 0.350710 0.652174 0.231295 0.262153 0.667852 0.482474 0.254363 0.560281
53.200000 0.350761 0.653526 0.231085 0.262180 0.669738 0.482502 0.254326 0.561944
53.400000 0.350927 0.654553 0.231085 0.262266 0.672053 0.482529 0.254463 0.563721
53.600000 0.350820 0.656142 0.231265 0.262603 0.674705 0.482417 0.254540 0.565544
53.800000 0.350900 0.657047 0.231226 0.262550 0.676599 0.482410 0.254511 0.567270
54.000000 0.350826 0.658069 0.230799 0.262644 0.678703 0.482567 0.254653 0.568695
54.200000 0.350813 0.659310 0.231172 0.262685 0.680679 0.482497 0.254583 0.570239
54.400000 0.351039 0.660369 0.231291 0.262898 0.682705 0.482676 0.254755 0.572012
54.600000 0.351040 0.661214 0.231301 0.262836 0.684543 0.482560 0.254754 0.573508
54.800000 0.351103 0.662450 0.231369 0.263153 0.686515 0.482712 0.254884 0.575160
55.000000 0.350919 0.663293 0.231242 0.262975 0.688177 0.482727 0.254958 0.576418
55.200000 0.351229 0.664086 0.231381 0.263011 0.690063 0.482736 0.255047 0.577825
55.400000 0.351129 0.664910 0.231342 0.263224 0.691859 0.482695 0.254929 0.579283
55.600000 0.351244 0.665976 0.231357 0.263307 0.693799 0.482924 0.254924 0.580529
55.800000 0.351206 0.666714 0.231370 0.263382 0.695629 0.482903 0.255170 0.582097
56.000000 0.351240 0.667425 0.231543 0.263463 0.697290 0.482939 0.255141 0.583400
56.200000 0.351125 0.668550 0.231451 0.263568 0.698972 0.482918 0.255353 0.584567
56.400000 0.351325 0.669142 0.231528 0.263792 0.700640 0.482702 0.255429 0.586118
56.600000 0.351347 0.670075 0.231496 0.263768 0.702474 0.483081 0.255541 0.587177
56.800000 0.351198 0.670964 0.231463 0.263737 0.704147 0.483020 0.255555 0.588536
57.000000 0.351028 0.671542 0.231487 0.263827 0.705700 0.483016 0.255635 0.589974
57.200000 0.351395 0.672548 0.231590 0.263858 0.707311 0.483085 0.255586 0.591005
57.400000 0.351430 0.673100 0.231504 0.264007 0.708914 0.483166 0.255786 0.592359
57.600000 0.351434 0.673902 0.231693 0.264104 0.710521 0.483157 0.255701 0.593773
57.800000 0.351451 0.674532 0.231566 0.264423 0.711998 0.483022 0.255942 0.594852
58.000000 0.351526 0.675170 0.231521 0.264266 0.713480 0.483152 0.256025 0.596137
58.200000 0.351487 0.675662 0.231751 0.264200 0.715080 0.483223 0.256065 0.597169
58.400000 0.351449 0.676482 0.231589 0.264407 0.716444 0.483369 0.256134 0.598309
58.600000 0.351636 0.676982 0.231648 0.264522 0.718055 0.483397 0.256287 0.599394
58.800000 0.351634 0.677728 0.231678 0.264466 0.719454 0.483301 0.256333 0.600634
59.000000 0.351584 0.678224 0.231575 0.264503 0.720815 0.483111 0.256122 0.601632
59.200000 0.351750 0.679001 0.231721 0.264853 0.722317 0.483279 0.256395 0.602730
59.400000 0.351749 0.679511 0.231640 0.264754 0.723777 0.483545 0.256398 0.603854
59.600000 0.351742 0.680136 0.231726 0.264968 0.725308 0.483519 0.256573 0.605047
59.800000 0.351532 0.680746 0.231900 0.264999 0.727102 0.483484 0.256636 0.606446
60.000000 0.351813 0.681397 0.231665 0.264962 0.728539 0.483513 0.256711 0.607317
60.200000 0.351929 0.681949 0.231823 0.265185 0.729812 0.483508 0.256912 0.608515
60.400000 0.351905 0.682371 0.231789 0.265228 0.731137 0.483556 0.256892 0.609533
60.600000 0.351961 0.683104 0.231827 0.265120 0.732431 0.483490 0.256916 0.610488
60.800000 0.351745 0.683591 0.231815 0.265273 0.733613 0.483598 0.256986 0.611551
61.000000 0.351928 0.683953 0.231901 0.265369 0.734601 0.483437 0.257049 0.612440
61.200000 0.352016 0.684517 0.231863 0.265601 0.736170 0.483673 0.257089 0.613459
61.400000 0.351888 0.684945 0.231860 0.265607 0.737178 0.483566 0.257187 0.614191
61.600000 0.351967 0.685418 0.231889 0.265650 0.738248 0.483812 0.257371 0.615187
61.800000 0.351990 0.685737 0.231919 0.265579 0.739691 0.483614 0.257360 0.616131
62.000000 0.351968 0.686084 0.231779 0.265765 0.740537 0.483580 0.257350 0.616793
62.200000 0.351972 0.686601 0.231819 0.265701 0.741644 0.483685 0.257549 0.617533
62.400000 0.351955 0.687168 0.232056 0.265912 0.742911 0.483751 0.257499 0.618641
62.600000 0.351876 0.687458 0.232083 0.266100 0.744007 0.483742 0.257641 0.619530
62.800000 0.351995 0.687765 0.232017 0.266087 0.745091 0.483919 0.257659 0.620325
63.000000 0.351997 0.688238 0.231954 0.266201 0.746052 0.483710 0.257607 0.621045
63.200000 0.351972 0.688575 0.231950 0.266132 0.746814 0.483878 0.257797 0.621923
63.400000 0.352013 0.689049 0.231826 0.266290 0.748251 0.483946 0.257880 0.622568
63.600000 0.351879 0.689342 0.231918 0.266287 0.749160 0.483856 0.257953 0.623618
63.800000 0.352065 0.689807 0.232051 0.266542 0.750126 0.483956 0.258031 0.624287
64.000000 0.352086 0.689856 0.231971 0.266566 0.751190 0.484006 0.258074 0.625108
64.200000 0.352101 0.690149 0.232072 0.266421 0.752394 0.483729 0.258155 0.625639
64.400000 0.352140 0.690556 0.232177 0.266643 0.753067 0.484046 0.258151 0.626413
64.600000 0.351901 0.690940 0.231665 0.266758 0.754140 0.484078 0.258298 0.627165
64.800000 0.352085 0.691391 0.232232 0.266714 0.755121 0.484057 0.258479 0.627998
65.000000 0.352182 0.691397 0.232186 0.266789 0.755952 0.484100 0.258394 0.628592
65.200000 0.352033 0.691921 0.232084 0.266873 0.757076 0.484017 0.258443 0.629336
65.400000 0.352238 0.692331 0.232176 0.266978 0.757858 0.484139 0.258567 0.630001
65.600000 0.352131 0.692329 0.232108 0.267321 0.758543 0.484125 0.258572 0.630620
65.800000 0.352194 0.692883 0.232363 0.266889 0.759602 0.484275 0.258667 0.631515
66.000000 0.352253 0.693188 0.232129 0.267078 0.760507 0.483943 0.258794 0.632137
66.200000 0.352290 0.693303 0.232307 0.267102 0.761392 0.484209 0.258930 0.632927
66.400000 0.352269 0.693592 0.232011 0.267137 0.762173 0.484353 0.258814 0.633541
66.600000 0.352195 0.693771 0.232273 0.267264 0.762987 0.484235 0.258837 0.633998
66.800000 0.352216 0.693588 0.232209 0.267298 0.763744 0.484214 0.258895 0.634551
67.000000 0.352292 0.694332 0.232028 0.267363 0.764525 0.484226 0.259020 0.635153
67.200000 0.352197 0.694723 0.232363 0.267348 0.765403 0.484415 0.259234 0.635831
67.400000 0.352314 0.694905 0.232332 0.267214 0.766068 0.484447 0.259187 0.636326
67.600000 0.352208 0.694945 0.232217 0.267546 0.766873 0.484225 0.259244 0.636804
67.800000 0.352258 0.695267 0.232162 0.267516 0.767573 0.484326 0.259279 0.637299
68.000000 0.352410 0.695647 0.232281 0.267694 0.768417 0.484479 0.259330 0.638207
68.200000 0.352399 0.695597 0.232328 0.267765 0.768938 0.484327 0.259430 0.638678
68.400000 0.352424 0.695947 0.232331 0.267829 0.769382 0.484513 0.259507 0.638824
68.600000 0.352471 0.695999 0.232306 0.267861 0.770301 0.484538 0.259523 0.639701
68.800000 0.352385 0.696347 0.232231 0.267733 0.770903 0.484541 0.259485 0.639973
69.000000 0.352460 0.696511 0.232295 0.267927 0.771905 0.484674 0.259700 0.640637
69.200000 0.352424 0.696738 0.232331 0.268055 0.772325 0.484765 0.259560 0.641268
69.400000 0.352425 0.696946 0.232304 0.268044 0.773082 0.484766 0.259766 0.641715
69.600000 0.352445 0.697095 0.232388 0.268099 0.773891 0.484549 0.259988 0.642109
69.800000 0.352542 0.697265 0.232381 0.268106 0.774544 0.484718 0.259868 0.642795
70.000000 0.352572 0.697353 0.232256 0.268227 0.775013 0.484739 0.259939 0.643132
70.200000 0.352348 0.697471 0.232534 0.268398 0.775731 0.484845 0.260003 0.643722
70.400000 0.352382 0.697875 0.232483 0.268462 0.776311 0.484778 0.260032 0.644081
70.600000 0.352360 0.697964 0.232367 0.268294 0.776913 0.484625 0.260115 0.644614
70.800000 0.352489 0.698167 0.232267 0.268450 0.777536 0.484824 0.260235 0.645084
71.000000 0.352501 0.698286 0.232257 0.268469 0.778348 0.484818 0.260201 0.645592
71.200000 0.352512 0.698437 0.232307 0.268600 0.778790 0.484761 0.260421 0.645914
71.400000 0.352427 0.698633 0.232437 0.268654 0.779397 0.484904 0.260170 0.646412
71.600000 0.352585 0.698843 0.232289 0.268658 0.779726 0.484798 0.260398 0.646874
71.800000 0.352580 0.698963 0.232310 0.268557 0.780588 0.484994 0.260325 0.647374
72.000000 0.352498 0.699008 0.232518 0.268679 0.780830 0.484830 0.260322 0.647487
72.200000 0.352539 0.699296 0.232695 0.268815 0.781685 0.484972 0.260571 0.648221
72.400000 0.352570 0.699520 0.232372 0.268738 0.782174 0.484998 0.260694 0.648649
72.600000 0.352629 0.699585 0.232583 0.268747 0.782716 0.485060 0.260572 0.649058
72.800000 0.352563 0.699709 0.232536 0.268558 0.783180 0.485079 0.260496 0.649402
73.000000 0.352652 0.699781 0.232496 0.268874 0.783744 0.484985 0.260862 0.649796
73.200000 0.352609 0.700044 0.232499 0.268889 0.784237 0.484948 0.260919 0.650240
73.400000 0.352520 0.700184 0.232493 0.269082 0.784320 0.484989 0.261027 0.650592
73.600000 0.352656 0.700328 0.232677 0.269131 0.785291 0.485153 0.261011 0.650963
73.800000 0.352928 0.700477 0.232474 0.269061 0.785810 0.485171 0.261228 0.651387
74.000000 0.352717 0.700560 0.232404 0.269232 0.786426 0.485200 0.261099 0.651495
74.200000 0.352705 0.700600 0.232444 0.269270 0.786601 0.485004 0.261119 0.651930
74.400000 0.352634 0.700824 0.232429 0.269301 0.787193 0.485133 0.261211 0.652170
74.600000 0.352703 0.700755 0.232549 0.269411 0.787603 0.485258 0.261303 0.652680
74.800000 0.352711 0.701075 0.232611 0.269456 0.788040 0.485352 0.261321 0.652953
75.000000 0.352422 0.701219 0.232573 0.269361 0.788362 0.485317 0.261482 0.653287
75.200000 0.352757 0.701181 0.232549 0.269588 0.789002 0.485250 0.261366 0.653612
75.400000 0.352722 0.701355 0.232618 0.269449 0.789338 0.485317 0.261517 0.653880
75.600000 0.352759 0.701361 0.232637 0.269429 0.789758 0.485304 0.261555 0.654348
75.800000 0.352737 0.701553 0.232276 0.269573 0.789927 0.485240 0.261625 0.654754
76.000000 0.352768 0.701447 0.232602 0.269595 0.790593 0.485508 0.261669 0.655058
76.200000 0.352854 0.701822 0.232638 0.269623 0.791103 0.485281 0.261737 0.655325
76.400000 0.352776 0.701908 0.232690 0.269896 0.791431 0.485449 0.261778 0.655584
76.600000 0.352754 0.702000 0.232587 0.269789 0.791862 0.485423 0.261701 0.655934
76.800000 0.352708 0.702005 0.232809 0.270069 0.792233 0.485467 0.261905 0.656237
77.000000 0.352716 0.702201 0.232561 0.269941 0.792605 0.485485 0.261986 0.656503
77.200000 0.352706 0.702341 0.232606 0.270004 0.792929 0.485549 0.261860 0.656826
77.400000 0.352732 0.702297 0.232579 0.269952 0.793415 0.485481 0.262044 0.657242
77.600000 0.352650 0.702583 0.232738 0.270215 0.793886 0.485637 0.262139 0.657567
77.800000 0.352731 0.702596 0.232760 0.269946 0.794224 0.485644 0.262159 0.657793
78.000000 0.352781 0.702516 0.232564 0.270264 0.794479 0.485680 0.262185 0.658251
78.200000 0.352925 0.702714 0.232868 0.270237 0.794840 0.485655 0.262376 0.658377
78.400000 0.352551 0.702600 0.232841 0.270111 0.794883 0.485533 0.262366 0.658501
78.600000 0.352762 0.702953 0.232812 0.270292 0.795719 0.485821 0.262334 0.658842
78.800000 0.352674 0.703093 0.232785 0.270520 0.796021 0.485702 0.262541 0.659151
79.000000 0.352811 0.664081 0.232818 0.270469 0.796450 0.485817 0.262565 0.659462
79.200000 0.352843 0.742082 0.232856 0.270669 0.796787 0.485780 0.262739 0.659538
79.400000 0.352848 0.703504 0.232747 0.270636 0.797077 0.485712 0.262730 0.659936
79.600000 0.352774 0.703127 0.232835 0.270443 0.797356 0.485825 0.262485 0.660103
79.800000 0.352755 0.703280 0.232819 0.270635 0.797694 0.485569 0.262644 0.660400
80.000000 0.352901 0.703569 0.232739 0.270597 0.797958 0.485712 0.262857 0.660645
80.200000 0.352855 0.703454 0.232818 0.270802 0.798336 0.485855 0.262685 0.660752
80.400000 0.352849 0.703639 0.232754 0.270737 0.798614 0.485894 0.262980 0.661146
80.600000 0.352719 0.703684 0.232708 0.270507 0.798683 0.485989 0.262974 0.661268
80.800000 0.352848 0.703613 0.232895 0.270833 0.799013 0.485906 0.263011 0.661330
81.000000 0.352904 0.703772 0.232890 0.270948 0.799266 0.485991 0.263009 0.661741
81.200000 0.352920 0.703741 0.232753 0.270803 0.799492 0.485954 0.263014 0.661947
81.400000 0.352787 0.703881 0.233001 0.270984 0.799866 0.485980 0.263214 0.662130
81.600000 0.352925 0.704092 0.232785 0.270912 0.800166 0.485955 0.263183 0.662240
81.800000 0.352852 0.703774 0.232816 0.270889 0.800400 0.486109 0.263349 0.662435
82.000000 0.352859 0.703955 0.232553 0.270759 0.800584 0.485860 0.263271 0.662783
82.200000 0.352897 0.704174 0.232779 0.271111 0.800852 0.486098 0.263066 0.662884
82.400000 0.353077 0.704225 0.232899 0.271285 0.801244 0.486074 0.263215 0.663081
82.600000 0.353060 0.704265 0.232971 0.271205 0.801295 0.485869 0.263514 0.663185
82.800000 0.352911 0.704194 0.232965 0.271111 0.801545 0.486139 0.263510 0.663443
83.000000 0.352945 0.704468 0.232796 0.271278 0.801889 0.486002 0.263467 0.663589
83.200000 0.353067 0.704178 0.232971 0.271428 0.802247 0.486004 0.263383 0.663768
83.400000 0.352810 0.704481 0.232978 0.271345 0.802421 0.486131 0.263621 0.664050
83.600000 0.353042 0.704623 0.232860 0.271445 0.802579 0.486087 0.263740 0.664139
83.800000 0.353001 0.704568 0.232943 0.271443 0.802769 0.486158 0.263715 0.664458
84.000000 0.353020 0.704801 0.232928 0.271321 0.803185 0.486061 0.263786 0.664473
84.200000 0.353071 0.704603 0.233027 0.271493 0.803315 0.486234 0.263662 0.664741
84.400000 0.353068 0.704686 0.232936 0.271537 0.803676 0.486280 0.263771 0.664925
84.600000 0.353037 0.704776 0.232958 0.271542 0.803850 0.486181 0.263915 0.665093
84.800000 0.353058 0.704808 0.232857 0.271644 0.803844 0.486327 0.264080 0.665016
85.000000 0.353058 0.704851 0.233037 0.271462 0.804390 0.486187 0.264002 0.665226
85.200000 0.352820 0.704512 0.232911 0.271566 0.804337 0.486175 0.264093 0.665417
85.400000 0.353068 0.704905 0.232759 0.271635 0.804672 0.486355 0.264080 0.665683
85.600000 0.353000 0.704998 0.233147 0.271888 0.804627 0.486395 0.263986 0.665881
85.800000 0.353053 0.705093 0.233278 0.271907 0.805113 0.486586 0.264147 0.666040
86.000000 0.353017 0.704992 0.233135 0.271744 0.805329 0.486355 0.264183 0.666128
86.200000 0.352939 0.705230 0.233092 0.271874 0.805637 0.486490 0.264253 0.666329
86.400000 0.353065 0.705369 0.233021 0.271874 0.805667 0.486331 0.264152 0.666367
86.600000 0.353084 0.705408 0.232861 0.272053 0.805836 0.486556 0.264347 0.666788
86.800000 0.352950 0.705344 0.233051 0.272000 0.806082 0.486529 0.264288 0.666846
87.000000 0.353182 0.705385 0.233098 0.272061 0.806267 0.486482 0.264294 0.666918
87.200000 0.353053 0.705388 0.233110 0.271947 0.806311 0.486364 0.264493 0.667021
87.400000 0.353216 0.705436 0.233122 0.272104 0.806674 0.486482 0.264497 0.667206
87.600000 0.353134 0.705404 0.233073 0.272184 0.807021 0.486602 0.264474 0.667360
87.800000 0.353229 0.705310 0.233106 0.272185 0.806806 0.486555 0.264493 0.667534
88.000000 0.353036 0.705518 0.233119 0.272080 0.807330 0.486493 0.264746 0.667461
88.200000 0.353072 0.705255 0.233148 0.272173 0.807339 0.486640 0.264624 0.667720
88.400000 0.352951 0.705605 0.233145 0.272250 0.807626 0.486500 0.264661 0.667873
88.600000 0.353003 0.705302 0.233086 0.272358 0.807755 0.486713 0.264864 0.667893
88.800000 0.353139 0.705871 0.233269 0.272436 0.807946 0.486701 0.265027 0.668032
89.000000 0.352941 0.705731 0.233040 0.272355 0.808054 0.486687 0.264844 0.668320
89.200000 0.353223 0.705645 0.233108 0.272502 0.808249 0.486633 0.264939 0.668409
89.400000 0.353073 0.705752 0.233264 0.272458 0.808266 0.486711 0.265004 0.668476
89.600000 0.353093 0.705838 0.233160 0.272434 0.808457 0.486752 0.264756 0.668576
89.800000 0.352950 0.705783 0.233045 0.272253 0.808624 0.486607 0.264964 0.668610
90.000000 0.353171 0.705879 0.233050 0.272282 0.808973 0.486845 0.265055 0.668823
