0.200000 0.175744 0.324550 0.095723 0.103989 0.296647 0.518441 0.138387 0.229319
0.400000 0.175393 0.323651 0.095820 0.103817 0.294812 0.517915 0.137637 0.227867
0.600000 0.175622 0.323269 0.095757 0.103793 0.294033 0.517617 0.137480 0.227174
0.800000 0.175387 0.322731 0.095752 0.103877 0.292770 0.517549 0.137237 0.226487
1.000000 0.175415 0.322459 0.095657 0.103719 0.291897 0.517241 0.136904 0.225818
1.200000 0.175542 0.322227 0.095727 0.103642 0.290950 0.516985 0.136593 0.225173
1.400000 0.175174 0.321878 0.095604 0.103726 0.289809 0.516892 0.136061 0.224437
1.600000 0.175298 0.321323 0.095550 0.103487 0.288837 0.516790 0.136105 0.223780
1.800000 0.175228 0.320866 0.095578 0.103476 0.287781 0.516322 0.135793 0.222982
2.000000 0.175220 0.320735 0.095401 0.103573 0.286969 0.516336 0.135394 0.222502
2.200000 0.174880 0.320280 0.095506 0.103290 0.286014 0.516043 0.135297 0.221793
2.400000 0.175105 0.319922 0.095457 0.103334 0.285003 0.515633 0.135005 0.221162
2.600000 0.175037 0.319406 0.095420 0.102849 0.284174 0.515291 0.134881 0.220535
2.800000 0.174884 0.318988 0.095509 0.103153 0.283185 0.515245 0.134327 0.219891
3.000000 0.174963 0.318779 0.095461 0.103236 0.282146 0.514990 0.134388 0.219153
3.200000 0.174931 0.318367 0.095145 0.103214 0.281309 0.514711 0.133955 0.218515
3.400000 0.174902 0.318057 0.095409 0.103098 0.280493 0.514430 0.133698 0.218066
3.600000 0.174890 0.317632 0.095350 0.103195 0.279587 0.514282 0.133533 0.217458
3.800000 0.174832 0.317200 0.095298 0.103020 0.278712 0.514026 0.133282 0.216898
4.000000 0.174761 0.316848 0.095347 0.102996 0.277832 0.513662 0.133005 0.216333
4.200000 0.174747 0.316427 0.095249 0.102950 0.276835 0.513542 0.132659 0.215729
4.400000 0.174713 0.316225 0.095280 0.102888 0.276152 0.513368 0.132540 0.215074
4.600000 0.174682 0.315573 0.095100 0.102980 0.275257 0.513133 0.132310 0.214393
4.800000 0.174659 0.315505 0.095418 0.102834 0.274457 0.512934 0.132082 0.214047
5.000000 0.174623 0.315207 0.095142 0.102769 0.273683 0.512610 0.131854 0.213363
5.200000 0.174440 0.314657 0.095417 0.102775 0.272750 0.512407 0.131606 0.212754
5.400000 0.174541 0.314549 0.095120 0.102685 0.271804 0.512196 0.131425 0.212267
5.600000 0.174538 0.314323 0.095192 0.102681 0.271012 0.512536 0.131189 0.211688
5.800000 0.174477 0.313757 0.095158 0.102549 0.270246 0.511629 0.130934 0.211040
6.000000 0.174416 0.313509 0.095332 0.102626 0.269516 0.511547 0.130761 0.210577
6.200000 0.174419 0.313365 0.095207 0.102526 0.268753 0.511419 0.130527 0.210045
6.400000 0.174272 0.313073 0.095156 0.102417 0.267891 0.511110 0.130309 0.209357
6.600000 0.174301 0.312387 0.095093 0.102403 0.266785 0.510657 0.129967 0.208651
6.800000 0.174297 0.312141 0.095078 0.102318 0.265837 0.510486 0.129780 0.208321
7.000000 0.174243 0.311807 0.095041 0.102299 0.265278 0.510313 0.129499 0.207568
7.200000 0.174196 0.311512 0.095010 0.102324 0.264489 0.509902 0.129282 0.207170
7.400000 0.174133 0.311123 0.094988 0.102088 0.263678 0.509591 0.129033 0.206533
7.600000 0.174139 0.310765 0.095112 0.102282 0.262935 0.509484 0.129013 0.206203
7.800000 0.173953 0.310311 0.095054 0.102095 0.262275 0.509188 0.128695 0.205643
8.000000 0.174062 0.310299 0.095075 0.102168 0.261503 0.509061 0.128372 0.205133
8.200000 0.174028 0.309942 0.095055 0.102195 0.260739 0.508463 0.128267 0.204697
8.400000 0.174071 0.309357 0.095047 0.102082 0.260147 0.508550 0.128073 0.204161
8.600000 0.174055 0.309297 0.095060 0.102019 0.259283 0.508131 0.128010 0.203642
8.800000 0.173908 0.309057 0.095036 0.101973 0.258489 0.508059 0.127696 0.203224
9.000000 0.173931 0.308858 0.095037 0.102041 0.257952 0.507908 0.127559 0.202733
9.200000 0.173882 0.308479 0.095180 0.101876 0.257202 0.507654 0.127322 0.202317
9.400000 0.173814 0.308327 0.094885 0.101867 0.256593 0.507414 0.127114 0.201813
9.600000 0.173650 0.307946 0.094959 0.102057 0.255976 0.507344 0.126943 0.201381
9.800000 0.173777 0.307679 0.094852 0.101718 0.255252 0.506857 0.126734 0.200825
10.000000 0.173721 0.307190 0.094808 0.101801 0.254597 0.506740 0.126373 0.200495
10.200000 0.173676 0.307118 0.094769 0.101646 0.253981 0.506489 0.126256 0.200183
10.400000 0.173684 0.306984 0.094768 0.101721 0.253161 0.506273 0.126058 0.199481
10.600000 0.173656 0.306623 0.094792 0.101740 0.252788 0.506060 0.126022 0.199276
10.800000 0.173619 0.306314 0.094787 0.101667 0.251721 0.505729 0.125861 0.198640
11.000000 0.173584 0.305816 0.094340 0.101728 0.251151 0.505596 0.125616 0.198184
11.200000 0.173547 0.305883 0.094811 0.101480 0.250688 0.505285 0.125548 0.197614
11.400000 0.173382 0.305364 0.094833 0.101567 0.250062 0.505130 0.125235 0.197341
11.600000 0.173466 0.305213 0.094833 0.101553 0.249411 0.504798 0.125116 0.196975
11.800000 0.173430 0.305116 0.094627 0.101568 0.248855 0.504639 0.125065 0.196393
12.000000 0.173413 0.304703 0.094741 0.101452 0.248147 0.504325 0.124766 0.196100
12.200000 0.173420 0.304500 0.094596 0.101606 0.247638 0.504106 0.124561 0.195712
12.400000 0.173304 0.303995 0.094702 0.101412 0.246735 0.503798 0.124424 0.195209
12.600000 0.173302 0.303904 0.094312 0.101284 0.246355 0.503653 0.124329 0.194731
12.800000 0.173305 0.303657 0.094664 0.101351 0.245715 0.503461 0.123967 0.194453
13.000000 0.173220 0.303601 0.094623 0.101265 0.245193 0.503269 0.123947 0.194133
13.200000 0.173231 0.303174 0.094749 0.101396 0.244620 0.502960 0.123900 0.193713
13.400000 0.173188 0.302846 0.094665 0.101223 0.244057 0.502754 0.123472 0.193198
13.600000 0.173171 0.302861 0.094627 0.101220 0.243526 0.502571 0.123531 0.193008
13.800000 0.172996 0.302491 0.094624 0.101237 0.242950 0.502418 0.123386 0.192630
14.000000 0.173102 0.302411 0.094506 0.101045 0.242478 0.502058 0.123231 0.192230
14.200000 0.173119 0.302041 0.094545 0.101047 0.242148 0.501932 0.123094 0.191868
14.400000 0.173035 0.301823 0.094558 0.101192 0.241446 0.501797 0.122971 0.191615
14.600000 0.173033 0.301524 0.094576 0.101119 0.240971 0.501461 0.122688 0.191064
14.800000 0.173001 0.301368 0.094462 0.101102 0.240357 0.501399 0.122663 0.191027
15.000000 0.172960 0.301232 0.094614 0.101072 0.239900 0.501140 0.122511 0.190513
15.200000 0.172971 0.300880 0.094584 0.100865 0.239353 0.500886 0.122374 0.190190
15.400000 0.172932 0.300783 0.094532 0.101116 0.238894 0.500537 0.122231 0.189897
15.600000 0.172904 0.300726 0.094414 0.100935 0.238460 0.500349 0.121946 0.189509
15.800000 0.172853 0.300273 0.094343 0.100909 0.237872 0.500211 0.121956 0.189099
16.000000 0.172863 0.299974 0.094599 0.100927 0.237423 0.500149 0.121823 0.188766
16.200000 0.172842 0.299912 0.094709 0.100907 0.236899 0.499768 0.121707 0.188480
16.400000 0.172872 0.299615 0.094516 0.100853 0.236489 0.499697 0.121574 0.188219
16.600000 0.172784 0.299426 0.094504 0.101000 0.235917 0.499384 0.121588 0.187702
16.800000 0.172760 0.299110 0.094585 0.100935 0.235634 0.499384 0.121332 0.187504
17.000000 0.172588 0.299021 0.094462 0.100765 0.235136 0.498945 0.121205 0.187042
17.200000 0.172578 0.299048 0.094363 0.100651 0.234519 0.498776 0.121093 0.186803
17.400000 0.172666 0.298687 0.094302 0.100729 0.233881 0.498516 0.120896 0.186554
17.600000 0.172671 0.298348 0.094371 0.100784 0.233743 0.498287 0.120811 0.186309
17.800000 0.172618 0.297763 0.094316 0.100712 0.233133 0.498176 0.120845 0.185936
18.000000 0.172568 0.298089 0.094584 0.100618 0.232683 0.497999 0.120393 0.185627
18.200000 0.172575 0.297989 0.094407 0.100641 0.232254 0.497658 0.120529 0.185260
18.400000 0.172532 0.297799 0.094370 0.100634 0.231631 0.497564 0.120342 0.184983
18.600000 0.172496 0.297632 0.094340 0.100635 0.231435 0.497189 0.120093 0.184756
18.800000 0.172485 0.297231 0.094388 0.100647 0.230932 0.496981 0.120179 0.184547
19.000000 0.172462 0.296948 0.094374 0.100685 0.230378 0.496719 0.119939 0.184140
19.200000 0.172390 0.296791 0.094294 0.100473 0.229881 0.496512 0.119656 0.183648
19.400000 0.172274 0.296537 0.094424 0.100527 0.229443 0.496239 0.119398 0.183387
19.600000 0.172576 0.296559 0.094336 0.100405 0.229180 0.496351 0.119598 0.183141
19.800000 0.172411 0.296388 0.094447 0.100381 0.228693 0.496099 0.119519 0.182881
20.000000 0.172352 0.296338 0.094441 0.100548 0.228186 0.495865 0.119454 0.182534
20.200000 0.172339 0.295998 0.094286 0.100397 0.227683 0.495668 0.119210 0.182267
20.400000 0.172326 0.295726 0.094299 0.100402 0.227241 0.495341 0.119320 0.181949
20.600000 0.172421 0.295699 0.094440 0.100275 0.226959 0.495297 0.119022 0.181694
20.800000 0.172395 0.295510 0.094368 0.100347 0.226478 0.494888 0.118976 0.181404
21.000000 0.172239 0.295193 0.094149 0.100438 0.226038 0.494583 0.118818 0.181256
21.200000 0.172229 0.294901 0.094350 0.100399 0.225800 0.494651 0.118732 0.180703
21.400000 0.172204 0.294755 0.094042 0.100266 0.225140 0.494175 0.118589 0.180440
21.600000 0.172198 0.294581 0.094262 0.100296 0.224867 0.493943 0.118557 0.180296
21.800000 0.172137 0.294454 0.094218 0.100386 0.224355 0.493872 0.118411 0.180000
22.000000 0.172153 0.294251 0.094203 0.100219 0.224018 0.493705 0.118508 0.179958
22.200000 0.172201 0.294084 0.094234 0.100064 0.223609 0.493391 0.118162 0.179564
22.400000 0.172061 0.294014 0.094244 0.100170 0.223195 0.493223 0.118184 0.179188
22.600000 0.171980 0.293596 0.094237 0.099957 0.222740 0.492941 0.117958 0.178861
22.800000 0.172025 0.293555 0.094004 0.100179 0.222455 0.492820 0.118002 0.178828
23.000000 0.172048 0.293327 0.094266 0.100015 0.222069 0.492588 0.117877 0.178393
23.200000 0.172082 0.293195 0.094154 0.100102 0.221704 0.492300 0.117727 0.178177
23.400000 0.171971 0.292899 0.094155 0.100018 0.221188 0.492150 0.117660 0.177880
23.600000 0.172104 0.292677 0.094215 0.100088 0.220946 0.491939 0.117564 0.177475
23.800000 0.171915 0.292599 0.094115 0.100039 0.220527 0.491783 0.117485 0.177354
24.000000 0.171888 0.292599 0.094185 0.099965 0.220144 0.491608 0.117410 0.177102
24.200000 0.171873 0.292363 0.094009 0.099959 0.219820 0.491378 0.117453 0.176732
24.400000 0.171911 0.292357 0.093848 0.099947 0.219363 0.491053 0.117273 0.176603
24.600000 0.171850 0.292142 0.094098 0.099957 0.219011 0.490989 0.156146 0.176343
24.800000 0.171675 0.291853 0.094121 0.099924 0.218738 0.490611 0.117020 0.176132
25.000000 0.171782 0.291647 0.094290 0.100075 0.218325 0.490455 0.116928 0.176062
25.200000 0.171800 0.291576 0.094077 0.099890 0.217844 0.490373 0.116828 0.175576
25.400000 0.171752 0.291337 0.094426 0.099892 0.217526 0.490027 0.116728 0.175256
25.600000 0.171728 0.290999 0.094063 0.099837 0.217236 0.489952 0.116656 0.175086
25.800000 0.171800 0.290912 0.094033 0.099841 0.216594 0.489578 0.116708 0.174851
26.000000 0.171610 0.290785 0.093926 0.099731 0.216314 0.489365 0.116518 0.174571
26.200000 0.171660 0.290536 0.094009 0.099641 0.215924 0.489088 0.116291 0.174348
26.400000 0.171631 0.290656 0.094007 0.099775 0.215651 0.489124 0.116351 0.173971
26.600000 0.171587 0.290293 0.094084 0.099600 0.215408 0.488758 0.116390 0.173908
26.800000 0.171592 0.290195 0.093846 0.099603 0.214880 0.488536 0.116211 0.173603
27.000000 0.171548 0.290214 0.093871 0.099676 0.214583 0.488367 0.116174 0.173396
27.200000 0.171545 0.289781 0.093994 0.099688 0.214367 0.488148 0.115862 0.173152
27.400000 0.171555 0.289794 0.094082 0.099684 0.214047 0.488127 0.115733 0.172888
27.600000 0.171537 0.289490 0.093541 0.099716 0.213687 0.487893 0.115857 0.172867
27.800000 0.171382 0.289454 0.094071 0.099610 0.213175 0.487402 0.115770 0.172452
28.000000 0.171452 0.289248 0.094145 0.099521 0.213058 0.487455 0.115938 0.172254
28.200000 0.171489 0.289104 0.094076 0.099593 0.212686 0.487180 0.115559 0.171943
28.400000 0.171413 0.288984 0.093997 0.099787 0.212380 0.486810 0.115578 0.171837
28.600000 0.171430 0.288835 0.093991 0.099568 0.212002 0.486751 0.115367 0.171516
28.800000 0.171389 0.288710 0.093954 0.099491 0.211788 0.486488 0.115220 0.171384
29.000000 0.171383 0.288392 0.093916 0.099670 0.211222 0.486330 0.115436 0.171132
29.200000 0.171348 0.288482 0.093940 0.099555 0.211180 0.486054 0.115159 0.170950
29.400000 0.171489 0.288362 0.093973 0.099057 0.210431 0.485970 0.115195 0.170595
29.600000 0.171337 0.287964 0.093964 0.099396 0.210516 0.485634 0.115123 0.170560
29.800000 0.171326 0.287949 0.093985 0.099401 0.210258 0.485484 0.115036 0.170253
30.000000 0.171223 0.287941 0.093793 0.099627 0.210075 0.485311 0.114937 0.170098
30.200000 0.171227 0.287533 0.093943 0.099341 0.209381 0.485112 0.114837 0.169744
30.400000 0.171347 0.287338 0.093908 0.099633 0.209131 0.484846 0.114796 0.169600
30.600000 0.171635 0.287475 0.093900 0.099339 0.208769 0.484754 0.114747 0.169486
30.800000 0.173695 0.287254 0.093976 0.099409 0.208542 0.484478 0.114614 0.169259
31.000000 0.177678 0.287210 0.093951 0.099385 0.208164 0.484303 0.114674 0.168903
31.200000 0.183949 0.286983 0.093880 0.099444 0.208099 0.484077 0.114703 0.168958
31.400000 0.194274 0.286845 0.093899 0.099342 0.207686 0.483912 0.114653 0.168611
31.600000 0.205312 0.286654 0.093952 0.099360 0.207893 0.483798 0.114768 0.168820
31.800000 0.217730 0.286672 0.093960 0.099561 0.207873 0.483710 0.114880 0.168903
32.000000 0.230295 0.286701 0.093977 0.099669 0.208452 0.483648 0.115470 0.169162
32.200000 0.243015 0.286727 0.094043 0.100072 0.209005 0.483583 0.115740 0.169591
32.400000 0.255112 0.286738 0.094222 0.100000 0.209836 0.483416 0.116149 0.169988
32.600000 0.266369 0.287269 0.094175 0.100408 0.210999 0.483625 0.116994 0.170782
32.800000 0.276778 0.287908 0.094152 0.100793 0.212517 0.483621 0.117702 0.171860
33.000000 0.286021 0.288393 0.094599 0.101364 0.214096 0.483646 0.118603 0.172936
33.200000 0.294510 0.289223 0.094548 0.102020 0.216076 0.483790 0.119607 0.174127
33.400000 0.301953 0.290356 0.094679 0.102640 0.218207 0.483820 0.120695 0.175647
33.600000 0.308281 0.291711 0.094847 0.103421 0.220817 0.483875 0.121685 0.177243
33.800000 0.314146 0.293226 0.095108 0.104432 0.223423 0.484031 0.122730 0.179290
34.000000 0.319155 0.295058 0.095518 0.104978 0.226377 0.484282 0.123771 0.181015
34.200000 0.323380 0.296963 0.095691 0.106127 0.229415 0.484454 0.125164 0.183031
34.400000 0.327285 0.299484 0.096020 0.107249 0.232835 0.484535 0.126337 0.185288
34.600000 0.330581 0.301703 0.096512 0.108302 0.236157 0.484846 0.127230 0.187662
34.800000 0.333337 0.304551 0.096996 0.109376 0.239739 0.484977 0.128833 0.190079
35.000000 0.335925 0.307177 0.097348 0.110485 0.243610 0.485166 0.130182 0.192645
35.200000 0.337923 0.310468 0.097671 0.111685 0.247472 0.485112 0.131440 0.195339
35.400000 0.339517 0.313453 0.098287 0.112799 0.251222 0.485388 0.132723 0.198036
35.600000 0.341172 0.316709 0.098782 0.113707 0.255045 0.485793 0.133741 0.200739
35.800000 0.342385 0.319936 0.099054 0.114699 0.258648 0.485860 0.135134 0.203450
36.000000 0.343777 0.323237 0.099710 0.115627 0.262876 0.486270 0.136421 0.206358
36.200000 0.344539 0.326921 0.100127 0.116781 0.266981 0.486342 0.137519 0.209237
36.400000 0.345454 0.330440 0.100830 0.117603 0.271101 0.486713 0.138968 0.212229
36.600000 0.346185 0.334230 0.101368 0.118787 0.274974 0.486766 0.140226 0.215189
36.800000 0.346975 0.338100 0.101841 0.119765 0.279484 0.487064 0.141392 0.218328
37.000000 0.347485 0.342246 0.102334 0.120839 0.283522 0.487399 0.142645 0.221302
37.200000 0.347890 0.346125 0.102821 0.121714 0.288048 0.487534 0.143747 0.224606
37.400000 0.348452 0.350217 0.103346 0.122829 0.292537 0.487870 0.145247 0.228103
37.600000 0.349000 0.356352 0.104160 0.123941 0.298677 0.488013 0.146879 0.232679
37.800000 0.349143 0.360585 0.104526 0.124962 0.303177 0.488309 0.148132 0.235796
38.000000 0.349550 0.364910 0.105147 0.125683 0.307419 0.488507 0.149345 0.238982
38.200000 0.349819 0.369228 0.105781 0.126587 0.311800 0.488997 0.150536 0.242339
38.400000 0.350003 0.373672 0.106238 0.127538 0.316157 0.489167 0.151696 0.245777
38.600000 0.350250 0.377904 0.106599 0.128098 0.320491 0.489459 0.152853 0.248890
38.800000 0.350341 0.382515 0.107042 0.128975 0.324860 0.489657 0.153974 0.252211
39.000000 0.350364 0.386854 0.107588 0.129717 0.329145 0.489885 0.155032 0.255495
39.200000 0.350336 0.391198 0.108279 0.130475 0.333257 0.490004 0.156326 0.258619
39.400000 0.350468 0.395917 0.108746 0.131301 0.337683 0.490367 0.157414 0.261999
39.600000 0.350514 0.400398 0.109175 0.132085 0.342214 0.490751 0.158528 0.265222
39.800000 0.350376 0.404954 0.109678 0.132836 0.346378 0.490884 0.159624 0.268592
40.000000 0.350447 0.409403 0.110133 0.133716 0.350651 0.491036 0.160713 0.271857
40.200000 0.350421 0.413923 0.110546 0.134230 0.354930 0.491226 0.161855 0.275118
40.400000 0.350381 0.418599 0.111046 0.134832 0.359357 0.491532 0.162852 0.278443
40.600000 0.350327 0.423263 0.111491 0.135514 0.363665 0.491975 0.163997 0.281626
40.800000 0.350261 0.427848 0.112071 0.136206 0.368039 0.492218 0.165003 0.284812
41.000000 0.350317 0.432143 0.112335 0.136842 0.372232 0.492452 0.166166 0.288001
41.200000 0.350182 0.436965 0.112836 0.137363 0.376469 0.492739 0.167169 0.291184
41.400000 0.350131 0.441280 0.113363 0.138052 0.380557 0.492870 0.168145 0.294325
41.600000 0.350179 0.445801 0.113642 0.138620 0.384722 0.493211 0.168911 0.297421
41.800000 0.349889 0.450226 0.114030 0.139029 0.388849 0.493572 0.170060 0.300525
42.000000 0.349892 0.454676 0.114151 0.139738 0.393028 0.493639 0.170959 0.303649
42.200000 0.349830 0.459055 0.114786 0.140354 0.397298 0.493783 0.171947 0.306695
42.400000 0.349883 0.463324 0.115184 0.140880 0.401445 0.494094 0.172833 0.309699
42.600000 0.349767 0.467629 0.115606 0.141309 0.405307 0.494390 0.173696 0.312715
42.800000 0.349883 0.471678 0.115876 0.141817 0.409439 0.494583 0.174674 0.315788
43.000000 0.349716 0.475950 0.116284 0.142342 0.413504 0.495020 0.175628 0.318695
43.200000 0.349432 0.480091 0.116816 0.142846 0.417524 0.495260 0.176483 0.321838
43.400000 0.349426 0.484304 0.116971 0.143358 0.421296 0.495375 0.177376 0.324804
43.600000 0.349277 0.488250 0.117285 0.143803 0.425451 0.495734 0.178130 0.327703
43.800000 0.349344 0.492450 0.117762 0.144309 0.390629 0.496010 0.179036 0.331110
44.000000 0.349162 0.497680 0.118026 0.144920 0.434732 0.496250 0.180146 0.334436
44.200000 0.348970 0.501449 0.118471 0.145271 0.438809 0.496582 0.181009 0.337077
44.400000 0.349070 0.505217 0.118779 0.145683 0.442557 0.496790 0.181785 0.340267
44.600000 0.348915 0.508717 0.119059 0.146016 0.446274 0.496848 0.182638 0.342869
44.800000 0.348733 0.512399 0.119405 0.146537 0.450154 0.497171 0.183274 0.345835
45.000000 0.348522 0.515928 0.119495 0.146998 0.454069 0.497711 0.184039 0.348781
45.200000 0.348770 0.519455 0.119978 0.147329 0.457503 0.497869 0.184870 0.351379
45.400000 0.348558 0.522789 0.120309 0.147640 0.461276 0.498039 0.185406 0.354123
45.600000 0.348564 0.526393 0.120696 0.148134 0.465221 0.498263 0.186438 0.356922
45.800000 0.348616 0.529546 0.120726 0.148466 0.468745 0.498566 0.186824 0.359359
46.000000 0.348439 0.532538 0.121061 0.148696 0.472151 0.498655 0.187614 0.362138
46.200000 0.348364 0.535742 0.121383 0.148993 0.475960 0.499004 0.188382 0.364826
46.400000 0.348416 0.538576 0.121762 0.149413 0.479673 0.499197 0.189104 0.367448
46.600000 0.348405 0.541914 0.122030 0.149673 0.483015 0.499415 0.189792 0.370169
46.800000 0.348374 0.544881 0.121940 0.149913 0.486791 0.499699 0.190404 0.372573
47.000000 0.348376 0.547700 0.122311 0.150328 0.490172 0.499806 0.191034 0.375219
47.200000 0.348309 0.550311 0.122578 0.150636 0.493401 0.500047 0.191652 0.377720
47.400000 0.348285 0.553269 0.122694 0.150949 0.496839 0.500136 0.192116 0.380322
47.600000 0.348151 0.555714 0.123133 0.151331 0.500311 0.500655 0.193006 0.382603
47.800000 0.348145 0.558422 0.123032 0.151551 0.503580 0.500809 0.193445 0.385221
48.000000 0.348052 0.560730 0.123822 0.151816 0.507035 0.501048 0.194171 0.387581
48.200000 0.347951 0.563210 0.123639 0.152069 0.510495 0.501317 0.194804 0.390123
48.400000 0.347844 0.565758 0.123965 0.152392 0.513550 0.501438 0.195220 0.392590
48.600000 0.347687 0.568054 0.124149 0.152656 0.516669 0.501829 0.195735 0.394899
48.800000 0.347552 0.570222 0.124218 0.152743 0.519977 0.502015 0.196356 0.396965
49.000000 0.347421 0.572608 0.124416 0.153344 0.522960 0.502234 0.196957 0.399577
49.200000 0.347179 0.574550 0.124683 0.153252 0.526397 0.502349 0.197428 0.401947
49.400000 0.346945 0.576506 0.124845 0.153587 0.529351 0.502498 0.197862 0.403919
49.600000 0.346697 0.579060 0.124972 0.153821 0.532295 0.502800 0.198433 0.406482
49.800000 0.346740 0.580672 0.125350 0.154035 0.535204 0.502990 0.198933 0.408512
50.000000 0.346592 0.582498 0.125560 0.154335 0.538277 0.503275 0.199294 0.410629
50.200000 0.346590 0.584744 0.125700 0.154487 0.541810 0.503588 0.199971 0.413421
50.400000 0.346248 0.586417 0.125828 0.154823 0.544681 0.503812 0.200445 0.415546
50.600000 0.346324 0.588253 0.126166 0.154972 0.547490 0.504067 0.200935 0.417772
50.800000 0.346250 0.589981 0.126458 0.155266 0.550482 0.504171 0.201273 0.419532
51.000000 0.345969 0.591590 0.126383 0.155458 0.553269 0.504358 0.201715 0.422033
51.200000 0.345961 0.593193 0.126326 0.155591 0.556028 0.504737 0.202301 0.424038
51.400000 0.345892 0.594907 0.126649 0.155788 0.558896 0.504971 0.202729 0.426036
51.600000 0.345620 0.596342 0.126686 0.156073 0.561417 0.505096 0.203320 0.428034
51.800000 0.345695 0.598025 0.126897 0.155979 0.564210 0.505225 0.203404 0.430279
52.000000 0.345587 0.599151 0.126991 0.156335 0.566912 0.505693 0.204073 0.432014
52.200000 0.345513 0.600536 0.127197 0.156256 0.569328 0.505703 0.204399 0.434101
52.400000 0.345398 0.601956 0.127218 0.156567 0.572075 0.505965 0.204862 0.436020
52.600000 0.345217 0.603240 0.127459 0.156831 0.574528 0.506153 0.205217 0.437913
52.800000 0.345021 0.604196 0.127667 0.156987 0.576832 0.506354 0.205591 0.439895
53.000000 0.345013 0.605487 0.127874 0.157194 0.579385 0.506700 0.206218 0.441658
53.200000 0.345128 0.606798 0.127749 0.157418 0.582010 0.506806 0.206395 0.443724
53.400000 0.345089 0.607902 0.127873 0.157608 0.584344 0.507073 0.206663 0.445394
53.600000 0.345146 0.608798 0.128120 0.157663 0.586798 0.507261 0.207106 0.447164
53.800000 0.344994 0.610020 0.128222 0.157922 0.589002 0.507470 0.207481 0.448911
54.000000 0.344710 0.610918 0.128443 0.158021 0.591551 0.507499 0.207784 0.450611
54.200000 0.344769 0.612006 0.128506 0.158184 0.593647 0.546796 0.208126 0.452236
54.400000 0.344757 0.612948 0.128773 0.158237 0.596088 0.508041 0.208702 0.454003
54.600000 0.344546 0.613971 0.128698 0.158353 0.598206 0.508362 0.208742 0.455716
54.800000 0.344490 0.614908 0.128871 0.158407 0.600367 0.508503 0.209096 0.457197
55.000000 0.344453 0.615670 0.128912 0.158672 0.602505 0.508843 0.209478 0.459038
55.200000 0.344511 0.616629 0.128995 0.158770 0.604824 0.508907 0.209671 0.460636
55.400000 0.344316 0.617520 0.129142 0.158854 0.606719 0.509071 0.210062 0.462123
55.600000 0.344175 0.618251 0.129105 0.159150 0.608876 0.509313 0.210376 0.463812
55.800000 0.344299 0.618909 0.129493 0.159196 0.610893 0.509532 0.210621 0.465100
56.000000 0.344087 0.619609 0.129273 0.159407 0.612822 0.509760 0.210824 0.466822
56.200000 0.344113 0.620470 0.129544 0.159546 0.614818 0.510016 0.211266 0.468360
56.400000 0.344273 0.621403 0.129728 0.159584 0.617050 0.510212 0.211565 0.470020
56.600000 0.344106 0.621845 0.129740 0.159665 0.618836 0.510539 0.211942 0.471377
56.800000 0.344226 0.622438 0.129969 0.159801 0.620630 0.510608 0.212206 0.472764
57.000000 0.344272 0.623217 0.129931 0.159884 0.622861 0.510793 0.212326 0.474265
57.200000 0.344096 0.623970 0.129873 0.160202 0.624402 0.510936 0.212657 0.475561
57.400000 0.344355 0.624639 0.130247 0.160189 0.626350 0.511257 0.212930 0.477054
57.600000 0.344381 0.625016 0.130268 0.160102 0.628195 0.511395 0.213016 0.478388
57.800000 0.344355 0.625634 0.130350 0.160362 0.629862 0.511500 0.213341 0.479842
58.000000 0.344352 0.626169 0.130336 0.160499 0.631574 0.511898 0.213539 0.480972
58.200000 0.344268 0.626825 0.130376 0.160523 0.633342 0.511856 0.213845 0.482379
58.400000 0.344462 0.627606 0.130543 0.160731 0.634937 0.512136 0.213994 0.483596
58.600000 0.344397 0.627858 0.130730 0.160773 0.636865 0.512527 0.214261 0.485064
58.800000 0.344460 0.628489 0.130790 0.160772 0.638355 0.512415 0.214557 0.486399
59.000000 0.344304 0.629107 0.130929 0.161088 0.640076 0.512806 0.214829 0.487600
59.200000 0.344387 0.629726 0.130758 0.161182 0.641646 0.512862 0.214883 0.488812
59.400000 0.344252 0.629771 0.131044 0.161170 0.643026 0.513138 0.215167 0.490085
59.600000 0.344316 0.630472 0.131121 0.161296 0.644801 0.513336 0.215465 0.491337
59.800000 0.344115 0.630927 0.131120 0.161397 0.646252 0.513595 0.215679 0.492296
60.000000 0.344132 0.631386 0.131280 0.161536 0.647832 0.513545 0.215880 0.493389
60.200000 0.344085 0.631833 0.131347 0.161656 0.649207 0.513785 0.215933 0.494801
60.400000 0.343999 0.632189 0.131298 0.161856 0.650706 0.514195 0.216280 0.495910
60.600000 0.343997 0.632669 0.131444 0.161812 0.652409 0.514322 0.216423 0.496914
60.800000 0.343787 0.633200 0.131562 0.161854 0.653637 0.514383 0.216641 0.498162
61.000000 0.343722 0.633630 0.131623 0.161920 0.655122 0.514563 0.216703 0.499148
61.200000 0.343585 0.634031 0.131775 0.162163 0.656442 0.514960 0.217019 0.500267
61.400000 0.343432 0.634308 0.131768 0.162467 0.657868 0.515082 0.217119 0.501462
61.600000 0.343345 0.634864 0.131753 0.162307 0.659258 0.515361 0.217384 0.502624
61.800000 0.343018 0.635194 0.131913 0.162432 0.660594 0.515447 0.217497 0.503600
62.000000 0.343101 0.635591 0.131985 0.162379 0.661973 0.515445 0.217890 0.504413
62.200000 0.342932 0.635943 0.132249 0.162358 0.663167 0.515848 0.217785 0.505583
62.400000 0.342824 0.636094 0.132177 0.162683 0.664540 0.516058 0.218068 0.506668
62.600000 0.342545 0.636647 0.132158 0.162597 0.666066 0.515952 0.218148 0.507668
62.800000 0.342417 0.636935 0.132149 0.162705 0.667120 0.516453 0.218446 0.508744
63.000000 0.342135 0.637069 0.132437 0.162904 0.668615 0.516602 0.218739 0.509654
63.200000 0.342106 0.637441 0.132335 0.162879 0.669670 0.516760 0.218777 0.510642
63.400000 0.342032 0.637605 0.132558 0.163107 0.670866 0.516950 0.218876 0.511508
63.600000 0.341868 0.638169 0.132521 0.162985 0.671804 0.516979 0.219002 0.512239
63.800000 0.341744 0.638391 0.132527 0.163154 0.673154 0.517386 0.219358 0.513283
64.000000 0.341505 0.638370 0.132489 0.163161 0.674117 0.517501 0.219330 0.514039
64.200000 0.341578 0.638683 0.132536 0.163177 0.674986 0.517647 0.219241 0.514898
64.400000 0.341501 0.638970 0.132713 0.163377 0.676237 0.517633 0.219543 0.515707
64.600000 0.341554 0.638986 0.132738 0.163454 0.677327 0.517917 0.219701 0.516628
64.800000 0.341444 0.639374 0.132882 0.163384 0.678190 0.518115 0.219575 0.517277
65.000000 0.341406 0.639392 0.132652 0.163283 0.679394 0.518283 0.219906 0.517739
65.200000 0.341467 0.639545 0.132850 0.163478 0.680156 0.518522 0.219907 0.518916
65.400000 0.341519 0.639716 0.132760 0.163512 0.681291 0.518659 0.220059 0.519621
65.600000 0.341553 0.640037 0.132992 0.163636 0.681969 0.518809 0.220293 0.520463
65.800000 0.341506 0.640196 0.133041 0.163642 0.682899 0.519067 0.220251 0.521011
66.000000 0.341532 0.640152 0.133051 0.163646 0.683894 0.519201 0.220485 0.521780
66.200000 0.341638 0.640376 0.133076 0.163747 0.684951 0.519466 0.220616 0.522537
66.400000 0.341743 0.640671 0.133167 0.163727 0.685773 0.519579 0.220688 0.523109
66.600000 0.341767 0.640765 0.133181 0.163823 0.686501 0.519702 0.220723 0.523810
66.800000 0.341937 0.640873 0.133097 0.164022 0.687646 0.520001 0.220886 0.524746
67.000000 0.341818 0.640870 0.133136 0.164004 0.688554 0.520117 0.221049 0.525481
67.200000 0.342022 0.641261 0.133222 0.163847 0.689292 0.520306 0.221180 0.526119
67.400000 0.342240 0.641878 0.133429 0.163900 0.690277 0.520348 0.221109 0.526757
67.600000 0.341967 0.641609 0.133302 0.163969 0.690959 0.520512 0.221271 0.527431
67.800000 0.342196 0.641784 0.133615 0.164308 0.691938 0.520729 0.221463 0.528175
68.000000 0.342239 0.641670 0.133525 0.164236 0.692644 0.520774 0.221458 0.528650
68.200000 0.342248 0.642092 0.133601 0.164313 0.693609 0.520972 0.221572 0.529433
68.400000 0.342121 0.642236 0.133722 0.164191 0.694419 0.521195 0.221846 0.530175
68.600000 0.342236 0.642356 0.133742 0.164392 0.695272 0.521314 0.221819 0.530891
68.800000 0.342181 0.642471 0.133679 0.164471 0.695892 0.521447 0.221941 0.531313
69.000000 0.342162 0.642786 0.133889 0.164532 0.696865 0.521563 0.222119 0.532221
69.200000 0.342097 0.642747 0.133779 0.164598 0.697516 0.521827 0.222079 0.532522
69.400000 0.342159 0.643028 0.133863 0.164776 0.698302 0.521873 0.222190 0.533196
69.600000 0.342183 0.643526 0.133585 0.164707 0.699160 0.522273 0.222260 0.533901
69.800000 0.342153 0.643339 0.134022 0.164940 0.699965 0.522583 0.222392 0.534663
70.000000 0.342160 0.643808 0.133901 0.164799 0.700698 0.522549 0.222470 0.535191
70.200000 0.342190 0.643790 0.134270 0.164804 0.701580 0.522751 0.222693 0.535852
70.400000 0.342149 0.644087 0.134183 0.164798 0.702315 0.522854 0.222643 0.536335
70.600000 0.342158 0.644260 0.134208 0.164943 0.703079 0.523052 0.222722 0.536717
70.800000 0.342159 0.644407 0.134255 0.165079 0.703685 0.523263 0.222735 0.537419
71.000000 0.342118 0.644582 0.134354 0.165145 0.704286 0.523234 0.222849 0.538009
71.200000 0.342078 0.644742 0.134313 0.165193 0.705058 0.523517 0.222870 0.538403
71.400000 0.342067 0.644988 0.134394 0.165094 0.705636 0.523532 0.223023 0.539149
71.600000 0.341926 0.645006 0.134280 0.165268 0.706182 0.523953 0.223048 0.539642
71.800000 0.341880 0.645120 0.134717 0.165339 0.707135 0.523959 0.223126 0.540206
72.000000 0.341645 0.645380 0.134444 0.165387 0.707821 0.524194 0.223222 0.540658
72.200000 0.341743 0.645474 0.134644 0.165297 0.708498 0.524110 0.223358 0.541370
72.400000 0.341550 0.645641 0.134602 0.165511 0.709106 0.524410 0.223252 0.541626
72.600000 0.341482 0.645856 0.134833 0.165533 0.709797 0.524642 0.223460 0.542181
72.800000 0.341368 0.645896 0.134720 0.165706 0.710489 0.524762 0.223318 0.542636
73.000000 0.341315 0.646119 0.134847 0.165590 0.710791 0.525034 0.223518 0.543336
73.200000 0.341259 0.646266 0.134810 0.165701 0.711578 0.525019 0.223477 0.543519
73.400000 0.341210 0.646500 0.134873 0.165709 0.712044 0.525302 0.223719 0.544198
73.600000 0.341170 0.646375 0.134837 0.165848 0.712659 0.525464 0.223783 0.544736
73.800000 0.341156 0.646620 0.134914 0.165684 0.713216 0.525535 0.223756 0.545147
74.000000 0.341185 0.646682 0.134945 0.165833 0.713815 0.525770 0.223978 0.545442
74.200000 0.341147 0.646834 0.134964 0.165825 0.714297 0.525878 0.223876 0.546020
74.400000 0.341218 0.646822 0.134898 0.166078 0.714953 0.526115 0.223969 0.546423
74.600000 0.341179 0.646885 0.135264 0.165737 0.715683 0.526147 0.223922 0.546964
74.800000 0.341184 0.647068 0.135058 0.165685 0.716267 0.526295 0.223904 0.547564
75.000000 0.341246 0.647197 0.135271 0.166157 0.716868 0.526611 0.224000 0.547882
75.200000 0.341221 0.647273 0.135116 0.166086 0.717235 0.526782 0.224106 0.548125
75.400000 0.341287 0.647355 0.134949 0.165961 0.717837 0.526806 0.224283 0.548798
75.600000 0.341132 0.647254 0.135093 0.166119 0.718278 0.526747 0.224023 0.548862
75.800000 0.341259 0.647709 0.135478 0.166075 0.719205 0.527220 0.224196 0.549610
76.000000 0.341259 0.647458 0.135263 0.166052 0.719411 0.527194 0.224444 0.549848
76.200000 0.341157 0.647818 0.135366 0.166224 0.720037 0.527362 0.224410 0.550340
76.400000 0.341128 0.648035 0.135402 0.166298 0.720481 0.527620 0.224401 0.550749
76.600000 0.341168 0.648098 0.135459 0.166305 0.720975 0.527692 0.224160 0.551282
76.800000 0.340874 0.648110 0.135444 0.166433 0.721313 0.527857 0.224537 0.551477
77.000000 0.340771 0.648096 0.135574 0.166226 0.721796 0.528063 0.224534 0.551885
77.200000 0.340493 0.648149 0.135472 0.166441 0.722223 0.527942 0.224735 0.552353
77.400000 0.340560 0.648454 0.135602 0.166346 0.722791 0.528293 0.224617 0.552574
77.600000 0.340316 0.648592 0.135507 0.166376 0.723153 0.528439 0.224497 0.553054
77.800000 0.340199 0.648526 0.135746 0.166394 0.723694 0.528492 0.224522 0.553336
78.000000 0.340073 0.648539 0.135542 0.166577 0.724086 0.528838 0.224754 0.553781
78.200000 0.339896 0.648580 0.135523 0.166523 0.724503 0.528784 0.224620 0.554022
78.400000 0.339742 0.648522 0.135683 0.166610 0.724651 0.528903 0.224634 0.553844
78.600000 0.339714 0.648518 0.135737 0.166550 0.725269 0.529032 0.224821 0.554695
78.800000 0.339624 0.648585 0.135775 0.166489 0.725254 0.529136 0.224821 0.554667
79.000000 0.339450 0.648779 0.135726 0.166513 0.726025 0.529490 0.224762 0.555103
79.200000 0.339295 0.648949 0.135783 0.166492 0.726232 0.529628 0.224783 0.555691
79.400000 0.339264 0.648808 0.135694 0.166602 0.726697 0.529671 0.224896 0.555793
79.600000 0.339185 0.648812 0.135727 0.166556 0.726939 0.529976 0.224842 0.556102
79.800000 0.338960 0.648773 0.135924 0.166547 0.727335 0.529934 0.224975 0.556464
80.000000 0.338779 0.648820 0.136042 0.166510 0.727729 0.530238 0.224847 0.556669
80.200000 0.338994 0.649089 0.135813 0.166627 0.728010 0.530394 0.225015 0.557026
80.400000 0.338970 0.648853 0.135959 0.166675 0.728332 0.530416 0.225055 0.557117
80.600000 0.338944 0.648887 0.136094 0.166651 0.728842 0.530574 0.225076 0.557424
80.800000 0.338959 0.648711 0.135968 0.166773 0.729058 0.530582 0.225055 0.557590
81.000000 0.338951 0.648924 0.135915 0.166520 0.729467 0.530914 0.225104 0.557990
81.200000 0.338972 0.648826 0.136029 0.166726 0.729657 0.530921 0.224815 0.558291
81.400000 0.338976 0.648921 0.136028 0.166680 0.730013 0.531028 0.225127 0.558570
81.600000 0.338965 0.648969 0.136055 0.166730 0.730404 0.531350 0.225096 0.558660
81.800000 0.338947 0.648934 0.135875 0.166385 0.730465 0.531350 0.225107 0.558780
82.000000 0.339006 0.648918 0.136103 0.166772 0.730753 0.531508 0.225177 0.559224
82.200000 0.338789 0.648775 0.135765 0.166371 0.730745 0.531415 0.225060 0.559199
82.400000 0.338796 0.648785 0.135937 0.166512 0.731322 0.531601 0.224945 0.559366
82.600000 0.338976 0.648779 0.135808 0.166588 0.731654 0.531764 0.224985 0.559639
82.800000 0.339195 0.648930 0.136111 0.166815 0.732053 0.531932 0.225257 0.560086
83.000000 0.339180 0.648941 0.136246 0.166765 0.732312 0.532337 0.225209 0.560174
83.200000 0.339054 0.648826 0.135994 0.166631 0.732726 0.532354 0.225277 0.560325
83.400000 0.339218 0.648906 0.136143 0.166817 0.732910 0.532432 0.225397 0.560618
83.600000 0.339240 0.648973 0.136179 0.166833 0.733235 0.532602 0.225208 0.560988
83.800000 0.339282 0.648872 0.136114 0.166669 0.733425 0.532596 0.225325 0.561109
84.000000 0.339286 0.649065 0.136119 0.166478 0.733636 0.532621 0.225310 0.561336
84.200000 0.339330 0.649031 0.136234 0.167173 0.734053 0.532903 0.225266 0.561616
84.400000 0.339394 0.649032 0.136172 0.166806 0.734357 0.532836 0.225332 0.561710
84.600000 0.339370 0.649261 0.136234 0.166971 0.734660 0.533272 0.225278 0.562109
84.800000 0.339506 0.649200 0.136445 0.166955 0.734827 0.533329 0.225518 0.562177
85.000000 0.339271 0.648832 0.136406 0.166969 0.735129 0.533542 0.225384 0.562543
85.200000 0.339324 0.649220 0.136386 0.166933 0.735333 0.533521 0.225263 0.562736
85.400000 0.339231 0.649504 0.136402 0.166981 0.735930 0.533702 0.225428 0.562938
85.600000 0.339258 0.649202 0.136291 0.167015 0.735915 0.533754 0.225388 0.562947
85.800000 0.339196 0.649341 0.136359 0.167025 0.736219 0.533651 0.225503 0.563319
86.000000 0.339088 0.649567 0.136461 0.166999 0.736349 0.534048 0.225501 0.563461
86.200000 0.339029 0.649219 0.136415 0.166875 0.736664 0.534185 0.225421 0.563747
86.400000 0.338953 0.649543 0.136415 0.167009 0.736854 0.534305 0.225433 0.563842
86.600000 0.338948 0.649149 0.136530 0.166972 0.737167 0.534477 0.225510 0.564056
86.800000 0.338594 0.649548 0.136509 0.166866 0.737029 0.534486 0.225484 0.564250
87.000000 0.338767 0.649562 0.136716 0.167165 0.737640 0.534566 0.225602 0.564351
87.200000 0.338506 0.649682 0.136631 0.167201 0.737804 0.534816 0.225492 0.564671
87.400000 0.338575 0.649571 0.136616 0.167106 0.738071 0.534932 0.225395 0.564900
87.600000 0.338514 0.649646 0.136760 0.167128 0.738345 0.535060 0.225493 0.564997
87.800000 0.338504 0.649698 0.136698 0.167179 0.738522 0.535108 0.225373 0.565249
88.000000 0.338362 0.649515 0.136713 0.167288 0.738732 0.535029 0.225524 0.565354
88.200000 0.338400 0.649633 0.136632 0.167149 0.738801 0.535407 0.225357 0.565373
88.400000 0.338330 0.649603 0.136604 0.167220 0.739007 0.535520 0.225384 0.565596
88.600000 0.338358 0.649758 0.136825 0.167211 0.739187 0.535729 0.225673 0.565882
88.800000 0.338354 0.649838 0.136726 0.167381 0.739589 0.535676 0.225551 0.566086
89.000000 0.338033 0.649726 0.136760 0.167110 0.739628 0.535863 0.225468 0.566138
89.200000 0.338286 0.649762 0.136766 0.167201 0.739964 0.535984 0.225374 0.566337
89.400000 0.338253 0.649638 0.136786 0.167379 0.740150 0.536071 0.225378 0.566279
89.600000 0.338438 0.649677 0.136783 0.167104 0.740227 0.536080 0.225641 0.566430
89.800000 0.338240 0.649850 0.136796 0.167310 0.740415 0.535791 0.225529 0.566860
90.000000 0.338199 0.649819 0.137017 0.167094 0.740780 0.536318 0.225642 0.566757
