0.200000 0.175986 0.323563 0.095951 0.104235 0.294856 0.529568 0.139182 0.227197
0.400000 0.175768 0.322778 0.095752 0.103915 0.293079 0.529246 0.138432 0.225818
0.600000 0.175478 0.322494 0.095688 0.103959 0.292073 0.528878 0.138329 0.225165
0.800000 0.175587 0.321987 0.095566 0.103865 0.291137 0.528479 0.138027 0.224439
1.000000 0.175514 0.321723 0.095649 0.103889 0.290015 0.528486 0.137749 0.223794
1.200000 0.175495 0.321222 0.095658 0.103900 0.289100 0.528204 0.137432 0.223050
1.400000 0.175443 0.320756 0.095598 0.103892 0.288050 0.527977 0.137134 0.222374
1.600000 0.175437 0.320585 0.095757 0.103521 0.287063 0.527799 0.136918 0.221735
1.800000 0.175331 0.320104 0.095664 0.103894 0.286135 0.527606 0.136645 0.220994
2.000000 0.175325 0.319760 0.095539 0.103694 0.285248 0.527358 0.136290 0.220511
2.200000 0.175288 0.319220 0.095572 0.103732 0.284231 0.527042 0.136160 0.219812
2.400000 0.175205 0.318765 0.095529 0.103465 0.283222 0.526764 0.135895 0.219258
2.600000 0.175059 0.318592 0.095575 0.103455 0.282347 0.526477 0.135631 0.218635
2.800000 0.175152 0.318229 0.095463 0.103401 0.281390 0.526417 0.135279 0.217873
3.000000 0.175085 0.318093 0.095426 0.103342 0.280608 0.525987 0.135162 0.217301
3.200000 0.175037 0.317389 0.095315 0.103299 0.279393 0.525922 0.134857 0.216625
3.400000 0.174902 0.317090 0.095475 0.103208 0.278613 0.525665 0.134588 0.215918
3.600000 0.174921 0.316635 0.095273 0.103162 0.277762 0.525314 0.134405 0.215409
3.800000 0.174935 0.316486 0.095254 0.103044 0.277062 0.525186 0.134079 0.214986
4.000000 0.174885 0.315996 0.095346 0.103078 0.275984 0.525033 0.133837 0.214264
4.200000 0.174860 0.315576 0.095441 0.103051 0.274985 0.524867 0.133509 0.213723
4.400000 0.174721 0.315455 0.095387 0.102978 0.274258 0.524578 0.133346 0.213040
4.600000 0.174762 0.315042 0.094904 0.102994 0.273346 0.524221 0.133085 0.212485
4.800000 0.174710 0.314765 0.095142 0.102994 0.272656 0.523947 0.132813 0.211896
5.000000 0.174674 0.314363 0.095240 0.102996 0.271703 0.523787 0.132608 0.211194
5.200000 0.174622 0.313918 0.095099 0.102606 0.270929 0.523506 0.132252 0.210794
5.400000 0.174554 0.313655 0.094949 0.102801 0.269976 0.523253 0.132121 0.210183
5.600000 0.174556 0.313131 0.095139 0.102800 0.269300 0.522973 0.131924 0.209664
5.800000 0.174508 0.312990 0.095331 0.102701 0.268427 0.522816 0.131738 0.209116
6.000000 0.174489 0.312602 0.095066 0.102396 0.267570 0.522524 0.131456 0.208539
6.200000 0.174395 0.312418 0.095334 0.102593 0.266749 0.522251 0.131044 0.208008
6.400000 0.174454 0.312059 0.095183 0.102615 0.265815 0.522147 0.131004 0.207481
6.600000 0.174265 0.311561 0.095138 0.102484 0.264664 0.521745 0.130649 0.206634
6.800000 0.174402 0.311232 0.095127 0.102611 0.263892 0.521414 0.130437 0.206131
7.000000 0.174233 0.310862 0.095083 0.102420 0.263315 0.521387 0.130288 0.205595
7.200000 0.174230 0.310250 0.094845 0.102471 0.262307 0.520783 0.129907 0.205039
7.400000 0.174180 0.310349 0.095131 0.102406 0.261790 0.520801 0.129777 0.204627
7.600000 0.174043 0.309985 0.095054 0.102326 0.260986 0.520501 0.129575 0.204113
7.800000 0.174145 0.309883 0.095055 0.102090 0.260243 0.520197 0.129420 0.203596
8.000000 0.174064 0.309356 0.095025 0.102152 0.259528 0.519940 0.129148 0.203043
8.200000 0.174043 0.309135 0.094903 0.102189 0.258644 0.519862 0.128816 0.202597
8.400000 0.174026 0.308734 0.095047 0.102146 0.257936 0.519704 0.128911 0.201985
8.600000 0.173811 0.308455 0.094919 0.102142 0.257329 0.519388 0.128669 0.201665
8.800000 0.173943 0.308235 0.094973 0.102128 0.256647 0.519163 0.128464 0.201012
9.000000 0.173921 0.307987 0.094963 0.102216 0.255811 0.518814 0.128129 0.200524
9.200000 0.173883 0.307503 0.094801 0.102069 0.255224 0.518505 0.127935 0.200308
9.400000 0.173849 0.307298 0.094770 0.102174 0.254534 0.518384 0.127859 0.199836
9.600000 0.173800 0.307093 0.094941 0.102031 0.253800 0.518093 0.127630 0.199303
9.800000 0.173757 0.306641 0.094773 0.101784 0.253187 0.517780 0.127392 0.198830
10.000000 0.173703 0.306436 0.094987 0.101850 0.252559 0.517646 0.127241 0.198390
10.200000 0.173568 0.306329 0.094826 0.101920 0.251805 0.517576 0.127029 0.197991
10.400000 0.173512 0.306087 0.094817 0.101818 0.251260 0.517215 0.126873 0.197520
10.600000 0.173616 0.305634 0.094801 0.101860 0.250629 0.517018 0.126697 0.197087
10.800000 0.173593 0.305308 0.094787 0.101625 0.250065 0.516758 0.126563 0.196634
11.000000 0.173555 0.305029 0.094767 0.101658 0.249209 0.516411 0.126320 0.196369
11.200000 0.173520 0.304827 0.094819 0.101641 0.248633 0.516273 0.126090 0.195801
11.400000 0.173358 0.304541 0.094730 0.101612 0.247747 0.515771 0.126017 0.156326
11.600000 0.173478 0.304335 0.094866 0.101509 0.247380 0.515824 0.125736 0.194952
11.800000 0.173458 0.304016 0.094851 0.101545 0.246779 0.515513 0.125670 0.194408
12.000000 0.173387 0.303873 0.094717 0.101544 0.246179 0.515193 0.125399 0.193967
12.200000 0.173371 0.303630 0.094743 0.101541 0.245630 0.515024 0.125234 0.193742
12.400000 0.173368 0.303390 0.094692 0.101495 0.245027 0.514743 0.125110 0.193322
12.600000 0.173293 0.303125 0.094611 0.101362 0.244347 0.514537 0.124918 0.192828
12.800000 0.173324 0.302849 0.094470 0.101440 0.243765 0.514500 0.124711 0.192513
13.000000 0.173188 0.302407 0.094685 0.101416 0.243263 0.514194 0.124617 0.192254
13.200000 0.173071 0.302391 0.094755 0.101450 0.242651 0.513811 0.124466 0.191783
13.400000 0.173177 0.302041 0.094634 0.101326 0.242114 0.513661 0.124272 0.191382
13.600000 0.173037 0.301722 0.094752 0.101420 0.241408 0.513309 0.124140 0.190990
13.800000 0.173118 0.301515 0.094731 0.101177 0.241049 0.513226 0.123987 0.190645
14.000000 0.173086 0.301364 0.094593 0.101261 0.240498 0.513049 0.123873 0.190318
14.200000 0.173125 0.301300 0.094454 0.101236 0.240007 0.512728 0.123739 0.189849
14.400000 0.173126 0.301031 0.094618 0.101249 0.239509 0.512620 0.123743 0.189751
14.600000 0.172896 0.300775 0.094562 0.101171 0.238975 0.512474 0.123426 0.189262
14.800000 0.172937 0.300502 0.094494 0.100781 0.238443 0.512139 0.123269 0.188869
15.000000 0.172944 0.300258 0.094520 0.101136 0.237971 0.512074 0.123036 0.188591
15.200000 0.172957 0.300060 0.094556 0.101092 0.237295 0.511749 0.123045 0.188369
15.400000 0.172911 0.299856 0.094545 0.101080 0.237077 0.511440 0.122924 0.187905
15.600000 0.172891 0.299627 0.094547 0.101103 0.236446 0.511175 0.122736 0.187543
15.800000 0.172809 0.299428 0.094377 0.101013 0.235932 0.511110 0.122618 0.187295
16.000000 0.172835 0.299265 0.094394 0.100982 0.235450 0.510927 0.122598 0.186937
16.200000 0.172851 0.299069 0.094486 0.100918 0.235106 0.510644 0.122295 0.186586
16.400000 0.172760 0.298854 0.094535 0.100944 0.234467 0.510402 0.122206 0.186248
16.600000 0.172750 0.298322 0.094491 0.100994 0.234016 0.510148 0.121922 0.185931
16.800000 0.172833 0.298481 0.094543 0.100895 0.233662 0.510002 0.122039 0.185621
17.000000 0.172728 0.298269 0.094568 0.100817 0.232893 0.509777 0.121887 0.185339
17.200000 0.172678 0.298023 0.094349 0.100964 0.232573 0.509618 0.121748 0.184944
17.400000 0.172662 0.297742 0.094478 0.101008 0.231992 0.509223 0.121464 0.184703
17.600000 0.172647 0.297639 0.094556 0.100654 0.231713 0.509214 0.121590 0.184422
17.800000 0.172294 0.297399 0.094583 0.100847 0.231408 0.509030 0.121459 0.184053
18.000000 0.172595 0.297374 0.094421 0.100774 0.230737 0.508713 0.121259 0.183741
18.200000 0.172532 0.297031 0.094437 0.100834 0.230231 0.508367 0.121045 0.183460
18.400000 0.172549 0.296663 0.094331 0.100566 0.229830 0.508233 0.120852 0.183114
18.600000 0.172541 0.296609 0.094311 0.100684 0.229351 0.508019 0.120744 0.182834
18.800000 0.172522 0.296422 0.094419 0.100831 0.228894 0.546855 0.120835 0.182612
19.000000 0.172485 0.296199 0.094369 0.100858 0.228387 0.507367 0.120580 0.182102
19.200000 0.172498 0.296012 0.094351 0.100631 0.228103 0.507245 0.120407 0.181894
19.400000 0.172462 0.295959 0.094433 0.100701 0.227374 0.507156 0.120375 0.181706
19.600000 0.172558 0.295642 0.094408 0.100690 0.227051 0.506866 0.120280 0.181289
19.800000 0.172388 0.295138 0.094337 0.100648 0.226671 0.506601 0.120181 0.181077
20.000000 0.172000 0.295135 0.094320 0.100567 0.226257 0.506323 0.120016 0.180703
20.200000 0.172350 0.294960 0.094308 0.100673 0.225821 0.506161 0.119942 0.180383
20.400000 0.172260 0.294845 0.094303 0.100447 0.225376 0.506080 0.119838 0.180035
20.600000 0.172293 0.294642 0.094374 0.100517 0.225006 0.505918 0.119709 0.180046
20.800000 0.172239 0.294464 0.094447 0.100287 0.224487 0.505619 0.119594 0.179634
21.000000 0.172229 0.294296 0.094172 0.100420 0.224159 0.505258 0.119490 0.179347
21.200000 0.172191 0.294082 0.094216 0.100412 0.223777 0.505081 0.119382 0.179019
21.400000 0.172200 0.293989 0.094228 0.100545 0.223380 0.505024 0.119467 0.178721
21.600000 0.171980 0.293646 0.094201 0.100199 0.222833 0.504520 0.119141 0.178478
21.800000 0.172135 0.293447 0.093732 0.100383 0.222372 0.504398 0.119070 0.178263
22.000000 0.171984 0.293302 0.094246 0.100265 0.222015 0.504225 0.118947 0.177968
22.200000 0.172018 0.293038 0.094221 0.100299 0.221859 0.503994 0.118899 0.177737
22.400000 0.172079 0.293039 0.094158 0.100358 0.221339 0.503947 0.118766 0.177455
22.600000 0.172027 0.292880 0.094242 0.100264 0.220972 0.503652 0.118688 0.177180
22.800000 0.172043 0.292794 0.094228 0.100246 0.220530 0.503427 0.118583 0.176782
23.000000 0.171867 0.292624 0.094226 0.100231 0.220283 0.503330 0.118541 0.176565
23.200000 0.171871 0.292139 0.094202 0.100121 0.219823 0.502800 0.118435 0.176464
23.400000 0.171927 0.292144 0.094153 0.100187 0.219461 0.502730 0.118327 0.176163
23.600000 0.171958 0.291936 0.094191 0.100194 0.219268 0.502529 0.118326 0.175921
23.800000 0.171942 0.292015 0.094187 0.100197 0.218524 0.502204 0.118125 0.175646
24.000000 0.171919 0.291601 0.094253 0.100148 0.218326 0.502225 0.117983 0.175341
24.200000 0.171875 0.291532 0.094215 0.100141 0.217931 0.501643 0.117819 0.175053
24.400000 0.171872 0.291345 0.094275 0.100070 0.217543 0.501756 0.117926 0.174936
24.600000 0.171829 0.291100 0.094343 0.099956 0.217243 0.501475 0.117725 0.174674
24.800000 0.171688 0.291263 0.094176 0.100054 0.216869 0.501329 0.117677 0.174533
25.000000 0.171751 0.290812 0.094113 0.099959 0.216507 0.501084 0.117702 0.174248
25.200000 0.171793 0.290617 0.094261 0.100006 0.216020 0.500876 0.117511 0.173895
25.400000 0.171768 0.290532 0.094118 0.100176 0.215657 0.500567 0.117231 0.173637
25.600000 0.171734 0.290349 0.094282 0.099968 0.215200 0.500320 0.117319 0.173407
25.800000 0.171538 0.290087 0.094078 0.099826 0.214950 0.500393 0.117074 0.173189
26.000000 0.171571 0.289948 0.094023 0.099944 0.214579 0.499882 0.117053 0.172923
26.200000 0.171697 0.289881 0.094281 0.099897 0.214338 0.499590 0.116960 0.172712
26.400000 0.171633 0.289666 0.094222 0.099892 0.213746 0.499543 0.117098 0.172284
26.600000 0.171589 0.289461 0.094082 0.100095 0.213511 0.499162 0.116872 0.172171
26.800000 0.171615 0.289423 0.093914 0.100004 0.213218 0.499024 0.116802 0.171978
27.000000 0.171595 0.289255 0.094115 0.099761 0.212845 0.498730 0.116635 0.171746
27.200000 0.171564 0.289087 0.094007 0.099809 0.212548 0.498712 0.116598 0.171649
27.400000 0.171542 0.288964 0.093899 0.099643 0.212219 0.498305 0.116559 0.171340
27.600000 0.171398 0.288602 0.094055 0.099796 0.211893 0.498290 0.116492 0.171098
27.800000 0.171357 0.288559 0.094023 0.099704 0.211551 0.497975 0.116410 0.170869
28.000000 0.171490 0.288527 0.094002 0.099902 0.211087 0.497631 0.116348 0.170448
28.200000 0.171402 0.288251 0.093876 0.099863 0.210793 0.497541 0.116255 0.170367
28.400000 0.171415 0.287982 0.094086 0.099718 0.210469 0.497307 0.116214 0.170369
28.600000 0.171407 0.288019 0.094056 0.099710 0.210382 0.497251 0.116091 0.170018
28.800000 0.171468 0.287907 0.094131 0.099741 0.209810 0.496945 0.116057 0.169790
29.000000 0.171384 0.287634 0.094090 0.099702 0.209590 0.496802 0.115898 0.169420
29.200000 0.171220 0.287588 0.094004 0.099548 0.209351 0.496526 0.115924 0.169091
29.400000 0.171195 0.287407 0.094070 0.099573 0.208908 0.496234 0.115927 0.169152
29.600000 0.171218 0.287337 0.093915 0.099787 0.208665 0.496150 0.115729 0.168901
29.800000 0.171297 0.287210 0.093979 0.099623 0.208407 0.495943 0.115647 0.168718
30.000000 0.171312 0.287163 0.093901 0.099596 0.208247 0.495623 0.115561 0.168490
30.200000 0.171275 0.286890 0.093881 0.099593 0.207763 0.495543 0.115369 0.168245
30.400000 0.171263 0.286777 0.093865 0.099499 0.207391 0.495310 0.115414 0.168235
30.600000 0.171677 0.286855 0.093951 0.099595 0.207117 0.494971 0.115461 0.167949
30.800000 0.173811 0.286518 0.094059 0.099491 0.206760 0.494923 0.115353 0.167664
31.000000 0.177979 0.286270 0.093888 0.099363 0.206511 0.494608 0.115295 0.167524
31.200000 0.185438 0.286189 0.094112 0.099639 0.206252 0.494524 0.115255 0.167331
31.400000 0.194404 0.285960 0.093983 0.099627 0.206220 0.494357 0.115309 0.167142
31.600000 0.205241 0.286083 0.094036 0.099595 0.205995 0.494164 0.115262 0.167380
31.800000 0.217628 0.286050 0.093808 0.099570 0.206189 0.494050 0.115806 0.167380
32.000000 0.230544 0.285857 0.093909 0.099779 0.206747 0.493946 0.116100 0.167661
32.200000 0.243085 0.285934 0.094072 0.099989 0.207342 0.493835 0.116431 0.168092
32.400000 0.255323 0.286118 0.094197 0.100242 0.207966 0.493900 0.116895 0.168644
32.600000 0.266807 0.286678 0.094384 0.100508 0.209354 0.494053 0.117739 0.169389
32.800000 0.277212 0.286982 0.094318 0.100993 0.210702 0.493988 0.118479 0.170252
33.000000 0.286537 0.287657 0.094501 0.101515 0.212450 0.493997 0.119361 0.171446
33.200000 0.294704 0.288453 0.094482 0.102214 0.214402 0.493953 0.120307 0.172681
33.400000 0.302273 0.289469 0.094838 0.102845 0.216537 0.494233 0.121335 0.174169
33.600000 0.308707 0.290934 0.094970 0.103642 0.219123 0.494380 0.122437 0.175780
33.800000 0.314543 0.292447 0.095269 0.104325 0.221714 0.494393 0.123742 0.177568
34.000000 0.319384 0.294192 0.095595 0.105509 0.224758 0.494542 0.124778 0.179483
34.200000 0.323824 0.296345 0.095856 0.106394 0.227883 0.494718 0.125937 0.181724
34.400000 0.327757 0.298513 0.096279 0.107647 0.231059 0.494952 0.127251 0.183788
34.600000 0.331119 0.301042 0.096660 0.108778 0.195453 0.494998 0.128582 0.186005
34.800000 0.333987 0.303562 0.097020 0.109992 0.238135 0.495343 0.129755 0.188606
35.000000 0.336579 0.306443 0.097526 0.111066 0.241986 0.495570 0.131210 0.191193
35.200000 0.338811 0.309653 0.098052 0.112302 0.245909 0.495628 0.132312 0.193805
35.400000 0.340703 0.312616 0.098497 0.113226 0.249682 0.495918 0.133804 0.196513
35.600000 0.342168 0.315706 0.098889 0.114164 0.253500 0.496095 0.134959 0.199156
35.800000 0.343443 0.319122 0.099607 0.115830 0.257453 0.496439 0.136202 0.202093
36.000000 0.344557 0.322858 0.100048 0.116228 0.261499 0.496579 0.137397 0.204790
36.200000 0.345553 0.326083 0.100491 0.117432 0.265120 0.496751 0.138839 0.207793
36.400000 0.346491 0.329591 0.100921 0.118548 0.269718 0.497124 0.139977 0.210802
36.600000 0.347167 0.333607 0.101460 0.119563 0.273842 0.497294 0.141249 0.213817
36.800000 0.347695 0.337529 0.101943 0.120410 0.278017 0.497553 0.142365 0.216951
37.000000 0.348434 0.341045 0.102581 0.121313 0.282354 0.497633 0.143853 0.219897
37.200000 0.349023 0.345465 0.103359 0.122407 0.286883 0.498076 0.145156 0.223503
37.400000 0.349531 0.350803 0.103880 0.123727 0.292428 0.498215 0.146693 0.227507
37.600000 0.349872 0.355079 0.104259 0.124531 0.296685 0.498612 0.147885 0.230573
37.800000 0.350294 0.359293 0.104920 0.125666 0.301267 0.498895 0.148957 0.233927
38.000000 0.350479 0.363684 0.105739 0.126434 0.305494 0.499007 0.150449 0.237272
38.200000 0.350512 0.368048 0.105747 0.127290 0.310200 0.499415 0.151558 0.240703
38.400000 0.350907 0.372413 0.106540 0.128189 0.314453 0.499648 0.152625 0.243874
38.600000 0.351098 0.376819 0.107050 0.129133 0.318881 0.499876 0.153899 0.247054
38.800000 0.351129 0.381377 0.107458 0.130011 0.323092 0.500189 0.155174 0.250473
39.000000 0.351170 0.385829 0.108041 0.130624 0.327744 0.500410 0.156139 0.253824
39.200000 0.351297 0.390332 0.108472 0.131359 0.332095 0.500698 0.157380 0.257227
39.400000 0.351287 0.394796 0.109039 0.132411 0.336174 0.500864 0.158649 0.260457
39.600000 0.351151 0.399295 0.109505 0.132999 0.340637 0.501130 0.159464 0.263632
39.800000 0.351135 0.403777 0.110164 0.133680 0.344808 0.501260 0.160723 0.266905
40.000000 0.351282 0.408459 0.110495 0.134553 0.349124 0.501584 0.161700 0.270194
40.200000 0.351057 0.413024 0.110899 0.135251 0.353621 0.501939 0.163084 0.312496
40.400000 0.351094 0.417515 0.111416 0.136064 0.357953 0.502135 0.163918 0.276681
40.600000 0.351053 0.422102 0.111752 0.136685 0.362387 0.502458 0.165110 0.279889
40.800000 0.350959 0.426841 0.112318 0.137186 0.366575 0.502549 0.166312 0.283134
41.000000 0.350947 0.430987 0.112911 0.138056 0.370746 0.502781 0.167264 0.286396
41.200000 0.350681 0.435913 0.113195 0.138593 0.374919 0.503154 0.168239 0.289547
41.400000 0.350511 0.440421 0.113599 0.139458 0.379316 0.503422 0.169264 0.292712
41.600000 0.350432 0.444824 0.113845 0.139796 0.383325 0.503671 0.170169 0.295717
41.800000 0.350404 0.449522 0.114576 0.140615 0.387669 0.504001 0.171278 0.298824
42.000000 0.350298 0.453765 0.114928 0.141063 0.391626 0.504264 0.172122 0.302056
42.200000 0.350168 0.458183 0.115284 0.141565 0.395858 0.504457 0.173167 0.305086
42.400000 0.350067 0.462577 0.115646 0.141950 0.399935 0.504478 0.174085 0.308118
42.600000 0.349800 0.466774 0.116034 0.142598 0.404112 0.504919 0.175139 0.311081
42.800000 0.349788 0.471101 0.116239 0.143150 0.408307 0.505090 0.175980 0.314148
43.000000 0.349643 0.475460 0.116802 0.143695 0.412140 0.505441 0.176824 0.317194
43.200000 0.349541 0.479554 0.117059 0.144163 0.416298 0.505776 0.177759 0.320091
43.400000 0.349464 0.483430 0.117431 0.144504 0.420112 0.505943 0.178731 0.322947
43.600000 0.349167 0.487622 0.117827 0.145051 0.424149 0.506412 0.179490 0.325967
43.800000 0.349178 0.492376 0.118172 0.145569 0.428850 0.506524 0.180359 0.329493
44.000000 0.348975 0.495920 0.118711 0.146134 0.432955 0.506841 0.181325 0.332488
44.200000 0.349013 0.500104 0.118869 0.146488 0.436853 0.507072 0.182166 0.335273
44.400000 0.348898 0.503776 0.119262 0.147044 0.440680 0.507064 0.182983 0.338148
44.600000 0.348798 0.507447 0.119470 0.147322 0.444226 0.507780 0.183578 0.340864
44.800000 0.348551 0.511146 0.119575 0.147746 0.448265 0.507696 0.184366 0.343694
45.000000 0.348644 0.514396 0.120110 0.148055 0.451936 0.507951 0.185195 0.346260
45.200000 0.348627 0.517899 0.120364 0.148329 0.455535 0.508385 0.185998 0.349045
45.400000 0.348206 0.521262 0.120556 0.148893 0.459341 0.508546 0.186751 0.351822
45.600000 0.348315 0.524881 0.120881 0.149091 0.463068 0.508638 0.187472 0.354542
45.800000 0.348251 0.527809 0.121148 0.149596 0.466701 0.509027 0.188181 0.357053
46.000000 0.348290 0.531180 0.121325 0.149875 0.470367 0.509321 0.188768 0.359920
46.200000 0.348285 0.534266 0.121666 0.150395 0.473829 0.509250 0.189378 0.362498
46.400000 0.348233 0.537278 0.121841 0.150601 0.477427 0.509824 0.190223 0.365079
46.600000 0.348213 0.540040 0.122079 0.150939 0.481010 0.510017 0.190809 0.367651
46.800000 0.348269 0.542927 0.122377 0.151104 0.484214 0.510138 0.191498 0.370276
47.000000 0.348346 0.545855 0.122771 0.151553 0.487849 0.510563 0.192122 0.372648
47.200000 0.348353 0.548678 0.122817 0.151929 0.491203 0.510568 0.192789 0.375270
47.400000 0.348265 0.551564 0.123006 0.152003 0.494971 0.511012 0.193423 0.377930
47.600000 0.348433 0.553898 0.123413 0.152291 0.498066 0.511107 0.194026 0.380462
47.800000 0.348483 0.556519 0.123875 0.152798 0.501520 0.511370 0.194565 0.382818
48.000000 0.348527 0.558958 0.123774 0.153036 0.505014 0.511569 0.195193 0.385145
48.200000 0.348578 0.561948 0.124060 0.153302 0.508102 0.511784 0.195869 0.387724
48.400000 0.348485 0.563935 0.124322 0.153564 0.511448 0.512044 0.196466 0.390033
48.600000 0.348517 0.566267 0.124397 0.153891 0.514651 0.512362 0.196840 0.392490
48.800000 0.348580 0.568510 0.124515 0.154182 0.517923 0.512644 0.197542 0.394923
49.000000 0.348789 0.570690 0.125246 0.154476 0.521138 0.512764 0.198043 0.397282
49.200000 0.348815 0.573100 0.125059 0.154574 0.524419 0.512849 0.198637 0.399398
49.400000 0.348805 0.574775 0.125349 0.154926 0.527222 0.513238 0.199234 0.401874
49.600000 0.348770 0.577092 0.125450 0.155254 0.530404 0.513343 0.199682 0.404143
49.800000 0.348762 0.579021 0.125720 0.155424 0.533719 0.513655 0.200180 0.406627
50.000000 0.348693 0.581359 0.125902 0.155838 0.537149 0.513885 0.200835 0.409266
50.200000 0.348585 0.583786 0.125908 0.155900 0.540596 0.514259 0.201172 0.411770
50.400000 0.348410 0.585350 0.126318 0.117300 0.543633 0.514412 0.201815 0.413873
50.600000 0.348353 0.587429 0.126440 0.195299 0.546509 0.514706 0.202186 0.415966
50.800000 0.348236 0.589223 0.126511 0.156602 0.549499 0.514954 0.202823 0.418121
51.000000 0.348086 0.591055 0.126926 0.157015 0.552266 0.515108 0.203113 0.420509
51.200000 0.347764 0.592592 0.126979 0.157232 0.555251 0.515303 0.203558 0.422661
51.400000 0.347886 0.594142 0.127189 0.157414 0.558090 0.515586 0.204314 0.424566
51.600000 0.347636 0.595727 0.127353 0.157686 0.560979 0.515890 0.204419 0.426643
51.800000 0.347586 0.597280 0.127562 0.158017 0.563570 0.516025 0.205066 0.428852
52.000000 0.347196 0.598787 0.127416 0.158077 0.566310 0.516220 0.205504 0.430825
52.200000 0.347151 0.600225 0.127836 0.158241 0.568935 0.516378 0.205934 0.432962
52.400000 0.347129 0.601563 0.127742 0.158382 0.571690 0.516766 0.206310 0.434821
52.600000 0.347008 0.602958 0.127992 0.158595 0.574201 0.516835 0.206651 0.436730
52.800000 0.346980 0.604394 0.128319 0.158747 0.576869 0.517143 0.207104 0.438809
53.000000 0.346968 0.605476 0.128356 0.158991 0.579350 0.517290 0.207515 0.440646
53.200000 0.346699 0.606541 0.128534 0.158997 0.581665 0.517567 0.207912 0.442477
53.400000 0.346662 0.607857 0.128619 0.159362 0.584325 0.517705 0.208361 0.444186
53.600000 0.346563 0.608882 0.128726 0.159304 0.586596 0.517989 0.208515 0.446088
53.800000 0.346390 0.609900 0.128985 0.159732 0.589197 0.518206 0.209125 0.447933
54.000000 0.346475 0.611042 0.129002 0.159770 0.591359 0.518481 0.209308 0.449657
54.200000 0.346447 0.612323 0.129030 0.160000 0.593835 0.518687 0.209681 0.451488
54.400000 0.346241 0.613383 0.129184 0.159819 0.596080 0.518914 0.210021 0.453253
54.600000 0.346301 0.614044 0.129346 0.160302 0.598168 0.518959 0.210364 0.454811
54.800000 0.346323 0.614981 0.129421 0.160357 0.600554 0.519298 0.210705 0.456431
55.000000 0.346268 0.615770 0.129431 0.160617 0.602624 0.519484 0.211057 0.458122
55.200000 0.346413 0.617053 0.129709 0.160762 0.604794 0.519744 0.211313 0.459841
55.400000 0.346410 0.617643 0.129722 0.160944 0.607055 0.519803 0.211631 0.461451
55.600000 0.346450 0.618491 0.129959 0.160950 0.609177 0.520079 0.211793 0.462911
55.800000 0.346459 0.619294 0.129865 0.161256 0.611157 0.520263 0.212098 0.464757
56.000000 0.346431 0.620172 0.130079 0.161140 0.613420 0.520511 0.212556 0.466264
56.200000 0.346643 0.621055 0.130162 0.161504 0.615680 0.520822 0.212956 0.468125
56.400000 0.346476 0.621973 0.130422 0.161348 0.618737 0.521082 0.213296 0.470026
56.600000 0.346583 0.622873 0.130593 0.161745 0.620492 0.521278 0.213683 0.471734
56.800000 0.346499 0.623626 0.130592 0.161859 0.622298 0.521488 0.213657 0.473041
57.000000 0.346422 0.624248 0.130732 0.161991 0.624177 0.521659 0.214124 0.474610
57.200000 0.346442 0.625002 0.130832 0.161985 0.626175 0.521734 0.214368 0.476093
57.400000 0.346314 0.625483 0.130860 0.162304 0.628159 0.521939 0.214652 0.477510
57.600000 0.346409 0.626302 0.130922 0.162427 0.629925 0.522210 0.214973 0.478948
57.800000 0.346248 0.626730 0.131207 0.162529 0.631759 0.522407 0.215197 0.480201
58.000000 0.346240 0.627461 0.131344 0.162714 0.633466 0.522724 0.215358 0.481662
58.200000 0.346221 0.628056 0.131496 0.162898 0.635523 0.522855 0.215732 0.483152
58.400000 0.346078 0.628637 0.131438 0.162960 0.636979 0.523009 0.215814 0.484559
58.600000 0.346108 0.629367 0.131617 0.163056 0.638874 0.523114 0.216321 0.485717
58.800000 0.346051 0.629751 0.131373 0.163170 0.640562 0.523385 0.216351 0.486921
59.000000 0.346010 0.630549 0.131797 0.163369 0.642283 0.523578 0.216644 0.488539
59.200000 0.345851 0.630931 0.131344 0.163361 0.643729 0.523796 0.216863 0.489507
59.400000 0.345851 0.631431 0.131966 0.163453 0.645436 0.523892 0.217109 0.490983
59.600000 0.345748 0.632125 0.131970 0.163503 0.647092 0.524261 0.217420 0.492191
59.800000 0.345677 0.632185 0.131837 0.163747 0.648512 0.524412 0.217506 0.493381
60.000000 0.345644 0.632936 0.132225 0.163788 0.650115 0.524659 0.217821 0.494624
60.200000 0.345671 0.633288 0.132189 0.164075 0.651743 0.524799 0.217892 0.495629
60.400000 0.345629 0.633755 0.132261 0.164059 0.653220 0.524902 0.218121 0.496904
60.600000 0.345630 0.634269 0.132420 0.164161 0.654729 0.525141 0.218262 0.497909
60.800000 0.345586 0.634529 0.132499 0.164334 0.656226 0.525221 0.218474 0.499157
61.000000 0.345578 0.635232 0.132545 0.164210 0.657433 0.525661 0.218565 0.500106
61.200000 0.345590 0.635626 0.132728 0.164464 0.659150 0.525767 0.218905 0.501556
61.400000 0.345464 0.635809 0.132608 0.164496 0.660425 0.525712 0.219094 0.502483
61.600000 0.345592 0.636409 0.132782 0.164580 0.662036 0.525985 0.219154 0.503693
61.800000 0.345519 0.636796 0.132816 0.164702 0.663395 0.526312 0.219271 0.504786
62.000000 0.345525 0.637081 0.132964 0.164936 0.664753 0.526259 0.219611 0.505726
62.200000 0.345317 0.637562 0.132919 0.164849 0.666004 0.526667 0.219839 0.506864
62.400000 0.345515 0.638065 0.133036 0.165099 0.667827 0.527009 0.220071 0.508271
62.600000 0.345387 0.638577 0.133137 0.164971 0.669258 0.527076 0.220245 0.509418
62.800000 0.345308 0.638686 0.133288 0.165228 0.670544 0.527374 0.220389 0.510435
63.000000 0.345222 0.639041 0.133241 0.165170 0.671760 0.527400 0.220566 0.511441
63.200000 0.345008 0.639414 0.133297 0.165325 0.673153 0.527754 0.220695 0.512561
63.400000 0.345066 0.639793 0.133444 0.165480 0.674352 0.527789 0.220850 0.513238
63.600000 0.344961 0.639967 0.133510 0.165554 0.675576 0.527966 0.220979 0.514488
63.800000 0.344700 0.640270 0.133622 0.165636 0.676850 0.528110 0.221152 0.515250
64.000000 0.344839 0.640584 0.133759 0.165644 0.677720 0.528299 0.221106 0.516132
64.200000 0.344559 0.641009 0.133812 0.165744 0.679023 0.528616 0.221667 0.517025
64.400000 0.344680 0.641238 0.133734 0.165942 0.680214 0.528857 0.221593 0.518016
64.600000 0.344555 0.641541 0.133772 0.165956 0.681328 0.528997 0.221751 0.518907
64.800000 0.344486 0.641889 0.133838 0.165926 0.682403 0.529211 0.221732 0.519633
65.000000 0.344298 0.641962 0.133925 0.166134 0.683739 0.529418 0.221905 0.520544
65.200000 0.344312 0.642117 0.134105 0.166358 0.684362 0.529544 0.222163 0.521522
65.400000 0.344194 0.642476 0.134072 0.166225 0.685574 0.529574 0.222231 0.522041
65.600000 0.343975 0.642630 0.134105 0.166408 0.686384 0.529779 0.222437 0.522794
65.800000 0.344046 0.643087 0.133984 0.166380 0.687678 0.529949 0.222471 0.523788
66.000000 0.344009 0.643163 0.134203 0.166609 0.688494 0.530233 0.222626 0.524604
66.200000 0.343796 0.643230 0.134200 0.166507 0.689551 0.530309 0.222628 0.525458
66.400000 0.343787 0.643466 0.134155 0.166768 0.690371 0.530426 0.222852 0.526246
66.600000 0.343708 0.643823 0.134175 0.166546 0.691205 0.530643 0.223025 0.526912
66.800000 0.343479 0.644003 0.134469 0.166665 0.692584 0.530745 0.223179 0.527545
67.000000 0.343445 0.644168 0.134285 0.166689 0.693284 0.530869 0.223162 0.528373
67.200000 0.343405 0.644275 0.134484 0.166907 0.694162 0.531143 0.223247 0.528883
67.400000 0.343270 0.644422 0.134430 0.166865 0.694932 0.531289 0.223367 0.529747
67.600000 0.343161 0.644453 0.134718 0.166858 0.696077 0.531541 0.223390 0.530524
67.800000 0.343116 0.644771 0.134566 0.166836 0.696588 0.531698 0.223558 0.531085
68.000000 0.342960 0.645012 0.134678 0.166841 0.697611 0.531787 0.223545 0.531679
68.200000 0.342860 0.645043 0.134649 0.166956 0.698261 0.531988 0.223569 0.532280
68.400000 0.342767 0.645021 0.134865 0.167034 0.699219 0.532192 0.223818 0.533127
68.600000 0.342807 0.645307 0.134857 0.167128 0.700066 0.532456 0.223945 0.533872
68.800000 0.342658 0.645526 0.134695 0.167138 0.700933 0.532497 0.224059 0.534583
69.000000 0.342591 0.645748 0.134854 0.167164 0.701747 0.532725 0.224087 0.535262
69.200000 0.342517 0.645772 0.134896 0.167340 0.702429 0.532885 0.224227 0.535675
69.400000 0.342407 0.645778 0.134896 0.167384 0.703322 0.533406 0.224152 0.536469
69.600000 0.342538 0.646021 0.135038 0.167652 0.703800 0.533241 0.224453 0.537019
69.800000 0.342494 0.646011 0.134952 0.167361 0.704683 0.533511 0.224478 0.537699
70.000000 0.342524 0.646064 0.135023 0.167282 0.705441 0.533485 0.224491 0.538039
70.200000 0.342500 0.646329 0.134956 0.167541 0.706346 0.533788 0.224441 0.538651
70.400000 0.342484 0.646271 0.135081 0.167184 0.706534 0.533875 0.224726 0.539097
70.600000 0.342696 0.646430 0.135141 0.167469 0.707631 0.534179 0.224640 0.539922
70.800000 0.342509 0.646449 0.135148 0.167524 0.708237 0.534315 0.224618 0.540237
71.000000 0.342593 0.646657 0.135189 0.167631 0.708652 0.534275 0.224867 0.540891
71.200000 0.342660 0.646734 0.135211 0.167561 0.709537 0.534635 0.225000 0.541470
71.400000 0.342600 0.646656 0.135156 0.167446 0.709993 0.534605 0.224921 0.541753
71.600000 0.342864 0.646668 0.135312 0.167617 0.711026 0.534934 0.225042 0.542480
71.800000 0.342808 0.646839 0.135220 0.167690 0.711604 0.535113 0.225157 0.542976
72.000000 0.342712 0.647159 0.135252 0.167733 0.712169 0.535201 0.225201 0.543299
72.200000 0.342782 0.647187 0.135392 0.167761 0.712962 0.535387 0.225367 0.544003
72.400000 0.342783 0.647295 0.135471 0.167856 0.713646 0.535535 0.225398 0.544738
72.600000 0.342724 0.647483 0.135638 0.167922 0.714326 0.535874 0.225430 0.545139
72.800000 0.342747 0.647714 0.135407 0.167854 0.714674 0.535780 0.225478 0.545634
73.000000 0.342601 0.647625 0.135540 0.167893 0.715532 0.536058 0.225606 0.546086
73.200000 0.342665 0.647598 0.135586 0.168070 0.716052 0.536080 0.225619 0.546420
73.400000 0.342675 0.647857 0.135643 0.168067 0.716466 0.536217 0.225616 0.547065
73.600000 0.342677 0.647760 0.135755 0.168082 0.717224 0.536356 0.225750 0.547481
73.800000 0.342639 0.647972 0.135576 0.168132 0.717835 0.536783 0.225783 0.547905
74.000000 0.342654 0.648192 0.135761 0.168144 0.718315 0.536847 0.225800 0.548307
74.200000 0.342581 0.648248 0.135933 0.168174 0.718904 0.536820 0.225921 0.549003
74.400000 0.342652 0.648474 0.135689 0.168263 0.719475 0.537239 0.225924 0.549312
74.600000 0.342562 0.648477 0.135812 0.168132 0.719972 0.537249 0.225859 0.549758
74.800000 0.342689 0.648501 0.135917 0.168233 0.720851 0.537553 0.226048 0.550283
75.000000 0.342726 0.648738 0.136004 0.168323 0.721293 0.537421 0.226074 0.550822
75.200000 0.342800 0.648816 0.136087 0.168444 0.722002 0.537893 0.226111 0.551282
75.400000 0.342794 0.648811 0.136019 0.168506 0.722435 0.537736 0.226176 0.551668
75.600000 0.342728 0.648855 0.136103 0.168381 0.723035 0.538161 0.226280 0.552177
75.800000 0.342897 0.649184 0.136254 0.168531 0.723600 0.538326 0.226146 0.552616
76.000000 0.342852 0.649167 0.136218 0.168746 0.723888 0.538463 0.226321 0.553120
76.200000 0.342875 0.649399 0.136226 0.168626 0.724691 0.538620 0.226333 0.553414
76.400000 0.342864 0.649455 0.136325 0.168555 0.725167 0.538761 0.225856 0.553759
76.600000 0.342782 0.649601 0.136141 0.168623 0.725759 0.538853 0.226516 0.554484
76.800000 0.342774 0.649954 0.136353 0.168621 0.726265 0.539013 0.226517 0.554720
77.000000 0.342676 0.649727 0.136271 0.168518 0.726659 0.539001 0.226299 0.555208
77.200000 0.342450 0.649940 0.136411 0.168712 0.727075 0.539289 0.226644 0.555524
77.400000 0.342490 0.650165 0.136485 0.168836 0.727775 0.539426 0.226682 0.555795
77.600000 0.342347 0.650061 0.136696 0.169004 0.728124 0.539473 0.226603 0.556043
77.800000 0.341973 0.650598 0.136544 0.168917 0.728665 0.539632 0.226882 0.556573
78.000000 0.341955 0.650321 0.136525 0.169049 0.729100 0.539932 0.226795 0.556871
78.200000 0.341961 0.650616 0.136435 0.169016 0.729545 0.539805 0.226845 0.557390
78.400000 0.341836 0.650494 0.136513 0.169036 0.729814 0.540029 0.226817 0.557464
78.600000 0.341754 0.650737 0.136666 0.169061 0.730434 0.540229 0.226877 0.557894
78.800000 0.341564 0.650730 0.136693 0.168926 0.730820 0.540522 0.226767 0.558205
79.000000 0.341491 0.650529 0.136663 0.169212 0.731158 0.540561 0.227017 0.558482
79.200000 0.341321 0.650834 0.136821 0.169003 0.731356 0.540738 0.226968 0.558800
79.400000 0.341335 0.650943 0.136809 0.169143 0.731998 0.541034 0.226907 0.559316
79.600000 0.341169 0.650843 0.136599 0.169174 0.732281 0.541027 0.226910 0.559588
79.800000 0.340881 0.651127 0.136811 0.169213 0.732777 0.541171 0.227199 0.559705
80.000000 0.340536 0.651084 0.136582 0.168967 0.732740 0.540967 0.226755 0.559859
80.200000 0.340544 0.650843 0.136656 0.169023 0.733135 0.541184 0.227023 0.560284
80.400000 0.340314 0.650904 0.136622 0.168951 0.733711 0.541592 0.227139 0.560709
80.600000 0.340538 0.651156 0.136883 0.169325 0.734366 0.541747 0.227118 0.561039
80.800000 0.340616 0.651310 0.136743 0.169237 0.734544 0.541923 0.227109 0.561475
81.000000 0.340441 0.651155 0.136936 0.169086 0.734991 0.541963 0.227187 0.561423
81.200000 0.340539 0.650988 0.136586 0.169215 0.735000 0.541866 0.226926 0.561739
81.400000 0.340537 0.651273 0.136757 0.169286 0.735449 0.542236 0.227077 0.562087
81.600000 0.340447 0.651168 0.136969 0.169370 0.735777 0.542226 0.227354 0.562357
81.800000 0.340474 0.651391 0.136954 0.169230 0.736195 0.542508 0.226960 0.562489
82.000000 0.340332 0.651030 0.136861 0.169197 0.736248 0.542556 0.227284 0.562825
82.200000 0.340292 0.651127 0.136830 0.169279 0.736609 0.542857 0.227265 0.563004
82.400000 0.340222 0.651335 0.137104 0.169331 0.736851 0.542822 0.227286 0.563311
82.600000 0.340459 0.651162 0.136483 0.169035 0.737059 0.542306 0.227249 0.563490
82.800000 0.340360 0.650872 0.136912 0.169079 0.737512 0.542939 0.226972 0.563687
83.000000 0.340503 0.651326 0.137171 0.169244 0.737875 0.543460 0.227318 0.564097
83.200000 0.340515 0.651388 0.137115 0.169300 0.738209 0.543282 0.227339 0.564199
83.400000 0.340541 0.651255 0.137089 0.169320 0.738251 0.543354 0.227320 0.564426
83.600000 0.340591 0.651353 0.136961 0.169180 0.738697 0.543710 0.227329 0.564474
83.800000 0.340320 0.651287 0.137144 0.169214 0.738776 0.543721 0.227222 0.565029
84.000000 0.340650 0.651413 0.137051 0.169508 0.739512 0.544095 0.227397 0.565416
84.200000 0.340439 0.651386 0.137033 0.169386 0.739321 0.543765 0.227477 0.565329
84.400000 0.340701 0.651437 0.137044 0.169409 0.739786 0.544339 0.227466 0.565462
84.600000 0.340704 0.651727 0.137039 0.169429 0.740082 0.544053 0.227307 0.565713
84.800000 0.340608 0.651925 0.137159 0.169463 0.740422 0.544570 0.227249 0.565987
85.000000 0.340516 0.651315 0.137057 0.169553 0.740747 0.544619 0.227328 0.566290
85.200000 0.340548 0.651581 0.137337 0.169510 0.740964 0.544766 0.227411 0.566709
85.400000 0.340663 0.651630 0.137336 0.169241 0.741335 0.544794 0.227283 0.566672
85.600000 0.340658 0.651766 0.137338 0.169508 0.741871 0.544986 0.227386 0.567065
85.800000 0.340570 0.651952 0.137199 0.169243 0.742018 0.545288 0.227492 0.567278
86.000000 0.340388 0.651825 0.137306 0.169404 0.741866 0.545342 0.227390 0.567428
86.200000 0.340123 0.651932 0.137357 0.169675 0.742263 0.545567 0.227417 0.567698
86.400000 0.340179 0.651748 0.137349 0.169629 0.742746 0.545601 0.227596 0.567963
86.600000 0.340052 0.651990 0.137473 0.169626 0.743094 0.545402 0.227463 0.568175
86.800000 0.339897 0.651895 0.137476 0.169529 0.743207 0.545783 0.227442 0.568276
87.000000 0.339821 0.651919 0.137441 0.169553 0.743488 0.545694 0.227404 0.568428
87.200000 0.339615 0.652001 0.137528 0.169534 0.743628 0.546024 0.227531 0.568548
87.400000 0.339417 0.651817 0.137466 0.169578 0.743601 0.546088 0.227569 0.568823
87.600000 0.339020 0.652094 0.137390 0.169522 0.743852 0.545989 0.227388 0.568804
87.800000 0.339150 0.652071 0.137181 0.169446 0.744310 0.546415 0.227087 0.568988
88.000000 0.339380 0.651864 0.137355 0.169702 0.744630 0.546563 0.227530 0.569179
88.200000 0.339261 0.652024 0.137507 0.169641 0.744732 0.546825 0.227585 0.569441
88.400000 0.339173 0.651729 0.137530 0.169393 0.745086 0.546802 0.227513 0.569496
88.600000 0.339162 0.651713 0.137576 0.169499 0.745149 0.546954 0.227568 0.569778
88.800000 0.339184 0.651646 0.137621 0.169257 0.745344 0.546950 0.227369 0.570149
89.000000 0.338986 0.651783 0.137599 0.169589 0.745695 0.547180 0.227374 0.570192
89.200000 0.339139 0.651481 0.137345 0.169220 0.745314 0.547202 0.227561 0.570092
89.400000 0.338958 0.651733 0.137479 0.169565 0.745850 0.547109 0.227374 0.570267
89.600000 0.338785 0.651833 0.137628 0.169643 0.745861 0.547221 0.227321 0.570775
89.800000 0.339119 0.651983 0.137684 0.169649 0.746342 0.547636 0.227621 0.570755
90.000000 0.338917 0.651869 0.137722 0.169394 0.746074 0.547662 0.227602 0.571041
