0.200000 0.175581 0.325028 0.095801 0.103436 0.295550 0.503666 0.136412 0.228758
0.400000 0.175277 0.324248 0.095541 0.103399 0.293527 0.503126 0.135852 0.227617
0.600000 0.175456 0.323724 0.095555 0.103452 0.292522 0.502919 0.135434 0.226786
0.800000 0.175313 0.323352 0.095600 0.103300 0.291569 0.502740 0.135266 0.226277
1.000000 0.175229 0.322773 0.095540 0.103196 0.290586 0.502483 0.134970 0.225564
1.200000 0.175215 0.322452 0.095667 0.103295 0.289605 0.502319 0.134673 0.224935
1.400000 0.175098 0.322182 0.095599 0.103218 0.288654 0.502134 0.134391 0.224153
1.600000 0.175306 0.321692 0.095608 0.103030 0.287735 0.501836 0.134254 0.223637
1.800000 0.175137 0.321389 0.095652 0.102896 0.286732 0.501601 0.133676 0.222987
2.000000 0.175053 0.321024 0.095767 0.103092 0.285828 0.501285 0.133790 0.222359
2.200000 0.174873 0.320640 0.095444 0.102816 0.284799 0.501173 0.133212 0.221645
2.400000 0.174995 0.320289 0.095510 0.102869 0.284046 0.501000 0.133112 0.221089
2.600000 0.174750 0.319920 0.095956 0.102720 0.283200 0.500767 0.132877 0.220388
2.800000 0.174713 0.319452 0.095395 0.102750 0.282239 0.500628 0.132652 0.219833
3.000000 0.174755 0.319192 0.095388 0.102643 0.281169 0.500334 0.132344 0.219134
3.200000 0.174778 0.318682 0.095422 0.102704 0.280433 0.500162 0.132276 0.218580
3.400000 0.174752 0.318309 0.095502 0.102122 0.279666 0.499965 0.131865 0.218006
3.600000 0.174564 0.317964 0.095242 0.102608 0.278536 0.499662 0.131626 0.217347
3.800000 0.174652 0.317766 0.095336 0.102478 0.277758 0.499386 0.131264 0.216746
4.000000 0.174620 0.317187 0.095431 0.102664 0.276799 0.499187 0.131350 0.216208
4.200000 0.174611 0.317164 0.095316 0.102430 0.276052 0.498833 0.130939 0.215606
4.400000 0.174548 0.316684 0.095342 0.102534 0.275238 0.498701 0.130664 0.215038
4.600000 0.174497 0.316408 0.095367 0.102426 0.274221 0.498641 0.130298 0.214535
4.800000 0.174482 0.315953 0.095315 0.102325 0.273557 0.498173 0.130231 0.213825
5.000000 0.174527 0.315617 0.095091 0.102345 0.272821 0.498077 0.130041 0.213167
5.200000 0.174277 0.315250 0.095066 0.102283 0.271764 0.498011 0.129834 0.212764
5.400000 0.174336 0.315065 0.095134 0.102238 0.271050 0.497723 0.129427 0.212191
5.600000 0.174328 0.314785 0.095158 0.102170 0.270338 0.497381 0.129281 0.211718
5.800000 0.174119 0.314202 0.095361 0.102181 0.269464 0.497164 0.129202 0.211092
6.000000 0.174240 0.314003 0.094990 0.102153 0.268972 0.496952 0.128903 0.210569
6.200000 0.174251 0.313678 0.095175 0.102131 0.267850 0.496945 0.128673 0.210063
6.400000 0.174134 0.313373 0.095077 0.102022 0.266962 0.496639 0.128386 0.209406
6.600000 0.173968 0.312831 0.095176 0.102063 0.266256 0.496109 0.128203 0.208851
6.800000 0.173978 0.312666 0.095091 0.102050 0.265467 0.496039 0.127905 0.208310
7.000000 0.174061 0.312395 0.095017 0.102072 0.264664 0.495694 0.127795 0.207765
7.200000 0.174018 0.311903 0.094942 0.101910 0.263843 0.495603 0.127694 0.207341
7.400000 0.173997 0.311660 0.095038 0.101892 0.262917 0.495256 0.127375 0.206698
7.600000 0.173805 0.311555 0.095046 0.101898 0.262378 0.495176 0.127195 0.206279
7.800000 0.173903 0.311068 0.094985 0.101679 0.261613 0.494799 0.127003 0.205801
8.000000 0.173890 0.310692 0.094969 0.101689 0.261077 0.494655 0.126705 0.205254
8.200000 0.173842 0.310481 0.094923 0.101748 0.260149 0.494390 0.126537 0.204756
8.400000 0.173880 0.310115 0.095045 0.101663 0.259487 0.494143 0.126286 0.204204
8.600000 0.173762 0.310041 0.094895 0.101723 0.258808 0.494051 0.126233 0.203713
8.800000 0.173712 0.309569 0.094765 0.101745 0.258148 0.493560 0.126014 0.203335
9.000000 0.173684 0.309446 0.094907 0.101585 0.257404 0.493349 0.125880 0.202877
9.200000 0.173779 0.308889 0.094761 0.101481 0.256770 0.493068 0.125663 0.202478
9.400000 0.173597 0.308675 0.094903 0.101622 0.255944 0.492958 0.125474 0.201962
9.600000 0.173580 0.308467 0.094818 0.101538 0.255359 0.492848 0.125216 0.201413
9.800000 0.173587 0.308166 0.094860 0.101422 0.254732 0.492634 0.125189 0.201059
10.000000 0.173543 0.307860 0.094801 0.101398 0.254063 0.492347 0.124946 0.200557
10.200000 0.173342 0.307481 0.094825 0.101390 0.253432 0.492150 0.124807 0.200171
10.400000 0.173482 0.307385 0.094901 0.101142 0.252754 0.491821 0.124561 0.199707
10.600000 0.173414 0.306761 0.094680 0.101206 0.252127 0.491663 0.124283 0.199233
10.800000 0.173460 0.306762 0.094615 0.101291 0.251524 0.491395 0.124092 0.198836
11.000000 0.173373 0.306457 0.094760 0.101234 0.250645 0.491101 0.124080 0.198448
11.200000 0.173339 0.306101 0.094754 0.101166 0.250384 0.490955 0.123758 0.197915
11.400000 0.173325 0.306080 0.094855 0.101249 0.249617 0.490723 0.123661 0.197513
11.600000 0.173260 0.305760 0.094622 0.101293 0.248728 0.490564 0.123401 0.197099
11.800000 0.173225 0.305423 0.094889 0.101164 0.248298 0.490406 0.123359 0.196541
12.000000 0.173044 0.305048 0.094842 0.101098 0.247735 0.490059 0.123209 0.196244
12.200000 0.173255 0.304880 0.094764 0.101059 0.247187 0.489918 0.122932 0.195871
12.400000 0.173126 0.304611 0.094584 0.100867 0.246429 0.489583 0.122792 0.195518
12.600000 0.173066 0.304331 0.094607 0.101040 0.245816 0.489244 0.122625 0.195094
12.800000 0.172910 0.304058 0.094796 0.100943 0.245339 0.489088 0.122429 0.194629
13.000000 0.173007 0.303938 0.094676 0.100868 0.244606 0.488817 0.122325 0.194196
13.200000 0.173003 0.303643 0.094687 0.100884 0.243999 0.488669 0.122343 0.193652
13.400000 0.172987 0.303491 0.094728 0.100855 0.243562 0.488489 0.122242 0.193460
13.600000 0.172771 0.303134 0.094388 0.100818 0.243158 0.488234 0.121797 0.193084
13.800000 0.172933 0.303016 0.094574 0.100847 0.242487 0.488095 0.121833 0.192754
14.000000 0.172880 0.302795 0.094584 0.100773 0.242074 0.487965 0.121475 0.192406
14.200000 0.172830 0.302533 0.094568 0.100605 0.241396 0.487598 0.121564 0.192090
14.400000 0.172835 0.302367 0.094520 0.100752 0.241113 0.487409 0.121388 0.191692
14.600000 0.172988 0.302039 0.094557 0.100842 0.240626 0.487197 0.121289 0.191455
14.800000 0.172790 0.301674 0.094600 0.100848 0.239958 0.487044 0.121189 0.190899
15.000000 0.172769 0.301681 0.094496 0.100672 0.239463 0.486867 0.120999 0.190707
15.200000 0.172612 0.301395 0.094336 0.100576 0.238922 0.486533 0.120921 0.190322
15.400000 0.172878 0.301065 0.094535 0.100689 0.238392 0.486299 0.120415 0.189858
15.600000 0.172668 0.301116 0.094516 0.100488 0.238108 0.486284 0.120924 0.189654
15.800000 0.172640 0.300980 0.094549 0.100608 0.237467 0.485983 0.120527 0.189320
16.000000 0.172620 0.300534 0.094595 0.100503 0.237015 0.485604 0.120391 0.188999
16.200000 0.172638 0.299963 0.094423 0.100516 0.236400 0.485542 0.120237 0.188625
16.400000 0.172558 0.300033 0.094429 0.100272 0.235814 0.485194 0.120074 0.188249
16.600000 0.172548 0.300136 0.094519 0.100475 0.235506 0.485143 0.119847 0.187840
16.800000 0.172529 0.299826 0.094526 0.100448 0.235097 0.484905 0.119890 0.187821
17.000000 0.172537 0.299379 0.094397 0.100478 0.234659 0.484714 0.119873 0.187504
17.200000 0.172480 0.299335 0.094318 0.100251 0.234139 0.484463 0.119612 0.186833
17.400000 0.172514 0.299021 0.094382 0.100283 0.233719 0.484238 0.119471 0.186679
17.600000 0.172576 0.298913 0.094383 0.100278 0.232924 0.484156 0.119395 0.186436
17.800000 0.172412 0.298717 0.094427 0.100361 0.232740 0.483762 0.119214 0.186104
18.000000 0.172397 0.298283 0.094391 0.100263 0.232334 0.483598 0.119210 0.185850
18.200000 0.172375 0.298294 0.094302 0.100365 0.231856 0.483503 0.119166 0.185457
18.400000 0.172369 0.298018 0.094341 0.100127 0.231428 0.483356 0.118918 0.185124
18.600000 0.172334 0.297945 0.094349 0.100198 0.230914 0.483064 0.118741 0.184861
18.800000 0.172355 0.297793 0.094427 0.100293 0.230747 0.482816 0.118738 0.184616
19.000000 0.172245 0.297543 0.094151 0.100217 0.229897 0.482420 0.118504 0.184115
19.200000 0.172215 0.297222 0.094064 0.100206 0.229383 0.482284 0.118395 0.183764
19.400000 0.172246 0.297080 0.094154 0.100199 0.228903 0.482141 0.118323 0.183435
19.600000 0.172132 0.296860 0.094169 0.100071 0.228587 0.481838 0.118200 0.183277
19.800000 0.172068 0.296505 0.094301 0.100061 0.228130 0.481699 0.117961 0.182980
20.000000 0.172136 0.296350 0.094253 0.100093 0.227726 0.481507 0.118023 0.182720
20.200000 0.172093 0.296316 0.094202 0.100073 0.227250 0.481260 0.117896 0.182303
20.400000 0.172080 0.295887 0.094503 0.100029 0.226956 0.480969 0.117806 0.181932
20.600000 0.172073 0.295741 0.094276 0.099926 0.226575 0.480880 0.117667 0.181860
20.800000 0.172040 0.295607 0.094299 0.099936 0.225998 0.480639 0.117611 0.181619
21.000000 0.171998 0.295644 0.094315 0.099952 0.225703 0.480459 0.117350 0.181175
21.200000 0.171984 0.295349 0.094213 0.099974 0.225302 0.480229 0.117379 0.180988
21.400000 0.172003 0.295256 0.094296 0.099913 0.225058 0.480017 0.117304 0.180784
21.600000 0.171947 0.294718 0.094559 0.099916 0.224336 0.479867 0.117129 0.180502
21.800000 0.171921 0.294787 0.094174 0.100080 0.224061 0.479444 0.116901 0.180140
22.000000 0.171904 0.294650 0.094069 0.099849 0.223805 0.479307 0.116856 0.179939
22.200000 0.171887 0.294344 0.094255 0.099837 0.223302 0.479145 0.116866 0.179673
22.400000 0.171890 0.294324 0.094022 0.099872 0.222910 0.478976 0.116825 0.179384
22.600000 0.171670 0.294117 0.094193 0.099940 0.222470 0.478752 0.116689 0.179260
22.800000 0.171675 0.293953 0.094008 0.099925 0.222076 0.478523 0.116634 0.178780
23.000000 0.171815 0.293888 0.094088 0.099936 0.221704 0.478297 0.116540 0.178564
23.200000 0.171576 0.293688 0.094107 0.099939 0.221335 0.478182 0.116454 0.178223
23.400000 0.171642 0.293407 0.094087 0.099744 0.220972 0.477849 0.116409 0.178041
23.600000 0.171735 0.293261 0.094019 0.099771 0.220590 0.477719 0.116244 0.177827
23.800000 0.171732 0.293047 0.094101 0.099727 0.220051 0.477487 0.116164 0.177492
24.000000 0.171721 0.292611 0.094094 0.099649 0.219768 0.477173 0.116050 0.177162
24.200000 0.171528 0.292723 0.094078 0.099745 0.219421 0.477208 0.115996 0.177043
24.400000 0.171806 0.292538 0.094082 0.099655 0.219108 0.476864 0.115888 0.176803
24.600000 0.171639 0.292441 0.094091 0.099784 0.218749 0.476653 0.115940 0.176571
24.800000 0.171605 0.292091 0.094062 0.099791 0.218333 0.476444 0.115722 0.176297
25.000000 0.171611 0.292100 0.094003 0.099626 0.218182 0.476343 0.115806 0.176206
25.200000 0.171582 0.291863 0.093927 0.099550 0.217468 0.476013 0.115391 0.175870
25.400000 0.171545 0.291732 0.094076 0.099721 0.217174 0.475783 0.115432 0.175622
25.600000 0.171370 0.291489 0.094125 0.099512 0.216556 0.475574 0.115394 0.175253
25.800000 0.171396 0.291507 0.094078 0.099399 0.216398 0.475405 0.115315 0.175040
26.000000 0.171360 0.291228 0.094131 0.099574 0.215952 0.475254 0.115256 0.174761
26.200000 0.171444 0.291044 0.094052 0.099390 0.215776 0.474882 0.115173 0.174528
26.400000 0.171389 0.290840 0.094016 0.099522 0.215371 0.474685 0.114992 0.174239
26.600000 0.171442 0.290706 0.094027 0.099429 0.215129 0.474663 0.114979 0.174209
26.800000 0.171381 0.290423 0.094050 0.099337 0.214804 0.474398 0.114932 0.173866
27.000000 0.171401 0.290584 0.094086 0.099460 0.214432 0.474262 0.114814 0.173494
27.200000 0.171376 0.290314 0.094002 0.099456 0.214101 0.474014 0.114595 0.173377
27.400000 0.171242 0.290297 0.094004 0.099382 0.213826 0.473768 0.114799 0.173232
27.600000 0.171212 0.289972 0.093975 0.099341 0.213367 0.473623 0.114660 0.173011
27.800000 0.171339 0.289842 0.094144 0.099520 0.213100 0.473360 0.114739 0.172593
28.000000 0.171312 0.289699 0.094056 0.099366 0.212742 0.473048 0.114588 0.172509
28.200000 0.171306 0.289555 0.093948 0.099292 0.212438 0.472875 0.114433 0.172339
28.400000 0.171239 0.289323 0.094128 0.099373 0.212125 0.472869 0.114151 0.172085
28.600000 0.171255 0.289088 0.094123 0.099251 0.211660 0.472676 0.114251 0.171834
28.800000 0.171199 0.289053 0.093983 0.099359 0.211339 0.472404 0.114191 0.171807
29.000000 0.171066 0.288935 0.093960 0.099419 0.211210 0.472255 0.114121 0.171496
29.200000 0.171183 0.288624 0.094146 0.099189 0.210724 0.471921 0.114054 0.171101
29.400000 0.170984 0.288613 0.093929 0.099286 0.210546 0.471671 0.113994 0.171045
29.600000 0.171130 0.288277 0.093876 0.099298 0.210202 0.471394 0.113923 0.170813
29.800000 0.170952 0.288359 0.093945 0.099260 0.209879 0.471270 0.113900 0.170583
30.000000 0.171074 0.288377 0.093905 0.099315 0.209661 0.471142 0.113792 0.170325
30.200000 0.171065 0.287752 0.093790 0.099145 0.209339 0.470964 0.113356 0.169928
30.400000 0.171069 0.287835 0.093925 0.099198 0.208929 0.470709 0.113572 0.169924
30.600000 0.171444 0.287653 0.093924 0.099065 0.208611 0.470530 0.113596 0.169805
30.800000 0.173480 0.287703 0.093793 0.099136 0.208387 0.470305 0.113271 0.169675
31.000000 0.177389 0.287542 0.094007 0.099170 0.208114 0.470164 0.113590 0.169151
31.200000 0.183386 0.287328 0.093996 0.099068 0.207924 0.470092 0.113494 0.169205
31.400000 0.195663 0.286915 0.093950 0.099279 0.207634 0.469519 0.113670 0.168979
31.600000 0.206735 0.287010 0.093944 0.099198 0.207707 0.469461 0.113775 0.169074
31.800000 0.218833 0.287151 0.094115 0.099218 0.207855 0.469390 0.113866 0.169168
32.000000 0.231519 0.287067 0.094035 0.099383 0.208299 0.469441 0.114169 0.169442
32.200000 0.243977 0.287046 0.094056 0.099597 0.208796 0.469220 0.114619 0.169939
32.400000 0.255845 0.287233 0.094085 0.099825 0.209709 0.469237 0.115057 0.170490
32.600000 0.266773 0.287697 0.094433 0.100197 0.211127 0.469365 0.115878 0.171343
32.800000 0.276788 0.288218 0.094366 0.100406 0.212506 0.469425 0.116642 0.172240
33.000000 0.285515 0.288825 0.094395 0.101164 0.214015 0.469343 0.117373 0.173430
33.200000 0.293632 0.289655 0.094369 0.101674 0.216128 0.469436 0.118322 0.174670
33.400000 0.300835 0.290952 0.094777 0.102494 0.218211 0.469586 0.119296 0.176238
33.600000 0.307053 0.292294 0.094787 0.103105 0.220679 0.469819 0.120488 0.177759
33.800000 0.312573 0.293971 0.095186 0.103933 0.223236 0.469913 0.121556 0.179460
34.000000 0.317233 0.295688 0.095407 0.104833 0.226266 0.469996 0.122752 0.181413
34.200000 0.321567 0.297443 0.095618 0.105850 0.229302 0.470213 0.123857 0.183262
34.400000 0.325208 0.299665 0.096020 0.106773 0.232676 0.470396 0.125193 0.185585
34.600000 0.328350 0.302246 0.096145 0.107813 0.235924 0.470435 0.126324 0.187908
34.800000 0.331100 0.304738 0.096902 0.108830 0.239304 0.470862 0.127583 0.190334
35.000000 0.333520 0.307656 0.097130 0.109574 0.243132 0.471037 0.128923 0.192988
35.200000 0.335556 0.310820 0.097561 0.110956 0.246769 0.471050 0.130102 0.195571
35.400000 0.337105 0.313586 0.098110 0.111915 0.250537 0.471380 0.131298 0.198143
35.600000 0.338486 0.316839 0.098680 0.112742 0.253964 0.471547 0.132497 0.200674
35.800000 0.339797 0.320035 0.099032 0.113754 0.258160 0.471846 0.133786 0.203529
36.000000 0.340672 0.323463 0.099443 0.114813 0.261874 0.471971 0.134974 0.206267
36.200000 0.341509 0.326852 0.100058 0.115733 0.265996 0.472250 0.136157 0.209159
36.400000 0.342356 0.330485 0.100530 0.116772 0.270064 0.472354 0.137409 0.212048
36.600000 0.342984 0.334251 0.100984 0.117796 0.274066 0.472614 0.138650 0.214879
36.800000 0.343420 0.337917 0.101603 0.118598 0.278120 0.472636 0.139785 0.217845
37.000000 0.344048 0.341849 0.101974 0.119519 0.282267 0.473097 0.140980 0.221044
37.200000 0.344508 0.345617 0.102443 0.120263 0.286545 0.473051 0.142210 0.224113
37.400000 0.344970 0.349640 0.102866 0.121453 0.290958 0.473611 0.143581 0.227410
37.600000 0.345391 0.355589 0.103747 0.122465 0.296813 0.473918 0.145174 0.231903
37.800000 0.345680 0.359796 0.104128 0.123360 0.301110 0.474172 0.146300 0.235068
38.000000 0.345811 0.363920 0.104597 0.124074 0.305312 0.474314 0.147285 0.238250
38.200000 0.346075 0.368167 0.104983 0.125099 0.309809 0.474564 0.148667 0.241497
38.400000 0.346241 0.372406 0.105688 0.125614 0.314005 0.474820 0.149797 0.244736
38.600000 0.346383 0.376470 0.105901 0.126516 0.318017 0.475075 0.151103 0.247843
38.800000 0.346624 0.380889 0.106645 0.127110 0.322327 0.475421 0.151932 0.251281
39.000000 0.346560 0.385151 0.107076 0.127777 0.326689 0.475508 0.153187 0.254411
39.200000 0.346785 0.389443 0.107573 0.128741 0.330714 0.475887 0.154151 0.257708
39.400000 0.346901 0.393981 0.107926 0.129334 0.334908 0.476041 0.155357 0.260640
39.600000 0.347008 0.398281 0.108368 0.130067 0.339263 0.476326 0.156482 0.264010
39.800000 0.347065 0.402626 0.108808 0.130620 0.343461 0.476610 0.157546 0.267296
40.000000 0.346987 0.406988 0.109251 0.131365 0.347625 0.476809 0.158583 0.270380
40.200000 0.347161 0.411380 0.109669 0.132062 0.351942 0.477088 0.159664 0.273553
40.400000 0.347155 0.416068 0.110049 0.132683 0.356130 0.477278 0.160760 0.276735
40.600000 0.347275 0.420544 0.110542 0.133238 0.360351 0.477674 0.161775 0.279951
40.800000 0.347331 0.424913 0.110931 0.133896 0.364520 0.477738 0.162810 0.282937
41.000000 0.347216 0.429267 0.111249 0.134434 0.368649 0.478019 0.163682 0.286245
41.200000 0.347230 0.433914 0.111728 0.134981 0.372740 0.478352 0.164848 0.289396
41.400000 0.347143 0.437952 0.112133 0.135553 0.376756 0.478224 0.165762 0.292616
41.600000 0.347264 0.442354 0.112605 0.136138 0.381129 0.478745 0.166725 0.295486
41.800000 0.347268 0.446826 0.112972 0.136673 0.385048 0.478851 0.167831 0.298713
42.000000 0.347053 0.451049 0.113429 0.137211 0.389061 0.478985 0.168479 0.301796
42.200000 0.347199 0.455194 0.113736 0.137765 0.393133 0.479583 0.169386 0.304651
42.400000 0.346991 0.459656 0.114248 0.138335 0.397209 0.479644 0.170492 0.307683
42.600000 0.346972 0.463967 0.114526 0.138830 0.401093 0.479770 0.171385 0.310711
42.800000 0.347046 0.467886 0.114694 0.139212 0.405080 0.480177 0.172311 0.313674
43.000000 0.346910 0.471826 0.115153 0.139717 0.408981 0.480221 0.173036 0.316646
43.200000 0.346817 0.475798 0.115484 0.139944 0.412995 0.480697 0.174007 0.319508
43.400000 0.346819 0.479949 0.115590 0.140401 0.416780 0.480807 0.175005 0.322292
43.600000 0.346713 0.483963 0.116193 0.140860 0.420623 0.481082 0.175732 0.325285
43.800000 0.346839 0.488067 0.116500 0.141498 0.424663 0.481473 0.176693 0.328566
44.000000 0.346755 0.493548 0.116833 0.142003 0.430102 0.481603 0.177756 0.332239
44.200000 0.346918 0.497277 0.078204 0.142415 0.433843 0.481890 0.178505 0.335131
44.400000 0.346815 0.500993 0.117611 0.142711 0.437832 0.482171 0.179149 0.337923
44.600000 0.346698 0.504700 0.117869 0.143195 0.441447 0.482420 0.180108 0.340740
44.800000 0.346638 0.508156 0.118114 0.143526 0.445312 0.482714 0.180855 0.343561
45.000000 0.346543 0.511684 0.118533 0.143917 0.449051 0.482929 0.181527 0.346251
45.200000 0.346584 0.515140 0.118719 0.144302 0.452689 0.483118 0.182211 0.348939
45.400000 0.346537 0.518742 0.118961 0.144798 0.456141 0.483440 0.183088 0.351707
45.600000 0.346433 0.521868 0.119223 0.145212 0.459924 0.483701 0.183768 0.354202
45.800000 0.346479 0.525150 0.119611 0.145379 0.463448 0.483795 0.184327 0.356986
46.000000 0.346279 0.528323 0.119643 0.145707 0.466967 0.484064 0.185137 0.359544
46.200000 0.346286 0.531390 0.120201 0.146018 0.470669 0.484198 0.185850 0.362115
46.400000 0.346081 0.534617 0.120319 0.146305 0.474144 0.484543 0.186346 0.364726
46.600000 0.346123 0.537683 0.120568 0.146651 0.477691 0.484740 0.187150 0.367542
46.800000 0.346062 0.540519 0.120826 0.146896 0.480984 0.485014 0.187589 0.369930
47.000000 0.345898 0.543366 0.120955 0.147285 0.484530 0.485223 0.188363 0.372420
47.200000 0.345817 0.546233 0.121249 0.147684 0.487993 0.485383 0.188977 0.374983
47.400000 0.345707 0.548953 0.121451 0.147811 0.491328 0.485727 0.189516 0.377361
47.600000 0.345349 0.551464 0.121811 0.148085 0.494571 0.485892 0.190223 0.379880
47.800000 0.345339 0.554095 0.121991 0.148332 0.497947 0.486011 0.190803 0.382302
48.000000 0.345421 0.556687 0.122216 0.148590 0.501204 0.486158 0.191355 0.384539
48.200000 0.345457 0.559242 0.122426 0.148778 0.504479 0.486298 0.191935 0.387108
48.400000 0.345259 0.561705 0.122550 0.149341 0.507599 0.486971 0.192491 0.389456
48.600000 0.345272 0.564038 0.122777 0.149305 0.510609 0.486916 0.193068 0.391990
48.800000 0.345185 0.566199 0.122857 0.149688 0.513994 0.487260 0.193513 0.394142
49.000000 0.345129 0.568292 0.123204 0.149915 0.517232 0.487498 0.194101 0.396527
49.200000 0.345125 0.570561 0.123341 0.150112 0.520164 0.487565 0.194638 0.398644
49.400000 0.344930 0.572769 0.123572 0.150350 0.523175 0.487720 0.195269 0.400984
49.600000 0.344831 0.574918 0.123857 0.150732 0.526206 0.488139 0.195662 0.403171
49.800000 0.344713 0.576726 0.123993 0.150676 0.529138 0.488246 0.196179 0.405391
50.000000 0.344652 0.578715 0.123950 0.151189 0.532124 0.488473 0.196598 0.407658
50.200000 0.344265 0.581183 0.124506 0.151331 0.535678 0.488866 0.197285 0.410122
50.400000 0.344127 0.583012 0.124487 0.151371 0.538538 0.488989 0.197690 0.412484
50.600000 0.344228 0.584584 0.124532 0.151223 0.541473 0.489418 0.198211 0.414704
50.800000 0.344005 0.586544 0.124784 0.151924 0.544070 0.489520 0.198288 0.416601
51.000000 0.343794 0.588293 0.124975 0.152246 0.547342 0.489572 0.199267 0.418878
51.200000 0.343614 0.590119 0.125002 0.152391 0.549886 0.489971 0.199459 0.421113
51.400000 0.343538 0.591641 0.125279 0.152705 0.552920 0.489965 0.199998 0.423097
51.600000 0.343584 0.593041 0.125417 0.152683 0.555507 0.490382 0.200406 0.424932
51.800000 0.343356 0.594614 0.125723 0.153136 0.558447 0.490587 0.200824 0.427205
52.000000 0.343415 0.596070 0.125589 0.152972 0.560851 0.490873 0.201198 0.428978
52.200000 0.343274 0.597416 0.125752 0.153131 0.563436 0.490509 0.201672 0.430848
52.400000 0.343270 0.598893 0.125995 0.153253 0.566087 0.491276 0.201923 0.433039
52.600000 0.343157 0.600004 0.126169 0.153601 0.568531 0.491384 0.202376 0.434778
52.800000 0.343170 0.601360 0.126184 0.153718 0.571069 0.491511 0.202845 0.436580
53.000000 0.343062 0.602841 0.126554 0.153884 0.573726 0.491804 0.203315 0.438418
53.200000 0.342838 0.603711 0.126302 0.154095 0.575716 0.491802 0.203431 0.440272
53.400000 0.342995 0.605061 0.126713 0.154209 0.578345 0.491984 0.203927 0.442340
53.600000 0.342808 0.606095 0.126630 0.154453 0.580899 0.492549 0.204225 0.443291
53.800000 0.342578 0.607414 0.126715 0.154364 0.583326 0.492784 0.204488 0.445991
54.000000 0.342539 0.608369 0.126950 0.154621 0.586066 0.492821 0.204959 0.447592
54.200000 0.342609 0.609869 0.127054 0.154986 0.588893 0.493281 0.205404 0.450108
54.400000 0.342578 0.610844 0.127158 0.154995 0.591011 0.493333 0.205756 0.451757
54.600000 0.342670 0.611782 0.127391 0.155099 0.593204 0.493491 0.206146 0.453215
54.800000 0.342629 0.612660 0.127425 0.155216 0.595498 0.493980 0.206339 0.454989
55.000000 0.342661 0.613634 0.127678 0.155281 0.597389 0.494169 0.206749 0.456663
55.200000 0.342565 0.614337 0.127965 0.155503 0.599662 0.494252 0.207155 0.458187
55.400000 0.342718 0.615388 0.127747 0.155752 0.601676 0.494493 0.207449 0.459678
55.600000 0.342795 0.616291 0.128150 0.155681 0.603698 0.494655 0.207716 0.461144
55.800000 0.342786 0.616998 0.128070 0.155845 0.605847 0.494859 0.207976 0.462678
56.000000 0.342843 0.617678 0.128220 0.155993 0.607484 0.495070 0.208238 0.464276
56.200000 0.342704 0.618488 0.128454 0.156159 0.609990 0.495234 0.208747 0.466019
56.400000 0.342555 0.619474 0.128356 0.156226 0.612274 0.495402 0.208903 0.467814
56.600000 0.342547 0.620340 0.128518 0.117229 0.614289 0.495724 0.209180 0.469355
56.800000 0.342481 0.620914 0.128606 0.156553 0.616081 0.495880 0.209422 0.470703
57.000000 0.342400 0.621711 0.128731 0.156618 0.617845 0.496072 0.209646 0.471972
57.200000 0.342349 0.622324 0.128866 0.156735 0.619866 0.496347 0.210074 0.473412
57.400000 0.341990 0.622779 0.128875 0.156913 0.621510 0.496618 0.210173 0.474947
57.600000 0.341959 0.623521 0.128694 0.156970 0.623189 0.496621 0.210511 0.476120
57.800000 0.341878 0.624022 0.129051 0.157123 0.585963 0.496963 0.210857 0.477572
58.000000 0.341648 0.624892 0.129109 0.157183 0.626761 0.497055 0.210997 0.478964
58.200000 0.341763 0.625248 0.129119 0.157242 0.628425 0.497262 0.211281 0.480329
58.400000 0.341545 0.625832 0.129226 0.157428 0.629918 0.497162 0.211369 0.481286
58.600000 0.341204 0.626305 0.129517 0.157521 0.631577 0.497456 0.211614 0.482557
58.800000 0.341091 0.626821 0.129476 0.157607 0.633279 0.497814 0.211822 0.483831
59.000000 0.341179 0.627415 0.129649 0.157653 0.634621 0.497898 0.211961 0.485004
59.200000 0.340931 0.627789 0.129649 0.157890 0.636152 0.498063 0.212207 0.486257
59.400000 0.340798 0.628293 0.129666 0.157889 0.637818 0.498242 0.212504 0.487467
59.600000 0.340614 0.628898 0.129820 0.157813 0.639618 0.498647 0.212661 0.488495
59.800000 0.340614 0.629199 0.129855 0.157937 0.640826 0.498800 0.212852 0.489795
60.000000 0.340411 0.629715 0.129706 0.158147 0.642096 0.498961 0.213048 0.490828
60.200000 0.340387 0.629928 0.129969 0.158343 0.643679 0.499104 0.213079 0.492016
60.400000 0.340247 0.630381 0.130046 0.158278 0.644847 0.499418 0.213390 0.493004
60.600000 0.340142 0.630745 0.129995 0.158323 0.646497 0.499286 0.213562 0.493961
60.800000 0.340037 0.631177 0.130151 0.158405 0.647601 0.499595 0.213734 0.495104
61.000000 0.339949 0.631538 0.130239 0.158468 0.649105 0.499817 0.213783 0.496160
61.200000 0.339910 0.631762 0.130222 0.158388 0.650522 0.500008 0.213993 0.497133
61.400000 0.339769 0.632041 0.130243 0.158544 0.651571 0.500107 0.214208 0.498160
61.600000 0.339704 0.632579 0.130510 0.158560 0.652934 0.500438 0.214427 0.499201
61.800000 0.339546 0.632865 0.130526 0.158626 0.654447 0.500538 0.214570 0.500173
62.000000 0.339643 0.632935 0.130439 0.158695 0.655485 0.500707 0.214901 0.500973
62.200000 0.339571 0.633282 0.130506 0.158721 0.656664 0.500913 0.214908 0.501882
62.400000 0.339368 0.633693 0.130743 0.158985 0.657933 0.501242 0.215092 0.502931
62.600000 0.339620 0.633911 0.130727 0.158987 0.659334 0.501279 0.215212 0.504114
62.800000 0.339438 0.634179 0.130689 0.159116 0.660266 0.501357 0.215194 0.504963
63.000000 0.339209 0.634213 0.130712 0.159004 0.661388 0.501500 0.215598 0.505600
63.200000 0.339429 0.634676 0.130919 0.159139 0.662787 0.501733 0.215609 0.506692
63.400000 0.339227 0.634821 0.130785 0.159451 0.663714 0.501945 0.215802 0.507736
63.600000 0.339412 0.635168 0.130822 0.159222 0.664934 0.501966 0.216023 0.508300
63.800000 0.339490 0.635315 0.130936 0.159495 0.665790 0.502365 0.216031 0.509334
64.000000 0.339210 0.635588 0.131069 0.159372 0.667089 0.502607 0.216126 0.510243
64.200000 0.339477 0.635739 0.130935 0.159316 0.667964 0.502630 0.216333 0.510960
64.400000 0.339541 0.635878 0.131265 0.159552 0.669149 0.502874 0.216402 0.511707
64.600000 0.339621 0.636178 0.131170 0.159540 0.670081 0.503234 0.216230 0.512547
64.800000 0.339392 0.636484 0.131094 0.159504 0.671145 0.503235 0.216530 0.513166
65.000000 0.339240 0.636742 0.131097 0.159722 0.672298 0.503162 0.216826 0.514025
65.200000 0.339566 0.636829 0.131188 0.159696 0.673057 0.503408 0.216950 0.514751
65.400000 0.339606 0.637175 0.131027 0.159608 0.674116 0.503770 0.216842 0.515496
65.600000 0.339660 0.637075 0.131421 0.159712 0.674990 0.503718 0.217026 0.516192
65.800000 0.339742 0.637236 0.131464 0.159878 0.676032 0.503998 0.217137 0.516983
66.000000 0.339806 0.637522 0.131514 0.159815 0.676991 0.504223 0.217377 0.517871
66.200000 0.339824 0.637717 0.131674 0.159932 0.678042 0.504294 0.217268 0.518363
66.400000 0.339903 0.638079 0.131698 0.159918 0.678778 0.504600 0.217733 0.519269
66.600000 0.339851 0.638248 0.131615 0.160186 0.679607 0.504603 0.217672 0.519908
66.800000 0.340076 0.638294 0.131663 0.160323 0.680488 0.504835 0.217776 0.520738
67.000000 0.340146 0.639067 0.131809 0.160102 0.681567 0.505057 0.217840 0.521355
67.200000 0.340210 0.638896 0.131901 0.160173 0.682322 0.505151 0.218015 0.522144
67.400000 0.340228 0.639063 0.131907 0.160257 0.683317 0.505272 0.218149 0.522905
67.600000 0.340267 0.639308 0.131887 0.160665 0.684072 0.505622 0.218229 0.523450
67.800000 0.340233 0.639482 0.132013 0.160581 0.685024 0.505695 0.218328 0.524084
68.000000 0.340229 0.639713 0.132074 0.160563 0.685788 0.505977 0.218491 0.524830
68.200000 0.339860 0.639837 0.132276 0.160651 0.686637 0.505847 0.218462 0.525408
68.400000 0.339981 0.640113 0.132189 0.160748 0.687327 0.506239 0.218513 0.526114
68.600000 0.340025 0.640513 0.132250 0.160823 0.688335 0.506374 0.218535 0.526933
68.800000 0.339927 0.640673 0.132356 0.160905 0.689345 0.506533 0.218786 0.527394
69.000000 0.339682 0.640979 0.132381 0.160679 0.690144 0.506627 0.218912 0.528122
69.200000 0.339770 0.641105 0.132573 0.160927 0.690904 0.506854 0.218849 0.528682
69.400000 0.339660 0.641250 0.132336 0.161121 0.691765 0.507032 0.219103 0.529343
69.600000 0.339596 0.641400 0.132502 0.161139 0.692316 0.507211 0.219268 0.530043
69.800000 0.339490 0.641445 0.132598 0.161194 0.693119 0.507392 0.219242 0.530543
70.000000 0.339355 0.641894 0.132672 0.161200 0.693792 0.507494 0.219237 0.531141
70.200000 0.339338 0.642148 0.132616 0.161222 0.694553 0.507626 0.219387 0.531651
70.400000 0.339158 0.641944 0.132673 0.161238 0.695151 0.546842 0.219498 0.532205
70.600000 0.339133 0.642366 0.132512 0.161362 0.696066 0.507827 0.219537 0.532762
70.800000 0.338929 0.642421 0.132836 0.161401 0.696489 0.508041 0.219587 0.533185
71.000000 0.338950 0.642442 0.132767 0.161343 0.697228 0.508390 0.219634 0.533850
71.200000 0.338770 0.642660 0.132947 0.161287 0.697923 0.508460 0.219852 0.534270
71.400000 0.338888 0.642195 0.132942 0.161558 0.698475 0.508594 0.219783 0.534766
71.600000 0.338903 0.642793 0.132909 0.161567 0.699145 0.508615 0.219823 0.535206
71.800000 0.338801 0.643136 0.132971 0.161693 0.699616 0.508893 0.219984 0.536034
72.000000 0.338789 0.643055 0.132991 0.161707 0.700287 0.509005 0.219850 0.536258
72.200000 0.338798 0.643204 0.133071 0.161626 0.701091 0.509102 0.220070 0.536912
72.400000 0.338690 0.643327 0.133201 0.161685 0.701677 0.509380 0.219821 0.537378
72.600000 0.338762 0.643458 0.133188 0.161751 0.702269 0.509390 0.220158 0.537843
72.800000 0.338631 0.643426 0.133173 0.161713 0.702916 0.509583 0.220141 0.538244
73.000000 0.338728 0.643617 0.133060 0.161789 0.703396 0.509675 0.220234 0.538458
73.200000 0.338668 0.643793 0.133110 0.162030 0.703966 0.509965 0.220354 0.539120
73.400000 0.338864 0.643817 0.133262 0.161926 0.704609 0.510166 0.220426 0.539585
73.600000 0.338637 0.643858 0.133322 0.162047 0.705041 0.510372 0.220426 0.540081
73.800000 0.338676 0.644050 0.133375 0.161939 0.705579 0.510279 0.220633 0.540765
74.000000 0.338485 0.644098 0.133447 0.161946 0.706205 0.510510 0.220553 0.541014
74.200000 0.338520 0.644539 0.133402 0.162076 0.706781 0.510610 0.220593 0.541472
74.400000 0.338697 0.644513 0.133567 0.162304 0.707542 0.510961 0.220718 0.542129
74.600000 0.338560 0.644681 0.133567 0.162178 0.708085 0.511132 0.220745 0.542393
74.800000 0.338503 0.644445 0.133607 0.162342 0.708497 0.511062 0.220779 0.542766
75.000000 0.338418 0.644643 0.133739 0.162140 0.709027 0.510944 0.220680 0.543342
75.200000 0.338582 0.644728 0.133798 0.162308 0.709688 0.511509 0.220907 0.543718
75.400000 0.338288 0.644963 0.133738 0.162177 0.710267 0.511605 0.220869 0.544110
75.600000 0.338239 0.645001 0.133634 0.162053 0.710620 0.511659 0.221028 0.544533
75.800000 0.338318 0.645115 0.133675 0.162441 0.711127 0.511991 0.220890 0.545024
76.000000 0.338158 0.645168 0.133688 0.162373 0.711797 0.512189 0.221056 0.545283
76.200000 0.338092 0.645279 0.133697 0.162417 0.712108 0.512157 0.221086 0.545562
76.400000 0.338240 0.645259 0.133905 0.162461 0.712516 0.512465 0.221140 0.546001
76.600000 0.338231 0.645446 0.133939 0.162533 0.713018 0.512534 0.221192 0.546447
76.800000 0.338246 0.645444 0.133824 0.162557 0.713381 0.512543 0.221205 0.546835
77.000000 0.338189 0.645671 0.134107 0.162593 0.714105 0.512703 0.221247 0.547134
77.200000 0.338254 0.645610 0.134097 0.162526 0.714265 0.512949 0.221109 0.547520
77.400000 0.338082 0.645821 0.133941 0.162765 0.714759 0.513061 0.221355 0.547865
77.600000 0.337973 0.645838 0.134060 0.162767 0.715278 0.513299 0.221385 0.548181
77.800000 0.337934 0.645773 0.134105 0.162695 0.715734 0.513399 0.221449 0.548608
78.000000 0.337885 0.645982 0.134014 0.162551 0.715962 0.513465 0.221483 0.549008
78.200000 0.337806 0.645934 0.134180 0.162700 0.716624 0.513753 0.221589 0.549310
78.400000 0.337774 0.646087 0.134214 0.162744 0.716921 0.513767 0.221513 0.549603
78.600000 0.337802 0.646334 0.134210 0.162708 0.716889 0.514022 0.221512 0.549827
78.800000 0.337550 0.646460 0.134295 0.162858 0.717738 0.514022 0.221661 0.550155
79.000000 0.337765 0.646482 0.134250 0.162900 0.718360 0.514216 0.221444 0.550613
79.200000 0.337580 0.646340 0.134279 0.162913 0.718438 0.514444 0.221466 0.550817
79.400000 0.337671 0.646638 0.134364 0.162910 0.718989 0.514641 0.221669 0.551255
79.600000 0.337643 0.646626 0.134282 0.162815 0.719341 0.514719 0.221569 0.551507
79.800000 0.337629 0.646440 0.134466 0.163103 0.719787 0.514706 0.221563 0.551899
80.000000 0.337598 0.646647 0.134581 0.162832 0.720065 0.515113 0.221730 0.552142
80.200000 0.337535 0.646556 0.134535 0.163240 0.720455 0.515215 0.221763 0.552234
80.400000 0.337598 0.646739 0.134569 0.163046 0.720958 0.515179 0.221804 0.552753
80.600000 0.337464 0.646734 0.134443 0.163033 0.721433 0.515341 0.221773 0.552821
80.800000 0.337589 0.646687 0.134541 0.163164 0.721707 0.515513 0.221844 0.553274
81.000000 0.337548 0.646933 0.134714 0.163094 0.721907 0.515322 0.221848 0.553488
81.200000 0.337488 0.646892 0.134731 0.163239 0.722227 0.515775 0.221862 0.553623
81.400000 0.337487 0.646763 0.134720 0.163032 0.722375 0.516096 0.222003 0.553896
81.600000 0.337442 0.646941 0.134659 0.163007 0.722848 0.515990 0.221866 0.554298
81.800000 0.337672 0.647213 0.134644 0.163118 0.723189 0.516112 0.221930 0.554614
82.000000 0.337397 0.647206 0.134594 0.163183 0.723658 0.516276 0.221949 0.554823
82.200000 0.337507 0.647159 0.134789 0.163225 0.723763 0.516297 0.221996 0.555047
82.400000 0.337636 0.647253 0.134611 0.163300 0.724036 0.516545 0.222012 0.555224
82.600000 0.337668 0.647347 0.134818 0.163353 0.724494 0.516602 0.222052 0.555564
82.800000 0.337462 0.647400 0.134746 0.163249 0.724753 0.516712 0.221996 0.555529
83.000000 0.337455 0.647385 0.135017 0.163133 0.725015 0.516891 0.222150 0.555897
83.200000 0.337421 0.647407 0.134760 0.163615 0.725213 0.516561 0.222086 0.556051
83.400000 0.337381 0.647550 0.134853 0.163465 0.725659 0.517173 0.222046 0.556499
83.600000 0.337279 0.647543 0.134985 0.163324 0.725817 0.517323 0.222089 0.556822
83.800000 0.337267 0.647525 0.134930 0.163190 0.726284 0.517474 0.222098 0.557000
84.000000 0.337316 0.647689 0.134976 0.163294 0.726504 0.517428 0.222162 0.557191
84.200000 0.337164 0.647783 0.135139 0.163370 0.726628 0.517652 0.222243 0.557296
84.400000 0.337122 0.647695 0.135140 0.163479 0.727064 0.517709 0.222041 0.557525
84.600000 0.337142 0.647591 0.134985 0.163549 0.727265 0.517862 0.222209 0.557833
84.800000 0.336925 0.647673 0.135105 0.163553 0.727595 0.518021 0.222194 0.558161
85.000000 0.337060 0.647734 0.134954 0.163459 0.727948 0.518187 0.222188 0.558207
85.200000 0.337008 0.647922 0.135124 0.163565 0.728054 0.518242 0.222223 0.558369
85.400000 0.337051 0.647841 0.135118 0.163519 0.728391 0.518184 0.222255 0.558724
85.600000 0.337021 0.647989 0.135145 0.163684 0.728754 0.518361 0.222080 0.558925
85.800000 0.337057 0.647994 0.135138 0.163636 0.729036 0.518627 0.222256 0.559039
86.000000 0.336881 0.647889 0.135227 0.163726 0.729211 0.518726 0.222337 0.559247
86.200000 0.336804 0.647920 0.135260 0.163589 0.729479 0.518941 0.222291 0.559259
86.400000 0.336872 0.647921 0.135215 0.163702 0.729817 0.519011 0.222307 0.559602
86.600000 0.336909 0.647973 0.135306 0.163673 0.729804 0.518971 0.222176 0.559771
86.800000 0.336935 0.648294 0.135232 0.163838 0.730103 0.519187 0.222288 0.560125
87.000000 0.336886 0.648314 0.135295 0.163595 0.730388 0.519238 0.222294 0.560242
87.200000 0.336877 0.648251 0.135408 0.163725 0.730580 0.519425 0.222353 0.560419
87.400000 0.337063 0.648074 0.135244 0.163593 0.730850 0.519434 0.222324 0.560563
87.600000 0.336874 0.648131 0.135289 0.163755 0.731160 0.519714 0.222195 0.560724
87.800000 0.337057 0.648340 0.135557 0.163761 0.731282 0.519714 0.222405 0.560997
88.000000 0.336860 0.648253 0.135533 0.163734 0.731718 0.520008 0.222368 0.561191
88.200000 0.336861 0.648249 0.135474 0.163826 0.731238 0.519886 0.222372 0.561225
88.400000 0.336825 0.648376 0.135441 0.163849 0.732189 0.520299 0.222400 0.561583
88.600000 0.336846 0.648484 0.135400 0.163770 0.732347 0.520445 0.222413 0.561571
88.800000 0.336632 0.648615 0.135533 0.163829 0.732519 0.520421 0.222384 0.561935
89.000000 0.336630 0.648512 0.135530 0.163941 0.732838 0.520527 0.222446 0.562010
89.200000 0.336891 0.648550 0.135607 0.163783 0.733115 0.520572 0.222330 0.562385
89.400000 0.336749 0.648561 0.135596 0.163888 0.733277 0.520849 0.222321 0.562466
89.600000 0.336713 0.648599 0.135642 0.163940 0.733506 0.520872 0.222435 0.562511
89.800000 0.336504 0.648564 0.135795 0.163909 0.733723 0.520943 0.222524 0.562821
90.000000 0.336616 0.648533 0.135692 0.163827 0.733911 0.520994 0.222394 0.562892
