0.200000 0.175492 0.325275 0.095713 0.103159 0.295481 0.497672 0.135208 0.229355
0.400000 0.175427 0.324792 0.095820 0.103072 0.293762 0.497333 0.134871 0.228275
0.600000 0.175331 0.324330 0.095600 0.103034 0.292589 0.497043 0.134602 0.227549
0.800000 0.175362 0.323980 0.095614 0.102907 0.291683 0.496967 0.134411 0.227038
1.000000 0.175200 0.323373 0.095410 0.103018 0.290777 0.496581 0.134006 0.226241
1.200000 0.175291 0.323122 0.095672 0.103136 0.289843 0.496450 0.133697 0.225609
1.400000 0.175085 0.322604 0.095550 0.102976 0.288966 0.496069 0.133654 0.224861
1.600000 0.175323 0.322360 0.095670 0.102854 0.288009 0.496212 0.133326 0.224193
1.800000 0.175126 0.322081 0.095643 0.102893 0.286877 0.495840 0.133070 0.223618
2.000000 0.175089 0.321506 0.095485 0.102751 0.286064 0.495681 0.132796 0.222938
2.200000 0.175098 0.321238 0.095412 0.102986 0.285152 0.495403 0.132593 0.222344
2.400000 0.175012 0.320778 0.095474 0.102781 0.284382 0.495284 0.132017 0.221697
2.600000 0.174964 0.320309 0.095516 0.102689 0.283027 0.494916 0.132188 0.221064
2.800000 0.174909 0.320025 0.095323 0.102607 0.282310 0.494976 0.131869 0.220428
3.000000 0.174726 0.319809 0.095463 0.102599 0.281480 0.494803 0.131590 0.219781
3.200000 0.174825 0.319369 0.095280 0.102636 0.280754 0.494332 0.131525 0.219131
3.400000 0.174781 0.318974 0.095232 0.102592 0.279739 0.493935 0.131109 0.218567
3.600000 0.174572 0.318652 0.095313 0.102448 0.278858 0.493805 0.130845 0.217937
3.800000 0.174694 0.318279 0.095226 0.102394 0.278004 0.493518 0.130661 0.217247
4.000000 0.174598 0.317990 0.095165 0.102351 0.277000 0.493310 0.130502 0.216631
4.200000 0.174590 0.317665 0.095161 0.102289 0.276249 0.493251 0.130036 0.216100
4.400000 0.174561 0.317186 0.095231 0.102283 0.275525 0.492971 0.129977 0.215485
4.600000 0.174510 0.316835 0.095333 0.102201 0.274546 0.492636 0.129739 0.215002
4.800000 0.174505 0.316585 0.095349 0.102236 0.273443 0.492560 0.129411 0.214517
5.000000 0.174435 0.316119 0.095203 0.102168 0.272920 0.492361 0.129371 0.213891
5.200000 0.174357 0.315711 0.095212 0.102136 0.271977 0.492239 0.129024 0.213259
5.400000 0.174360 0.315358 0.095072 0.102174 0.271065 0.491844 0.128859 0.212759
5.600000 0.174174 0.315214 0.095126 0.101942 0.270458 0.491719 0.128588 0.212113
5.800000 0.174277 0.314770 0.095007 0.102057 0.269729 0.491462 0.128436 0.211707
6.000000 0.174398 0.314437 0.095142 0.101936 0.268926 0.491247 0.128170 0.211124
6.200000 0.174198 0.313948 0.095264 0.102028 0.268050 0.490878 0.127953 0.210670
6.400000 0.174230 0.313929 0.095125 0.101990 0.267227 0.490607 0.127801 0.209916
6.600000 0.174138 0.313335 0.094926 0.101679 0.266166 0.490406 0.127305 0.209084
6.800000 0.174094 0.313042 0.094914 0.101830 0.265364 0.490165 0.127231 0.208847
7.000000 0.174063 0.312697 0.095124 0.101856 0.264633 0.489886 0.127022 0.208176
7.200000 0.174013 0.351490 0.094984 0.101663 0.263613 0.489733 0.126779 0.207616
7.400000 0.174002 0.312163 0.095207 0.101674 0.262929 0.489594 0.126607 0.207341
7.600000 0.174089 0.311874 0.095043 0.101638 0.262365 0.489377 0.126477 0.206671
7.800000 0.173903 0.311454 0.094917 0.101606 0.261633 0.488977 0.126219 0.205998
8.000000 0.173858 0.311248 0.094965 0.101614 0.261053 0.488761 0.125906 0.205677
8.200000 0.173857 0.310974 0.095007 0.101599 0.260280 0.488695 0.125974 0.205166
8.400000 0.173646 0.310520 0.094929 0.101572 0.259487 0.488333 0.125656 0.204675
8.600000 0.173772 0.310324 0.094954 0.101324 0.258755 0.488131 0.125476 0.204189
8.800000 0.173714 0.309906 0.094895 0.101427 0.257920 0.487835 0.125299 0.203588
9.000000 0.173758 0.309834 0.094889 0.101436 0.257404 0.487716 0.125068 0.203248
9.200000 0.173515 0.309441 0.094872 0.101334 0.256619 0.487655 0.124822 0.202594
9.400000 0.173674 0.308855 0.095016 0.101220 0.255988 0.487359 0.124737 0.202469
9.600000 0.173598 0.308748 0.094861 0.101190 0.255414 0.487019 0.124612 0.201824
9.800000 0.173551 0.308546 0.094889 0.101110 0.254530 0.486807 0.124402 0.201435
10.000000 0.173546 0.308257 0.094804 0.101063 0.254022 0.486482 0.124282 0.200930
10.200000 0.173641 0.307859 0.094885 0.101236 0.253590 0.486395 0.124163 0.200512
10.400000 0.173433 0.307720 0.094860 0.101153 0.252772 0.486007 0.123791 0.200109
10.600000 0.173367 0.307258 0.094641 0.101104 0.252220 0.485938 0.123689 0.199648
10.800000 0.173426 0.307192 0.094883 0.101106 0.251329 0.485590 0.123456 0.199062
11.000000 0.173377 0.306863 0.094610 0.101094 0.250834 0.485456 0.123162 0.198693
11.200000 0.173308 0.306582 0.094775 0.101070 0.250270 0.485184 0.123109 0.198329
11.400000 0.173286 0.306280 0.094869 0.101051 0.249506 0.485165 0.123019 0.197777
11.600000 0.173257 0.306093 0.094656 0.100967 0.248959 0.484874 0.122708 0.197427
11.800000 0.173248 0.305814 0.094683 0.100903 0.248308 0.484483 0.122699 0.197059
12.000000 0.173209 0.305612 0.094515 0.100985 0.247732 0.484311 0.122527 0.196642
12.200000 0.173337 0.305332 0.094497 0.100880 0.247156 0.484310 0.122229 0.196221
12.400000 0.173159 0.305092 0.094625 0.100749 0.246540 0.483951 0.122156 0.195683
12.600000 0.173131 0.304721 0.094658 0.101006 0.246007 0.483745 0.122061 0.195347
12.800000 0.173098 0.304515 0.094672 0.100801 0.245303 0.483409 0.121875 0.194970
13.000000 0.173069 0.304196 0.094607 0.100790 0.244865 0.483252 0.121624 0.194594
13.200000 0.172891 0.304253 0.094547 0.100780 0.244232 0.483090 0.121750 0.194251
13.400000 0.173145 0.303844 0.094746 0.100760 0.243835 0.482804 0.121453 0.193925
13.600000 0.172972 0.303612 0.094596 0.100566 0.243090 0.482728 0.121164 0.193549
13.800000 0.172941 0.303332 0.094472 0.100632 0.242494 0.482465 0.121150 0.193053
14.000000 0.172930 0.303320 0.094588 0.100641 0.242166 0.482326 0.120919 0.192805
14.200000 0.172753 0.302777 0.094534 0.100585 0.241613 0.481892 0.120931 0.192533
14.400000 0.172770 0.302812 0.094582 0.100602 0.241047 0.481605 0.120762 0.192086
14.600000 0.172845 0.302504 0.094534 0.100638 0.240569 0.481589 0.120491 0.191720
14.800000 0.172781 0.302421 0.094527 0.100672 0.240241 0.481371 0.120517 0.191402
15.000000 0.172790 0.302081 0.094494 0.100538 0.239645 0.481164 0.120523 0.191056
15.200000 0.172768 0.301698 0.094458 0.100511 0.239233 0.481085 0.120267 0.190772
15.400000 0.172596 0.301573 0.094562 0.100407 0.238552 0.480778 0.119964 0.190387
15.600000 0.172685 0.301505 0.094363 0.100268 0.238138 0.480524 0.119938 0.190069
15.800000 0.172684 0.301150 0.094346 0.100466 0.237669 0.480458 0.119907 0.189739
16.000000 0.172684 0.300850 0.094454 0.100455 0.236996 0.480322 0.119879 0.189215
16.200000 0.172530 0.300608 0.094356 0.100402 0.236616 0.479829 0.119662 0.189000
16.400000 0.172460 0.300669 0.094587 0.100338 0.236177 0.479771 0.119354 0.188624
16.600000 0.172560 0.300220 0.094418 0.100358 0.235525 0.479581 0.119272 0.188579
16.800000 0.172519 0.299999 0.094456 0.100297 0.235204 0.479398 0.119323 0.188041
17.000000 0.172529 0.299817 0.094433 0.100275 0.234706 0.479046 0.119123 0.187801
17.200000 0.172539 0.299795 0.094426 0.100276 0.234230 0.478901 0.118977 0.187228
17.400000 0.172309 0.299431 0.094399 0.100402 0.233817 0.478687 0.118975 0.187127
17.600000 0.172443 0.299716 0.094439 0.100126 0.233414 0.478572 0.118814 0.186803
17.800000 0.172423 0.299338 0.094313 0.100218 0.232765 0.478216 0.118698 0.186510
18.000000 0.172363 0.298761 0.094382 0.100179 0.232469 0.478119 0.118387 0.186053
18.200000 0.172395 0.298702 0.094381 0.100255 0.231782 0.477910 0.118459 0.185927
18.400000 0.172339 0.298471 0.094419 0.100089 0.231621 0.477644 0.118337 0.185573
18.600000 0.172297 0.298293 0.094337 0.100147 0.231119 0.477514 0.118205 0.185383
18.800000 0.172298 0.298185 0.094327 0.100151 0.230727 0.477695 0.118254 0.184968
19.000000 0.172291 0.297735 0.094349 0.100076 0.229964 0.477002 0.117954 0.184597
19.200000 0.172130 0.297688 0.094172 0.100009 0.229563 0.476895 0.118094 0.184466
19.400000 0.172185 0.297819 0.094311 0.100184 0.229251 0.476752 0.118004 0.184103
19.600000 0.172340 0.297357 0.094369 0.100214 0.228946 0.476570 0.117675 0.183822
19.800000 0.172411 0.297025 0.094399 0.100140 0.228529 0.476301 0.117563 0.183431
20.000000 0.172235 0.297107 0.094333 0.100035 0.228091 0.476109 0.117543 0.183111
20.200000 0.172263 0.296853 0.094419 0.100107 0.227729 0.475894 0.117351 0.182807
20.400000 0.172194 0.296740 0.094436 0.100075 0.226970 0.475718 0.117256 0.182672
20.600000 0.172029 0.296420 0.094425 0.099809 0.226861 0.475344 0.117238 0.182347
20.800000 0.172039 0.296258 0.094383 0.099984 0.226402 0.475224 0.117133 0.182093
21.000000 0.172101 0.295810 0.094228 0.099829 0.225905 0.474722 0.116788 0.181496
21.200000 0.171964 0.295608 0.094066 0.099788 0.225318 0.474493 0.116643 0.181268
21.400000 0.172060 0.295622 0.094340 0.099916 0.225005 0.474473 0.116729 0.180974
21.600000 0.172035 0.295532 0.094429 0.099904 0.224525 0.474383 0.116856 0.180888
21.800000 0.172032 0.295213 0.094405 0.099881 0.224204 0.474242 0.116634 0.180570
22.000000 0.171996 0.295005 0.094258 0.099910 0.223770 0.473981 0.116527 0.180244
22.200000 0.171990 0.294693 0.094263 0.099793 0.223492 0.473650 0.116498 0.180008
22.400000 0.171817 0.294750 0.094415 0.099866 0.223007 0.473724 0.116355 0.179651
22.600000 0.171850 0.294267 0.094101 0.099724 0.222514 0.473229 0.116155 0.179411
22.800000 0.171852 0.294288 0.094043 0.099641 0.222135 0.473110 0.116054 0.179053
23.000000 0.171667 0.294058 0.094042 0.099667 0.221788 0.472748 0.115960 0.178756
23.200000 0.171775 0.294025 0.094120 0.099753 0.221478 0.472667 0.115870 0.178598
23.400000 0.171832 0.293822 0.094007 0.099709 0.221030 0.472341 0.115776 0.178349
23.600000 0.171767 0.293855 0.094063 0.099497 0.220643 0.472339 0.115722 0.178148
23.800000 0.171752 0.293305 0.094042 0.099608 0.220118 0.471836 0.115621 0.177835
24.000000 0.171510 0.293170 0.093854 0.099500 0.219865 0.471744 0.115464 0.177548
24.200000 0.171677 0.293005 0.094197 0.099543 0.219570 0.471613 0.115446 0.177487
24.400000 0.171527 0.292856 0.094023 0.099545 0.219180 0.471382 0.115348 0.177106
24.600000 0.171636 0.292921 0.094110 0.099516 0.218719 0.471317 0.115300 0.176862
24.800000 0.171522 0.292631 0.094101 0.099603 0.218439 0.471008 0.115016 0.176687
25.000000 0.171619 0.292435 0.094045 0.099524 0.218070 0.470784 0.115193 0.176293
25.200000 0.171792 0.292327 0.094133 0.099598 0.217772 0.470699 0.115032 0.176120
25.400000 0.171714 0.292133 0.094186 0.099708 0.217263 0.470397 0.114900 0.175849
25.600000 0.171543 0.291925 0.094044 0.099634 0.216852 0.470160 0.114943 0.175625
25.800000 0.171589 0.291790 0.094223 0.099428 0.216641 0.470089 0.115036 0.175344
26.000000 0.171612 0.291556 0.094241 0.099227 0.216243 0.469806 0.114803 0.175018
26.200000 0.171558 0.291498 0.094265 0.099344 0.215876 0.469645 0.114537 0.174904
26.400000 0.171591 0.291338 0.094034 0.098929 0.215553 0.469412 0.114656 0.174567
26.600000 0.171519 0.291261 0.094146 0.099575 0.215191 0.469122 0.114580 0.174424
26.800000 0.171653 0.290968 0.094201 0.099419 0.214843 0.468958 0.114413 0.174067
27.000000 0.171481 0.290875 0.094142 0.099449 0.214530 0.507777 0.114436 0.174013
27.200000 0.171468 0.290537 0.094103 0.099404 0.214371 0.468367 0.114228 0.173679
27.400000 0.171360 0.290431 0.094131 0.099398 0.213867 0.468273 0.114235 0.173489
27.600000 0.171444 0.290282 0.094008 0.099443 0.213539 0.468218 0.114154 0.173470
27.800000 0.171423 0.290085 0.094014 0.099452 0.213159 0.467958 0.114118 0.172924
28.000000 0.171410 0.289987 0.094281 0.099335 0.212829 0.467690 0.114024 0.172840
28.200000 0.171422 0.290054 0.094091 0.099032 0.212496 0.467677 0.114125 0.172625
28.400000 0.171205 0.289763 0.094121 0.099254 0.212111 0.467257 0.113922 0.172254
28.600000 0.171264 0.289531 0.094146 0.099195 0.211659 0.467187 0.113685 0.172093
28.800000 0.171292 0.289550 0.094076 0.099214 0.211500 0.466766 0.113602 0.171891
29.000000 0.171069 0.289260 0.093997 0.099323 0.211134 0.466688 0.113575 0.171568
29.200000 0.171132 0.289033 0.093879 0.099037 0.210810 0.466439 0.113508 0.171422
29.400000 0.171142 0.288807 0.094107 0.099099 0.210480 0.466114 0.113444 0.171211
29.600000 0.171180 0.288790 0.094077 0.099141 0.210171 0.465959 0.113448 0.170938
29.800000 0.171099 0.288678 0.093988 0.099165 0.209877 0.465971 0.113156 0.170795
30.000000 0.171120 0.288433 0.093895 0.099153 0.209522 0.465630 0.113262 0.170744
30.200000 0.170985 0.288346 0.093679 0.099143 0.209161 0.465253 0.113148 0.170164
30.400000 0.171114 0.288390 0.093940 0.099143 0.208981 0.465167 0.113154 0.170015
30.600000 0.171416 0.288028 0.093942 0.099157 0.208622 0.465046 0.112956 0.169818
30.800000 0.173450 0.287995 0.093701 0.099047 0.208370 0.464897 0.112950 0.169795
31.000000 0.177518 0.287908 0.093938 0.099010 0.208064 0.464661 0.112811 0.169496
31.200000 0.185491 0.287761 0.093889 0.099103 0.207875 0.464397 0.112649 0.169223
31.400000 0.193998 0.287612 0.093864 0.098889 0.207555 0.464283 0.112810 0.169299
31.600000 0.204871 0.287467 0.094093 0.099058 0.207543 0.464076 0.112920 0.169274
31.800000 0.216875 0.287437 0.093975 0.099282 0.207742 0.464070 0.113271 0.169416
32.000000 0.229336 0.287353 0.093877 0.099233 0.208206 0.463902 0.113623 0.169696
32.200000 0.241612 0.287441 0.094395 0.099455 0.208788 0.463837 0.114062 0.170086
32.400000 0.253202 0.287558 0.094044 0.099726 0.209715 0.463916 0.114624 0.170703
32.600000 0.264173 0.288069 0.094087 0.100021 0.210839 0.463909 0.115275 0.171359
32.800000 0.274217 0.288397 0.094443 0.100337 0.212291 0.463999 0.116102 0.172306
33.000000 0.283456 0.289008 0.094587 0.100845 0.214029 0.464251 0.116851 0.173425
33.200000 0.291378 0.289956 0.094484 0.101347 0.215802 0.464117 0.117748 0.174671
33.400000 0.298734 0.290996 0.094697 0.102218 0.217930 0.464191 0.118496 0.176088
33.600000 0.305004 0.292425 0.094914 0.102718 0.220276 0.464308 0.119810 0.177631
33.800000 0.310554 0.293895 0.095087 0.103536 0.222845 0.464443 0.120930 0.179321
34.000000 0.315413 0.295551 0.095438 0.104440 0.225693 0.464557 0.122049 0.181254
34.200000 0.319935 0.297649 0.095673 0.105416 0.228626 0.464487 0.123077 0.183113
34.400000 0.323341 0.299790 0.095925 0.106417 0.231907 0.464787 0.124279 0.185505
34.600000 0.326961 0.302224 0.096331 0.107303 0.235171 0.465046 0.125315 0.187627
34.800000 0.329818 0.304601 0.096755 0.108335 0.238735 0.465314 0.126649 0.190020
35.000000 0.332256 0.307330 0.096984 0.109351 0.242223 0.465288 0.127895 0.192555
35.200000 0.334502 0.310622 0.097620 0.110463 0.246041 0.465570 0.129109 0.195251
35.400000 0.336294 0.313383 0.098112 0.111247 0.249509 0.465900 0.130448 0.197769
35.600000 0.337690 0.316450 0.098567 0.112396 0.253368 0.466033 0.131603 0.200386
35.800000 0.339174 0.319584 0.098654 0.113276 0.257006 0.466282 0.132836 0.203070
36.000000 0.340398 0.323147 0.099386 0.114142 0.261036 0.466608 0.134084 0.205691
36.200000 0.341407 0.326496 0.099857 0.115222 0.265000 0.466772 0.135235 0.208674
36.400000 0.342149 0.330171 0.100175 0.116174 0.268912 0.466907 0.136449 0.211369
36.600000 0.342884 0.333597 0.100736 0.117045 0.272844 0.467153 0.137681 0.214430
36.800000 0.343462 0.337317 0.101225 0.117841 0.277098 0.467405 0.138737 0.217496
37.000000 0.343914 0.341159 0.101750 0.118877 0.281127 0.467640 0.140217 0.220539
37.200000 0.344262 0.345098 0.102385 0.119832 0.285477 0.467701 0.141386 0.223900
37.400000 0.344679 0.350897 0.102881 0.121019 0.291308 0.468116 0.143126 0.228235
37.600000 0.344840 0.354978 0.103604 0.121879 0.295644 0.468354 0.144233 0.231305
37.800000 0.345085 0.358957 0.103900 0.122767 0.299716 0.468646 0.145342 0.234488
38.000000 0.345144 0.363251 0.104452 0.123533 0.304227 0.468886 0.146518 0.237701
38.200000 0.345168 0.367395 0.104692 0.124354 0.308278 0.469022 0.147628 0.240723
38.400000 0.345256 0.371507 0.105436 0.125078 0.312588 0.469266 0.148920 0.244125
38.600000 0.345320 0.375858 0.105836 0.125753 0.316788 0.469364 0.149907 0.247176
38.800000 0.345407 0.380211 0.106345 0.126352 0.320977 0.469584 0.151061 0.250424
39.000000 0.345514 0.384385 0.106776 0.126954 0.325296 0.470006 0.152153 0.253609
39.200000 0.345336 0.388675 0.107220 0.127998 0.329503 0.470188 0.153323 0.256935
39.400000 0.345606 0.393216 0.107695 0.128518 0.333827 0.470444 0.154364 0.260167
39.600000 0.345582 0.397450 0.108092 0.129207 0.337824 0.470712 0.155352 0.263225
39.800000 0.345594 0.401870 0.108578 0.129933 0.342203 0.470897 0.156521 0.266424
40.000000 0.345573 0.406189 0.108992 0.130587 0.346072 0.471363 0.157473 0.269661
40.200000 0.345625 0.410760 0.109552 0.131202 0.350353 0.471352 0.158600 0.272927
40.400000 0.345609 0.415108 0.109798 0.131741 0.354589 0.471742 0.159506 0.276152
40.600000 0.345608 0.419422 0.110294 0.132368 0.358806 0.471939 0.160691 0.279305
40.800000 0.345546 0.424051 0.110637 0.132939 0.362970 0.472136 0.161859 0.282509
41.000000 0.345483 0.428572 0.111046 0.133608 0.367045 0.472307 0.162711 0.285549
41.200000 0.345431 0.432850 0.111422 0.133981 0.371148 0.472678 0.163645 0.288757
41.400000 0.345333 0.437262 0.111920 0.134694 0.375267 0.472897 0.164778 0.291753
41.600000 0.345190 0.441380 0.112287 0.135056 0.379430 0.473099 0.165609 0.294879
41.800000 0.345166 0.445913 0.112757 0.135549 0.383341 0.473431 0.166580 0.297946
42.000000 0.345146 0.449866 0.113049 0.136172 0.387547 0.473595 0.167446 0.300977
42.200000 0.345021 0.454360 0.113286 0.136575 0.391258 0.473932 0.168449 0.303823
42.400000 0.344906 0.458431 0.113813 0.137391 0.395355 0.474000 0.169298 0.306779
42.600000 0.344838 0.462523 0.114018 0.137333 0.399196 0.474410 0.170193 0.309873
42.800000 0.344782 0.466678 0.114352 0.138087 0.403056 0.474409 0.171070 0.312824
43.000000 0.344475 0.470839 0.114628 0.138493 0.407046 0.474855 0.171928 0.315725
43.200000 0.344400 0.474618 0.114982 0.139073 0.411009 0.475081 0.172828 0.318726
43.400000 0.344260 0.478562 0.115361 0.139390 0.414831 0.475162 0.173581 0.321327
43.600000 0.344201 0.482668 0.115810 0.139782 0.418974 0.475585 0.174527 0.324858
43.800000 0.344027 0.488373 0.116098 0.140231 0.424230 0.475853 0.175518 0.328548
44.000000 0.343965 0.492088 0.116391 0.140795 0.428101 0.476205 0.176350 0.331410
44.200000 0.343888 0.495680 0.116655 0.141001 0.431635 0.476470 0.177221 0.333895
44.400000 0.343698 0.499326 0.116981 0.141518 0.435404 0.476621 0.178031 0.336870
44.600000 0.343494 0.502960 0.117196 0.141886 0.439071 0.476797 0.178821 0.339525
44.800000 0.343539 0.506390 0.117571 0.142126 0.442705 0.476876 0.179467 0.342152
45.000000 0.343386 0.509874 0.117673 0.142459 0.446196 0.477274 0.180288 0.344738
45.200000 0.343268 0.513203 0.118225 0.142855 0.449938 0.477535 0.180876 0.347564
45.400000 0.343241 0.516358 0.118380 0.143104 0.453618 0.477710 0.181617 0.350125
45.600000 0.343147 0.519617 0.118551 0.143493 0.456997 0.477989 0.182257 0.352788
45.800000 0.342829 0.522761 0.118777 0.143861 0.460463 0.478157 0.182819 0.355322
46.000000 0.342881 0.526110 0.119033 0.143893 0.463987 0.478465 0.183595 0.357963
46.200000 0.342836 0.528948 0.119431 0.144408 0.467345 0.478627 0.184320 0.360330
46.400000 0.342778 0.532149 0.119579 0.144692 0.470858 0.478874 0.184956 0.362906
46.600000 0.342618 0.535040 0.119785 0.144826 0.474165 0.479079 0.185554 0.365505
46.800000 0.342707 0.537652 0.119979 0.145253 0.477468 0.479191 0.186201 0.368009
47.000000 0.342689 0.540531 0.120169 0.145540 0.480881 0.479536 0.186771 0.370384
47.200000 0.342837 0.543283 0.120530 0.145810 0.484026 0.479840 0.187435 0.372780
47.400000 0.342743 0.545966 0.120642 0.146097 0.487371 0.480165 0.188119 0.375291
47.600000 0.342718 0.548512 0.120900 0.146306 0.490605 0.480184 0.188744 0.377767
47.800000 0.342749 0.551071 0.121061 0.146571 0.494065 0.480437 0.189127 0.380031
48.000000 0.342709 0.553474 0.121172 0.146772 0.497415 0.480592 0.189703 0.382233
48.200000 0.342819 0.555948 0.121505 0.147033 0.500189 0.480880 0.190296 0.384764
48.400000 0.342810 0.558490 0.121658 0.147223 0.503306 0.481116 0.190786 0.386838
48.600000 0.342826 0.560713 0.121721 0.147511 0.506498 0.481312 0.191206 0.389260
48.800000 0.342886 0.562777 0.122050 0.147826 0.509556 0.481373 0.191869 0.391503
49.000000 0.342733 0.565065 0.122184 0.147980 0.512632 0.481816 0.192561 0.393713
49.200000 0.342833 0.567164 0.122370 0.148193 0.515443 0.481883 0.192900 0.396046
49.400000 0.342802 0.569225 0.122529 0.148377 0.518524 0.482174 0.193463 0.398123
49.600000 0.342786 0.571160 0.122724 0.148482 0.521595 0.482336 0.193799 0.400332
49.800000 0.342752 0.573427 0.122942 0.148836 0.524397 0.482494 0.194250 0.402667
50.000000 0.342434 0.575349 0.123111 0.149091 0.527775 0.482678 0.194992 0.405077
50.200000 0.342507 0.577768 0.123074 0.149372 0.531120 0.483093 0.195546 0.407603
50.400000 0.342370 0.579515 0.123327 0.149505 0.534045 0.483105 0.195953 0.409653
50.600000 0.342341 0.581339 0.123720 0.149738 0.536833 0.483525 0.196426 0.411814
50.800000 0.342078 0.583011 0.123599 0.149922 0.539578 0.483731 0.196933 0.413801
51.000000 0.341680 0.584775 0.124006 0.150123 0.542368 0.484098 0.197347 0.415919
51.200000 0.341746 0.586489 0.124114 0.150326 0.545119 0.484118 0.197769 0.417886
51.400000 0.341689 0.588061 0.124258 0.150306 0.547770 0.484453 0.198100 0.419919
51.600000 0.341558 0.589676 0.124481 0.150621 0.550425 0.484617 0.198608 0.421782
51.800000 0.341365 0.591373 0.124561 0.150881 0.553017 0.484637 0.198985 0.423786
52.000000 0.341221 0.592453 0.124670 0.150923 0.555459 0.484811 0.199420 0.425580
52.200000 0.341361 0.593606 0.124955 0.151195 0.558128 0.484951 0.199794 0.427678
52.400000 0.341480 0.595247 0.124967 0.151219 0.560637 0.485259 0.200284 0.429450
52.600000 0.341427 0.596750 0.125016 0.151439 0.563043 0.485604 0.200601 0.431280
52.800000 0.341433 0.597872 0.125244 0.151716 0.565631 0.485581 0.201050 0.433275
53.000000 0.341468 0.599160 0.125391 0.151753 0.568004 0.486020 0.201272 0.435123
53.200000 0.341421 0.600392 0.125484 0.151910 0.570443 0.486274 0.201640 0.436562
53.400000 0.341530 0.601576 0.125589 0.152068 0.572804 0.486440 0.202041 0.438587
53.600000 0.341602 0.602744 0.125750 0.152266 0.575111 0.486829 0.202416 0.440303
53.800000 0.341367 0.603783 0.125822 0.152330 0.577418 0.486761 0.202760 0.442119
54.000000 0.341339 0.604918 0.125894 0.152396 0.579556 0.486938 0.203004 0.443724
54.200000 0.341542 0.606048 0.126172 0.152651 0.582081 0.487330 0.203271 0.445496
54.400000 0.341363 0.606783 0.126202 0.152849 0.584252 0.487351 0.203799 0.447148
54.600000 0.341272 0.608087 0.126250 0.153038 0.586431 0.487523 0.204105 0.448814
54.800000 0.341273 0.608999 0.126494 0.153192 0.588679 0.487869 0.204402 0.450479
55.000000 0.341144 0.609631 0.126633 0.153205 0.590704 0.487918 0.204731 0.452048
55.200000 0.341125 0.610898 0.126506 0.153202 0.592865 0.488250 0.205032 0.453588
55.400000 0.340888 0.611735 0.126820 0.153456 0.594940 0.488494 0.205261 0.455259
55.600000 0.340866 0.612509 0.127050 0.153480 0.596942 0.488501 0.205366 0.456548
55.800000 0.340705 0.613607 0.126966 0.153748 0.599028 0.488839 0.205905 0.458336
56.000000 0.340296 0.614224 0.126955 0.153920 0.600913 0.488958 0.206012 0.459807
56.200000 0.340395 0.615149 0.127110 0.154237 0.602973 0.489342 0.206388 0.461363
56.400000 0.340170 0.616434 0.127342 0.154209 0.605612 0.489512 0.206831 0.463299
56.600000 0.339975 0.617009 0.127543 0.154397 0.607539 0.489503 0.207079 0.464777
56.800000 0.340098 0.617707 0.127656 0.154393 0.609418 0.489910 0.207219 0.466213
57.000000 0.340049 0.618323 0.127485 0.154566 0.611196 0.490033 0.207602 0.467529
57.200000 0.339996 0.618957 0.127831 0.154712 0.612804 0.490224 0.207689 0.469049
57.400000 0.339966 0.619367 0.127779 0.154704 0.614744 0.490359 0.208045 0.470242
57.600000 0.339918 0.620416 0.127803 0.154790 0.616481 0.490605 0.208414 0.471497
57.800000 0.340036 0.620946 0.128069 0.154946 0.618239 0.490820 0.208665 0.472977
58.000000 0.340061 0.621455 0.128055 0.154891 0.620037 0.490950 0.208641 0.474317
58.200000 0.340145 0.622150 0.128049 0.155171 0.621719 0.491139 0.209186 0.475612
58.400000 0.340112 0.622534 0.128257 0.155184 0.623036 0.491469 0.209286 0.476837
58.600000 0.340200 0.623223 0.128421 0.155409 0.624864 0.491588 0.209597 0.477917
58.800000 0.340129 0.623840 0.128381 0.155419 0.626672 0.491520 0.209717 0.479405
59.000000 0.340185 0.624381 0.128341 0.155554 0.628172 0.491819 0.209819 0.480361
59.200000 0.340143 0.624980 0.128548 0.155611 0.629687 0.492135 0.210178 0.481771
59.400000 0.340190 0.625166 0.128409 0.155630 0.631343 0.492401 0.210354 0.482909
59.600000 0.340246 0.625677 0.128714 0.155938 0.632858 0.492284 0.210436 0.483759
59.800000 0.340077 0.626347 0.128906 0.156062 0.634419 0.492625 0.210614 0.485253
60.000000 0.339998 0.626767 0.128893 0.156038 0.635951 0.492765 0.210742 0.486533
60.200000 0.339993 0.627193 0.128908 0.155987 0.637474 0.493116 0.211327 0.487546
60.400000 0.340086 0.627692 0.129014 0.156107 0.638762 0.493280 0.211346 0.488719
60.600000 0.340080 0.628020 0.129079 0.156230 0.640220 0.493410 0.211508 0.489671
60.800000 0.340268 0.628527 0.129188 0.156295 0.641477 0.493534 0.211678 0.490753
61.000000 0.340124 0.629017 0.129296 0.156471 0.643119 0.493757 0.211878 0.492075
61.200000 0.340167 0.629692 0.129371 0.156469 0.644399 0.494051 0.212072 0.493131
61.400000 0.340095 0.629801 0.129344 0.156680 0.645819 0.493972 0.212218 0.494197
61.600000 0.340267 0.630483 0.129514 0.156635 0.647284 0.494279 0.212167 0.495210
61.800000 0.340090 0.630716 0.129576 0.156850 0.648592 0.494454 0.212621 0.496098
62.000000 0.340077 0.631083 0.129641 0.156934 0.650006 0.494683 0.212790 0.497350
62.200000 0.340052 0.631503 0.129692 0.157102 0.651164 0.494713 0.212975 0.498302
62.400000 0.340048 0.632089 0.129704 0.157154 0.652749 0.495033 0.213153 0.499456
62.600000 0.340070 0.632222 0.129700 0.157250 0.654401 0.495344 0.213428 0.500760
62.800000 0.339693 0.632643 0.130046 0.157286 0.655398 0.495323 0.213558 0.501560
63.000000 0.339746 0.632960 0.129990 0.157457 0.656856 0.495486 0.213477 0.502809
63.200000 0.339688 0.633181 0.129982 0.157238 0.658085 0.495672 0.213863 0.503390
63.400000 0.339572 0.634000 0.130206 0.157440 0.659057 0.495988 0.214062 0.504452
63.600000 0.339493 0.634227 0.130280 0.157643 0.660325 0.496089 0.213944 0.505310
63.800000 0.339286 0.634232 0.130448 0.157649 0.661364 0.496071 0.214192 0.506172
64.000000 0.339069 0.634763 0.130404 0.157754 0.662519 0.496420 0.214520 0.507038
64.200000 0.339132 0.635123 0.130429 0.157884 0.663679 0.496739 0.214662 0.508112
64.400000 0.338925 0.635256 0.130363 0.157911 0.664807 0.496823 0.214568 0.508815
64.600000 0.338754 0.635413 0.130485 0.157941 0.665770 0.497109 0.214978 0.509514
64.800000 0.338624 0.635750 0.130862 0.158002 0.666721 0.497253 0.214939 0.510502
65.000000 0.338496 0.636049 0.130764 0.158223 0.667916 0.497162 0.215089 0.511457
65.200000 0.338394 0.636372 0.130854 0.158108 0.668880 0.497482 0.215215 0.512207
65.400000 0.338199 0.636686 0.130675 0.158187 0.669949 0.497882 0.215278 0.512875
65.600000 0.338076 0.636798 0.130789 0.158138 0.670883 0.497744 0.215425 0.513634
65.800000 0.337726 0.637276 0.130917 0.158356 0.671737 0.498123 0.215513 0.514253
66.000000 0.337829 0.637468 0.130903 0.158373 0.672911 0.498070 0.215667 0.515031
66.200000 0.337800 0.637361 0.130804 0.158234 0.673573 0.498300 0.215549 0.515765
66.400000 0.337711 0.637745 0.131009 0.158444 0.674591 0.498580 0.215762 0.516554
66.600000 0.337575 0.637834 0.131143 0.158548 0.675481 0.498754 0.215955 0.517254
66.800000 0.337435 0.638037 0.131126 0.158451 0.676400 0.498740 0.216008 0.517758
67.000000 0.337442 0.638146 0.131161 0.158564 0.677146 0.499050 0.216179 0.518499
67.200000 0.337277 0.638229 0.131032 0.158637 0.678234 0.499248 0.216228 0.519180
67.400000 0.337259 0.638536 0.131355 0.158653 0.678987 0.499379 0.216320 0.519892
67.600000 0.337290 0.638520 0.131104 0.158778 0.679634 0.499431 0.216394 0.520518
67.800000 0.337077 0.638629 0.131277 0.158795 0.680252 0.499403 0.216488 0.521222
68.000000 0.337086 0.639022 0.131275 0.158704 0.681340 0.499917 0.216594 0.521818
68.200000 0.337018 0.638760 0.131258 0.158724 0.681942 0.500011 0.216636 0.522350
68.400000 0.337129 0.639183 0.131512 0.158865 0.682791 0.500173 0.216932 0.523147
68.600000 0.337129 0.639113 0.131410 0.158708 0.683488 0.500454 0.216700 0.523670
68.800000 0.337089 0.639060 0.131428 0.159100 0.684403 0.500387 0.216857 0.524253
69.000000 0.337117 0.639266 0.131549 0.159097 0.685145 0.500382 0.217041 0.525009
69.200000 0.337121 0.639560 0.131574 0.158899 0.685765 0.500811 0.216993 0.525414
69.400000 0.337164 0.639908 0.131382 0.159031 0.686627 0.500876 0.217373 0.525982
69.600000 0.337130 0.639659 0.131643 0.159236 0.687137 0.501055 0.217254 0.526543
69.800000 0.337163 0.639845 0.131609 0.159171 0.687964 0.501102 0.217344 0.527123
70.000000 0.337069 0.639952 0.131643 0.159278 0.688503 0.501397 0.217368 0.527535
70.200000 0.337210 0.640000 0.131738 0.159078 0.689531 0.501632 0.217477 0.528234
70.400000 0.337178 0.640051 0.131781 0.159177 0.689858 0.501589 0.217297 0.528585
70.600000 0.337070 0.640397 0.131805 0.159386 0.690764 0.501818 0.217583 0.529249
70.800000 0.337284 0.640259 0.131977 0.159302 0.691407 0.502062 0.217697 0.529932
71.000000 0.337242 0.640516 0.131893 0.159338 0.692073 0.502016 0.217767 0.530336
71.200000 0.337299 0.640441 0.131935 0.159305 0.692622 0.502355 0.217839 0.530984
71.400000 0.337346 0.640603 0.131980 0.159377 0.693254 0.502597 0.217923 0.531269
71.600000 0.337341 0.640827 0.131874 0.159472 0.693984 0.502716 0.217981 0.531842
71.800000 0.337467 0.640969 0.132089 0.159555 0.694879 0.502809 0.217918 0.532398
72.000000 0.337487 0.641107 0.132073 0.159562 0.695226 0.503022 0.218050 0.532765
72.200000 0.337501 0.641100 0.132122 0.159498 0.695784 0.503128 0.218193 0.533378
72.400000 0.337443 0.641205 0.132185 0.159747 0.696687 0.503339 0.218335 0.533866
72.600000 0.337666 0.641352 0.132173 0.159733 0.697207 0.503607 0.218451 0.534324
72.800000 0.337565 0.641464 0.132257 0.159619 0.697925 0.503618 0.218320 0.534814
73.000000 0.337817 0.641336 0.132402 0.159910 0.698387 0.503622 0.218392 0.535221
73.200000 0.337820 0.641772 0.132388 0.159997 0.698872 0.503843 0.218404 0.535779
73.400000 0.337691 0.641834 0.132374 0.159805 0.699551 0.504133 0.218428 0.536262
73.600000 0.337672 0.642088 0.132218 0.160062 0.700058 0.504148 0.218499 0.536434
73.800000 0.337672 0.642181 0.132515 0.160059 0.700713 0.504398 0.218509 0.537208
74.000000 0.337752 0.642374 0.132521 0.160202 0.701383 0.504314 0.218703 0.537772
74.200000 0.337650 0.642414 0.132739 0.160147 0.701863 0.504485 0.218785 0.538061
74.400000 0.337592 0.642631 0.132643 0.160160 0.702444 0.504670 0.218872 0.538403
74.600000 0.337494 0.642809 0.132627 0.160086 0.703291 0.504883 0.218945 0.539230
74.800000 0.337419 0.642818 0.132697 0.160363 0.703843 0.505130 0.218886 0.539579
75.000000 0.337335 0.643084 0.132704 0.160274 0.704253 0.505502 0.219016 0.539927
75.200000 0.337362 0.643207 0.132764 0.160319 0.704596 0.505478 0.219076 0.540413
75.400000 0.337352 0.643269 0.132763 0.160233 0.705236 0.505654 0.218979 0.540884
75.600000 0.337299 0.643372 0.132851 0.160251 0.705628 0.505533 0.219086 0.541114
75.800000 0.337259 0.643589 0.132943 0.160433 0.706273 0.505770 0.219115 0.541675
76.000000 0.337367 0.643572 0.132947 0.160424 0.706897 0.506101 0.219239 0.541933
76.200000 0.337253 0.643713 0.133004 0.160635 0.707445 0.506198 0.218998 0.542548
76.400000 0.337222 0.643833 0.132961 0.160546 0.707889 0.506527 0.219124 0.542762
76.600000 0.337192 0.643900 0.132961 0.160536 0.708425 0.506534 0.219337 0.543254
76.800000 0.336934 0.644003 0.133073 0.160730 0.708734 0.506513 0.219311 0.543518
77.000000 0.337133 0.644294 0.133125 0.160605 0.709532 0.506609 0.219274 0.543930
77.200000 0.336956 0.644253 0.133209 0.160587 0.709820 0.506749 0.219018 0.544344
77.400000 0.336914 0.644368 0.133157 0.160772 0.710256 0.507036 0.219488 0.544733
77.600000 0.337043 0.644401 0.133121 0.160724 0.710689 0.507198 0.219571 0.544949
77.800000 0.336811 0.644431 0.133150 0.160971 0.711141 0.507329 0.219622 0.545572
78.000000 0.336542 0.644275 0.133167 0.160873 0.711401 0.507395 0.219441 0.545662
78.200000 0.336461 0.644732 0.133273 0.160770 0.711964 0.507528 0.219528 0.546145
78.400000 0.336449 0.644766 0.133452 0.160905 0.712431 0.507755 0.219656 0.546447
78.600000 0.336211 0.644987 0.133249 0.160970 0.712667 0.468757 0.219638 0.546751
78.800000 0.336207 0.644980 0.133375 0.161098 0.713051 0.507988 0.219717 0.547032
79.000000 0.336023 0.645044 0.133405 0.160866 0.713652 0.508257 0.219677 0.547228
79.200000 0.336145 0.645066 0.133434 0.160995 0.713964 0.508149 0.219623 0.547895
79.400000 0.336058 0.645202 0.133476 0.161037 0.714374 0.508344 0.219787 0.547816
79.600000 0.335855 0.644850 0.133424 0.161011 0.714633 0.508498 0.219818 0.548185
79.800000 0.335913 0.645036 0.133411 0.160993 0.714982 0.508578 0.219795 0.548291
80.000000 0.335748 0.645064 0.133372 0.160991 0.715469 0.508694 0.219935 0.548950
80.200000 0.335968 0.645280 0.133587 0.161075 0.715650 0.508987 0.219871 0.549082
80.400000 0.336066 0.645380 0.134075 0.161091 0.716104 0.509065 0.219980 0.549503
80.600000 0.336096 0.645425 0.133517 0.160975 0.716402 0.509086 0.219947 0.549651
80.800000 0.336018 0.645332 0.133587 0.161171 0.716926 0.509192 0.219949 0.550000
81.000000 0.336056 0.645362 0.133554 0.161180 0.717254 0.509587 0.220027 0.550326
81.200000 0.336114 0.645574 0.133694 0.161206 0.717558 0.509497 0.220091 0.550482
81.400000 0.336047 0.645565 0.133820 0.161194 0.717871 0.509792 0.220055 0.550693
81.600000 0.336095 0.645548 0.133710 0.161164 0.718159 0.509945 0.219913 0.551111
81.800000 0.335984 0.645565 0.133694 0.161416 0.718399 0.510042 0.220159 0.551329
82.000000 0.336142 0.645663 0.133963 0.161246 0.718632 0.510070 0.219880 0.551639
82.200000 0.335982 0.645601 0.133849 0.161363 0.719063 0.510160 0.220169 0.551757
82.400000 0.335919 0.645819 0.133871 0.161346 0.719465 0.510431 0.220103 0.552129
82.600000 0.335757 0.645948 0.134051 0.161293 0.719625 0.510550 0.220203 0.552229
82.800000 0.335772 0.645983 0.134006 0.161167 0.719942 0.510769 0.220209 0.552421
83.000000 0.335721 0.645771 0.133951 0.161514 0.720258 0.510593 0.220060 0.552978
83.200000 0.335578 0.645911 0.133997 0.161341 0.720816 0.510936 0.220250 0.552983
83.400000 0.335400 0.645918 0.134110 0.161622 0.720874 0.510958 0.220215 0.552989
83.600000 0.335518 0.646156 0.134105 0.161372 0.721193 0.511206 0.220267 0.553495
83.800000 0.335539 0.645925 0.134066 0.161329 0.721461 0.511180 0.220237 0.553626
84.000000 0.335282 0.646144 0.134057 0.161349 0.721637 0.511421 0.220286 0.553884
84.200000 0.335185 0.646072 0.134223 0.161392 0.721973 0.511449 0.220286 0.554023
84.400000 0.335115 0.646148 0.134248 0.161443 0.722263 0.511659 0.220284 0.554287
84.600000 0.335057 0.646069 0.134110 0.161588 0.722373 0.511662 0.220374 0.554470
84.800000 0.334861 0.646111 0.133999 0.161520 0.722687 0.511898 0.220315 0.554643
85.000000 0.334666 0.645935 0.134165 0.161724 0.722971 0.512067 0.220384 0.554865
85.200000 0.334690 0.646360 0.134133 0.161563 0.723206 0.512210 0.220228 0.555037
85.400000 0.334606 0.646195 0.134136 0.161474 0.723426 0.512301 0.220414 0.555146
85.600000 0.334476 0.646344 0.134239 0.161535 0.723426 0.512381 0.220348 0.555371
85.800000 0.334435 0.646321 0.134041 0.161726 0.723839 0.512508 0.220213 0.555683
86.000000 0.334253 0.646024 0.134137 0.161527 0.723910 0.512603 0.220349 0.555673
86.200000 0.334232 0.646117 0.134134 0.161558 0.724187 0.512647 0.220403 0.555829
86.400000 0.334030 0.646202 0.134133 0.161542 0.724347 0.512818 0.220329 0.556144
86.600000 0.334190 0.646443 0.134389 0.161565 0.724565 0.512914 0.220248 0.556316
86.800000 0.334030 0.645969 0.134203 0.161368 0.724680 0.512988 0.220297 0.556431
87.000000 0.334044 0.645933 0.134229 0.161545 0.724374 0.513218 0.220251 0.556383
87.200000 0.334195 0.646077 0.134417 0.161634 0.725125 0.513445 0.220391 0.556762
87.400000 0.334238 0.646045 0.134183 0.161451 0.725259 0.513420 0.220237 0.556679
87.600000 0.334197 0.645768 0.134141 0.161505 0.725806 0.513560 0.220454 0.557057
87.800000 0.334325 0.646142 0.134372 0.161562 0.725764 0.513493 0.220410 0.556946
88.000000 0.334254 0.645971 0.134462 0.161136 0.725862 0.513726 0.220481 0.557205
88.200000 0.334272 0.645834 0.134316 0.161452 0.726305 0.513768 0.220402 0.557369
88.400000 0.334311 0.645925 0.134341 0.161910 0.726453 0.513937 0.220372 0.557548
88.600000 0.334204 0.645795 0.134311 0.161589 0.726447 0.514197 0.220374 0.557846
88.800000 0.334408 0.645765 0.134344 0.161445 0.726715 0.513958 0.220397 0.557765
89.000000 0.334435 0.646004 0.134386 0.161678 0.726935 0.514285 0.220445 0.557926
89.200000 0.334324 0.645772 0.134333 0.161573 0.727004 0.514441 0.220422 0.558065
89.400000 0.334624 0.645484 0.134301 0.161721 0.727343 0.514381 0.220413 0.558282
89.600000 0.334404 0.646012 0.134280 0.161519 0.727395 0.514672 0.220402 0.558338
89.800000 0.334691 0.645651 0.134486 0.161592 0.727829 0.514714 0.220449 0.558488
90.000000 0.334684 0.646003 0.134475 0.161684 0.727879 0.514947 0.220408 0.558906
