0.200000 0.042712 0.280333 0.109845 0.119487 0.206739 0.346486 0.129946 0.182889
0.400000 0.042592 0.280150 0.109966 0.119607 0.206481 0.346601 0.129902 0.182589
0.600000 0.042692 0.279976 0.109822 0.119288 0.206143 0.346466 0.129849 0.182386
0.800000 0.042604 0.279981 0.109904 0.119556 0.205926 0.346537 0.129848 0.182269
1.000000 0.042605 0.279431 0.109763 0.119575 0.205747 0.346513 0.129746 0.182091
1.200000 0.042650 0.279583 0.109984 0.119463 0.205421 0.346430 0.129681 0.181791
1.400000 0.042592 0.279238 0.109966 0.119341 0.205117 0.346323 0.129640 0.181769
1.600000 0.042573 0.279287 0.109832 0.119411 0.205014 0.346281 0.129582 0.181466
1.800000 0.042601 0.279356 0.110003 0.119389 0.204890 0.346506 0.129361 0.181373
2.000000 0.042608 0.279197 0.109891 0.119411 0.204492 0.346329 0.129465 0.181211
2.200000 0.042533 0.278982 0.109858 0.119218 0.204392 0.346343 0.129434 0.181035
2.400000 0.042440 0.278891 0.109750 0.119391 0.203894 0.346238 0.129383 0.180891
2.600000 0.042589 0.278757 0.109975 0.119437 0.203893 0.346261 0.129360 0.180743
2.800000 0.042626 0.278719 0.109969 0.119283 0.203768 0.346253 0.129263 0.180610
3.000000 0.042439 0.278642 0.109863 0.119272 0.203682 0.346204 0.129367 0.180407
3.200000 0.042564 0.278475 0.109794 0.119181 0.203304 0.346219 0.129133 0.180082
3.400000 0.042580 0.278367 0.109730 0.119292 0.203168 0.346149 0.129102 0.180173
3.600000 0.042676 0.278361 0.109863 0.119233 0.203086 0.346139 0.128943 0.179905
3.800000 0.042564 0.278285 0.109807 0.119160 0.202579 0.346218 0.129050 0.179813
4.000000 0.042546 0.277869 0.109725 0.119080 0.202401 0.346019 0.128861 0.179569
4.200000 0.042709 0.278164 0.109946 0.119304 0.202358 0.346037 0.128790 0.179551
4.400000 0.042557 0.278007 0.109783 0.119086 0.202051 0.345768 0.128828 0.179245
4.600000 0.042566 0.277862 0.109838 0.119087 0.201964 0.345845 0.128836 0.179032
4.800000 0.042519 0.277649 0.109844 0.118963 0.201706 0.345974 0.128645 0.178968
5.000000 0.042568 0.277618 0.109807 0.119128 0.201563 0.345838 0.128703 0.178742
5.200000 0.042540 0.277489 0.109860 0.118989 0.201327 0.345975 0.128685 0.178531
5.400000 0.042700 0.277511 0.109717 0.118883 0.200974 0.345857 0.128636 0.178443
5.600000 0.042528 0.277284 0.109921 0.119008 0.200884 0.345795 0.128599 0.178326
5.800000 0.042529 0.277374 0.109821 0.118872 0.200683 0.345859 0.128543 0.178210
6.000000 0.042530 0.277244 0.109819 0.118971 0.200587 0.345794 0.128621 0.178033
6.200000 0.042545 0.277118 0.109783 0.118966 0.200450 0.345802 0.128452 0.177869
6.400000 0.042533 0.277061 0.109823 0.118999 0.200045 0.345819 0.128387 0.177739
6.600000 0.042518 0.276934 0.109654 0.118908 0.200042 0.345619 0.128306 0.177331
6.800000 0.042558 0.276765 0.109811 0.119008 0.199614 0.345746 0.128398 0.177312
7.000000 0.042499 0.276673 0.109826 0.118772 0.199573 0.345669 0.128058 0.177193
7.200000 0.042515 0.276536 0.109836 0.118587 0.199190 0.345599 0.128239 0.176975
7.400000 0.042506 0.276477 0.109924 0.118840 0.199240 0.345523 0.128208 0.176911
7.600000 0.042502 0.276411 0.109776 0.118631 0.198916 0.345557 0.128078 0.176727
7.800000 0.042516 0.276089 0.109838 0.118731 0.198604 0.345488 0.127886 0.176573
8.000000 0.042517 0.276105 0.109599 0.118861 0.198668 0.345515 0.128018 0.176461
8.200000 0.042523 0.276049 0.109764 0.118615 0.198348 0.345355 0.127931 0.176302
8.400000 0.042489 0.276177 0.109628 0.118709 0.198152 0.345469 0.127780 0.176178
8.600000 0.042485 0.275741 0.109767 0.118836 0.197974 0.345333 0.127777 0.176029
8.800000 0.042492 0.275828 0.109441 0.118663 0.197693 0.345448 0.127741 0.175810
9.000000 0.042511 0.275815 0.109788 0.118622 0.197532 0.345326 0.127785 0.175714
9.200000 0.042475 0.275662 0.109806 0.118555 0.197396 0.345351 0.127845 0.175596
9.400000 0.042506 0.275448 0.109771 0.118563 0.197263 0.345342 0.127507 0.175425
9.600000 0.042484 0.275484 0.109856 0.118296 0.197083 0.345284 0.127643 0.175473
9.800000 0.042382 0.275325 0.109788 0.118482 0.196975 0.345230 0.127575 0.175164
10.000000 0.042495 0.275158 0.109727 0.118529 0.196764 0.345404 0.127711 0.175085
10.200000 0.042455 0.275244 0.109684 0.118485 0.196401 0.345290 0.127494 0.174871
10.400000 0.042490 0.275081 0.109711 0.118150 0.196292 0.345280 0.127462 0.174741
10.600000 0.042436 0.274818 0.109669 0.118529 0.196167 0.345004 0.127454 0.174624
10.800000 0.042446 0.274960 0.109810 0.118269 0.195955 0.345004 0.127348 0.174449
11.000000 0.042547 0.274817 0.109622 0.118308 0.195771 0.345103 0.127286 0.174298
11.200000 0.042452 0.274699 0.109692 0.118347 0.195744 0.345079 0.127295 0.174218
11.400000 0.042439 0.274769 0.109730 0.118262 0.195468 0.344942 0.127106 0.174057
11.600000 0.042431 0.274648 0.109607 0.118316 0.195295 0.345111 0.127000 0.173906
11.800000 0.042421 0.274370 0.109680 0.118322 0.195085 0.344890 0.127192 0.173826
12.000000 0.042279 0.274470 0.109565 0.118259 0.194790 0.344891 0.127137 0.173552
12.200000 0.042431 0.274322 0.109631 0.118405 0.194744 0.344849 0.127063 0.173498
12.400000 0.042430 0.274295 0.109704 0.118324 0.194615 0.344871 0.127044 0.173230
12.600000 0.042444 0.274291 0.109703 0.118200 0.194343 0.344890 0.127053 0.173236
12.800000 0.042430 0.274199 0.109493 0.118200 0.194230 0.344883 0.127006 0.173092
13.000000 0.042561 0.274152 0.109833 0.118180 0.194205 0.344781 0.126916 0.172967
13.200000 0.042285 0.273851 0.109704 0.118122 0.193925 0.344775 0.126910 0.172957
13.400000 0.042391 0.273919 0.109832 0.118178 0.193856 0.344880 0.126835 0.172585
13.600000 0.042245 0.273960 0.109700 0.118135 0.193605 0.344744 0.126693 0.172637
13.800000 0.042276 0.274033 0.109596 0.118024 0.193463 0.344609 0.126745 0.172570
14.000000 0.042415 0.273880 0.109541 0.118240 0.193300 0.344617 0.126779 0.172414
14.200000 0.042387 0.273778 0.109578 0.118086 0.193107 0.344631 0.126664 0.172291
14.400000 0.042417 0.273795 0.109562 0.117952 0.192985 0.344725 0.126549 0.172165
14.600000 0.042409 0.273888 0.109648 0.118011 0.192957 0.344589 0.126656 0.172011
14.800000 0.042413 0.273731 0.109704 0.118087 0.192661 0.344440 0.126610 0.171881
15.000000 0.042413 0.273514 0.109701 0.118046 0.192591 0.344476 0.126568 0.171807
15.200000 0.042401 0.273413 0.109667 0.118046 0.192527 0.344694 0.126352 0.171676
15.400000 0.042297 0.273374 0.109695 0.118041 0.192202 0.344537 0.126310 0.171511
15.600000 0.042392 0.273135 0.109683 0.117913 0.192079 0.344493 0.126346 0.171417
15.800000 0.042417 0.273284 0.109653 0.117878 0.192006 0.344427 0.126418 0.171208
16.000000 0.042303 0.273051 0.109643 0.117866 0.191759 0.344302 0.126196 0.171054
16.200000 0.042388 0.273030 0.109691 0.118077 0.191562 0.344515 0.126200 0.171076
16.400000 0.042404 0.273011 0.109661 0.117869 0.191524 0.344248 0.126218 0.170967
16.600000 0.042401 0.273073 0.109655 0.117801 0.191492 0.344373 0.126285 0.170771
16.800000 0.042374 0.272959 0.109657 0.118011 0.191245 0.344362 0.126340 0.170810
17.000000 0.042298 0.272768 0.109649 0.117921 0.191177 0.344319 0.126220 0.170663
17.200000 0.042364 0.272714 0.109594 0.117877 0.190942 0.344284 0.126131 0.170535
17.400000 0.042371 0.272539 0.109668 0.117940 0.190836 0.344276 0.126173 0.170426
17.600000 0.042388 0.272653 0.109434 0.117540 0.190699 0.344171 0.125929 0.170331
17.800000 0.042375 0.272499 0.109620 0.117840 0.190464 0.344136 0.126054 0.170203
18.000000 0.042251 0.272465 0.109628 0.117756 0.190177 0.344170 0.125897 0.170053
18.200000 0.042369 0.272425 0.109611 0.117764 0.190405 0.344187 0.125941 0.170122
18.400000 0.042370 0.272363 0.109559 0.117810 0.189979 0.344105 0.125968 0.169971
18.600000 0.042368 0.272112 0.109576 0.117707 0.189918 0.344040 0.125853 0.169740
18.800000 0.042387 0.272270 0.109627 0.117992 0.189673 0.344170 0.125965 0.169545
19.000000 0.042328 0.272182 0.109614 0.117592 0.189606 0.344047 0.125787 0.169524
19.200000 0.042320 0.272060 0.109648 0.117564 0.189402 0.344074 0.125778 0.169251
19.400000 0.042334 0.272012 0.109421 0.117540 0.189310 0.343959 0.125602 0.169231
19.600000 0.042357 0.272061 0.109631 0.117553 0.189128 0.344042 0.125731 0.169196
19.800000 0.042354 0.271786 0.109701 0.117638 0.189021 0.343928 0.125658 0.168816
20.000000 0.042290 0.271609 0.109708 0.117583 0.188878 0.343902 0.125690 0.169057
20.200000 0.042355 0.271780 0.109580 0.117459 0.188900 0.344048 0.125682 0.168878
20.400000 0.042356 0.271673 0.109687 0.117633 0.188648 0.343809 0.125554 0.168718
20.600000 0.042362 0.271466 0.109470 0.117583 0.188457 0.343704 0.125489 0.168753
20.800000 0.042285 0.271429 0.109701 0.117549 0.188499 0.343824 0.125490 0.168516
21.000000 0.042291 0.271340 0.109570 0.117596 0.188216 0.343826 0.125476 0.168306
21.200000 0.042320 0.271254 0.109468 0.117580 0.188074 0.343751 0.125577 0.168340
21.400000 0.042344 0.271232 0.109490 0.117460 0.187901 0.343738 0.125324 0.168208
21.600000 0.042315 0.270889 0.109612 0.117481 0.187982 0.343742 0.125300 0.168083
21.800000 0.042309 0.271117 0.109488 0.117367 0.187658 0.343524 0.125573 0.167974
22.000000 0.042306 0.270917 0.109424 0.117427 0.187568 0.343497 0.125468 0.167897
22.200000 0.042316 0.271081 0.109671 0.117348 0.187392 0.343481 0.125397 0.167738
22.400000 0.042329 0.271083 0.109532 0.117535 0.187247 0.343560 0.125419 0.167764
22.600000 0.042303 0.270890 0.109441 0.117458 0.187122 0.343337 0.125233 0.167627
22.800000 0.042310 0.270811 0.109509 0.117351 0.187048 0.343373 0.125225 0.167496
23.000000 0.042304 0.270827 0.109519 0.117364 0.186867 0.343375 0.125162 0.167439
23.200000 0.042295 0.270826 0.109710 0.117341 0.186697 0.343468 0.125262 0.167314
23.400000 0.042297 0.270585 0.109544 0.117205 0.186500 0.343377 0.125111 0.167192
23.600000 0.042394 0.270743 0.109544 0.117227 0.186503 0.343418 0.125113 0.167095
23.800000 0.042295 0.270801 0.109541 0.117456 0.186456 0.343349 0.125090 0.167020
24.000000 0.042191 0.270510 0.109550 0.117309 0.186182 0.343180 0.124980 0.166848
24.200000 0.042310 0.270410 0.109497 0.117326 0.186113 0.343206 0.124861 0.166831
24.400000 0.042269 0.270814 0.109502 0.117272 0.186017 0.343208 0.124905 0.166700
24.600000 0.042311 0.271088 0.109493 0.117325 0.185731 0.343197 0.124961 0.166575
24.800000 0.042324 0.271257 0.109308 0.156238 0.185766 0.343255 0.124908 0.166510
25.000000 0.042189 0.271016 0.109296 0.117330 0.185620 0.343266 0.124872 0.166399
25.200000 0.042127 0.271127 0.109444 0.117210 0.185391 0.342785 0.124806 0.166281
25.400000 0.042289 0.270379 0.109526 0.117158 0.185261 0.343161 0.124933 0.166219
25.600000 0.042285 0.270025 0.109335 0.078262 0.185274 0.343142 0.124773 0.166147
25.800000 0.042293 0.270166 0.109515 0.117140 0.185124 0.343124 0.124757 0.165888
26.000000 0.042247 0.270103 0.109606 0.078170 0.185033 0.343125 0.124754 0.165963
26.200000 0.042324 0.270293 0.109466 0.117159 0.184708 0.343063 0.124737 0.165811
26.400000 0.042379 0.270372 0.109510 0.117122 0.184723 0.343128 0.124644 0.165763
26.600000 0.042319 0.270249 0.109501 0.116904 0.184512 0.342865 0.124622 0.165626
26.800000 0.042415 0.270142 0.109455 0.117071 0.184504 0.342882 0.124576 0.165550
27.000000 0.042272 0.270220 0.109406 0.117177 0.184202 0.342985 0.124584 0.165475
27.200000 0.042405 0.270132 0.109437 0.117003 0.184242 0.342975 0.124649 0.165481
27.400000 0.042221 0.269783 0.109496 0.116914 0.184129 0.342799 0.124602 0.165243
27.600000 0.042400 0.269811 0.109114 0.117180 0.183936 0.342953 0.124636 0.165393
27.800000 0.042248 0.269870 0.109471 0.116994 0.183901 0.342798 0.124648 0.164983
28.000000 0.042381 0.269877 0.109433 0.117031 0.183902 0.342788 0.124586 0.164960
28.200000 0.042273 0.269519 0.109544 0.117000 0.183865 0.342783 0.124444 0.165016
28.400000 0.042418 0.269746 0.109448 0.116937 0.183677 0.342742 0.124403 0.164775
28.600000 0.042265 0.269765 0.109480 0.116959 0.183461 0.342783 0.124378 0.164734
28.800000 0.042252 0.269358 0.109447 0.116937 0.183356 0.342697 0.124326 0.164625
29.000000 0.042357 0.269738 0.109469 0.116960 0.183195 0.342588 0.124343 0.164503
29.200000 0.042260 0.269278 0.109373 0.116921 0.183120 0.342605 0.124284 0.164429
29.400000 0.042255 0.269381 0.109460 0.116903 0.182854 0.342652 0.124211 0.164440
29.600000 0.042403 0.269182 0.109420 0.117015 0.182844 0.342600 0.124244 0.164299
29.800000 0.042120 0.268936 0.109416 0.116831 0.182667 0.342459 0.124195 0.164148
30.000000 0.042236 0.268851 0.109508 0.116990 0.182537 0.342434 0.124136 0.164038
30.200000 0.042399 0.268878 0.109284 0.116801 0.182499 0.342182 0.124183 0.163829
30.400000 0.042399 0.268725 0.109502 0.116862 0.182429 0.342512 0.124172 0.163897
30.600000 0.042119 0.268626 0.109441 0.116804 0.182204 0.342413 0.124021 0.163747
30.800000 0.042310 0.268765 0.109482 0.116744 0.182042 0.342461 0.123929 0.163759
31.000000 0.042378 0.268599 0.109349 0.116832 0.181915 0.342404 0.124171 0.163850
31.200000 0.042570 0.268640 0.109411 0.116817 0.181903 0.342540 0.124098 0.163613
31.400000 0.042605 0.268510 0.109431 0.116878 0.181751 0.342293 0.123937 0.163427
31.600000 0.042766 0.268342 0.109529 0.116785 0.181687 0.342358 0.123990 0.163386
31.800000 0.042944 0.268360 0.109507 0.116625 0.181602 0.342336 0.124007 0.163361
32.000000 0.043097 0.268394 0.109490 0.116757 0.181500 0.342335 0.124026 0.163273
32.200000 0.043325 0.268320 0.109316 0.116810 0.181509 0.342307 0.124037 0.163257
32.400000 0.043543 0.268316 0.109550 0.116851 0.181490 0.342345 0.124052 0.163216
32.600000 0.043706 0.268554 0.109530 0.116819 0.181516 0.342382 0.123909 0.163211
32.800000 0.043908 0.268827 0.109541 0.116869 0.181485 0.342353 0.123924 0.163264
33.000000 0.044213 0.268767 0.109479 0.116744 0.181479 0.342339 0.124011 0.163146
33.200000 0.044324 0.268835 0.109514 0.116923 0.181599 0.342323 0.124099 0.163316
33.400000 0.044410 0.268770 0.109500 0.117034 0.181664 0.342332 0.124169 0.163294
33.600000 0.044767 0.268921 0.109635 0.117180 0.181800 0.342366 0.124288 0.163347
33.800000 0.044892 0.268835 0.109506 0.117158 0.181691 0.342265 0.124226 0.163393
34.000000 0.045120 0.269033 0.109332 0.117096 0.182052 0.342453 0.124323 0.163505
34.200000 0.045300 0.269076 0.109428 0.117063 0.182040 0.342303 0.124320 0.163688
34.400000 0.045383 0.269143 0.109603 0.156131 0.182342 0.342200 0.124509 0.163801
34.600000 0.045539 0.269575 0.109477 0.117269 0.182369 0.342317 0.124428 0.163923
34.800000 0.045725 0.269581 0.109437 0.117328 0.182786 0.342352 0.124503 0.163959
35.000000 0.045846 0.269212 0.109604 0.117373 0.183078 0.342350 0.124590 0.164239
35.200000 0.045990 0.269521 0.109609 0.117416 0.183194 0.342381 0.124651 0.164427
35.400000 0.046209 0.269888 0.109659 0.117626 0.183546 0.342304 0.124739 0.164551
35.600000 0.046197 0.270208 0.109608 0.117567 0.183453 0.342292 0.124669 0.164743
35.800000 0.046247 0.270221 0.109698 0.117666 0.183849 0.342314 0.124883 0.164835
36.000000 0.046351 0.269872 0.109655 0.117761 0.184140 0.342431 0.124899 0.164955
36.200000 0.046400 0.269964 0.109704 0.117728 0.184504 0.342525 0.124934 0.165330
36.400000 0.046351 0.269993 0.109614 0.117837 0.184541 0.342318 0.124995 0.165494
36.600000 0.046572 0.270304 0.109745 0.117889 0.184885 0.342482 0.125001 0.165691
36.800000 0.046633 0.270613 0.109686 0.117965 0.185229 0.342342 0.125186 0.165916
37.000000 0.046678 0.270776 0.109843 0.118036 0.185449 0.342634 0.125155 0.166107
37.200000 0.046734 0.271027 0.109628 0.118055 0.185791 0.342469 0.125319 0.166301
37.400000 0.046723 0.271378 0.109837 0.118268 0.186147 0.342608 0.125285 0.166626
37.600000 0.046700 0.271306 0.109842 0.118122 0.186612 0.342415 0.125548 0.166810
37.800000 0.046730 0.271796 0.109803 0.118371 0.187035 0.342488 0.125678 0.167219
38.000000 0.046906 0.272158 0.109797 0.118466 0.187226 0.342436 0.125731 0.167521
38.200000 0.046945 0.272422 0.109714 0.118515 0.187408 0.342438 0.125777 0.167575
38.400000 0.046976 0.272679 0.109941 0.118657 0.187916 0.342587 0.125861 0.167933
38.600000 0.046990 0.272869 0.109790 0.118650 0.188213 0.342573 0.125928 0.168172
38.800000 0.047024 0.272998 0.109810 0.118709 0.188572 0.342590 0.126152 0.168458
39.000000 0.047050 0.273370 0.109772 0.118858 0.188905 0.342636 0.126111 0.168741
39.200000 0.047077 0.273629 0.109866 0.118905 0.189264 0.342591 0.126095 0.168977
39.400000 0.047115 0.273998 0.109867 0.118916 0.189666 0.342674 0.126430 0.169114
39.600000 0.047030 0.274234 0.109735 0.118983 0.190013 0.342690 0.126489 0.169589
39.800000 0.047128 0.274767 0.110006 0.118869 0.190390 0.342415 0.126479 0.169881
40.000000 0.047010 0.274824 0.109779 0.119123 0.190733 0.342714 0.126537 0.170012
40.200000 0.047191 0.275127 0.109829 0.119321 0.191141 0.342758 0.126497 0.170456
40.400000 0.047184 0.275316 0.109920 0.119309 0.191477 0.342571 0.126709 0.170655
40.600000 0.047176 0.275697 0.109741 0.119272 0.191697 0.342531 0.126759 0.170945
40.800000 0.047241 0.276154 0.109892 0.119337 0.192252 0.342772 0.126877 0.171288
41.000000 0.047212 0.276399 0.109891 0.119562 0.192672 0.342802 0.126949 0.171585
41.200000 0.047244 0.276684 0.109954 0.119578 0.193106 0.342835 0.127103 0.171923
41.400000 0.047251 0.276998 0.109907 0.119484 0.193633 0.342831 0.127109 0.172201
41.600000 0.047289 0.277316 0.109984 0.119522 0.193848 0.343008 0.127115 0.172670
41.800000 0.047270 0.277763 0.109981 0.119724 0.194264 0.342873 0.127376 0.172835
42.000000 0.047278 0.277889 0.109864 0.119926 0.194588 0.342790 0.127497 0.173123
42.200000 0.047386 0.278374 0.110123 0.119870 0.195136 0.342730 0.127498 0.173457
42.400000 0.047157 0.278747 0.109873 0.120075 0.195531 0.342963 0.127706 0.173822
42.600000 0.047441 0.278983 0.109955 0.119987 0.195773 0.342956 0.127575 0.174074
42.800000 0.047401 0.279381 0.110035 0.119929 0.196304 0.342935 0.127531 0.174107
43.000000 0.047287 0.279717 0.110089 0.120227 0.196750 0.343049 0.127844 0.174804
43.200000 0.047351 0.279876 0.110059 0.120205 0.197008 0.342947 0.127912 0.174964
43.400000 0.047453 0.280395 0.109922 0.120124 0.197493 0.343033 0.127872 0.175402
43.600000 0.047351 0.280783 0.109877 0.120260 0.198007 0.343061 0.128105 0.175751
43.800000 0.047350 0.281188 0.110112 0.120282 0.198399 0.343128 0.128251 0.176173
44.000000 0.047448 0.281489 0.110049 0.120260 0.198823 0.342959 0.128452 0.176438
44.200000 0.047393 0.281697 0.110161 0.120423 0.199342 0.343076 0.128477 0.176706
44.400000 0.047343 0.282194 0.110137 0.120662 0.199882 0.343158 0.128486 0.177040
44.600000 0.047370 0.282512 0.110105 0.120254 0.200230 0.343143 0.128502 0.177563
44.800000 0.047367 0.282849 0.110025 0.120628 0.200664 0.343198 0.128709 0.177874
45.000000 0.047196 0.283093 0.110163 0.120702 0.200980 0.343061 0.128788 0.178170
45.200000 0.047391 0.283443 0.110253 0.120833 0.201785 0.343280 0.128932 0.178510
45.400000 0.047389 0.283866 0.110136 0.120808 0.201740 0.343262 0.129031 0.178810
45.600000 0.047568 0.284185 0.110154 0.120976 0.202445 0.343224 0.129169 0.179181
45.800000 0.047410 0.284617 0.110020 0.120936 0.202795 0.343297 0.129165 0.179517
46.000000 0.047392 0.284916 0.110230 0.120879 0.203209 0.343118 0.129137 0.179824
46.200000 0.047374 0.285087 0.110189 0.121012 0.203597 0.343196 0.129318 0.180180
46.400000 0.047433 0.285492 0.110081 0.121072 0.203878 0.343217 0.129339 0.180365
46.600000 0.047444 0.285831 0.110079 0.121026 0.204487 0.343260 0.129477 0.180665
46.800000 0.047434 0.286227 0.110188 0.121179 0.204902 0.343452 0.129567 0.180841
47.000000 0.047449 0.286441 0.110202 0.121413 0.205358 0.343201 0.129682 0.181494
47.200000 0.047437 0.286835 0.110229 0.121385 0.205607 0.343346 0.129747 0.181786
47.400000 0.047386 0.287216 0.110037 0.121305 0.206065 0.343183 0.129764 0.181962
47.600000 0.047431 0.287569 0.110154 0.121416 0.206469 0.343526 0.129954 0.182497
47.800000 0.047405 0.287716 0.110207 0.121432 0.206940 0.343471 0.129975 0.182779
48.000000 0.047600 0.287946 0.110172 0.121490 0.207390 0.343381 0.130100 0.183004
48.200000 0.047360 0.288459 0.110226 0.121469 0.207899 0.343526 0.130028 0.183548
48.400000 0.047518 0.288698 0.110168 0.121716 0.208221 0.343550 0.130275 0.183851
48.600000 0.047472 0.289062 0.110241 0.121660 0.208649 0.343517 0.130332 0.184126
48.800000 0.047316 0.289341 0.110272 0.121650 0.209033 0.343615 0.130400 0.184459
49.000000 0.047451 0.289674 0.110291 0.121785 0.209484 0.343520 0.130549 0.184766
49.200000 0.047305 0.290003 0.110328 0.121867 0.209876 0.343480 0.130599 0.185169
49.400000 0.047464 0.290114 0.110467 0.121913 0.210416 0.343602 0.130712 0.185467
49.600000 0.047336 0.290631 0.110359 0.121930 0.210829 0.343609 0.130732 0.185711
49.800000 0.047575 0.290699 0.110339 0.121794 0.211120 0.343593 0.130835 0.186080
50.000000 0.047607 0.291017 0.110310 0.121975 0.211552 0.343688 0.130785 0.186382
50.200000 0.047497 0.291518 0.110447 0.122067 0.212096 0.343710 0.131046 0.186772
50.400000 0.047475 0.291631 0.110463 0.122024 0.212347 0.343725 0.131220 0.187094
50.600000 0.047469 0.292046 0.110219 0.122076 0.212839 0.343711 0.131181 0.187615
50.800000 0.047438 0.292379 0.110369 0.122112 0.213144 0.343750 0.131205 0.187607
51.000000 0.047606 0.292655 0.110359 0.122191 0.213490 0.343704 0.131499 0.188221
51.200000 0.047479 0.292932 0.110402 0.122120 0.213992 0.343689 0.131442 0.188389
51.400000 0.047492 0.293216 0.110615 0.122365 0.214415 0.343650 0.131621 0.188730
51.600000 0.047197 0.293542 0.110340 0.122350 0.214810 0.343810 0.131574 0.189167
51.800000 0.047330 0.293716 0.110363 0.122226 0.215189 0.343891 0.131634 0.189513
52.000000 0.047600 0.294002 0.110316 0.122454 0.215747 0.343797 0.131744 0.189516
52.200000 0.047330 0.294251 0.110446 0.122469 0.215856 0.343874 0.131786 0.190056
52.400000 0.047503 0.294529 0.110429 0.122511 0.216453 0.343827 0.131885 0.190173
52.600000 0.047337 0.294660 0.110260 0.122376 0.216723 0.343898 0.132064 0.190665
52.800000 0.047469 0.295169 0.110327 0.122449 0.217226 0.343858 0.132085 0.190955
53.000000 0.047315 0.295516 0.110438 0.122609 0.217697 0.343952 0.132272 0.191262
53.200000 0.047459 0.295867 0.110469 0.122536 0.217974 0.344014 0.132214 0.191571
53.400000 0.047502 0.295832 0.110441 0.122684 0.218344 0.344051 0.132226 0.191907
53.600000 0.047469 0.296030 0.110397 0.122744 0.218705 0.343996 0.132359 0.192237
53.800000 0.047504 0.296351 0.110404 0.122740 0.219016 0.344017 0.132428 0.192498
54.000000 0.047509 0.296698 0.110344 0.122761 0.219492 0.344076 0.132517 0.192785
54.200000 0.047461 0.296914 0.110430 0.122778 0.219824 0.344065 0.132572 0.193095
54.400000 0.047485 0.297235 0.110419 0.122753 0.220261 0.344129 0.132661 0.193358
54.600000 0.047482 0.297607 0.110505 0.122702 0.220571 0.344126 0.132612 0.193710
54.800000 0.047514 0.297694 0.110500 0.122893 0.221016 0.344088 0.132858 0.194035
55.000000 0.047526 0.297985 0.110447 0.122970 0.221360 0.344176 0.132898 0.194266
55.200000 0.047531 0.298026 0.110332 0.123078 0.221849 0.344161 0.132932 0.194569
55.400000 0.047536 0.298435 0.110394 0.123120 0.222038 0.344226 0.133165 0.194810
55.600000 0.047532 0.298754 0.110350 0.122983 0.222371 0.344193 0.133120 0.194966
55.800000 0.047523 0.298808 0.110552 0.123232 0.222827 0.344192 0.133198 0.195321
56.000000 0.047575 0.299119 0.110492 0.123165 0.223210 0.344186 0.133216 0.195706
56.200000 0.047482 0.299285 0.110506 0.123003 0.223498 0.344336 0.133285 0.196025
56.400000 0.047500 0.299687 0.110383 0.123275 0.223879 0.344230 0.133458 0.196368
56.600000 0.047528 0.299848 0.110545 0.123158 0.224240 0.344375 0.133415 0.196675
56.800000 0.047515 0.300065 0.110611 0.123256 0.224485 0.344361 0.133240 0.196933
57.000000 0.047515 0.300294 0.110487 0.123247 0.224957 0.344247 0.133601 0.197287
57.200000 0.047565 0.300308 0.110480 0.123334 0.225327 0.344531 0.133770 0.197548
57.400000 0.047525 0.300818 0.110500 0.123180 0.225589 0.344253 0.133739 0.197901
57.600000 0.047382 0.300767 0.110564 0.123392 0.226060 0.344346 0.133683 0.197992
57.800000 0.047507 0.301080 0.110517 0.123313 0.226173 0.344352 0.133840 0.198170
58.000000 0.047569 0.301347 0.110350 0.123299 0.226457 0.344448 0.133903 0.198548
58.200000 0.047561 0.301585 0.110391 0.123433 0.226997 0.344416 0.133829 0.198762
58.400000 0.047527 0.301676 0.110540 0.123446 0.227134 0.344381 0.134064 0.199043
58.600000 0.047550 0.301930 0.110582 0.123587 0.227649 0.344520 0.134013 0.199326
58.800000 0.047516 0.302002 0.110567 0.123555 0.227891 0.344473 0.134199 0.199592
59.000000 0.047527 0.302539 0.110557 0.123737 0.228302 0.344629 0.134276 0.199856
59.200000 0.047539 0.302462 0.110537 0.123468 0.228575 0.344662 0.134400 0.200113
59.400000 0.047573 0.302938 0.110624 0.123671 0.228913 0.344598 0.134390 0.200360
59.600000 0.047518 0.302986 0.110773 0.123674 0.229297 0.344558 0.134392 0.200755
59.800000 0.047550 0.303115 0.110596 0.123684 0.229558 0.344635 0.134503 0.200953
60.000000 0.047660 0.303516 0.110715 0.123739 0.229940 0.344689 0.134723 0.201152
60.200000 0.047553 0.303767 0.110494 0.123546 0.229986 0.344572 0.134636 0.201267
60.400000 0.047534 0.304254 0.110738 0.123778 0.230338 0.344691 0.134684 0.201715
60.600000 0.047558 0.304433 0.110477 0.123841 0.230712 0.344665 0.134887 0.201743
60.800000 0.047502 0.304626 0.110532 0.123627 0.230976 0.344613 0.134779 0.202074
61.000000 0.047500 0.304725 0.110483 0.123778 0.231300 0.344691 0.134836 0.202338
61.200000 0.047589 0.304961 0.110638 0.123960 0.231683 0.344717 0.134924 0.202484
61.400000 0.047556 0.305209 0.110734 0.123804 0.231937 0.344781 0.135137 0.202855
61.600000 0.047575 0.305567 0.110685 0.123921 0.232250 0.344765 0.135086 0.203155
61.800000 0.047582 0.305575 0.110528 0.123904 0.232464 0.344800 0.135103 0.203247
62.000000 0.047582 0.305776 0.110651 0.123909 0.232865 0.344900 0.135213 0.203525
62.200000 0.047535 0.305836 0.110675 0.124157 0.233122 0.344822 0.135344 0.203745
62.400000 0.047470 0.305803 0.110689 0.124024 0.233397 0.344716 0.135325 0.204117
62.600000 0.047575 0.305634 0.110682 0.124006 0.233772 0.344779 0.135328 0.204389
62.800000 0.047577 0.305890 0.110736 0.124014 0.234127 0.344883 0.135386 0.204587
63.000000 0.047556 0.306044 0.110584 0.124054 0.234344 0.344905 0.135493 0.204659
63.200000 0.047576 0.306178 0.110762 0.124059 0.234652 0.344997 0.135535 0.205050
63.400000 0.047550 0.306388 0.110546 0.124135 0.234941 0.344974 0.135740 0.205265
63.600000 0.047533 0.306475 0.110751 0.124199 0.235227 0.344951 0.135773 0.205439
63.800000 0.047587 0.306662 0.110648 0.124328 0.235490 0.344764 0.135726 0.205792
64.000000 0.047541 0.306814 0.110700 0.124159 0.235623 0.344757 0.135763 0.205768
64.200000 0.047575 0.306785 0.110761 0.124241 0.235827 0.344961 0.135732 0.206141
64.400000 0.047552 0.306913 0.110781 0.124252 0.236234 0.344942 0.135821 0.206316
64.600000 0.047564 0.307050 0.110657 0.124279 0.236618 0.344999 0.135885 0.206563
64.800000 0.047591 0.307214 0.110564 0.124214 0.236550 0.345053 0.135952 0.206713
65.000000 0.047563 0.307290 0.110769 0.124494 0.237008 0.345139 0.135968 0.207046
65.200000 0.047546 0.307432 0.110636 0.124220 0.237300 0.345117 0.136026 0.207170
65.400000 0.047549 0.307548 0.110653 0.124502 0.237548 0.345126 0.136255 0.207373
65.600000 0.047607 0.307690 0.110767 0.124407 0.237771 0.345184 0.136142 0.207409
65.800000 0.047591 0.308040 0.110666 0.124435 0.238004 0.345005 0.136184 0.207766
66.000000 0.047579 0.307940 0.110721 0.124465 0.238282 0.345286 0.136164 0.208112
66.200000 0.047466 0.308172 0.110720 0.124416 0.238486 0.345049 0.136410 0.208186
66.400000 0.047565 0.308082 0.110647 0.124457 0.238769 0.345048 0.136381 0.208348
66.600000 0.047547 0.308517 0.110713 0.124500 0.238951 0.345236 0.136382 0.208511
66.800000 0.047548 0.308434 0.110659 0.124559 0.239142 0.345224 0.136324 0.208725
67.000000 0.047603 0.308657 0.110734 0.124503 0.239432 0.345041 0.136365 0.208948
67.200000 0.047562 0.308800 0.110667 0.124556 0.239657 0.345306 0.136554 0.209084
67.400000 0.047414 0.308694 0.110669 0.124567 0.239992 0.345300 0.136647 0.209301
67.600000 0.047583 0.308947 0.110734 0.124574 0.240107 0.345265 0.136687 0.209377
67.800000 0.047582 0.309100 0.110698 0.124568 0.240312 0.345268 0.136601 0.209520
68.000000 0.047546 0.309032 0.110763 0.124727 0.240621 0.345169 0.136583 0.209872
68.200000 0.047575 0.309148 0.110739 0.124784 0.240786 0.345356 0.136752 0.209969
68.400000 0.047559 0.309382 0.110776 0.124598 0.241023 0.345177 0.136848 0.210276
68.600000 0.047455 0.309443 0.110746 0.124560 0.241098 0.345374 0.136817 0.210414
68.800000 0.047575 0.309543 0.110743 0.124683 0.241430 0.345208 0.136881 0.210557
69.000000 0.047570 0.309607 0.110717 0.124733 0.241687 0.345434 0.136955 0.210614
69.200000 0.047590 0.309831 0.110705 0.124751 0.241561 0.345331 0.136892 0.210741
69.400000 0.047599 0.309843 0.110742 0.124761 0.242066 0.345388 0.137069 0.211114
69.600000 0.047614 0.309914 0.110628 0.124708 0.242161 0.345588 0.137101 0.211247
69.800000 0.047577 0.310143 0.110769 0.124902 0.242555 0.345426 0.137057 0.211447
70.000000 0.047591 0.310139 0.110723 0.124782 0.242640 0.345457 0.137292 0.211577
70.200000 0.047587 0.310341 0.110899 0.124723 0.242832 0.345473 0.137081 0.211723
70.400000 0.047631 0.310404 0.110888 0.124701 0.243017 0.345604 0.137227 0.211819
70.600000 0.047549 0.310453 0.110685 0.124791 0.243281 0.345396 0.137290 0.212039
70.800000 0.047557 0.310627 0.110784 0.124688 0.243462 0.345517 0.137284 0.212184
71.000000 0.047585 0.310622 0.110832 0.124917 0.243830 0.345582 0.137350 0.212398
71.200000 0.047594 0.310906 0.110872 0.124870 0.243877 0.345463 0.137433 0.212421
71.400000 0.047582 0.310829 0.110801 0.124959 0.244120 0.345557 0.137530 0.212723
71.600000 0.047600 0.311078 0.110904 0.124763 0.244324 0.345763 0.137522 0.212877
71.800000 0.047461 0.310994 0.110924 0.124829 0.244309 0.345500 0.137537 0.213037
72.000000 0.047554 0.311272 0.110662 0.124846 0.244635 0.345438 0.137602 0.213220
72.200000 0.047599 0.311392 0.110836 0.125063 0.244809 0.345532 0.137635 0.213321
72.400000 0.047688 0.311475 0.110655 0.125062 0.245159 0.345679 0.137767 0.213348
72.600000 0.047589 0.311583 0.110832 0.125093 0.245356 0.345491 0.137383 0.213751
72.800000 0.047587 0.311638 0.110903 0.125005 0.245434 0.345638 0.137741 0.213658
73.000000 0.047591 0.311644 0.110669 0.125023 0.245573 0.345660 0.137652 0.213897
73.200000 0.047564 0.311839 0.110879 0.125037 0.245758 0.345776 0.137668 0.213981
73.400000 0.047553 0.311817 0.110804 0.124989 0.245904 0.345755 0.137883 0.214081
73.600000 0.047459 0.311927 0.110871 0.125054 0.246062 0.345755 0.137882 0.214312
73.800000 0.047566 0.311953 0.110905 0.125060 0.246196 0.345755 0.137839 0.214403
74.000000 0.047553 0.312169 0.110726 0.125183 0.246301 0.345626 0.138050 0.214618
74.200000 0.047562 0.312056 0.110791 0.125226 0.246727 0.345647 0.138046 0.214801
74.400000 0.047575 0.312449 0.110719 0.125160 0.246857 0.345709 0.138080 0.214933
74.600000 0.047565 0.312428 0.110799 0.125173 0.247082 0.345821 0.138048 0.214919
74.800000 0.047455 0.351553 0.110886 0.125159 0.247344 0.345801 0.137987 0.215212
75.000000 0.047593 0.312502 0.110909 0.125139 0.247420 0.345880 0.138378 0.215352
75.200000 0.047567 0.312732 0.110835 0.125157 0.247405 0.345864 0.138208 0.215377
75.400000 0.047530 0.312704 0.110649 0.125192 0.247596 0.345817 0.138131 0.215457
75.600000 0.047416 0.312945 0.110857 0.125272 0.247831 0.345784 0.138311 0.215849
75.800000 0.047572 0.312853 0.110858 0.125139 0.248013 0.345814 0.138373 0.215876
76.000000 0.047547 0.312999 0.111018 0.125272 0.248182 0.345771 0.138314 0.216010
76.200000 0.047589 0.313037 0.110850 0.125361 0.248368 0.345939 0.138378 0.216145
76.400000 0.047580 0.313240 0.110874 0.125338 0.248327 0.346005 0.138514 0.216322
76.600000 0.047454 0.313008 0.110815 0.125048 0.248487 0.345799 0.138202 0.216271
76.800000 0.047414 0.313146 0.110746 0.125159 0.248432 0.345654 0.138178 0.216371
77.000000 0.047196 0.313113 0.110802 0.125347 0.248872 0.346035 0.138667 0.216716
77.200000 0.047594 0.313461 0.110747 0.125364 0.249144 0.346035 0.138514 0.216819
77.400000 0.047592 0.313638 0.110879 0.125350 0.249285 0.346008 0.138700 0.216907
77.600000 0.047567 0.313701 0.110909 0.125411 0.249442 0.346159 0.138599 0.217084
77.800000 0.047640 0.313712 0.110822 0.125379 0.249538 0.346034 0.138600 0.217208
78.000000 0.047574 0.313782 0.110871 0.125352 0.249749 0.346101 0.138686 0.217316
78.200000 0.047572 0.313797 0.110861 0.125310 0.249895 0.346134 0.138558 0.217572
78.400000 0.047585 0.313904 0.110881 0.125448 0.250033 0.346140 0.138689 0.217512
78.600000 0.047597 0.314014 0.110901 0.125484 0.250174 0.346112 0.138785 0.217637
78.800000 0.047594 0.314027 0.110806 0.125498 0.250383 0.346101 0.138799 0.217751
79.000000 0.047597 0.314156 0.111036 0.125483 0.250261 0.346150 0.138786 0.218006
79.200000 0.047586 0.314282 0.110912 0.125646 0.250633 0.346131 0.138993 0.218121
79.400000 0.047541 0.314255 0.111008 0.125542 0.250794 0.346179 0.138949 0.218102
79.600000 0.047596 0.314189 0.110911 0.125549 0.250847 0.346150 0.138894 0.218182
79.800000 0.047554 0.314324 0.110906 0.125729 0.250989 0.346082 0.138909 0.218314
80.000000 0.047598 0.314423 0.110931 0.125492 0.251089 0.346335 0.138900 0.218481
80.200000 0.047556 0.314262 0.111033 0.125533 0.251233 0.346134 0.138885 0.218449
80.400000 0.047692 0.314543 0.110966 0.125662 0.251318 0.346358 0.139041 0.218689
80.600000 0.047562 0.314603 0.111069 0.125496 0.251575 0.346364 0.138997 0.218769
80.800000 0.047590 0.314664 0.110900 0.125328 0.251749 0.346270 0.139133 0.218874
81.000000 0.047588 0.314743 0.110831 0.125538 0.251746 0.346237 0.139084 0.219072
81.200000 0.047587 0.314700 0.110811 0.125649 0.251797 0.346255 0.139067 0.219079
81.400000 0.047583 0.314896 0.111045 0.125629 0.252032 0.346234 0.139155 0.219118
81.600000 0.047579 0.314803 0.111026 0.125611 0.252143 0.346235 0.139096 0.219240
81.800000 0.047576 0.314958 0.110946 0.125790 0.252355 0.346335 0.139232 0.219550
82.000000 0.047540 0.315035 0.110912 0.125682 0.252247 0.346331 0.139202 0.219405
82.200000 0.047554 0.315123 0.110949 0.125717 0.252433 0.346238 0.139053 0.219554
82.400000 0.047559 0.315135 0.110872 0.125711 0.252485 0.346356 0.139297 0.219424
82.600000 0.047575 0.315191 0.110853 0.125697 0.252568 0.346277 0.139043 0.219685
82.800000 0.047652 0.315160 0.110958 0.125716 0.252740 0.346294 0.139440 0.219792
83.000000 0.047563 0.315344 0.110915 0.125581 0.252675 0.346445 0.139182 0.219848
83.200000 0.047570 0.315251 0.110846 0.125592 0.253008 0.346454 0.139448 0.219940
83.400000 0.047560 0.315453 0.110639 0.125868 0.253043 0.346509 0.139326 0.220013
83.600000 0.047499 0.315504 0.110922 0.125848 0.253140 0.346262 0.139167 0.220047
83.800000 0.047413 0.315505 0.110802 0.125658 0.253356 0.346478 0.139323 0.220177
84.000000 0.047585 0.315769 0.111070 0.125772 0.253434 0.346378 0.139442 0.220268
84.200000 0.047601 0.315826 0.111080 0.125758 0.253561 0.346559 0.139328 0.220386
84.400000 0.047596 0.315822 0.110946 0.125846 0.253672 0.346577 0.139602 0.220448
84.600000 0.047560 0.315841 0.111007 0.125791 0.253779 0.346407 0.139354 0.220541
84.800000 0.047591 0.315889 0.110788 0.125833 0.253848 0.346550 0.139542 0.220395
85.000000 0.047652 0.315896 0.110946 0.125795 0.254054 0.346409 0.139512 0.220730
85.200000 0.047603 0.315889 0.110958 0.125818 0.253959 0.346661 0.139516 0.220670
85.400000 0.047601 0.316016 0.110967 0.126013 0.254207 0.346595 0.139489 0.220878
85.600000 0.047579 0.316425 0.110785 0.125963 0.254307 0.346770 0.139470 0.220953
85.800000 0.047550 0.316132 0.110845 0.126019 0.254406 0.346667 0.139589 0.221025
86.000000 0.047593 0.316230 0.110989 0.125771 0.254462 0.346561 0.139661 0.220967
86.200000 0.047592 0.316210 0.110980 0.126036 0.254608 0.346785 0.139679 0.221403
86.400000 0.047586 0.316249 0.110942 0.125752 0.254645 0.346640 0.139701 0.221229
86.600000 0.047750 0.316222 0.110965 0.125963 0.254883 0.346793 0.139697 0.221350
86.800000 0.047522 0.316488 0.111043 0.126021 0.254885 0.346744 0.139889 0.221463
87.000000 0.047557 0.316612 0.111042 0.125749 0.255050 0.346701 0.139653 0.221538
87.200000 0.047600 0.316616 0.110893 0.125953 0.255104 0.346592 0.139731 0.221703
87.400000 0.047576 0.316474 0.111074 0.125932 0.255215 0.346739 0.139886 0.221558
87.600000 0.047580 0.316722 0.111004 0.125992 0.255168 0.346739 0.139826 0.221782
87.800000 0.047477 0.316670 0.111026 0.125983 0.255582 0.346535 0.139826 0.221859
88.000000 0.047591 0.316767 0.111005 0.125994 0.255503 0.346739 0.139833 0.221868
88.200000 0.047593 0.316816 0.111067 0.126010 0.255653 0.346737 0.139807 0.221880
88.400000 0.047462 0.316874 0.111016 0.125887 0.255595 0.346795 0.139895 0.221988
88.600000 0.047574 0.316956 0.111048 0.126094 0.255480 0.346729 0.139819 0.222070
88.800000 0.047590 0.317001 0.110939 0.126048 0.255828 0.346785 0.139853 0.222183
89.000000 0.047558 0.317022 0.110686 0.126012 0.255914 0.346789 0.140065 0.222216
89.200000 0.047566 0.317032 0.111028 0.125888 0.256032 0.346776 0.139966 0.222318
89.400000 0.047412 0.317004 0.110998 0.126001 0.255951 0.346831 0.139970 0.222405
89.600000 0.047579 0.316932 0.110822 0.126066 0.256116 0.346690 0.139956 0.222321
89.800000 0.047473 0.317166 0.111008 0.126076 0.256226 0.346721 0.139814 0.222526
90.000000 0.047576 0.317095 0.111116 0.126076 0.256403 0.346856 0.140080 0.222492
