0.200000 0.050411 0.384288 0.167200 0.181201 0.343355 0.380991 0.189487 0.299094
0.400000 0.050216 0.383648 0.167008 0.180888 0.342399 0.380765 0.189305 0.298405
0.600000 0.050313 0.383418 0.167032 0.180920 0.341938 0.380758 0.189230 0.298138
0.800000 0.050077 0.383065 0.167013 0.180935 0.341280 0.380749 0.189153 0.297663
1.000000 0.050350 0.382850 0.167060 0.180923 0.340768 0.380579 0.189098 0.297108
1.200000 0.050218 0.382420 0.167066 0.180875 0.340326 0.380640 0.188968 0.296687
1.400000 0.050328 0.382136 0.167217 0.180935 0.339793 0.380407 0.188945 0.296274
1.600000 0.050353 0.381946 0.167050 0.180802 0.339119 0.380583 0.188794 0.295990
1.800000 0.050198 0.381483 0.167061 0.180703 0.338450 0.380632 0.188832 0.295545
2.000000 0.050330 0.381338 0.167010 0.180714 0.338114 0.380694 0.188841 0.295035
2.200000 0.050197 0.381083 0.167016 0.180528 0.337384 0.380297 0.188745 0.294548
2.400000 0.050182 0.380744 0.166950 0.180511 0.336959 0.380489 0.188721 0.294220
2.600000 0.050340 0.380425 0.166801 0.180367 0.336400 0.380461 0.188704 0.293852
2.800000 0.050176 0.380300 0.166977 0.180365 0.335946 0.380442 0.188616 0.293419
3.000000 0.050135 0.380069 0.166972 0.180466 0.335518 0.380427 0.188504 0.292879
3.200000 0.050181 0.379939 0.166877 0.180449 0.334865 0.380424 0.188517 0.292578
3.400000 0.050163 0.379692 0.167015 0.180424 0.334249 0.380258 0.188515 0.292181
3.600000 0.050318 0.379319 0.167024 0.180320 0.333818 0.380450 0.188212 0.291798
3.800000 0.050182 0.379045 0.166994 0.180305 0.333404 0.380329 0.188336 0.291429
4.000000 0.050194 0.378868 0.166933 0.179981 0.332853 0.380192 0.188156 0.291074
4.200000 0.050160 0.378558 0.167031 0.180351 0.332223 0.380148 0.188264 0.290666
4.400000 0.050150 0.378155 0.167040 0.179947 0.331743 0.380374 0.188200 0.290296
4.600000 0.050183 0.378026 0.167041 0.180146 0.331292 0.380197 0.188230 0.289875
4.800000 0.050143 0.377692 0.166964 0.180149 0.330859 0.380228 0.188243 0.289466
5.000000 0.050170 0.377521 0.166904 0.179779 0.330423 0.380108 0.188000 0.289242
5.200000 0.050139 0.377272 0.166878 0.180045 0.329892 0.380191 0.187933 0.288764
5.400000 0.050147 0.377129 0.166819 0.179946 0.329424 0.380154 0.187951 0.288379
5.600000 0.050093 0.376869 0.166862 0.179842 0.328806 0.380021 0.187670 0.287902
5.800000 0.050145 0.376580 0.167051 0.180047 0.328320 0.379968 0.187877 0.287719
6.000000 0.050064 0.376334 0.167009 0.179874 0.327904 0.380072 0.187786 0.287070
6.200000 0.050073 0.376036 0.166865 0.179806 0.327550 0.380073 0.187827 0.286794
6.400000 0.050111 0.375903 0.167049 0.179778 0.327081 0.379956 0.187708 0.286444
6.600000 0.050110 0.375648 0.166860 0.179743 0.326228 0.380036 0.187623 0.285937
6.800000 0.050141 0.375075 0.166917 0.179638 0.325866 0.379977 0.187452 0.285582
7.000000 0.050108 0.374916 0.166807 0.179551 0.325352 0.379921 0.187482 0.285182
7.200000 0.050114 0.374907 0.166689 0.179444 0.324879 0.379881 0.187509 0.284731
7.400000 0.050120 0.374304 0.166788 0.179559 0.324279 0.379822 0.187250 0.284570
7.600000 0.050099 0.374181 0.166676 0.179522 0.324019 0.379647 0.187340 0.284195
7.800000 0.050132 0.374079 0.166884 0.179464 0.323563 0.379641 0.187264 0.283811
8.000000 0.050104 0.374028 0.166821 0.179523 0.323069 0.379750 0.187489 0.283500
8.200000 0.050091 0.373635 0.166630 0.179427 0.322630 0.379755 0.187345 0.283150
8.400000 0.050081 0.373444 0.166862 0.179291 0.322201 0.379663 0.187148 0.282722
8.600000 0.050085 0.373339 0.166802 0.179387 0.321724 0.379757 0.187113 0.282437
8.800000 0.050085 0.372896 0.166804 0.179236 0.321348 0.379556 0.187129 0.281906
9.000000 0.050105 0.372707 0.166863 0.179252 0.320906 0.379514 0.186989 0.281682
9.200000 0.050099 0.372618 0.166925 0.179269 0.320308 0.379680 0.186818 0.281481
9.400000 0.050089 0.372384 0.166913 0.179145 0.320050 0.379620 0.186861 0.281045
9.600000 0.050073 0.372092 0.166892 0.179124 0.319544 0.379529 0.186846 0.280711
9.800000 0.050081 0.371812 0.166658 0.179102 0.319210 0.379552 0.186804 0.280329
10.000000 0.050125 0.371547 0.166813 0.178964 0.318729 0.379585 0.186654 0.280121
10.200000 0.050079 0.371388 0.166525 0.178950 0.318185 0.379452 0.186682 0.279743
10.400000 0.050192 0.371398 0.166674 0.178913 0.317853 0.379342 0.186638 0.279468
10.600000 0.050088 0.371003 0.166731 0.178953 0.317429 0.379447 0.186741 0.279161
10.800000 0.050060 0.370841 0.166573 0.178985 0.317077 0.379471 0.186613 0.278809
11.000000 0.050046 0.370628 0.166631 0.178850 0.316479 0.379400 0.186527 0.278555
11.200000 0.049900 0.370361 0.166769 0.178931 0.316163 0.379374 0.186416 0.278233
11.400000 0.050041 0.370240 0.166759 0.178745 0.315828 0.379239 0.186452 0.277785
11.600000 0.050082 0.370032 0.166773 0.178936 0.315363 0.379226 0.186359 0.277574
11.800000 0.049919 0.369844 0.166703 0.178738 0.314963 0.379265 0.186452 0.277245
12.000000 0.050200 0.369445 0.166355 0.178678 0.314631 0.379292 0.186309 0.276799
12.200000 0.050047 0.369346 0.166698 0.178677 0.314262 0.379292 0.186301 0.276610
12.400000 0.050015 0.369284 0.166634 0.178679 0.313823 0.378968 0.186221 0.276265
12.600000 0.050064 0.369262 0.166627 0.178655 0.313290 0.379263 0.186008 0.275884
12.800000 0.050004 0.368937 0.166727 0.178591 0.312690 0.379320 0.186117 0.275588
13.000000 0.050024 0.368556 0.166540 0.178642 0.312479 0.379134 0.185886 0.275342
13.200000 0.050014 0.368353 0.166565 0.178581 0.312182 0.379009 0.186133 0.275027
13.400000 0.049867 0.368283 0.166527 0.178490 0.311836 0.379023 0.185968 0.274746
13.600000 0.050014 0.368191 0.166743 0.178446 0.311309 0.379022 0.185877 0.274468
13.800000 0.050001 0.367978 0.166643 0.178467 0.310995 0.378876 0.185897 0.274092
14.000000 0.050001 0.367686 0.166620 0.178301 0.310708 0.378913 0.185719 0.274017
14.200000 0.050035 0.367549 0.166606 0.178331 0.310245 0.379025 0.185763 0.273693
14.400000 0.050113 0.367469 0.166649 0.178343 0.309936 0.378929 0.185782 0.273303
14.600000 0.050016 0.367270 0.166718 0.178146 0.309650 0.378957 0.185680 0.273139
14.800000 0.050003 0.367081 0.166475 0.178278 0.309337 0.378947 0.185694 0.272723
15.000000 0.050001 0.366942 0.166621 0.178366 0.308985 0.379027 0.185426 0.272611
15.200000 0.049999 0.366784 0.166508 0.178201 0.308490 0.378925 0.185686 0.272234
15.400000 0.049976 0.366647 0.166639 0.178206 0.308323 0.378845 0.185547 0.272102
15.600000 0.049995 0.366368 0.166554 0.178276 0.307971 0.378816 0.185530 0.271824
15.800000 0.049977 0.366106 0.166557 0.178177 0.307568 0.378746 0.185469 0.271560
16.000000 0.050001 0.365930 0.166647 0.178149 0.307189 0.378789 0.185371 0.271449
16.200000 0.050005 0.365852 0.166600 0.177938 0.307006 0.378856 0.185356 0.271035
16.400000 0.050002 0.365768 0.166549 0.178115 0.306560 0.378823 0.185246 0.270755
16.600000 0.050023 0.365473 0.166408 0.178068 0.306119 0.378694 0.185393 0.270419
16.800000 0.050125 0.365538 0.166574 0.177969 0.305972 0.378697 0.185309 0.270377
17.000000 0.049996 0.365257 0.166515 0.177924 0.305763 0.378676 0.185203 0.269924
17.200000 0.049961 0.365136 0.166537 0.178062 0.305271 0.378598 0.185208 0.269728
17.400000 0.050121 0.364842 0.166540 0.177886 0.304920 0.378613 0.185209 0.269320
17.600000 0.049952 0.364806 0.166597 0.177685 0.304627 0.378569 0.185128 0.269251
17.800000 0.049999 0.364669 0.166594 0.177677 0.304289 0.378459 0.184942 0.268996
18.000000 0.049989 0.364443 0.166497 0.177801 0.303856 0.378531 0.184977 0.268729
18.200000 0.049993 0.364486 0.166599 0.177655 0.303513 0.378545 0.185021 0.268475
18.400000 0.049944 0.364172 0.166564 0.177759 0.303295 0.378535 0.184921 0.268301
18.600000 0.049946 0.363954 0.166616 0.177723 0.302900 0.378484 0.184873 0.268068
18.800000 0.049973 0.363922 0.166605 0.177791 0.302613 0.378283 0.184551 0.267928
19.000000 0.049945 0.363466 0.166515 0.177792 0.302383 0.378441 0.184784 0.267571
19.200000 0.049927 0.363568 0.166363 0.177611 0.302101 0.378269 0.184774 0.267190
19.400000 0.049946 0.363483 0.166585 0.177474 0.301578 0.378308 0.184670 0.266973
19.600000 0.049933 0.363109 0.166576 0.177544 0.301280 0.378336 0.184715 0.266635
19.800000 0.049920 0.363017 0.166416 0.177686 0.300987 0.378344 0.184545 0.266345
20.000000 0.049974 0.362948 0.166579 0.177470 0.300678 0.378135 0.184408 0.266271
20.200000 0.049950 0.362838 0.166456 0.177439 0.300387 0.378137 0.184537 0.265993
20.400000 0.049948 0.362409 0.166303 0.177503 0.300072 0.378113 0.184532 0.265798
20.600000 0.049953 0.362537 0.166625 0.177432 0.299808 0.378216 0.184354 0.265574
20.800000 0.049945 0.362285 0.166512 0.177308 0.299380 0.378131 0.184357 0.265291
21.000000 0.049903 0.362027 0.166349 0.177243 0.299152 0.378245 0.184261 0.265134
21.200000 0.049950 0.361951 0.166567 0.177464 0.298865 0.378212 0.184326 0.264834
21.400000 0.049772 0.361667 0.166470 0.177390 0.298329 0.378141 0.184284 0.264618
21.600000 0.049967 0.361642 0.166471 0.177267 0.298255 0.378240 0.184177 0.264344
21.800000 0.049985 0.361631 0.166512 0.177162 0.298106 0.378228 0.184225 0.264261
22.000000 0.049778 0.361443 0.166329 0.177045 0.297652 0.378016 0.184171 0.263854
22.200000 0.049924 0.361259 0.166462 0.177224 0.297343 0.377846 0.184122 0.263748
22.400000 0.049919 0.361157 0.166409 0.177191 0.297220 0.377936 0.184112 0.263501
22.600000 0.049920 0.360863 0.166606 0.177084 0.296921 0.377814 0.184048 0.263246
22.800000 0.049924 0.360618 0.166375 0.177070 0.296495 0.377970 0.184160 0.263162
23.000000 0.049937 0.360658 0.166454 0.177132 0.296210 0.377910 0.183994 0.262787
23.200000 0.049759 0.360544 0.166404 0.176913 0.295799 0.377886 0.183899 0.262595
23.400000 0.049956 0.360472 0.166441 0.177034 0.295826 0.377813 0.183848 0.262367
23.600000 0.050036 0.360295 0.166447 0.177003 0.295333 0.377866 0.183933 0.262156
23.800000 0.049918 0.360103 0.166183 0.176967 0.295078 0.377782 0.183724 0.261947
24.000000 0.049914 0.360103 0.166430 0.177004 0.294851 0.377950 0.183822 0.261747
24.200000 0.049938 0.359860 0.166426 0.176854 0.294499 0.377883 0.183761 0.261416
24.400000 0.049912 0.359699 0.166352 0.176960 0.294302 0.377787 0.183757 0.261288
24.600000 0.049984 0.359636 0.166355 0.176885 0.293940 0.377509 0.183845 0.260975
24.800000 0.049895 0.359399 0.166364 0.176754 0.293729 0.377735 0.183684 0.260887
25.000000 0.049878 0.359464 0.166417 0.176990 0.293487 0.377775 0.183638 0.260688
25.200000 0.049890 0.359046 0.166447 0.176892 0.293408 0.377677 0.183640 0.260565
25.400000 0.049880 0.358968 0.166200 0.176739 0.292701 0.377522 0.183539 0.260309
25.600000 0.049844 0.358855 0.166417 0.176557 0.292442 0.377265 0.183469 0.259887
25.800000 0.049879 0.358756 0.166419 0.176793 0.292246 0.377650 0.183430 0.259783
26.000000 0.049887 0.358453 0.166184 0.176609 0.291962 0.377438 0.183406 0.259296
26.200000 0.049748 0.358608 0.166281 0.176703 0.291693 0.377781 0.183375 0.259369
26.400000 0.049855 0.358470 0.166355 0.176680 0.291309 0.377469 0.183345 0.259144
26.600000 0.049877 0.358157 0.166180 0.176573 0.291126 0.377199 0.183297 0.258987
26.800000 0.049748 0.358106 0.166445 0.176602 0.291092 0.377408 0.183185 0.258763
27.000000 0.049877 0.357919 0.166359 0.176560 0.290785 0.377360 0.183125 0.258394
27.200000 0.049874 0.357824 0.166253 0.176692 0.290532 0.377202 0.183222 0.258420
27.400000 0.049863 0.357786 0.166168 0.176449 0.290161 0.377420 0.183182 0.258048
27.600000 0.049846 0.357413 0.166104 0.176629 0.289843 0.377488 0.183129 0.257879
27.800000 0.049864 0.357379 0.166387 0.176515 0.289539 0.377358 0.183013 0.257688
28.000000 0.049860 0.357238 0.166276 0.176476 0.289164 0.377310 0.182889 0.257545
28.200000 0.049847 0.357226 0.166335 0.176395 0.289140 0.377269 0.182813 0.257345
28.400000 0.049826 0.357135 0.166196 0.176429 0.288801 0.377272 0.183006 0.257236
28.600000 0.049723 0.356913 0.166265 0.176265 0.288684 0.377265 0.182996 0.257018
28.800000 0.049886 0.356754 0.166464 0.176249 0.288302 0.377052 0.182815 0.256752
29.000000 0.049854 0.356748 0.166245 0.176370 0.288004 0.377231 0.182825 0.256538
29.200000 0.049861 0.356547 0.166274 0.176344 0.287787 0.377021 0.182945 0.256398
29.400000 0.049988 0.356568 0.166315 0.176318 0.287718 0.377300 0.182881 0.256234
29.600000 0.050021 0.356304 0.166168 0.176358 0.287425 0.377132 0.182834 0.256035
29.800000 0.049849 0.356225 0.166276 0.176253 0.287063 0.377121 0.182796 0.255851
30.000000 0.049887 0.356002 0.166522 0.176103 0.286850 0.377124 0.182736 0.255657
30.200000 0.049812 0.356028 0.166093 0.175990 0.286620 0.377047 0.182546 0.255262
30.400000 0.049832 0.355803 0.166317 0.176277 0.286336 0.376926 0.182712 0.255325
30.600000 0.049852 0.355746 0.166268 0.176149 0.285953 0.377041 0.182620 0.255019
30.800000 0.049765 0.355725 0.166231 0.176198 0.285636 0.377002 0.182607 0.254912
31.000000 0.049880 0.355669 0.166300 0.176186 0.285563 0.377014 0.182521 0.254816
31.200000 0.050023 0.355421 0.166187 0.175974 0.285361 0.377010 0.182526 0.254478
31.400000 0.050232 0.355334 0.166048 0.175976 0.285087 0.376949 0.182549 0.254346
31.600000 0.050315 0.355217 0.166316 0.176131 0.284764 0.376864 0.182369 0.254111
31.800000 0.050486 0.355192 0.166257 0.176058 0.284737 0.377010 0.182478 0.253915
32.000000 0.050713 0.355083 0.166214 0.175936 0.284693 0.377016 0.182552 0.253895
32.200000 0.050917 0.354852 0.166237 0.175901 0.284405 0.376815 0.182616 0.253777
32.400000 0.051168 0.354856 0.166405 0.176106 0.284601 0.376800 0.182356 0.253918
32.600000 0.051410 0.354692 0.166186 0.175967 0.284639 0.376840 0.182392 0.253942
32.800000 0.051681 0.354806 0.166259 0.176166 0.284771 0.376828 0.182385 0.253909
33.000000 0.051886 0.354869 0.166195 0.176159 0.284963 0.376685 0.182421 0.254343
33.200000 0.052147 0.354860 0.166267 0.175953 0.285251 0.376703 0.182416 0.254352
33.400000 0.052481 0.354962 0.166186 0.176095 0.285606 0.376736 0.182444 0.254400
33.600000 0.052594 0.355198 0.166257 0.176290 0.286068 0.376780 0.182433 0.254702
33.800000 0.052744 0.355365 0.166294 0.176228 0.286186 0.376862 0.182439 0.255038
34.000000 0.052959 0.355758 0.166247 0.176542 0.286957 0.376757 0.182351 0.255539
34.200000 0.053286 0.356055 0.166323 0.176460 0.287550 0.376786 0.182493 0.255951
34.400000 0.053298 0.356431 0.166301 0.176591 0.288176 0.376726 0.182477 0.256370
34.600000 0.053429 0.356781 0.166433 0.176650 0.288925 0.376609 0.182520 0.256765
34.800000 0.053653 0.357325 0.166351 0.176807 0.289682 0.376746 0.182536 0.257529
35.000000 0.053683 0.357821 0.166341 0.176953 0.290446 0.376637 0.182584 0.257787
35.200000 0.053778 0.358590 0.166393 0.177078 0.291371 0.376636 0.182629 0.258604
35.400000 0.053851 0.359437 0.166018 0.177104 0.292073 0.376702 0.182542 0.259206
35.600000 0.053973 0.359989 0.166394 0.177210 0.293202 0.376769 0.182655 0.259990
35.800000 0.054044 0.360525 0.166434 0.177609 0.293914 0.376785 0.182703 0.260664
36.000000 0.054135 0.361592 0.166428 0.177590 0.294971 0.376808 0.182713 0.261270
36.200000 0.054165 0.362270 0.166480 0.177708 0.295958 0.376634 0.182786 0.261983
36.400000 0.054246 0.363277 0.166445 0.177781 0.296981 0.376793 0.182794 0.262690
36.600000 0.054258 0.364118 0.166353 0.177841 0.297901 0.376807 0.182380 0.263452
36.800000 0.054172 0.365225 0.166550 0.177947 0.299172 0.376774 0.182902 0.264363
37.000000 0.054469 0.366328 0.166624 0.178168 0.300247 0.376803 0.182893 0.265222
37.200000 0.054387 0.367509 0.166439 0.178285 0.301445 0.376805 0.182805 0.266003
37.400000 0.054328 0.368633 0.166591 0.178570 0.302674 0.377031 0.183167 0.267118
37.600000 0.054502 0.370479 0.166516 0.178778 0.304390 0.376645 0.183052 0.268142
37.800000 0.054499 0.371599 0.166634 0.178692 0.305622 0.376851 0.183245 0.269038
38.000000 0.054541 0.372888 0.166637 0.178834 0.306928 0.376810 0.183129 0.270111
38.200000 0.054546 0.374250 0.166671 0.179076 0.308080 0.376779 0.183177 0.271148
38.400000 0.054591 0.375411 0.166659 0.179262 0.309407 0.376866 0.183230 0.272086
38.600000 0.054585 0.376818 0.166740 0.179421 0.310772 0.376934 0.183305 0.273109
38.800000 0.054552 0.378190 0.166645 0.179499 0.312039 0.376598 0.183204 0.273927
39.000000 0.054759 0.379723 0.166705 0.179616 0.313531 0.377002 0.183432 0.275088
39.200000 0.054646 0.381041 0.166928 0.179775 0.314655 0.376946 0.183517 0.276160
39.400000 0.054637 0.382644 0.166708 0.180001 0.316125 0.376915 0.183548 0.276980
39.600000 0.054683 0.383949 0.166647 0.180190 0.317623 0.376931 0.183511 0.278278
39.800000 0.054676 0.385759 0.166684 0.180221 0.319031 0.377002 0.183623 0.279380
40.000000 0.054669 0.387293 0.166752 0.180372 0.320429 0.376892 0.183492 0.280392
40.200000 0.054698 0.389066 0.166798 0.180479 0.321919 0.376943 0.183854 0.281466
40.400000 0.054728 0.390512 0.166893 0.180647 0.323398 0.376995 0.183604 0.282748
40.600000 0.054726 0.392271 0.166813 0.180797 0.324763 0.377125 0.183758 0.283912
40.800000 0.054706 0.393976 0.166865 0.180896 0.326242 0.376940 0.183839 0.285097
41.000000 0.054757 0.395560 0.166779 0.181059 0.327833 0.376956 0.183731 0.286242
41.200000 0.054639 0.397188 0.167043 0.181315 0.329385 0.377172 0.184021 0.287533
41.400000 0.054648 0.398923 0.166976 0.181316 0.330954 0.376942 0.183786 0.288634
41.600000 0.054564 0.400565 0.167089 0.181503 0.332409 0.377132 0.184128 0.289791
41.800000 0.054931 0.402329 0.166967 0.181441 0.334167 0.377182 0.184072 0.291032
42.000000 0.054830 0.404159 0.166998 0.181823 0.335636 0.377185 0.184205 0.292265
42.200000 0.054832 0.405728 0.167055 0.181864 0.337054 0.377120 0.184236 0.293354
42.400000 0.054817 0.407634 0.167235 0.181959 0.338606 0.377269 0.184295 0.294738
42.600000 0.054860 0.409243 0.167218 0.182058 0.340535 0.377221 0.184397 0.295931
42.800000 0.054825 0.411155 0.167179 0.182164 0.341983 0.377491 0.184396 0.297248
43.000000 0.054852 0.412656 0.167131 0.182194 0.343587 0.377457 0.184494 0.298552
43.200000 0.054839 0.414723 0.166940 0.182323 0.345240 0.377243 0.184503 0.299725
43.400000 0.054829 0.416254 0.167179 0.182551 0.346700 0.377352 0.184553 0.301176
43.600000 0.054852 0.418053 0.167171 0.182685 0.348419 0.377416 0.184711 0.302414
43.800000 0.054867 0.419808 0.167287 0.182989 0.350199 0.377358 0.184810 0.304065
44.000000 0.054827 0.422067 0.167256 0.183057 0.352418 0.377477 0.184832 0.305609
44.200000 0.054856 0.423766 0.167323 0.183065 0.354083 0.377454 0.184886 0.306876
44.400000 0.054849 0.425556 0.167260 0.183172 0.355746 0.377379 0.185023 0.308175
44.600000 0.054904 0.427075 0.167146 0.183176 0.357279 0.377364 0.185062 0.309484
44.800000 0.054897 0.428748 0.167251 0.183315 0.358801 0.377554 0.185201 0.310696
45.000000 0.054831 0.430157 0.167316 0.183461 0.360312 0.377470 0.185134 0.311951
45.200000 0.054888 0.431765 0.167304 0.183556 0.362061 0.377464 0.185151 0.313333
45.400000 0.054910 0.433492 0.167187 0.183668 0.363488 0.377538 0.185087 0.314506
45.600000 0.054678 0.435000 0.167261 0.183625 0.365008 0.377628 0.185346 0.315782
45.800000 0.054800 0.436531 0.167536 0.183812 0.366661 0.377545 0.185322 0.316938
46.000000 0.054890 0.437998 0.167376 0.183874 0.368089 0.377628 0.185445 0.318192
46.200000 0.054930 0.439549 0.167400 0.184117 0.369805 0.377796 0.185660 0.319569
46.400000 0.054929 0.440878 0.167528 0.184317 0.371246 0.377777 0.185403 0.320504
46.600000 0.054882 0.442601 0.167483 0.184251 0.372869 0.377825 0.185616 0.322090
46.800000 0.055079 0.443845 0.167411 0.184329 0.374326 0.377784 0.185589 0.323194
47.000000 0.054973 0.445381 0.167483 0.184434 0.375881 0.377676 0.185742 0.324406
47.200000 0.055079 0.446565 0.167507 0.184562 0.377560 0.377667 0.185782 0.325835
47.400000 0.054906 0.448012 0.167534 0.184572 0.379124 0.377803 0.185736 0.327077
47.600000 0.055062 0.449579 0.167490 0.184699 0.380627 0.377906 0.185938 0.328367
47.800000 0.054958 0.450825 0.167499 0.184802 0.382133 0.377849 0.185706 0.329586
48.000000 0.054948 0.452260 0.167527 0.184983 0.383675 0.377892 0.186115 0.330734
48.200000 0.054791 0.453478 0.167469 0.184827 0.385096 0.377862 0.186062 0.331845
48.400000 0.054954 0.454778 0.167661 0.185017 0.386558 0.377953 0.186243 0.333186
48.600000 0.054953 0.455849 0.167676 0.185148 0.387925 0.377837 0.186297 0.334253
48.800000 0.054950 0.457076 0.167444 0.185173 0.389442 0.377868 0.186455 0.335403
49.000000 0.054786 0.458267 0.167630 0.185170 0.390691 0.377905 0.186392 0.336653
49.200000 0.054964 0.459666 0.167584 0.185346 0.392376 0.378005 0.186586 0.337981
49.400000 0.055001 0.460780 0.167547 0.185543 0.393754 0.378063 0.186333 0.339084
49.600000 0.054954 0.461940 0.167640 0.185309 0.395269 0.378221 0.186493 0.340296
49.800000 0.054983 0.462980 0.167575 0.185673 0.396681 0.378025 0.186708 0.341391
50.000000 0.054845 0.464447 0.167570 0.185607 0.397987 0.378263 0.186697 0.342510
50.200000 0.054973 0.465600 0.167471 0.185758 0.399734 0.378150 0.186813 0.343927
50.400000 0.054967 0.466695 0.167698 0.185707 0.401107 0.378180 0.186772 0.345014
50.600000 0.055005 0.467970 0.167555 0.185961 0.402533 0.378341 0.186899 0.346096
50.800000 0.055017 0.468792 0.167674 0.185872 0.403889 0.378125 0.186785 0.347151
51.000000 0.055018 0.469862 0.167804 0.186150 0.405183 0.378307 0.187023 0.348329
51.200000 0.055007 0.470876 0.167462 0.186114 0.406646 0.378287 0.186932 0.349521
51.400000 0.054990 0.471816 0.167711 0.186138 0.407931 0.378348 0.187115 0.350642
51.600000 0.054998 0.472822 0.167843 0.186225 0.409104 0.378303 0.187212 0.351694
51.800000 0.055010 0.473799 0.167810 0.186439 0.410351 0.378349 0.187103 0.352770
52.000000 0.055037 0.474728 0.167764 0.186404 0.411789 0.378366 0.187287 0.353704
52.200000 0.055011 0.475757 0.167834 0.186244 0.413145 0.378314 0.187418 0.354861
52.400000 0.055027 0.476601 0.167804 0.186564 0.414299 0.378456 0.187401 0.355911
52.600000 0.055035 0.477501 0.167742 0.186586 0.415338 0.378233 0.187519 0.356998
52.800000 0.054992 0.478469 0.167776 0.186511 0.416797 0.378483 0.187580 0.357906
53.000000 0.055138 0.479344 0.167792 0.186766 0.417868 0.378479 0.187647 0.358940
53.200000 0.054991 0.480043 0.167764 0.186742 0.419064 0.378493 0.187595 0.360080
53.400000 0.055024 0.481078 0.167698 0.186850 0.420411 0.378523 0.187734 0.360912
53.600000 0.055038 0.481784 0.167826 0.186905 0.421450 0.378647 0.187714 0.361868
53.800000 0.054998 0.482526 0.167698 0.186758 0.422514 0.378474 0.187982 0.362848
54.000000 0.055001 0.483405 0.167811 0.186923 0.423930 0.378657 0.187933 0.363846
54.200000 0.055041 0.484045 0.167704 0.186967 0.425176 0.378621 0.187855 0.364774
54.400000 0.054998 0.484983 0.167819 0.187086 0.426211 0.378487 0.188053 0.365727
54.600000 0.055032 0.485582 0.167723 0.187201 0.427344 0.378811 0.188072 0.366620
54.800000 0.055056 0.486300 0.167854 0.187162 0.428507 0.378676 0.187998 0.367453
55.000000 0.055053 0.487182 0.167993 0.187287 0.429640 0.378853 0.188080 0.368497
55.200000 0.055028 0.487920 0.167910 0.187247 0.430682 0.378738 0.188404 0.369332
55.400000 0.054890 0.488482 0.167865 0.187407 0.431740 0.378610 0.188352 0.370051
55.600000 0.055008 0.489124 0.167794 0.187454 0.432804 0.378748 0.188304 0.371020
55.800000 0.055012 0.489838 0.167694 0.187238 0.433804 0.378820 0.188469 0.371934
56.000000 0.055050 0.490499 0.168069 0.187586 0.434829 0.378948 0.188630 0.372623
56.200000 0.055037 0.491291 0.167916 0.187644 0.435998 0.378988 0.188591 0.373679
56.400000 0.055025 0.492020 0.167966 0.187685 0.437078 0.378893 0.188687 0.374686
56.600000 0.055048 0.492648 0.168004 0.187686 0.438196 0.378952 0.188686 0.375492
56.800000 0.055043 0.493307 0.167916 0.187700 0.439076 0.378981 0.188791 0.376250
57.000000 0.055036 0.493724 0.167896 0.187758 0.440058 0.378957 0.188888 0.376961
57.200000 0.054988 0.494450 0.167798 0.187731 0.440851 0.378959 0.188850 0.377751
57.400000 0.055079 0.495004 0.167996 0.187843 0.441896 0.378985 0.188852 0.378705
57.600000 0.055053 0.495653 0.168151 0.187979 0.442916 0.378952 0.189032 0.379441
57.800000 0.055075 0.496118 0.167878 0.188109 0.443964 0.379170 0.189101 0.380207
58.000000 0.055015 0.496538 0.167888 0.188105 0.444922 0.378920 0.188918 0.380737
58.200000 0.054917 0.497279 0.168028 0.188236 0.445605 0.379167 0.189174 0.381645
58.400000 0.055054 0.497651 0.167925 0.188147 0.446565 0.379180 0.189225 0.382425
58.600000 0.055048 0.498206 0.167912 0.188182 0.447496 0.379142 0.189316 0.383062
58.800000 0.055025 0.498679 0.168030 0.188171 0.448349 0.379061 0.189490 0.383645
59.000000 0.055023 0.499116 0.167862 0.188431 0.449165 0.379092 0.189222 0.384390
59.200000 0.055070 0.499553 0.167879 0.188413 0.450084 0.379189 0.189608 0.385198
59.400000 0.055217 0.500165 0.168098 0.188304 0.450822 0.379263 0.189562 0.385917
59.600000 0.055071 0.500501 0.168054 0.188592 0.451540 0.379261 0.189516 0.386620
59.800000 0.055217 0.501123 0.168118 0.188578 0.452583 0.379229 0.189636 0.387128
60.000000 0.055068 0.501696 0.168069 0.188504 0.453254 0.379442 0.189736 0.387853
60.200000 0.054949 0.501781 0.168127 0.188602 0.454193 0.379224 0.189705 0.388632
60.400000 0.055082 0.502532 0.168124 0.188481 0.454978 0.379406 0.189670 0.389244
60.600000 0.055064 0.502924 0.168028 0.188680 0.455771 0.379551 0.189971 0.389833
60.800000 0.055231 0.503286 0.168124 0.188720 0.456630 0.379048 0.189925 0.390615
61.000000 0.055066 0.503811 0.168080 0.188626 0.457361 0.379422 0.189831 0.391119
61.200000 0.055216 0.504267 0.168054 0.188802 0.458174 0.379455 0.190029 0.391787
61.400000 0.055020 0.504561 0.168054 0.188971 0.458688 0.379435 0.190018 0.392335
61.600000 0.055072 0.505057 0.168278 0.189044 0.459496 0.379393 0.190253 0.392978
61.800000 0.055052 0.505481 0.168113 0.188980 0.460212 0.379575 0.190223 0.393565
62.000000 0.055071 0.505782 0.168129 0.189051 0.461053 0.379636 0.190247 0.394157
62.200000 0.055084 0.506203 0.168195 0.188912 0.461834 0.379576 0.189987 0.394627
62.400000 0.055111 0.506588 0.168059 0.189058 0.462646 0.379745 0.190303 0.395458
62.600000 0.054961 0.507178 0.168006 0.189104 0.463674 0.379564 0.190334 0.395969
62.800000 0.055066 0.507388 0.168241 0.189175 0.464318 0.379480 0.190502 0.396678
63.000000 0.055066 0.507793 0.168208 0.189177 0.464816 0.379750 0.190563 0.397278
63.200000 0.054944 0.508023 0.168014 0.189089 0.465629 0.379778 0.190667 0.397819
63.400000 0.055020 0.508269 0.168117 0.189276 0.466291 0.379700 0.190593 0.398258
63.600000 0.055087 0.508722 0.168034 0.189398 0.466953 0.379787 0.190882 0.399014
63.800000 0.054955 0.509091 0.168152 0.189350 0.467613 0.379913 0.190606 0.399416
64.000000 0.054932 0.509401 0.168217 0.189382 0.467998 0.379639 0.190849 0.400025
64.200000 0.055096 0.509580 0.168171 0.189435 0.468857 0.379666 0.190837 0.400540
64.400000 0.055099 0.510199 0.168197 0.189382 0.469130 0.379928 0.190938 0.400707
64.600000 0.055103 0.510375 0.168301 0.189378 0.470017 0.379863 0.190989 0.401455
64.800000 0.054953 0.510453 0.168248 0.189565 0.470706 0.379841 0.190890 0.401765
65.000000 0.055083 0.510818 0.168055 0.189528 0.471288 0.379854 0.190902 0.402264
65.200000 0.055047 0.510894 0.168260 0.189412 0.471684 0.379875 0.191059 0.402799
65.400000 0.055023 0.511122 0.168188 0.189621 0.472345 0.380077 0.191137 0.403154
65.600000 0.055211 0.511666 0.168244 0.189680 0.472878 0.379944 0.191264 0.403665
65.800000 0.055133 0.512050 0.168281 0.189760 0.473516 0.380135 0.191314 0.404125
66.000000 0.055069 0.512083 0.168225 0.189779 0.473940 0.379885 0.191473 0.404556
66.200000 0.055234 0.512650 0.168434 0.189809 0.474650 0.380184 0.191394 0.404989
66.400000 0.055131 0.512781 0.168170 0.189790 0.475278 0.380082 0.191444 0.405365
66.600000 0.055183 0.513133 0.168406 0.189942 0.475757 0.380129 0.191379 0.405807
66.800000 0.055006 0.513169 0.168190 0.190105 0.476225 0.379993 0.191507 0.406467
67.000000 0.055085 0.513339 0.168278 0.189890 0.476896 0.380199 0.191611 0.406765
67.200000 0.055140 0.513848 0.168197 0.189930 0.477319 0.380114 0.191639 0.407111
67.400000 0.055107 0.514028 0.168316 0.190087 0.477902 0.380206 0.191752 0.407596
67.600000 0.055085 0.514171 0.168456 0.189870 0.478258 0.380195 0.191825 0.408039
67.800000 0.055105 0.514502 0.168353 0.190060 0.478671 0.380201 0.191721 0.408461
68.000000 0.055114 0.514695 0.168358 0.190073 0.478888 0.379840 0.191832 0.408860
68.200000 0.055156 0.514738 0.168446 0.189874 0.479419 0.380086 0.191706 0.409211
68.400000 0.055128 0.514872 0.168383 0.190030 0.480217 0.380372 0.192011 0.409790
68.600000 0.055119 0.515369 0.168404 0.190119 0.480734 0.380254 0.192008 0.410026
68.800000 0.055233 0.515528 0.168272 0.190249 0.481138 0.380355 0.192010 0.410357
69.000000 0.055103 0.515749 0.168381 0.190264 0.481708 0.380447 0.192105 0.410833
69.200000 0.055076 0.515798 0.168444 0.190297 0.482014 0.380200 0.192168 0.411218
69.400000 0.055223 0.516174 0.168453 0.190373 0.482649 0.380489 0.192238 0.411681
69.600000 0.054952 0.516348 0.168410 0.190421 0.483020 0.380299 0.192314 0.411755
69.800000 0.054936 0.516549 0.168308 0.190424 0.483514 0.380509 0.192305 0.412188
70.000000 0.055132 0.516640 0.168399 0.190293 0.483895 0.380477 0.192342 0.412551
70.200000 0.055133 0.516885 0.168577 0.190448 0.484383 0.380288 0.192255 0.412765
70.400000 0.055098 0.517079 0.168443 0.190498 0.484871 0.380471 0.192443 0.413263
70.600000 0.055222 0.516935 0.168425 0.190557 0.485209 0.380360 0.192506 0.413415
70.800000 0.055128 0.517351 0.168513 0.190531 0.485635 0.380600 0.192553 0.413919
71.000000 0.055133 0.517485 0.168543 0.190721 0.486018 0.380566 0.192714 0.414260
71.200000 0.055130 0.517698 0.168527 0.190617 0.486372 0.380451 0.192646 0.414500
71.400000 0.055110 0.517848 0.168361 0.190697 0.486830 0.380698 0.192589 0.414795
71.600000 0.055062 0.517935 0.168408 0.190638 0.487297 0.380566 0.192722 0.415130
71.800000 0.055228 0.518113 0.168564 0.190704 0.487586 0.380523 0.192751 0.415391
72.000000 0.055082 0.518206 0.168410 0.190718 0.487856 0.380604 0.192803 0.415622
72.200000 0.055121 0.518348 0.168399 0.190789 0.488147 0.380750 0.192753 0.416015
72.400000 0.055113 0.518603 0.168431 0.190881 0.488691 0.380610 0.192935 0.416358
72.600000 0.055097 0.518686 0.168453 0.190825 0.488984 0.380625 0.192860 0.416629
72.800000 0.054994 0.518921 0.168492 0.190817 0.489422 0.380812 0.192907 0.416796
73.000000 0.055143 0.518981 0.168381 0.191032 0.489656 0.380799 0.193028 0.417039
73.200000 0.055112 0.519006 0.168515 0.191022 0.490052 0.380852 0.193112 0.417359
73.400000 0.055103 0.519381 0.168526 0.191039 0.490430 0.380874 0.193151 0.417582
73.600000 0.055089 0.519387 0.168585 0.190925 0.490633 0.380908 0.193203 0.417972
73.800000 0.055116 0.519469 0.168501 0.190888 0.490921 0.380707 0.193217 0.418186
74.000000 0.055139 0.519407 0.168467 0.190997 0.491218 0.380923 0.193177 0.418482
74.200000 0.055128 0.519829 0.168582 0.191179 0.491543 0.380980 0.193458 0.418550
74.400000 0.055138 0.519976 0.168593 0.191138 0.492027 0.380930 0.193384 0.419080
74.600000 0.055098 0.520072 0.168349 0.191175 0.492425 0.380950 0.193442 0.419447
74.800000 0.055116 0.520208 0.168536 0.191141 0.492802 0.381121 0.193347 0.419604
75.000000 0.055127 0.520202 0.168599 0.191299 0.493044 0.380713 0.193509 0.419663
75.200000 0.055197 0.520238 0.168368 0.191144 0.493378 0.381132 0.193557 0.420005
75.400000 0.055143 0.520184 0.168520 0.191057 0.493659 0.381014 0.193576 0.420367
75.600000 0.055140 0.520565 0.168701 0.191092 0.493855 0.381019 0.193508 0.420458
75.800000 0.055113 0.520632 0.168524 0.191407 0.494148 0.381149 0.193709 0.420606
76.000000 0.055103 0.520865 0.168553 0.191245 0.494536 0.381118 0.193769 0.420936
76.200000 0.055115 0.520828 0.168521 0.191202 0.494752 0.381063 0.193785 0.421025
76.400000 0.055119 0.520923 0.168573 0.191196 0.495082 0.381122 0.193920 0.421321
76.600000 0.055133 0.521124 0.168493 0.191491 0.495325 0.381270 0.193875 0.421540
76.800000 0.055116 0.521314 0.168551 0.191464 0.495479 0.381216 0.193904 0.421888
77.000000 0.055063 0.521369 0.168563 0.191351 0.495799 0.381271 0.193799 0.421968
77.200000 0.055105 0.521234 0.168554 0.191328 0.495955 0.381243 0.194023 0.422112
77.400000 0.055116 0.521481 0.168520 0.191411 0.496384 0.381279 0.193989 0.422351
77.600000 0.055105 0.521608 0.168561 0.191511 0.496563 0.381370 0.193946 0.422639
77.800000 0.055134 0.521603 0.168453 0.191361 0.496755 0.381219 0.194091 0.422702
78.000000 0.055164 0.521745 0.168727 0.191574 0.496925 0.381337 0.194151 0.423124
78.200000 0.055134 0.521843 0.168679 0.191576 0.497353 0.381408 0.194206 0.423003
78.400000 0.055230 0.521780 0.168473 0.191279 0.497530 0.381171 0.194129 0.423157
78.600000 0.055135 0.521985 0.168599 0.191766 0.497845 0.381427 0.194261 0.423546
78.800000 0.055130 0.521944 0.168513 0.191589 0.497769 0.381417 0.194256 0.423686
79.000000 0.054989 0.521998 0.168495 0.191653 0.498091 0.381421 0.194291 0.423850
79.200000 0.055134 0.522032 0.168620 0.191777 0.498516 0.381464 0.194379 0.424043
79.400000 0.055117 0.522168 0.168577 0.191684 0.498699 0.381319 0.194280 0.424084
79.600000 0.055119 0.522330 0.168751 0.191683 0.498893 0.381495 0.194399 0.424497
79.800000 0.055113 0.522539 0.168586 0.191762 0.499046 0.381501 0.194505 0.424382
80.000000 0.055114 0.522585 0.168594 0.191742 0.499365 0.381551 0.194501 0.424654
80.200000 0.055109 0.522477 0.168651 0.191801 0.499620 0.381599 0.194527 0.424854
80.400000 0.055140 0.522620 0.168720 0.191770 0.499511 0.381551 0.194455 0.425031
80.600000 0.055121 0.522704 0.168466 0.192047 0.499897 0.381608 0.194622 0.425271
80.800000 0.055218 0.522727 0.168460 0.191916 0.500259 0.381638 0.194737 0.425352
81.000000 0.055103 0.522592 0.168583 0.191863 0.500403 0.381562 0.194693 0.425466
81.200000 0.055141 0.523034 0.168557 0.191841 0.500503 0.381688 0.194594 0.425606
81.400000 0.055150 0.523050 0.168758 0.191818 0.500793 0.381686 0.194750 0.425862
81.600000 0.055203 0.523030 0.168650 0.191925 0.500845 0.381607 0.194764 0.425766
81.800000 0.055143 0.522971 0.168661 0.192077 0.501121 0.381666 0.194636 0.426061
82.000000 0.055122 0.523163 0.168732 0.191836 0.501218 0.381712 0.194980 0.426278
82.200000 0.055138 0.523219 0.168659 0.192029 0.501419 0.381748 0.194561 0.426213
82.400000 0.055109 0.523261 0.168635 0.191809 0.501646 0.381766 0.194949 0.426446
82.600000 0.055115 0.523214 0.168503 0.192021 0.501688 0.381885 0.194966 0.426512
82.800000 0.055104 0.523181 0.168722 0.192018 0.501971 0.381673 0.194991 0.426720
83.000000 0.055103 0.523297 0.168725 0.192125 0.502203 0.381801 0.195136 0.426830
83.200000 0.055143 0.523467 0.168760 0.191965 0.502442 0.381882 0.195054 0.427039
83.400000 0.055120 0.523406 0.168701 0.191976 0.502539 0.381787 0.195154 0.427177
83.600000 0.055106 0.523402 0.168725 0.192192 0.502671 0.381899 0.195109 0.427231
83.800000 0.055122 0.523530 0.168591 0.192166 0.502712 0.381805 0.195019 0.427321
84.000000 0.055121 0.523621 0.168673 0.192131 0.502973 0.381903 0.195040 0.427337
84.200000 0.055095 0.523608 0.168658 0.192114 0.503183 0.381776 0.195264 0.427606
84.400000 0.055147 0.523567 0.168723 0.192227 0.503317 0.381987 0.195217 0.427792
84.600000 0.055104 0.523780 0.168630 0.192233 0.503365 0.381794 0.234353 0.427792
84.800000 0.055143 0.523814 0.168852 0.192114 0.503582 0.381929 0.234243 0.427913
85.000000 0.055143 0.523960 0.168718 0.192306 0.503821 0.382019 0.156320 0.428161
85.200000 0.055148 0.523829 0.168523 0.192326 0.503991 0.381842 0.195333 0.428042
85.400000 0.055125 0.524082 0.168763 0.192289 0.503877 0.381962 0.195463 0.428402
85.600000 0.055027 0.524029 0.168736 0.192404 0.504174 0.381933 0.195327 0.428409
85.800000 0.055137 0.524107 0.168737 0.192334 0.504304 0.382024 0.195491 0.428495
86.000000 0.055147 0.524203 0.168758 0.192349 0.504353 0.382000 0.195603 0.428635
86.200000 0.055145 0.524107 0.168611 0.192544 0.504500 0.382230 0.195596 0.428793
86.400000 0.055128 0.524193 0.168663 0.192563 0.504798 0.381946 0.195578 0.428826
86.600000 0.055131 0.524378 0.168613 0.192499 0.504820 0.382056 0.195587 0.428979
86.800000 0.055234 0.524359 0.168641 0.192509 0.504845 0.382112 0.195666 0.429055
87.000000 0.055156 0.524208 0.168749 0.192484 0.505117 0.382195 0.195699 0.429150
87.200000 0.055118 0.524391 0.168833 0.192347 0.505298 0.382098 0.195687 0.429276
87.400000 0.055149 0.524364 0.168756 0.192565 0.505449 0.382186 0.195714 0.429122
87.600000 0.055140 0.524308 0.168882 0.192559 0.505565 0.382331 0.195634 0.429447
87.800000 0.055127 0.524554 0.168657 0.192431 0.505538 0.382229 0.195795 0.429540
88.000000 0.055117 0.524451 0.168911 0.192567 0.505625 0.382345 0.195832 0.468633
88.200000 0.055138 0.524526 0.168729 0.192552 0.505857 0.382366 0.195884 0.468672
88.400000 0.055113 0.524498 0.168480 0.192620 0.506062 0.382274 0.195901 0.429741
88.600000 0.055207 0.524609 0.168724 0.192546 0.506070 0.382127 0.195786 0.429781
88.800000 0.055009 0.524665 0.168635 0.192676 0.506249 0.382327 0.195770 0.429956
89.000000 0.055126 0.524643 0.168884 0.192580 0.506435 0.382327 0.196056 0.430036
89.200000 0.055133 0.524735 0.168895 0.192822 0.506513 0.382241 0.195795 0.430000
89.400000 0.055143 0.524672 0.168800 0.192572 0.506455 0.382364 0.195969 0.430085
89.600000 0.055134 0.524842 0.168893 0.192590 0.506718 0.382268 0.196137 0.430154
89.800000 0.055143 0.524820 0.168780 0.192636 0.506837 0.382521 0.196129 0.430015
90.000000 0.055124 0.524900 0.168872 0.192750 0.507042 0.382527 0.196129 0.430596
