0.200000 0.201172 0.424418 0.174290 0.227351 0.498731 0.504661 0.232244 0.416761
0.400000 0.200998 0.423265 0.174226 0.226449 0.496248 0.504423 0.231919 0.414990
0.600000 0.200855 0.422491 0.174249 0.226284 0.494831 0.504582 0.231504 0.413705
0.800000 0.200930 0.422102 0.174035 0.225831 0.493465 0.504391 0.231223 0.412705
1.000000 0.200848 0.421453 0.173951 0.225641 0.491822 0.504389 0.230981 0.411676
1.200000 0.200709 0.420992 0.174054 0.225301 0.490450 0.504353 0.230821 0.410488
1.400000 0.200741 0.420516 0.173820 0.224946 0.489042 0.504270 0.230450 0.409513
1.600000 0.200692 0.420012 0.173926 0.224668 0.487537 0.504052 0.230112 0.408436
1.800000 0.200534 0.419509 0.173650 0.224329 0.486186 0.504014 0.229887 0.407401
2.000000 0.200672 0.418952 0.173680 0.224126 0.484781 0.504059 0.229632 0.406194
2.200000 0.200561 0.418400 0.173715 0.223939 0.483438 0.504124 0.229347 0.405415
2.400000 0.200356 0.417800 0.173718 0.223504 0.481901 0.503983 0.229064 0.404059
2.600000 0.200428 0.417465 0.173605 0.223234 0.480604 0.503749 0.228837 0.403030
2.800000 0.200392 0.416984 0.173609 0.223027 0.479233 0.503837 0.228443 0.402155
3.000000 0.200337 0.416403 0.173514 0.222723 0.477949 0.503748 0.228300 0.401297
3.200000 0.200328 0.415857 0.173413 0.222269 0.476632 0.503688 0.228016 0.400192
3.400000 0.200232 0.415222 0.173548 0.221907 0.475059 0.503547 0.227760 0.399079
3.600000 0.200345 0.414932 0.173323 0.221770 0.473871 0.503867 0.227369 0.398158
3.800000 0.200125 0.414155 0.173395 0.221514 0.472570 0.503498 0.227261 0.396999
4.000000 0.200110 0.413850 0.173270 0.221190 0.471316 0.503265 0.227018 0.396125
4.200000 0.200037 0.413504 0.173256 0.220972 0.469950 0.503360 0.226727 0.395170
4.400000 0.200167 0.412930 0.173305 0.220549 0.468457 0.503308 0.226302 0.393989
4.600000 0.199974 0.412371 0.173177 0.220205 0.467285 0.503153 0.225995 0.393227
4.800000 0.199934 0.411990 0.173135 0.220105 0.466138 0.503234 0.225878 0.392276
5.000000 0.199884 0.411391 0.173004 0.219800 0.464862 0.503285 0.225778 0.391341
5.200000 0.199824 0.411221 0.173000 0.219448 0.463493 0.502974 0.225390 0.390570
5.400000 0.199776 0.410519 0.172884 0.219346 0.462261 0.502958 0.225143 0.389476
5.600000 0.199595 0.410267 0.172943 0.219083 0.461145 0.503074 0.224866 0.388542
5.800000 0.199707 0.409722 0.172926 0.218763 0.459983 0.502778 0.224605 0.387489
6.000000 0.199646 0.409375 0.172869 0.218486 0.458751 0.502600 0.224379 0.386735
6.200000 0.199721 0.408807 0.172870 0.218279 0.457522 0.502821 0.224178 0.385753
6.400000 0.199606 0.408446 0.172879 0.218042 0.456221 0.502700 0.223748 0.384797
6.600000 0.199516 0.407738 0.172677 0.217647 0.454481 0.502740 0.223511 0.383700
6.800000 0.199313 0.407355 0.172613 0.217350 0.453363 0.502424 0.223339 0.382817
7.000000 0.199437 0.407023 0.172471 0.217077 0.452266 0.502493 0.222999 0.381873
7.200000 0.199387 0.406674 0.172579 0.216897 0.450954 0.502324 0.222929 0.380742
7.400000 0.199131 0.405924 0.172492 0.216618 0.449757 0.502409 0.222592 0.379865
7.600000 0.199279 0.405685 0.172371 0.216410 0.448619 0.502220 0.222431 0.379186
7.800000 0.199130 0.405135 0.172508 0.216187 0.447574 0.502106 0.221998 0.378315
8.000000 0.199168 0.404730 0.172543 0.216031 0.446578 0.502226 0.221804 0.377624
8.200000 0.199181 0.404409 0.172374 0.215758 0.445364 0.502156 0.221690 0.376632
8.400000 0.199130 0.403943 0.172313 0.215318 0.444323 0.501897 0.221294 0.375972
8.600000 0.199060 0.403514 0.172328 0.215240 0.443174 0.502127 0.220956 0.375126
8.800000 0.199055 0.403238 0.172131 0.215120 0.442472 0.502011 0.220897 0.374363
9.000000 0.198991 0.402781 0.172264 0.214759 0.441221 0.501732 0.220615 0.373533
9.200000 0.198846 0.402486 0.172212 0.214410 0.440018 0.501821 0.220401 0.372918
9.400000 0.198889 0.402002 0.172056 0.214351 0.438998 0.501719 0.220119 0.371972
9.600000 0.198871 0.401756 0.172045 0.214079 0.437787 0.501597 0.219965 0.371124
9.800000 0.198929 0.401163 0.171968 0.213836 0.436972 0.501412 0.219644 0.370387
10.000000 0.198793 0.400983 0.171998 0.213589 0.435702 0.501267 0.219513 0.369696
10.200000 0.198740 0.400669 0.172116 0.213456 0.434745 0.501502 0.219150 0.368678
10.400000 0.198723 0.400134 0.172058 0.213217 0.433746 0.501366 0.219063 0.368120
10.600000 0.198798 0.399875 0.171961 0.213106 0.432776 0.501272 0.218769 0.367429
10.800000 0.198643 0.399363 0.171924 0.212808 0.431757 0.501347 0.218208 0.366625
11.000000 0.198552 0.399072 0.171806 0.212600 0.430661 0.501118 0.218295 0.365830
11.200000 0.198551 0.398603 0.171933 0.212474 0.429739 0.501236 0.217926 0.365028
11.400000 0.198473 0.398358 0.171679 0.211981 0.428820 0.501019 0.217844 0.364474
11.600000 0.198381 0.397905 0.171701 0.211921 0.427725 0.500961 0.217466 0.363769
11.800000 0.198441 0.397688 0.171697 0.211696 0.426939 0.500965 0.217379 0.362885
12.000000 0.198417 0.397232 0.171695 0.211568 0.425831 0.500926 0.217183 0.362141
12.200000 0.198509 0.397000 0.171655 0.211178 0.424194 0.500805 0.216948 0.361463
12.400000 0.198264 0.396704 0.171567 0.211105 0.423953 0.500645 0.216713 0.360859
12.600000 0.198258 0.396135 0.171579 0.210874 0.422970 0.500681 0.216426 0.359994
12.800000 0.198272 0.395891 0.171604 0.210733 0.422023 0.500784 0.216262 0.359246
13.000000 0.198260 0.395516 0.171631 0.210636 0.420908 0.500502 0.216188 0.358639
13.200000 0.198151 0.395259 0.171642 0.210285 0.420176 0.500537 0.215992 0.358048
13.400000 0.198171 0.395001 0.171450 0.210233 0.419390 0.500354 0.215758 0.357226
13.600000 0.198159 0.394676 0.171439 0.210047 0.418586 0.500433 0.215436 0.356836
13.800000 0.198116 0.394501 0.171429 0.210109 0.417693 0.500194 0.215263 0.356190
14.000000 0.198098 0.393959 0.171493 0.209786 0.416806 0.500276 0.215035 0.355557
14.200000 0.198079 0.393820 0.171253 0.209517 0.416114 0.500206 0.214980 0.355027
14.400000 0.198040 0.393587 0.171483 0.209210 0.415289 0.500206 0.214644 0.354373
14.600000 0.198203 0.393267 0.171292 0.209048 0.414673 0.500045 0.214604 0.353743
14.800000 0.197973 0.392845 0.171253 0.209119 0.413614 0.500125 0.214212 0.353135
15.000000 0.197936 0.392469 0.171148 0.208986 0.412958 0.499877 0.213943 0.352615
15.200000 0.197773 0.392441 0.171266 0.208664 0.412163 0.499984 0.213861 0.352130
15.400000 0.197845 0.392025 0.171123 0.208530 0.411309 0.499973 0.213605 0.351383
15.600000 0.197866 0.391696 0.171185 0.208369 0.410497 0.499923 0.213470 0.350858
15.800000 0.197891 0.391477 0.170997 0.208129 0.409694 0.499647 0.213239 0.350263
16.000000 0.197778 0.391193 0.171158 0.208085 0.408964 0.499774 0.213102 0.349522
16.200000 0.197734 0.390866 0.171062 0.207952 0.408233 0.499533 0.212999 0.349041
16.400000 0.197723 0.390413 0.170903 0.207652 0.407302 0.499705 0.212811 0.348266
16.600000 0.197654 0.390326 0.171182 0.207554 0.406714 0.499639 0.212460 0.347939
16.800000 0.197488 0.390160 0.171114 0.207456 0.405848 0.499520 0.212513 0.347450
17.000000 0.197631 0.389844 0.171018 0.207067 0.405230 0.499337 0.212203 0.346788
17.200000 0.197618 0.389558 0.170939 0.207016 0.404457 0.499130 0.211954 0.346167
17.400000 0.197548 0.389382 0.170747 0.207009 0.403716 0.499364 0.211849 0.345730
17.600000 0.197489 0.389096 0.170904 0.206770 0.402947 0.499173 0.211605 0.345212
17.800000 0.197465 0.388682 0.170818 0.206558 0.402157 0.499012 0.211390 0.344680
18.000000 0.197592 0.388416 0.170784 0.206403 0.401499 0.498880 0.211260 0.344087
18.200000 0.197441 0.388066 0.170786 0.206410 0.400830 0.499085 0.211110 0.343542
18.400000 0.197392 0.388007 0.170823 0.206125 0.400120 0.499022 0.210959 0.343131
18.600000 0.197397 0.387579 0.170779 0.205871 0.399454 0.499023 0.210772 0.342627
18.800000 0.197400 0.387441 0.170877 0.205864 0.398623 0.498900 0.210508 0.341969
19.000000 0.197198 0.387020 0.170662 0.205540 0.397701 0.498825 0.210326 0.341286
19.200000 0.197113 0.386707 0.170630 0.205525 0.397072 0.498934 0.210238 0.340683
19.400000 0.197282 0.386533 0.170670 0.205249 0.396377 0.498506 0.209954 0.340190
19.600000 0.197256 0.386053 0.170676 0.205302 0.395715 0.498575 0.209692 0.339735
19.800000 0.197196 0.386194 0.170560 0.204976 0.394993 0.498611 0.209358 0.339090
20.000000 0.197004 0.385771 0.170682 0.204974 0.394405 0.498638 0.209355 0.338725
20.200000 0.197130 0.385492 0.170618 0.204827 0.393674 0.498399 0.209242 0.338165
20.400000 0.197128 0.385160 0.170459 0.204568 0.392996 0.498388 0.209093 0.337557
20.600000 0.197039 0.384876 0.170476 0.204511 0.392230 0.498162 0.208904 0.337178
20.800000 0.197055 0.384724 0.170482 0.204354 0.391646 0.498217 0.208809 0.336840
21.000000 0.196986 0.384606 0.170589 0.204245 0.391044 0.498286 0.208664 0.336223
21.200000 0.196880 0.384316 0.170584 0.204089 0.390298 0.498137 0.208343 0.335748
21.400000 0.196972 0.384018 0.170475 0.204003 0.389676 0.497971 0.208416 0.335149
21.600000 0.196948 0.383698 0.170341 0.203765 0.388979 0.497953 0.208181 0.334762
21.800000 0.196908 0.383374 0.170342 0.203670 0.388362 0.497859 0.207828 0.334020
22.000000 0.196868 0.383195 0.170361 0.203426 0.387863 0.497793 0.207744 0.333685
22.200000 0.196597 0.382908 0.170212 0.203322 0.386569 0.497687 0.207583 0.333114
22.400000 0.196690 0.382901 0.170237 0.203118 0.386419 0.497736 0.207455 0.332755
22.600000 0.196717 0.382553 0.170251 0.203131 0.385816 0.497835 0.207275 0.332480
22.800000 0.196772 0.382582 0.170171 0.202966 0.385165 0.497593 0.207108 0.331992
23.000000 0.196773 0.382186 0.170260 0.202872 0.384642 0.497662 0.206989 0.331298
23.200000 0.196703 0.381793 0.170258 0.202638 0.383769 0.497400 0.206843 0.330822
23.400000 0.196672 0.381758 0.170262 0.202534 0.383201 0.497511 0.206629 0.330471
23.600000 0.196450 0.381478 0.170068 0.202478 0.382773 0.497403 0.206438 0.329968
23.800000 0.196634 0.381140 0.170151 0.202293 0.382122 0.497354 0.206378 0.329636
24.000000 0.196627 0.381033 0.170084 0.202185 0.381642 0.497434 0.206184 0.329146
24.200000 0.196543 0.380807 0.170059 0.201931 0.380961 0.497257 0.205966 0.328687
24.400000 0.196394 0.380697 0.170060 0.202002 0.380383 0.497015 0.205845 0.328231
24.600000 0.196663 0.380376 0.170040 0.201672 0.379877 0.497215 0.205781 0.327833
24.800000 0.196489 0.380104 0.170006 0.201823 0.379171 0.497201 0.205497 0.327416
25.000000 0.196457 0.379958 0.170048 0.201637 0.378680 0.497109 0.205473 0.326914
25.200000 0.196411 0.379554 0.169875 0.201384 0.377871 0.497118 0.205233 0.326590
25.400000 0.196371 0.379460 0.169861 0.201335 0.377353 0.496873 0.204993 0.325950
25.600000 0.196341 0.379121 0.169862 0.201174 0.376806 0.496765 0.204857 0.325537
25.800000 0.196281 0.378931 0.169730 0.201002 0.376068 0.496643 0.204657 0.325000
26.000000 0.196351 0.378705 0.169839 0.200822 0.375562 0.496741 0.204650 0.324683
26.200000 0.196245 0.378504 0.169972 0.200939 0.374993 0.496558 0.204607 0.324268
26.400000 0.196130 0.378407 0.169682 0.200741 0.374301 0.496524 0.204205 0.323818
26.600000 0.196354 0.378004 0.169787 0.200594 0.374071 0.496444 0.204012 0.323399
26.800000 0.196081 0.377928 0.169954 0.200450 0.373351 0.496494 0.204063 0.323009
27.000000 0.196157 0.377711 0.169728 0.200073 0.372791 0.496442 0.203735 0.322712
27.200000 0.196147 0.377451 0.169784 0.200238 0.372222 0.496319 0.203684 0.322228
27.400000 0.195949 0.377228 0.169550 0.200105 0.371842 0.496103 0.203590 0.321890
27.600000 0.196129 0.377269 0.169687 0.200022 0.371114 0.496135 0.203494 0.321428
27.800000 0.196127 0.376754 0.169653 0.199893 0.370664 0.496059 0.203282 0.321091
28.000000 0.196103 0.376618 0.169579 0.199738 0.370319 0.495912 0.203210 0.320702
28.200000 0.196070 0.376496 0.169650 0.199598 0.369648 0.496048 0.203088 0.320274
28.400000 0.196020 0.376169 0.169591 0.199444 0.369123 0.496009 0.202841 0.319721
28.600000 0.195989 0.376074 0.169629 0.199384 0.368672 0.496004 0.202758 0.319169
28.800000 0.195985 0.375978 0.169634 0.199413 0.368044 0.495962 0.202611 0.319122
29.000000 0.195946 0.375973 0.169561 0.199263 0.367590 0.495820 0.202207 0.318736
29.200000 0.195926 0.375394 0.169655 0.198982 0.367162 0.495755 0.202453 0.318329
29.400000 0.195860 0.375163 0.169430 0.198967 0.366600 0.495482 0.202227 0.317913
29.600000 0.195878 0.375122 0.169493 0.198926 0.365947 0.495685 0.201864 0.317686
29.800000 0.195764 0.374798 0.169197 0.198655 0.365495 0.495510 0.201888 0.317179
30.000000 0.195857 0.374638 0.169476 0.198782 0.364870 0.495563 0.201812 0.316815
30.200000 0.195848 0.374607 0.169350 0.198584 0.364676 0.495475 0.201720 0.316369
30.400000 0.195789 0.374423 0.169373 0.198560 0.364078 0.495588 0.201565 0.316132
30.600000 0.196049 0.374264 0.169380 0.198407 0.363425 0.495443 0.201557 0.315652
30.800000 0.197279 0.373972 0.169358 0.198299 0.363135 0.495358 0.201336 0.315370
31.000000 0.199747 0.373781 0.169489 0.198118 0.362627 0.495200 0.201206 0.314974
31.200000 0.203373 0.373547 0.169240 0.198110 0.362093 0.495164 0.200982 0.314723
31.400000 0.210826 0.373240 0.169361 0.197917 0.361832 0.495104 0.200879 0.314385
31.600000 0.217644 0.373361 0.169390 0.197824 0.361901 0.495139 0.200933 0.314531
31.800000 0.225606 0.373240 0.169421 0.197953 0.362178 0.494932 0.200751 0.314633
32.000000 0.234231 0.373161 0.169459 0.198039 0.362774 0.494994 0.200717 0.314948
32.200000 0.243207 0.373506 0.169507 0.198253 0.363795 0.494902 0.200546 0.315799
32.400000 0.251898 0.373727 0.169673 0.198433 0.365228 0.494955 0.200679 0.316857
32.600000 0.260376 0.374165 0.169559 0.198690 0.367035 0.495125 0.200881 0.318204
32.800000 0.268455 0.375201 0.169222 0.199198 0.369462 0.494851 0.200963 0.319884
33.000000 0.275948 0.376203 0.169773 0.199817 0.372363 0.494750 0.201242 0.321734
33.200000 0.282957 0.377580 0.169888 0.200551 0.375520 0.494858 0.201542 0.324219
33.400000 0.289273 0.379712 0.170229 0.201353 0.379412 0.494978 0.201433 0.326704
33.600000 0.295082 0.382142 0.170186 0.202371 0.383326 0.495109 0.201850 0.329643
33.800000 0.300377 0.385045 0.170617 0.203298 0.387902 0.494814 0.202121 0.333104
34.000000 0.305056 0.388432 0.171157 0.204743 0.392818 0.494959 0.202472 0.336655
34.200000 0.309020 0.392278 0.171554 0.205876 0.397874 0.494973 0.202724 0.340416
34.400000 0.312939 0.396550 0.172109 0.207316 0.403112 0.494864 0.202969 0.344313
34.600000 0.316254 0.401372 0.172672 0.208424 0.408734 0.495096 0.203522 0.348519
34.800000 0.319254 0.406498 0.173075 0.210357 0.414937 0.495060 0.203717 0.353081
35.000000 0.321902 0.412216 0.173502 0.211805 0.420961 0.495010 0.204244 0.357542
35.200000 0.324155 0.418364 0.174020 0.213353 0.427152 0.495117 0.204750 0.362452
35.400000 0.326054 0.424285 0.174764 0.214924 0.433300 0.495145 0.205039 0.367049
35.600000 0.327730 0.430419 0.175244 0.216460 0.439199 0.495099 0.205492 0.371757
35.800000 0.329307 0.437041 0.175877 0.218051 0.445533 0.495164 0.205869 0.376649
36.000000 0.330534 0.443709 0.176376 0.219609 0.452101 0.495407 0.206261 0.381714
36.200000 0.331824 0.450696 0.176718 0.221345 0.458551 0.495437 0.206769 0.386794
36.400000 0.332838 0.457730 0.177344 0.222726 0.465045 0.495328 0.207086 0.391966
36.600000 0.333763 0.465165 0.177835 0.224359 0.471758 0.495254 0.207645 0.397319
36.800000 0.334528 0.472620 0.178264 0.226079 0.478585 0.495321 0.208062 0.402644
37.000000 0.335326 0.480276 0.178883 0.227613 0.485445 0.495303 0.208352 0.408217
37.200000 0.335921 0.488568 0.179530 0.229084 0.492340 0.495331 0.208990 0.413770
37.400000 0.336520 0.496090 0.180072 0.230874 0.499915 0.495550 0.209391 0.420287
37.600000 0.337172 0.468800 0.180808 0.233279 0.509682 0.495709 0.210032 0.427750
37.800000 0.337516 0.515838 0.181259 0.234709 0.516863 0.495594 0.210519 0.433530
38.000000 0.337786 0.523929 0.181671 0.236369 0.523807 0.495636 0.210924 0.439240
38.200000 0.338117 0.532100 0.182114 0.237926 0.530995 0.495822 0.211479 0.445006
38.400000 0.338189 0.539857 0.182564 0.239412 0.538145 0.495626 0.211915 0.450643
38.600000 0.338578 0.548537 0.183072 0.241162 0.545473 0.495954 0.212479 0.456787
38.800000 0.338593 0.556414 0.183444 0.242654 0.552560 0.495924 0.212808 0.462587
39.000000 0.338721 0.564312 0.183931 0.244290 0.559599 0.495800 0.213168 0.468193
39.200000 0.338830 0.572425 0.184348 0.245928 0.566638 0.495934 0.213786 0.474110
39.400000 0.338981 0.580339 0.184801 0.247238 0.574166 0.496138 0.214376 0.479946
39.600000 0.338975 0.588133 0.185391 0.248740 0.581317 0.496133 0.214678 0.485740
39.800000 0.339034 0.595718 0.185707 0.250306 0.588116 0.496218 0.215448 0.491490
40.000000 0.339191 0.603116 0.186210 0.251778 0.595455 0.496265 0.215874 0.497264
40.200000 0.338969 0.611253 0.186511 0.253419 0.602655 0.496360 0.216275 0.503120
40.400000 0.339192 0.618860 0.187199 0.254813 0.609772 0.496194 0.216798 0.509167
40.600000 0.339157 0.626238 0.187537 0.256385 0.617280 0.496446 0.217335 0.514752
40.800000 0.339147 0.633620 0.187859 0.257872 0.624244 0.496469 0.217795 0.520576
41.000000 0.339176 0.640825 0.188426 0.259263 0.631685 0.496559 0.218265 0.526417
41.200000 0.339195 0.648210 0.188838 0.260807 0.638791 0.496771 0.218832 0.532340
41.400000 0.339196 0.655047 0.189253 0.262151 0.646204 0.496685 0.219173 0.538010
41.600000 0.339116 0.661879 0.189589 0.263652 0.653072 0.496826 0.219820 0.543669
41.800000 0.339107 0.668455 0.189865 0.265057 0.660027 0.496795 0.220192 0.549076
42.000000 0.339108 0.674974 0.190564 0.266497 0.667022 0.497041 0.220841 0.554711
42.200000 0.339025 0.681257 0.190878 0.267907 0.673882 0.497059 0.221276 0.560136
42.400000 0.338901 0.687127 0.191115 0.269013 0.680643 0.496798 0.221630 0.565710
42.600000 0.338956 0.693161 0.191543 0.270687 0.687574 0.497053 0.222273 0.571283
42.800000 0.338865 0.698907 0.191667 0.271973 0.694205 0.497098 0.222875 0.576344
43.000000 0.338792 0.704619 0.192227 0.273305 0.700731 0.497157 0.223132 0.581715
43.200000 0.338654 0.710118 0.192648 0.274481 0.707390 0.497152 0.223708 0.586938
43.400000 0.338580 0.715308 0.192882 0.275992 0.713820 0.497215 0.224299 0.592169
43.600000 0.338552 0.720311 0.193062 0.277321 0.720133 0.497409 0.224639 0.597125
43.800000 0.338514 0.725523 0.193617 0.278566 0.727083 0.497373 0.225248 0.603300
44.000000 0.338353 0.731721 0.193873 0.280386 0.735263 0.497583 0.225973 0.609398
44.200000 0.338174 0.736330 0.194359 0.281593 0.741411 0.497630 0.226339 0.614082
44.400000 0.338175 0.740566 0.194408 0.282868 0.747165 0.497700 0.226755 0.618861
44.600000 0.338113 0.744725 0.194956 0.284096 0.753169 0.497730 0.227320 0.623655
44.800000 0.338064 0.748919 0.195173 0.285289 0.759016 0.497824 0.227731 0.628351
45.000000 0.337892 0.752649 0.195377 0.286545 0.764483 0.497696 0.228199 0.632717
45.200000 0.337885 0.756344 0.195733 0.287750 0.770232 0.497921 0.228657 0.637494
45.400000 0.337827 0.760036 0.195935 0.288987 0.775715 0.498003 0.229064 0.641997
45.600000 0.337440 0.763125 0.196335 0.289964 0.780951 0.498095 0.229634 0.646317
45.800000 0.337371 0.766394 0.196385 0.291174 0.786188 0.497897 0.230054 0.650331
46.000000 0.337443 0.769727 0.196762 0.292388 0.791517 0.498197 0.230607 0.654790
46.200000 0.337501 0.772855 0.197045 0.293459 0.796674 0.498052 0.231023 0.658776
46.400000 0.337341 0.775601 0.197158 0.294619 0.801570 0.498164 0.231609 0.662886
46.600000 0.337079 0.778112 0.197580 0.295655 0.806377 0.498228 0.232063 0.666792
46.800000 0.336955 0.781054 0.197660 0.296648 0.811192 0.498418 0.232313 0.670885
47.000000 0.337008 0.783472 0.198030 0.297952 0.815986 0.498455 0.232608 0.674675
47.200000 0.336947 0.785696 0.198435 0.299015 0.820662 0.498532 0.233389 0.678463
47.400000 0.336849 0.788311 0.198612 0.300067 0.825139 0.498630 0.233730 0.682176
47.600000 0.336731 0.790493 0.198711 0.301205 0.829532 0.498592 0.234205 0.685815
47.800000 0.336477 0.792904 0.199012 0.302257 0.833986 0.498664 0.234634 0.689346
48.000000 0.336507 0.794739 0.199097 0.303221 0.838266 0.498767 0.235040 0.693013
48.200000 0.336400 0.796505 0.199551 0.304298 0.842164 0.498819 0.235477 0.696393
48.400000 0.336279 0.798419 0.199626 0.305454 0.846279 0.498810 0.235722 0.699496
48.600000 0.336127 0.800262 0.199659 0.306324 0.850306 0.499055 0.236350 0.702972
48.800000 0.336032 0.801699 0.199976 0.307201 0.854080 0.499070 0.236735 0.706060
49.000000 0.335859 0.803723 0.200083 0.308322 0.857857 0.499016 0.237205 0.709149
49.200000 0.335807 0.804975 0.200278 0.309001 0.861320 0.499007 0.237552 0.712013
49.400000 0.335797 0.806582 0.200474 0.310208 0.865057 0.499258 0.238112 0.715143
49.600000 0.335792 0.808160 0.200756 0.311074 0.868817 0.499340 0.238465 0.718127
49.800000 0.335624 0.809386 0.200816 0.312151 0.872022 0.499481 0.238859 0.720860
50.000000 0.335538 0.810499 0.201057 0.312954 0.875297 0.499550 0.239262 0.723818
50.200000 0.335367 0.812201 0.201116 0.314218 0.879216 0.499429 0.239806 0.727273
50.400000 0.335338 0.813571 0.201541 0.315176 0.882366 0.499562 0.240319 0.729975
50.600000 0.335278 0.814411 0.201437 0.316052 0.885710 0.499445 0.240666 0.732306
50.800000 0.335090 0.815663 0.201873 0.316916 0.888756 0.499659 0.240914 0.735117
51.000000 0.335112 0.816552 0.201762 0.317692 0.891683 0.499775 0.241426 0.737507
51.200000 0.335203 0.817521 0.202060 0.318678 0.894648 0.499870 0.241947 0.739986
51.400000 0.335035 0.818536 0.202273 0.319646 0.897521 0.499750 0.242155 0.742378
51.600000 0.335052 0.819294 0.202285 0.320520 0.900399 0.499967 0.242490 0.744749
51.800000 0.334913 0.820200 0.202552 0.321496 0.902920 0.499830 0.243050 0.747213
52.000000 0.334699 0.820943 0.202554 0.322163 0.905706 0.499903 0.243276 0.749309
52.200000 0.334626 0.821700 0.202827 0.323194 0.908273 0.500079 0.243741 0.751370
52.400000 0.334849 0.822718 0.202898 0.323877 0.911009 0.500242 0.244022 0.753781
52.600000 0.334721 0.823229 0.202999 0.324823 0.913252 0.500266 0.244715 0.755668
52.800000 0.334628 0.824114 0.203238 0.325569 0.915711 0.500196 0.244824 0.757749
53.000000 0.334681 0.824488 0.203296 0.326369 0.917952 0.500367 0.245346 0.759679
53.200000 0.334678 0.825079 0.203577 0.327212 0.920339 0.500571 0.245795 0.761571
53.400000 0.334755 0.825934 0.203575 0.328040 0.922691 0.500407 0.245836 0.763632
53.600000 0.334777 0.826383 0.203686 0.328742 0.924813 0.500420 0.246314 0.765263
53.800000 0.334541 0.826920 0.203846 0.329586 0.926980 0.500507 0.246524 0.766919
54.000000 0.334715 0.827615 0.203900 0.330296 0.929283 0.500528 0.247049 0.768918
54.200000 0.334631 0.828095 0.204091 0.331224 0.931190 0.500770 0.247568 0.770722
54.400000 0.334634 0.828632 0.204027 0.331768 0.932983 0.500751 0.247892 0.772371
54.600000 0.334743 0.829301 0.204234 0.332561 0.935114 0.500805 0.248108 0.774038
54.800000 0.334693 0.829685 0.204427 0.333546 0.936955 0.500972 0.248491 0.775605
55.000000 0.334712 0.830135 0.204473 0.334222 0.938898 0.500829 0.249000 0.777190
55.200000 0.334755 0.830341 0.204485 0.335021 0.940867 0.500949 0.249190 0.778940
55.400000 0.334652 0.830712 0.204710 0.335752 0.942414 0.501239 0.249618 0.780343
55.600000 0.334494 0.831363 0.204757 0.336373 0.944309 0.501113 0.250021 0.781736
55.800000 0.334526 0.831853 0.204864 0.337214 0.946074 0.500901 0.250225 0.783147
56.000000 0.334497 0.832068 0.205057 0.338120 0.947698 0.501214 0.250709 0.784702
56.200000 0.334510 0.832523 0.205202 0.338766 0.949648 0.501481 0.251161 0.786420
56.400000 0.334336 0.833055 0.205305 0.339608 0.951719 0.501351 0.251589 0.787876
56.600000 0.334414 0.833574 0.205394 0.340380 0.953328 0.501317 0.251874 0.789307
56.800000 0.334302 0.833631 0.205479 0.340900 0.954822 0.501459 0.252224 0.790627
57.000000 0.334092 0.834116 0.205590 0.341630 0.956246 0.501626 0.252511 0.791719
57.200000 0.334151 0.834355 0.205671 0.342347 0.957652 0.501670 0.252838 0.792982
57.400000 0.334130 0.834535 0.205690 0.342938 0.959046 0.501821 0.253295 0.794084
57.600000 0.333873 0.834719 0.205718 0.343645 0.960407 0.501783 0.253250 0.795170
57.800000 0.333915 0.835041 0.205879 0.344121 0.961643 0.501595 0.253639 0.796211
58.000000 0.333823 0.835136 0.205992 0.344888 0.963193 0.501904 0.254052 0.797526
58.200000 0.333630 0.835450 0.205866 0.345691 0.964362 0.501922 0.254219 0.798597
58.400000 0.333589 0.835849 0.206283 0.346288 0.965593 0.502028 0.254603 0.799586
58.600000 0.333440 0.836176 0.206290 0.347087 0.966810 0.501875 0.254668 0.800818
58.800000 0.333445 0.836189 0.206240 0.347531 0.968132 0.502039 0.255247 0.801761
59.000000 0.333297 0.836248 0.206446 0.348102 0.969311 0.502148 0.255513 0.802500
59.200000 0.333241 0.836671 0.206547 0.348777 0.970265 0.502210 0.255863 0.803389
59.400000 0.333114 0.836712 0.206468 0.349472 0.971647 0.502247 0.256123 0.804538
59.600000 0.332983 0.836966 0.206444 0.350042 0.972670 0.502215 0.256438 0.805506
59.800000 0.332877 0.837078 0.206515 0.350368 0.973496 0.502195 0.256596 0.806045
60.000000 0.332611 0.837031 0.206586 0.351255 0.974679 0.502406 0.256923 0.807009
60.200000 0.332637 0.837051 0.206576 0.351856 0.975930 0.502303 0.257309 0.807992
60.400000 0.332773 0.837504 0.207042 0.352727 0.977026 0.502474 0.257576 0.809183
60.600000 0.332535 0.837572 0.206957 0.353251 0.978274 0.502558 0.258119 0.810065
60.800000 0.332354 0.837317 0.206822 0.353872 0.979049 0.502714 0.258108 0.810753
61.000000 0.332437 0.837811 0.206720 0.354519 0.980215 0.502634 0.258554 0.811707
61.200000 0.332487 0.837796 0.207174 0.355073 0.981116 0.502830 0.258826 0.812502
61.400000 0.332435 0.837841 0.207157 0.355574 0.981758 0.502837 0.259005 0.813063
61.600000 0.332281 0.837966 0.207344 0.356236 0.982794 0.502976 0.259389 0.813704
61.800000 0.332065 0.837754 0.207353 0.356562 0.983419 0.503033 0.259591 0.814433
62.000000 0.332166 0.837982 0.207505 0.357294 0.984352 0.502943 0.259825 0.815001
62.200000 0.331948 0.837870 0.207405 0.357691 0.985118 0.503057 0.260026 0.815867
62.400000 0.332012 0.837983 0.207733 0.358491 0.986314 0.503265 0.260614 0.816480
62.600000 0.331989 0.838118 0.207598 0.359143 0.986914 0.503368 0.260750 0.817239
62.800000 0.331773 0.837933 0.207449 0.359503 0.987631 0.503331 0.260975 0.817742
63.000000 0.331839 0.838172 0.207629 0.360059 0.988464 0.503235 0.261332 0.818376
63.200000 0.331857 0.838028 0.207810 0.360582 0.989016 0.503363 0.261384 0.818795
63.400000 0.331769 0.837969 0.207441 0.361000 0.989762 0.503463 0.261773 0.819457
63.600000 0.331821 0.838195 0.207612 0.361545 0.990421 0.503417 0.261991 0.820114
63.800000 0.331610 0.838043 0.207970 0.362005 0.990988 0.503586 0.262226 0.820537
64.000000 0.331775 0.838200 0.207723 0.362622 0.991918 0.503544 0.262337 0.820963
64.200000 0.331852 0.838074 0.207931 0.362884 0.992583 0.503505 0.262644 0.821630
64.400000 0.331624 0.838105 0.207863 0.363519 0.993011 0.503696 0.262969 0.822130
64.600000 0.331612 0.838069 0.208020 0.363921 0.993539 0.503767 0.263193 0.822522
64.800000 0.331422 0.838094 0.208079 0.364457 0.994178 0.503772 0.263495 0.822706
65.000000 0.331598 0.838111 0.208030 0.364854 0.994857 0.503831 0.263607 0.823387
65.200000 0.331541 0.838016 0.207994 0.365381 0.995381 0.503731 0.263968 0.824053
65.400000 0.331467 0.838119 0.208136 0.365828 0.995859 0.503929 0.264089 0.824508
65.600000 0.331343 0.837977 0.208134 0.366253 0.996297 0.503806 0.264142 0.824730
65.800000 0.331182 0.837982 0.208177 0.366721 0.996875 0.503914 0.264002 0.825186
66.000000 0.331337 0.838079 0.208433 0.367145 0.997619 0.504113 0.264782 0.825713
66.200000 0.331121 0.838056 0.208198 0.367529 0.998030 0.504219 0.264847 0.826120
66.400000 0.331153 0.837981 0.208454 0.368156 0.998592 0.504008 0.265172 0.826492
66.600000 0.330980 0.837943 0.208747 0.368745 0.999106 0.504139 0.265375 0.826825
66.800000 0.331100 0.837762 0.208472 0.369064 0.999493 0.504439 0.265585 0.827269
67.000000 0.330993 0.837860 0.208479 0.369514 1.000079 0.504451 0.265958 0.827748
67.200000 0.330857 0.837940 0.208459 0.369880 1.000255 0.504376 0.266023 0.828062
67.400000 0.330799 0.837721 0.208597 0.370402 1.000921 0.504360 0.266206 0.828261
67.600000 0.330725 0.837970 0.208678 0.370843 1.001395 0.504510 0.266483 0.828803
67.800000 0.330517 0.837962 0.208684 0.371029 1.001714 0.504587 0.266635 0.828951
68.000000 0.330632 0.837778 0.208867 0.371594 1.002149 0.504472 0.266871 0.829418
68.200000 0.330489 0.837902 0.208806 0.372209 1.002616 0.504575 0.266942 0.829663
68.400000 0.330488 0.837760 0.208800 0.372498 1.002867 0.504702 0.267242 0.829936
68.600000 0.330381 0.837588 0.208746 0.372815 1.003164 0.504696 0.267452 0.830188
68.800000 0.330275 0.837476 0.208808 0.373164 1.003465 0.504714 0.267516 0.830368
69.000000 0.330262 0.837455 0.208743 0.373608 1.004082 0.504898 0.267753 0.830729
69.200000 0.330193 0.837315 0.208784 0.373983 1.004448 0.504877 0.268014 0.831035
69.400000 0.330101 0.837432 0.208988 0.374444 1.004395 0.504934 0.268222 0.831314
69.600000 0.330088 0.837296 0.208958 0.374659 1.004959 0.504957 0.268301 0.831529
69.800000 0.329923 0.837254 0.208963 0.375189 1.005289 0.504863 0.268428 0.832000
70.000000 0.329976 0.837230 0.208955 0.375533 1.005657 0.505101 0.268578 0.831981
70.200000 0.330006 0.837123 0.209016 0.375741 1.005653 0.505130 0.268841 0.832156
70.400000 0.329923 0.837233 0.208908 0.376387 1.006187 0.505015 0.268742 0.832462
70.600000 0.329896 0.837039 0.209057 0.376769 1.006705 0.505310 0.269265 0.832915
70.800000 0.329773 0.836824 0.209072 0.377128 1.006919 0.505302 0.269509 0.832859
71.000000 0.329790 0.836888 0.209137 0.377427 1.007148 0.505245 0.269546 0.833151
71.200000 0.329865 0.836761 0.209072 0.377768 1.007431 0.505388 0.269692 0.833433
71.400000 0.329891 0.836615 0.209236 0.378158 1.007876 0.505487 0.269932 0.833794
71.600000 0.329856 0.836737 0.209144 0.378662 1.007981 0.505313 0.269933 0.833851
71.800000 0.329937 0.836694 0.209329 0.378981 1.008194 0.505503 0.270377 0.834011
72.000000 0.329825 0.836359 0.209304 0.379322 1.008530 0.505455 0.270097 0.834320
72.200000 0.329787 0.836099 0.209309 0.379756 1.009050 0.505611 0.270661 0.834482
72.400000 0.329872 0.836421 0.209352 0.379996 1.009194 0.505636 0.270740 0.834711
72.600000 0.329837 0.836253 0.209355 0.380282 1.009104 0.505716 0.270939 0.834895
72.800000 0.329834 0.836391 0.209402 0.380575 1.009614 0.505799 0.271072 0.835142
73.000000 0.329760 0.836315 0.209451 0.381089 1.009613 0.505844 0.271220 0.835310
73.200000 0.329973 0.836254 0.209506 0.381433 1.010132 0.505754 0.271392 0.835497
73.400000 0.329846 0.836157 0.209231 0.381709 1.010375 0.505871 0.271308 0.835653
73.600000 0.329944 0.836000 0.209527 0.382043 1.010389 0.506071 0.271613 0.835833
73.800000 0.330035 0.836057 0.209606 0.382441 1.010753 0.505997 0.271745 0.835756
74.000000 0.329762 0.835880 0.209503 0.382764 1.011000 0.506024 0.271918 0.835893
74.200000 0.329983 0.836049 0.209577 0.383111 1.011291 0.506222 0.272157 0.836349
74.400000 0.329989 0.835954 0.209729 0.383502 1.011508 0.506249 0.272341 0.836576
74.600000 0.329851 0.836017 0.209700 0.383915 1.011787 0.506210 0.272430 0.836707
74.800000 0.329808 0.836167 0.209745 0.384123 1.012056 0.506215 0.272626 0.836792
75.000000 0.329834 0.835917 0.209765 0.384538 1.012313 0.506231 0.272681 0.836991
75.200000 0.329837 0.835987 0.209684 0.384931 1.012467 0.506427 0.272892 0.837174
75.400000 0.329719 0.835794 0.210022 0.385094 1.012477 0.506287 0.273073 0.837323
75.600000 0.329438 0.835993 0.209827 0.385533 1.012744 0.506453 0.273130 0.837417
75.800000 0.329644 0.835962 0.209910 0.385891 1.013460 0.506572 0.273413 0.837676
76.000000 0.329585 0.835928 0.209799 0.386074 1.013287 0.506473 0.273425 0.837887
76.200000 0.329556 0.835777 0.209759 0.386124 1.013387 0.506595 0.273557 0.837913
76.400000 0.329403 0.835823 0.209945 0.386797 1.013354 0.506723 0.273643 0.837905
76.600000 0.329382 0.835732 0.209841 0.386765 1.013672 0.506709 0.273661 0.838298
76.800000 0.329272 0.835787 0.210051 0.387343 1.013877 0.506605 0.273957 0.838547
77.000000 0.329418 0.836004 0.210019 0.387521 1.014176 0.506767 0.274052 0.838581
77.200000 0.329172 0.835641 0.210087 0.388083 1.014144 0.506995 0.274240 0.838558
77.400000 0.329019 0.835700 0.210055 0.388252 1.014391 0.506783 0.274447 0.838732
77.600000 0.329036 0.835476 0.210091 0.388627 1.014298 0.506783 0.274420 0.838736
77.800000 0.329095 0.835437 0.210099 0.388655 1.014659 0.507014 0.274361 0.838734
78.000000 0.328842 0.835610 0.210074 0.388970 1.014571 0.507011 0.274798 0.838904
78.200000 0.328940 0.835474 0.210219 0.389540 1.014891 0.506933 0.274922 0.839002
78.400000 0.328908 0.835342 0.210124 0.389726 1.014999 0.506902 0.274814 0.839231
78.600000 0.328901 0.835273 0.210182 0.389890 1.015012 0.506920 0.275024 0.839093
78.800000 0.328956 0.835335 0.210238 0.390258 1.015365 0.507320 0.275191 0.839526
79.000000 0.328863 0.835529 0.210230 0.390605 1.015275 0.507308 0.275207 0.839520
79.200000 0.328903 0.835151 0.210375 0.390904 1.015617 0.507118 0.275397 0.839529
79.400000 0.328681 0.835188 0.210411 0.391104 1.015884 0.507359 0.275515 0.839769
79.600000 0.328676 0.835000 0.210227 0.391359 0.976608 0.507636 0.275568 0.839719
79.800000 0.328788 0.834881 0.210272 0.391488 1.015636 0.507416 0.275570 0.839818
80.000000 0.328930 0.835162 0.210359 0.391981 1.016034 0.507502 0.275805 0.839945
80.200000 0.328683 0.834974 0.210386 0.392197 1.016312 0.507654 0.275970 0.840099
80.400000 0.328749 0.834956 0.210403 0.392559 1.016325 0.507520 0.276056 0.840019
80.600000 0.328541 0.834661 0.210288 0.392807 1.016392 0.507674 0.276126 0.840123
80.800000 0.328497 0.834761 0.210267 0.392779 1.016293 0.507511 0.276230 0.840193
81.000000 0.328621 0.834707 0.210478 0.393114 1.016404 0.507702 0.276485 0.840448
81.200000 0.328527 0.834627 0.210425 0.393468 1.016418 0.507760 0.276381 0.840179
81.400000 0.328567 0.834536 0.210280 0.393749 1.016671 0.507761 0.276408 0.840163
81.600000 0.328553 0.834586 0.210660 0.393913 1.016701 0.507863 0.276605 0.840548
81.800000 0.328472 0.834422 0.210424 0.394266 1.016727 0.507811 0.276713 0.840398
82.000000 0.328541 0.834615 0.210497 0.394850 1.016969 0.507918 0.276828 0.840463
82.200000 0.328381 0.834328 0.210505 0.394659 1.017287 0.507858 0.276910 0.840728
82.400000 0.328453 0.834674 0.210425 0.394723 1.016996 0.507841 0.276820 0.840520
82.600000 0.328298 0.834449 0.210432 0.395126 1.017043 0.507990 0.277064 0.840609
82.800000 0.328227 0.834111 0.210490 0.395212 1.017221 0.507831 0.277188 0.840836
83.000000 0.328361 0.834306 0.210641 0.395378 1.017372 0.508179 0.277104 0.840835
83.200000 0.328230 0.834271 0.210650 0.395779 1.017352 0.508179 0.277362 0.840870
83.400000 0.328357 0.834150 0.210581 0.395904 1.017379 0.508173 0.277276 0.840888
83.600000 0.328312 0.834202 0.210695 0.396181 1.017735 0.508193 0.277448 0.841037
83.800000 0.328113 0.833920 0.210603 0.396503 1.017462 0.508162 0.277674 0.840886
84.000000 0.328181 0.834021 0.210720 0.396620 1.017590 0.508316 0.277689 0.840994
84.200000 0.328198 0.834105 0.210603 0.397031 1.017864 0.508399 0.277612 0.841153
84.400000 0.328106 0.833933 0.210624 0.397146 1.017805 0.508402 0.277711 0.841102
84.600000 0.328098 0.833777 0.210736 0.397129 1.017784 0.508449 0.277906 0.841093
84.800000 0.327963 0.833862 0.210874 0.397489 1.017821 0.508493 0.277975 0.841198
85.000000 0.328077 0.833683 0.210786 0.397741 1.017715 0.508521 0.278134 0.841168
85.200000 0.327973 0.833444 0.210604 0.397731 1.017639 0.508498 0.278086 0.841133
85.400000 0.328001 0.833675 0.210796 0.398096 1.018018 0.508653 0.278119 0.841137
85.600000 0.327776 0.833630 0.210700 0.398392 1.017837 0.508637 0.278239 0.841277
85.800000 0.327876 0.833438 0.210791 0.398431 1.017971 0.508690 0.278202 0.841347
86.000000 0.327885 0.833508 0.210741 0.398610 1.017965 0.508598 0.278539 0.841242
86.200000 0.327876 0.833473 0.210873 0.398912 1.017945 0.508770 0.278484 0.841466
86.400000 0.327859 0.833510 0.210845 0.399120 1.018068 0.508584 0.278569 0.841357
86.600000 0.327762 0.833583 0.210934 0.399447 1.017965 0.508950 0.278702 0.841544
86.800000 0.327829 0.833137 0.210881 0.399544 1.018272 0.508751 0.278682 0.841456
87.000000 0.327719 0.833275 0.211125 0.399816 1.018138 0.508924 0.278642 0.841592
87.200000 0.327817 0.833041 0.210848 0.400073 1.018183 0.508875 0.278888 0.841385
87.400000 0.327858 0.833081 0.210750 0.400276 1.018306 0.509014 0.278823 0.841641
87.600000 0.327840 0.833016 0.210945 0.400392 1.018081 0.509182 0.278995 0.841629
87.800000 0.328026 0.833092 0.210950 0.400618 1.018465 0.509054 0.278950 0.841434
88.000000 0.328043 0.832691 0.210948 0.400626 1.018433 0.509092 0.279234 0.841411
88.200000 0.327952 0.832949 0.210903 0.400943 1.018391 0.509070 0.279112 0.841572
88.400000 0.327930 0.833094 0.210968 0.401013 1.018394 0.509062 0.279375 0.841438
88.600000 0.327852 0.832522 0.210959 0.401275 1.018506 0.509081 0.279317 0.841526
88.800000 0.327990 0.832771 0.211009 0.401520 1.018527 0.509268 0.279360 0.841790
89.000000 0.327978 0.832833 0.211156 0.401632 1.018537 0.509253 0.279505 0.841706
89.200000 0.327967 0.832793 0.210968 0.401945 1.018430 0.509319 0.279461 0.841748
89.400000 0.327786 0.832729 0.211149 0.401916 1.018608 0.509254 0.279509 0.841789
89.600000 0.327798 0.832498 0.210891 0.402099 1.018665 0.509343 0.279622 0.841577
89.800000 0.327770 0.832601 0.211123 0.402082 1.018810 0.509592 0.279747 0.841969
90.000000 0.327878 0.832938 0.211090 0.402532 1.018857 0.509570 0.279740 0.841973
