0.200000 0.215761 0.343385 0.136275 0.156459 0.320318 0.467348 0.159129 0.272390
0.400000 0.215615 0.342616 0.136494 0.195274 0.319154 0.466942 0.158861 0.271494
0.600000 0.215679 0.342392 0.136423 0.195245 0.318542 0.466915 0.158683 0.270848
0.800000 0.215721 0.342156 0.136301 0.156195 0.317757 0.466775 0.158561 0.270483
1.000000 0.215566 0.341725 0.136358 0.156071 0.317133 0.466822 0.158500 0.269966
1.200000 0.215517 0.341513 0.136322 0.155807 0.316592 0.466906 0.158302 0.269432
1.400000 0.215581 0.341155 0.136353 0.155890 0.315715 0.466617 0.158277 0.268970
1.600000 0.215483 0.340847 0.136353 0.155726 0.315197 0.466858 0.158191 0.268515
1.800000 0.215446 0.340602 0.136266 0.155783 0.314602 0.466716 0.158047 0.268030
2.000000 0.215416 0.340355 0.136412 0.155635 0.313941 0.466502 0.158077 0.267400
2.200000 0.215421 0.340093 0.136197 0.155599 0.313271 0.466735 0.157830 0.267096
2.400000 0.215388 0.339778 0.136336 0.155395 0.312695 0.466555 0.157556 0.266705
2.600000 0.215378 0.339450 0.136184 0.155312 0.312116 0.466490 0.157756 0.266166
2.800000 0.215206 0.339075 0.136206 0.155414 0.311518 0.466484 0.157609 0.265640
3.000000 0.215266 0.338953 0.136252 0.155306 0.310972 0.466418 0.157437 0.265106
3.200000 0.215244 0.338529 0.136200 0.155053 0.310389 0.466301 0.157292 0.264606
3.400000 0.215254 0.338563 0.136225 0.155091 0.309793 0.466324 0.157205 0.264260
3.600000 0.215199 0.338275 0.136163 0.154924 0.309114 0.466211 0.157090 0.263861
3.800000 0.215193 0.337753 0.135986 0.154939 0.308474 0.466228 0.156897 0.263396
4.000000 0.215171 0.337587 0.136154 0.154800 0.307903 0.466008 0.156865 0.263002
4.200000 0.215113 0.337446 0.136089 0.154727 0.307455 0.466021 0.156825 0.262527
4.400000 0.215110 0.337130 0.136113 0.154572 0.306752 0.465940 0.156699 0.262062
4.600000 0.215094 0.336878 0.136008 0.154610 0.306102 0.465916 0.156577 0.261671
4.800000 0.215026 0.336555 0.136080 0.154568 0.305485 0.465856 0.156707 0.261174
5.000000 0.215012 0.336396 0.136076 0.154433 0.304787 0.465618 0.156381 0.260735
5.200000 0.214935 0.336137 0.136087 0.154240 0.304459 0.465722 0.156283 0.260273
5.400000 0.214937 0.335732 0.136020 0.154328 0.303798 0.465818 0.156198 0.259968
5.600000 0.214916 0.335424 0.135832 0.154415 0.303250 0.465606 0.156181 0.259459
5.800000 0.214914 0.335348 0.135981 0.154148 0.302842 0.465621 0.155965 0.258956
6.000000 0.214887 0.335006 0.135807 0.154174 0.302186 0.465697 0.155929 0.258591
6.200000 0.214831 0.334711 0.135962 0.153937 0.301584 0.465605 0.155799 0.258265
6.400000 0.214747 0.334487 0.136004 0.154262 0.301158 0.465637 0.155678 0.257719
6.600000 0.214781 0.334271 0.135892 0.154098 0.300140 0.465418 0.155550 0.257181
6.800000 0.214739 0.333978 0.135819 0.153870 0.299790 0.465303 0.155439 0.256709
7.000000 0.214773 0.333656 0.135945 0.153694 0.299125 0.465501 0.155388 0.256491
7.200000 0.214662 0.333486 0.135831 0.153616 0.298542 0.465168 0.155293 0.255749
7.400000 0.214638 0.333176 0.135928 0.153583 0.298009 0.465145 0.155307 0.255520
7.600000 0.214623 0.332898 0.135944 0.153558 0.297453 0.465238 0.155097 0.255095
7.800000 0.214627 0.332702 0.135883 0.153561 0.296834 0.465173 0.154969 0.254767
8.000000 0.214598 0.332375 0.135815 0.153353 0.296457 0.465156 0.154903 0.254228
8.200000 0.214544 0.332116 0.135662 0.153055 0.295771 0.464978 0.154794 0.253878
8.400000 0.214396 0.332050 0.135824 0.153245 0.295265 0.464989 0.154662 0.253491
8.600000 0.214516 0.331851 0.135706 0.153222 0.294822 0.465014 0.154660 0.253264
8.800000 0.214489 0.331560 0.135798 0.153052 0.294638 0.464910 0.154425 0.252829
9.000000 0.214486 0.331330 0.135687 0.153155 0.293757 0.464824 0.154542 0.252376
9.200000 0.214258 0.331066 0.135715 0.153061 0.293287 0.464925 0.154366 0.252031
9.400000 0.214433 0.330702 0.135654 0.152984 0.292909 0.464880 0.154562 0.251701
9.600000 0.214402 0.330676 0.135734 0.152951 0.292454 0.464725 0.154196 0.251445
9.800000 0.214345 0.330490 0.135718 0.152795 0.291734 0.464782 0.154257 0.250923
10.000000 0.214338 0.330209 0.135662 0.152805 0.291516 0.464529 0.154018 0.250541
10.200000 0.214266 0.329998 0.135618 0.152637 0.291129 0.464585 0.153914 0.250043
10.400000 0.214331 0.329857 0.135705 0.152689 0.290644 0.464498 0.153965 0.249683
10.600000 0.214309 0.329558 0.135731 0.152720 0.290058 0.464501 0.153787 0.249332
10.800000 0.213935 0.329385 0.135759 0.152462 0.289527 0.464382 0.153613 0.248959
11.000000 0.214088 0.329129 0.135769 0.152481 0.289112 0.464408 0.153745 0.248761
11.200000 0.214096 0.329127 0.135596 0.152491 0.288455 0.464293 0.153647 0.248563
11.400000 0.214151 0.328730 0.135415 0.152267 0.288204 0.464305 0.153341 0.248047
11.600000 0.214176 0.328423 0.135606 0.152192 0.287481 0.464042 0.153360 0.247697
11.800000 0.214148 0.327946 0.135599 0.152136 0.287297 0.464103 0.153227 0.247167
12.000000 0.214095 0.328118 0.135575 0.152179 0.286559 0.464020 0.153263 0.246892
12.200000 0.214076 0.327854 0.135582 0.152189 0.286344 0.464112 0.153120 0.246719
12.400000 0.214062 0.327748 0.135516 0.151989 0.285748 0.464038 0.153188 0.246330
12.600000 0.214004 0.327486 0.135499 0.151907 0.285224 0.463929 0.152786 0.245860
12.800000 0.214015 0.327396 0.135634 0.151904 0.284885 0.463992 0.152870 0.245615
13.000000 0.214022 0.327227 0.135664 0.151846 0.284456 0.463964 0.152766 0.245320
13.200000 0.214048 0.326936 0.135477 0.151873 0.284024 0.463907 0.152717 0.244979
13.400000 0.213966 0.326706 0.135482 0.151719 0.283599 0.463850 0.152598 0.244647
13.600000 0.214080 0.326630 0.135476 0.151613 0.283419 0.463572 0.152445 0.244357
13.800000 0.214068 0.326335 0.135360 0.151787 0.282754 0.463564 0.152459 0.243990
14.000000 0.213879 0.326229 0.135527 0.151711 0.282333 0.463429 0.152289 0.243769
14.200000 0.213654 0.326044 0.135422 0.151598 0.281774 0.463547 0.152226 0.243249
14.400000 0.213823 0.325688 0.135269 0.151531 0.281540 0.463468 0.152133 0.243078
14.600000 0.213861 0.325714 0.135393 0.151383 0.281184 0.463405 0.152189 0.242820
14.800000 0.213649 0.325367 0.135353 0.151273 0.280912 0.463306 0.152052 0.242531
15.000000 0.213838 0.325354 0.135393 0.151504 0.280378 0.463497 0.152029 0.242214
15.200000 0.213723 0.325151 0.135420 0.151310 0.280126 0.463333 0.151939 0.241947
15.400000 0.213771 0.324872 0.135352 0.151305 0.279632 0.463340 0.151826 0.241844
15.600000 0.213735 0.324767 0.135449 0.151126 0.279093 0.463137 0.151866 0.241348
15.800000 0.213745 0.324644 0.135253 0.151129 0.278908 0.463121 0.151740 0.240813
16.000000 0.213709 0.324519 0.135215 0.151170 0.278225 0.463154 0.151806 0.240833
16.200000 0.213645 0.324361 0.135230 0.151202 0.278114 0.462980 0.151670 0.240445
16.400000 0.213693 0.324131 0.135312 0.151041 0.277804 0.462972 0.151382 0.240223
16.600000 0.213761 0.323924 0.135154 0.150995 0.277429 0.462975 0.151504 0.239919
16.800000 0.213774 0.323812 0.135292 0.151046 0.276857 0.462800 0.151382 0.239729
17.000000 0.213572 0.323738 0.135269 0.151012 0.276580 0.462868 0.151491 0.239344
17.200000 0.213606 0.323597 0.135207 0.150697 0.276268 0.462769 0.151316 0.238974
17.400000 0.213556 0.323410 0.135279 0.150722 0.275789 0.462798 0.150931 0.238819
17.600000 0.213556 0.323166 0.135217 0.150610 0.275459 0.462723 0.151146 0.238558
17.800000 0.213535 0.323032 0.135273 0.150712 0.274998 0.462762 0.151122 0.238241
18.000000 0.213515 0.322801 0.135225 0.150645 0.274717 0.462529 0.151021 0.237975
18.200000 0.213478 0.322882 0.135263 0.150462 0.274220 0.462358 0.150895 0.237673
18.400000 0.213457 0.322328 0.135341 0.150404 0.274130 0.462646 0.150881 0.237471
18.600000 0.213463 0.322125 0.135056 0.150412 0.273658 0.462486 0.150827 0.237216
18.800000 0.213282 0.322180 0.135140 0.150558 0.273412 0.462495 0.150796 0.236955
19.000000 0.213404 0.322054 0.134982 0.150335 0.272912 0.462586 0.150493 0.236560
19.200000 0.213395 0.321883 0.135186 0.150551 0.272651 0.462190 0.150742 0.236278
19.400000 0.213366 0.321747 0.135096 0.150212 0.272186 0.462207 0.150529 0.236192
19.600000 0.213169 0.321540 0.135103 0.150424 0.271844 0.462279 0.150353 0.235876
19.800000 0.213358 0.321412 0.135149 0.150189 0.271517 0.462236 0.150338 0.235574
20.000000 0.213189 0.321304 0.135103 0.150181 0.271220 0.462303 0.150327 0.235389
20.200000 0.213315 0.321102 0.135105 0.150084 0.270899 0.462110 0.150325 0.234959
20.400000 0.213301 0.320998 0.135107 0.150146 0.270554 0.461953 0.150284 0.234762
20.600000 0.213253 0.320744 0.135182 0.150129 0.270205 0.462177 0.150024 0.234572
20.800000 0.213037 0.320606 0.135180 0.150068 0.269845 0.462017 0.150004 0.234261
21.000000 0.213251 0.320578 0.135134 0.149914 0.269343 0.461839 0.150066 0.234012
21.200000 0.213226 0.320408 0.135138 0.149878 0.269104 0.461803 0.150031 0.233910
21.400000 0.213074 0.320281 0.135130 0.149691 0.268763 0.461658 0.149925 0.233338
21.600000 0.213068 0.320121 0.134918 0.149782 0.268403 0.461649 0.149979 0.233178
21.800000 0.213128 0.319952 0.135170 0.149544 0.268158 0.461794 0.149791 0.232853
22.000000 0.213153 0.319678 0.135078 0.149619 0.267898 0.461597 0.149751 0.232775
22.200000 0.213141 0.319537 0.135137 0.149834 0.267499 0.461623 0.149736 0.232524
22.400000 0.213091 0.319671 0.134938 0.149826 0.267254 0.461372 0.149658 0.232320
22.600000 0.213109 0.319237 0.135036 0.149792 0.266928 0.461574 0.149601 0.232022
22.800000 0.213033 0.319208 0.135051 0.149580 0.266564 0.461413 0.149609 0.231932
23.000000 0.213109 0.319094 0.135016 0.149543 0.266393 0.461484 0.149527 0.231774
23.200000 0.212880 0.318638 0.134956 0.149410 0.265860 0.461295 0.149464 0.231302
23.400000 0.212868 0.318698 0.134843 0.149483 0.265582 0.461342 0.149451 0.231063
23.600000 0.213146 0.318552 0.134673 0.149285 0.265234 0.461416 0.149289 0.230886
23.800000 0.212978 0.318562 0.135008 0.149419 0.264932 0.460994 0.149256 0.230672
24.000000 0.212945 0.318370 0.134987 0.149264 0.264576 0.461406 0.149092 0.230329
24.200000 0.212930 0.318279 0.134947 0.149381 0.264428 0.461221 0.149173 0.230106
24.400000 0.212919 0.317971 0.134956 0.149220 0.264093 0.461003 0.149142 0.229931
24.600000 0.212919 0.317981 0.135006 0.149111 0.263714 0.460986 0.148993 0.229526
24.800000 0.212898 0.317576 0.134939 0.149164 0.263404 0.460882 0.149030 0.229448
25.000000 0.212839 0.317683 0.134763 0.149194 0.263197 0.461049 0.148780 0.229293
25.200000 0.212874 0.317503 0.135061 0.148976 0.262898 0.460897 0.148914 0.228965
25.400000 0.212993 0.317501 0.134906 0.149009 0.262537 0.460925 0.148808 0.228599
25.600000 0.212814 0.317167 0.134767 0.148785 0.262277 0.460815 0.148476 0.228507
25.800000 0.212805 0.317063 0.134848 0.148939 0.261967 0.460739 0.148637 0.228215
26.000000 0.212831 0.317007 0.134859 0.149030 0.261549 0.460761 0.148712 0.228011
26.200000 0.212781 0.316861 0.134974 0.148863 0.261367 0.460755 0.148573 0.227925
26.400000 0.212788 0.316705 0.134879 0.148804 0.260986 0.460497 0.148544 0.227569
26.600000 0.212759 0.316576 0.134602 0.148636 0.260655 0.460538 0.148412 0.227368
26.800000 0.212743 0.316446 0.134791 0.148814 0.260338 0.460500 0.148348 0.227177
27.000000 0.212858 0.316355 0.134743 0.148731 0.259998 0.460423 0.148425 0.226924
27.200000 0.212583 0.316209 0.134793 0.148719 0.259780 0.460401 0.148194 0.226660
27.400000 0.212846 0.315896 0.134667 0.148744 0.259630 0.460391 0.148221 0.226332
27.600000 0.212725 0.316139 0.134851 0.148489 0.259110 0.460314 0.148302 0.226284
27.800000 0.212635 0.315939 0.134749 0.148568 0.258817 0.460229 0.148168 0.226048
28.000000 0.212617 0.315598 0.134801 0.148361 0.258725 0.460236 0.148177 0.225704
28.200000 0.212619 0.315666 0.134788 0.148542 0.258189 0.460128 0.148140 0.225620
28.400000 0.212520 0.315543 0.134763 0.148616 0.258043 0.460094 0.148072 0.225449
28.600000 0.212609 0.315417 0.134744 0.148416 0.257763 0.460148 0.148149 0.225137
28.800000 0.212603 0.315052 0.134630 0.148345 0.257431 0.459961 0.148016 0.225003
29.000000 0.212605 0.314981 0.134645 0.148369 0.257241 0.459896 0.147968 0.224906
29.200000 0.212573 0.315070 0.134864 0.148166 0.256987 0.460000 0.147879 0.224718
29.400000 0.212572 0.314852 0.134885 0.148276 0.256734 0.459849 0.148000 0.224386
29.600000 0.212545 0.314488 0.134633 0.148299 0.256513 0.459832 0.147608 0.224023
29.800000 0.212523 0.314613 0.134665 0.148217 0.256135 0.459809 0.147570 0.223970
30.000000 0.212540 0.314360 0.134758 0.148188 0.255951 0.459742 0.147561 0.223705
30.200000 0.212511 0.314401 0.134560 0.148087 0.255539 0.459724 0.147411 0.223715
30.400000 0.212548 0.314258 0.134639 0.148143 0.255361 0.459728 0.147685 0.223406
30.600000 0.212547 0.314100 0.134654 0.148101 0.255032 0.459436 0.147403 0.223144
30.800000 0.213097 0.314047 0.134686 0.148152 0.254758 0.459547 0.147498 0.223066
31.000000 0.213822 0.313966 0.134629 0.147882 0.254402 0.459484 0.147501 0.222930
31.200000 0.215153 0.313834 0.134587 0.147861 0.254155 0.459467 0.147438 0.222411
31.400000 0.217009 0.313704 0.134719 0.148283 0.253934 0.459474 0.147496 0.222381
31.600000 0.219325 0.313425 0.134671 0.147703 0.253900 0.459396 0.147364 0.222262
31.800000 0.222218 0.313440 0.134713 0.147839 0.253720 0.459376 0.147362 0.222104
32.000000 0.225436 0.313370 0.134701 0.147914 0.253709 0.459349 0.147381 0.222031
32.200000 0.229228 0.313312 0.134615 0.147946 0.253644 0.459291 0.147413 0.222073
32.400000 0.233213 0.313115 0.134683 0.147954 0.253887 0.459235 0.147112 0.222132
32.600000 0.237126 0.313352 0.134856 0.147881 0.253770 0.459439 0.147408 0.222189
32.800000 0.241349 0.313413 0.134766 0.148121 0.254146 0.459424 0.147509 0.222417
33.000000 0.245236 0.313384 0.134606 0.148276 0.254425 0.459015 0.147406 0.222676
33.200000 0.249319 0.313502 0.134836 0.148301 0.255010 0.459272 0.147570 0.222906
33.400000 0.252769 0.313602 0.134854 0.148386 0.255536 0.459289 0.147672 0.223287
33.600000 0.256250 0.314025 0.134826 0.148571 0.256333 0.458991 0.147818 0.223720
33.800000 0.259264 0.314358 0.134868 0.148665 0.257033 0.459284 0.147973 0.224367
34.000000 0.262093 0.314744 0.134698 0.148882 0.258084 0.459053 0.148012 0.225036
34.200000 0.264596 0.315188 0.135005 0.149031 0.258840 0.459110 0.148240 0.225582
34.400000 0.266911 0.315927 0.134987 0.149286 0.260179 0.459262 0.148385 0.226543
34.600000 0.268989 0.316541 0.134976 0.149243 0.261197 0.459184 0.148565 0.227276
34.800000 0.270823 0.317314 0.134997 0.149715 0.262411 0.458954 0.148685 0.228112
35.000000 0.272433 0.318244 0.135143 0.150067 0.263779 0.459146 0.148912 0.229070
35.200000 0.273939 0.319132 0.135109 0.150276 0.265258 0.459198 0.149229 0.230243
35.400000 0.275162 0.320165 0.135321 0.150532 0.266634 0.459138 0.149370 0.231137
35.600000 0.276268 0.321291 0.135254 0.150885 0.267968 0.459151 0.149485 0.232210
35.800000 0.277312 0.322360 0.135384 0.151142 0.269769 0.459330 0.149708 0.233181
36.000000 0.278134 0.323536 0.135464 0.151248 0.271181 0.459206 0.149908 0.195395
36.200000 0.278852 0.324715 0.135372 0.151752 0.272682 0.459395 0.150070 0.235661
36.400000 0.279568 0.325828 0.135648 0.152036 0.274393 0.459360 0.150325 0.236934
36.600000 0.280032 0.327714 0.135563 0.152411 0.276232 0.459412 0.150601 0.238340
36.800000 0.280746 0.329028 0.135769 0.152519 0.278004 0.459429 0.150750 0.239509
37.000000 0.281112 0.330514 0.135871 0.153174 0.279807 0.459157 0.150943 0.240959
37.200000 0.281736 0.332484 0.135874 0.153482 0.281996 0.459524 0.151327 0.242504
37.400000 0.282151 0.334908 0.136185 0.153772 0.284513 0.459400 0.151534 0.244400
37.600000 0.282539 0.336654 0.136352 0.154155 0.286677 0.459459 0.151770 0.245845
37.800000 0.282841 0.338395 0.136405 0.154586 0.288453 0.459467 0.152057 0.247449
38.000000 0.283111 0.340301 0.136582 0.154910 0.290669 0.459566 0.152198 0.249069
38.200000 0.283250 0.342360 0.136443 0.155212 0.292772 0.459391 0.152517 0.250468
38.400000 0.283397 0.344416 0.136598 0.155653 0.294885 0.459482 0.152617 0.252367
38.600000 0.283731 0.346389 0.136759 0.156061 0.297205 0.459524 0.152915 0.253935
38.800000 0.283912 0.348496 0.136990 0.156373 0.299286 0.459732 0.153307 0.255690
39.000000 0.283822 0.350518 0.137123 0.156617 0.301454 0.459719 0.153482 0.257367
39.200000 0.284191 0.352903 0.137127 0.157053 0.303574 0.459681 0.153732 0.259004
39.400000 0.284231 0.354470 0.137317 0.157332 0.305945 0.459728 0.154075 0.260893
39.600000 0.284322 0.357156 0.137453 0.157747 0.308083 0.459755 0.154159 0.262740
39.800000 0.284458 0.359405 0.137626 0.158027 0.310534 0.459803 0.154507 0.264688
40.000000 0.284471 0.361643 0.137690 0.158268 0.312869 0.459687 0.154845 0.266278
40.200000 0.284718 0.364035 0.137738 0.158640 0.315290 0.459871 0.154966 0.268230
40.400000 0.284424 0.366063 0.137897 0.158908 0.317808 0.459896 0.155318 0.270141
40.600000 0.284548 0.368360 0.138042 0.159313 0.320020 0.459880 0.155622 0.272039
40.800000 0.284612 0.370848 0.138048 0.159634 0.322505 0.459938 0.155759 0.273955
41.000000 0.284812 0.373213 0.138376 0.160041 0.324907 0.459992 0.156015 0.275836
41.200000 0.284627 0.375300 0.138225 0.160332 0.327168 0.459966 0.156271 0.277711
41.400000 0.284606 0.377680 0.138431 0.160568 0.329612 0.460101 0.156537 0.279740
41.600000 0.284651 0.380059 0.138434 0.161264 0.332096 0.460000 0.156720 0.281623
41.800000 0.284474 0.381930 0.138611 0.161263 0.334533 0.460120 0.157093 0.283542
42.000000 0.284646 0.384663 0.138839 0.161526 0.336926 0.460270 0.157173 0.285767
42.200000 0.284822 0.386901 0.138965 0.161873 0.339429 0.460294 0.157583 0.287550
42.400000 0.284296 0.388988 0.139143 0.162150 0.341928 0.460280 0.157655 0.289507
42.600000 0.284690 0.391311 0.139122 0.162362 0.344363 0.460210 0.158067 0.291326
42.800000 0.284613 0.393634 0.139292 0.162770 0.346733 0.460068 0.158122 0.293331
43.000000 0.284463 0.395737 0.139464 0.162818 0.349001 0.460230 0.158620 0.295351
43.200000 0.284715 0.397872 0.139353 0.163322 0.351391 0.460383 0.158823 0.297493
43.400000 0.284447 0.400006 0.139501 0.163555 0.353848 0.460650 0.158998 0.299341
43.600000 0.284681 0.402122 0.139673 0.163968 0.356231 0.460545 0.159420 0.301558
43.800000 0.284530 0.404705 0.139739 0.164218 0.359075 0.460554 0.159728 0.303773
44.000000 0.284541 0.406935 0.139990 0.164251 0.361483 0.460616 0.159790 0.305734
44.200000 0.284516 0.408834 0.139988 0.164781 0.363860 0.460541 0.160107 0.307578
44.400000 0.284493 0.410876 0.139934 0.164990 0.366198 0.460548 0.160300 0.309508
44.600000 0.284290 0.412874 0.140130 0.165399 0.368479 0.460755 0.160638 0.311386
44.800000 0.284287 0.414877 0.140183 0.165501 0.370534 0.460767 0.160895 0.313187
45.000000 0.284334 0.416683 0.140115 0.165601 0.372755 0.460760 0.161062 0.315022
45.200000 0.284361 0.418531 0.140422 0.165972 0.375123 0.460728 0.161430 0.316903
45.400000 0.284336 0.420127 0.140473 0.166211 0.377218 0.460841 0.161581 0.318707
45.600000 0.284211 0.422193 0.140665 0.166558 0.379456 0.460827 0.161833 0.320581
45.800000 0.284324 0.424002 0.140626 0.166712 0.381724 0.461240 0.162070 0.322332
46.000000 0.284335 0.425634 0.140756 0.167010 0.383903 0.461095 0.162327 0.324085
46.200000 0.284283 0.427498 0.140771 0.167372 0.386010 0.461052 0.162673 0.325917
46.400000 0.284319 0.429140 0.140868 0.167502 0.388116 0.461003 0.162892 0.327520
46.600000 0.284290 0.430948 0.140863 0.167586 0.390231 0.461200 0.163028 0.329397
46.800000 0.284257 0.432710 0.141138 0.167752 0.392420 0.461266 0.163329 0.331017
47.000000 0.284119 0.434231 0.141041 0.168074 0.394391 0.461388 0.163435 0.332660
47.200000 0.284175 0.435869 0.141252 0.168277 0.396208 0.461280 0.163602 0.334472
47.400000 0.284303 0.437431 0.141279 0.168517 0.398355 0.461413 0.163848 0.336142
47.600000 0.284221 0.438966 0.141153 0.168721 0.400088 0.461316 0.164140 0.337586
47.800000 0.284213 0.440369 0.141397 0.169046 0.402092 0.461417 0.164394 0.339142
48.000000 0.284232 0.441908 0.141327 0.169082 0.404348 0.461534 0.164586 0.340865
48.200000 0.284132 0.443167 0.141385 0.169218 0.405842 0.461547 0.164920 0.342506
48.400000 0.284215 0.444654 0.141546 0.169441 0.407729 0.461548 0.164952 0.343806
48.600000 0.284194 0.446063 0.141642 0.169795 0.409767 0.461642 0.165289 0.345548
48.800000 0.284237 0.447618 0.141739 0.169733 0.411622 0.461680 0.165492 0.347032
49.000000 0.284161 0.448830 0.141802 0.170022 0.413371 0.461589 0.165810 0.348440
49.200000 0.283985 0.450201 0.141800 0.170431 0.415134 0.461816 0.165746 0.350044
49.400000 0.284166 0.451380 0.141848 0.170384 0.417017 0.461774 0.166054 0.351360
49.600000 0.284139 0.452815 0.141873 0.170560 0.418632 0.461867 0.166243 0.352944
49.800000 0.284150 0.453985 0.141968 0.170741 0.420410 0.461753 0.166531 0.354239
50.000000 0.284224 0.455326 0.142174 0.171007 0.422385 0.461902 0.166787 0.356132
50.200000 0.284091 0.457094 0.142164 0.171059 0.424773 0.461955 0.167037 0.357896
50.400000 0.284157 0.458419 0.142311 0.171450 0.426216 0.462022 0.167300 0.359246
50.600000 0.284084 0.459538 0.142283 0.171558 0.428163 0.462148 0.167458 0.360715
50.800000 0.283889 0.460790 0.142335 0.171780 0.429956 0.462204 0.167550 0.362068
51.000000 0.283991 0.461759 0.142516 0.171889 0.431257 0.461938 0.167915 0.363565
51.200000 0.284000 0.462849 0.142283 0.171942 0.433144 0.462224 0.168055 0.364651
51.400000 0.284005 0.464142 0.142609 0.172512 0.434663 0.462375 0.168002 0.365910
51.600000 0.283954 0.465109 0.142421 0.172358 0.436209 0.462385 0.168493 0.367421
51.800000 0.283851 0.466255 0.142564 0.172539 0.437635 0.462404 0.168677 0.368519
52.000000 0.283875 0.467117 0.142540 0.172701 0.439177 0.462362 0.168868 0.369839
52.200000 0.283890 0.468233 0.142662 0.172880 0.440607 0.462412 0.168974 0.371083
52.400000 0.283806 0.469089 0.142625 0.172895 0.442307 0.462556 0.169207 0.371917
52.600000 0.283781 0.470203 0.142785 0.173115 0.443763 0.462498 0.169508 0.373448
52.800000 0.283731 0.471011 0.142698 0.173242 0.445290 0.462658 0.169580 0.374466
53.000000 0.283713 0.472316 0.142925 0.173458 0.446699 0.462714 0.169842 0.375736
53.200000 0.283706 0.473152 0.142766 0.173543 0.448055 0.462651 0.170125 0.376754
53.400000 0.283632 0.474083 0.142927 0.173761 0.449473 0.462647 0.170214 0.377846
53.600000 0.283615 0.474880 0.142843 0.173869 0.450790 0.462756 0.170406 0.379139
53.800000 0.283623 0.475841 0.142851 0.174161 0.452161 0.462999 0.170463 0.380191
54.000000 0.283565 0.476674 0.143024 0.174037 0.453632 0.462807 0.170826 0.381456
54.200000 0.283402 0.477325 0.143108 0.174255 0.454803 0.463021 0.170882 0.382299
54.400000 0.283359 0.478330 0.143150 0.174508 0.456066 0.463071 0.171200 0.383397
54.600000 0.283498 0.479041 0.143232 0.174556 0.457416 0.462972 0.171198 0.384367
54.800000 0.283439 0.479680 0.143194 0.174572 0.458585 0.463055 0.171398 0.385550
55.000000 0.283445 0.480582 0.143174 0.174835 0.459771 0.463137 0.171558 0.386403
55.200000 0.283423 0.481153 0.143201 0.174738 0.461123 0.463173 0.171922 0.387355
55.400000 0.283455 0.482125 0.143343 0.175078 0.462380 0.463279 0.171872 0.388383
55.600000 0.283210 0.482647 0.143386 0.175285 0.463592 0.463337 0.172015 0.389327
55.800000 0.283324 0.483326 0.143408 0.175267 0.464671 0.463551 0.172125 0.390285
56.000000 0.283222 0.484026 0.143501 0.175352 0.465999 0.463436 0.172355 0.391032
56.200000 0.283229 0.484825 0.143572 0.175626 0.466966 0.463468 0.172542 0.392034
56.400000 0.283131 0.485652 0.143387 0.175661 0.468410 0.463511 0.172666 0.392778
56.600000 0.283171 0.486190 0.143531 0.175778 0.469654 0.463437 0.172834 0.393861
56.800000 0.282921 0.487052 0.143583 0.175900 0.470437 0.463709 0.173030 0.394878
57.000000 0.282941 0.487579 0.143657 0.175972 0.471561 0.463659 0.173233 0.395549
57.200000 0.283030 0.488211 0.143681 0.176131 0.472716 0.463587 0.173355 0.396429
57.400000 0.283050 0.488812 0.143653 0.176299 0.473650 0.463621 0.173642 0.397192
57.600000 0.282973 0.489290 0.143647 0.176339 0.474793 0.463746 0.173634 0.398110
57.800000 0.282898 0.489673 0.143726 0.176398 0.475786 0.463812 0.173701 0.398966
58.000000 0.282847 0.490280 0.143589 0.176561 0.476922 0.463769 0.173522 0.399923
58.200000 0.282764 0.490919 0.143794 0.176516 0.477935 0.464000 0.174188 0.400422
58.400000 0.282805 0.491507 0.143729 0.176613 0.478904 0.464017 0.174021 0.401224
58.600000 0.282802 0.491971 0.143813 0.176727 0.479862 0.463898 0.174124 0.401985
58.800000 0.282849 0.492155 0.143575 0.176986 0.480708 0.463886 0.174537 0.402771
59.000000 0.282847 0.492952 0.143900 0.177115 0.481811 0.464159 0.174425 0.403347
59.200000 0.282796 0.493512 0.143694 0.177166 0.482773 0.464286 0.174741 0.404254
59.400000 0.282803 0.494061 0.143598 0.177180 0.483577 0.464076 0.174718 0.404920
59.600000 0.282625 0.494421 0.143601 0.177417 0.484547 0.464306 0.175023 0.405663
59.800000 0.282708 0.494811 0.143896 0.177586 0.485249 0.464085 0.175188 0.406336
60.000000 0.282733 0.495308 0.144051 0.177498 0.486158 0.464253 0.175111 0.407227
60.200000 0.282718 0.495704 0.144082 0.177639 0.487073 0.464369 0.175446 0.407573
60.400000 0.282713 0.496262 0.144002 0.177781 0.488025 0.464409 0.175546 0.408315
60.600000 0.282471 0.496644 0.143925 0.177871 0.489041 0.464509 0.175692 0.408965
60.800000 0.282602 0.496897 0.144178 0.177953 0.489773 0.464350 0.175659 0.409668
61.000000 0.282446 0.497572 0.144117 0.178025 0.490499 0.464389 0.175903 0.410193
61.200000 0.282468 0.497770 0.144137 0.178156 0.491373 0.464755 0.176048 0.410846
61.400000 0.282584 0.498108 0.144461 0.178161 0.492231 0.464490 0.176117 0.411439
61.600000 0.282523 0.498564 0.144230 0.178261 0.493035 0.464513 0.176307 0.412113
61.800000 0.282586 0.498930 0.144183 0.178443 0.493662 0.464705 0.176416 0.412687
62.000000 0.282482 0.499119 0.144317 0.178486 0.494524 0.464699 0.176493 0.413250
62.200000 0.282427 0.499633 0.144480 0.178673 0.495248 0.464904 0.176654 0.413898
62.400000 0.282590 0.500172 0.144227 0.178719 0.496090 0.464936 0.176749 0.414524
62.600000 0.282309 0.500542 0.144307 0.178823 0.497164 0.464768 0.176898 0.415092
62.800000 0.282432 0.500549 0.144228 0.178824 0.497682 0.465079 0.176864 0.415720
63.000000 0.282168 0.501213 0.144204 0.179093 0.498512 0.465200 0.177121 0.416129
63.200000 0.282136 0.501603 0.144413 0.179064 0.499247 0.465083 0.177230 0.416735
63.400000 0.282066 0.501860 0.144373 0.178998 0.499746 0.464936 0.177327 0.417278
63.600000 0.282155 0.502026 0.144389 0.179213 0.500507 0.464953 0.177425 0.417641
63.800000 0.281988 0.502366 0.144425 0.179160 0.501144 0.465180 0.177526 0.418119
64.000000 0.282109 0.502777 0.144560 0.179325 0.502011 0.465242 0.177860 0.418837
64.200000 0.282115 0.503022 0.144473 0.179412 0.502746 0.465375 0.177912 0.419185
64.400000 0.282114 0.503169 0.144416 0.179432 0.503320 0.465361 0.177845 0.419638
64.600000 0.282103 0.503452 0.144390 0.179587 0.504079 0.465357 0.177910 0.420080
64.800000 0.282075 0.503562 0.144550 0.179651 0.504833 0.465300 0.178044 0.420600
65.000000 0.281906 0.503861 0.144365 0.179712 0.505112 0.465310 0.178072 0.421102
65.200000 0.282028 0.504168 0.144639 0.179766 0.505711 0.465522 0.178340 0.421629
65.400000 0.282086 0.504567 0.144609 0.179771 0.506423 0.465637 0.178228 0.422118
65.600000 0.282065 0.504751 0.144470 0.179903 0.506970 0.465393 0.178438 0.422306
65.800000 0.282032 0.504987 0.144604 0.180025 0.507645 0.465630 0.178437 0.422887
66.000000 0.281888 0.504941 0.144533 0.179951 0.508268 0.465651 0.178664 0.423347
66.200000 0.282073 0.505309 0.144800 0.180157 0.508900 0.465794 0.178754 0.423602
66.400000 0.281901 0.505622 0.144521 0.180272 0.509384 0.465666 0.178797 0.424087
66.600000 0.281880 0.505715 0.144634 0.180328 0.509880 0.465822 0.178877 0.424600
66.800000 0.281820 0.506121 0.144512 0.180316 0.510482 0.465996 0.179052 0.424834
67.000000 0.281810 0.506176 0.144643 0.180442 0.511025 0.465732 0.179093 0.425459
67.200000 0.281773 0.506314 0.144616 0.180656 0.511367 0.465948 0.179289 0.425589
67.400000 0.281741 0.506454 0.144669 0.180584 0.512006 0.465968 0.179285 0.426045
67.600000 0.281725 0.506855 0.144662 0.180730 0.512507 0.465941 0.179327 0.426619
67.800000 0.281667 0.506893 0.144724 0.180708 0.513193 0.465959 0.179385 0.426788
68.000000 0.281649 0.507060 0.144665 0.180827 0.513641 0.466136 0.179516 0.427183
68.200000 0.281602 0.507255 0.144714 0.180799 0.514125 0.465964 0.179448 0.427505
68.400000 0.281599 0.507451 0.144690 0.180908 0.514771 0.466131 0.179626 0.427914
68.600000 0.281509 0.468884 0.144786 0.180854 0.515155 0.466307 0.179751 0.428174
68.800000 0.281565 0.507816 0.144792 0.180997 0.515745 0.466177 0.179772 0.428504
69.000000 0.281536 0.507979 0.144809 0.181253 0.516316 0.466217 0.180033 0.428963
69.200000 0.281473 0.508177 0.144655 0.181184 0.516619 0.466205 0.180024 0.429350
69.400000 0.281447 0.508435 0.144678 0.181189 0.516966 0.466395 0.180022 0.429570
69.600000 0.281429 0.508513 0.144807 0.181331 0.517160 0.466367 0.180193 0.429885
69.800000 0.281445 0.508703 0.144727 0.181292 0.517892 0.466411 0.180278 0.430270
70.000000 0.281394 0.508818 0.144509 0.181316 0.518229 0.466554 0.180342 0.430462
70.200000 0.281345 0.508950 0.144930 0.181487 0.518698 0.466493 0.180426 0.430914
70.400000 0.281319 0.508950 0.144712 0.181536 0.519169 0.466601 0.180241 0.431187
70.600000 0.281344 0.509080 0.144743 0.181459 0.519486 0.466314 0.180499 0.431511
70.800000 0.281301 0.509278 0.145033 0.181800 0.520074 0.466663 0.180556 0.431674
71.000000 0.281221 0.509420 0.144670 0.181587 0.520433 0.466765 0.180649 0.432032
71.200000 0.281239 0.509252 0.144391 0.181671 0.520509 0.466403 0.180669 0.432363
71.400000 0.281141 0.509492 0.144897 0.181984 0.521191 0.466834 0.180731 0.432562
71.600000 0.281178 0.509899 0.144948 0.181910 0.521413 0.466811 0.180830 0.432860
71.800000 0.281076 0.509881 0.144746 0.181914 0.522125 0.466895 0.180888 0.432968
72.000000 0.281112 0.509987 0.144958 0.181888 0.522406 0.467192 0.180964 0.433393
72.200000 0.281131 0.510073 0.145094 0.182151 0.522733 0.466985 0.180985 0.433573
72.400000 0.281067 0.510185 0.145102 0.182039 0.522925 0.467035 0.181200 0.433819
72.600000 0.280916 0.510144 0.145075 0.182232 0.523635 0.467035 0.181264 0.434128
72.800000 0.280911 0.510259 0.145056 0.182227 0.523614 0.466971 0.181218 0.434385
73.000000 0.281066 0.510476 0.144992 0.182218 0.524080 0.466973 0.181273 0.434662
73.200000 0.281056 0.510528 0.145072 0.182239 0.524572 0.467177 0.181571 0.434790
73.400000 0.281034 0.510828 0.144829 0.182239 0.524761 0.467178 0.181378 0.435054
73.600000 0.281054 0.510706 0.144966 0.182253 0.525101 0.467184 0.181366 0.435218
73.800000 0.280926 0.510810 0.144856 0.182470 0.525461 0.467299 0.181429 0.435545
74.000000 0.281037 0.510901 0.144964 0.182399 0.525759 0.467454 0.181490 0.435752
74.200000 0.280960 0.510965 0.145073 0.182580 0.526105 0.467342 0.181544 0.436080
74.400000 0.280863 0.510997 0.145032 0.182381 0.526286 0.467004 0.181468 0.436148
74.600000 0.280905 0.511056 0.144779 0.182552 0.526590 0.467091 0.181473 0.436142
74.800000 0.280837 0.511057 0.144895 0.182562 0.527064 0.467229 0.181499 0.436619
75.000000 0.281007 0.511420 0.145106 0.182790 0.527571 0.467565 0.181820 0.436948
75.200000 0.280957 0.511369 0.145262 0.182763 0.527834 0.467584 0.181819 0.437059
75.400000 0.280942 0.511417 0.145079 0.183095 0.528400 0.467668 0.181985 0.437578
75.600000 0.280891 0.511594 0.144972 0.182810 0.528520 0.467561 0.181950 0.437601
75.800000 0.280762 0.511690 0.145155 0.183164 0.528770 0.467789 0.181916 0.437638
76.000000 0.280879 0.511631 0.145210 0.182728 0.529132 0.467809 0.182068 0.438063
76.200000 0.280862 0.511814 0.145057 0.183167 0.529330 0.467833 0.181913 0.438058
76.400000 0.280847 0.511876 0.145258 0.183179 0.529618 0.467892 0.182337 0.438236
76.600000 0.280913 0.511718 0.144992 0.183193 0.529841 0.467704 0.182204 0.438486
76.800000 0.280304 0.511946 0.144959 0.183156 0.530143 0.467721 0.182277 0.438392
77.000000 0.280777 0.511984 0.145158 0.183299 0.530415 0.467835 0.182250 0.438907
77.200000 0.280625 0.511939 0.145185 0.183228 0.530575 0.468018 0.182604 0.439097
77.400000 0.280700 0.512071 0.145156 0.183359 0.530996 0.468019 0.182418 0.439034
77.600000 0.280734 0.512274 0.145147 0.183538 0.531015 0.468062 0.182422 0.439448
77.800000 0.280665 0.512190 0.144983 0.183428 0.531303 0.468055 0.182382 0.439308
78.000000 0.280716 0.512323 0.145158 0.183440 0.531722 0.468114 0.182643 0.439714
78.200000 0.280705 0.512360 0.145128 0.183713 0.531794 0.468072 0.182391 0.440005
78.400000 0.280569 0.512445 0.145232 0.183602 0.532165 0.468156 0.182528 0.440191
78.600000 0.280708 0.512451 0.145144 0.183787 0.532271 0.468407 0.182782 0.440384
78.800000 0.280698 0.512499 0.145405 0.183735 0.532667 0.468354 0.182608 0.440325
79.000000 0.280663 0.512429 0.145161 0.183744 0.532947 0.468339 0.182598 0.440176
79.200000 0.280623 0.512553 0.145117 0.183834 0.533014 0.468584 0.182791 0.440688
79.400000 0.280733 0.512648 0.145220 0.184014 0.533394 0.468319 0.182893 0.440801
79.600000 0.280669 0.512681 0.145087 0.183869 0.533584 0.468572 0.182817 0.440838
79.800000 0.280644 0.512735 0.145175 0.183964 0.533730 0.468475 0.182820 0.441098
80.000000 0.280636 0.512759 0.145254 0.183856 0.533981 0.468476 0.182896 0.441232
80.200000 0.280458 0.512710 0.145248 0.184073 0.534185 0.468601 0.182963 0.441315
80.400000 0.280606 0.512923 0.145281 0.184076 0.534135 0.468592 0.182934 0.441502
80.600000 0.280581 0.512904 0.145319 0.183982 0.534791 0.468698 0.182872 0.441693
80.800000 0.280547 0.512989 0.145189 0.184083 0.534697 0.468716 0.183024 0.441657
81.000000 0.280551 0.512850 0.145090 0.184050 0.535078 0.468768 0.183234 0.441956
81.200000 0.280502 0.512999 0.145311 0.184247 0.535259 0.468786 0.183222 0.442013
81.400000 0.280690 0.513070 0.145178 0.184234 0.535463 0.468900 0.183164 0.442153
81.600000 0.280562 0.513240 0.145269 0.184266 0.535615 0.468854 0.183145 0.442250
81.800000 0.280523 0.513201 0.145350 0.184288 0.535815 0.468789 0.183105 0.442281
82.000000 0.280349 0.513232 0.145296 0.184440 0.536020 0.468885 0.183233 0.442455
82.200000 0.280316 0.513252 0.145414 0.184268 0.536156 0.469037 0.183212 0.442250
82.400000 0.280306 0.513206 0.145356 0.184549 0.536240 0.468955 0.183369 0.442799
82.600000 0.280415 0.513218 0.145367 0.184380 0.536413 0.469002 0.183319 0.442784
82.800000 0.280452 0.513383 0.145265 0.184575 0.536527 0.469176 0.183349 0.442894
83.000000 0.280311 0.513283 0.145345 0.184563 0.536716 0.469171 0.183368 0.443029
83.200000 0.280453 0.513192 0.145331 0.184563 0.536882 0.468960 0.183377 0.442970
83.400000 0.280244 0.513364 0.145317 0.184484 0.537129 0.469145 0.183296 0.443354
83.600000 0.280359 0.513356 0.145392 0.184672 0.537297 0.469192 0.183494 0.443170
83.800000 0.280355 0.513431 0.145332 0.184655 0.537512 0.469216 0.183393 0.443410
84.000000 0.280334 0.513543 0.145339 0.184375 0.537442 0.469261 0.183629 0.443499
84.200000 0.280356 0.513465 0.145351 0.184644 0.537789 0.469367 0.183432 0.443637
84.400000 0.280361 0.513607 0.145371 0.184785 0.537937 0.469324 0.183665 0.443469
84.600000 0.280165 0.513392 0.145308 0.184808 0.538042 0.469511 0.183450 0.443803
84.800000 0.280284 0.513563 0.145326 0.184874 0.538061 0.469449 0.183547 0.443773
85.000000 0.280160 0.513514 0.145389 0.184999 0.538357 0.469437 0.183679 0.444104
85.200000 0.280268 0.513505 0.145379 0.184897 0.538572 0.469525 0.183768 0.444146
85.400000 0.280231 0.513693 0.145345 0.185087 0.538629 0.469479 0.183690 0.444153
85.600000 0.280259 0.513460 0.145440 0.185142 0.538719 0.469635 0.183692 0.444244
85.800000 0.280271 0.513582 0.145325 0.185016 0.538811 0.469592 0.183692 0.444265
86.000000 0.280187 0.513638 0.145369 0.185066 0.539066 0.469352 0.183744 0.444422
86.200000 0.280172 0.513524 0.145514 0.184963 0.539175 0.469582 0.183759 0.444449
86.400000 0.280172 0.513665 0.145334 0.185124 0.539366 0.469573 0.183936 0.444635
86.600000 0.280028 0.513804 0.145341 0.185471 0.539457 0.469670 0.183831 0.444661
86.800000 0.280110 0.513728 0.145522 0.185149 0.539653 0.469816 0.183737 0.444708
87.000000 0.280088 0.513785 0.145279 0.185093 0.539730 0.469686 0.183792 0.444818
87.200000 0.280072 0.513807 0.145539 0.185263 0.540001 0.469917 0.184017 0.444937
87.400000 0.280040 0.513915 0.145538 0.185323 0.539891 0.469874 0.183736 0.445026
87.600000 0.280047 0.513841 0.145294 0.185367 0.540068 0.469894 0.183887 0.444948
87.800000 0.280045 0.513640 0.145454 0.185278 0.540088 0.469926 0.183975 0.445073
88.000000 0.279890 0.513643 0.145454 0.185396 0.540171 0.470010 0.184000 0.445197
88.200000 0.279987 0.513662 0.145524 0.185354 0.540450 0.469772 0.183944 0.445234
88.400000 0.280034 0.513774 0.145562 0.185538 0.540487 0.469803 0.184019 0.445315
88.600000 0.279877 0.513720 0.145451 0.185307 0.540522 0.469847 0.184012 0.445262
88.800000 0.279852 0.513697 0.145442 0.185406 0.540739 0.470042 0.183877 0.445461
89.000000 0.279875 0.513808 0.145444 0.185545 0.540884 0.470092 0.184077 0.445423
89.200000 0.279858 0.513799 0.145439 0.185469 0.541010 0.470183 0.183936 0.445560
89.400000 0.280005 0.513820 0.145376 0.185494 0.541123 0.470181 0.184127 0.445692
89.600000 0.279915 0.514190 0.145392 0.185622 0.541170 0.470154 0.183871 0.445546
89.800000 0.279985 0.513864 0.145468 0.185422 0.541111 0.470274 0.184074 0.445666
90.000000 0.279679 0.513766 0.145485 0.185453 0.541503 0.470298 0.184103 0.445673
