0.200000 0.052890 0.450352 0.183305 0.250319 0.533146 0.426084 0.219445 0.446218
0.400000 0.052776 0.449110 0.183401 0.249677 0.530585 0.426100 0.219330 0.444392
0.600000 0.052821 0.448344 0.183381 0.249394 0.529083 0.426105 0.219556 0.443118
0.800000 0.052763 0.447862 0.183226 0.248981 0.527499 0.425891 0.219214 0.442108
1.000000 0.052772 0.447375 0.182987 0.248708 0.526226 0.425927 0.218979 0.440980
1.200000 0.052910 0.446665 0.183241 0.248467 0.524826 0.425996 0.219032 0.439786
1.400000 0.052785 0.446195 0.183163 0.248068 0.523323 0.425916 0.218886 0.438776
1.600000 0.052873 0.445444 0.183055 0.247788 0.521944 0.425969 0.218839 0.437592
1.800000 0.052709 0.445040 0.183024 0.247259 0.520371 0.425929 0.218717 0.436574
2.000000 0.052652 0.444352 0.182913 0.247152 0.518813 0.425830 0.218594 0.435265
2.200000 0.052709 0.444019 0.182892 0.247033 0.517552 0.425927 0.218572 0.434396
2.400000 0.052720 0.443333 0.182898 0.246627 0.516178 0.425808 0.218409 0.433258
2.600000 0.052703 0.442874 0.182952 0.246390 0.514638 0.425845 0.218208 0.432037
2.800000 0.052698 0.442219 0.182717 0.245979 0.513204 0.425803 0.218341 0.431092
3.000000 0.052691 0.441662 0.182807 0.245817 0.511894 0.425809 0.218316 0.430048
3.200000 0.052716 0.441181 0.182786 0.245634 0.510477 0.425792 0.217949 0.428866
3.400000 0.052668 0.440605 0.182728 0.245092 0.509034 0.425740 0.217983 0.427892
3.600000 0.052686 0.440172 0.182796 0.244854 0.507726 0.425618 0.217848 0.426791
3.800000 0.052683 0.439461 0.182666 0.244690 0.506391 0.425800 0.217618 0.425797
4.000000 0.052666 0.439074 0.182694 0.244441 0.504950 0.425853 0.217667 0.424663
4.200000 0.052640 0.438495 0.182462 0.244092 0.503824 0.425653 0.217454 0.423742
4.400000 0.052653 0.437985 0.182557 0.243813 0.502384 0.425710 0.217472 0.422604
4.600000 0.052639 0.437496 0.182538 0.243658 0.500956 0.425602 0.217363 0.421686
4.800000 0.052645 0.436996 0.182512 0.243315 0.499617 0.425495 0.217422 0.420682
5.000000 0.052499 0.436467 0.182362 0.242800 0.498399 0.425488 0.217207 0.419751
5.200000 0.052595 0.435805 0.182234 0.242734 0.497130 0.425655 0.217106 0.418696
5.400000 0.052557 0.435397 0.182477 0.242391 0.495666 0.425482 0.216870 0.417595
5.600000 0.052582 0.435036 0.182428 0.242217 0.494533 0.425546 0.216890 0.416706
5.800000 0.052628 0.434497 0.182358 0.241978 0.493231 0.425543 0.216634 0.415692
6.000000 0.052650 0.434094 0.182343 0.241725 0.491917 0.425435 0.216705 0.414623
6.200000 0.052792 0.433403 0.182363 0.241492 0.490866 0.425320 0.216612 0.413760
6.400000 0.052631 0.433119 0.182229 0.241303 0.489282 0.425426 0.216658 0.412718
6.600000 0.052460 0.432360 0.182106 0.240886 0.487428 0.425397 0.216327 0.411415
6.800000 0.052571 0.431896 0.182210 0.240656 0.486338 0.425381 0.216242 0.410540
7.000000 0.052579 0.431388 0.182189 0.240238 0.484941 0.425379 0.216159 0.409469
7.200000 0.052546 0.430827 0.182182 0.239931 0.483880 0.425332 0.216100 0.408590
7.400000 0.052566 0.430533 0.182140 0.239815 0.482620 0.425308 0.216022 0.407569
7.600000 0.052547 0.430043 0.182179 0.239412 0.481494 0.425299 0.215896 0.406567
7.800000 0.052566 0.429449 0.182179 0.239289 0.480075 0.425324 0.215801 0.405592
8.000000 0.052512 0.429209 0.182071 0.239086 0.479135 0.425218 0.215700 0.404921
8.200000 0.052398 0.428633 0.181905 0.238663 0.477949 0.425143 0.215470 0.403986
8.400000 0.052534 0.428449 0.182117 0.238603 0.476788 0.425217 0.215583 0.403032
8.600000 0.052608 0.427859 0.181998 0.238215 0.475498 0.425081 0.215221 0.402216
8.800000 0.052359 0.427523 0.181964 0.238137 0.474475 0.424996 0.215185 0.401405
9.000000 0.052515 0.427054 0.181863 0.237792 0.473178 0.424999 0.215215 0.400481
9.200000 0.052526 0.426645 0.181819 0.237656 0.472127 0.425063 0.215120 0.399610
9.400000 0.052358 0.426312 0.181882 0.237306 0.470919 0.425101 0.214877 0.398727
9.600000 0.052628 0.425804 0.181802 0.237207 0.470010 0.425054 0.214988 0.397864
9.800000 0.052423 0.425397 0.181795 0.237039 0.468653 0.425036 0.214708 0.396927
10.000000 0.052632 0.425006 0.181754 0.236772 0.467821 0.425038 0.214790 0.396417
10.200000 0.052397 0.424279 0.181752 0.236521 0.466688 0.424915 0.214681 0.395416
10.400000 0.052465 0.424327 0.181862 0.236319 0.465818 0.424816 0.214434 0.394518
10.600000 0.052453 0.423724 0.181883 0.236077 0.464339 0.424899 0.214468 0.393727
10.800000 0.052471 0.423382 0.181706 0.235835 0.463384 0.424908 0.214430 0.392770
11.000000 0.052437 0.422843 0.181667 0.235704 0.462273 0.424866 0.214379 0.392091
11.200000 0.052443 0.422570 0.181608 0.235424 0.461389 0.424950 0.214271 0.391244
11.400000 0.052478 0.422281 0.181727 0.235173 0.460078 0.424794 0.214119 0.390402
11.600000 0.052449 0.421794 0.181444 0.234983 0.459011 0.424936 0.213937 0.389701
11.800000 0.052439 0.421445 0.181535 0.234782 0.458168 0.424853 0.213888 0.388914
12.000000 0.052446 0.421077 0.181483 0.234582 0.457080 0.424775 0.213747 0.388114
12.200000 0.052454 0.420684 0.181521 0.195425 0.456183 0.424740 0.213905 0.387158
12.400000 0.052437 0.420344 0.181520 0.234128 0.455071 0.424670 0.213696 0.386564
12.600000 0.052452 0.419902 0.181422 0.234057 0.453828 0.424784 0.213020 0.385504
12.800000 0.052403 0.419452 0.181417 0.233665 0.453102 0.424682 0.213469 0.384870
13.000000 0.052259 0.418894 0.181182 0.233248 0.451716 0.424220 0.213232 0.383937
13.200000 0.052230 0.418444 0.181239 0.233113 0.450839 0.424243 0.213085 0.383155
13.400000 0.052237 0.418282 0.181107 0.232856 0.449648 0.424379 0.213000 0.382285
13.600000 0.052359 0.418004 0.181373 0.232859 0.448812 0.424617 0.213050 0.381802
13.800000 0.052373 0.417703 0.181164 0.232675 0.447789 0.424516 0.213009 0.381117
14.000000 0.052368 0.417339 0.181338 0.232493 0.446969 0.424514 0.212765 0.380338
14.200000 0.052365 0.416741 0.181236 0.232357 0.446148 0.424638 0.212711 0.379759
14.400000 0.052382 0.416708 0.181224 0.232012 0.445233 0.424467 0.212746 0.379016
14.600000 0.052367 0.416230 0.181199 0.231997 0.444387 0.424422 0.212709 0.378550
14.800000 0.052358 0.415995 0.181184 0.231921 0.443573 0.424368 0.212598 0.377772
15.000000 0.052046 0.415829 0.181272 0.231609 0.442768 0.424436 0.212471 0.377108
15.200000 0.052187 0.415353 0.181085 0.231177 0.441613 0.424373 0.212266 0.376217
15.400000 0.052211 0.415146 0.181025 0.231285 0.440947 0.424407 0.212281 0.375800
15.600000 0.052308 0.414859 0.181035 0.231164 0.440099 0.424427 0.212127 0.375089
15.800000 0.052288 0.414457 0.181010 0.230845 0.439299 0.424485 0.212151 0.374306
16.000000 0.052198 0.414148 0.181039 0.230639 0.438505 0.424209 0.211948 0.373976
16.200000 0.052190 0.413933 0.180970 0.230538 0.437554 0.424212 0.212018 0.373118
16.400000 0.052193 0.413575 0.181054 0.230228 0.436667 0.424292 0.211942 0.372366
16.600000 0.052193 0.413306 0.180995 0.230356 0.435897 0.424264 0.211870 0.371922
16.800000 0.052289 0.412942 0.180826 0.229976 0.434916 0.424150 0.211846 0.371304
17.000000 0.052308 0.412664 0.180948 0.229939 0.434159 0.424060 0.211690 0.370501
17.200000 0.052305 0.412588 0.180782 0.229632 0.433475 0.424141 0.211623 0.369885
17.400000 0.052299 0.412090 0.180919 0.229342 0.432505 0.424042 0.211523 0.369299
17.600000 0.052307 0.411749 0.180848 0.229270 0.431690 0.424115 0.211457 0.368853
17.800000 0.052301 0.411517 0.180865 0.229222 0.431057 0.424037 0.211253 0.368219
18.000000 0.052265 0.411215 0.180796 0.228916 0.430224 0.423926 0.211296 0.367497
18.200000 0.052264 0.410942 0.180786 0.228800 0.429394 0.424164 0.211046 0.366834
18.400000 0.052226 0.410600 0.180761 0.228582 0.428625 0.423926 0.211133 0.366380
18.600000 0.052145 0.410223 0.180761 0.228375 0.427882 0.424026 0.211136 0.365778
18.800000 0.052311 0.410258 0.180957 0.228308 0.427179 0.423917 0.210790 0.365006
19.000000 0.052261 0.409799 0.180702 0.228140 0.426046 0.423992 0.210980 0.364361
19.200000 0.052270 0.409449 0.180615 0.227922 0.425143 0.423929 0.210808 0.363845
19.400000 0.052249 0.409226 0.180669 0.227598 0.424507 0.424005 0.210666 0.363280
19.600000 0.052264 0.408836 0.180781 0.227601 0.423751 0.423911 0.210621 0.362817
19.800000 0.052204 0.408689 0.180651 0.227462 0.422888 0.423827 0.210711 0.361966
20.000000 0.052254 0.408253 0.180639 0.227277 0.422332 0.423741 0.210450 0.361629
20.200000 0.052239 0.408052 0.180530 0.227325 0.421561 0.423768 0.210396 0.360972
20.400000 0.052224 0.407768 0.180571 0.226926 0.420802 0.423703 0.210336 0.360439
20.600000 0.052236 0.407463 0.180623 0.226751 0.420039 0.423768 0.210245 0.359908
20.800000 0.052243 0.407139 0.180658 0.226675 0.419449 0.423859 0.210091 0.359299
21.000000 0.052221 0.407019 0.180528 0.226494 0.418615 0.423811 0.210111 0.358883
21.200000 0.052211 0.406736 0.180503 0.226370 0.417792 0.423747 0.209983 0.358179
21.400000 0.052273 0.406604 0.180528 0.226153 0.417037 0.423876 0.209919 0.357690
21.600000 0.052208 0.406086 0.180481 0.226063 0.416288 0.423648 0.209927 0.357174
21.800000 0.052241 0.405902 0.180379 0.225865 0.415590 0.423658 0.209786 0.356730
22.000000 0.052126 0.405666 0.180371 0.225732 0.414944 0.423440 0.209605 0.356119
22.200000 0.052193 0.405291 0.180633 0.225602 0.414317 0.423433 0.209639 0.355554
22.400000 0.052206 0.405124 0.180365 0.225483 0.413646 0.423626 0.209629 0.354976
22.600000 0.052190 0.404695 0.180504 0.225285 0.412849 0.423529 0.209482 0.354376
22.800000 0.052169 0.404779 0.180432 0.225183 0.412265 0.423650 0.209455 0.353880
23.000000 0.052170 0.404455 0.180264 0.225003 0.411443 0.423535 0.209413 0.353537
23.200000 0.052179 0.404168 0.180232 0.224944 0.410867 0.423519 0.209264 0.352886
23.400000 0.052170 0.403922 0.180423 0.224650 0.410190 0.423530 0.209094 0.352203
23.600000 0.052178 0.403703 0.180345 0.224727 0.409346 0.423376 0.209093 0.351946
23.800000 0.052189 0.403308 0.180355 0.224411 0.408918 0.423316 0.209168 0.351467
24.000000 0.052155 0.403264 0.180326 0.224323 0.408273 0.423426 0.208951 0.350891
24.200000 0.052167 0.403022 0.180102 0.224063 0.407546 0.423378 0.208846 0.350372
24.400000 0.052153 0.402752 0.180149 0.224122 0.406804 0.423279 0.208784 0.349914
24.600000 0.052158 0.402503 0.180300 0.223908 0.405969 0.423368 0.208789 0.349555
24.800000 0.052150 0.402252 0.180128 0.223767 0.405561 0.423371 0.208599 0.348920
25.000000 0.052136 0.401938 0.180340 0.223590 0.405101 0.423421 0.208655 0.348502
25.200000 0.051858 0.401731 0.180154 0.223427 0.404109 0.423148 0.208450 0.347848
25.400000 0.052075 0.401433 0.180222 0.223250 0.403571 0.423321 0.208461 0.347320
25.600000 0.052133 0.401451 0.180057 0.223200 0.402933 0.423289 0.208425 0.346872
25.800000 0.052124 0.401100 0.180108 0.223029 0.402297 0.423237 0.208252 0.346345
26.000000 0.052106 0.400788 0.180158 0.222808 0.401482 0.423223 0.208210 0.345854
26.200000 0.052106 0.400542 0.180154 0.222841 0.400866 0.423235 0.207980 0.345542
26.400000 0.052117 0.400263 0.180098 0.222820 0.400397 0.423070 0.208072 0.345004
26.600000 0.052132 0.400033 0.180062 0.222574 0.399710 0.423267 0.207952 0.344425
26.800000 0.052140 0.400067 0.180042 0.222316 0.399127 0.423091 0.207884 0.343880
27.000000 0.052099 0.399519 0.179971 0.222062 0.398490 0.423197 0.207824 0.343375
27.200000 0.052116 0.399338 0.180030 0.222065 0.397883 0.423166 0.207737 0.343066
27.400000 0.052080 0.399213 0.180004 0.222122 0.397466 0.423104 0.207574 0.342545
27.600000 0.052099 0.399156 0.180032 0.221891 0.396727 0.423010 0.207629 0.342228
27.800000 0.052060 0.398983 0.179820 0.221754 0.396060 0.422999 0.207606 0.341726
28.000000 0.052056 0.398537 0.179820 0.221600 0.395381 0.423004 0.207502 0.341188
28.200000 0.052099 0.398283 0.180008 0.221557 0.394906 0.422997 0.207419 0.340859
28.400000 0.052072 0.397994 0.179957 0.221385 0.394378 0.422849 0.207068 0.340402
28.600000 0.052040 0.397800 0.179846 0.221195 0.393816 0.422898 0.207143 0.339821
28.800000 0.052066 0.397368 0.179760 0.221249 0.393217 0.422882 0.207111 0.339383
29.000000 0.052067 0.397446 0.179880 0.221049 0.392687 0.422846 0.207121 0.338941
29.200000 0.051935 0.397279 0.179818 0.220860 0.392102 0.422887 0.206925 0.338681
29.400000 0.052024 0.396948 0.179997 0.220793 0.391473 0.422711 0.206980 0.338104
29.600000 0.052053 0.396727 0.179843 0.220498 0.390824 0.422690 0.206939 0.337911
29.800000 0.051910 0.396630 0.179880 0.220456 0.390421 0.422892 0.206876 0.337283
30.000000 0.052181 0.396428 0.179834 0.220374 0.389809 0.422685 0.206817 0.336939
30.200000 0.051900 0.396127 0.179640 0.220341 0.389153 0.422797 0.206670 0.336511
30.400000 0.052032 0.396091 0.179601 0.220141 0.388567 0.422790 0.206677 0.336053
30.600000 0.052013 0.395884 0.179789 0.219839 0.388097 0.422683 0.206580 0.335557
30.800000 0.052297 0.395585 0.179772 0.219822 0.387602 0.422808 0.206542 0.335116
31.000000 0.052410 0.395433 0.179784 0.219617 0.387058 0.422795 0.206587 0.334836
31.200000 0.052754 0.395086 0.179790 0.219544 0.386543 0.422654 0.206398 0.334322
31.400000 0.053161 0.395045 0.179688 0.219559 0.386120 0.422664 0.206277 0.334142
31.600000 0.053677 0.394878 0.179680 0.219500 0.385961 0.422636 0.206159 0.333999
31.800000 0.054307 0.394680 0.179752 0.219404 0.385784 0.422615 0.206205 0.333931
32.000000 0.054897 0.394492 0.179632 0.219402 0.385899 0.422521 0.206224 0.334118
32.200000 0.055631 0.394665 0.179737 0.219294 0.386507 0.422400 0.206172 0.334594
32.400000 0.056328 0.394753 0.179826 0.219512 0.387437 0.422614 0.206006 0.334973
32.600000 0.057059 0.394985 0.179753 0.219694 0.388684 0.422607 0.206064 0.335982
32.800000 0.057707 0.395498 0.179685 0.219919 0.390301 0.422615 0.205737 0.337075
33.000000 0.058338 0.396227 0.179814 0.220308 0.392272 0.422285 0.206015 0.338579
33.200000 0.058936 0.397152 0.179895 0.220775 0.394878 0.422551 0.206046 0.340267
33.400000 0.059433 0.398611 0.179985 0.221273 0.397407 0.422580 0.206111 0.342123
33.600000 0.059916 0.400224 0.179940 0.222155 0.400543 0.422495 0.206060 0.344461
33.800000 0.060308 0.402225 0.180030 0.222883 0.404030 0.422411 0.206085 0.346895
34.000000 0.060954 0.404997 0.180308 0.223694 0.407727 0.422365 0.206142 0.349541
34.200000 0.061337 0.408143 0.180335 0.224866 0.411823 0.422589 0.206105 0.352597
34.400000 0.061544 0.411376 0.180700 0.225951 0.415610 0.422370 0.206205 0.355665
34.600000 0.061865 0.415146 0.180898 0.226755 0.420182 0.422652 0.206260 0.358741
34.800000 0.062168 0.419395 0.181109 0.228092 0.424678 0.422636 0.206271 0.362198
35.000000 0.062380 0.424037 0.181519 0.229476 0.429632 0.422664 0.206360 0.365903
35.200000 0.062693 0.429033 0.181539 0.230454 0.434493 0.422458 0.206357 0.369438
35.400000 0.062806 0.434062 0.181655 0.231753 0.439431 0.422612 0.206523 0.373150
35.600000 0.062976 0.439172 0.181980 0.232907 0.444364 0.422599 0.206386 0.376806
35.800000 0.063137 0.444682 0.182220 0.233955 0.449328 0.422545 0.206595 0.380569
36.000000 0.063306 0.450478 0.182454 0.235223 0.454494 0.422615 0.206666 0.384520
36.200000 0.063449 0.456444 0.182561 0.236231 0.459659 0.422566 0.206648 0.388450
36.400000 0.063556 0.462743 0.182686 0.237489 0.465182 0.422666 0.206876 0.392606
36.600000 0.063626 0.469325 0.183011 0.238546 0.470493 0.422587 0.206863 0.396876
36.800000 0.063363 0.475529 0.183206 0.239623 0.475965 0.422254 0.207058 0.401065
37.000000 0.063830 0.482516 0.183511 0.240666 0.481729 0.422540 0.207002 0.405400
37.200000 0.063915 0.489411 0.183472 0.241700 0.487590 0.422691 0.207201 0.410051
37.400000 0.064007 0.498198 0.183849 0.243170 0.494889 0.422702 0.207136 0.415369
37.600000 0.063936 0.505499 0.184006 0.243850 0.500865 0.422576 0.207224 0.419969
37.800000 0.064130 0.512502 0.184038 0.245020 0.506689 0.422811 0.207217 0.424709
38.000000 0.064185 0.519528 0.184410 0.246033 0.512696 0.422921 0.207447 0.429435
38.200000 0.064207 0.526678 0.184480 0.246941 0.518773 0.422859 0.207383 0.433887
38.400000 0.064282 0.533875 0.184747 0.247847 0.524867 0.422795 0.207603 0.438810
38.600000 0.064331 0.540982 0.184877 0.248742 0.530998 0.422897 0.207644 0.443547
38.800000 0.064313 0.548113 0.185042 0.249776 0.536945 0.422876 0.207736 0.448415
39.000000 0.064348 0.555415 0.185266 0.250598 0.542859 0.422854 0.207720 0.453292
39.200000 0.064406 0.562463 0.185338 0.251480 0.549265 0.422953 0.207963 0.458176
39.400000 0.064509 0.569605 0.185440 0.252618 0.555369 0.422973 0.208067 0.463086
39.600000 0.064465 0.576515 0.185776 0.253344 0.561484 0.422909 0.207984 0.467905
39.800000 0.064449 0.583631 0.185933 0.254231 0.567719 0.422846 0.208232 0.472841
40.000000 0.064494 0.590397 0.186053 0.255101 0.573840 0.423027 0.208270 0.477738
40.200000 0.064541 0.597332 0.186245 0.255919 0.580025 0.422978 0.208414 0.482705
40.400000 0.064539 0.604121 0.186370 0.256699 0.586330 0.423094 0.208444 0.487522
40.600000 0.064408 0.611046 0.186530 0.257646 0.592625 0.423052 0.208522 0.492454
40.800000 0.064588 0.617663 0.186685 0.258554 0.598792 0.423214 0.208683 0.497533
41.000000 0.064575 0.624197 0.186731 0.259311 0.604908 0.423017 0.208634 0.502503
41.200000 0.064644 0.630523 0.186954 0.260060 0.611069 0.423159 0.208853 0.507399
41.400000 0.064650 0.637054 0.187178 0.260862 0.617336 0.423161 0.208919 0.512325
41.600000 0.064676 0.643452 0.187323 0.261663 0.623329 0.423068 0.209060 0.517213
41.800000 0.064660 0.649499 0.187311 0.262445 0.629475 0.423254 0.209114 0.521931
42.000000 0.064672 0.655230 0.187678 0.263345 0.635620 0.423198 0.209278 0.526793
42.200000 0.064692 0.661102 0.187752 0.264019 0.641614 0.423324 0.209379 0.531570
42.400000 0.064685 0.667023 0.187799 0.264596 0.647523 0.423163 0.209414 0.536263
42.600000 0.064713 0.672708 0.187916 0.265608 0.653439 0.423303 0.209668 0.540900
42.800000 0.064706 0.678077 0.188031 0.266191 0.659282 0.423263 0.209597 0.545587
43.000000 0.064752 0.683457 0.188244 0.266769 0.665332 0.423423 0.209723 0.550330
43.200000 0.064771 0.688488 0.188365 0.267740 0.670973 0.423182 0.209758 0.554993
43.400000 0.064781 0.693784 0.188299 0.268431 0.676878 0.423343 0.209953 0.559670
43.600000 0.064842 0.698946 0.188662 0.269175 0.683265 0.423476 0.210102 0.564941
43.800000 0.064802 0.706140 0.188767 0.270383 0.691361 0.423539 0.210225 0.571198
44.000000 0.064803 0.710683 0.189037 0.271064 0.696858 0.423519 0.210323 0.575442
44.200000 0.064830 0.715171 0.189034 0.271710 0.702192 0.423508 0.210559 0.579887
44.400000 0.064791 0.719414 0.189058 0.272237 0.707548 0.423434 0.210474 0.584006
44.600000 0.064827 0.723371 0.189242 0.273060 0.712797 0.423548 0.210571 0.588117
44.800000 0.064840 0.727282 0.189437 0.273673 0.717735 0.423604 0.210643 0.592304
45.000000 0.064980 0.731146 0.189499 0.274461 0.723093 0.423585 0.210766 0.596508
45.200000 0.064697 0.734689 0.189651 0.275040 0.728055 0.423652 0.211016 0.600450
45.400000 0.064778 0.738289 0.189549 0.275561 0.732762 0.423621 0.210919 0.604280
45.600000 0.064871 0.741748 0.189793 0.276192 0.737996 0.423669 0.211126 0.608085
45.800000 0.064837 0.744953 0.190114 0.276937 0.742903 0.423610 0.211276 0.612126
46.000000 0.064719 0.748139 0.190046 0.277600 0.747427 0.423773 0.211310 0.615939
46.200000 0.064872 0.751426 0.190153 0.277867 0.752062 0.423772 0.211380 0.619407
46.400000 0.064858 0.754356 0.190213 0.278629 0.756709 0.423799 0.211472 0.623265
46.600000 0.064884 0.757115 0.190414 0.279509 0.761228 0.423785 0.211517 0.626957
46.800000 0.064875 0.759797 0.190314 0.280042 0.765613 0.423757 0.211672 0.630342
47.000000 0.064899 0.762553 0.190578 0.280466 0.770087 0.423814 0.211643 0.634068
47.200000 0.064932 0.765054 0.190610 0.281106 0.774299 0.424039 0.211835 0.637309
47.400000 0.064905 0.767600 0.190719 0.281782 0.778483 0.424017 0.212009 0.640728
47.600000 0.064915 0.770087 0.190865 0.282579 0.782529 0.423776 0.212066 0.644066
47.800000 0.064950 0.772324 0.190975 0.283035 0.786643 0.423910 0.212154 0.647314
48.000000 0.064945 0.774523 0.190902 0.283587 0.790488 0.423841 0.212334 0.650716
48.200000 0.064940 0.776447 0.191127 0.283999 0.794389 0.423997 0.212265 0.653750
48.400000 0.064956 0.778583 0.190970 0.284664 0.798209 0.424036 0.212415 0.656840
48.600000 0.064919 0.780604 0.191212 0.285296 0.801860 0.423893 0.212591 0.659924
48.800000 0.064982 0.782533 0.191286 0.285805 0.805726 0.424085 0.212637 0.662802
49.000000 0.064858 0.784304 0.191605 0.286543 0.809269 0.424144 0.212768 0.665919
49.200000 0.064880 0.786244 0.191527 0.286880 0.812758 0.424116 0.212820 0.668714
49.400000 0.064982 0.787839 0.191599 0.287465 0.816320 0.424133 0.212914 0.671669
49.600000 0.064864 0.789481 0.191790 0.287902 0.819696 0.424098 0.213099 0.674534
49.800000 0.064948 0.791019 0.191734 0.288579 0.822798 0.424268 0.213093 0.677182
50.000000 0.065039 0.792827 0.191739 0.289103 0.826683 0.424227 0.213226 0.680095
50.200000 0.065002 0.794475 0.192223 0.289634 0.829915 0.424250 0.213400 0.682979
50.400000 0.065023 0.795783 0.192017 0.290145 0.832952 0.424277 0.213410 0.685378
50.600000 0.064889 0.797191 0.192010 0.290700 0.836033 0.424432 0.213543 0.687885
50.800000 0.064998 0.798447 0.192181 0.291270 0.839022 0.424300 0.213496 0.690581
51.000000 0.065016 0.799834 0.192143 0.291634 0.842040 0.424213 0.213745 0.692931
51.200000 0.065053 0.801016 0.192280 0.292243 0.845056 0.424436 0.213916 0.695372
51.400000 0.065048 0.802134 0.192379 0.292846 0.847919 0.424242 0.213832 0.697698
51.600000 0.065077 0.803503 0.192406 0.293285 0.850945 0.424567 0.214073 0.699970
51.800000 0.065116 0.804622 0.192464 0.293787 0.853366 0.424429 0.214193 0.702483
52.000000 0.065081 0.805723 0.192434 0.294439 0.856311 0.424500 0.214250 0.704699
52.200000 0.064938 0.806539 0.192718 0.294716 0.858719 0.424404 0.214274 0.706673
52.400000 0.065071 0.807633 0.192767 0.295318 0.861240 0.424455 0.214525 0.708936
52.600000 0.065063 0.808781 0.192806 0.295670 0.863694 0.424500 0.214526 0.711174
52.800000 0.065067 0.809736 0.192722 0.296300 0.866289 0.424352 0.214651 0.713337
53.000000 0.065148 0.810598 0.192950 0.296929 0.868686 0.424601 0.214725 0.715253
53.200000 0.065077 0.811165 0.192954 0.297149 0.871110 0.424402 0.214826 0.717315
53.400000 0.065043 0.812240 0.193025 0.297741 0.873522 0.424643 0.214898 0.719020
53.600000 0.065101 0.813282 0.192950 0.298237 0.875757 0.424628 0.215085 0.720965
53.800000 0.065073 0.814099 0.192902 0.298702 0.877974 0.424544 0.215014 0.722845
54.000000 0.065092 0.814679 0.193274 0.299177 0.880176 0.424798 0.215216 0.724833
54.200000 0.065065 0.815477 0.192874 0.299584 0.882152 0.424725 0.215309 0.726730
54.400000 0.065072 0.816271 0.193289 0.300078 0.884324 0.424744 0.215415 0.728393
54.600000 0.065069 0.816848 0.193391 0.300597 0.886238 0.424798 0.215448 0.730029
54.800000 0.065083 0.817613 0.193595 0.300998 0.888398 0.424657 0.215657 0.731884
55.000000 0.065069 0.818213 0.193578 0.301446 0.890406 0.424730 0.215713 0.733374
55.200000 0.065072 0.818856 0.193606 0.301932 0.892197 0.424850 0.215812 0.734925
55.400000 0.065109 0.819401 0.193781 0.302316 0.894241 0.424880 0.215784 0.736588
55.600000 0.065033 0.819870 0.193514 0.302686 0.895912 0.424924 0.215770 0.738075
55.800000 0.065073 0.820695 0.193741 0.303284 0.897849 0.424939 0.216110 0.739898
56.000000 0.065063 0.821442 0.193792 0.303490 0.899658 0.425090 0.216072 0.741276
56.200000 0.065064 0.821943 0.193826 0.304246 0.901776 0.424733 0.216320 0.743013
56.400000 0.065078 0.822353 0.194069 0.304598 0.903455 0.424997 0.216215 0.744468
56.600000 0.065088 0.822979 0.193992 0.305043 0.905098 0.425064 0.216396 0.745930
56.800000 0.065087 0.823260 0.193979 0.305420 0.906587 0.425044 0.216432 0.747180
57.000000 0.065084 0.823810 0.193988 0.305845 0.908123 0.424962 0.216655 0.748662
57.200000 0.065088 0.824190 0.194145 0.306179 0.909858 0.425028 0.216785 0.749834
57.400000 0.065098 0.824600 0.194160 0.306717 0.911332 0.425145 0.216953 0.751069
57.600000 0.065098 0.825045 0.194342 0.307048 0.912895 0.424992 0.216908 0.752545
57.800000 0.065093 0.825271 0.194383 0.307546 0.914402 0.425210 0.217040 0.753681
58.000000 0.065078 0.825988 0.194355 0.307868 0.915942 0.425258 0.217114 0.754886
58.200000 0.065103 0.826343 0.194380 0.308340 0.917100 0.425255 0.217240 0.755965
58.400000 0.065069 0.826669 0.194509 0.308780 0.918433 0.425203 0.217139 0.757251
58.600000 0.065089 0.827209 0.194474 0.309073 0.919871 0.425410 0.217403 0.758488
58.800000 0.065112 0.827241 0.194436 0.309556 0.921186 0.425315 0.217528 0.759516
59.000000 0.065084 0.827622 0.194541 0.309827 0.922399 0.425307 0.217557 0.760592
59.200000 0.065047 0.828040 0.194426 0.310265 0.923656 0.425347 0.217671 0.761633
59.400000 0.065060 0.828266 0.194780 0.310794 0.925091 0.425344 0.217742 0.762754
59.600000 0.065053 0.828653 0.194839 0.311078 0.926077 0.425399 0.217838 0.763815
59.800000 0.065154 0.829002 0.194415 0.311420 0.927373 0.425272 0.217806 0.764659
60.000000 0.065077 0.829215 0.194738 0.311798 0.928572 0.425515 0.218009 0.765593
60.200000 0.065088 0.829570 0.194825 0.312049 0.929743 0.425473 0.218161 0.766628
60.400000 0.065107 0.829635 0.194913 0.312564 0.930814 0.425508 0.218169 0.767652
60.600000 0.065103 0.830180 0.194891 0.313017 0.932112 0.425656 0.218496 0.768613
60.800000 0.065129 0.830400 0.194938 0.313245 0.933126 0.425611 0.218399 0.769622
61.000000 0.065088 0.830664 0.195000 0.313638 0.934182 0.425636 0.218472 0.770440
61.200000 0.065059 0.830603 0.195032 0.314054 0.935191 0.425517 0.218537 0.771276
61.400000 0.065101 0.830850 0.195100 0.314429 0.935835 0.425596 0.218790 0.772188
61.600000 0.065088 0.831047 0.195088 0.314881 0.937303 0.425490 0.218402 0.772933
61.800000 0.065073 0.831397 0.195022 0.315236 0.938193 0.425472 0.218669 0.773913
62.000000 0.065061 0.831337 0.195179 0.315586 0.939155 0.425624 0.218918 0.774445
62.200000 0.065115 0.831844 0.195243 0.315877 0.940114 0.425625 0.219084 0.775515
62.400000 0.065091 0.831952 0.195222 0.316418 0.941750 0.425623 0.219141 0.776533
62.600000 0.065096 0.832197 0.195358 0.316816 0.942688 0.425792 0.219227 0.777297
62.800000 0.065085 0.832444 0.195340 0.316980 0.943301 0.425738 0.219368 0.778092
63.000000 0.065092 0.832492 0.195380 0.317414 0.944314 0.425810 0.219372 0.778884
63.200000 0.065104 0.832734 0.195409 0.317811 0.945237 0.425831 0.219464 0.779688
63.400000 0.065101 0.832861 0.234067 0.317998 0.946189 0.425866 0.219654 0.780379
63.600000 0.065122 0.832936 0.195543 0.318490 0.946876 0.426008 0.219606 0.780954
63.800000 0.065108 0.833145 0.195594 0.318908 0.947742 0.425834 0.219900 0.781860
64.000000 0.065092 0.833357 0.195577 0.319111 0.948622 0.426018 0.219805 0.782389
64.200000 0.065120 0.833433 0.195637 0.319499 0.949324 0.426019 0.219944 0.782936
64.400000 0.065107 0.833466 0.195760 0.319687 0.950017 0.425970 0.220131 0.783554
64.600000 0.065141 0.833669 0.195695 0.320171 0.950900 0.425957 0.220097 0.784194
64.800000 0.065088 0.833771 0.195711 0.320494 0.951550 0.425941 0.220290 0.784774
65.000000 0.065113 0.833782 0.195635 0.320808 0.952272 0.425912 0.220261 0.785412
65.200000 0.065097 0.834153 0.195762 0.321177 0.953019 0.425879 0.220248 0.786125
65.400000 0.065068 0.834186 0.195640 0.321257 0.953527 0.425925 0.220290 0.786573
65.600000 0.065110 0.834234 0.195672 0.321766 0.954361 0.426153 0.220421 0.787226
65.800000 0.065025 0.834389 0.195916 0.322101 0.955138 0.425891 0.220535 0.787721
66.000000 0.064976 0.834444 0.195885 0.322456 0.955957 0.425916 0.220652 0.788327
66.200000 0.065108 0.834621 0.195941 0.322799 0.956280 0.426042 0.220717 0.788784
66.400000 0.065106 0.834855 0.196063 0.322915 0.957094 0.426163 0.220689 0.789276
66.600000 0.065098 0.834903 0.195826 0.323288 0.957707 0.426038 0.220746 0.789802
66.800000 0.065100 0.834990 0.196067 0.323731 0.958287 0.426226 0.221015 0.790467
67.000000 0.065076 0.834965 0.196019 0.323945 0.958976 0.426279 0.221221 0.790895
67.200000 0.065143 0.835315 0.195933 0.324242 0.959638 0.426246 0.221119 0.791435
67.400000 0.065141 0.835289 0.196059 0.324531 0.960061 0.426253 0.221105 0.791990
67.600000 0.065002 0.835415 0.196127 0.324924 0.960835 0.426225 0.221331 0.792420
67.800000 0.065122 0.835304 0.196164 0.325217 0.961197 0.426279 0.221345 0.792714
68.000000 0.065254 0.835448 0.196083 0.325514 0.962011 0.426229 0.221507 0.793403
68.200000 0.065126 0.835720 0.196163 0.325748 0.961937 0.426230 0.221407 0.793699
68.400000 0.065264 0.835757 0.196307 0.326198 0.962906 0.426462 0.221850 0.794292
68.600000 0.065102 0.835862 0.196320 0.326426 0.963745 0.426391 0.221762 0.794827
68.800000 0.065103 0.835652 0.196264 0.326539 0.963964 0.426423 0.221714 0.795033
69.000000 0.065108 0.835837 0.196360 0.327045 0.964782 0.426585 0.221903 0.795536
69.200000 0.065126 0.835956 0.196285 0.327336 0.965014 0.426409 0.221998 0.796033
69.400000 0.065097 0.835908 0.196237 0.327458 0.965641 0.426468 0.222108 0.796278
69.600000 0.065120 0.836109 0.196407 0.328017 0.966091 0.426583 0.222144 0.796929
69.800000 0.065122 0.836187 0.196416 0.328138 0.966606 0.426381 0.222194 0.797264
70.000000 0.065122 0.836266 0.196520 0.328447 0.967069 0.426557 0.222289 0.797467
70.200000 0.065101 0.836215 0.196388 0.328744 0.967554 0.426631 0.222358 0.797955
70.400000 0.065129 0.836343 0.196571 0.329084 0.968107 0.426537 0.222403 0.798235
70.600000 0.065110 0.836388 0.196427 0.329341 0.968232 0.426622 0.222493 0.798614
70.800000 0.065134 0.836427 0.196593 0.329623 0.968923 0.426650 0.222586 0.798871
71.000000 0.065117 0.836522 0.196570 0.329807 0.969298 0.426565 0.222675 0.799445
71.200000 0.065124 0.836625 0.196537 0.330146 0.969613 0.426716 0.222703 0.799569
71.400000 0.065134 0.836490 0.196581 0.330472 0.970221 0.426702 0.222670 0.800138
71.600000 0.065135 0.836730 0.196534 0.330737 0.970714 0.426781 0.222910 0.800333
71.800000 0.065244 0.836645 0.196674 0.330833 0.970811 0.426708 0.222994 0.800374
72.000000 0.065080 0.836663 0.196775 0.331211 0.971135 0.426510 0.223013 0.801015
72.200000 0.065148 0.836934 0.196822 0.331490 0.971671 0.426790 0.223146 0.801318
72.400000 0.065131 0.837019 0.196552 0.331814 0.972264 0.426925 0.222999 0.801696
72.600000 0.065143 0.836972 0.196754 0.332028 0.972467 0.426824 0.223381 0.801949
72.800000 0.065060 0.837059 0.196826 0.332447 0.973030 0.426906 0.223372 0.802172
73.000000 0.065138 0.837193 0.196800 0.332577 0.973287 0.426895 0.223421 0.802460
73.200000 0.065136 0.837193 0.196806 0.332904 0.973576 0.426919 0.223534 0.803041
73.400000 0.065136 0.837357 0.196846 0.333488 0.974020 0.427054 0.223564 0.803003
73.600000 0.065142 0.837340 0.196888 0.333371 0.974318 0.427033 0.223648 0.803487
73.800000 0.065058 0.837383 0.196720 0.333831 0.974600 0.426858 0.223700 0.803776
74.000000 0.065143 0.837382 0.196938 0.333700 0.974949 0.426856 0.223817 0.803956
74.200000 0.065127 0.837380 0.196977 0.334053 0.975359 0.426983 0.223889 0.804179
74.400000 0.065209 0.837609 0.196870 0.334168 0.975775 0.427054 0.223998 0.804527
74.600000 0.064978 0.837569 0.196890 0.334660 0.976261 0.426942 0.224146 0.804862
74.800000 0.065143 0.837557 0.196841 0.335008 0.976539 0.427169 0.224129 0.805134
75.000000 0.065112 0.837565 0.197001 0.335274 0.976432 0.426973 0.224007 0.805351
75.200000 0.065128 0.837641 0.197033 0.335437 0.977063 0.427240 0.224289 0.805587
75.400000 0.065125 0.837827 0.197082 0.335728 0.977330 0.427169 0.224232 0.805870
75.600000 0.065147 0.837793 0.197073 0.336004 0.977680 0.427091 0.224346 0.806137
75.800000 0.065138 0.837714 0.197099 0.336422 0.977915 0.427222 0.224437 0.806385
76.000000 0.065047 0.837768 0.197268 0.336360 0.978196 0.427010 0.224494 0.806547
76.200000 0.065132 0.837799 0.196993 0.336756 0.978478 0.427179 0.224368 0.806583
76.400000 0.065124 0.837730 0.197149 0.336933 0.978816 0.427157 0.224652 0.806992
76.600000 0.065110 0.837972 0.197182 0.337270 0.978925 0.427153 0.224724 0.807294
76.800000 0.065109 0.837985 0.197228 0.337508 0.979247 0.427163 0.224797 0.807258
77.000000 0.065121 0.837964 0.197229 0.337760 0.979478 0.427284 0.224695 0.807745
77.200000 0.065116 0.837893 0.197295 0.337701 0.979815 0.427361 0.224943 0.807834
77.400000 0.065016 0.838058 0.197252 0.338209 0.979997 0.427362 0.224952 0.808073
77.600000 0.065150 0.838066 0.197358 0.338253 0.980190 0.427387 0.224996 0.808147
77.800000 0.065126 0.837965 0.197299 0.338618 0.980495 0.427364 0.225114 0.808408
78.000000 0.065129 0.838125 0.197434 0.338872 0.980718 0.427269 0.225200 0.808695
78.200000 0.065150 0.838269 0.197262 0.339075 0.980960 0.427393 0.225233 0.808770
78.400000 0.065081 0.838106 0.196865 0.339245 0.980882 0.427301 0.225319 0.808811
78.600000 0.065145 0.838016 0.197445 0.339642 0.981459 0.427486 0.225477 0.809044
78.800000 0.065126 0.838297 0.197429 0.339752 0.981655 0.427451 0.225449 0.809277
79.000000 0.065127 0.838317 0.197321 0.339986 0.982047 0.427468 0.225487 0.809499
79.200000 0.065150 0.838274 0.197365 0.340038 0.982114 0.427511 0.225545 0.809774
79.400000 0.065003 0.838210 0.197300 0.340465 0.982263 0.427331 0.225664 0.809802
79.600000 0.065145 0.838238 0.197561 0.340724 0.982477 0.427411 0.225830 0.810056
79.800000 0.065220 0.838176 0.197588 0.340773 0.982773 0.427453 0.225797 0.810141
80.000000 0.065150 0.838167 0.197572 0.341036 0.982848 0.427672 0.225922 0.810377
80.200000 0.065144 0.838437 0.197526 0.341200 0.982913 0.427655 0.225967 0.810516
80.400000 0.065197 0.838460 0.197639 0.341610 0.983371 0.427558 0.226030 0.810633
80.600000 0.065140 0.838349 0.197510 0.341801 0.983648 0.427687 0.225895 0.810894
80.800000 0.065138 0.838385 0.197386 0.341976 0.983641 0.427425 0.226018 0.810934
81.000000 0.065135 0.838389 0.197468 0.342205 0.983820 0.427643 0.226107 0.811015
81.200000 0.065129 0.838493 0.197714 0.342281 0.983907 0.427577 0.226136 0.811287
81.400000 0.065228 0.838555 0.197738 0.342606 0.984156 0.427720 0.226228 0.811353
81.600000 0.065092 0.838467 0.197508 0.342705 0.983995 0.427638 0.226228 0.811410
81.800000 0.065116 0.838614 0.197675 0.342996 0.984599 0.427855 0.226387 0.811681
82.000000 0.065123 0.838506 0.197648 0.343261 0.984731 0.427809 0.226415 0.811790
82.200000 0.065137 0.838584 0.197620 0.343196 0.984953 0.427801 0.226530 0.811952
82.400000 0.065140 0.838665 0.197671 0.343626 0.985032 0.427759 0.226577 0.812116
82.600000 0.065132 0.838721 0.197662 0.343687 0.985016 0.427821 0.226722 0.812098
82.800000 0.065003 0.838772 0.197608 0.344070 0.985121 0.427706 0.226684 0.812487
83.000000 0.065124 0.838779 0.197710 0.344213 0.985544 0.427906 0.226762 0.812385
83.200000 0.065106 0.838778 0.197732 0.344443 0.985635 0.427922 0.226776 0.812600
83.400000 0.065134 0.838704 0.197688 0.344421 0.985751 0.427983 0.226822 0.812789
83.600000 0.065215 0.838875 0.197827 0.344725 0.985747 0.427861 0.227038 0.812697
83.800000 0.065063 0.838837 0.197675 0.344900 0.986093 0.427949 0.226789 0.813014
84.000000 0.065150 0.838685 0.197698 0.345049 0.986024 0.427975 0.226989 0.812890
84.200000 0.065099 0.838887 0.197899 0.345312 0.986297 0.427966 0.226761 0.813130
84.400000 0.065128 0.838818 0.197966 0.345599 0.986480 0.428047 0.227140 0.813001
84.600000 0.065282 0.838762 0.197883 0.345723 0.986424 0.427908 0.227124 0.813384
84.800000 0.065100 0.838864 0.197798 0.345767 0.986551 0.427908 0.227224 0.813395
85.000000 0.065101 0.838920 0.197799 0.345927 0.986883 0.428035 0.227299 0.813540
85.200000 0.065117 0.838895 0.197983 0.346274 0.987072 0.428107 0.227212 0.813608
85.400000 0.065147 0.838823 0.197791 0.346488 0.987033 0.428139 0.227435 0.813853
85.600000 0.065135 0.838972 0.197998 0.346818 0.987150 0.428261 0.227498 0.813777
85.800000 0.065299 0.838736 0.197769 0.346716 0.987135 0.428300 0.227647 0.814177
86.000000 0.065150 0.838792 0.197791 0.347122 0.987303 0.428303 0.227637 0.814188
86.200000 0.065150 0.838884 0.197919 0.346988 0.987549 0.428195 0.227597 0.814090
86.400000 0.065113 0.838993 0.197889 0.347493 0.987711 0.428246 0.227810 0.814211
86.600000 0.065131 0.838959 0.197846 0.347452 0.987663 0.428203 0.227701 0.814313
86.800000 0.065154 0.839022 0.198175 0.347695 0.987890 0.428243 0.227668 0.814395
87.000000 0.065135 0.838893 0.197988 0.347935 0.987832 0.428267 0.227842 0.814625
87.200000 0.065135 0.838820 0.197985 0.348200 0.987692 0.427951 0.227857 0.814614
87.400000 0.065116 0.838843 0.198055 0.348118 0.988045 0.428172 0.227988 0.814793
87.600000 0.065116 0.839030 0.197962 0.348465 0.987951 0.428212 0.228011 0.814794
87.800000 0.065103 0.839015 0.198204 0.348554 0.988161 0.428299 0.228050 0.814871
88.000000 0.065165 0.838958 0.198113 0.348694 0.988484 0.428395 0.228019 0.815011
88.200000 0.065113 0.839010 0.198132 0.348961 0.988336 0.428172 0.228269 0.814911
88.400000 0.065102 0.839096 0.197953 0.349054 0.988649 0.428377 0.228201 0.815001
88.600000 0.065131 0.838961 0.197976 0.349305 0.988754 0.428429 0.228391 0.815021
88.800000 0.065082 0.839042 0.198135 0.349473 0.988599 0.428398 0.228272 0.815145
89.000000 0.065013 0.839042 0.198151 0.349451 0.988692 0.428412 0.228384 0.815200
89.200000 0.065094 0.838997 0.198104 0.349826 0.988829 0.428333 0.228524 0.815211
89.400000 0.065027 0.839002 0.198183 0.349859 0.988824 0.428448 0.228236 0.815284
89.600000 0.065135 0.838865 0.198278 0.350088 0.988847 0.428484 0.228438 0.815320
89.800000 0.065102 0.839055 0.198125 0.350233 0.988699 0.428612 0.228554 0.815342
90.000000 0.065132 0.838779 0.198161 0.350429 0.988934 0.428354 0.228580 0.815435
