0.200000 0.051347 0.408691 0.172449 0.215812 0.431584 0.450587 0.211411 0.365542
0.400000 0.051273 0.407800 0.172311 0.215532 0.429717 0.450380 0.210980 0.364188
0.600000 0.051261 0.407398 0.172315 0.215250 0.428755 0.450426 0.210931 0.363185
0.800000 0.051262 0.406888 0.172282 0.215001 0.427429 0.450351 0.210813 0.362419
1.000000 0.051256 0.406462 0.172353 0.214837 0.426582 0.450427 0.210550 0.361779
1.200000 0.051121 0.405920 0.172253 0.214662 0.425512 0.450311 0.210522 0.360730
1.400000 0.051240 0.405427 0.172281 0.214391 0.424328 0.450249 0.210302 0.360032
1.600000 0.051230 0.405135 0.172178 0.214352 0.423328 0.450142 0.210139 0.359216
1.800000 0.051225 0.404802 0.172030 0.213987 0.422350 0.450022 0.210137 0.358519
2.000000 0.051222 0.404455 0.172271 0.213814 0.421386 0.450143 0.210077 0.357668
2.200000 0.051231 0.403866 0.172019 0.213603 0.420250 0.449864 0.209903 0.356886
2.400000 0.051155 0.403509 0.172095 0.213428 0.419168 0.450104 0.209708 0.356107
2.600000 0.051216 0.402914 0.172079 0.213168 0.418202 0.450037 0.209628 0.355318
2.800000 0.051194 0.402556 0.172004 0.213052 0.417064 0.449686 0.209450 0.354526
3.000000 0.051267 0.402040 0.171841 0.212582 0.416217 0.449953 0.209336 0.353803
3.200000 0.051194 0.401899 0.171965 0.212615 0.415217 0.449846 0.209166 0.353007
3.400000 0.051153 0.401452 0.171875 0.212328 0.414072 0.449968 0.208975 0.352314
3.600000 0.051074 0.401066 0.171927 0.212005 0.413159 0.449750 0.208829 0.351487
3.800000 0.051128 0.400623 0.171680 0.212082 0.412230 0.449684 0.208652 0.350734
4.000000 0.050976 0.400096 0.171933 0.211836 0.411105 0.449601 0.208614 0.349958
4.200000 0.051147 0.399698 0.171847 0.211628 0.410282 0.449536 0.208718 0.349142
4.400000 0.051185 0.399463 0.171910 0.211338 0.409135 0.449675 0.208342 0.348518
4.600000 0.051042 0.399030 0.171667 0.211299 0.408270 0.449669 0.208208 0.347822
4.800000 0.051104 0.398699 0.171695 0.211141 0.407456 0.449540 0.208070 0.347031
5.000000 0.051098 0.398212 0.171733 0.210860 0.406297 0.449511 0.207889 0.346316
5.200000 0.051100 0.397869 0.171721 0.210761 0.405427 0.449473 0.207824 0.345498
5.400000 0.051096 0.397438 0.171553 0.210571 0.404548 0.449322 0.207458 0.344722
5.600000 0.051110 0.397050 0.171521 0.210377 0.403652 0.449500 0.207513 0.344234
5.800000 0.051107 0.396639 0.171515 0.210045 0.402786 0.449348 0.207418 0.343502
6.000000 0.051079 0.396518 0.171574 0.209931 0.401646 0.449352 0.207284 0.342732
6.200000 0.051064 0.396159 0.171570 0.209518 0.400958 0.449187 0.206918 0.342121
6.400000 0.050969 0.395701 0.171654 0.209687 0.399860 0.449324 0.206918 0.341434
6.600000 0.051095 0.395222 0.171568 0.209336 0.398565 0.449185 0.206617 0.340300
6.800000 0.051019 0.394819 0.171416 0.209165 0.397936 0.449202 0.206649 0.339764
7.000000 0.051035 0.394522 0.171653 0.209007 0.396855 0.449077 0.206554 0.339092
7.200000 0.051057 0.394203 0.171428 0.208831 0.396066 0.448942 0.206277 0.338544
7.400000 0.051044 0.393793 0.171417 0.208774 0.395085 0.448933 0.206448 0.337749
7.600000 0.050905 0.393498 0.171407 0.208296 0.394298 0.448825 0.206080 0.337157
7.800000 0.051027 0.393193 0.171239 0.208336 0.393477 0.448806 0.205984 0.336490
8.000000 0.051020 0.392669 0.171338 0.208005 0.392612 0.448905 0.205846 0.335851
8.200000 0.051028 0.392403 0.171306 0.208125 0.391791 0.448788 0.205792 0.335084
8.400000 0.051017 0.392141 0.171304 0.207786 0.390866 0.448819 0.205560 0.334606
8.600000 0.051031 0.391776 0.171077 0.207806 0.390136 0.448657 0.205430 0.333999
8.800000 0.051020 0.391477 0.171255 0.207410 0.389158 0.448734 0.205358 0.333106
9.000000 0.051013 0.391064 0.171232 0.207332 0.388584 0.448701 0.205082 0.332719
9.200000 0.050987 0.390869 0.171131 0.207199 0.387673 0.448464 0.205213 0.332121
9.400000 0.050994 0.390616 0.171055 0.207185 0.386910 0.448499 0.205066 0.331438
9.600000 0.050974 0.390198 0.171325 0.206853 0.386111 0.448536 0.204842 0.330936
9.800000 0.050974 0.389845 0.171114 0.206654 0.385222 0.448569 0.204669 0.330294
10.000000 0.050988 0.389491 0.171064 0.206496 0.384509 0.448558 0.204566 0.329710
10.200000 0.050661 0.389111 0.171016 0.206220 0.383509 0.448452 0.204433 0.328980
10.400000 0.050966 0.388848 0.171058 0.206214 0.383147 0.448588 0.204320 0.328274
10.600000 0.051098 0.388749 0.170916 0.206181 0.382177 0.448356 0.204229 0.328043
10.800000 0.050790 0.388348 0.171174 0.205858 0.381469 0.448232 0.204139 0.327308
11.000000 0.051026 0.388153 0.171034 0.205781 0.380598 0.448164 0.203981 0.326851
11.200000 0.050926 0.387459 0.170963 0.205667 0.379894 0.448161 0.203795 0.326099
11.400000 0.050952 0.387222 0.170759 0.205418 0.379085 0.448216 0.203570 0.325542
11.600000 0.050914 0.387265 0.170925 0.205311 0.378426 0.448300 0.203630 0.325001
11.800000 0.050930 0.386864 0.171021 0.205203 0.377747 0.448181 0.203537 0.324627
12.000000 0.050915 0.386369 0.170820 0.204947 0.376881 0.448077 0.203360 0.324048
12.200000 0.050928 0.386240 0.170772 0.204910 0.376142 0.448017 0.203251 0.323466
12.400000 0.050908 0.385957 0.170791 0.204731 0.375444 0.447967 0.203097 0.322952
12.600000 0.050758 0.385638 0.170773 0.204468 0.374715 0.447958 0.202869 0.322322
12.800000 0.050699 0.385153 0.170732 0.204437 0.373925 0.447702 0.202873 0.321775
13.000000 0.050890 0.385073 0.170828 0.204322 0.373372 0.447943 0.202926 0.321336
13.200000 0.050896 0.384700 0.170838 0.204169 0.372735 0.447785 0.202516 0.320826
13.400000 0.050861 0.384597 0.170869 0.204039 0.372098 0.447806 0.202602 0.320354
13.600000 0.050902 0.384216 0.170806 0.203886 0.371443 0.447869 0.202623 0.319893
13.800000 0.050844 0.384134 0.170701 0.203827 0.370826 0.447683 0.202212 0.319394
14.000000 0.050892 0.383774 0.170609 0.203682 0.370212 0.447804 0.202386 0.318813
14.200000 0.050849 0.383603 0.170733 0.203437 0.369692 0.447673 0.202162 0.318586
14.400000 0.050840 0.383323 0.170676 0.203323 0.368872 0.447600 0.201886 0.317925
14.600000 0.050838 0.383007 0.170742 0.203328 0.368246 0.447598 0.201933 0.317432
14.800000 0.050871 0.382708 0.170603 0.203142 0.367671 0.447506 0.201799 0.316906
15.000000 0.050862 0.382445 0.170456 0.203104 0.367031 0.447469 0.201592 0.316581
15.200000 0.050848 0.382294 0.170559 0.202886 0.366496 0.447111 0.201625 0.316113
15.400000 0.050863 0.382312 0.170454 0.202656 0.365781 0.447408 0.201495 0.315612
15.600000 0.050853 0.381883 0.170376 0.202740 0.365223 0.447355 0.201374 0.315227
15.800000 0.050963 0.381678 0.170381 0.202552 0.364643 0.447345 0.201157 0.314676
16.000000 0.050766 0.381228 0.170515 0.202458 0.363968 0.447317 0.201191 0.314203
16.200000 0.050838 0.381050 0.170406 0.202340 0.363385 0.447309 0.201016 0.313689
16.400000 0.050831 0.381082 0.170298 0.202254 0.362842 0.447344 0.200815 0.313212
16.600000 0.050666 0.380469 0.170380 0.202172 0.362160 0.447002 0.200793 0.312791
16.800000 0.050769 0.380271 0.170341 0.201919 0.361630 0.447234 0.200722 0.312420
17.000000 0.050769 0.380161 0.170363 0.201866 0.360837 0.447145 0.200560 0.311998
17.200000 0.050761 0.380043 0.170484 0.201706 0.360277 0.447056 0.200501 0.311582
17.400000 0.050799 0.379388 0.170460 0.201638 0.359944 0.446934 0.200472 0.310989
17.600000 0.050807 0.379540 0.170221 0.201402 0.359383 0.447068 0.200490 0.310745
17.800000 0.050775 0.379184 0.170299 0.201542 0.358794 0.446803 0.200260 0.310270
18.000000 0.050791 0.379098 0.170396 0.201168 0.358260 0.446972 0.200163 0.309882
18.200000 0.050943 0.378978 0.170432 0.201237 0.357650 0.446880 0.200108 0.309405
18.400000 0.050793 0.378669 0.170254 0.201072 0.357158 0.446813 0.199938 0.308726
18.600000 0.050785 0.378448 0.170159 0.200937 0.356479 0.446784 0.199844 0.308616
18.800000 0.050775 0.378158 0.170277 0.200909 0.355876 0.446697 0.199740 0.308225
19.000000 0.050765 0.377936 0.170264 0.200433 0.355191 0.446842 0.199674 0.307628
19.200000 0.050777 0.377542 0.170219 0.200582 0.354652 0.446737 0.199559 0.307306
19.400000 0.050629 0.377449 0.170186 0.200475 0.354304 0.446715 0.199465 0.306723
19.600000 0.050765 0.377347 0.170147 0.200315 0.353409 0.446539 0.199144 0.306281
19.800000 0.050768 0.376942 0.170353 0.200334 0.353158 0.446609 0.199199 0.306076
20.000000 0.050772 0.376949 0.169985 0.200017 0.352532 0.446597 0.199131 0.305669
20.200000 0.050753 0.376673 0.170279 0.200123 0.352041 0.446378 0.199032 0.305282
20.400000 0.050755 0.376405 0.169990 0.199995 0.351452 0.446621 0.198833 0.304726
20.600000 0.050777 0.376140 0.170035 0.199846 0.351107 0.446320 0.198842 0.304516
20.800000 0.050625 0.376071 0.170199 0.199837 0.350562 0.446343 0.198778 0.304163
21.000000 0.050888 0.375726 0.170217 0.199670 0.350151 0.446426 0.198551 0.303706
21.200000 0.050740 0.375589 0.170044 0.199524 0.349430 0.446279 0.198639 0.303322
21.400000 0.050743 0.375271 0.170048 0.199425 0.349050 0.446243 0.198362 0.302943
21.600000 0.050703 0.375068 0.170007 0.199308 0.348528 0.446228 0.198349 0.302509
21.800000 0.050733 0.375041 0.169895 0.199269 0.347968 0.446280 0.198325 0.302260
22.000000 0.050663 0.374858 0.170082 0.199114 0.347585 0.446210 0.198162 0.301793
22.200000 0.050759 0.374534 0.170020 0.199000 0.346906 0.446047 0.198144 0.301410
22.400000 0.050715 0.374424 0.169855 0.198922 0.346379 0.446108 0.197998 0.300913
22.600000 0.050727 0.374259 0.170125 0.198674 0.345965 0.446068 0.197768 0.300700
22.800000 0.050716 0.374104 0.169840 0.198709 0.345587 0.445873 0.197842 0.300278
23.000000 0.050675 0.373813 0.169905 0.198630 0.344974 0.445836 0.197680 0.299687
23.200000 0.050693 0.373639 0.169892 0.198429 0.344404 0.445983 0.197497 0.299549
23.400000 0.050694 0.373495 0.169830 0.198384 0.344225 0.445900 0.197570 0.299351
23.600000 0.050658 0.373097 0.169718 0.198310 0.343493 0.445761 0.197432 0.298687
23.800000 0.050676 0.372933 0.169870 0.198334 0.343022 0.445646 0.197374 0.298432
24.000000 0.050684 0.372914 0.169905 0.198114 0.342857 0.445727 0.197271 0.298132
24.200000 0.050539 0.372502 0.169735 0.197911 0.342115 0.445734 0.197230 0.297734
24.400000 0.050657 0.372543 0.169798 0.198019 0.341705 0.445791 0.197089 0.297498
24.600000 0.050684 0.372449 0.169786 0.197789 0.341320 0.445732 0.197020 0.297040
24.800000 0.050520 0.372022 0.169782 0.197603 0.340814 0.445481 0.196933 0.296637
25.000000 0.050514 0.371887 0.169793 0.197713 0.340313 0.445657 0.196842 0.296418
25.200000 0.050635 0.371586 0.169767 0.197519 0.339797 0.445482 0.196702 0.295881
25.400000 0.050650 0.371347 0.169823 0.197359 0.339322 0.445481 0.196633 0.295444
25.600000 0.050525 0.371671 0.169721 0.197242 0.338814 0.445526 0.196579 0.295257
25.800000 0.050654 0.371119 0.169802 0.197316 0.338408 0.445433 0.196456 0.294837
26.000000 0.050650 0.371040 0.169727 0.197103 0.337950 0.445352 0.196300 0.294495
26.200000 0.050632 0.370845 0.169702 0.197135 0.337475 0.445316 0.196318 0.294279
26.400000 0.050623 0.370781 0.169725 0.196844 0.336950 0.445319 0.196075 0.293798
26.600000 0.050776 0.370379 0.169553 0.196984 0.336636 0.445256 0.196179 0.293542
26.800000 0.050562 0.370324 0.169611 0.196791 0.336030 0.445189 0.196046 0.293208
27.000000 0.050603 0.370126 0.169662 0.196654 0.335609 0.445225 0.195959 0.292907
27.200000 0.050655 0.369744 0.169656 0.196677 0.335307 0.445033 0.195913 0.292566
27.400000 0.050626 0.369864 0.169624 0.196508 0.335046 0.445181 0.195781 0.292251
27.600000 0.050763 0.369691 0.169525 0.196430 0.334486 0.445035 0.195691 0.291947
27.800000 0.050630 0.369410 0.169573 0.196099 0.334041 0.444956 0.195502 0.291595
28.000000 0.050621 0.369226 0.169492 0.196347 0.333630 0.444820 0.195557 0.291140
28.200000 0.050603 0.369148 0.169588 0.196227 0.333395 0.444964 0.195333 0.290859
28.400000 0.050568 0.368806 0.169543 0.195955 0.332907 0.444887 0.195510 0.290550
28.600000 0.050626 0.368595 0.169520 0.195994 0.332350 0.444893 0.195427 0.290220
28.800000 0.050627 0.368577 0.169395 0.195817 0.332021 0.444827 0.195188 0.290028
29.000000 0.050601 0.368263 0.169479 0.195779 0.331405 0.444944 0.195130 0.289738
29.200000 0.050475 0.367941 0.169278 0.195676 0.330986 0.444728 0.195155 0.289378
29.400000 0.050581 0.368024 0.169495 0.195720 0.330806 0.444714 0.195004 0.289114
29.600000 0.050601 0.367848 0.169453 0.195609 0.330271 0.444605 0.194625 0.288719
29.800000 0.050575 0.367591 0.169523 0.195343 0.330015 0.444590 0.194811 0.288519
30.000000 0.050432 0.367549 0.169420 0.195423 0.329455 0.444635 0.194777 0.288212
30.200000 0.050554 0.367511 0.169271 0.195200 0.329152 0.444441 0.194701 0.287841
30.400000 0.050605 0.367135 0.169465 0.195190 0.328569 0.444536 0.194649 0.287764
30.600000 0.050587 0.367263 0.169304 0.195309 0.328226 0.444599 0.194519 0.287342
30.800000 0.050720 0.366825 0.169382 0.195048 0.327946 0.444406 0.194452 0.286954
31.000000 0.050783 0.366779 0.169460 0.194857 0.327520 0.444427 0.194393 0.286699
31.200000 0.051121 0.366641 0.169513 0.194936 0.327272 0.444357 0.194121 0.286469
31.400000 0.051582 0.366443 0.169413 0.194670 0.326849 0.444337 0.194262 0.286229
31.600000 0.052109 0.366288 0.169413 0.194826 0.326648 0.444279 0.194169 0.286112
31.800000 0.052643 0.366333 0.169514 0.194926 0.326769 0.444189 0.194120 0.286177
32.000000 0.053123 0.366178 0.169469 0.194868 0.326775 0.444266 0.193819 0.286356
32.200000 0.053917 0.366331 0.169419 0.194884 0.327235 0.444190 0.194162 0.286702
32.400000 0.054568 0.366339 0.169396 0.194996 0.327919 0.444294 0.194132 0.286900
32.600000 0.055210 0.366601 0.169666 0.195019 0.329132 0.444252 0.194140 0.287649
32.800000 0.055831 0.366916 0.169514 0.195246 0.330290 0.444157 0.194048 0.288419
33.000000 0.056399 0.367294 0.169556 0.195762 0.331615 0.444082 0.194111 0.289673
33.200000 0.056966 0.368168 0.169627 0.195792 0.333420 0.444108 0.194233 0.290909
33.400000 0.057424 0.369009 0.169781 0.196294 0.335566 0.444060 0.194320 0.292463
33.600000 0.057876 0.370060 0.169728 0.196769 0.337974 0.444217 0.194346 0.294048
33.800000 0.058280 0.371653 0.169880 0.197190 0.340692 0.444303 0.194453 0.296133
34.000000 0.058704 0.373347 0.169752 0.197770 0.343524 0.444301 0.194470 0.298268
34.200000 0.059025 0.375413 0.170074 0.198662 0.346785 0.444294 0.194495 0.300437
34.400000 0.059325 0.377861 0.170233 0.199369 0.350145 0.444304 0.194960 0.303158
34.600000 0.059615 0.380597 0.170245 0.199937 0.353639 0.444294 0.194894 0.305481
34.800000 0.059862 0.383775 0.170406 0.200771 0.357319 0.444281 0.194895 0.308483
35.000000 0.060101 0.387147 0.170615 0.201591 0.361216 0.444281 0.195032 0.311345
35.200000 0.060043 0.390934 0.170903 0.202360 0.365424 0.444403 0.195332 0.314626
35.400000 0.060450 0.394832 0.171166 0.203288 0.369270 0.444222 0.195416 0.317615
35.600000 0.060671 0.398932 0.171266 0.204132 0.373527 0.444316 0.195583 0.320650
35.800000 0.060740 0.403199 0.171465 0.204977 0.377693 0.444245 0.195624 0.323833
36.000000 0.060869 0.407710 0.171762 0.205929 0.382057 0.444230 0.195887 0.327412
36.200000 0.060906 0.412373 0.171814 0.206737 0.386335 0.444480 0.196067 0.330572
36.400000 0.061172 0.417439 0.172234 0.207633 0.390890 0.444344 0.196185 0.334343
36.600000 0.061141 0.422453 0.172389 0.208350 0.395502 0.444433 0.196371 0.337953
36.800000 0.061198 0.427690 0.172662 0.209215 0.399951 0.444374 0.196665 0.341431
37.000000 0.061318 0.433309 0.172851 0.210148 0.404677 0.444495 0.196532 0.345483
37.200000 0.061262 0.438790 0.172936 0.211126 0.409862 0.444621 0.196960 0.349619
37.400000 0.061431 0.446998 0.173346 0.212224 0.416772 0.444615 0.197028 0.355010
37.600000 0.061495 0.452825 0.173539 0.213113 0.421457 0.444619 0.197251 0.358967
37.800000 0.061547 0.458517 0.173911 0.213968 0.426623 0.444604 0.197445 0.362947
38.000000 0.061560 0.464273 0.173798 0.214782 0.431413 0.444560 0.197753 0.367030
38.200000 0.061499 0.470153 0.174034 0.215522 0.436440 0.444783 0.197775 0.371009
38.400000 0.061657 0.475991 0.174354 0.216312 0.441381 0.444712 0.197955 0.375049
38.600000 0.061728 0.481629 0.174490 0.217178 0.446347 0.444726 0.198113 0.378906
38.800000 0.061727 0.487254 0.174766 0.217943 0.451259 0.444642 0.198284 0.383437
39.000000 0.061763 0.492962 0.174966 0.218737 0.456325 0.444920 0.198590 0.387459
39.200000 0.061772 0.498512 0.175076 0.219501 0.461425 0.444800 0.198672 0.391684
39.400000 0.061788 0.504151 0.175271 0.220206 0.466055 0.444907 0.198845 0.395816
39.600000 0.061759 0.509763 0.175373 0.220913 0.471096 0.444853 0.198908 0.399901
39.800000 0.061829 0.515420 0.175339 0.221692 0.476157 0.444799 0.199243 0.404167
40.000000 0.061840 0.520734 0.175771 0.222411 0.481294 0.444953 0.199432 0.408184
40.200000 0.061871 0.526180 0.175948 0.223189 0.486418 0.445068 0.199608 0.412473
40.400000 0.061882 0.531513 0.176102 0.223941 0.491381 0.444956 0.199785 0.416790
40.600000 0.061919 0.536784 0.176277 0.224620 0.496304 0.445223 0.199998 0.420919
40.800000 0.061916 0.542291 0.176431 0.225304 0.501375 0.445153 0.200304 0.425173
41.000000 0.061801 0.547189 0.176614 0.225902 0.506222 0.445237 0.200446 0.429322
41.200000 0.061801 0.552324 0.176770 0.226672 0.511226 0.444800 0.200600 0.433487
41.400000 0.061972 0.557382 0.176776 0.227422 0.516160 0.445295 0.200679 0.437478
41.600000 0.061967 0.562010 0.177023 0.227966 0.520818 0.445270 0.200959 0.441671
41.800000 0.061836 0.566869 0.177406 0.228823 0.525575 0.445282 0.201129 0.445795
42.000000 0.061985 0.571508 0.177391 0.229461 0.530376 0.445378 0.201346 0.449697
42.200000 0.062020 0.576270 0.177484 0.230228 0.535039 0.445322 0.201560 0.453745
42.400000 0.061983 0.580522 0.177516 0.230815 0.540006 0.445464 0.201854 0.457718
42.600000 0.062007 0.585119 0.177634 0.231356 0.544297 0.445491 0.201858 0.461688
42.800000 0.062033 0.589289 0.177921 0.231975 0.548788 0.445461 0.202123 0.465477
43.000000 0.062100 0.593697 0.178003 0.232383 0.553362 0.445466 0.202239 0.469164
43.200000 0.062023 0.597523 0.178174 0.233250 0.557905 0.445627 0.202354 0.472814
43.400000 0.061911 0.601583 0.178337 0.233853 0.562179 0.445662 0.202537 0.476609
43.600000 0.062002 0.605583 0.178455 0.234407 0.567142 0.445823 0.202817 0.480810
43.800000 0.062062 0.611144 0.178804 0.235157 0.573240 0.445741 0.203170 0.485829
44.000000 0.062083 0.614762 0.178762 0.235909 0.577322 0.445644 0.203160 0.489327
44.200000 0.061953 0.618181 0.178760 0.236657 0.581468 0.445757 0.203413 0.492593
44.400000 0.062230 0.621708 0.178978 0.237100 0.585676 0.445876 0.203712 0.496230
44.600000 0.062101 0.586146 0.179099 0.237603 0.589902 0.445966 0.203943 0.499643
44.800000 0.062085 0.628472 0.179236 0.238197 0.593916 0.446068 0.204155 0.502893
45.000000 0.062114 0.631653 0.179320 0.238952 0.597956 0.445931 0.204479 0.506204
45.200000 0.062092 0.634688 0.179414 0.239393 0.601849 0.446047 0.204568 0.509608
45.400000 0.062133 0.637679 0.179575 0.239737 0.605659 0.446162 0.204734 0.512602
45.600000 0.062253 0.640621 0.179743 0.240408 0.609618 0.446132 0.204806 0.516005
45.800000 0.061962 0.643507 0.179715 0.240798 0.613388 0.446155 0.205095 0.519103
46.000000 0.062141 0.646495 0.179893 0.241511 0.617166 0.446317 0.205365 0.522121
46.200000 0.062138 0.648973 0.180047 0.242025 0.620863 0.446077 0.205447 0.525054
46.400000 0.062077 0.651525 0.179936 0.242393 0.624328 0.446302 0.205587 0.528078
46.600000 0.062134 0.654188 0.180103 0.243015 0.628190 0.445915 0.205954 0.530999
46.800000 0.062127 0.656569 0.180315 0.243602 0.631786 0.446323 0.206026 0.533910
47.000000 0.062031 0.659081 0.180460 0.244041 0.635488 0.446380 0.206212 0.536795
47.200000 0.062166 0.661366 0.180441 0.244591 0.638850 0.446326 0.206412 0.539490
47.400000 0.062168 0.663719 0.180366 0.245029 0.642196 0.446371 0.206507 0.542327
47.600000 0.062172 0.665834 0.180559 0.245387 0.645606 0.446485 0.206896 0.544911
47.800000 0.062138 0.667752 0.180565 0.245852 0.648999 0.446497 0.206963 0.547765
48.000000 0.062162 0.669938 0.180697 0.246139 0.652115 0.446585 0.207146 0.550111
48.200000 0.062194 0.671885 0.180897 0.246928 0.655390 0.446757 0.207222 0.552716
48.400000 0.062134 0.673893 0.180948 0.247448 0.658753 0.446541 0.207524 0.555385
48.600000 0.062184 0.675804 0.181038 0.247918 0.661834 0.446849 0.207792 0.557818
48.800000 0.062200 0.677385 0.181095 0.248264 0.665062 0.446716 0.207945 0.560195
49.000000 0.062170 0.679256 0.181201 0.248815 0.667963 0.446878 0.207979 0.562668
49.200000 0.062178 0.680782 0.181123 0.249302 0.671221 0.446846 0.208131 0.565015
49.400000 0.062205 0.682408 0.181375 0.249652 0.673856 0.446897 0.208470 0.567173
49.600000 0.062204 0.683906 0.181321 0.250230 0.676981 0.446922 0.208493 0.569458
49.800000 0.062145 0.685393 0.181363 0.250405 0.679621 0.446924 0.208683 0.571633
50.000000 0.062191 0.687192 0.181514 0.251087 0.683040 0.446893 0.209013 0.574195
50.200000 0.062193 0.688685 0.181515 0.251586 0.685635 0.447037 0.209212 0.576457
50.400000 0.062075 0.690150 0.181627 0.251988 0.688558 0.447223 0.209486 0.578594
50.600000 0.062204 0.690993 0.181562 0.252399 0.691277 0.447083 0.209596 0.580676
50.800000 0.062183 0.692474 0.181811 0.252748 0.693908 0.447098 0.209749 0.582635
51.000000 0.062245 0.693904 0.181440 0.253328 0.696672 0.447067 0.209938 0.584620
51.200000 0.062182 0.695148 0.181966 0.253704 0.699146 0.447303 0.210199 0.586686
51.400000 0.062172 0.696205 0.181990 0.254079 0.701544 0.447288 0.210340 0.588588
51.600000 0.062191 0.697280 0.182107 0.254437 0.703903 0.447320 0.210440 0.590364
51.800000 0.062183 0.698375 0.182100 0.254927 0.706545 0.447262 0.210697 0.592225
52.000000 0.062220 0.699328 0.182327 0.255369 0.708987 0.447462 0.210830 0.594181
52.200000 0.062191 0.700254 0.182234 0.255744 0.711506 0.447504 0.211034 0.595954
52.400000 0.062327 0.701274 0.182284 0.256140 0.713907 0.447390 0.211046 0.597689
52.600000 0.062208 0.702319 0.182343 0.256646 0.715960 0.447623 0.211343 0.599399
52.800000 0.062194 0.742124 0.182427 0.256892 0.718156 0.447584 0.211492 0.601077
53.000000 0.062224 0.704067 0.182492 0.257381 0.720483 0.447653 0.211536 0.602738
53.200000 0.062218 0.704941 0.182343 0.257675 0.722624 0.447620 0.211855 0.604265
53.400000 0.062208 0.705502 0.182641 0.258080 0.724729 0.447692 0.212216 0.606158
53.600000 0.062202 0.706403 0.182528 0.258452 0.726826 0.447714 0.212100 0.607498
53.800000 0.062304 0.707213 0.182651 0.258911 0.728974 0.447773 0.212427 0.609137
54.000000 0.062214 0.707913 0.182676 0.259244 0.730763 0.447776 0.212430 0.610594
54.200000 0.062234 0.708543 0.182792 0.259464 0.732796 0.447841 0.212792 0.612162
54.400000 0.062218 0.709229 0.182893 0.259919 0.734674 0.447854 0.212908 0.613635
54.600000 0.062188 0.710141 0.182883 0.260453 0.736362 0.447553 0.213143 0.614993
54.800000 0.062236 0.710500 0.182905 0.260923 0.738465 0.447991 0.213217 0.616161
55.000000 0.062251 0.711126 0.183083 0.261052 0.740197 0.447869 0.213377 0.617433
55.200000 0.062239 0.711699 0.182992 0.261291 0.741946 0.448022 0.213574 0.619081
55.400000 0.062221 0.712198 0.182849 0.261773 0.743779 0.448080 0.213895 0.620289
55.600000 0.062213 0.713005 0.183076 0.262113 0.745517 0.448126 0.213942 0.621561
55.800000 0.062232 0.713467 0.183153 0.262382 0.747163 0.448018 0.213965 0.622938
56.000000 0.062228 0.713846 0.183184 0.262818 0.748828 0.448232 0.214084 0.624167
56.200000 0.062199 0.714697 0.183234 0.263087 0.750832 0.448279 0.214449 0.625695
56.400000 0.062202 0.714985 0.183240 0.263605 0.752398 0.448219 0.214442 0.626847
56.600000 0.062217 0.715526 0.183306 0.263795 0.754005 0.448313 0.214791 0.628012
56.800000 0.062231 0.716029 0.183296 0.264238 0.755567 0.448209 0.214971 0.629191
57.000000 0.062245 0.716319 0.183525 0.264549 0.757077 0.448429 0.215294 0.630214
57.200000 0.062233 0.716767 0.183413 0.264918 0.758415 0.448498 0.215312 0.631464
57.400000 0.062203 0.717152 0.183483 0.265200 0.759842 0.448560 0.215527 0.632368
57.600000 0.062276 0.717479 0.183485 0.265448 0.761367 0.448510 0.215699 0.633406
57.800000 0.062198 0.717813 0.183466 0.265904 0.762910 0.448457 0.215824 0.634552
58.000000 0.062210 0.718331 0.183446 0.266226 0.764083 0.448542 0.215761 0.635543
58.200000 0.062223 0.718470 0.183621 0.266420 0.765149 0.448758 0.216165 0.636587
58.400000 0.062197 0.718817 0.183671 0.266845 0.766622 0.448721 0.216086 0.637392
58.600000 0.062250 0.719264 0.183717 0.267105 0.767625 0.448648 0.216244 0.638441
58.800000 0.062187 0.719488 0.183768 0.267398 0.769159 0.448652 0.216655 0.639287
59.000000 0.062177 0.719833 0.183799 0.267704 0.770559 0.448819 0.216678 0.640157
59.200000 0.062205 0.720000 0.183761 0.268149 0.771608 0.448881 0.216966 0.641118
59.400000 0.062183 0.720441 0.183821 0.268352 0.772723 0.448801 0.217009 0.642087
59.600000 0.062175 0.720754 0.183855 0.268468 0.773887 0.448898 0.217006 0.642728
59.800000 0.062174 0.720815 0.183834 0.268849 0.774832 0.448807 0.217245 0.643555
60.000000 0.062049 0.720874 0.183921 0.269177 0.775935 0.448977 0.217291 0.644454
60.200000 0.062233 0.721384 0.183774 0.269444 0.777263 0.449044 0.217581 0.645278
60.400000 0.062194 0.721316 0.183868 0.269920 0.778273 0.449174 0.217661 0.645916
60.600000 0.062215 0.721844 0.183992 0.270057 0.778985 0.448919 0.217818 0.646877
60.800000 0.062215 0.722019 0.183939 0.270330 0.780320 0.449061 0.217933 0.647563
61.000000 0.062169 0.722079 0.184156 0.270584 0.781523 0.449172 0.218151 0.648409
61.200000 0.062230 0.722236 0.184115 0.270952 0.782175 0.448980 0.218270 0.649079
61.400000 0.062171 0.722461 0.184099 0.271270 0.783324 0.449359 0.218462 0.649870
61.600000 0.062202 0.722700 0.184215 0.271443 0.784252 0.449312 0.218613 0.650591
61.800000 0.062217 0.722812 0.184129 0.271767 0.785157 0.449338 0.218756 0.651161
62.000000 0.062186 0.722925 0.184077 0.271934 0.786079 0.449231 0.218950 0.651751
62.200000 0.062228 0.722990 0.184274 0.272588 0.786960 0.449490 0.219074 0.652682
62.400000 0.062181 0.723268 0.184248 0.272653 0.788051 0.449441 0.219243 0.653488
62.600000 0.062186 0.723508 0.184261 0.272884 0.788840 0.449482 0.219330 0.654097
62.800000 0.062175 0.723451 0.184270 0.273258 0.789771 0.449423 0.219516 0.654458
63.000000 0.062163 0.723770 0.184287 0.273376 0.790301 0.449490 0.219455 0.654970
63.200000 0.062165 0.723759 0.184464 0.273607 0.791316 0.449525 0.219774 0.655820
63.400000 0.062187 0.724014 0.184185 0.273963 0.792091 0.449630 0.219882 0.656303
63.600000 0.062169 0.724168 0.184184 0.274336 0.792965 0.449576 0.220172 0.656983
63.800000 0.062161 0.724172 0.184376 0.274442 0.793508 0.449585 0.220176 0.657409
64.000000 0.062178 0.724184 0.184417 0.274712 0.794190 0.449718 0.220268 0.658072
64.200000 0.062169 0.724397 0.184433 0.274978 0.795102 0.449651 0.220421 0.658529
64.400000 0.062239 0.724550 0.184449 0.275173 0.795888 0.449625 0.220597 0.658914
64.600000 0.062221 0.724495 0.184467 0.275326 0.796279 0.449678 0.220681 0.659526
64.800000 0.062162 0.724561 0.184565 0.275712 0.797039 0.449877 0.220825 0.659716
65.000000 0.062179 0.724723 0.184555 0.275973 0.797627 0.449911 0.220818 0.660483
65.200000 0.062185 0.724586 0.184655 0.276099 0.798302 0.449916 0.221097 0.660892
65.400000 0.062157 0.724814 0.184510 0.276585 0.798867 0.449856 0.221204 0.661464
65.600000 0.062147 0.724825 0.184669 0.276654 0.799436 0.449999 0.221328 0.661864
65.800000 0.062159 0.724883 0.184540 0.276902 0.800222 0.449616 0.221569 0.662080
66.000000 0.062140 0.725013 0.184522 0.277123 0.800779 0.450108 0.221655 0.662575
66.200000 0.062135 0.725172 0.184726 0.277376 0.801355 0.450258 0.221772 0.663152
66.400000 0.062156 0.725139 0.184678 0.277514 0.801810 0.450034 0.221849 0.663571
66.600000 0.062158 0.725125 0.184669 0.277986 0.802392 0.449994 0.221987 0.663762
66.800000 0.062171 0.725147 0.184662 0.278158 0.802946 0.450188 0.222010 0.664360
67.000000 0.062166 0.725354 0.184746 0.278248 0.803297 0.450051 0.222247 0.664544
67.200000 0.062143 0.725258 0.184782 0.278524 0.803947 0.450138 0.222458 0.665094
67.400000 0.062197 0.725386 0.184792 0.278585 0.804510 0.450344 0.222340 0.665376
67.600000 0.062146 0.725319 0.184746 0.279046 0.804923 0.450416 0.222577 0.665800
67.800000 0.062191 0.725415 0.184662 0.279222 0.805499 0.450367 0.222706 0.666150
68.000000 0.062149 0.725568 0.184847 0.279420 0.805947 0.450416 0.222864 0.666441
68.200000 0.062144 0.725492 0.184826 0.279611 0.806319 0.450299 0.223058 0.666813
68.400000 0.062153 0.725440 0.184687 0.279907 0.806874 0.450452 0.223044 0.667203
68.600000 0.062181 0.725626 0.184864 0.280199 0.807416 0.450601 0.223175 0.667482
68.800000 0.062161 0.725781 0.184930 0.280271 0.807689 0.450724 0.223151 0.667781
69.000000 0.062151 0.725408 0.184910 0.280494 0.808233 0.450333 0.223422 0.668119
69.200000 0.062127 0.725650 0.184916 0.280700 0.808684 0.450530 0.223686 0.668480
69.400000 0.062143 0.725615 0.184924 0.280973 0.809137 0.450639 0.223608 0.668727
69.600000 0.062138 0.725728 0.184861 0.281196 0.809513 0.450606 0.223710 0.668953
69.800000 0.062212 0.725467 0.185074 0.281302 0.809723 0.450736 0.223743 0.669293
70.000000 0.062120 0.725600 0.185083 0.281400 0.810340 0.450717 0.223903 0.669462
70.200000 0.062135 0.725686 0.184986 0.281705 0.810556 0.450806 0.224042 0.669765
70.400000 0.062161 0.725573 0.184715 0.281965 0.810922 0.450802 0.224175 0.670140
70.600000 0.061968 0.725642 0.185071 0.282255 0.811168 0.450825 0.224159 0.670342
70.800000 0.062227 0.725855 0.185062 0.282328 0.811756 0.450745 0.224292 0.670717
71.000000 0.062137 0.725609 0.184998 0.282561 0.811935 0.451049 0.224552 0.670928
71.200000 0.062127 0.725834 0.185047 0.282698 0.812294 0.450832 0.224739 0.671114
71.400000 0.062159 0.725567 0.185027 0.282593 0.812835 0.450966 0.224727 0.671311
71.600000 0.062134 0.725804 0.185069 0.282981 0.813121 0.450810 0.224847 0.671687
71.800000 0.062166 0.725674 0.184950 0.283327 0.813239 0.450924 0.224773 0.671876
72.000000 0.062123 0.725767 0.185116 0.283479 0.813599 0.451015 0.224993 0.671921
72.200000 0.062137 0.725744 0.184948 0.283755 0.813999 0.451188 0.225123 0.672199
72.400000 0.062156 0.725786 0.185098 0.283826 0.814154 0.451165 0.224940 0.672411
72.600000 0.062130 0.725860 0.185117 0.283994 0.814540 0.451207 0.225240 0.672813
72.800000 0.062069 0.725605 0.185039 0.284093 0.814681 0.451105 0.225281 0.672867
73.000000 0.062137 0.725827 0.185123 0.284321 0.815261 0.451097 0.225553 0.673013
73.200000 0.061953 0.725512 0.185233 0.284632 0.815498 0.451272 0.225675 0.673229
73.400000 0.062124 0.725913 0.185137 0.284806 0.815660 0.451068 0.225742 0.673459
73.600000 0.062135 0.725734 0.185177 0.284961 0.815845 0.451298 0.225825 0.673724
73.800000 0.062125 0.725796 0.185226 0.285108 0.816321 0.451116 0.225877 0.673958
74.000000 0.062121 0.725857 0.185135 0.285202 0.816580 0.451368 0.226023 0.674079
74.200000 0.062172 0.725712 0.185260 0.285600 0.816959 0.451627 0.226206 0.674416
74.400000 0.062155 0.725715 0.185386 0.285646 0.817193 0.451399 0.226246 0.674449
74.600000 0.061970 0.725818 0.185173 0.285974 0.817406 0.451491 0.226375 0.674647
74.800000 0.062117 0.725654 0.185486 0.285990 0.817525 0.451362 0.226424 0.674786
75.000000 0.062190 0.725811 0.185104 0.286267 0.817793 0.451580 0.226588 0.675002
75.200000 0.062251 0.725576 0.185298 0.286109 0.818068 0.451444 0.226718 0.675147
75.400000 0.062253 0.725574 0.185341 0.286657 0.818123 0.451589 0.226743 0.675353
75.600000 0.061966 0.725760 0.185321 0.286788 0.818508 0.451560 0.226894 0.675434
75.800000 0.062144 0.725576 0.185315 0.286973 0.818615 0.451700 0.226990 0.675654
76.000000 0.062129 0.725631 0.185353 0.287054 0.818809 0.451685 0.226972 0.675705
76.200000 0.061983 0.725572 0.185326 0.287299 0.819071 0.451686 0.227125 0.675906
76.400000 0.062253 0.725697 0.185348 0.287434 0.818999 0.451779 0.227189 0.675895
76.600000 0.062131 0.725564 0.185376 0.287589 0.819453 0.451784 0.227288 0.676026
76.800000 0.061956 0.725475 0.185534 0.287930 0.819554 0.451684 0.227338 0.676308
77.000000 0.062244 0.725427 0.185359 0.287976 0.819992 0.451520 0.227379 0.676406
77.200000 0.062099 0.725827 0.185372 0.288235 0.820022 0.451944 0.227573 0.676541
77.400000 0.061964 0.725591 0.185426 0.288165 0.820199 0.451913 0.227603 0.676832
77.600000 0.062245 0.725692 0.185318 0.288399 0.820353 0.451834 0.227532 0.676873
77.800000 0.062251 0.725414 0.185447 0.288454 0.820552 0.451846 0.227768 0.676993
78.000000 0.062233 0.725626 0.185481 0.288714 0.820625 0.451959 0.227712 0.676932
78.200000 0.062131 0.725570 0.185401 0.288971 0.820782 0.451975 0.227999 0.677067
78.400000 0.062238 0.725633 0.185537 0.288886 0.820938 0.452067 0.228107 0.677309
78.600000 0.062069 0.725519 0.185263 0.289184 0.821152 0.452160 0.227999 0.677416
78.800000 0.062109 0.725439 0.185663 0.289397 0.821343 0.452137 0.228218 0.677258
79.000000 0.062060 0.725438 0.185496 0.289483 0.821496 0.452226 0.228157 0.677574
79.200000 0.062075 0.725269 0.185436 0.289589 0.821489 0.452060 0.228352 0.677576
79.400000 0.061961 0.725459 0.185596 0.289823 0.821951 0.452232 0.228250 0.677929
79.600000 0.062109 0.725346 0.185441 0.289815 0.822015 0.452132 0.228483 0.677952
79.800000 0.062112 0.725320 0.185551 0.289976 0.822198 0.452237 0.228698 0.677922
80.000000 0.062121 0.725387 0.185796 0.290358 0.822390 0.452207 0.228791 0.677925
80.200000 0.062236 0.725620 0.185816 0.290458 0.822480 0.452441 0.229024 0.678393
80.400000 0.062169 0.725443 0.185642 0.290551 0.822485 0.452201 0.228747 0.678335
80.600000 0.062189 0.725488 0.185652 0.290911 0.823008 0.452549 0.229023 0.678485
80.800000 0.062070 0.725300 0.185516 0.290887 0.822774 0.452306 0.228922 0.678325
81.000000 0.061957 0.725217 0.185354 0.290784 0.822755 0.452182 0.228944 0.678457
81.200000 0.061867 0.725120 0.185349 0.290906 0.823342 0.452567 0.229306 0.678836
81.400000 0.062113 0.725370 0.185610 0.291427 0.823296 0.452528 0.229251 0.678992
81.600000 0.062143 0.725316 0.185563 0.291406 0.823376 0.452709 0.229478 0.678989
81.800000 0.062156 0.725364 0.185677 0.291587 0.823618 0.452585 0.229479 0.678799
82.000000 0.062255 0.725289 0.185615 0.291741 0.823648 0.452488 0.229501 0.678937
82.200000 0.061952 0.725431 0.185482 0.291848 0.823745 0.452502 0.229616 0.679125
82.400000 0.062056 0.725389 0.185588 0.292015 0.823828 0.452442 0.229553 0.679120
82.600000 0.062149 0.725537 0.185633 0.291949 0.824057 0.452874 0.229694 0.679264
82.800000 0.061967 0.725461 0.185597 0.292362 0.824038 0.452707 0.229747 0.679590
83.000000 0.061994 0.725530 0.185620 0.292512 0.824171 0.452741 0.229784 0.679424
83.200000 0.062038 0.725490 0.185715 0.292364 0.824332 0.452845 0.229903 0.679590
83.400000 0.062199 0.725575 0.185808 0.292780 0.824551 0.453019 0.230008 0.679660
83.600000 0.062166 0.725526 0.185934 0.292851 0.824675 0.452961 0.230091 0.679927
83.800000 0.062187 0.725482 0.185776 0.292965 0.824698 0.452979 0.230179 0.679876
84.000000 0.062178 0.725561 0.185977 0.293061 0.824878 0.452971 0.230249 0.679910
84.200000 0.062207 0.725524 0.185800 0.293217 0.824790 0.452758 0.230308 0.680037
84.400000 0.062185 0.725535 0.185846 0.293433 0.824804 0.452852 0.230365 0.680032
84.600000 0.062166 0.725542 0.185796 0.293472 0.825179 0.453141 0.230434 0.679943
84.800000 0.062174 0.725527 0.185744 0.293696 0.825157 0.453103 0.230514 0.680034
85.000000 0.062206 0.725448 0.185931 0.293637 0.825234 0.453076 0.230408 0.680225
85.200000 0.062062 0.725448 0.185958 0.293835 0.825396 0.453178 0.230663 0.680161
85.400000 0.062200 0.725321 0.185779 0.294040 0.825572 0.453240 0.230676 0.680329
85.600000 0.061975 0.725343 0.185784 0.293924 0.825378 0.453121 0.230622 0.680236
85.800000 0.062237 0.725176 0.185781 0.294098 0.825605 0.453178 0.230835 0.680380
86.000000 0.062080 0.725263 0.185776 0.294041 0.825401 0.453169 0.230727 0.680289
86.200000 0.062093 0.725286 0.185784 0.294282 0.825703 0.453070 0.230616 0.680464
86.400000 0.062078 0.725211 0.185758 0.294436 0.825591 0.453182 0.230844 0.680434
86.600000 0.062094 0.725194 0.185791 0.294518 0.825782 0.453278 0.230981 0.680453
86.800000 0.061964 0.725176 0.185810 0.294523 0.825679 0.453047 0.230865 0.680552
87.000000 0.061952 0.725211 0.185804 0.294891 0.825815 0.453313 0.231169 0.680616
87.200000 0.062095 0.725129 0.185900 0.294937 0.826108 0.453234 0.231124 0.680459
87.400000 0.062093 0.725157 0.185894 0.294985 0.826015 0.453335 0.231183 0.680562
87.600000 0.061969 0.724872 0.185733 0.295178 0.826226 0.453461 0.231223 0.680733
87.800000 0.061989 0.724963 0.185859 0.295197 0.826207 0.453408 0.231178 0.680799
88.000000 0.062084 0.725198 0.185991 0.295368 0.826193 0.453363 0.231367 0.680702
88.200000 0.062170 0.725262 0.185881 0.295548 0.826670 0.453569 0.231532 0.680859
88.400000 0.062122 0.725224 0.185707 0.295703 0.826434 0.453546 0.231547 0.681052
88.600000 0.062208 0.725184 0.186011 0.295809 0.826717 0.453640 0.231605 0.681035
88.800000 0.062152 0.724956 0.186138 0.295912 0.826475 0.453623 0.231727 0.681123
89.000000 0.062194 0.725205 0.186005 0.296143 0.826784 0.453688 0.231632 0.681098
89.200000 0.062183 0.725174 0.186067 0.296292 0.826689 0.453677 0.231794 0.681041
89.400000 0.062016 0.725101 0.185824 0.296143 0.826805 0.453747 0.231824 0.681169
89.600000 0.062133 0.725058 0.185924 0.296461 0.826739 0.453731 0.231781 0.681284
89.800000 0.062187 0.725108 0.186096 0.296329 0.826745 0.453672 0.231974 0.681163
90.000000 0.062146 0.725235 0.186086 0.296587 0.827082 0.453801 0.232012 0.681346
