0.200000 0.051238 0.406994 0.172141 0.211509 0.423229 0.447832 0.208612 0.359409
0.400000 0.051196 0.406266 0.172071 0.210961 0.421256 0.447625 0.208491 0.357822
0.600000 0.051196 0.405921 0.172071 0.211051 0.420233 0.447716 0.208374 0.357198
0.800000 0.051032 0.405459 0.172094 0.210614 0.419054 0.447817 0.208274 0.356413
1.000000 0.051195 0.405017 0.171818 0.210612 0.418145 0.447634 0.207983 0.355827
1.200000 0.051193 0.404585 0.172058 0.210502 0.417173 0.447397 0.207953 0.354869
1.400000 0.051174 0.404149 0.171828 0.210171 0.416107 0.447502 0.207896 0.354125
1.600000 0.051012 0.403693 0.171883 0.209997 0.415107 0.447427 0.207740 0.353388
1.800000 0.051132 0.403218 0.171679 0.209660 0.414136 0.447191 0.207329 0.352457
2.000000 0.051260 0.402983 0.171904 0.209512 0.413152 0.447264 0.207455 0.351787
2.200000 0.051216 0.402455 0.171763 0.209487 0.412166 0.447337 0.207270 0.351027
2.400000 0.051141 0.402166 0.171934 0.209309 0.411305 0.447322 0.207307 0.350193
2.600000 0.051156 0.401650 0.171741 0.209056 0.410249 0.447184 0.207134 0.349551
2.800000 0.051121 0.401360 0.171665 0.208823 0.409315 0.447244 0.206960 0.348654
3.000000 0.051146 0.400912 0.171603 0.208755 0.408455 0.447363 0.206823 0.348117
3.200000 0.051108 0.400389 0.171785 0.208556 0.407522 0.447195 0.206671 0.347421
3.400000 0.051031 0.399977 0.171698 0.208339 0.406426 0.447221 0.206568 0.346801
3.600000 0.050830 0.399894 0.171640 0.208181 0.405436 0.447226 0.206432 0.346031
3.800000 0.051085 0.399360 0.171626 0.208052 0.404647 0.447167 0.206320 0.345336
4.000000 0.051112 0.399020 0.171694 0.207912 0.403898 0.446910 0.206174 0.344577
4.200000 0.051073 0.398679 0.171526 0.207776 0.402691 0.446700 0.205997 0.343912
4.400000 0.051095 0.398206 0.171585 0.207642 0.402058 0.447038 0.206106 0.343061
4.600000 0.051084 0.397821 0.171356 0.207297 0.400841 0.446911 0.205749 0.342462
4.800000 0.051076 0.397467 0.171468 0.207337 0.400141 0.446767 0.205669 0.341771
5.000000 0.051035 0.397106 0.171631 0.207127 0.399186 0.446672 0.205628 0.341122
5.200000 0.051013 0.396642 0.171465 0.206686 0.398173 0.446562 0.205456 0.340564
5.400000 0.051038 0.396212 0.171459 0.206694 0.397437 0.446696 0.205330 0.339783
5.600000 0.051038 0.395830 0.171368 0.206494 0.396544 0.446685 0.205221 0.339132
5.800000 0.051003 0.395654 0.171399 0.206385 0.395556 0.446692 0.204963 0.338503
6.000000 0.051021 0.395355 0.171220 0.206316 0.394765 0.446749 0.205002 0.337692
6.200000 0.051049 0.394853 0.171086 0.206020 0.394025 0.446545 0.204780 0.337115
6.400000 0.051067 0.394515 0.171343 0.206046 0.393151 0.446569 0.204706 0.336404
6.600000 0.050995 0.394215 0.171259 0.205777 0.391908 0.446532 0.204554 0.335585
6.800000 0.051116 0.393730 0.171152 0.205588 0.391193 0.446448 0.204341 0.334941
7.000000 0.050996 0.393226 0.171136 0.205437 0.390365 0.446402 0.204456 0.334197
7.200000 0.050998 0.393062 0.171217 0.205256 0.389454 0.446170 0.204082 0.333558
7.400000 0.050997 0.392716 0.171247 0.205100 0.388635 0.446196 0.204041 0.333240
7.600000 0.050864 0.392393 0.171311 0.205030 0.387796 0.446248 0.203933 0.332378
7.800000 0.051018 0.392038 0.171055 0.204862 0.387080 0.446356 0.203730 0.331838
8.000000 0.050993 0.391796 0.171182 0.204704 0.386281 0.446175 0.203692 0.331122
8.200000 0.051114 0.391421 0.171067 0.204533 0.385175 0.446058 0.203673 0.330619
8.400000 0.050937 0.391074 0.170946 0.204182 0.384562 0.446152 0.203478 0.329996
8.600000 0.050951 0.390742 0.171108 0.204191 0.384010 0.446226 0.203503 0.329485
8.800000 0.050961 0.390528 0.170926 0.204029 0.383037 0.445884 0.203349 0.328863
9.000000 0.050967 0.390319 0.171168 0.203897 0.382359 0.445939 0.202984 0.328328
9.200000 0.050967 0.389907 0.171004 0.203795 0.381669 0.445911 0.203007 0.327727
9.400000 0.050927 0.389587 0.170934 0.203702 0.380951 0.445997 0.202893 0.327041
9.600000 0.050927 0.389156 0.171008 0.203456 0.380163 0.445798 0.202670 0.326615
9.800000 0.050930 0.389094 0.170934 0.203496 0.379407 0.445758 0.202723 0.325857
10.000000 0.050916 0.388495 0.170974 0.203322 0.378617 0.445842 0.202601 0.325598
10.200000 0.050931 0.388306 0.170928 0.202976 0.377696 0.445855 0.202374 0.324947
10.400000 0.050954 0.388009 0.170770 0.203014 0.377242 0.445700 0.202329 0.324551
10.600000 0.050924 0.387831 0.170957 0.203064 0.376501 0.445787 0.202351 0.323830
10.800000 0.050934 0.387381 0.170986 0.202700 0.375714 0.445589 0.202136 0.323333
11.000000 0.050737 0.387193 0.170817 0.202574 0.375032 0.445647 0.201920 0.322797
11.200000 0.050935 0.386953 0.171002 0.202473 0.374407 0.445695 0.201923 0.322218
11.400000 0.050966 0.386719 0.170813 0.202426 0.373640 0.445485 0.201828 0.321711
11.600000 0.050858 0.386327 0.170646 0.202068 0.372774 0.445488 0.201690 0.321108
11.800000 0.050905 0.386111 0.170753 0.202134 0.372320 0.445458 0.201604 0.320663
12.000000 0.050890 0.385800 0.170827 0.201881 0.371646 0.445324 0.201527 0.320243
12.200000 0.050874 0.385501 0.170690 0.201844 0.370814 0.445359 0.201349 0.319631
12.400000 0.050875 0.385125 0.170843 0.201705 0.370243 0.445399 0.201402 0.319136
12.600000 0.050887 0.384842 0.170695 0.201321 0.369421 0.445279 0.201010 0.318489
12.800000 0.050877 0.384826 0.170627 0.201412 0.368897 0.445193 0.201059 0.318106
13.000000 0.050853 0.384424 0.170453 0.201343 0.368255 0.445128 0.201100 0.317597
13.200000 0.050846 0.384103 0.170729 0.201222 0.367627 0.445202 0.200881 0.316981
13.400000 0.050678 0.384014 0.170663 0.201006 0.367008 0.445225 0.200750 0.316519
13.600000 0.050841 0.383835 0.170625 0.200845 0.366425 0.445057 0.200804 0.316218
13.800000 0.050871 0.383397 0.170625 0.200920 0.365639 0.444657 0.200564 0.315698
14.000000 0.050839 0.383021 0.170696 0.200688 0.365084 0.445043 0.200362 0.315378
14.200000 0.050669 0.382997 0.170591 0.200785 0.364614 0.445020 0.200206 0.314816
14.400000 0.050830 0.382600 0.170549 0.200509 0.363948 0.444841 0.200248 0.314434
14.600000 0.050822 0.382422 0.170696 0.200359 0.363493 0.444856 0.200191 0.313953
14.800000 0.050694 0.382277 0.170724 0.200382 0.362837 0.444868 0.200056 0.313548
15.000000 0.050729 0.381762 0.170525 0.200246 0.362278 0.444805 0.199996 0.313093
15.200000 0.050668 0.381771 0.170527 0.200096 0.361533 0.444703 0.200017 0.312648
15.400000 0.050836 0.381508 0.170678 0.200063 0.361026 0.444744 0.199779 0.312328
15.600000 0.050751 0.381017 0.170538 0.199941 0.360493 0.444742 0.199686 0.311635
15.800000 0.050670 0.381085 0.170589 0.199595 0.360063 0.444523 0.199526 0.311312
16.000000 0.050918 0.380892 0.170140 0.199696 0.359537 0.444621 0.199157 0.310749
16.200000 0.050685 0.380663 0.170294 0.199865 0.358743 0.444611 0.199397 0.310454
16.400000 0.050955 0.380304 0.170363 0.199555 0.358333 0.444302 0.199105 0.309799
16.600000 0.050795 0.380155 0.170299 0.199251 0.357704 0.444630 0.199209 0.309473
16.800000 0.050775 0.380004 0.170316 0.199239 0.357289 0.444337 0.199120 0.309204
17.000000 0.050746 0.379753 0.170263 0.199056 0.356669 0.444415 0.199021 0.308929
17.200000 0.050781 0.379336 0.170429 0.199083 0.355948 0.444493 0.198825 0.308357
17.400000 0.050620 0.379285 0.170249 0.198967 0.355443 0.444470 0.198892 0.307781
17.600000 0.050921 0.379124 0.170326 0.198724 0.354956 0.444305 0.198759 0.307711
17.800000 0.050763 0.378749 0.170252 0.198728 0.354344 0.444309 0.198566 0.307127
18.000000 0.050787 0.378622 0.170148 0.198612 0.353904 0.444236 0.198520 0.306844
18.200000 0.050736 0.378348 0.170220 0.198495 0.353366 0.444112 0.198457 0.306329
18.400000 0.050742 0.378231 0.170435 0.198464 0.352490 0.444076 0.198252 0.305904
18.600000 0.050756 0.377954 0.170227 0.198270 0.352213 0.444295 0.198280 0.305370
18.800000 0.050713 0.377705 0.170254 0.198324 0.351745 0.444162 0.198301 0.305079
19.000000 0.050740 0.377421 0.170092 0.198081 0.351155 0.444123 0.198121 0.304515
19.200000 0.050722 0.377259 0.170196 0.198007 0.350759 0.444109 0.198008 0.304237
19.400000 0.050748 0.377126 0.170252 0.197842 0.350187 0.444097 0.197988 0.303849
19.600000 0.050893 0.376931 0.170141 0.197859 0.349776 0.443980 0.197858 0.303537
19.800000 0.050704 0.376717 0.170226 0.197735 0.349212 0.443912 0.197608 0.303123
20.000000 0.050747 0.376504 0.169987 0.197644 0.348715 0.443751 0.197669 0.302435
20.200000 0.050729 0.376164 0.170245 0.197628 0.348090 0.443863 0.197541 0.302366
20.400000 0.050703 0.376030 0.169931 0.197439 0.347695 0.443860 0.197533 0.302120
20.600000 0.050781 0.375842 0.170091 0.197355 0.347111 0.443793 0.197398 0.301617
20.800000 0.050699 0.375703 0.169987 0.197269 0.346626 0.443676 0.197284 0.301060
21.000000 0.050687 0.375407 0.170174 0.197035 0.346168 0.443859 0.197356 0.301003
21.200000 0.050707 0.375225 0.169927 0.197200 0.345755 0.443631 0.197102 0.300685
21.400000 0.050800 0.374908 0.169998 0.196997 0.345291 0.443488 0.197058 0.300030
21.600000 0.050681 0.374979 0.169987 0.196793 0.344718 0.443648 0.196962 0.299792
21.800000 0.050678 0.374642 0.170032 0.196809 0.344148 0.443434 0.196940 0.299425
22.000000 0.050678 0.374509 0.170048 0.196815 0.343921 0.443516 0.196803 0.299189
22.200000 0.050653 0.374294 0.169913 0.196586 0.343441 0.443559 0.196693 0.298712
22.400000 0.050749 0.374212 0.169891 0.196675 0.342769 0.443469 0.196683 0.298054
22.600000 0.050514 0.373862 0.169885 0.196455 0.342453 0.443397 0.196413 0.297956
22.800000 0.050517 0.373780 0.169769 0.196231 0.341920 0.443330 0.196677 0.297577
23.000000 0.050792 0.373579 0.169929 0.196272 0.341483 0.443396 0.196527 0.297314
23.200000 0.050810 0.373296 0.169888 0.195942 0.340883 0.443154 0.196320 0.296827
23.400000 0.050679 0.373325 0.169975 0.196073 0.340615 0.443256 0.196089 0.296242
23.600000 0.050518 0.372974 0.169941 0.195965 0.340059 0.443201 0.196173 0.296192
23.800000 0.050721 0.372692 0.169742 0.195889 0.339762 0.443116 0.195934 0.295866
24.000000 0.050809 0.372520 0.169865 0.195881 0.339091 0.442972 0.196027 0.295623
24.200000 0.050678 0.372594 0.169836 0.195861 0.338795 0.443131 0.195841 0.295377
24.400000 0.050660 0.372173 0.169915 0.195655 0.338295 0.443050 0.195814 0.295050
24.600000 0.050629 0.372134 0.169867 0.195708 0.337939 0.443072 0.195698 0.294622
24.800000 0.050809 0.371814 0.169912 0.195563 0.337335 0.442883 0.195692 0.294284
25.000000 0.050538 0.371775 0.169906 0.195445 0.337005 0.443027 0.195580 0.293946
25.200000 0.050581 0.371259 0.169763 0.195256 0.336341 0.442677 0.195575 0.293319
25.400000 0.050673 0.371293 0.169709 0.195295 0.335887 0.442902 0.195243 0.292822
25.600000 0.050555 0.371145 0.169761 0.195156 0.335485 0.442866 0.156312 0.292817
25.800000 0.050591 0.370807 0.169636 0.195060 0.335087 0.442672 0.195300 0.292486
26.000000 0.050642 0.370727 0.169761 0.194921 0.334697 0.442770 0.195203 0.292063
26.200000 0.050615 0.370558 0.169775 0.194889 0.334443 0.442370 0.195127 0.291822
26.400000 0.050636 0.370465 0.169758 0.194702 0.333720 0.442671 0.194863 0.291537
26.600000 0.050464 0.370280 0.169562 0.194740 0.333448 0.442809 0.194920 0.291264
26.800000 0.050627 0.370095 0.169586 0.194612 0.333029 0.442520 0.194832 0.290924
27.000000 0.050626 0.369923 0.169567 0.194418 0.332627 0.442568 0.194812 0.290627
27.200000 0.050622 0.369593 0.169830 0.194455 0.332329 0.442644 0.194662 0.290332
27.400000 0.050575 0.369700 0.169583 0.194358 0.331793 0.442439 0.194674 0.289971
27.600000 0.050582 0.369414 0.169373 0.194381 0.331370 0.442380 0.194550 0.289725
27.800000 0.050551 0.369192 0.169607 0.194308 0.331100 0.442430 0.194329 0.289413
28.000000 0.050591 0.369165 0.169613 0.194211 0.330597 0.442483 0.194433 0.289103
28.200000 0.050445 0.368896 0.169676 0.193943 0.330153 0.442343 0.194336 0.288779
28.400000 0.050614 0.368694 0.169538 0.194125 0.329792 0.442290 0.194131 0.288429
28.600000 0.050569 0.368578 0.169411 0.193942 0.329423 0.442239 0.194197 0.288200
28.800000 0.050603 0.368369 0.169472 0.193850 0.328933 0.442187 0.194111 0.287920
29.000000 0.050370 0.368265 0.169479 0.193706 0.328262 0.442042 0.193968 0.287501
29.200000 0.050571 0.368158 0.169486 0.193709 0.328124 0.442097 0.193817 0.287236
29.400000 0.050581 0.367904 0.169604 0.193607 0.327817 0.442114 0.193647 0.286741
29.600000 0.050614 0.367969 0.169531 0.193418 0.327441 0.442038 0.193802 0.286705
29.800000 0.050544 0.367701 0.169294 0.193457 0.326871 0.441995 0.193722 0.286513
30.000000 0.050589 0.367418 0.169668 0.193446 0.326588 0.442001 0.193738 0.286135
30.200000 0.050542 0.367366 0.169277 0.193318 0.326334 0.441940 0.193334 0.285707
30.400000 0.050644 0.367274 0.169510 0.193323 0.325750 0.441962 0.193545 0.285644
30.600000 0.050592 0.366895 0.169303 0.193245 0.325493 0.441884 0.193337 0.285262
30.800000 0.050698 0.366797 0.169525 0.193297 0.325092 0.441750 0.193387 0.284974
31.000000 0.050877 0.366650 0.169490 0.193083 0.324823 0.441803 0.193309 0.284792
31.200000 0.051137 0.366584 0.169405 0.193005 0.324520 0.441788 0.193271 0.284561
31.400000 0.051638 0.366479 0.169442 0.192914 0.324130 0.441543 0.192990 0.284240
31.600000 0.052063 0.366339 0.169478 0.192809 0.323999 0.441592 0.193024 0.283985
31.800000 0.052556 0.366077 0.169506 0.192736 0.323843 0.441706 0.193119 0.284115
32.000000 0.053245 0.366086 0.169454 0.192908 0.324210 0.441487 0.193068 0.284101
32.200000 0.053572 0.366150 0.169395 0.192965 0.324667 0.441577 0.192876 0.284327
32.400000 0.054235 0.366139 0.169387 0.193011 0.325118 0.441707 0.193037 0.284730
32.600000 0.054637 0.366085 0.169382 0.193176 0.326021 0.441575 0.193217 0.285551
32.800000 0.055441 0.366703 0.169675 0.193328 0.327196 0.441548 0.193089 0.286322
33.000000 0.055969 0.366995 0.169550 0.193532 0.328253 0.441295 0.193127 0.287435
33.200000 0.056438 0.367772 0.169400 0.193818 0.330213 0.441687 0.193127 0.288538
33.400000 0.057016 0.368778 0.169691 0.194195 0.332131 0.441464 0.193280 0.289913
33.600000 0.057336 0.369780 0.169813 0.194625 0.334031 0.441479 0.193232 0.291324
33.800000 0.057730 0.371221 0.169840 0.194948 0.336470 0.441684 0.193338 0.293117
34.000000 0.058065 0.372886 0.169926 0.195586 0.339318 0.441461 0.193432 0.295039
34.200000 0.058345 0.374852 0.169923 0.196120 0.341969 0.441579 0.193544 0.297146
34.400000 0.058624 0.376873 0.170090 0.196558 0.344947 0.441624 0.193732 0.299121
34.600000 0.058887 0.379203 0.169984 0.197230 0.348025 0.441564 0.193748 0.301646
34.800000 0.059123 0.382056 0.170358 0.198008 0.351362 0.441608 0.193852 0.304229
35.000000 0.059322 0.385173 0.170510 0.198799 0.354874 0.441554 0.193967 0.306820
35.200000 0.059500 0.388419 0.170355 0.199443 0.358592 0.441621 0.194066 0.309603
35.400000 0.059804 0.391913 0.170876 0.200177 0.362172 0.441666 0.194378 0.312254
35.600000 0.059791 0.395441 0.171174 0.200905 0.365613 0.441701 0.194228 0.314884
35.800000 0.059894 0.399178 0.171085 0.201634 0.369349 0.441695 0.194469 0.317971
36.000000 0.060020 0.403271 0.171469 0.202183 0.373201 0.441784 0.194405 0.320771
36.200000 0.060014 0.407498 0.171587 0.203168 0.376962 0.441678 0.194744 0.324017
36.400000 0.060216 0.411685 0.171687 0.203854 0.380870 0.441621 0.194706 0.327101
36.600000 0.060257 0.416314 0.171825 0.204492 0.385060 0.441651 0.194996 0.330303
36.800000 0.060340 0.420846 0.172123 0.205351 0.388982 0.441809 0.195109 0.333660
37.000000 0.060277 0.425776 0.172396 0.206078 0.393346 0.441707 0.195233 0.336785
37.200000 0.060470 0.430678 0.172541 0.206763 0.397425 0.441850 0.195419 0.340225
37.400000 0.060480 0.436174 0.172938 0.207639 0.402428 0.441790 0.195741 0.344461
37.600000 0.060567 0.442781 0.172921 0.208541 0.407784 0.441752 0.195720 0.348427
37.800000 0.060622 0.447752 0.173181 0.209273 0.412115 0.441794 0.195963 0.352110
38.000000 0.060676 0.452954 0.173231 0.209892 0.416574 0.441971 0.196067 0.355722
38.200000 0.060588 0.458358 0.173408 0.210823 0.420842 0.442033 0.196127 0.359229
38.400000 0.060588 0.463464 0.173788 0.211247 0.425389 0.442012 0.196257 0.362973
38.600000 0.060783 0.468605 0.173884 0.211982 0.429823 0.441924 0.196553 0.366524
38.800000 0.060835 0.473780 0.173839 0.212692 0.434375 0.442120 0.196736 0.370535
39.000000 0.060832 0.479239 0.174233 0.213459 0.438871 0.442134 0.196875 0.374233
39.200000 0.060877 0.484372 0.174325 0.214049 0.443410 0.442176 0.196983 0.377818
39.400000 0.060778 0.489302 0.174465 0.214674 0.447943 0.442164 0.197231 0.381478
39.600000 0.060894 0.494503 0.174589 0.215371 0.452362 0.442066 0.197353 0.385394
39.800000 0.060909 0.499480 0.174745 0.215644 0.456973 0.442137 0.197533 0.389182
40.000000 0.060933 0.504351 0.174876 0.216465 0.461264 0.442239 0.197690 0.392770
40.200000 0.060998 0.509597 0.175139 0.217238 0.465800 0.442501 0.197825 0.396786
40.400000 0.060996 0.514406 0.175249 0.217777 0.470533 0.442458 0.198059 0.400519
40.600000 0.061007 0.519372 0.175464 0.218369 0.475016 0.442323 0.198060 0.404449
40.800000 0.061013 0.524133 0.175601 0.219216 0.479481 0.442444 0.198299 0.408070
41.000000 0.061005 0.528743 0.175774 0.219802 0.483940 0.442448 0.198364 0.411977
41.200000 0.061037 0.533564 0.175925 0.220246 0.488378 0.442646 0.198782 0.415568
41.400000 0.060972 0.537846 0.176042 0.220907 0.492790 0.442529 0.198689 0.419410
41.600000 0.060884 0.542168 0.176234 0.221473 0.496871 0.442653 0.198895 0.423011
41.800000 0.061158 0.546817 0.176099 0.222153 0.501651 0.442384 0.199275 0.426935
42.000000 0.061075 0.551366 0.176396 0.222642 0.506026 0.442773 0.199330 0.430664
42.200000 0.061071 0.555533 0.176483 0.223236 0.510169 0.442678 0.199517 0.434395
42.400000 0.061051 0.559691 0.176646 0.223781 0.514552 0.442704 0.199668 0.437905
42.600000 0.061086 0.563661 0.176838 0.224341 0.518699 0.442725 0.199981 0.441166
42.800000 0.061067 0.567600 0.176944 0.224826 0.522854 0.442681 0.200166 0.444967
43.000000 0.061077 0.571482 0.177037 0.225240 0.526602 0.442726 0.200045 0.448352
43.200000 0.061142 0.575209 0.177190 0.225840 0.530717 0.442858 0.200419 0.451835
43.400000 0.061143 0.578644 0.177207 0.226389 0.535100 0.442888 0.200569 0.455313
43.600000 0.060957 0.582506 0.177255 0.226808 0.538784 0.442853 0.200700 0.458726
43.800000 0.061116 0.586289 0.177464 0.227611 0.543485 0.443075 0.200853 0.462824
44.000000 0.061049 0.591084 0.177672 0.228136 0.548639 0.443055 0.201112 0.466775
44.200000 0.061166 0.594375 0.177631 0.228668 0.552399 0.443002 0.201288 0.470072
44.400000 0.061175 0.597423 0.177772 0.229189 0.556317 0.443139 0.201455 0.473222
44.600000 0.061282 0.601005 0.178033 0.229746 0.560277 0.443178 0.201634 0.476545
44.800000 0.061132 0.604158 0.177950 0.230109 0.563988 0.443220 0.201839 0.479586
45.000000 0.061338 0.607243 0.178092 0.230598 0.567566 0.443152 0.202174 0.482798
45.200000 0.061188 0.610077 0.178105 0.231181 0.571169 0.443149 0.202149 0.486126
45.400000 0.061042 0.612928 0.178235 0.231727 0.574859 0.443139 0.202120 0.489039
45.600000 0.061184 0.615651 0.178486 0.232033 0.578350 0.443330 0.202385 0.492075
45.800000 0.061239 0.618352 0.178646 0.232583 0.581886 0.443417 0.202720 0.494614
46.000000 0.061207 0.620948 0.178662 0.232959 0.585268 0.443307 0.202842 0.497672
46.200000 0.061259 0.623463 0.178774 0.233414 0.588635 0.443470 0.203210 0.500389
46.400000 0.061225 0.626066 0.178888 0.233967 0.591922 0.443651 0.203218 0.503374
46.600000 0.061210 0.628459 0.178962 0.234326 0.595250 0.443472 0.203387 0.506039
46.800000 0.061222 0.630676 0.179025 0.234717 0.598582 0.443698 0.203626 0.508720
47.000000 0.061256 0.632764 0.179076 0.235178 0.601835 0.443660 0.203800 0.511450
47.200000 0.061249 0.635350 0.179145 0.235479 0.605233 0.443711 0.203850 0.514138
47.400000 0.061259 0.637637 0.179238 0.235930 0.608465 0.443389 0.204157 0.516769
47.600000 0.061289 0.639681 0.179347 0.236388 0.611613 0.443637 0.203905 0.519205
47.800000 0.061219 0.641697 0.179414 0.236927 0.614542 0.443748 0.204451 0.521567
48.000000 0.061075 0.643681 0.179321 0.237122 0.617525 0.443801 0.204557 0.524159
48.200000 0.061271 0.645484 0.179541 0.237662 0.620686 0.443754 0.204704 0.526680
48.400000 0.061263 0.647555 0.179665 0.237886 0.623509 0.443887 0.204779 0.529150
48.600000 0.061236 0.649159 0.179657 0.238457 0.626386 0.443786 0.204985 0.531186
48.800000 0.061280 0.651007 0.179489 0.238758 0.629500 0.443962 0.205097 0.533697
49.000000 0.061119 0.652819 0.179821 0.239348 0.632306 0.443821 0.205328 0.536003
49.200000 0.061274 0.654297 0.179755 0.239677 0.635031 0.444006 0.205399 0.538040
49.400000 0.061307 0.655899 0.179994 0.240063 0.637665 0.444105 0.205556 0.540323
49.600000 0.061275 0.657507 0.180031 0.240600 0.640434 0.444114 0.205867 0.542672
49.800000 0.061188 0.659176 0.179995 0.240662 0.643109 0.444161 0.206014 0.544660
50.000000 0.061272 0.660445 0.180314 0.241240 0.645791 0.444260 0.206201 0.585883
50.200000 0.061281 0.662441 0.180309 0.241652 0.648928 0.444283 0.206389 0.549309
50.400000 0.061269 0.663894 0.180268 0.241910 0.651506 0.444291 0.206544 0.551214
50.600000 0.061280 0.664827 0.180467 0.242248 0.653865 0.444252 0.206733 0.553252
50.800000 0.061302 0.666338 0.180436 0.242704 0.656315 0.444329 0.206892 0.555177
51.000000 0.061321 0.667531 0.180371 0.243099 0.658767 0.444386 0.207041 0.557060
51.200000 0.061285 0.668650 0.180616 0.243452 0.661377 0.444449 0.207269 0.558890
51.400000 0.061314 0.669773 0.180564 0.243729 0.663722 0.444522 0.207492 0.560840
51.600000 0.061302 0.671032 0.180654 0.244029 0.666041 0.444509 0.207378 0.562736
51.800000 0.061243 0.671958 0.180541 0.244327 0.668189 0.444459 0.207620 0.564211
52.000000 0.061281 0.672971 0.180793 0.244767 0.670558 0.444520 0.207868 0.566068
52.200000 0.061317 0.674093 0.180777 0.245156 0.672487 0.444581 0.207977 0.567772
52.400000 0.061311 0.675123 0.180764 0.245499 0.674744 0.444729 0.208206 0.569380
52.600000 0.061297 0.676110 0.180934 0.245698 0.676764 0.444738 0.208315 0.570869
52.800000 0.061297 0.677039 0.180959 0.246167 0.678869 0.444614 0.208291 0.572401
53.000000 0.061334 0.677606 0.181089 0.246623 0.681084 0.444728 0.208651 0.574088
53.200000 0.061303 0.678682 0.181071 0.246813 0.683095 0.444823 0.208827 0.575608
53.400000 0.061222 0.679345 0.181014 0.247042 0.684987 0.444709 0.208942 0.577160
53.600000 0.061310 0.680288 0.181052 0.247079 0.686697 0.444667 0.208978 0.578690
53.800000 0.061303 0.680888 0.181176 0.247656 0.688790 0.444907 0.209205 0.580008
54.000000 0.061054 0.681450 0.181417 0.248060 0.690827 0.445042 0.209382 0.581576
54.200000 0.061321 0.682480 0.181383 0.248263 0.692507 0.445047 0.209699 0.582951
54.400000 0.061135 0.682702 0.181097 0.248495 0.694316 0.444822 0.209623 0.584158
54.600000 0.061159 0.683849 0.180976 0.248735 0.696337 0.444921 0.209681 0.585509
54.800000 0.061318 0.684382 0.181425 0.249435 0.698512 0.444995 0.210057 0.587456
55.000000 0.061335 0.684953 0.181309 0.249704 0.700261 0.445114 0.210205 0.588726
55.200000 0.061309 0.685639 0.181431 0.250007 0.702016 0.445380 0.210351 0.590024
55.400000 0.061294 0.686317 0.181502 0.250514 0.703507 0.445195 0.210534 0.591310
55.600000 0.061295 0.686923 0.181429 0.250399 0.705239 0.445298 0.210720 0.592480
55.800000 0.061297 0.687345 0.181654 0.250761 0.706691 0.445181 0.210787 0.593703
56.000000 0.061316 0.687729 0.181490 0.251042 0.708360 0.445185 0.210942 0.594576
56.200000 0.061317 0.688446 0.181683 0.251390 0.709957 0.445297 0.211126 0.596083
56.400000 0.061313 0.688838 0.181668 0.251818 0.711732 0.445278 0.211281 0.597301
56.600000 0.061324 0.689509 0.181749 0.252038 0.713135 0.445509 0.211420 0.598149
56.800000 0.061298 0.689974 0.181716 0.252329 0.714598 0.445518 0.211549 0.599282
57.000000 0.061286 0.690294 0.181783 0.252654 0.716041 0.445527 0.211725 0.600432
57.200000 0.061301 0.690469 0.181835 0.252860 0.717145 0.445473 0.211908 0.601198
57.400000 0.061352 0.690928 0.181868 0.252996 0.718809 0.445438 0.211977 0.602289
57.600000 0.061279 0.691305 0.181873 0.253450 0.720032 0.445595 0.212145 0.603360
57.800000 0.061299 0.691704 0.181770 0.253617 0.721372 0.445626 0.212249 0.604357
58.000000 0.061295 0.692041 0.182066 0.254008 0.722580 0.445563 0.212258 0.605300
58.200000 0.061297 0.692567 0.181999 0.254211 0.723930 0.445828 0.212416 0.606252
58.400000 0.061246 0.692619 0.181912 0.254214 0.724930 0.445672 0.212657 0.606961
58.600000 0.061131 0.693082 0.181999 0.254765 0.726422 0.445821 0.212740 0.607947
58.800000 0.061284 0.693427 0.182186 0.255010 0.727340 0.445787 0.212992 0.609054
59.000000 0.061275 0.693840 0.182112 0.255255 0.728521 0.445781 0.213085 0.609773
59.200000 0.061314 0.694082 0.182010 0.255560 0.729751 0.445904 0.213243 0.610599
59.400000 0.061327 0.694293 0.182130 0.255630 0.730957 0.446004 0.213372 0.611479
59.600000 0.061296 0.694429 0.182080 0.256016 0.732019 0.445865 0.213538 0.612091
59.800000 0.061319 0.694936 0.182099 0.256084 0.733062 0.445976 0.213609 0.613013
60.000000 0.061293 0.695155 0.182044 0.256594 0.734074 0.445910 0.213722 0.613796
60.200000 0.061278 0.695204 0.182192 0.256662 0.735121 0.445732 0.213757 0.614683
60.400000 0.061335 0.695782 0.182245 0.257089 0.736265 0.446075 0.214042 0.615245
60.600000 0.061327 0.695853 0.182271 0.257205 0.737344 0.446230 0.214161 0.616021
60.800000 0.061325 0.696158 0.182306 0.257530 0.738316 0.446065 0.214248 0.616400
61.000000 0.061320 0.696294 0.182209 0.257685 0.739160 0.446225 0.214514 0.617656
61.200000 0.061326 0.696464 0.182493 0.257800 0.740284 0.446314 0.214471 0.618286
61.400000 0.061289 0.696861 0.182436 0.258203 0.741224 0.446467 0.214561 0.618842
61.600000 0.061332 0.696935 0.182449 0.258215 0.742078 0.446311 0.214794 0.619645
61.800000 0.061318 0.697236 0.182192 0.258485 0.743076 0.446380 0.215134 0.620276
62.000000 0.061311 0.697545 0.182469 0.258812 0.743932 0.446353 0.215200 0.620962
62.200000 0.061147 0.697490 0.182623 0.259201 0.744922 0.446593 0.215263 0.621694
62.400000 0.061471 0.697773 0.182645 0.259472 0.745856 0.446335 0.215361 0.622427
62.600000 0.061300 0.698050 0.182602 0.259671 0.746868 0.446562 0.215472 0.622882
62.800000 0.061330 0.698105 0.182501 0.259919 0.747823 0.446566 0.215578 0.623678
63.000000 0.061308 0.698372 0.182546 0.260153 0.748361 0.446545 0.215651 0.624119
63.200000 0.061320 0.698500 0.182281 0.260277 0.749148 0.446612 0.215884 0.624827
63.400000 0.061308 0.698614 0.182527 0.260556 0.749964 0.446503 0.215973 0.625374
63.600000 0.061309 0.698819 0.182682 0.260649 0.750836 0.446674 0.216051 0.625957
63.800000 0.061309 0.698992 0.182561 0.260653 0.751589 0.446762 0.216088 0.626388
64.000000 0.061291 0.699005 0.182645 0.261182 0.752331 0.446757 0.216521 0.626963
64.200000 0.061309 0.699157 0.182718 0.261429 0.752911 0.446642 0.216492 0.627523
64.400000 0.061309 0.699076 0.182790 0.261663 0.753614 0.446786 0.216417 0.627999
64.600000 0.061299 0.699438 0.182700 0.261693 0.754236 0.446771 0.216918 0.628474
64.800000 0.061291 0.699347 0.182745 0.262128 0.754892 0.446919 0.216904 0.628817
65.000000 0.061317 0.699544 0.182709 0.262014 0.755435 0.446821 0.216931 0.629496
65.200000 0.061328 0.699661 0.182793 0.262513 0.756083 0.447037 0.217093 0.629926
65.400000 0.061283 0.699617 0.182894 0.262706 0.756710 0.446873 0.217137 0.630478
65.600000 0.061300 0.699867 0.182815 0.262870 0.757449 0.447167 0.217316 0.630654
65.800000 0.061288 0.699964 0.182849 0.263198 0.758091 0.446957 0.217479 0.631116
66.000000 0.061289 0.700033 0.182946 0.263324 0.758557 0.447086 0.217566 0.631690
66.200000 0.061317 0.700076 0.182853 0.263360 0.759169 0.446789 0.217649 0.632054
66.400000 0.061218 0.700128 0.182918 0.263656 0.759847 0.447010 0.217805 0.632476
66.600000 0.061316 0.699936 0.182741 0.263960 0.760350 0.447120 0.217903 0.632896
66.800000 0.061305 0.700327 0.182858 0.264005 0.761034 0.447189 0.218006 0.633265
67.000000 0.061064 0.700476 0.182924 0.264254 0.761548 0.447183 0.218139 0.633670
67.200000 0.061289 0.700029 0.183043 0.264309 0.761964 0.447292 0.218293 0.634095
67.400000 0.061212 0.700445 0.182977 0.264715 0.762494 0.447490 0.218208 0.634310
67.600000 0.061319 0.700607 0.182818 0.264790 0.763168 0.447365 0.218447 0.634904
67.800000 0.061330 0.700619 0.183048 0.265168 0.763447 0.447287 0.218534 0.635090
68.000000 0.061299 0.700777 0.183035 0.265120 0.763871 0.447297 0.218517 0.635386
68.200000 0.061255 0.700558 0.182804 0.265308 0.764182 0.447258 0.218753 0.635709
68.400000 0.061300 0.700821 0.183070 0.265562 0.765047 0.447496 0.218891 0.636240
68.600000 0.061120 0.700748 0.183067 0.265835 0.765597 0.447514 0.219063 0.636496
68.800000 0.061283 0.700874 0.182984 0.265662 0.766025 0.447607 0.219186 0.637050
69.000000 0.061278 0.700865 0.183217 0.266126 0.766461 0.447561 0.219138 0.637307
69.200000 0.061159 0.700988 0.183050 0.266142 0.766825 0.447646 0.219325 0.637390
69.400000 0.061294 0.701199 0.182829 0.266446 0.767307 0.447673 0.219463 0.637691
69.600000 0.061287 0.701130 0.183145 0.266635 0.767741 0.447646 0.219472 0.637997
69.800000 0.061269 0.701286 0.183171 0.266727 0.768137 0.447639 0.219637 0.638380
70.000000 0.061288 0.701239 0.183169 0.266911 0.768396 0.447490 0.219750 0.638683
70.200000 0.061290 0.701184 0.183118 0.267146 0.769037 0.447844 0.219827 0.638968
70.400000 0.061262 0.701274 0.183030 0.267357 0.769489 0.447993 0.220007 0.639261
70.600000 0.061272 0.701177 0.183195 0.267544 0.769718 0.447822 0.220023 0.639556
70.800000 0.061272 0.701371 0.183226 0.267719 0.769755 0.447997 0.220165 0.639740
71.000000 0.061207 0.701397 0.183370 0.267895 0.770430 0.447925 0.220171 0.640028
71.200000 0.061298 0.701434 0.183374 0.268008 0.770848 0.447909 0.220221 0.640390
71.400000 0.061245 0.701290 0.183257 0.268102 0.771013 0.447756 0.220469 0.640365
71.600000 0.061199 0.701302 0.183139 0.268289 0.771370 0.447933 0.220506 0.640747
71.800000 0.061283 0.701575 0.183117 0.268506 0.771864 0.447941 0.220634 0.640727
72.000000 0.061242 0.701407 0.183281 0.268738 0.771948 0.448115 0.220774 0.641055
72.200000 0.061265 0.701312 0.183274 0.268869 0.772303 0.448057 0.220661 0.641444
72.400000 0.061252 0.701519 0.183280 0.269033 0.772812 0.448096 0.220883 0.641721
72.600000 0.061253 0.701404 0.183169 0.269088 0.773018 0.448135 0.220841 0.641897
72.800000 0.061095 0.701429 0.183310 0.269466 0.773401 0.448141 0.220736 0.641998
73.000000 0.061271 0.701594 0.183333 0.269517 0.773707 0.447999 0.221174 0.642196
73.200000 0.061253 0.701365 0.183548 0.269740 0.774068 0.448251 0.221398 0.642543
73.400000 0.061271 0.701512 0.183277 0.269836 0.774105 0.448291 0.221387 0.642707
73.600000 0.061268 0.701410 0.183329 0.270055 0.774621 0.448319 0.221502 0.642814
73.800000 0.061266 0.701514 0.183348 0.270201 0.774696 0.448244 0.221500 0.643091
74.000000 0.061111 0.701504 0.183325 0.270271 0.775002 0.448598 0.221689 0.643295
74.200000 0.061268 0.701455 0.183278 0.270458 0.775404 0.448380 0.221780 0.643441
74.400000 0.061275 0.701342 0.183380 0.270612 0.775697 0.448335 0.221997 0.643588
74.600000 0.061245 0.701282 0.183293 0.270727 0.775746 0.448347 0.221759 0.643595
74.800000 0.061246 0.701187 0.183411 0.270982 0.776187 0.448352 0.221890 0.643938
75.000000 0.061256 0.701377 0.183439 0.271068 0.776481 0.448444 0.222089 0.644148
75.200000 0.061256 0.701302 0.183468 0.271180 0.776692 0.448456 0.222219 0.644350
75.400000 0.061247 0.701345 0.183451 0.271277 0.776836 0.448549 0.222185 0.644386
75.600000 0.061240 0.701383 0.183445 0.271525 0.777087 0.448508 0.222072 0.644418
75.800000 0.061276 0.701305 0.183439 0.271735 0.777348 0.448592 0.222344 0.644764
76.000000 0.061311 0.701431 0.183515 0.271812 0.777492 0.448617 0.222482 0.644838
76.200000 0.061240 0.701295 0.183351 0.271977 0.777693 0.448660 0.222509 0.644826
76.400000 0.061245 0.701175 0.183268 0.272041 0.778017 0.448634 0.222680 0.645101
76.600000 0.061228 0.701156 0.183431 0.272095 0.778131 0.448632 0.222918 0.645304
76.800000 0.061247 0.701386 0.183466 0.272282 0.778366 0.448614 0.222822 0.645182
77.000000 0.061257 0.701230 0.183534 0.272510 0.778505 0.448647 0.222954 0.645563
77.200000 0.061213 0.701203 0.183526 0.272457 0.778777 0.448647 0.223055 0.645745
77.400000 0.061233 0.701074 0.183487 0.272551 0.778928 0.448909 0.222944 0.645790
77.600000 0.061243 0.701158 0.183558 0.272915 0.779055 0.448885 0.223094 0.645987
77.800000 0.061035 0.701223 0.183506 0.272920 0.779181 0.448861 0.223305 0.645880
78.000000 0.061231 0.701257 0.183619 0.273230 0.779469 0.448859 0.223346 0.645962
78.200000 0.061070 0.701071 0.183629 0.273362 0.779592 0.448778 0.223460 0.646243
78.400000 0.061215 0.701016 0.183451 0.273370 0.779575 0.449007 0.223503 0.646215
78.600000 0.061285 0.700911 0.183692 0.273577 0.779726 0.449025 0.223601 0.646401
78.800000 0.061244 0.700867 0.183597 0.273704 0.780040 0.448997 0.223630 0.646617
79.000000 0.061222 0.701119 0.183574 0.273867 0.780301 0.448952 0.223590 0.646629
79.200000 0.061238 0.700926 0.183547 0.273972 0.780123 0.449111 0.223801 0.646721
79.400000 0.061211 0.701128 0.183572 0.274146 0.780531 0.449094 0.223879 0.646908
79.600000 0.061284 0.700854 0.183590 0.274149 0.780628 0.449148 0.223849 0.646966
79.800000 0.061242 0.700923 0.183570 0.274342 0.780822 0.449366 0.224075 0.647116
80.000000 0.061215 0.700855 0.183585 0.274441 0.780975 0.449067 0.224056 0.647163
80.200000 0.061281 0.701121 0.183469 0.274639 0.781152 0.449342 0.224230 0.647427
80.400000 0.061233 0.700908 0.183635 0.274795 0.781368 0.449254 0.224256 0.647560
80.600000 0.061271 0.700753 0.183665 0.274766 0.781447 0.449048 0.224366 0.647569
80.800000 0.061224 0.700698 0.183690 0.275027 0.781592 0.449318 0.224455 0.647597
81.000000 0.061255 0.700784 0.183647 0.275090 0.781649 0.449249 0.224473 0.647510
81.200000 0.061247 0.700942 0.183625 0.275195 0.781970 0.449417 0.224531 0.647796
81.400000 0.061226 0.700981 0.183688 0.275392 0.782124 0.449461 0.224647 0.647739
81.600000 0.061247 0.700825 0.183659 0.275480 0.782154 0.449446 0.224699 0.647994
81.800000 0.061237 0.700696 0.183596 0.275533 0.782308 0.449407 0.224716 0.648037
82.000000 0.061248 0.700805 0.183663 0.275544 0.782464 0.449107 0.224818 0.648111
82.200000 0.061251 0.700834 0.183570 0.275822 0.782465 0.449389 0.224809 0.648072
82.400000 0.061236 0.700590 0.183789 0.275729 0.782549 0.449672 0.224981 0.648086
82.600000 0.061245 0.700712 0.183633 0.275955 0.782406 0.449588 0.225009 0.648461
82.800000 0.061074 0.700819 0.183576 0.276077 0.782924 0.449513 0.224963 0.648469
83.000000 0.061262 0.700948 0.183589 0.276226 0.783081 0.449604 0.225136 0.648421
83.200000 0.061073 0.700786 0.183836 0.276250 0.782999 0.449658 0.225287 0.648605
83.400000 0.061286 0.700799 0.183619 0.276346 0.783230 0.449666 0.225252 0.648643
83.600000 0.061412 0.700768 0.183867 0.276525 0.783302 0.449567 0.225456 0.648573
83.800000 0.061265 0.700735 0.183753 0.276563 0.783127 0.449460 0.225362 0.648623
84.000000 0.061248 0.700651 0.183434 0.276564 0.783280 0.449557 0.225427 0.648666
84.200000 0.061264 0.700674 0.183730 0.276853 0.783433 0.449396 0.225498 0.648831
84.400000 0.061247 0.700576 0.183580 0.276879 0.783656 0.449828 0.225381 0.648900
84.600000 0.061147 0.700758 0.183600 0.276848 0.783807 0.449715 0.225632 0.649083
84.800000 0.061255 0.700654 0.183774 0.277165 0.783866 0.449694 0.225554 0.649008
85.000000 0.061239 0.700856 0.183755 0.277381 0.784046 0.449958 0.225717 0.649048
85.200000 0.061275 0.700811 0.183684 0.277355 0.784177 0.449722 0.225743 0.649095
85.400000 0.061249 0.700710 0.183807 0.277431 0.784233 0.449862 0.225836 0.649341
85.600000 0.061290 0.700751 0.184003 0.277613 0.784158 0.449911 0.225922 0.649312
85.800000 0.061246 0.700736 0.183897 0.277587 0.784382 0.449960 0.225911 0.649318
86.000000 0.061263 0.700759 0.183684 0.277789 0.784538 0.449965 0.226018 0.649459
86.200000 0.061270 0.700660 0.183814 0.277907 0.784516 0.450048 0.226067 0.649443
86.400000 0.061278 0.700742 0.184001 0.278018 0.784675 0.449994 0.225984 0.649685
86.600000 0.061294 0.700705 0.183750 0.278052 0.784775 0.450115 0.226194 0.649755
86.800000 0.061274 0.700719 0.183889 0.278263 0.784819 0.450056 0.226383 0.649838
87.000000 0.061299 0.700692 0.183783 0.278279 0.785132 0.450057 0.226333 0.649759
87.200000 0.061263 0.700847 0.183731 0.278444 0.785149 0.450040 0.226370 0.649752
87.400000 0.061278 0.700734 0.183806 0.278579 0.785287 0.450114 0.226567 0.649875
87.600000 0.061299 0.700694 0.183905 0.278683 0.785272 0.450240 0.226470 0.650088
87.800000 0.061249 0.700721 0.183777 0.278671 0.785263 0.450013 0.226338 0.649965
88.000000 0.061279 0.700721 0.183798 0.278904 0.785420 0.450218 0.226683 0.650052
88.200000 0.061278 0.700731 0.183980 0.279033 0.785577 0.450291 0.226671 0.650117
88.400000 0.061393 0.700893 0.183812 0.278862 0.785745 0.450436 0.226718 0.650224
88.600000 0.061261 0.700904 0.183890 0.279229 0.785842 0.450347 0.226476 0.650177
88.800000 0.061269 0.700961 0.183869 0.279368 0.785893 0.450329 0.226834 0.650429
89.000000 0.061265 0.700996 0.183949 0.279118 0.785945 0.450409 0.226846 0.650419
89.200000 0.061272 0.700988 0.183944 0.279516 0.786042 0.450355 0.226946 0.650456
89.400000 0.061271 0.700718 0.183879 0.279649 0.786229 0.450312 0.226988 0.650483
89.600000 0.061271 0.700690 0.183816 0.279692 0.786055 0.450183 0.226978 0.650524
89.800000 0.061266 0.700858 0.183998 0.279752 0.786195 0.450331 0.227199 0.650516
90.000000 0.061249 0.701062 0.183915 0.279929 0.786337 0.450537 0.227005 0.650884
