0.200000 0.050374 0.392809 0.162345 0.185193 0.377897 0.378308 0.191571 0.324522
0.400000 0.050321 0.392357 0.162329 0.185107 0.376821 0.378213 0.191396 0.323679
0.600000 0.050328 0.391997 0.162339 0.185062 0.376058 0.378184 0.191450 0.323262
0.800000 0.050316 0.391643 0.162112 0.185012 0.375208 0.378224 0.191309 0.322493
1.000000 0.050234 0.391282 0.162277 0.184917 0.374302 0.378178 0.191233 0.322031
1.200000 0.050292 0.391016 0.162353 0.184760 0.373780 0.378224 0.191183 0.321451
1.400000 0.050232 0.390472 0.162208 0.184916 0.373027 0.378063 0.190968 0.320846
1.600000 0.050275 0.390244 0.162110 0.184553 0.371981 0.378208 0.190981 0.320039
1.800000 0.050277 0.389831 0.162058 0.184351 0.371328 0.378053 0.190900 0.319434
2.000000 0.050305 0.389288 0.162058 0.184279 0.370424 0.377945 0.190796 0.319027
2.200000 0.050269 0.389074 0.162190 0.184367 0.369751 0.378035 0.190710 0.318345
2.400000 0.050275 0.388665 0.162113 0.184227 0.368890 0.378048 0.190434 0.317784
2.600000 0.050260 0.388376 0.162140 0.184273 0.368298 0.377808 0.190532 0.317078
2.800000 0.050257 0.388101 0.162139 0.184037 0.367481 0.377818 0.190458 0.316662
3.000000 0.050254 0.387625 0.162124 0.184018 0.366692 0.377839 0.190328 0.316158
3.200000 0.050264 0.387402 0.162154 0.183979 0.366104 0.377948 0.190356 0.315506
3.400000 0.050265 0.387036 0.162150 0.183632 0.365298 0.377871 0.190239 0.314969
3.600000 0.050083 0.386727 0.161963 0.183567 0.364633 0.377677 0.190024 0.314367
3.800000 0.050233 0.386388 0.162123 0.183595 0.363952 0.377796 0.190041 0.314016
4.000000 0.050233 0.386139 0.161907 0.183651 0.363208 0.377916 0.190051 0.313408
4.200000 0.050079 0.385790 0.161939 0.183415 0.362688 0.377703 0.189942 0.312879
4.400000 0.050223 0.385438 0.162002 0.183378 0.361786 0.377719 0.189939 0.312235
4.600000 0.050228 0.385246 0.162052 0.183352 0.361208 0.377802 0.189705 0.311739
4.800000 0.050063 0.384870 0.162035 0.183219 0.360466 0.377714 0.189805 0.311034
5.000000 0.050188 0.384610 0.162027 0.183011 0.359929 0.377718 0.189577 0.310555
5.200000 0.050179 0.384226 0.162010 0.182998 0.359173 0.377670 0.189478 0.310195
5.400000 0.050178 0.383894 0.161952 0.182904 0.358513 0.377727 0.189350 0.309457
5.600000 0.050175 0.383673 0.162045 0.182918 0.357807 0.377601 0.189312 0.309118
5.800000 0.050058 0.383177 0.161903 0.182748 0.357214 0.377759 0.189303 0.308639
6.000000 0.050065 0.383125 0.161859 0.182689 0.356455 0.377514 0.189112 0.308008
6.200000 0.050055 0.382575 0.161833 0.182614 0.355889 0.377592 0.188946 0.307495
6.400000 0.050161 0.382260 0.161831 0.182516 0.355123 0.377565 0.189034 0.307109
6.600000 0.050308 0.381838 0.161883 0.182576 0.354756 0.377387 0.188915 0.306602
6.800000 0.050154 0.381804 0.161917 0.182370 0.353922 0.377542 0.188841 0.306106
7.000000 0.050101 0.381593 0.161836 0.182259 0.353148 0.377488 0.188727 0.305179
7.200000 0.050139 0.381210 0.161750 0.182213 0.352561 0.377630 0.188735 0.305106
7.400000 0.050162 0.380632 0.161805 0.182246 0.351982 0.377476 0.188724 0.304629
7.600000 0.050162 0.380801 0.161996 0.182101 0.351400 0.377457 0.188549 0.303886
7.800000 0.050147 0.380285 0.161805 0.181938 0.350640 0.377497 0.188441 0.303498
8.000000 0.050150 0.380135 0.161870 0.181913 0.350038 0.377451 0.188338 0.303142
8.200000 0.050162 0.379712 0.161848 0.181757 0.349321 0.377330 0.188202 0.302432
8.400000 0.050105 0.379474 0.161616 0.181875 0.348690 0.377311 0.188189 0.301977
8.600000 0.049973 0.379269 0.161634 0.181648 0.348170 0.377200 0.188066 0.301603
8.800000 0.050150 0.378995 0.161769 0.181455 0.347456 0.377226 0.187902 0.301074
9.000000 0.050089 0.378546 0.161769 0.181490 0.346935 0.377203 0.187979 0.300680
9.200000 0.050112 0.378505 0.161854 0.181428 0.346329 0.377269 0.187889 0.300287
9.400000 0.050138 0.378196 0.161701 0.181447 0.345765 0.377227 0.187762 0.299845
9.600000 0.050057 0.377845 0.161727 0.181308 0.345292 0.377176 0.187685 0.299422
9.800000 0.050070 0.377513 0.161690 0.181360 0.344686 0.377198 0.187626 0.298988
10.000000 0.050084 0.377355 0.161622 0.181135 0.344077 0.377148 0.187540 0.298486
10.200000 0.049924 0.377086 0.161595 0.180926 0.343457 0.376973 0.187519 0.297948
10.400000 0.050185 0.376806 0.161738 0.181006 0.342951 0.377128 0.187413 0.297611
10.600000 0.049931 0.376470 0.161666 0.180830 0.342355 0.377153 0.187287 0.297149
10.800000 0.049925 0.376478 0.161855 0.180879 0.341725 0.377040 0.187258 0.296856
11.000000 0.050069 0.375984 0.161677 0.180802 0.341103 0.377046 0.187136 0.296293
11.200000 0.050067 0.375928 0.161533 0.180798 0.340646 0.377001 0.187014 0.295920
11.400000 0.050058 0.375629 0.161444 0.180556 0.340161 0.376921 0.187047 0.295348
11.600000 0.050088 0.375379 0.161742 0.180639 0.339587 0.377002 0.187071 0.295072
11.800000 0.050048 0.375078 0.161442 0.180600 0.338910 0.377001 0.186905 0.294774
12.000000 0.050038 0.374883 0.161557 0.180482 0.338523 0.376910 0.186651 0.294250
12.200000 0.050122 0.374506 0.161682 0.180467 0.337949 0.376825 0.186722 0.293790
12.400000 0.050182 0.374418 0.161483 0.180197 0.337454 0.377039 0.186648 0.293402
12.600000 0.050048 0.374112 0.161476 0.180273 0.336881 0.376929 0.186587 0.293044
12.800000 0.050192 0.373967 0.161586 0.180174 0.336595 0.376891 0.186504 0.292589
13.000000 0.050009 0.373720 0.161477 0.180153 0.335989 0.376856 0.186347 0.292111
13.200000 0.050018 0.373413 0.161547 0.180178 0.335265 0.376807 0.186380 0.291892
13.400000 0.050015 0.373353 0.161489 0.179899 0.334889 0.376831 0.186457 0.291488
13.600000 0.050016 0.372950 0.161450 0.179877 0.334408 0.376599 0.186176 0.291017
13.800000 0.049917 0.372884 0.161499 0.179864 0.333963 0.376846 0.186297 0.290745
14.000000 0.049977 0.372521 0.161523 0.179824 0.333254 0.376653 0.185832 0.290182
14.200000 0.050027 0.372347 0.161505 0.179684 0.332888 0.376636 0.185894 0.290008
14.400000 0.050006 0.372117 0.161350 0.179737 0.332343 0.376599 0.185930 0.289606
14.600000 0.049993 0.371867 0.161434 0.179632 0.331956 0.376613 0.185985 0.289171
14.800000 0.049992 0.371705 0.161486 0.179506 0.331465 0.376678 0.185809 0.288951
15.000000 0.049978 0.371540 0.161286 0.179369 0.331033 0.376581 0.185742 0.288461
15.200000 0.049985 0.371199 0.161375 0.179468 0.330585 0.376609 0.185612 0.288163
15.400000 0.049980 0.370961 0.161504 0.179347 0.330156 0.376445 0.185663 0.287830
15.600000 0.049983 0.370904 0.161395 0.179361 0.329711 0.376485 0.185518 0.287370
15.800000 0.049984 0.370665 0.161570 0.179284 0.329241 0.376622 0.185511 0.287417
16.000000 0.049993 0.370397 0.161394 0.179185 0.328730 0.376391 0.185408 0.286674
16.200000 0.049970 0.370212 0.161397 0.179153 0.328332 0.376545 0.185345 0.286394
16.400000 0.049968 0.370060 0.161402 0.179051 0.327830 0.376503 0.185315 0.286025
16.600000 0.049971 0.369978 0.161306 0.179012 0.327305 0.376352 0.185128 0.285583
16.800000 0.049960 0.369753 0.161423 0.179103 0.326708 0.376431 0.185113 0.285360
17.000000 0.050014 0.369402 0.161292 0.178957 0.326393 0.376424 0.185002 0.284908
17.200000 0.049971 0.369368 0.161365 0.178927 0.326085 0.376450 0.184943 0.284725
17.400000 0.049959 0.369269 0.161397 0.178708 0.325677 0.376430 0.184969 0.284312
17.600000 0.049921 0.368909 0.161344 0.178790 0.325280 0.376485 0.185075 0.284103
17.800000 0.049968 0.368713 0.161293 0.178683 0.324780 0.376360 0.184848 0.283752
18.000000 0.049760 0.368426 0.161384 0.178732 0.324431 0.376295 0.184656 0.283402
18.200000 0.049973 0.368227 0.161200 0.178628 0.323962 0.376427 0.184668 0.283096
18.400000 0.049990 0.368227 0.161321 0.178544 0.323631 0.376040 0.184654 0.282845
18.600000 0.050011 0.367992 0.161414 0.178390 0.323304 0.376363 0.184494 0.282385
18.800000 0.049933 0.367819 0.161156 0.178458 0.322672 0.376241 0.184526 0.282102
19.000000 0.049942 0.367556 0.161307 0.178517 0.322325 0.376407 0.184621 0.281797
19.200000 0.049925 0.367395 0.161351 0.178092 0.321674 0.376016 0.184418 0.281453
19.400000 0.049934 0.367344 0.161372 0.178301 0.321541 0.376249 0.184199 0.281286
19.600000 0.049928 0.367119 0.161264 0.178100 0.321083 0.376249 0.184212 0.280844
19.800000 0.049945 0.366953 0.161325 0.178190 0.320706 0.376130 0.184026 0.280680
20.000000 0.049946 0.366792 0.161348 0.177983 0.320205 0.376142 0.184090 0.280232
20.200000 0.049949 0.366662 0.161175 0.178143 0.319974 0.376200 0.184271 0.279992
20.400000 0.049848 0.366125 0.161189 0.178106 0.319281 0.376269 0.183977 0.279512
20.600000 0.049847 0.366126 0.161283 0.177975 0.318934 0.376084 0.183979 0.279164
20.800000 0.050041 0.365776 0.161186 0.177789 0.318598 0.375985 0.183728 0.278832
21.000000 0.050046 0.365825 0.161200 0.177816 0.318064 0.376089 0.183749 0.278544
21.200000 0.049758 0.365463 0.161206 0.177863 0.317815 0.375881 0.183793 0.278433
21.400000 0.049884 0.365390 0.161250 0.177663 0.317516 0.376021 0.183745 0.277863
21.600000 0.049750 0.365298 0.161203 0.177757 0.317013 0.376141 0.183635 0.277740
21.800000 0.049757 0.365039 0.161204 0.177704 0.316468 0.376103 0.183615 0.277450
22.000000 0.049884 0.364867 0.161157 0.177556 0.316196 0.375826 0.183537 0.276825
22.200000 0.049753 0.364605 0.161219 0.177508 0.315766 0.375974 0.183469 0.276675
22.400000 0.050038 0.364389 0.161074 0.177434 0.315478 0.376042 0.183427 0.276635
22.600000 0.049881 0.364363 0.161005 0.177603 0.314994 0.375957 0.183365 0.276235
22.800000 0.049886 0.364170 0.161007 0.177394 0.314730 0.375930 0.183294 0.275965
23.000000 0.049872 0.364115 0.161093 0.177346 0.314286 0.375946 0.183234 0.275620
23.200000 0.049852 0.363932 0.161275 0.177330 0.313953 0.375679 0.183169 0.275340
23.400000 0.049837 0.363496 0.161164 0.177297 0.313440 0.375768 0.183256 0.275003
23.600000 0.049872 0.363538 0.161089 0.177214 0.313219 0.375989 0.183058 0.274791
23.800000 0.049860 0.363218 0.161279 0.177223 0.312811 0.375795 0.183041 0.274526
24.000000 0.049881 0.363230 0.161108 0.177172 0.351427 0.375815 0.183105 0.274297
24.200000 0.049853 0.363088 0.161127 0.177106 0.312115 0.375792 0.182801 0.274161
24.400000 0.049874 0.362920 0.160999 0.177223 0.311843 0.375721 0.182864 0.273580
24.600000 0.049866 0.362818 0.161023 0.176986 0.311546 0.375683 0.182652 0.273469
24.800000 0.049855 0.362608 0.161107 0.176746 0.311064 0.375685 0.182750 0.273041
25.000000 0.049844 0.362445 0.161088 0.176964 0.310962 0.375412 0.182730 0.272971
25.200000 0.049850 0.362241 0.161040 0.176892 0.310504 0.375776 0.182789 0.272530
25.400000 0.049821 0.362183 0.161052 0.176829 0.310019 0.375521 0.182405 0.272495
25.600000 0.049855 0.361987 0.161010 0.176748 0.309669 0.375522 0.182613 0.272105
25.800000 0.049691 0.361634 0.161071 0.176649 0.309336 0.375618 0.182447 0.271827
26.000000 0.049835 0.361667 0.161060 0.176674 0.309001 0.375662 0.182490 0.271571
26.200000 0.049847 0.361623 0.161063 0.176687 0.308784 0.375597 0.182224 0.271280
26.400000 0.049855 0.361436 0.161048 0.176641 0.308340 0.375533 0.182229 0.271089
26.600000 0.049831 0.361272 0.161128 0.176715 0.307823 0.375602 0.182232 0.270678
26.800000 0.049816 0.361160 0.161103 0.176437 0.307522 0.375465 0.182189 0.270419
27.000000 0.049756 0.360622 0.160921 0.176477 0.306876 0.375493 0.181917 0.270190
27.200000 0.049815 0.360484 0.160862 0.176251 0.306819 0.375411 0.182021 0.269901
27.400000 0.049790 0.360485 0.160836 0.176254 0.306410 0.375463 0.182019 0.269519
27.600000 0.049806 0.360404 0.161026 0.176286 0.306172 0.375471 0.181960 0.269358
27.800000 0.049811 0.360258 0.161043 0.176211 0.305650 0.375358 0.181788 0.269014
28.000000 0.049820 0.360088 0.160949 0.176330 0.305339 0.375376 0.181767 0.268866
28.200000 0.049786 0.359516 0.160928 0.176122 0.305213 0.375221 0.181811 0.268601
28.400000 0.049794 0.359657 0.160934 0.175957 0.304998 0.375311 0.181631 0.268356
28.600000 0.049803 0.359656 0.160916 0.175974 0.304495 0.375344 0.181739 0.268154
28.800000 0.049780 0.359497 0.161120 0.176058 0.304406 0.375320 0.181834 0.267810
29.000000 0.049750 0.359423 0.161083 0.175999 0.303935 0.375288 0.181634 0.267657
29.200000 0.049770 0.359195 0.161091 0.175948 0.303763 0.375298 0.181431 0.267448
29.400000 0.049763 0.358927 0.160942 0.175992 0.303208 0.375226 0.181525 0.267160
29.600000 0.049738 0.359033 0.160966 0.175800 0.302881 0.375249 0.181479 0.267075
29.800000 0.049786 0.358783 0.160927 0.175882 0.302549 0.375066 0.181402 0.266671
30.000000 0.049785 0.358596 0.160867 0.175661 0.302389 0.375150 0.181354 0.266336
30.200000 0.049756 0.358500 0.160891 0.175812 0.301970 0.375202 0.181156 0.266080
30.400000 0.049894 0.358373 0.160911 0.175781 0.301653 0.375203 0.181329 0.265886
30.600000 0.049779 0.358266 0.160889 0.175690 0.301392 0.375084 0.181223 0.265686
30.800000 0.049824 0.358150 0.160971 0.175668 0.301044 0.375151 0.181143 0.265473
31.000000 0.049941 0.357950 0.160930 0.175490 0.300761 0.374984 0.181059 0.265093
31.200000 0.050103 0.357907 0.160883 0.175489 0.300472 0.375114 0.181021 0.265144
31.400000 0.050313 0.357789 0.160949 0.175518 0.300265 0.374976 0.181023 0.264878
31.600000 0.050563 0.357637 0.160866 0.175405 0.300126 0.374978 0.181009 0.264655
31.800000 0.050883 0.357460 0.160968 0.175370 0.299907 0.375103 0.180852 0.264734
32.000000 0.051126 0.357394 0.160891 0.175332 0.299807 0.374978 0.180827 0.264589
32.200000 0.051609 0.357277 0.160973 0.175349 0.300081 0.375038 0.180899 0.264619
32.400000 0.052019 0.357241 0.160939 0.175365 0.300097 0.375043 0.180888 0.264716
32.600000 0.052449 0.357468 0.160885 0.175534 0.300521 0.375021 0.180935 0.264995
32.800000 0.052828 0.357376 0.160872 0.175614 0.300937 0.375003 0.180933 0.265304
33.000000 0.053113 0.357639 0.160942 0.175715 0.301575 0.374959 0.180868 0.265703
33.200000 0.053597 0.357829 0.160875 0.175760 0.302316 0.374998 0.180731 0.266249
33.400000 0.053941 0.358174 0.161132 0.175892 0.303119 0.375032 0.180885 0.266749
33.600000 0.054254 0.358609 0.160999 0.176025 0.304220 0.375040 0.180964 0.267583
33.800000 0.054526 0.358960 0.161037 0.176200 0.305342 0.375041 0.180843 0.268523
34.000000 0.054814 0.359929 0.160841 0.176241 0.306552 0.374847 0.181034 0.269457
34.200000 0.054980 0.360608 0.161074 0.176633 0.307859 0.374998 0.181025 0.270280
34.400000 0.055229 0.361760 0.161085 0.176661 0.309468 0.374923 0.180972 0.271370
34.600000 0.055526 0.362780 0.161062 0.176924 0.311024 0.375044 0.181274 0.272412
34.800000 0.055609 0.364102 0.161206 0.177382 0.312669 0.375022 0.181202 0.273866
35.000000 0.055732 0.365394 0.161203 0.177423 0.314543 0.375001 0.181265 0.274999
35.200000 0.055898 0.366961 0.161119 0.177886 0.316388 0.375047 0.181122 0.276594
35.400000 0.056027 0.368478 0.161276 0.178022 0.318295 0.374987 0.181352 0.277969
35.600000 0.056100 0.370089 0.161383 0.178236 0.320229 0.375052 0.181348 0.279398
35.800000 0.056168 0.371892 0.161360 0.178614 0.322004 0.375052 0.181507 0.280913
36.000000 0.056164 0.373746 0.161378 0.178841 0.324174 0.375013 0.181472 0.282304
36.200000 0.056369 0.375778 0.161318 0.179265 0.326345 0.374932 0.181632 0.284102
36.400000 0.056601 0.377656 0.161566 0.179517 0.328643 0.375115 0.181726 0.285763
36.600000 0.056529 0.380024 0.161530 0.179864 0.330595 0.375201 0.181754 0.287457
36.800000 0.056591 0.382387 0.161455 0.180094 0.333030 0.375121 0.181789 0.289208
37.000000 0.056761 0.384747 0.161655 0.180479 0.335329 0.375020 0.181919 0.291106
37.200000 0.056696 0.387346 0.161682 0.180712 0.337695 0.375075 0.181859 0.292942
37.400000 0.056739 0.389801 0.161744 0.180969 0.340164 0.374950 0.182111 0.294765
37.600000 0.056796 0.392553 0.161862 0.181339 0.342510 0.375187 0.182099 0.296698
37.800000 0.056824 0.395277 0.161907 0.181848 0.345068 0.375063 0.182198 0.298708
38.000000 0.056860 0.397984 0.161980 0.181984 0.347683 0.375150 0.182273 0.300794
38.200000 0.056885 0.401149 0.161905 0.182213 0.350377 0.375236 0.182371 0.302755
38.400000 0.056917 0.403913 0.162049 0.182499 0.352954 0.375238 0.182440 0.304996
38.600000 0.057060 0.406883 0.162146 0.182923 0.355530 0.375136 0.182548 0.307093
38.800000 0.057048 0.410093 0.162215 0.183386 0.358732 0.375251 0.182725 0.309624
39.000000 0.057020 0.414083 0.162150 0.183612 0.361902 0.375220 0.182682 0.312109
39.200000 0.057037 0.417044 0.162407 0.183923 0.364563 0.375295 0.183061 0.314325
39.400000 0.057025 0.420288 0.162559 0.184231 0.367503 0.375217 0.182809 0.316476
39.600000 0.057122 0.423438 0.162538 0.184503 0.370063 0.375298 0.183142 0.318826
39.800000 0.057175 0.426632 0.162405 0.184740 0.372877 0.375224 0.183024 0.320947
40.000000 0.057122 0.429784 0.162783 0.185227 0.375764 0.375233 0.183123 0.323376
40.200000 0.057150 0.432941 0.162688 0.185311 0.378435 0.375236 0.183117 0.325758
40.400000 0.057186 0.436133 0.162753 0.185522 0.381559 0.375525 0.183317 0.327914
40.600000 0.057148 0.439357 0.162697 0.185941 0.384218 0.375221 0.183558 0.330419
40.800000 0.057194 0.442597 0.162901 0.186201 0.387166 0.375291 0.183546 0.332663
41.000000 0.057209 0.445702 0.162947 0.186312 0.390149 0.375431 0.183643 0.335225
41.200000 0.057245 0.448882 0.163115 0.186735 0.393047 0.375482 0.183684 0.337617
41.400000 0.057221 0.452071 0.163221 0.186995 0.395891 0.375446 0.183790 0.339896
41.600000 0.057276 0.455118 0.163012 0.187182 0.398724 0.375476 0.183916 0.342283
41.800000 0.057313 0.458090 0.163144 0.187520 0.401710 0.375654 0.183772 0.344969
42.000000 0.057251 0.461208 0.163319 0.187740 0.404773 0.375426 0.184030 0.347285
42.200000 0.057317 0.464319 0.163202 0.187747 0.407528 0.375627 0.184156 0.349627
42.400000 0.057342 0.467239 0.163331 0.188150 0.410410 0.375564 0.184304 0.351907
42.600000 0.057318 0.470234 0.163479 0.188499 0.413308 0.375571 0.184374 0.354314
42.800000 0.057331 0.473259 0.163530 0.188702 0.416184 0.375587 0.184355 0.356888
43.000000 0.057351 0.475839 0.163525 0.188962 0.419099 0.375667 0.184528 0.359284
43.200000 0.057322 0.478723 0.163697 0.189460 0.422050 0.375552 0.184600 0.361471
43.400000 0.057222 0.481694 0.163648 0.189482 0.424744 0.375655 0.184692 0.364024
43.600000 0.057368 0.484192 0.163648 0.189776 0.427610 0.375632 0.184796 0.366426
43.800000 0.057347 0.486911 0.163751 0.189946 0.430203 0.375550 0.184810 0.368760
44.000000 0.057269 0.489633 0.163641 0.190182 0.433173 0.375721 0.185075 0.371153
44.200000 0.057437 0.492122 0.163847 0.190411 0.435867 0.375800 0.185105 0.373332
44.400000 0.057452 0.494964 0.163863 0.190534 0.438447 0.375768 0.185196 0.375761
44.600000 0.057440 0.497323 0.164022 0.190796 0.441361 0.375773 0.185260 0.378109
44.800000 0.057441 0.499955 0.163893 0.190923 0.443978 0.375943 0.185387 0.380252
45.000000 0.057428 0.502273 0.163887 0.191192 0.446743 0.375939 0.185482 0.382639
45.200000 0.057480 0.504960 0.164061 0.191507 0.449972 0.375867 0.185642 0.385408
45.400000 0.057456 0.507755 0.164019 0.191690 0.452809 0.375683 0.185660 0.387747
45.600000 0.057477 0.510089 0.164077 0.191906 0.455499 0.375882 0.185843 0.389907
45.800000 0.057326 0.512239 0.164156 0.192220 0.458179 0.376121 0.185900 0.392288
46.000000 0.057496 0.514423 0.164108 0.192377 0.460741 0.375831 0.185983 0.394462
46.200000 0.057482 0.516681 0.164306 0.192474 0.463406 0.375944 0.186104 0.396497
46.400000 0.057510 0.518742 0.164294 0.192578 0.465805 0.375874 0.186064 0.398661
46.600000 0.057490 0.520938 0.164226 0.192865 0.468333 0.375778 0.186255 0.400881
46.800000 0.057503 0.522934 0.164196 0.193136 0.470785 0.375995 0.186377 0.402728
47.000000 0.057487 0.524874 0.164240 0.193272 0.473273 0.376056 0.186593 0.404950
47.200000 0.057568 0.526877 0.164360 0.193428 0.475485 0.376079 0.186679 0.406981
47.400000 0.057529 0.528725 0.164453 0.193487 0.478013 0.376023 0.186711 0.408987
47.600000 0.057676 0.530603 0.164379 0.193932 0.480402 0.376096 0.186734 0.411027
47.800000 0.057567 0.532516 0.164398 0.194032 0.482665 0.376201 0.186856 0.413048
48.000000 0.057667 0.534235 0.164590 0.194142 0.485002 0.376189 0.186792 0.414948
48.200000 0.057488 0.536006 0.164588 0.194290 0.487300 0.376169 0.187034 0.416857
48.400000 0.057551 0.537745 0.164607 0.194358 0.489630 0.376241 0.187115 0.418812
48.600000 0.057607 0.539258 0.164682 0.194699 0.491670 0.376198 0.187346 0.420607
48.800000 0.057541 0.540954 0.164731 0.194790 0.494167 0.376285 0.187311 0.422499
49.000000 0.057594 0.542637 0.164722 0.195156 0.496069 0.376180 0.187393 0.424345
49.200000 0.057563 0.544272 0.164676 0.195179 0.498298 0.376129 0.187462 0.426060
49.400000 0.057606 0.545906 0.164732 0.234226 0.500448 0.376177 0.187549 0.427721
49.600000 0.057609 0.547439 0.164692 0.195528 0.502580 0.376232 0.187736 0.429703
49.800000 0.057622 0.548765 0.164909 0.195627 0.504496 0.376380 0.187728 0.431388
50.000000 0.057601 0.550242 0.164903 0.195771 0.506504 0.376357 0.187874 0.433033
50.200000 0.057752 0.551743 0.164937 0.196013 0.508660 0.376399 0.188104 0.435001
50.400000 0.057580 0.553109 0.164885 0.196202 0.510681 0.376654 0.188041 0.436444
50.600000 0.057614 0.554351 0.165075 0.196249 0.512736 0.376292 0.188151 0.438365
50.800000 0.057620 0.555608 0.165024 0.196412 0.514558 0.376164 0.188345 0.439973
51.000000 0.057619 0.556947 0.165016 0.196540 0.516760 0.376537 0.188421 0.441464
51.200000 0.057629 0.558316 0.165002 0.196648 0.518613 0.376550 0.188504 0.443223
51.400000 0.057783 0.559619 0.165049 0.196919 0.520518 0.376518 0.188586 0.444641
51.600000 0.057648 0.560978 0.164884 0.197155 0.522875 0.376455 0.188649 0.446751
51.800000 0.057634 0.562181 0.165186 0.197297 0.524659 0.376664 0.188895 0.448261
52.000000 0.057654 0.563226 0.165106 0.197527 0.526329 0.376447 0.188717 0.449747
52.200000 0.057669 0.564468 0.165101 0.197482 0.528197 0.376607 0.188989 0.451207
52.400000 0.057638 0.565456 0.165124 0.197725 0.529941 0.376489 0.189021 0.452721
52.600000 0.057669 0.566627 0.165238 0.197858 0.531675 0.376665 0.189289 0.454133
52.800000 0.057667 0.567681 0.165193 0.198054 0.533239 0.376682 0.189189 0.455572
53.000000 0.057670 0.568705 0.165373 0.198316 0.535072 0.376685 0.189279 0.456831
53.200000 0.057818 0.569738 0.165368 0.198305 0.536760 0.376853 0.189436 0.458343
53.400000 0.057662 0.570757 0.165300 0.198456 0.538220 0.376747 0.189416 0.459718
53.600000 0.057807 0.571698 0.165376 0.198624 0.539984 0.376794 0.189619 0.461040
53.800000 0.057631 0.572397 0.165164 0.198604 0.541496 0.376697 0.189798 0.462295
54.000000 0.057544 0.573701 0.165357 0.198879 0.543118 0.376770 0.189791 0.463688
54.200000 0.057693 0.574458 0.165282 0.198824 0.544701 0.376780 0.189891 0.464935
54.400000 0.057705 0.575298 0.165431 0.198965 0.546125 0.376758 0.189860 0.466219
54.600000 0.057698 0.576024 0.165438 0.199162 0.547510 0.376880 0.190089 0.467467
54.800000 0.057741 0.576958 0.165462 0.199357 0.549117 0.376766 0.190161 0.468664
55.000000 0.057824 0.577772 0.165370 0.199538 0.550428 0.376803 0.190232 0.469715
55.200000 0.057729 0.578536 0.165496 0.199634 0.552042 0.377014 0.190346 0.470904
55.400000 0.057735 0.579317 0.165515 0.199744 0.553318 0.376825 0.190290 0.472224
55.600000 0.057731 0.580086 0.165526 0.199908 0.554825 0.377169 0.190521 0.473301
55.800000 0.057600 0.580790 0.165523 0.200093 0.556315 0.377181 0.190607 0.474503
56.000000 0.057725 0.581591 0.165578 0.200149 0.557663 0.377089 0.190681 0.475642
56.200000 0.057710 0.582162 0.165459 0.200279 0.558892 0.377122 0.190808 0.476763
56.400000 0.057744 0.582939 0.165598 0.200481 0.560196 0.377182 0.190684 0.477802
56.600000 0.057728 0.583535 0.165586 0.200653 0.561508 0.377079 0.191001 0.478745
56.800000 0.057733 0.584042 0.165752 0.200529 0.562882 0.377054 0.191147 0.479864
57.000000 0.057778 0.584896 0.165777 0.200676 0.563997 0.377089 0.191174 0.480982
57.200000 0.057674 0.585444 0.165584 0.200775 0.565121 0.376912 0.191176 0.481741
57.400000 0.057743 0.586108 0.165579 0.200816 0.566408 0.377137 0.191279 0.483001
57.600000 0.057781 0.587005 0.165769 0.201206 0.567941 0.377266 0.191489 0.484189
57.800000 0.057760 0.587751 0.165858 0.201311 0.569369 0.377144 0.191540 0.485356
58.000000 0.057759 0.588274 0.165740 0.201523 0.570828 0.377247 0.191594 0.486333
58.200000 0.057772 0.588540 0.165638 0.201554 0.571781 0.377314 0.191708 0.487273
58.400000 0.057801 0.589169 0.165757 0.201694 0.572928 0.377303 0.191826 0.488154
58.600000 0.057761 0.589754 0.165840 0.201940 0.573936 0.377299 0.191846 0.489110
58.800000 0.057775 0.590290 0.165801 0.201725 0.575243 0.377283 0.191958 0.489541
59.000000 0.057750 0.590690 0.165815 0.201790 0.576055 0.377454 0.192032 0.490794
59.200000 0.057760 0.591546 0.165841 0.202099 0.577132 0.377372 0.192109 0.491719
59.400000 0.057871 0.591763 0.165858 0.202068 0.578264 0.377203 0.192231 0.492526
59.600000 0.057738 0.592390 0.165782 0.202465 0.579348 0.377444 0.192403 0.493298
59.800000 0.057790 0.592795 0.165841 0.202441 0.580301 0.377402 0.192329 0.494161
60.000000 0.057776 0.593382 0.165898 0.202619 0.581268 0.377472 0.192546 0.494871
60.200000 0.057782 0.593644 0.165574 0.202555 0.582308 0.377458 0.192449 0.495615
60.400000 0.057772 0.594148 0.165910 0.202717 0.583184 0.377379 0.192565 0.496389
60.600000 0.057783 0.594583 0.165926 0.202921 0.584364 0.377370 0.192704 0.497339
60.800000 0.057812 0.595006 0.165986 0.202794 0.585175 0.377287 0.192755 0.498120
61.000000 0.057806 0.595414 0.165967 0.202962 0.586163 0.377615 0.192738 0.498694
61.200000 0.057808 0.595566 0.165958 0.203531 0.587149 0.377422 0.192955 0.499528
61.400000 0.057792 0.596066 0.166121 0.203332 0.588055 0.377610 0.192887 0.500299
61.600000 0.057775 0.596399 0.165910 0.203449 0.588765 0.377631 0.193090 0.501079
61.800000 0.057789 0.596871 0.165582 0.203508 0.589736 0.377640 0.193256 0.501679
62.000000 0.057788 0.597355 0.166053 0.203583 0.590707 0.377527 0.193257 0.502201
62.200000 0.057822 0.597587 0.166098 0.203643 0.591481 0.377664 0.193526 0.502931
62.400000 0.057815 0.597978 0.166109 0.204000 0.592259 0.377591 0.193613 0.503715
62.600000 0.057777 0.598224 0.166050 0.203770 0.593034 0.377728 0.193557 0.504206
62.800000 0.057691 0.598631 0.166051 0.204209 0.593816 0.377736 0.193490 0.505038
63.000000 0.057958 0.598934 0.166124 0.204095 0.594862 0.377773 0.193638 0.505639
63.200000 0.057960 0.599231 0.166063 0.204067 0.595642 0.377674 0.193903 0.506191
63.400000 0.057680 0.599543 0.166164 0.204226 0.596217 0.377754 0.193793 0.506702
63.600000 0.057690 0.599961 0.166088 0.204390 0.597035 0.377792 0.193893 0.507453
63.800000 0.057867 0.600149 0.166024 0.204689 0.598003 0.377832 0.194076 0.508133
64.000000 0.057832 0.600581 0.166295 0.204629 0.598759 0.377820 0.194126 0.508925
64.200000 0.057958 0.600969 0.166378 0.204710 0.599709 0.377855 0.194156 0.509355
64.400000 0.057852 0.601046 0.166026 0.204693 0.600371 0.377900 0.194241 0.510088
64.600000 0.057818 0.601302 0.166099 0.204773 0.601120 0.377937 0.194328 0.510544
64.800000 0.057979 0.601770 0.166224 0.204983 0.601912 0.377935 0.194415 0.511025
65.000000 0.057887 0.601935 0.166232 0.204973 0.602542 0.377956 0.194449 0.511495
65.200000 0.057877 0.602239 0.166212 0.205135 0.603100 0.378037 0.194698 0.512207
65.400000 0.057843 0.602498 0.166267 0.205333 0.603791 0.378088 0.194488 0.512552
65.600000 0.057684 0.602528 0.166176 0.205376 0.604413 0.378050 0.194610 0.513189
65.800000 0.057894 0.602793 0.166231 0.205469 0.605027 0.378008 0.194829 0.513682
66.000000 0.057870 0.603162 0.166289 0.205667 0.605853 0.377970 0.194871 0.514136
66.200000 0.057883 0.603263 0.166277 0.205784 0.606490 0.378010 0.194924 0.514526
66.400000 0.057852 0.603629 0.166280 0.205609 0.607047 0.378116 0.195054 0.514988
66.600000 0.057870 0.603834 0.166296 0.205703 0.607619 0.378208 0.195025 0.515722
66.800000 0.057849 0.603988 0.166213 0.206034 0.608356 0.378184 0.195138 0.516140
67.000000 0.057983 0.604114 0.165995 0.205963 0.608907 0.378132 0.195286 0.516430
67.200000 0.057923 0.604349 0.166222 0.206098 0.609440 0.378183 0.156251 0.517030
67.400000 0.057711 0.604621 0.166307 0.206234 0.609948 0.378228 0.195328 0.517413
67.600000 0.057850 0.604861 0.166396 0.206255 0.610495 0.378183 0.195478 0.517821
67.800000 0.057892 0.605146 0.166314 0.206363 0.610994 0.378130 0.195527 0.518239
68.000000 0.057708 0.605245 0.166413 0.206497 0.611710 0.378032 0.195602 0.518499
68.200000 0.057905 0.605407 0.166351 0.206570 0.612249 0.378182 0.195672 0.519033
68.400000 0.057879 0.605636 0.166388 0.206643 0.612711 0.378115 0.195724 0.519418
68.600000 0.057874 0.605822 0.166355 0.206614 0.613306 0.378284 0.195650 0.519746
68.800000 0.057889 0.606042 0.166422 0.206824 0.613762 0.378268 0.195865 0.520214
69.000000 0.057896 0.606034 0.166411 0.206791 0.614359 0.378337 0.195940 0.520741
69.200000 0.057898 0.606247 0.166346 0.206901 0.614842 0.378366 0.195865 0.520787
69.400000 0.057856 0.606492 0.166205 0.206936 0.615329 0.378326 0.195979 0.521526
69.600000 0.057877 0.606591 0.166432 0.207138 0.615949 0.378192 0.196083 0.521839
69.800000 0.057862 0.606753 0.166620 0.207229 0.616398 0.378385 0.196164 0.522226
70.000000 0.057877 0.606855 0.166599 0.207344 0.616823 0.378496 0.196365 0.522614
70.200000 0.057846 0.607247 0.166464 0.207282 0.617199 0.378347 0.196325 0.522900
70.400000 0.057937 0.607289 0.166430 0.207467 0.617887 0.378454 0.196422 0.523337
70.600000 0.057895 0.607603 0.166445 0.207428 0.618429 0.378420 0.196503 0.523752
70.800000 0.057770 0.607820 0.166311 0.207528 0.618987 0.378457 0.196559 0.524044
71.000000 0.057887 0.607708 0.166551 0.207616 0.619460 0.378558 0.196622 0.524422
71.200000 0.057927 0.607834 0.166603 0.207836 0.619810 0.378531 0.196719 0.524688
71.400000 0.057854 0.607789 0.166610 0.207837 0.620413 0.378433 0.196761 0.525101
71.600000 0.057875 0.608145 0.166488 0.207955 0.620770 0.378444 0.196766 0.525266
71.800000 0.057896 0.608363 0.166432 0.208041 0.621051 0.378550 0.196861 0.525730
72.000000 0.057890 0.608383 0.166379 0.208138 0.621589 0.378418 0.196968 0.526020
72.200000 0.057746 0.608506 0.166600 0.208259 0.622001 0.378432 0.197029 0.526168
72.400000 0.057879 0.608437 0.166517 0.208413 0.622348 0.378584 0.197110 0.526481
72.600000 0.057879 0.608890 0.166534 0.208371 0.622661 0.378766 0.196993 0.527024
72.800000 0.057921 0.609105 0.166490 0.208489 0.623035 0.378575 0.197193 0.526952
73.000000 0.057894 0.609030 0.166559 0.208690 0.623612 0.378590 0.197176 0.527415
73.200000 0.057886 0.609228 0.166599 0.208629 0.623893 0.378611 0.197323 0.527739
73.400000 0.057913 0.609284 0.166552 0.208679 0.624366 0.378610 0.197359 0.527932
73.600000 0.057887 0.609528 0.166622 0.208842 0.624558 0.378704 0.197520 0.528389
73.800000 0.057914 0.609579 0.166518 0.208795 0.625112 0.378601 0.197489 0.528518
74.000000 0.057928 0.609466 0.166621 0.209032 0.625572 0.378735 0.197476 0.528865
74.200000 0.057927 0.609846 0.166715 0.209035 0.625912 0.378776 0.197627 0.529171
74.400000 0.057912 0.609924 0.166507 0.209129 0.626117 0.378770 0.197628 0.529436
74.600000 0.057936 0.610002 0.166609 0.209188 0.626671 0.378864 0.197791 0.529523
74.800000 0.057760 0.610141 0.166776 0.209199 0.626897 0.378861 0.197790 0.529822
75.000000 0.057939 0.610038 0.166685 0.209344 0.627174 0.378729 0.197762 0.530063
75.200000 0.057892 0.610221 0.166609 0.209365 0.627674 0.378795 0.197923 0.530297
75.400000 0.057898 0.610113 0.166754 0.209500 0.627759 0.378843 0.197974 0.530443
75.600000 0.057940 0.610460 0.166625 0.209485 0.628201 0.378855 0.197958 0.530826
75.800000 0.057831 0.610616 0.166764 0.209706 0.628640 0.378876 0.198119 0.531136
76.000000 0.057919 0.610541 0.166753 0.209780 0.629012 0.378814 0.197924 0.531217
76.200000 0.057908 0.610799 0.166532 0.209705 0.629363 0.378965 0.198224 0.531579
76.400000 0.057930 0.610941 0.166652 0.209545 0.629578 0.378935 0.198278 0.531660
76.600000 0.057901 0.610898 0.166778 0.209823 0.629754 0.378804 0.198351 0.531873
76.800000 0.057926 0.610952 0.166699 0.209955 0.630322 0.378901 0.198504 0.532025
77.000000 0.057926 0.611096 0.166689 0.210011 0.630594 0.378941 0.198509 0.532265
77.200000 0.057924 0.610970 0.166718 0.210054 0.630813 0.378965 0.198615 0.532634
77.400000 0.058057 0.611345 0.166655 0.210236 0.631207 0.379092 0.198629 0.532717
77.600000 0.057937 0.611378 0.166733 0.210134 0.631508 0.379098 0.198631 0.532855
77.800000 0.057949 0.611409 0.166510 0.210157 0.631678 0.378920 0.198721 0.533227
78.000000 0.057912 0.611417 0.166724 0.210374 0.631875 0.379123 0.198970 0.533369
78.200000 0.057926 0.611487 0.166612 0.210317 0.632280 0.378977 0.198968 0.533569
78.400000 0.057899 0.611435 0.166715 0.210475 0.632679 0.379124 0.198951 0.533801
78.600000 0.057892 0.611619 0.166699 0.210520 0.632538 0.379108 0.199015 0.534052
78.800000 0.057939 0.611578 0.166785 0.210702 0.633085 0.379118 0.198829 0.534003
79.000000 0.057946 0.611724 0.166660 0.210673 0.633125 0.379146 0.199084 0.534210
79.200000 0.057940 0.611746 0.166925 0.210595 0.633621 0.379037 0.198999 0.534642
79.400000 0.057948 0.611849 0.166746 0.210704 0.633800 0.379257 0.199193 0.534446
79.600000 0.057936 0.611781 0.166678 0.210959 0.634003 0.379148 0.199276 0.534762
79.800000 0.057935 0.611946 0.166807 0.210982 0.634216 0.379003 0.199320 0.534911
80.000000 0.057939 0.612111 0.166761 0.211008 0.634605 0.379325 0.199298 0.535223
80.200000 0.057876 0.612081 0.166758 0.211173 0.634900 0.379214 0.199430 0.535187
80.400000 0.057941 0.612078 0.166618 0.211118 0.635063 0.379241 0.199335 0.535447
80.600000 0.057977 0.612218 0.166862 0.211167 0.635368 0.379285 0.199327 0.535572
80.800000 0.057703 0.612468 0.166794 0.211250 0.635278 0.379081 0.199473 0.535601
81.000000 0.057947 0.612248 0.166699 0.211468 0.635567 0.379330 0.199555 0.535992
81.200000 0.057917 0.612362 0.166789 0.211284 0.635787 0.379189 0.199650 0.535985
81.400000 0.057926 0.612397 0.166773 0.211337 0.636067 0.379353 0.199676 0.536171
81.600000 0.057926 0.612389 0.166633 0.211346 0.636131 0.379193 0.199724 0.536322
81.800000 0.057959 0.612280 0.166767 0.211400 0.636547 0.379399 0.199785 0.536263
82.000000 0.057982 0.612656 0.166836 0.211467 0.636783 0.379390 0.199766 0.536656
82.200000 0.058127 0.612751 0.166886 0.211821 0.637192 0.379373 0.199947 0.536860
82.400000 0.057940 0.612764 0.166889 0.211744 0.637156 0.379383 0.199816 0.536885
82.600000 0.057943 0.612642 0.166874 0.211701 0.637479 0.379474 0.199890 0.537086
82.800000 0.058082 0.612550 0.166858 0.211854 0.637536 0.379443 0.199987 0.537174
83.000000 0.057946 0.612775 0.166900 0.211897 0.637645 0.379350 0.199932 0.537155
83.200000 0.057914 0.612667 0.166798 0.211810 0.637546 0.379514 0.200193 0.537276
83.400000 0.057973 0.612692 0.166650 0.212026 0.638012 0.379499 0.200097 0.537690
83.600000 0.057951 0.612925 0.166886 0.211978 0.638205 0.379564 0.200334 0.537631
83.800000 0.057939 0.612990 0.166854 0.212133 0.638327 0.379525 0.200259 0.537745
84.000000 0.057963 0.613158 0.166850 0.212221 0.638849 0.379500 0.200440 0.537926
84.200000 0.057841 0.613095 0.166895 0.212280 0.639018 0.379546 0.200399 0.537874
84.400000 0.057965 0.613030 0.166848 0.212213 0.638965 0.379556 0.200395 0.538100
84.600000 0.057882 0.612979 0.166838 0.212516 0.639113 0.379490 0.200430 0.538231
84.800000 0.057964 0.613417 0.166893 0.212507 0.639312 0.379577 0.200457 0.538235
85.000000 0.057954 0.613245 0.167081 0.212427 0.639486 0.379487 0.200643 0.538418
85.200000 0.057955 0.613265 0.167002 0.212432 0.639603 0.379514 0.200592 0.538608
85.400000 0.057834 0.613203 0.166919 0.212551 0.639821 0.379700 0.200586 0.538772
85.600000 0.057967 0.613386 0.167066 0.212556 0.639978 0.379698 0.200536 0.538688
85.800000 0.057944 0.613319 0.166814 0.212784 0.640223 0.379731 0.200678 0.538870
86.000000 0.057939 0.613273 0.166940 0.212901 0.640307 0.379764 0.200708 0.539035
86.200000 0.057976 0.613535 0.166849 0.212741 0.640508 0.379739 0.200778 0.538951
86.400000 0.057962 0.613487 0.166873 0.212867 0.640637 0.379701 0.200874 0.539149
86.600000 0.057948 0.613299 0.166751 0.212860 0.640573 0.379531 0.200839 0.539222
86.800000 0.057971 0.613642 0.166971 0.212864 0.640762 0.379760 0.200942 0.539323
87.000000 0.057845 0.613536 0.167010 0.212954 0.641126 0.379782 0.200832 0.539538
87.200000 0.057965 0.613758 0.167062 0.213127 0.641278 0.379751 0.200985 0.539555
87.400000 0.057975 0.613807 0.166942 0.212861 0.641413 0.379903 0.201061 0.539716
87.600000 0.057987 0.613712 0.167024 0.213256 0.641621 0.379849 0.201070 0.539798
87.800000 0.057970 0.613473 0.167025 0.213283 0.641752 0.379918 0.201105 0.539848
88.000000 0.057945 0.613933 0.167040 0.213362 0.641809 0.379943 0.201135 0.540125
88.200000 0.057971 0.613816 0.166986 0.213393 0.642042 0.380073 0.201233 0.540089
88.400000 0.057825 0.613610 0.166945 0.213370 0.642178 0.380037 0.201116 0.540029
88.600000 0.058037 0.613822 0.167050 0.213571 0.642365 0.379828 0.201286 0.540305
88.800000 0.058001 0.613964 0.167018 0.213566 0.642503 0.379931 0.201315 0.540447
89.000000 0.058062 0.613787 0.167224 0.213632 0.642688 0.379938 0.201352 0.540480
89.200000 0.057969 0.613955 0.167035 0.213704 0.642811 0.380078 0.201564 0.540499
89.400000 0.058123 0.613941 0.166991 0.213668 0.642749 0.379981 0.201296 0.540769
89.600000 0.057966 0.613927 0.166944 0.213721 0.643082 0.380078 0.201507 0.540690
89.800000 0.057836 0.613768 0.167058 0.213901 0.643209 0.380063 0.201496 0.540648
90.000000 0.058119 0.613747 0.166982 0.213919 0.643254 0.380021 0.201538 0.540704
