0.200000 0.266469 0.403683 0.215088 0.221969 0.383818 0.421017 0.234220 0.339198
0.400000 0.266306 0.402885 0.215043 0.221785 0.382691 0.420800 0.234103 0.338324
0.600000 0.266403 0.402912 0.215079 0.221859 0.382473 0.420886 0.233849 0.338119
0.800000 0.266116 0.402304 0.214919 0.221639 0.381788 0.420725 0.233966 0.337812
1.000000 0.266261 0.402322 0.215107 0.221797 0.381321 0.420710 0.233992 0.337443
1.200000 0.266234 0.401823 0.215164 0.221569 0.380936 0.420715 0.234040 0.336924
1.400000 0.266208 0.401816 0.214939 0.221559 0.380354 0.420750 0.233669 0.336667
1.600000 0.266122 0.401716 0.215033 0.221698 0.379991 0.420780 0.233804 0.336307
1.800000 0.266061 0.401437 0.215279 0.221720 0.379569 0.420694 0.233807 0.335860
2.000000 0.266113 0.401203 0.214937 0.221640 0.379111 0.420864 0.233727 0.335692
2.200000 0.266112 0.400971 0.215036 0.221712 0.378577 0.420728 0.233613 0.335539
2.400000 0.266012 0.400543 0.214989 0.221638 0.378126 0.420813 0.233741 0.334933
2.600000 0.266022 0.400482 0.214930 0.221569 0.377745 0.420799 0.233643 0.334613
2.800000 0.265912 0.400091 0.214778 0.221552 0.377125 0.420676 0.233575 0.334077
3.000000 0.266095 0.399812 0.214883 0.221468 0.376630 0.420764 0.233533 0.333701
3.200000 0.265920 0.399666 0.214909 0.221472 0.376183 0.420538 0.233466 0.333459
3.400000 0.265880 0.399458 0.214855 0.221539 0.375683 0.420575 0.233465 0.333211
3.600000 0.265828 0.399018 0.214925 0.221435 0.375393 0.420618 0.233424 0.332883
3.800000 0.265930 0.398944 0.214922 0.221553 0.375053 0.420824 0.233365 0.332329
4.000000 0.265744 0.398629 0.214875 0.221274 0.374565 0.420598 0.233029 0.332059
4.200000 0.265530 0.398410 0.214815 0.221221 0.374139 0.420241 0.233209 0.331841
4.400000 0.265737 0.398395 0.214731 0.221402 0.373573 0.420462 0.233263 0.331458
4.600000 0.265684 0.397955 0.214984 0.221451 0.373176 0.420514 0.233283 0.331265
4.800000 0.265592 0.397722 0.214778 0.221227 0.372672 0.420281 0.233142 0.330802
5.000000 0.265576 0.397515 0.214708 0.221306 0.372294 0.420384 0.233069 0.330493
5.200000 0.265564 0.397385 0.214810 0.221384 0.371721 0.420442 0.233112 0.330188
5.400000 0.265571 0.397098 0.214727 0.221218 0.371315 0.420246 0.233185 0.329845
5.600000 0.265537 0.396905 0.214813 0.221241 0.371010 0.420524 0.232894 0.329554
5.800000 0.265389 0.396746 0.214713 0.221125 0.370665 0.420451 0.232919 0.329177
6.000000 0.265609 0.396482 0.214776 0.221244 0.370237 0.420316 0.233111 0.328921
6.200000 0.265582 0.396304 0.214803 0.221115 0.369729 0.420231 0.233141 0.328528
6.400000 0.265355 0.395981 0.214870 0.221123 0.369267 0.420271 0.233146 0.328107
6.600000 0.265454 0.395761 0.214754 0.221372 0.368664 0.420305 0.232753 0.328062
6.800000 0.265403 0.395559 0.214759 0.221172 0.368212 0.420258 0.232865 0.327453
7.000000 0.265241 0.395415 0.214841 0.221277 0.368184 0.420342 0.232735 0.327206
7.200000 0.265358 0.395159 0.214915 0.220981 0.367460 0.420259 0.232697 0.327055
7.400000 0.265313 0.394958 0.214990 0.221138 0.367183 0.420293 0.232841 0.326685
7.600000 0.265318 0.394642 0.214961 0.221316 0.366707 0.420256 0.232807 0.326344
7.800000 0.265299 0.394441 0.214840 0.221161 0.366262 0.420502 0.232797 0.325928
8.000000 0.265315 0.394433 0.214708 0.220959 0.366001 0.420125 0.232649 0.325661
8.200000 0.265111 0.394112 0.214990 0.221146 0.365652 0.420257 0.232396 0.325345
8.400000 0.265279 0.393921 0.214569 0.221017 0.365067 0.420268 0.232744 0.325062
8.600000 0.265220 0.393947 0.214993 0.221182 0.364850 0.420333 0.232795 0.324899
8.800000 0.265226 0.393539 0.214952 0.221238 0.364426 0.420349 0.232568 0.324590
9.000000 0.265068 0.393444 0.214762 0.221236 0.364189 0.420252 0.232552 0.324311
9.200000 0.265184 0.393256 0.214897 0.221136 0.363745 0.420128 0.232586 0.324075
9.400000 0.265172 0.392979 0.214930 0.221034 0.363333 0.420297 0.232617 0.323910
9.600000 0.265157 0.392459 0.214865 0.221139 0.362952 0.420156 0.232599 0.323530
9.800000 0.265068 0.392691 0.214751 0.220981 0.362595 0.420107 0.232406 0.323309
10.000000 0.265116 0.392574 0.214699 0.221012 0.362199 0.420194 0.232458 0.322729
10.200000 0.265019 0.392237 0.214625 0.220896 0.361778 0.419872 0.232248 0.322434
10.400000 0.264934 0.391980 0.214589 0.220836 0.361292 0.419880 0.232093 0.322088
10.600000 0.264803 0.391409 0.214642 0.220656 0.360842 0.419862 0.232219 0.321665
10.800000 0.264878 0.391409 0.214538 0.220760 0.360291 0.419825 0.232117 0.321552
11.000000 0.264937 0.391155 0.214437 0.220719 0.360125 0.419857 0.231953 0.321326
11.200000 0.264796 0.391016 0.214674 0.220687 0.359622 0.419828 0.232077 0.320933
11.400000 0.264707 0.390877 0.214492 0.220633 0.359283 0.419689 0.231920 0.320734
11.600000 0.264720 0.390731 0.214631 0.220642 0.359008 0.419710 0.232036 0.320404
11.800000 0.264722 0.390544 0.214351 0.220660 0.358614 0.419735 0.232061 0.320041
12.000000 0.264658 0.390393 0.214517 0.220556 0.358375 0.419757 0.231878 0.319675
12.200000 0.264638 0.390255 0.214676 0.220490 0.358115 0.419714 0.231839 0.319634
12.400000 0.264680 0.389836 0.214405 0.220606 0.357631 0.419869 0.231761 0.319328
12.600000 0.264684 0.389716 0.214608 0.220749 0.357334 0.419813 0.231916 0.319150
12.800000 0.264630 0.389590 0.214500 0.220509 0.356785 0.419710 0.231943 0.318715
13.000000 0.264621 0.389465 0.214446 0.220627 0.356349 0.419505 0.231810 0.318309
13.200000 0.264881 0.389334 0.214655 0.220518 0.356134 0.419638 0.231844 0.318427
13.400000 0.264635 0.389211 0.214604 0.220711 0.355896 0.419704 0.231687 0.318055
13.600000 0.264438 0.389251 0.214579 0.220516 0.355572 0.419816 0.231682 0.317784
13.800000 0.264544 0.388819 0.214546 0.220604 0.355217 0.419637 0.231779 0.317681
14.000000 0.264542 0.388697 0.214579 0.220758 0.354912 0.419737 0.231895 0.317275
14.200000 0.264526 0.388538 0.214546 0.220526 0.354533 0.419485 0.231658 0.316947
14.400000 0.264524 0.388415 0.214563 0.220501 0.354227 0.419580 0.231740 0.316812
14.600000 0.264536 0.388359 0.214689 0.220593 0.353968 0.419738 0.231484 0.316546
14.800000 0.264471 0.388118 0.214290 0.220642 0.353847 0.419735 0.231718 0.316422
15.000000 0.264475 0.387938 0.214667 0.220620 0.353280 0.419657 0.231626 0.316194
15.200000 0.264363 0.387770 0.214628 0.220605 0.352954 0.419564 0.231553 0.315936
15.400000 0.264558 0.387744 0.214751 0.220696 0.352802 0.419663 0.231707 0.315833
15.600000 0.264522 0.387648 0.214697 0.220692 0.352485 0.419855 0.231676 0.315601
15.800000 0.264519 0.387538 0.214472 0.220776 0.352273 0.419651 0.231769 0.315338
16.000000 0.264077 0.387259 0.214562 0.220630 0.351777 0.419520 0.231606 0.315051
16.200000 0.264412 0.387163 0.214670 0.220622 0.351636 0.419465 0.231552 0.314895
16.400000 0.264415 0.386978 0.214460 0.220597 0.351331 0.419531 0.231503 0.314615
16.600000 0.264390 0.386689 0.214413 0.220494 0.351091 0.419313 0.231603 0.314384
16.800000 0.264329 0.386561 0.214670 0.220581 0.350676 0.419574 0.231433 0.314028
17.000000 0.264331 0.386524 0.214803 0.220577 0.350361 0.419558 0.231494 0.313944
17.200000 0.264325 0.386412 0.214642 0.220606 0.350065 0.419533 0.231422 0.313769
17.400000 0.264133 0.386078 0.214658 0.220535 0.349765 0.419460 0.231417 0.313503
17.600000 0.264245 0.386000 0.214591 0.220513 0.349522 0.419406 0.231390 0.313198
17.800000 0.264257 0.385896 0.214669 0.220593 0.349163 0.419435 0.231421 0.313095
18.000000 0.264227 0.385853 0.214641 0.220530 0.348824 0.419521 0.231159 0.312828
18.200000 0.264004 0.385646 0.214577 0.220389 0.348456 0.419351 0.231272 0.312651
18.400000 0.264261 0.385446 0.214602 0.220299 0.348275 0.419431 0.231397 0.312427
18.600000 0.264019 0.385193 0.214569 0.220405 0.348042 0.419364 0.231210 0.312145
18.800000 0.264182 0.385202 0.214431 0.220559 0.347895 0.419229 0.231033 0.311999
19.000000 0.264202 0.385089 0.214741 0.220535 0.347563 0.419583 0.231235 0.311616
19.200000 0.264163 0.384950 0.214660 0.220439 0.347000 0.419211 0.231215 0.311477
19.400000 0.264013 0.384948 0.214677 0.220357 0.346921 0.419544 0.231202 0.311327
19.600000 0.264097 0.384572 0.214624 0.220431 0.346580 0.419371 0.231194 0.311085
19.800000 0.264098 0.384387 0.214589 0.220346 0.346325 0.419177 0.231144 0.310695
20.000000 0.264103 0.384434 0.214688 0.220400 0.345973 0.419349 0.231209 0.310656
20.200000 0.264066 0.384275 0.214543 0.220398 0.345693 0.419179 0.231077 0.310219
20.400000 0.264152 0.384119 0.214663 0.220403 0.345427 0.419161 0.231079 0.310094
20.600000 0.264044 0.383981 0.214650 0.220369 0.345168 0.419196 0.231055 0.309778
20.800000 0.264016 0.383935 0.214614 0.220412 0.344767 0.419171 0.231044 0.309820
21.000000 0.264005 0.383627 0.214629 0.220187 0.344503 0.419167 0.230945 0.309448
21.200000 0.263827 0.383529 0.214605 0.220401 0.344321 0.419230 0.230937 0.309370
21.400000 0.263993 0.383319 0.214583 0.220209 0.343966 0.419164 0.230962 0.309190
21.600000 0.263966 0.383440 0.214686 0.220434 0.343921 0.419176 0.230883 0.308906
21.800000 0.263901 0.383299 0.214679 0.220382 0.343462 0.419296 0.230719 0.308754
22.000000 0.263948 0.383040 0.214640 0.220350 0.343174 0.419253 0.230742 0.308635
22.200000 0.263615 0.382961 0.214578 0.220190 0.342904 0.419130 0.230734 0.308372
22.400000 0.263885 0.382895 0.214279 0.220315 0.342734 0.419061 0.230831 0.308161
22.600000 0.263945 0.382746 0.214668 0.220327 0.342499 0.419059 0.230837 0.307996
22.800000 0.263894 0.382687 0.214687 0.220332 0.342143 0.419211 0.230830 0.307814
23.000000 0.263909 0.382518 0.214562 0.220355 0.341872 0.419263 0.230789 0.307550
23.200000 0.263871 0.382323 0.214645 0.220474 0.341750 0.419192 0.230816 0.307434
23.400000 0.263719 0.382279 0.214664 0.220265 0.341204 0.419270 0.230758 0.307258
23.600000 0.263839 0.382121 0.214654 0.220426 0.341322 0.419215 0.230765 0.307087
23.800000 0.263749 0.381900 0.214601 0.220336 0.341013 0.419151 0.230706 0.306879
24.000000 0.263801 0.381919 0.214648 0.220260 0.340667 0.419139 0.230603 0.306665
24.200000 0.263760 0.381669 0.214586 0.220481 0.340506 0.419281 0.230738 0.306649
24.400000 0.263786 0.381762 0.214642 0.220314 0.340259 0.418857 0.230651 0.306131
24.600000 0.263802 0.381597 0.214828 0.220385 0.339999 0.419102 0.230562 0.306208
24.800000 0.263801 0.381346 0.214714 0.220147 0.339791 0.419132 0.230595 0.305896
25.000000 0.263779 0.381286 0.214831 0.220175 0.339385 0.419124 0.230625 0.305764
25.200000 0.263769 0.381303 0.214678 0.220317 0.339415 0.419132 0.230536 0.305589
25.400000 0.263746 0.381151 0.214745 0.220283 0.339021 0.419117 0.230601 0.305367
25.600000 0.263735 0.380938 0.214688 0.220331 0.338723 0.419035 0.230419 0.305046
25.800000 0.263684 0.380825 0.214719 0.220399 0.338547 0.419096 0.230582 0.304998
26.000000 0.263698 0.380665 0.214721 0.220077 0.338255 0.419030 0.230408 0.304841
26.200000 0.263687 0.380527 0.214658 0.220289 0.337984 0.419090 0.230535 0.304685
26.400000 0.263664 0.380346 0.214564 0.220215 0.337738 0.419065 0.230541 0.304527
26.600000 0.263637 0.380473 0.214697 0.220422 0.337527 0.418978 0.230531 0.304233
26.800000 0.263582 0.380379 0.214727 0.220295 0.337241 0.418894 0.230553 0.303963
27.000000 0.263614 0.379992 0.214552 0.220462 0.337046 0.418981 0.230228 0.303938
27.200000 0.263628 0.379860 0.214838 0.220224 0.336651 0.418838 0.230385 0.303764
27.400000 0.263598 0.379730 0.214663 0.220327 0.336719 0.418854 0.230449 0.303566
27.600000 0.263598 0.379644 0.214741 0.220260 0.336193 0.418907 0.230379 0.303407
27.800000 0.263601 0.379691 0.214838 0.220131 0.336100 0.418895 0.230352 0.303063
28.000000 0.263586 0.379286 0.214672 0.220290 0.335815 0.418936 0.229970 0.303047
28.200000 0.263449 0.379388 0.214624 0.220076 0.335410 0.418718 0.230261 0.302841
28.400000 0.263439 0.379422 0.214560 0.220231 0.335251 0.418797 0.230356 0.302714
28.600000 0.263567 0.379191 0.214559 0.220266 0.335119 0.418898 0.230311 0.302529
28.800000 0.263404 0.379040 0.214686 0.220323 0.334784 0.418719 0.230272 0.302337
29.000000 0.263510 0.379156 0.214819 0.220194 0.334724 0.418864 0.230241 0.302180
29.200000 0.263369 0.378857 0.214798 0.220193 0.334529 0.418983 0.230262 0.302002
29.400000 0.263368 0.378807 0.214694 0.220214 0.334323 0.418944 0.230331 0.301905
29.600000 0.263458 0.378759 0.214773 0.220199 0.333895 0.418744 0.230119 0.301521
29.800000 0.263519 0.378667 0.214727 0.220268 0.333807 0.418725 0.230187 0.301592
30.000000 0.263513 0.378535 0.214628 0.220336 0.333260 0.418707 0.230199 0.301310
30.200000 0.263487 0.378498 0.214689 0.220268 0.333419 0.418832 0.230045 0.301186
30.400000 0.263495 0.378206 0.214759 0.220292 0.333136 0.418804 0.230213 0.300912
30.600000 0.263486 0.378209 0.214726 0.220174 0.332930 0.418806 0.230143 0.300885
30.800000 0.263554 0.378030 0.214722 0.220249 0.332689 0.418758 0.230131 0.300745
31.000000 0.263854 0.378001 0.214798 0.220262 0.332342 0.418794 0.230141 0.300533
31.200000 0.264720 0.377860 0.214840 0.220212 0.332335 0.418710 0.230128 0.300368
31.400000 0.265493 0.377716 0.214717 0.220244 0.332079 0.418705 0.230202 0.300258
31.600000 0.266723 0.377533 0.214761 0.220114 0.331832 0.418783 0.230240 0.300101
31.800000 0.267933 0.377455 0.214723 0.220310 0.331640 0.418725 0.230102 0.299901
32.000000 0.269322 0.377447 0.214800 0.220276 0.331487 0.418774 0.230092 0.299816
32.200000 0.270647 0.377400 0.214716 0.220045 0.331323 0.418573 0.230065 0.299532
32.400000 0.272428 0.377299 0.214838 0.220373 0.331118 0.418591 0.229816 0.299730
32.600000 0.273899 0.377059 0.214734 0.220261 0.331228 0.418580 0.229960 0.299637
32.800000 0.275725 0.377295 0.214800 0.220265 0.331214 0.418654 0.230072 0.299383
33.000000 0.277346 0.377132 0.214830 0.220298 0.331234 0.418674 0.229972 0.299495
33.200000 0.279052 0.377083 0.214840 0.220185 0.331370 0.418627 0.230045 0.299664
33.400000 0.280277 0.377281 0.214912 0.220196 0.331550 0.418805 0.230082 0.299781
33.600000 0.281971 0.377303 0.214978 0.220293 0.331580 0.418792 0.230042 0.299827
33.800000 0.283247 0.377343 0.214983 0.220201 0.332019 0.418753 0.230082 0.300090
34.000000 0.284511 0.377467 0.214740 0.220189 0.332024 0.418713 0.230057 0.300088
34.200000 0.285633 0.377569 0.214987 0.220572 0.332372 0.418803 0.229999 0.300301
34.400000 0.286832 0.377795 0.214720 0.220630 0.332760 0.418702 0.230070 0.300354
34.600000 0.287719 0.377828 0.214921 0.220565 0.332986 0.418840 0.230067 0.300830
34.800000 0.288102 0.377687 0.214623 0.220382 0.333087 0.418637 0.229998 0.300958
35.000000 0.289366 0.378267 0.214893 0.220788 0.333719 0.418621 0.229860 0.301224
35.200000 0.290372 0.378760 0.214911 0.220625 0.334213 0.418555 0.229831 0.301423
35.400000 0.290908 0.379044 0.214903 0.220780 0.334705 0.418642 0.230029 0.301885
35.600000 0.291311 0.379201 0.214894 0.220673 0.335071 0.418682 0.230075 0.302171
35.800000 0.292005 0.379775 0.214952 0.220650 0.335676 0.418578 0.230085 0.302721
36.000000 0.292451 0.380106 0.214906 0.220739 0.336040 0.418594 0.230040 0.303034
36.200000 0.292907 0.380434 0.214849 0.220883 0.336559 0.418689 0.230042 0.303067
36.400000 0.293361 0.380861 0.214970 0.220897 0.337112 0.418788 0.229989 0.303615
36.600000 0.293594 0.381442 0.214866 0.220655 0.337534 0.418634 0.229847 0.303995
36.800000 0.293976 0.381889 0.214945 0.221037 0.338137 0.418681 0.230063 0.304373
37.000000 0.294619 0.382240 0.214866 0.221008 0.338920 0.418623 0.230018 0.304786
37.200000 0.294735 0.382978 0.214729 0.221030 0.339546 0.418648 0.230072 0.305294
37.400000 0.295007 0.383334 0.214680 0.220968 0.340177 0.418673 0.230054 0.305722
37.600000 0.295393 0.384088 0.215061 0.221111 0.340905 0.418671 0.230162 0.306375
37.800000 0.295569 0.385110 0.215129 0.221309 0.341948 0.418600 0.230190 0.307003
38.000000 0.295998 0.385708 0.214926 0.221446 0.342550 0.418580 0.230174 0.307754
38.200000 0.295938 0.386334 0.215006 0.221490 0.343251 0.418609 0.230112 0.307988
38.400000 0.296342 0.387004 0.214998 0.221475 0.344191 0.418693 0.230327 0.308536
38.600000 0.296551 0.387683 0.215004 0.221529 0.344893 0.418817 0.230187 0.309114
38.800000 0.296693 0.388319 0.215338 0.221548 0.345588 0.418711 0.230113 0.309644
39.000000 0.296870 0.389158 0.214764 0.221683 0.346243 0.418735 0.230396 0.310189
39.200000 0.297009 0.389806 0.214939 0.221693 0.347180 0.418814 0.230312 0.310836
39.400000 0.297181 0.390563 0.215014 0.221742 0.348199 0.418672 0.230336 0.311315
39.600000 0.297314 0.391378 0.215133 0.221801 0.348693 0.418703 0.230268 0.311960
39.800000 0.297446 0.392058 0.215219 0.221666 0.349575 0.418780 0.230395 0.312371
40.000000 0.297436 0.392982 0.215005 0.221983 0.350359 0.418847 0.230302 0.313135
40.200000 0.297675 0.393675 0.215219 0.221974 0.351293 0.418978 0.230556 0.313599
40.400000 0.297783 0.394734 0.215187 0.222010 0.351985 0.419152 0.230302 0.314202
40.600000 0.297738 0.395262 0.215184 0.221916 0.353027 0.418811 0.230479 0.314971
40.800000 0.297969 0.396123 0.215182 0.222147 0.353923 0.418897 0.230514 0.315580
41.000000 0.298076 0.397047 0.215204 0.222185 0.354751 0.418946 0.230703 0.316166
41.200000 0.298114 0.397814 0.215251 0.222268 0.355641 0.418932 0.230590 0.316827
41.400000 0.298247 0.398732 0.215248 0.222145 0.356548 0.418778 0.230572 0.317524
41.600000 0.298216 0.399489 0.215066 0.222060 0.357131 0.418849 0.230523 0.318139
41.800000 0.298502 0.400667 0.215238 0.222206 0.358567 0.418944 0.230654 0.318878
42.000000 0.298402 0.401176 0.215208 0.222420 0.359223 0.418760 0.230685 0.319396
42.200000 0.298334 0.402236 0.215298 0.222382 0.360163 0.418854 0.230691 0.320040
42.400000 0.298547 0.403284 0.215153 0.222361 0.361089 0.419148 0.230660 0.320839
42.600000 0.298746 0.404127 0.215283 0.222433 0.362119 0.419001 0.230799 0.321467
42.800000 0.298653 0.405046 0.215348 0.222537 0.363002 0.418943 0.230737 0.322182
43.000000 0.298506 0.406154 0.215282 0.222600 0.363929 0.419065 0.230837 0.322990
43.200000 0.298793 0.406935 0.215309 0.222503 0.364953 0.419068 0.230852 0.323584
43.400000 0.298830 0.407759 0.215195 0.222670 0.365740 0.419102 0.230784 0.324208
43.600000 0.298918 0.408748 0.215233 0.222713 0.366761 0.419094 0.230725 0.324864
43.800000 0.298999 0.409433 0.215211 0.222762 0.367773 0.419080 0.230886 0.325686
44.000000 0.299047 0.410685 0.215415 0.222915 0.368918 0.419021 0.231045 0.326427
44.200000 0.299127 0.412112 0.215401 0.222641 0.370295 0.419077 0.231088 0.327362
44.400000 0.299126 0.413099 0.215398 0.222887 0.371177 0.419052 0.230866 0.328112
44.600000 0.299161 0.413910 0.215477 0.222988 0.372157 0.419052 0.231130 0.328844
44.800000 0.299211 0.414714 0.215309 0.222806 0.373199 0.419119 0.231051 0.329446
45.000000 0.299162 0.415661 0.215325 0.222828 0.373996 0.419041 0.231084 0.330347
45.200000 0.299312 0.416824 0.215393 0.223041 0.374929 0.419284 0.230978 0.331094
45.400000 0.299345 0.417794 0.215586 0.223049 0.376316 0.419047 0.231316 0.331625
45.600000 0.299332 0.418742 0.215578 0.222939 0.377129 0.419174 0.231293 0.332584
45.800000 0.299526 0.419738 0.215390 0.222963 0.378199 0.419036 0.231248 0.333132
46.000000 0.299253 0.420505 0.215555 0.223028 0.379152 0.419254 0.231222 0.333989
46.200000 0.299385 0.421318 0.215302 0.223153 0.380055 0.419234 0.231209 0.334758
46.400000 0.299469 0.422503 0.215306 0.223123 0.381039 0.419288 0.231187 0.335528
46.600000 0.299498 0.423318 0.215473 0.223095 0.382050 0.419073 0.231436 0.336162
46.800000 0.299551 0.424377 0.215324 0.223109 0.382885 0.419178 0.231237 0.336897
47.000000 0.299563 0.425412 0.215428 0.223209 0.384199 0.419141 0.231090 0.337639
47.200000 0.299686 0.426207 0.215303 0.223172 0.384982 0.419290 0.231437 0.338390
47.400000 0.299637 0.427043 0.215430 0.223005 0.386150 0.419251 0.231388 0.339102
47.600000 0.299641 0.427889 0.215349 0.223163 0.386892 0.419302 0.231351 0.339695
47.800000 0.299483 0.428888 0.215604 0.223339 0.387918 0.419220 0.231460 0.340544
48.000000 0.299817 0.429814 0.215309 0.223361 0.388835 0.419198 0.231571 0.341313
48.200000 0.299602 0.430662 0.215556 0.223538 0.390054 0.419391 0.231527 0.342004
48.400000 0.299834 0.431479 0.215459 0.223384 0.390790 0.419278 0.231329 0.342671
48.600000 0.299769 0.432433 0.215501 0.223383 0.392056 0.419422 0.231605 0.343466
48.800000 0.299838 0.433502 0.215581 0.223415 0.392924 0.419204 0.231599 0.344237
49.000000 0.299827 0.434233 0.215536 0.223463 0.393913 0.419337 0.231578 0.344980
49.200000 0.299786 0.435014 0.215322 0.223603 0.394924 0.419223 0.231677 0.345641
49.400000 0.299830 0.435813 0.215493 0.223488 0.395778 0.419341 0.231643 0.346358
49.600000 0.299807 0.436615 0.215585 0.223509 0.396881 0.419360 0.231546 0.347109
49.800000 0.299912 0.437724 0.215520 0.223443 0.397717 0.419325 0.231770 0.347855
50.000000 0.299717 0.438237 0.215577 0.223510 0.398837 0.419356 0.231721 0.348561
50.200000 0.299921 0.439280 0.215480 0.223398 0.399649 0.419501 0.231931 0.349029
50.400000 0.299957 0.440199 0.215582 0.223644 0.400894 0.419415 0.231859 0.350217
50.600000 0.299966 0.441204 0.215508 0.223418 0.402125 0.419545 0.231677 0.351022
50.800000 0.300002 0.442054 0.215490 0.223769 0.403004 0.419353 0.231882 0.351801
51.000000 0.299841 0.443065 0.215601 0.223599 0.404039 0.419466 0.231901 0.352498
51.200000 0.300047 0.443742 0.215567 0.223553 0.404952 0.419545 0.232047 0.353228
51.400000 0.300029 0.444490 0.215549 0.223466 0.405906 0.419569 0.231966 0.353946
51.600000 0.300052 0.445247 0.215523 0.223632 0.406888 0.419503 0.232001 0.354599
51.800000 0.300060 0.446134 0.215716 0.223677 0.407909 0.419523 0.231963 0.355423
52.000000 0.300105 0.446826 0.215493 0.223574 0.408816 0.419607 0.231946 0.356289
52.200000 0.299990 0.447643 0.215396 0.223770 0.409794 0.419574 0.231981 0.356818
52.400000 0.299998 0.448539 0.215641 0.223814 0.410465 0.419493 0.232185 0.357605
52.600000 0.300174 0.449188 0.215740 0.223904 0.411547 0.419486 0.232331 0.358191
52.800000 0.300193 0.449914 0.215668 0.223992 0.412603 0.419667 0.232235 0.358977
53.000000 0.300161 0.450615 0.215658 0.223911 0.413556 0.419706 0.232258 0.359681
53.200000 0.300205 0.451428 0.215696 0.223892 0.414522 0.419572 0.232327 0.360535
53.400000 0.300214 0.452250 0.215628 0.223881 0.415424 0.419833 0.232332 0.361130
53.600000 0.300221 0.452849 0.215474 0.223938 0.416292 0.419764 0.232466 0.361789
53.800000 0.300218 0.453242 0.215676 0.223908 0.417045 0.419793 0.232274 0.362334
54.000000 0.300309 0.454236 0.215720 0.223979 0.417994 0.419790 0.232523 0.363151
54.200000 0.300146 0.454974 0.215690 0.223995 0.418904 0.419716 0.232421 0.363780
54.400000 0.300347 0.455546 0.215825 0.223928 0.419868 0.419900 0.232654 0.364229
54.600000 0.300380 0.456102 0.215890 0.223902 0.420771 0.419769 0.232403 0.365156
54.800000 0.300332 0.456883 0.215706 0.224056 0.421673 0.419884 0.232597 0.365920
55.000000 0.300518 0.457488 0.215709 0.224032 0.422624 0.420042 0.232580 0.366411
55.200000 0.300381 0.458072 0.215849 0.224104 0.423378 0.419879 0.232677 0.366985
55.400000 0.300365 0.458715 0.215632 0.224057 0.424073 0.419921 0.232627 0.367798
55.600000 0.300327 0.459488 0.215710 0.224014 0.425106 0.419928 0.232574 0.368431
55.800000 0.300421 0.460156 0.215688 0.224031 0.425922 0.419964 0.232830 0.369081
56.000000 0.300353 0.460514 0.215663 0.223907 0.426747 0.419786 0.232711 0.369596
56.200000 0.300149 0.461336 0.215563 0.224047 0.427426 0.420030 0.232751 0.370359
56.400000 0.300335 0.461870 0.215906 0.224045 0.428386 0.419777 0.232851 0.371019
56.600000 0.300297 0.462484 0.215727 0.224181 0.429239 0.419937 0.232818 0.371742
56.800000 0.300356 0.463006 0.215662 0.224118 0.430072 0.419935 0.232805 0.372461
57.000000 0.300337 0.463860 0.215659 0.223847 0.431205 0.419811 0.232555 0.372986
57.200000 0.300400 0.464181 0.215725 0.224036 0.431724 0.420002 0.232956 0.373830
57.400000 0.300439 0.464884 0.215654 0.224061 0.432626 0.420001 0.232869 0.374215
57.600000 0.300379 0.465283 0.215693 0.224013 0.433416 0.420045 0.232784 0.374814
57.800000 0.300385 0.465694 0.215721 0.224077 0.434211 0.419965 0.232961 0.375508
58.000000 0.300394 0.466396 0.215672 0.224170 0.435028 0.420151 0.232930 0.376043
58.200000 0.300476 0.466833 0.215610 0.224002 0.435696 0.419940 0.233043 0.376733
58.400000 0.300399 0.467243 0.215273 0.224138 0.436384 0.420063 0.232953 0.377066
58.600000 0.300547 0.468084 0.215759 0.224172 0.437342 0.420108 0.233072 0.377864
58.800000 0.300475 0.468487 0.215906 0.224282 0.438029 0.420095 0.233267 0.378460
59.000000 0.300480 0.468909 0.215885 0.224232 0.438806 0.420123 0.233215 0.379110
59.200000 0.300537 0.469396 0.215713 0.224265 0.439639 0.420188 0.233235 0.379500
59.400000 0.300545 0.469931 0.215667 0.224280 0.440295 0.420194 0.233172 0.380157
59.600000 0.300573 0.470423 0.215772 0.224401 0.441073 0.420260 0.233290 0.380811
59.800000 0.300594 0.470837 0.215775 0.224349 0.441755 0.420283 0.233451 0.381326
60.000000 0.300736 0.471434 0.215777 0.224454 0.442354 0.420261 0.233397 0.381802
60.200000 0.300453 0.471745 0.215812 0.224361 0.443124 0.420293 0.233376 0.382409
60.400000 0.300615 0.472543 0.215852 0.224430 0.443726 0.420402 0.233309 0.383065
60.600000 0.300657 0.472722 0.215850 0.224280 0.444721 0.420331 0.233504 0.383471
60.800000 0.300668 0.473226 0.215840 0.224359 0.445324 0.420281 0.233379 0.384163
61.000000 0.300481 0.473579 0.215865 0.224395 0.445998 0.420303 0.233490 0.384814
61.200000 0.300450 0.473991 0.215721 0.224325 0.446706 0.420309 0.233486 0.385209
61.400000 0.300604 0.474419 0.215794 0.224600 0.447524 0.420274 0.233731 0.385804
61.600000 0.300463 0.474848 0.215628 0.224415 0.448064 0.420263 0.233580 0.386096
61.800000 0.300587 0.475251 0.215626 0.224426 0.448498 0.420144 0.233558 0.386756
62.000000 0.300338 0.475366 0.215705 0.224268 0.449086 0.420358 0.233602 0.387004
62.200000 0.300432 0.476066 0.215566 0.224060 0.449950 0.420203 0.233310 0.387535
62.400000 0.300534 0.476502 0.215730 0.224172 0.450875 0.420126 0.233743 0.388504
62.600000 0.300649 0.477063 0.215623 0.224226 0.451716 0.420504 0.233671 0.389210
62.800000 0.300729 0.477715 0.215834 0.224364 0.452436 0.420424 0.233653 0.389605
63.000000 0.300646 0.478036 0.215672 0.224391 0.453048 0.420482 0.233725 0.390242
63.200000 0.300675 0.478267 0.215898 0.224432 0.453673 0.420426 0.233774 0.390757
63.400000 0.300712 0.478686 0.215618 0.224470 0.454460 0.420524 0.233796 0.391264
63.600000 0.300701 0.478789 0.215796 0.224579 0.455133 0.420399 0.233862 0.391904
63.800000 0.300553 0.479380 0.215568 0.224208 0.455585 0.420539 0.233871 0.392321
64.000000 0.300231 0.479772 0.215665 0.224649 0.455974 0.420617 0.233896 0.392659
64.200000 0.300515 0.479986 0.215516 0.224651 0.456815 0.420228 0.233728 0.393021
64.400000 0.300715 0.480363 0.215796 0.224556 0.457513 0.420572 0.234007 0.393740
64.600000 0.300555 0.480861 0.215344 0.224756 0.458213 0.420736 0.233828 0.394099
64.800000 0.300499 0.481100 0.215808 0.224209 0.458747 0.420075 0.233957 0.394593
65.000000 0.300601 0.481427 0.215784 0.224486 0.459377 0.420673 0.234073 0.394853
65.200000 0.300724 0.481739 0.215852 0.224153 0.459613 0.420793 0.234191 0.395383
65.400000 0.300475 0.481859 0.215770 0.224507 0.460653 0.420085 0.233884 0.395564
65.600000 0.300499 0.482338 0.215483 0.224341 0.461105 0.420622 0.234109 0.396531
65.800000 0.300899 0.482577 0.215521 0.224354 0.461395 0.420666 0.234078 0.396968
66.000000 0.300477 0.482995 0.215884 0.224403 0.461713 0.420554 0.234278 0.396885
66.200000 0.300881 0.483351 0.216016 0.224336 0.462451 0.420280 0.234242 0.397456
66.400000 0.300750 0.483657 0.215825 0.224168 0.462869 0.420395 0.234012 0.398126
66.600000 0.300621 0.483754 0.215812 0.224507 0.463703 0.420649 0.234262 0.398604
66.800000 0.300614 0.484167 0.215781 0.224132 0.464001 0.420281 0.234227 0.398700
67.000000 0.300749 0.484387 0.215736 0.224643 0.464670 0.420228 0.234049 0.399344
67.200000 0.300781 0.484707 0.215842 0.224758 0.465248 0.420707 0.234525 0.399629
67.400000 0.300457 0.484864 0.215856 0.224379 0.465738 0.420743 0.234266 0.400097
67.600000 0.300719 0.485336 0.215896 0.224684 0.466313 0.420787 0.234298 0.400612
67.800000 0.300881 0.485396 0.215847 0.224676 0.466904 0.420770 0.234428 0.400876
68.000000 0.300885 0.485745 0.215887 0.224707 0.467347 0.420787 0.234448 0.401308
68.200000 0.300611 0.486014 0.215867 0.224728 0.467956 0.420806 0.234552 0.401894
68.400000 0.300779 0.486192 0.215858 0.224655 0.468230 0.420820 0.234587 0.402221
68.600000 0.300884 0.486577 0.215740 0.224749 0.468865 0.420820 0.234591 0.402598
68.800000 0.300865 0.486683 0.215910 0.224904 0.469340 0.420793 0.234578 0.402913
69.000000 0.300797 0.487087 0.215874 0.224838 0.470099 0.420722 0.234683 0.403482
69.200000 0.300821 0.487460 0.215792 0.224846 0.470516 0.420944 0.234760 0.403887
69.400000 0.300821 0.487601 0.216032 0.224856 0.470941 0.420839 0.234745 0.404274
69.600000 0.300893 0.487760 0.215833 0.224847 0.471327 0.420967 0.234828 0.404618
69.800000 0.300866 0.488002 0.215953 0.224870 0.471678 0.421117 0.234852 0.404908
70.000000 0.300759 0.488327 0.215815 0.225001 0.472390 0.420882 0.234916 0.405357
70.200000 0.300763 0.488547 0.216049 0.224767 0.472667 0.421009 0.234919 0.405724
70.400000 0.300764 0.488766 0.216037 0.224785 0.473133 0.421026 0.234987 0.406036
70.600000 0.300760 0.489007 0.216047 0.224886 0.473604 0.421229 0.235041 0.406401
70.800000 0.300778 0.489098 0.215984 0.224994 0.474033 0.421038 0.235054 0.406658
71.000000 0.300983 0.489428 0.216075 0.225037 0.474510 0.421064 0.235272 0.407107
71.200000 0.300975 0.489763 0.215923 0.224988 0.474814 0.420998 0.235055 0.407341
71.400000 0.300924 0.489886 0.215926 0.225016 0.475453 0.421265 0.235142 0.407803
71.600000 0.300937 0.489723 0.216104 0.224957 0.475578 0.421203 0.235141 0.408138
71.800000 0.300948 0.490163 0.216013 0.225032 0.476139 0.421223 0.235173 0.408429
72.000000 0.300988 0.490412 0.216079 0.225197 0.476487 0.421428 0.235269 0.408673
72.200000 0.300964 0.490708 0.216047 0.224939 0.476856 0.421154 0.235285 0.409075
72.400000 0.300941 0.490782 0.215967 0.225143 0.477207 0.421291 0.235387 0.409489
72.600000 0.300927 0.490806 0.215916 0.225053 0.477637 0.421261 0.235326 0.409635
72.800000 0.300958 0.491324 0.216210 0.225144 0.478058 0.421268 0.235350 0.409965
73.000000 0.300998 0.491346 0.216033 0.224981 0.478483 0.421261 0.235352 0.409921
73.200000 0.300946 0.491350 0.215920 0.224919 0.478686 0.421436 0.235392 0.410461
73.400000 0.300792 0.491514 0.216054 0.225120 0.479235 0.421340 0.235387 0.410869
73.600000 0.300968 0.491669 0.215983 0.225101 0.479735 0.421418 0.235456 0.411155
73.800000 0.300985 0.492036 0.216106 0.224931 0.479776 0.421328 0.235565 0.411496
74.000000 0.301009 0.491837 0.216075 0.224947 0.480325 0.421312 0.235500 0.411767
74.200000 0.301010 0.492314 0.216185 0.225115 0.480626 0.421355 0.235674 0.412092
74.400000 0.300987 0.492289 0.216176 0.225163 0.481039 0.421358 0.235713 0.412379
74.600000 0.301015 0.492696 0.216119 0.225309 0.481383 0.421389 0.235734 0.412469
74.800000 0.300962 0.492950 0.216203 0.225073 0.481827 0.421572 0.235733 0.413029
75.000000 0.301002 0.492935 0.215821 0.225167 0.482224 0.421413 0.235743 0.413277
75.200000 0.301043 0.493042 0.216195 0.225191 0.482562 0.421351 0.235729 0.413421
75.400000 0.301033 0.493245 0.216121 0.225333 0.482798 0.421482 0.235900 0.413769
75.600000 0.301042 0.493477 0.216119 0.225340 0.483150 0.421465 0.235791 0.414041
75.800000 0.300942 0.493591 0.216246 0.225216 0.483541 0.421559 0.235931 0.414328
76.000000 0.301073 0.493752 0.216167 0.225360 0.483899 0.421448 0.235850 0.414676
76.200000 0.301031 0.494040 0.216178 0.225359 0.484027 0.421215 0.235763 0.414950
76.400000 0.300911 0.493969 0.216157 0.225194 0.484510 0.421678 0.235751 0.415113
76.600000 0.301194 0.494383 0.216128 0.225232 0.484707 0.421591 0.235960 0.415376
76.800000 0.301198 0.494346 0.216124 0.225286 0.485196 0.421560 0.235856 0.415519
77.000000 0.301166 0.494596 0.216263 0.225411 0.485517 0.421821 0.236133 0.415967
77.200000 0.301147 0.494643 0.216232 0.225261 0.485737 0.421864 0.236133 0.416227
77.400000 0.301139 0.494703 0.215974 0.225506 0.485998 0.421656 0.236141 0.416199
77.600000 0.301113 0.494983 0.216099 0.225320 0.486411 0.421630 0.236107 0.416614
77.800000 0.300947 0.494946 0.215940 0.225334 0.486475 0.421660 0.236023 0.416619
78.000000 0.300994 0.494871 0.215914 0.225170 0.486648 0.421581 0.235807 0.416859
78.200000 0.300912 0.495110 0.216017 0.225191 0.486921 0.421550 0.235776 0.417136
78.400000 0.301053 0.495350 0.215998 0.225192 0.487403 0.421743 0.236043 0.417230
78.600000 0.300907 0.495206 0.216023 0.225194 0.487734 0.421556 0.235916 0.417365
78.800000 0.300983 0.495313 0.215809 0.225093 0.487864 0.421520 0.236009 0.417723
79.000000 0.301050 0.495516 0.216170 0.225050 0.488158 0.421583 0.235912 0.417965
79.200000 0.300929 0.495739 0.215937 0.225148 0.488550 0.421560 0.236052 0.418193
79.400000 0.301024 0.495669 0.215967 0.225185 0.488704 0.421459 0.235934 0.418395
79.600000 0.300965 0.495945 0.215960 0.225184 0.489022 0.421581 0.236142 0.418639
79.800000 0.300962 0.496032 0.215977 0.225207 0.489274 0.421644 0.236092 0.418799
80.000000 0.301001 0.496134 0.215971 0.225208 0.489555 0.421687 0.236194 0.419127
80.200000 0.301021 0.496318 0.215955 0.225195 0.489663 0.421551 0.236179 0.419284
80.400000 0.301002 0.496280 0.216050 0.225074 0.490004 0.421658 0.236343 0.419351
80.600000 0.301025 0.496290 0.216105 0.225117 0.490369 0.421694 0.236267 0.419501
80.800000 0.300998 0.496558 0.216020 0.225264 0.490498 0.421860 0.236291 0.419864
81.000000 0.300907 0.496655 0.215835 0.225154 0.490882 0.421720 0.236264 0.420126
81.200000 0.300995 0.496812 0.216047 0.225263 0.490905 0.421787 0.236198 0.420364
81.400000 0.301026 0.496940 0.216204 0.225251 0.491430 0.421814 0.236422 0.420469
81.600000 0.301062 0.496880 0.216106 0.225316 0.491740 0.421782 0.236445 0.420569
81.800000 0.300925 0.497040 0.216194 0.225372 0.491716 0.421884 0.236572 0.420916
82.000000 0.301204 0.496968 0.215923 0.225230 0.491927 0.421833 0.236453 0.421099
82.200000 0.301062 0.497271 0.216069 0.225335 0.492172 0.421919 0.236540 0.421263
82.400000 0.300928 0.497348 0.216080 0.225249 0.492394 0.421776 0.236564 0.421336
82.600000 0.301160 0.497364 0.215879 0.225276 0.492081 0.421642 0.236590 0.421496
82.800000 0.300919 0.497664 0.216190 0.225226 0.492731 0.421954 0.236623 0.421622
83.000000 0.301032 0.497521 0.216162 0.225479 0.493046 0.421925 0.236648 0.421802
83.200000 0.301194 0.497484 0.216165 0.225510 0.493105 0.421799 0.236753 0.421937
83.400000 0.301046 0.497732 0.216097 0.225372 0.493388 0.421962 0.236629 0.422171
83.600000 0.300995 0.497647 0.216181 0.225371 0.493581 0.421988 0.236643 0.422174
83.800000 0.301061 0.497971 0.216088 0.225497 0.493775 0.421796 0.236805 0.422382
84.000000 0.301061 0.498038 0.216147 0.225402 0.493942 0.421806 0.236607 0.422646
84.200000 0.301021 0.497915 0.216132 0.225271 0.494103 0.421866 0.236758 0.422556
84.400000 0.301048 0.497918 0.215778 0.225112 0.494118 0.421862 0.236656 0.422769
84.600000 0.300995 0.497974 0.215809 0.225102 0.494425 0.421796 0.236717 0.422877
84.800000 0.300956 0.498073 0.215995 0.225230 0.494689 0.421708 0.236643 0.423119
85.000000 0.300993 0.498165 0.215914 0.225077 0.494826 0.422004 0.236546 0.423259
85.200000 0.300967 0.498015 0.215859 0.225178 0.494851 0.421826 0.236802 0.423170
85.400000 0.300905 0.498275 0.215768 0.225198 0.495010 0.421860 0.236582 0.423508
85.600000 0.300988 0.498200 0.215784 0.225213 0.495157 0.421694 0.236708 0.423726
85.800000 0.301023 0.498395 0.215929 0.225094 0.495302 0.421927 0.236787 0.423852
86.000000 0.301038 0.498502 0.215931 0.225190 0.495525 0.421879 0.236788 0.423908
86.200000 0.301006 0.498520 0.215935 0.225253 0.495846 0.421839 0.236750 0.424173
86.400000 0.300822 0.498650 0.215777 0.225253 0.495917 0.421820 0.236964 0.424306
86.600000 0.300825 0.498688 0.216008 0.225304 0.496087 0.421938 0.236799 0.424458
86.800000 0.300957 0.498895 0.215989 0.225291 0.496222 0.421778 0.236849 0.424396
87.000000 0.300996 0.498845 0.215939 0.225249 0.496543 0.421770 0.236861 0.424794
87.200000 0.300948 0.498923 0.215917 0.225260 0.496938 0.421960 0.236922 0.424927
87.400000 0.301022 0.498951 0.216013 0.225295 0.496930 0.422022 0.236889 0.424981
87.600000 0.301030 0.499109 0.215997 0.225312 0.497171 0.421993 0.237103 0.425150
87.800000 0.300999 0.499094 0.215783 0.225223 0.497205 0.421796 0.236875 0.425158
88.000000 0.300925 0.499335 0.215998 0.225344 0.497297 0.422123 0.236833 0.425377
88.200000 0.301033 0.499367 0.216023 0.225384 0.497652 0.422083 0.237081 0.425531
88.400000 0.301052 0.499257 0.215938 0.225517 0.497609 0.422090 0.237274 0.425620
88.600000 0.300993 0.499371 0.215998 0.225409 0.498021 0.422157 0.237070 0.425751
88.800000 0.301045 0.499447 0.215870 0.225398 0.498304 0.422185 0.237191 0.425938
89.000000 0.300948 0.499293 0.216128 0.225447 0.498287 0.422078 0.236970 0.426059
89.200000 0.300933 0.499460 0.215912 0.225422 0.498365 0.422273 0.237233 0.426027
89.400000 0.300912 0.499669 0.216159 0.225467 0.498512 0.422243 0.237330 0.426214
89.600000 0.301061 0.499622 0.216206 0.225675 0.498809 0.422078 0.237376 0.426371
89.800000 0.300909 0.499860 0.215914 0.225508 0.498912 0.422414 0.237265 0.426593
90.000000 0.301074 0.499750 0.216008 0.225584 0.499057 0.422291 0.237326 0.426660
