0.200000 0.053751 0.384136 0.162950 0.178989 0.362671 0.408112 0.187259 0.309342
0.400000 0.053541 0.383313 0.162730 0.178681 0.361461 0.407870 0.187206 0.308509
0.600000 0.053535 0.383137 0.162599 0.178559 0.360316 0.407919 0.186957 0.307893
0.800000 0.053704 0.382802 0.162736 0.178624 0.359802 0.407960 0.186994 0.307252
1.000000 0.053414 0.382490 0.162625 0.178679 0.359203 0.408064 0.187030 0.306644
1.200000 0.053523 0.382226 0.162669 0.178521 0.358482 0.407727 0.186889 0.306093
1.400000 0.053366 0.381653 0.162793 0.178627 0.357700 0.407817 0.186955 0.305718
1.600000 0.053452 0.381333 0.162780 0.178522 0.357154 0.407805 0.186624 0.305042
1.800000 0.053406 0.381156 0.162546 0.178365 0.356476 0.407628 0.186691 0.304633
2.000000 0.053589 0.380815 0.162640 0.178370 0.355705 0.407685 0.186520 0.304150
2.200000 0.053511 0.380315 0.162616 0.178164 0.355141 0.407656 0.186721 0.303721
2.400000 0.053521 0.380139 0.162604 0.178103 0.354358 0.407487 0.186525 0.303144
2.600000 0.053523 0.379898 0.162656 0.178037 0.353726 0.407661 0.186452 0.302597
2.800000 0.053485 0.379444 0.162571 0.177929 0.353099 0.407428 0.186356 0.301955
3.000000 0.053512 0.379302 0.162395 0.178096 0.352606 0.407415 0.186266 0.301573
3.200000 0.053511 0.378907 0.162392 0.177969 0.351790 0.407618 0.186293 0.301139
3.400000 0.053412 0.378614 0.162536 0.177849 0.351241 0.407276 0.186133 0.300611
3.600000 0.053486 0.378304 0.162376 0.177809 0.350439 0.407345 0.185941 0.300081
3.800000 0.053464 0.377976 0.162361 0.177644 0.349829 0.407375 0.185890 0.299588
4.000000 0.053444 0.377914 0.162606 0.177639 0.349152 0.407286 0.185925 0.299105
4.200000 0.053470 0.377495 0.162655 0.177659 0.348459 0.407407 0.185853 0.298716
4.400000 0.053483 0.377076 0.162500 0.177618 0.347910 0.407177 0.185848 0.298241
4.600000 0.053461 0.376788 0.162395 0.177591 0.347271 0.407246 0.185787 0.297691
4.800000 0.053453 0.376501 0.162355 0.177491 0.346664 0.407175 0.185637 0.297366
5.000000 0.053452 0.376280 0.162433 0.177407 0.345942 0.407038 0.185572 0.296699
5.200000 0.053421 0.375922 0.162423 0.177445 0.345361 0.407070 0.185521 0.296054
5.400000 0.053456 0.375525 0.162380 0.177326 0.344760 0.406984 0.185446 0.295724
5.600000 0.053438 0.375282 0.162219 0.177374 0.344129 0.407063 0.185354 0.295184
5.800000 0.053415 0.375125 0.162445 0.177262 0.343608 0.407015 0.185148 0.294802
6.000000 0.053462 0.374896 0.162505 0.177242 0.342914 0.406807 0.185382 0.294350
6.200000 0.053269 0.374571 0.162123 0.177103 0.342290 0.406809 0.185160 0.293922
6.400000 0.053484 0.374148 0.162522 0.177210 0.341787 0.406863 0.185370 0.293372
6.600000 0.053430 0.373787 0.162348 0.177118 0.340842 0.406802 0.185036 0.292789
6.800000 0.053276 0.373766 0.162218 0.177090 0.340379 0.406661 0.184968 0.292490
7.000000 0.053375 0.373096 0.162293 0.176789 0.339695 0.406754 0.184824 0.291753
7.200000 0.053403 0.373087 0.162166 0.176901 0.338995 0.406753 0.184835 0.291327
7.400000 0.053263 0.372649 0.162242 0.176875 0.338572 0.406613 0.184631 0.291021
7.600000 0.053399 0.372504 0.162103 0.176828 0.337836 0.406538 0.184724 0.290571
7.800000 0.053402 0.372244 0.162253 0.176705 0.337446 0.406698 0.184625 0.290019
8.000000 0.053372 0.372005 0.162153 0.176806 0.336660 0.406563 0.184569 0.289693
8.200000 0.053248 0.371552 0.162240 0.176557 0.336241 0.406635 0.184534 0.289242
8.400000 0.053372 0.371259 0.162227 0.176634 0.335587 0.406367 0.184577 0.288906
8.600000 0.053322 0.371158 0.162319 0.176433 0.335068 0.406424 0.184461 0.288413
8.800000 0.053391 0.370964 0.162243 0.176620 0.334587 0.406345 0.184262 0.287893
9.000000 0.053372 0.370714 0.161955 0.176413 0.333985 0.406385 0.184296 0.287590
9.200000 0.053366 0.370433 0.162275 0.176263 0.333411 0.406203 0.184233 0.287068
9.400000 0.053378 0.370173 0.162209 0.176410 0.332817 0.406416 0.184233 0.286871
9.600000 0.053358 0.369946 0.162338 0.176202 0.332353 0.406331 0.184051 0.286402
9.800000 0.053325 0.369577 0.162149 0.176288 0.331998 0.406295 0.184004 0.286055
10.000000 0.053368 0.369561 0.162099 0.176139 0.331310 0.406156 0.183911 0.285619
10.200000 0.053352 0.369206 0.162098 0.176333 0.330800 0.406117 0.183864 0.285272
10.400000 0.053335 0.368901 0.162173 0.176113 0.330090 0.405977 0.183724 0.284831
10.600000 0.053349 0.368740 0.162106 0.176060 0.329739 0.405963 0.183782 0.284282
10.800000 0.053332 0.368590 0.162485 0.176029 0.329147 0.405940 0.183701 0.284016
11.000000 0.053345 0.368274 0.162147 0.175998 0.328736 0.406119 0.183709 0.283752
11.200000 0.053322 0.368006 0.162160 0.175826 0.328243 0.405758 0.183595 0.283333
11.400000 0.053188 0.367745 0.162138 0.175958 0.327706 0.405753 0.183460 0.282800
11.600000 0.053323 0.367530 0.162004 0.175859 0.327033 0.405837 0.183523 0.282566
11.800000 0.053315 0.367334 0.162061 0.175915 0.326633 0.405955 0.183299 0.282048
12.000000 0.053289 0.366981 0.161873 0.175629 0.325948 0.405777 0.183368 0.281646
12.200000 0.053287 0.366800 0.162072 0.175652 0.325671 0.405802 0.183311 0.281361
12.400000 0.053324 0.366613 0.162095 0.175712 0.325295 0.405695 0.183219 0.280857
12.600000 0.053286 0.366252 0.161989 0.175667 0.324683 0.405591 0.183192 0.280591
12.800000 0.053332 0.366087 0.162135 0.175573 0.324191 0.405595 0.183097 0.280151
13.000000 0.053295 0.365970 0.161961 0.175393 0.323770 0.405608 0.183032 0.279967
13.200000 0.053344 0.365847 0.161958 0.175759 0.323288 0.405623 0.182980 0.279666
13.400000 0.053305 0.365486 0.161945 0.175529 0.322979 0.405572 0.182802 0.279159
13.600000 0.053280 0.365443 0.162015 0.175457 0.322201 0.405455 0.182935 0.278730
13.800000 0.053294 0.365024 0.161945 0.175347 0.321975 0.405512 0.182822 0.278614
14.000000 0.053111 0.364888 0.161966 0.175450 0.321362 0.405369 0.182673 0.278075
14.200000 0.053284 0.364929 0.161935 0.175394 0.321126 0.405574 0.182772 0.277821
14.400000 0.053282 0.364636 0.161819 0.175186 0.320352 0.405276 0.182617 0.277491
14.600000 0.053255 0.364257 0.161914 0.175285 0.320148 0.405229 0.182596 0.277213
14.800000 0.053291 0.364168 0.161757 0.175297 0.319808 0.405158 0.182551 0.276876
15.000000 0.053313 0.363952 0.162045 0.175181 0.319215 0.405250 0.182601 0.276526
15.200000 0.053245 0.363676 0.161763 0.175126 0.318990 0.405235 0.182487 0.276223
15.400000 0.053107 0.363581 0.161942 0.175155 0.318529 0.405234 0.182360 0.275965
15.600000 0.053328 0.363404 0.161921 0.174949 0.318025 0.405150 0.182342 0.275630
15.800000 0.053102 0.363196 0.161819 0.174884 0.317647 0.405245 0.182314 0.275140
16.000000 0.053403 0.363086 0.161885 0.175169 0.317107 0.405102 0.182278 0.274935
16.200000 0.053227 0.362824 0.161858 0.174920 0.316828 0.405043 0.182342 0.274783
16.400000 0.053241 0.362567 0.161756 0.174890 0.316324 0.404985 0.182105 0.274217
16.600000 0.053199 0.362282 0.161756 0.174493 0.315949 0.404922 0.182025 0.274008
16.800000 0.053391 0.362338 0.161847 0.174854 0.315626 0.405030 0.182164 0.273776
17.000000 0.053204 0.361963 0.161644 0.174700 0.314947 0.404953 0.182036 0.273310
17.200000 0.053228 0.361933 0.161790 0.174577 0.314657 0.404906 0.181874 0.273105
17.400000 0.053167 0.361740 0.161750 0.174861 0.314444 0.404926 0.181879 0.272796
17.600000 0.053248 0.361571 0.161688 0.174699 0.313961 0.404768 0.181664 0.272361
17.800000 0.053230 0.361475 0.161690 0.174635 0.313490 0.404782 0.181792 0.272208
18.000000 0.053198 0.361288 0.161753 0.174635 0.312855 0.404764 0.181724 0.272055
18.200000 0.053217 0.361146 0.161739 0.174543 0.312676 0.404777 0.181683 0.271500
18.400000 0.053201 0.360699 0.161850 0.174544 0.312170 0.404488 0.181541 0.271159
18.600000 0.053185 0.360568 0.161731 0.174411 0.311928 0.404625 0.181447 0.271055
18.800000 0.053223 0.360548 0.161805 0.174351 0.311610 0.404531 0.181531 0.270675
19.000000 0.053185 0.360180 0.161859 0.174482 0.311034 0.404551 0.181403 0.270292
19.200000 0.053155 0.360057 0.161842 0.174285 0.310743 0.404462 0.181277 0.269969
19.400000 0.053135 0.359921 0.161607 0.174335 0.310249 0.404375 0.181382 0.269826
19.600000 0.053164 0.359547 0.161591 0.174283 0.309994 0.404396 0.181212 0.269595
19.800000 0.053176 0.359363 0.161647 0.174223 0.309690 0.404423 0.181147 0.269287
20.000000 0.053132 0.359513 0.161737 0.174112 0.309149 0.404369 0.181152 0.268945
20.200000 0.053186 0.359318 0.161650 0.174137 0.308688 0.404450 0.181155 0.268574
20.400000 0.052972 0.358902 0.161598 0.173993 0.308337 0.404127 0.180985 0.268105
20.600000 0.053207 0.358945 0.161732 0.174159 0.307964 0.404296 0.181070 0.268088
20.800000 0.053173 0.358792 0.161676 0.174082 0.307677 0.404187 0.180984 0.267792
21.000000 0.053167 0.358578 0.161646 0.174088 0.307398 0.404202 0.180910 0.267584
21.200000 0.053173 0.358477 0.161639 0.173977 0.306979 0.404096 0.180847 0.267211
21.400000 0.053191 0.358099 0.161659 0.174044 0.306617 0.404102 0.180935 0.266984
21.600000 0.053182 0.358064 0.161670 0.174093 0.306147 0.403948 0.180724 0.266582
21.800000 0.053245 0.358046 0.161533 0.173941 0.306008 0.403952 0.180666 0.266463
22.000000 0.053179 0.357729 0.161858 0.173826 0.305555 0.404037 0.180709 0.266156
22.200000 0.053177 0.357523 0.161703 0.173882 0.305240 0.403928 0.180712 0.265892
22.400000 0.053139 0.357367 0.161532 0.173674 0.304975 0.403916 0.180569 0.265793
22.600000 0.053151 0.357314 0.161507 0.173833 0.304495 0.403983 0.180640 0.265495
22.800000 0.053169 0.357057 0.161443 0.173774 0.304298 0.403798 0.180414 0.265126
23.000000 0.053137 0.356911 0.161644 0.173746 0.303669 0.403824 0.180293 0.264890
23.200000 0.053185 0.356828 0.161485 0.173650 0.303437 0.403808 0.180361 0.264598
23.400000 0.053106 0.356600 0.161566 0.173612 0.303087 0.404048 0.180358 0.264312
23.600000 0.053146 0.356466 0.161559 0.173616 0.302767 0.403819 0.180306 0.264106
23.800000 0.053241 0.356154 0.161538 0.173531 0.302278 0.403518 0.180101 0.263834
24.000000 0.053154 0.356206 0.161511 0.173555 0.302237 0.403754 0.180111 0.263578
24.200000 0.053152 0.356013 0.161467 0.173507 0.301697 0.403625 0.180150 0.263280
24.400000 0.053146 0.355886 0.161547 0.173452 0.301364 0.403703 0.180110 0.262954
24.600000 0.053115 0.355751 0.161560 0.173531 0.300922 0.403454 0.180092 0.263040
24.800000 0.053132 0.355259 0.161501 0.173360 0.300613 0.403505 0.180020 0.262572
25.000000 0.053123 0.355341 0.161511 0.173377 0.300445 0.403523 0.179945 0.262261
25.200000 0.053160 0.355172 0.161571 0.173423 0.299902 0.403354 0.179995 0.262128
25.400000 0.053164 0.355120 0.161485 0.173488 0.299804 0.403408 0.179808 0.261825
25.600000 0.053139 0.355034 0.161456 0.173265 0.299370 0.403584 0.179694 0.261322
25.800000 0.053133 0.354614 0.161487 0.173244 0.298980 0.403263 0.179753 0.261259
26.000000 0.053132 0.354636 0.161541 0.173234 0.298761 0.403335 0.179714 0.261050
26.200000 0.052965 0.354428 0.161412 0.173306 0.298172 0.403414 0.179656 0.260728
26.400000 0.053136 0.354021 0.161329 0.173296 0.298033 0.403230 0.179642 0.260381
26.600000 0.053090 0.354307 0.161501 0.173101 0.297791 0.403213 0.179468 0.260442
26.800000 0.052956 0.354065 0.161461 0.173131 0.297363 0.403138 0.179573 0.260072
27.000000 0.053084 0.353927 0.161493 0.173041 0.296853 0.403053 0.179442 0.259734
27.200000 0.052957 0.353708 0.161418 0.173066 0.296747 0.403281 0.179396 0.259375
27.400000 0.053090 0.353555 0.161477 0.173066 0.296401 0.402920 0.179318 0.259275
27.600000 0.052798 0.353146 0.161164 0.172739 0.295892 0.402792 0.179276 0.258890
27.800000 0.052922 0.353174 0.161159 0.172718 0.295549 0.402796 0.179065 0.258620
28.000000 0.052819 0.352894 0.161010 0.172743 0.295196 0.402954 0.179231 0.258356
28.200000 0.053076 0.353044 0.161361 0.172885 0.294952 0.402885 0.179237 0.258284
28.400000 0.053095 0.352773 0.161316 0.172939 0.294724 0.402814 0.179021 0.257902
28.600000 0.053036 0.352745 0.161394 0.173034 0.294479 0.402907 0.178995 0.257839
28.800000 0.053037 0.352545 0.161354 0.172869 0.294324 0.402765 0.179105 0.257675
29.000000 0.053082 0.352370 0.161340 0.172758 0.293930 0.402795 0.178872 0.257439
29.200000 0.053067 0.352184 0.161354 0.172589 0.293568 0.402535 0.179028 0.257129
29.400000 0.053052 0.352045 0.161289 0.172607 0.293236 0.402727 0.178890 0.256907
29.600000 0.052955 0.351824 0.161231 0.172606 0.292841 0.402528 0.178852 0.256721
29.800000 0.053074 0.352016 0.161363 0.172671 0.292700 0.402540 0.178852 0.256299
30.000000 0.053068 0.351825 0.161182 0.172691 0.292298 0.402575 0.178824 0.256258
30.200000 0.053052 0.351525 0.161144 0.172467 0.292158 0.402575 0.178658 0.255979
30.400000 0.053051 0.312609 0.161423 0.172685 0.291618 0.402398 0.178763 0.255821
30.600000 0.053092 0.351269 0.161298 0.172557 0.291343 0.402420 0.178642 0.255468
30.800000 0.053120 0.350934 0.161340 0.172508 0.291197 0.402396 0.178658 0.255410
31.000000 0.053186 0.351008 0.161281 0.172467 0.290691 0.402288 0.178778 0.255192
31.200000 0.053295 0.351101 0.161259 0.172520 0.290624 0.402246 0.178748 0.254959
31.400000 0.053531 0.350921 0.161293 0.172355 0.290235 0.402234 0.178601 0.254715
31.600000 0.053767 0.350781 0.161333 0.172469 0.290044 0.402249 0.178480 0.254392
31.800000 0.054032 0.350588 0.161170 0.172272 0.289745 0.402309 0.178469 0.254454
32.000000 0.054314 0.350400 0.161437 0.172495 0.289850 0.402081 0.178493 0.254355
32.200000 0.054635 0.350394 0.161291 0.172569 0.289828 0.402204 0.178440 0.254360
32.400000 0.054997 0.350459 0.161309 0.172296 0.289832 0.402131 0.178294 0.254333
32.600000 0.055182 0.350351 0.161307 0.172238 0.290037 0.402213 0.178426 0.254455
32.800000 0.055659 0.350354 0.161290 0.172655 0.290241 0.402169 0.178520 0.254676
33.000000 0.055854 0.350479 0.161322 0.172606 0.290775 0.401955 0.178397 0.254741
33.200000 0.056155 0.350645 0.161307 0.172868 0.291042 0.401934 0.178399 0.255275
33.400000 0.056601 0.350449 0.161290 0.172669 0.291729 0.401979 0.178409 0.255736
33.600000 0.056896 0.351232 0.161372 0.172997 0.292500 0.402017 0.178511 0.256092
33.800000 0.057125 0.351631 0.161566 0.172885 0.293387 0.402079 0.178458 0.256669
34.000000 0.057412 0.351886 0.161386 0.172981 0.294080 0.402007 0.178401 0.257113
34.200000 0.057625 0.352722 0.161474 0.173349 0.295088 0.402026 0.178435 0.258054
34.400000 0.057792 0.353246 0.161416 0.173358 0.296162 0.402000 0.178505 0.258716
34.600000 0.057855 0.354068 0.161483 0.173512 0.297388 0.401781 0.178556 0.259429
34.800000 0.058119 0.354878 0.161488 0.173811 0.298587 0.401992 0.178503 0.260354
35.000000 0.058259 0.355876 0.161476 0.174099 0.300081 0.402070 0.178539 0.261360
35.200000 0.058435 0.356864 0.161453 0.174117 0.301454 0.401992 0.178465 0.262412
35.400000 0.058534 0.358105 0.161549 0.174553 0.302829 0.402042 0.178659 0.263411
35.600000 0.058672 0.359182 0.161480 0.174781 0.304008 0.402008 0.178823 0.264565
35.800000 0.058740 0.360346 0.161619 0.174864 0.305907 0.402096 0.178706 0.265548
36.000000 0.058857 0.361908 0.161569 0.175069 0.307201 0.401963 0.178757 0.266675
36.200000 0.058756 0.363269 0.161698 0.175318 0.308973 0.402060 0.178800 0.267898
36.400000 0.058965 0.364549 0.161799 0.175440 0.310686 0.402218 0.178853 0.269105
36.600000 0.059046 0.366297 0.161800 0.175648 0.312349 0.401961 0.178913 0.270349
36.800000 0.058908 0.367981 0.161652 0.175909 0.314205 0.401996 0.178931 0.271732
37.000000 0.059175 0.369818 0.161816 0.176092 0.316060 0.402216 0.178934 0.272983
37.200000 0.059177 0.371569 0.161962 0.176280 0.317878 0.402073 0.179023 0.274339
37.400000 0.059245 0.373578 0.161951 0.176650 0.320030 0.402085 0.179186 0.276057
37.600000 0.059277 0.376565 0.161746 0.176815 0.323017 0.402083 0.179165 0.277880
37.800000 0.059319 0.378602 0.162001 0.177100 0.324711 0.402341 0.179408 0.279576
38.000000 0.059342 0.380884 0.162001 0.177207 0.326883 0.402096 0.179306 0.280917
38.200000 0.059237 0.383139 0.162080 0.177754 0.329016 0.402347 0.179305 0.282450
38.400000 0.059393 0.385327 0.162087 0.177640 0.330985 0.402273 0.179357 0.284043
38.600000 0.059428 0.387605 0.162053 0.177903 0.333285 0.402113 0.179591 0.285792
38.800000 0.059648 0.390047 0.162163 0.178102 0.335411 0.402187 0.179503 0.287417
39.000000 0.059471 0.392517 0.162165 0.178195 0.337538 0.402314 0.179576 0.288940
39.200000 0.059482 0.394967 0.162136 0.178396 0.339785 0.402499 0.179694 0.290797
39.400000 0.059510 0.397371 0.162225 0.178776 0.342162 0.402238 0.179682 0.292451
39.600000 0.059366 0.399944 0.162092 0.178891 0.344259 0.402483 0.179791 0.294222
39.800000 0.059537 0.402612 0.162311 0.179037 0.346619 0.402237 0.179991 0.295767
40.000000 0.059546 0.405232 0.162225 0.179282 0.348975 0.402402 0.180035 0.297557
40.200000 0.059511 0.407817 0.162178 0.179428 0.351234 0.402393 0.179967 0.299386
40.400000 0.059600 0.410586 0.162484 0.179688 0.353785 0.402320 0.179938 0.301282
40.600000 0.059559 0.413213 0.162420 0.179815 0.356267 0.402582 0.180107 0.303261
40.800000 0.059621 0.415967 0.162378 0.179960 0.358620 0.402440 0.180147 0.305017
41.000000 0.059606 0.418688 0.162377 0.180149 0.360883 0.402542 0.180249 0.306897
41.200000 0.059611 0.421431 0.162565 0.180494 0.363558 0.402598 0.180489 0.308563
41.400000 0.059622 0.424178 0.162526 0.180854 0.366005 0.402597 0.180401 0.310789
41.600000 0.059511 0.426871 0.162357 0.180612 0.368407 0.402595 0.180452 0.312628
41.800000 0.059571 0.429609 0.162586 0.180842 0.370846 0.402532 0.180587 0.314249
42.000000 0.059642 0.432206 0.162749 0.181229 0.373408 0.402666 0.180617 0.316520
42.200000 0.059802 0.434939 0.162795 0.181233 0.375953 0.402617 0.180643 0.318563
42.400000 0.059539 0.437598 0.162708 0.181336 0.378356 0.402814 0.180779 0.320371
42.600000 0.059764 0.440350 0.162774 0.181543 0.380991 0.402719 0.180963 0.322170
42.800000 0.059675 0.442737 0.162680 0.181634 0.383412 0.402769 0.181044 0.324124
43.000000 0.059523 0.445417 0.162783 0.181598 0.385454 0.402746 0.180965 0.326119
43.200000 0.059683 0.447923 0.162795 0.181995 0.388092 0.402785 0.181087 0.328189
43.400000 0.059703 0.450407 0.162847 0.182164 0.390884 0.402692 0.181198 0.330133
43.600000 0.059665 0.453182 0.162807 0.182115 0.393133 0.402803 0.181136 0.331968
43.800000 0.059751 0.455664 0.162948 0.182371 0.395701 0.402835 0.181264 0.334191
44.000000 0.059699 0.459088 0.162895 0.182582 0.399076 0.402973 0.181379 0.336807
44.200000 0.059809 0.461335 0.163250 0.182936 0.401308 0.403120 0.181481 0.338833
44.400000 0.059732 0.463738 0.162875 0.182936 0.404029 0.403059 0.181575 0.340629
44.600000 0.059750 0.466136 0.162856 0.182800 0.406538 0.403089 0.181466 0.342447
44.800000 0.059711 0.468354 0.163096 0.183079 0.408748 0.403132 0.181670 0.344456
45.000000 0.059691 0.470855 0.163072 0.183282 0.411103 0.403042 0.181735 0.346287
45.200000 0.059806 0.472836 0.163194 0.183302 0.413487 0.403189 0.181764 0.348274
45.400000 0.059766 0.475137 0.163088 0.183482 0.415908 0.403008 0.182034 0.350118
45.600000 0.059745 0.477229 0.163251 0.183582 0.418115 0.403202 0.181786 0.352122
45.800000 0.059682 0.479310 0.163051 0.183570 0.420592 0.403276 0.182123 0.353921
46.000000 0.059761 0.481417 0.163226 0.183851 0.422943 0.403234 0.181837 0.355774
46.200000 0.059781 0.483423 0.163240 0.183924 0.424987 0.403408 0.182334 0.357643
46.400000 0.059792 0.485327 0.163128 0.183973 0.427480 0.403286 0.182273 0.359415
46.600000 0.059774 0.487400 0.163218 0.184171 0.390754 0.403388 0.182367 0.361269
46.800000 0.059791 0.489246 0.163213 0.184296 0.431841 0.403312 0.182434 0.363079
47.000000 0.059729 0.491029 0.163363 0.184326 0.434019 0.403295 0.182629 0.364883
47.200000 0.059752 0.493026 0.163221 0.184601 0.436408 0.403481 0.182628 0.366721
47.400000 0.059763 0.494801 0.163282 0.184767 0.438542 0.403343 0.182539 0.368421
47.600000 0.059779 0.496607 0.163351 0.184764 0.440682 0.403456 0.182752 0.370219
47.800000 0.059765 0.498107 0.163338 0.184714 0.442841 0.403714 0.182939 0.371903
48.000000 0.059804 0.500012 0.163268 0.184916 0.444976 0.403495 0.182912 0.373602
48.200000 0.059770 0.501604 0.163332 0.184969 0.447177 0.403494 0.182900 0.375374
48.400000 0.059962 0.503516 0.163481 0.184960 0.449284 0.403693 0.183083 0.376896
48.600000 0.059813 0.504950 0.163567 0.185172 0.451338 0.403673 0.183251 0.378820
48.800000 0.059669 0.506510 0.163402 0.185312 0.453069 0.403861 0.183385 0.380495
49.000000 0.059807 0.508224 0.163559 0.185363 0.455371 0.403734 0.183300 0.381983
49.200000 0.059757 0.509466 0.163493 0.185498 0.457529 0.403720 0.183353 0.383733
49.400000 0.059674 0.511075 0.163466 0.185553 0.459421 0.403781 0.183484 0.385382
49.600000 0.059963 0.512407 0.163476 0.185643 0.461279 0.403864 0.183489 0.386903
49.800000 0.059915 0.513887 0.163442 0.185767 0.463108 0.403868 0.183637 0.388480
50.000000 0.059838 0.515046 0.163559 0.185745 0.465182 0.403983 0.183662 0.389982
50.200000 0.059830 0.516948 0.163624 0.185869 0.467500 0.403950 0.183807 0.391870
50.400000 0.059787 0.518320 0.163469 0.186076 0.469220 0.403998 0.184016 0.393505
50.600000 0.059839 0.519680 0.163708 0.186105 0.471253 0.403963 0.183978 0.395147
50.800000 0.059856 0.521077 0.163714 0.186182 0.473129 0.404011 0.184011 0.396456
51.000000 0.059823 0.521932 0.163693 0.186414 0.474898 0.404159 0.184158 0.397884
51.200000 0.059551 0.523201 0.163620 0.186403 0.476603 0.404188 0.184181 0.399385
51.400000 0.059820 0.524296 0.163720 0.186577 0.478588 0.404058 0.184228 0.400919
51.600000 0.059958 0.525482 0.163635 0.186576 0.480300 0.404062 0.184377 0.402270
51.800000 0.059888 0.526730 0.163627 0.186734 0.481928 0.404164 0.184282 0.403673
52.000000 0.059836 0.527788 0.163797 0.186665 0.483789 0.404156 0.184605 0.405080
52.200000 0.059819 0.528697 0.163866 0.186699 0.485287 0.404275 0.184578 0.406438
52.400000 0.059693 0.529938 0.163835 0.186625 0.487067 0.404360 0.184571 0.407998
52.600000 0.059843 0.530919 0.163755 0.186805 0.488805 0.404309 0.184692 0.409201
52.800000 0.059841 0.532001 0.163791 0.186982 0.490369 0.404441 0.184647 0.410318
53.000000 0.059870 0.532927 0.163802 0.187095 0.491859 0.404394 0.184907 0.411803
53.200000 0.059839 0.533892 0.163868 0.187084 0.493505 0.404413 0.185089 0.412944
53.400000 0.059856 0.534785 0.163742 0.187364 0.495077 0.404422 0.185217 0.414326
53.600000 0.059815 0.535454 0.163803 0.187262 0.496634 0.404283 0.185080 0.415620
53.800000 0.059859 0.536573 0.163851 0.187374 0.498183 0.404552 0.185139 0.416843
54.000000 0.059878 0.537328 0.163739 0.187423 0.499696 0.404469 0.185307 0.418000
54.200000 0.059822 0.538315 0.163758 0.187675 0.501132 0.404549 0.185386 0.419236
54.400000 0.059855 0.539021 0.163959 0.187275 0.502480 0.404519 0.185276 0.420488
54.600000 0.059858 0.539861 0.163891 0.187697 0.503729 0.404300 0.185527 0.421603
54.800000 0.059853 0.540870 0.163764 0.187731 0.505300 0.404668 0.185254 0.422798
55.000000 0.059876 0.541419 0.163947 0.187779 0.506882 0.404753 0.185591 0.424008
55.200000 0.059872 0.541936 0.163748 0.187691 0.508148 0.404755 0.185757 0.424838
55.400000 0.059876 0.542853 0.163952 0.188125 0.509371 0.404772 0.185740 0.426030
55.600000 0.059857 0.543702 0.163815 0.187961 0.510773 0.404806 0.185862 0.427179
55.800000 0.059877 0.544335 0.163981 0.187965 0.512100 0.404831 0.185812 0.428255
56.000000 0.059887 0.544936 0.163892 0.188056 0.513312 0.404757 0.186018 0.429314
56.200000 0.059908 0.545608 0.163950 0.187992 0.514788 0.405014 0.186139 0.430357
56.400000 0.059873 0.546166 0.164021 0.188186 0.516397 0.404932 0.186228 0.431581
56.600000 0.059893 0.547177 0.164026 0.188247 0.517727 0.404926 0.186324 0.432510
56.800000 0.059867 0.547695 0.164082 0.188233 0.518844 0.404828 0.186377 0.433620
57.000000 0.059962 0.548114 0.163988 0.188412 0.519940 0.404825 0.186213 0.434490
57.200000 0.059871 0.548937 0.164064 0.188331 0.521234 0.404999 0.186500 0.435395
57.400000 0.059866 0.549243 0.164146 0.188541 0.522263 0.405049 0.186564 0.436431
57.600000 0.059870 0.550168 0.164036 0.188480 0.523424 0.405273 0.186645 0.437246
57.800000 0.059863 0.550628 0.164090 0.188658 0.524448 0.405232 0.186756 0.438361
58.000000 0.059867 0.550975 0.164168 0.188718 0.525549 0.405247 0.186636 0.439210
58.200000 0.060025 0.551398 0.164121 0.188872 0.526847 0.405235 0.187012 0.439986
58.400000 0.059890 0.552000 0.164175 0.188868 0.527852 0.405214 0.186821 0.440893
58.600000 0.059863 0.552374 0.164251 0.188824 0.528791 0.405250 0.187020 0.441682
58.800000 0.059893 0.553088 0.164149 0.188758 0.529952 0.405183 0.187215 0.442785
59.000000 0.059909 0.553478 0.163944 0.189025 0.530930 0.405340 0.187147 0.443187
59.200000 0.059904 0.553891 0.164002 0.189083 0.531964 0.405326 0.187376 0.444259
59.400000 0.059893 0.554484 0.164256 0.189159 0.533013 0.405560 0.187300 0.445181
59.600000 0.059899 0.554946 0.164220 0.189118 0.533978 0.405414 0.187510 0.445747
59.800000 0.059816 0.555401 0.163896 0.189204 0.534900 0.405484 0.187508 0.446473
60.000000 0.059894 0.555652 0.164295 0.189178 0.536033 0.405501 0.187380 0.447280
60.200000 0.059720 0.555952 0.164275 0.189303 0.536904 0.405310 0.187535 0.448262
60.400000 0.059637 0.556411 0.164094 0.189063 0.537782 0.405447 0.187631 0.448865
60.600000 0.060089 0.556856 0.164309 0.189346 0.538710 0.405478 0.187753 0.449662
60.800000 0.059914 0.557206 0.164220 0.189472 0.539756 0.405527 0.187862 0.450407
61.000000 0.059917 0.557561 0.164435 0.189401 0.540500 0.405582 0.187932 0.451155
61.200000 0.059903 0.557934 0.164218 0.189590 0.541416 0.405694 0.187908 0.451716
61.400000 0.059947 0.558315 0.164348 0.189610 0.542254 0.405675 0.187885 0.452446
61.600000 0.059909 0.558700 0.164252 0.189657 0.543063 0.405603 0.187929 0.453106
61.800000 0.059927 0.559088 0.164347 0.189766 0.544142 0.405743 0.188044 0.453712
62.000000 0.059930 0.559373 0.164457 0.189807 0.544840 0.405720 0.188254 0.454426
62.200000 0.059911 0.559685 0.164403 0.189841 0.545662 0.405860 0.188369 0.455281
62.400000 0.059868 0.560063 0.164415 0.189902 0.546610 0.405736 0.188488 0.456008
62.600000 0.059919 0.560563 0.164351 0.190096 0.547574 0.405877 0.188472 0.456563
62.800000 0.059919 0.560626 0.164478 0.190091 0.548328 0.405744 0.188746 0.457237
63.000000 0.059920 0.561056 0.164453 0.190163 0.549080 0.405940 0.188511 0.457946
63.200000 0.059925 0.561349 0.164397 0.189974 0.549738 0.405982 0.188855 0.458375
63.400000 0.059765 0.561549 0.164353 0.190028 0.550686 0.406103 0.188837 0.459040
63.600000 0.059870 0.561725 0.164469 0.190244 0.551194 0.405865 0.188868 0.459516
63.800000 0.059881 0.562066 0.164317 0.190240 0.551979 0.405945 0.188968 0.460265
64.000000 0.059888 0.562310 0.164377 0.189731 0.552809 0.405914 0.188971 0.460759
64.200000 0.059899 0.562700 0.164475 0.190338 0.553456 0.406096 0.189109 0.461328
64.400000 0.059829 0.562871 0.164629 0.190357 0.554056 0.406106 0.189095 0.461847
64.600000 0.060047 0.562924 0.164436 0.190370 0.554872 0.406293 0.189136 0.462245
64.800000 0.060052 0.563352 0.164467 0.190461 0.555522 0.406126 0.189281 0.462848
65.000000 0.059782 0.563418 0.164555 0.190308 0.555888 0.406069 0.189343 0.463269
65.200000 0.059911 0.563715 0.164497 0.190494 0.556625 0.406258 0.189454 0.463851
65.400000 0.059919 0.564001 0.164552 0.190609 0.557305 0.406196 0.189593 0.464295
65.600000 0.059930 0.564091 0.164526 0.190592 0.557650 0.406217 0.189536 0.464636
65.800000 0.059899 0.564402 0.164554 0.190719 0.558531 0.406320 0.189586 0.465129
66.000000 0.059910 0.564511 0.164557 0.190691 0.559177 0.406367 0.189531 0.465600
66.200000 0.059899 0.564633 0.164782 0.190582 0.559633 0.406401 0.189700 0.465991
66.400000 0.059919 0.564810 0.164514 0.190859 0.560152 0.406473 0.189943 0.466490
66.600000 0.059924 0.565130 0.164607 0.190951 0.560896 0.406646 0.189856 0.467017
66.800000 0.059927 0.565293 0.164609 0.191004 0.561435 0.406616 0.189877 0.467395
67.000000 0.059922 0.565455 0.164351 0.190753 0.561815 0.406451 0.189898 0.467947
67.200000 0.059898 0.565710 0.164344 0.191039 0.562359 0.406683 0.190060 0.468376
67.400000 0.059900 0.565900 0.164498 0.191029 0.562997 0.406634 0.190138 0.507804
67.600000 0.059946 0.565817 0.164537 0.190964 0.563608 0.406591 0.190166 0.469213
67.800000 0.059924 0.565974 0.164678 0.191154 0.564091 0.406311 0.190269 0.469619
68.000000 0.059923 0.566181 0.164604 0.191175 0.564557 0.406530 0.190311 0.469927
68.200000 0.060052 0.566267 0.164520 0.191053 0.565165 0.406714 0.190396 0.470206
68.400000 0.059938 0.566455 0.164569 0.191059 0.565462 0.406679 0.190458 0.470458
68.600000 0.059929 0.566815 0.164668 0.191285 0.566002 0.406708 0.190514 0.471036
68.800000 0.059927 0.566849 0.164763 0.191163 0.566455 0.406684 0.190530 0.471397
69.000000 0.059944 0.566915 0.164638 0.191258 0.566893 0.406941 0.190453 0.471773
69.200000 0.059900 0.566949 0.164679 0.191205 0.567415 0.406689 0.190606 0.471962
69.400000 0.059943 0.567165 0.164648 0.191221 0.567670 0.406685 0.190616 0.472477
69.600000 0.059896 0.567202 0.164780 0.191394 0.568297 0.406663 0.190880 0.472750
69.800000 0.059927 0.567249 0.164681 0.191485 0.568745 0.406863 0.191008 0.473090
70.000000 0.059902 0.567337 0.164680 0.191330 0.569249 0.406874 0.190907 0.473370
70.200000 0.059919 0.567525 0.164775 0.191403 0.569702 0.406990 0.190896 0.473644
70.400000 0.059868 0.567493 0.164723 0.191796 0.570133 0.407023 0.191060 0.474055
70.600000 0.059951 0.567886 0.164738 0.191780 0.570517 0.407100 0.191129 0.474398
70.800000 0.059937 0.567822 0.164700 0.191604 0.570681 0.407010 0.191086 0.474590
71.000000 0.059932 0.567924 0.164761 0.191500 0.571190 0.407092 0.191202 0.474945
71.200000 0.059692 0.568065 0.164763 0.191796 0.571358 0.407024 0.191302 0.475265
71.400000 0.059947 0.568117 0.164743 0.191656 0.572109 0.407198 0.191281 0.475520
71.600000 0.059914 0.568437 0.164943 0.191659 0.572437 0.407207 0.191543 0.475882
71.800000 0.060005 0.568312 0.164866 0.191876 0.572846 0.407162 0.191647 0.476327
72.000000 0.060031 0.568564 0.164818 0.192010 0.573404 0.407293 0.191791 0.476613
72.200000 0.059869 0.568597 0.164930 0.192217 0.573524 0.407309 0.191679 0.476701
72.400000 0.060009 0.568696 0.164804 0.192062 0.573946 0.407115 0.191649 0.477036
72.600000 0.060014 0.568899 0.165013 0.192088 0.574384 0.407145 0.191827 0.477321
72.800000 0.060055 0.568933 0.164804 0.192162 0.574781 0.407477 0.191907 0.477534
73.000000 0.060022 0.569112 0.164829 0.191967 0.574985 0.407355 0.191734 0.477731
73.200000 0.060045 0.569037 0.164929 0.192126 0.575275 0.407472 0.192031 0.477754
73.400000 0.059873 0.569070 0.164791 0.192108 0.575551 0.407268 0.191862 0.478358
73.600000 0.060082 0.569110 0.164848 0.191877 0.576135 0.407419 0.192040 0.478428
73.800000 0.059938 0.569202 0.164861 0.192245 0.576218 0.407550 0.192257 0.478533
74.000000 0.059957 0.569417 0.164812 0.192199 0.576341 0.407336 0.191970 0.478983
74.200000 0.059939 0.569508 0.164868 0.192275 0.576669 0.407451 0.192158 0.479171
74.400000 0.060114 0.569651 0.165009 0.192373 0.577388 0.407369 0.192308 0.479577
74.600000 0.059927 0.569681 0.164887 0.192262 0.577445 0.407521 0.192178 0.479681
74.800000 0.060008 0.569759 0.164914 0.192485 0.577814 0.407531 0.192363 0.479789
75.000000 0.059908 0.569633 0.164911 0.192355 0.578140 0.407671 0.192294 0.480149
75.200000 0.059962 0.569823 0.164939 0.192304 0.578556 0.407607 0.192289 0.480126
75.400000 0.060110 0.569943 0.164906 0.192475 0.578618 0.407563 0.192657 0.480627
75.600000 0.059963 0.570051 0.164810 0.192546 0.579199 0.407854 0.192715 0.480679
75.800000 0.059939 0.570056 0.164916 0.192441 0.579334 0.407660 0.192667 0.480850
76.000000 0.059938 0.570039 0.165067 0.192570 0.579512 0.407692 0.192568 0.480959
76.200000 0.059912 0.570152 0.164982 0.192667 0.579705 0.407568 0.192761 0.481339
76.400000 0.059935 0.570080 0.165086 0.192625 0.580025 0.407595 0.192803 0.481419
76.600000 0.060068 0.570103 0.164991 0.192719 0.580357 0.407750 0.192840 0.481653
76.800000 0.060094 0.570030 0.164937 0.192744 0.580398 0.407897 0.192885 0.481941
77.000000 0.060034 0.570408 0.165095 0.192831 0.580801 0.407782 0.193164 0.482146
77.200000 0.060065 0.570521 0.165092 0.192950 0.581086 0.407972 0.193130 0.482345
77.400000 0.060105 0.570629 0.165008 0.192893 0.581400 0.408074 0.193284 0.482370
77.600000 0.060044 0.570582 0.165076 0.192957 0.581539 0.407995 0.193300 0.482500
77.800000 0.059993 0.570607 0.164973 0.192898 0.581927 0.408084 0.193305 0.482816
78.000000 0.060049 0.570642 0.165107 0.193155 0.582009 0.408031 0.193275 0.482970
78.200000 0.059857 0.570991 0.165109 0.192950 0.582399 0.408074 0.193330 0.482984
78.400000 0.060022 0.570545 0.164967 0.192977 0.582445 0.408144 0.193332 0.483337
78.600000 0.060028 0.570689 0.165179 0.192742 0.582720 0.408140 0.193472 0.483388
78.800000 0.060032 0.570729 0.165212 0.193169 0.582942 0.408245 0.193516 0.483662
79.000000 0.060024 0.570828 0.164958 0.193121 0.583162 0.408077 0.193621 0.483652
79.200000 0.060019 0.570878 0.165193 0.193060 0.583356 0.408070 0.193633 0.484004
79.400000 0.060046 0.570680 0.165138 0.193025 0.583497 0.408213 0.193707 0.483913
79.600000 0.060020 0.570880 0.165161 0.193180 0.583888 0.408320 0.193713 0.484114
79.800000 0.059830 0.570679 0.165105 0.192955 0.584053 0.408284 0.193756 0.484226
80.000000 0.060020 0.570921 0.165214 0.193217 0.584200 0.408250 0.193673 0.484363
80.200000 0.060053 0.571068 0.165241 0.193186 0.584357 0.408202 0.193841 0.484561
80.400000 0.060039 0.571104 0.165240 0.193341 0.584639 0.408417 0.194008 0.484796
80.600000 0.060006 0.571053 0.165161 0.193356 0.584650 0.408355 0.194029 0.484873
80.800000 0.060046 0.571031 0.165100 0.193382 0.584850 0.408436 0.193960 0.484936
81.000000 0.060043 0.571095 0.165104 0.193311 0.585122 0.408467 0.194070 0.484988
81.200000 0.059996 0.571193 0.165120 0.193220 0.585386 0.408499 0.193977 0.485175
81.400000 0.059946 0.570859 0.165201 0.193385 0.585469 0.408326 0.194083 0.485174
81.600000 0.059956 0.571263 0.165231 0.193367 0.585386 0.408210 0.194030 0.485209
81.800000 0.059995 0.571112 0.165102 0.193381 0.585607 0.408423 0.194113 0.485371
82.000000 0.059938 0.571209 0.165308 0.193454 0.585887 0.408481 0.194280 0.485399
82.200000 0.059926 0.571172 0.165045 0.193344 0.585992 0.408401 0.194204 0.485580
82.400000 0.059825 0.571073 0.164960 0.193555 0.586199 0.408378 0.194249 0.485573
82.600000 0.059956 0.571222 0.165271 0.193341 0.586301 0.408622 0.194296 0.485764
82.800000 0.059946 0.571371 0.164998 0.193284 0.586348 0.408351 0.194343 0.485892
83.000000 0.060092 0.571184 0.165141 0.193540 0.586593 0.408530 0.194392 0.486085
83.200000 0.059927 0.571228 0.165144 0.193366 0.586841 0.408521 0.194513 0.486100
83.400000 0.059962 0.571431 0.165208 0.193630 0.586742 0.408441 0.194447 0.486269
83.600000 0.059858 0.571162 0.165190 0.193780 0.586906 0.408589 0.194411 0.486273
83.800000 0.059941 0.571359 0.165121 0.193737 0.587068 0.408512 0.194502 0.486288
84.000000 0.060217 0.571557 0.165330 0.193852 0.587615 0.408748 0.194567 0.486481
84.200000 0.060027 0.571304 0.165392 0.193846 0.587500 0.408875 0.194734 0.486693
84.400000 0.060036 0.571562 0.165353 0.193669 0.587645 0.408760 0.194793 0.486885
84.600000 0.060084 0.571516 0.165312 0.193884 0.588024 0.408776 0.194802 0.486677
84.800000 0.060053 0.571679 0.165274 0.193847 0.587940 0.408921 0.194923 0.486789
85.000000 0.060029 0.571653 0.165315 0.194048 0.588171 0.408672 0.194960 0.486941
85.200000 0.060036 0.571736 0.165297 0.193929 0.588098 0.408784 0.194861 0.487062
85.400000 0.060185 0.571711 0.165303 0.194090 0.588336 0.408966 0.194997 0.487101
85.600000 0.060101 0.571862 0.165273 0.193908 0.588535 0.408926 0.195043 0.487282
85.800000 0.060034 0.571836 0.165277 0.194048 0.588523 0.408893 0.195075 0.487271
86.000000 0.060053 0.571720 0.165381 0.194182 0.588633 0.409039 0.195038 0.487545
86.200000 0.060030 0.571642 0.165253 0.194112 0.588746 0.409000 0.195056 0.487496
86.400000 0.060034 0.571854 0.165374 0.194240 0.589073 0.409043 0.195197 0.487276
86.600000 0.059997 0.571677 0.165240 0.194048 0.588901 0.408871 0.195194 0.487555
86.800000 0.060095 0.571910 0.165490 0.194144 0.589362 0.409032 0.195355 0.487942
87.000000 0.059939 0.571858 0.165522 0.194170 0.589555 0.409143 0.195455 0.487756
87.200000 0.060025 0.571849 0.165353 0.194171 0.589533 0.409156 0.195450 0.487929
87.400000 0.060014 0.571950 0.165259 0.194218 0.589449 0.409190 0.195352 0.488105
87.600000 0.060040 0.571787 0.165258 0.194372 0.589813 0.409194 0.195266 0.488029
87.800000 0.060045 0.571973 0.165542 0.194219 0.589915 0.409365 0.195373 0.488033
88.000000 0.060026 0.572051 0.165363 0.194314 0.590022 0.409195 0.195578 0.488144
88.200000 0.060040 0.571945 0.165547 0.194398 0.589954 0.409374 0.195580 0.488392
88.400000 0.059993 0.571786 0.165461 0.194247 0.590240 0.409209 0.195465 0.488377
88.600000 0.060030 0.571963 0.165286 0.194313 0.590265 0.409322 0.195634 0.488374
88.800000 0.059985 0.571994 0.165364 0.194283 0.590354 0.409334 0.195708 0.488465
89.000000 0.060049 0.571972 0.165544 0.194397 0.590453 0.409320 0.195874 0.488306
89.200000 0.060032 0.571984 0.165269 0.194422 0.590381 0.409249 0.195637 0.488722
89.400000 0.060058 0.572074 0.165470 0.194466 0.590780 0.409296 0.195707 0.488484
89.600000 0.060070 0.571929 0.165474 0.194532 0.590698 0.409368 0.195875 0.488762
89.800000 0.060034 0.572011 0.165465 0.194539 0.590760 0.409235 0.195847 0.488684
90.000000 0.060029 0.572058 0.165525 0.194400 0.591119 0.409374 0.195873 0.488781
