0.200000 0.189465 0.394208 0.152127 0.193556 0.446569 0.466951 0.202526 0.370935
0.400000 0.189132 0.393099 0.151860 0.192989 0.444082 0.467113 0.202142 0.369309
0.600000 0.189111 0.392730 0.151640 0.192600 0.442750 0.466973 0.201954 0.368292
0.800000 0.188906 0.392222 0.151917 0.192454 0.441416 0.467055 0.201682 0.367217
1.000000 0.189032 0.391756 0.151824 0.192387 0.439920 0.466926 0.201339 0.366301
1.200000 0.188971 0.391321 0.151715 0.192099 0.438742 0.466904 0.201086 0.365188
1.400000 0.188904 0.390753 0.151687 0.191780 0.437443 0.466820 0.200957 0.364316
1.600000 0.189028 0.390209 0.151762 0.191465 0.436229 0.466872 0.200786 0.363326
1.800000 0.188654 0.389617 0.151730 0.191094 0.434870 0.466643 0.200462 0.362402
2.000000 0.188637 0.389308 0.151564 0.190992 0.433369 0.466636 0.200146 0.361412
2.200000 0.188674 0.388789 0.151444 0.190745 0.432133 0.466595 0.199766 0.360431
2.400000 0.188608 0.388449 0.151398 0.190399 0.431039 0.466191 0.199650 0.359471
2.600000 0.188579 0.387843 0.151508 0.190256 0.429587 0.466396 0.199342 0.358338
2.800000 0.188488 0.387406 0.151404 0.190113 0.428450 0.466345 0.199146 0.357627
3.000000 0.188500 0.386885 0.151247 0.189696 0.427054 0.466421 0.198842 0.356743
3.200000 0.188308 0.386519 0.151368 0.189710 0.425819 0.466403 0.198632 0.355828
3.400000 0.188388 0.385993 0.151292 0.189342 0.424526 0.466180 0.198465 0.354804
3.600000 0.188346 0.385597 0.151277 0.189142 0.423408 0.466259 0.198123 0.353938
3.800000 0.188316 0.385158 0.151274 0.188853 0.422183 0.466147 0.197927 0.352854
4.000000 0.188236 0.384644 0.151089 0.188721 0.420910 0.466062 0.197692 0.352042
4.200000 0.188217 0.384302 0.151129 0.188316 0.419312 0.466117 0.197325 0.351175
4.400000 0.188167 0.383809 0.150914 0.188232 0.418474 0.465699 0.197187 0.350292
4.600000 0.188093 0.383329 0.151203 0.187982 0.417424 0.465881 0.196916 0.349283
4.800000 0.188061 0.382944 0.151033 0.187684 0.416353 0.465818 0.196615 0.348371
5.000000 0.188097 0.382426 0.150774 0.187419 0.414930 0.465842 0.196396 0.347725
5.200000 0.187856 0.381736 0.151005 0.187274 0.413923 0.465581 0.196099 0.346763
5.400000 0.187866 0.381623 0.150865 0.187151 0.412782 0.465770 0.196029 0.345885
5.600000 0.187818 0.381015 0.150619 0.186878 0.411460 0.465491 0.195634 0.345083
5.800000 0.187794 0.380747 0.150862 0.186741 0.410571 0.465612 0.195719 0.344102
6.000000 0.187772 0.380379 0.150824 0.186322 0.409306 0.465394 0.195383 0.343406
6.200000 0.187719 0.379892 0.150734 0.186413 0.408167 0.465302 0.195046 0.342604
6.400000 0.187574 0.379585 0.150749 0.186062 0.407182 0.465482 0.194994 0.341736
6.600000 0.187636 0.378990 0.150681 0.185804 0.405699 0.465403 0.194604 0.340478
6.800000 0.187543 0.378525 0.150750 0.185401 0.404478 0.465216 0.194104 0.339767
7.000000 0.187526 0.378215 0.150600 0.185257 0.403290 0.465092 0.194173 0.339097
7.200000 0.187507 0.377955 0.150562 0.185226 0.402378 0.465179 0.193928 0.338237
7.400000 0.187482 0.377360 0.150479 0.184953 0.401204 0.465179 0.193629 0.337474
7.600000 0.187481 0.377084 0.150338 0.184676 0.400282 0.465169 0.193608 0.336385
7.800000 0.187359 0.376636 0.150445 0.184600 0.399147 0.464953 0.193204 0.335953
8.000000 0.187341 0.376261 0.150412 0.184463 0.398216 0.465112 0.192971 0.335135
8.200000 0.187285 0.375893 0.150418 0.184433 0.397308 0.464793 0.192784 0.334421
8.400000 0.187217 0.375570 0.150350 0.184295 0.396173 0.464933 0.192480 0.333636
8.600000 0.187181 0.375105 0.150307 0.183749 0.395131 0.464926 0.192314 0.333070
8.800000 0.187150 0.374613 0.150208 0.183848 0.394074 0.464652 0.192114 0.332087
9.000000 0.186912 0.374315 0.150380 0.183480 0.393192 0.464670 0.191857 0.331388
9.200000 0.187023 0.373926 0.150215 0.183287 0.392166 0.464619 0.191674 0.330665
9.400000 0.187012 0.373700 0.150101 0.183055 0.391257 0.464590 0.191473 0.329808
9.600000 0.186970 0.373367 0.150070 0.182806 0.390273 0.464217 0.191267 0.329216
9.800000 0.186797 0.372976 0.150267 0.182813 0.389262 0.464413 0.191191 0.328551
10.000000 0.186734 0.372745 0.150248 0.182778 0.388359 0.464376 0.191030 0.327858
10.200000 0.186778 0.372188 0.149935 0.182418 0.387570 0.464287 0.190710 0.327017
10.400000 0.186821 0.372013 0.150104 0.182220 0.386473 0.464307 0.190359 0.326403
10.600000 0.186902 0.371590 0.149875 0.182093 0.385456 0.464236 0.190213 0.325756
10.800000 0.186701 0.371189 0.149943 0.181979 0.384647 0.464024 0.189861 0.325099
11.000000 0.186671 0.370802 0.149884 0.181799 0.383704 0.464132 0.189675 0.324279
11.200000 0.186602 0.370566 0.149958 0.181288 0.382606 0.463977 0.189578 0.323582
11.400000 0.186571 0.370262 0.149965 0.181341 0.381850 0.463883 0.189264 0.322976
11.600000 0.186569 0.369993 0.149956 0.181451 0.380873 0.463964 0.189195 0.322400
11.800000 0.186490 0.369592 0.149804 0.180992 0.380079 0.463861 0.188963 0.321486
12.000000 0.186452 0.369403 0.149744 0.180846 0.379254 0.463706 0.188670 0.320992
12.200000 0.186535 0.368850 0.149656 0.180945 0.378279 0.463706 0.188624 0.320405
12.400000 0.186394 0.368519 0.149825 0.180613 0.377423 0.463694 0.188348 0.319582
12.600000 0.186395 0.368401 0.149787 0.180500 0.376485 0.463691 0.188187 0.319026
12.800000 0.186302 0.367870 0.149575 0.180231 0.375509 0.463522 0.187741 0.318283
13.000000 0.186273 0.367718 0.149475 0.180132 0.374655 0.463527 0.187756 0.317694
13.200000 0.186233 0.367178 0.149651 0.180052 0.373945 0.463535 0.187582 0.317202
13.400000 0.186133 0.366862 0.149475 0.179870 0.373061 0.463288 0.187321 0.316411
13.600000 0.186191 0.366716 0.149603 0.179684 0.372380 0.463279 0.187273 0.315985
13.800000 0.185992 0.366488 0.149571 0.179538 0.371657 0.463288 0.187009 0.315424
14.000000 0.186005 0.366300 0.149559 0.179362 0.370901 0.463143 0.186837 0.314832
14.200000 0.186097 0.365894 0.149489 0.179229 0.370042 0.463222 0.186706 0.314224
14.400000 0.186020 0.365592 0.149457 0.179073 0.369537 0.463014 0.186508 0.313705
14.600000 0.185998 0.365438 0.149415 0.179024 0.368562 0.463189 0.186361 0.313152
14.800000 0.185875 0.365081 0.149452 0.178983 0.367739 0.463024 0.186215 0.312590
15.000000 0.185914 0.364689 0.149351 0.178747 0.367036 0.463048 0.185896 0.312094
15.200000 0.185931 0.364418 0.149372 0.178573 0.366230 0.463051 0.185805 0.311467
15.400000 0.185852 0.364227 0.149349 0.178524 0.365655 0.462870 0.185620 0.310976
15.600000 0.185782 0.363787 0.149099 0.178286 0.364974 0.462920 0.185447 0.310261
15.800000 0.185771 0.363728 0.149285 0.178147 0.364149 0.462752 0.185386 0.309823
16.000000 0.185755 0.363296 0.149094 0.177988 0.363218 0.462517 0.185238 0.309392
16.200000 0.185783 0.363181 0.149125 0.177835 0.362755 0.462628 0.184801 0.308937
16.400000 0.185748 0.362930 0.148954 0.177763 0.362119 0.462580 0.184803 0.308360
16.600000 0.185562 0.362563 0.149197 0.177562 0.361428 0.462543 0.184488 0.307894
16.800000 0.185510 0.362251 0.149363 0.177467 0.360766 0.462586 0.184410 0.307381
17.000000 0.185592 0.362198 0.149128 0.177330 0.360044 0.462440 0.184299 0.306848
17.200000 0.185614 0.361795 0.148832 0.177397 0.359232 0.462492 0.184163 0.306328
17.400000 0.185438 0.361770 0.149204 0.177258 0.358686 0.462238 0.184017 0.305737
17.600000 0.185690 0.361381 0.149227 0.177057 0.357982 0.462439 0.183942 0.305240
17.800000 0.185514 0.361029 0.149143 0.176947 0.357505 0.462230 0.183508 0.304795
18.000000 0.185496 0.360999 0.148919 0.176752 0.356609 0.462044 0.183455 0.304110
18.200000 0.185443 0.360629 0.148996 0.176457 0.355964 0.462156 0.183337 0.303789
18.400000 0.185543 0.360449 0.148976 0.176541 0.355440 0.461947 0.183173 0.303265
18.600000 0.185036 0.360048 0.148970 0.176443 0.354714 0.462031 0.183045 0.302802
18.800000 0.185331 0.359934 0.149042 0.176327 0.354101 0.461873 0.182825 0.302341
19.000000 0.185342 0.359604 0.149031 0.176224 0.353419 0.462002 0.182751 0.301957
19.200000 0.185290 0.359224 0.148815 0.176042 0.352488 0.461628 0.182631 0.301136
19.400000 0.185308 0.359111 0.148813 0.175898 0.351718 0.461795 0.182246 0.300697
19.600000 0.185202 0.358824 0.148839 0.175747 0.351242 0.461689 0.182037 0.300273
19.800000 0.185059 0.358469 0.148649 0.175456 0.350614 0.461639 0.182018 0.299716
20.000000 0.185169 0.358375 0.148828 0.175577 0.349922 0.461565 0.181738 0.299283
20.200000 0.185161 0.358268 0.148768 0.175195 0.349402 0.461295 0.181692 0.298770
20.400000 0.185118 0.357995 0.148626 0.175336 0.348787 0.461472 0.181574 0.298452
20.600000 0.184970 0.357732 0.148649 0.175228 0.348153 0.461497 0.181579 0.297750
20.800000 0.185025 0.357473 0.148693 0.174957 0.347536 0.461412 0.181272 0.297413
21.000000 0.185051 0.357246 0.148640 0.175014 0.346923 0.461330 0.181170 0.297022
21.200000 0.185029 0.356942 0.148693 0.174865 0.346240 0.461346 0.181024 0.296596
21.400000 0.184956 0.356784 0.148633 0.174745 0.345664 0.461215 0.180856 0.296135
21.600000 0.184974 0.356583 0.148647 0.174664 0.345162 0.461199 0.180794 0.295596
21.800000 0.184900 0.356349 0.148635 0.174454 0.344428 0.461000 0.180483 0.295249
22.000000 0.184883 0.356011 0.148583 0.174455 0.343947 0.460932 0.180435 0.294763
22.200000 0.184847 0.355846 0.148575 0.174299 0.343397 0.461105 0.180293 0.294268
22.400000 0.184813 0.355537 0.148568 0.174107 0.342822 0.460909 0.180128 0.293931
22.600000 0.184791 0.355285 0.148349 0.174099 0.342239 0.460802 0.180029 0.293478
22.800000 0.184774 0.355169 0.148620 0.174099 0.341710 0.460783 0.179878 0.293095
23.000000 0.184744 0.354920 0.148536 0.174088 0.341136 0.460739 0.179800 0.292755
23.200000 0.184857 0.354821 0.148587 0.173859 0.340443 0.460621 0.179588 0.292242
23.400000 0.184697 0.354483 0.148608 0.173718 0.339936 0.460571 0.179415 0.291803
23.600000 0.184732 0.354327 0.148578 0.173532 0.339499 0.460417 0.179154 0.291344
23.800000 0.184669 0.354006 0.148441 0.173500 0.338931 0.460574 0.179000 0.291013
24.000000 0.184602 0.353855 0.148442 0.173251 0.338328 0.460458 0.179051 0.290591
24.200000 0.184620 0.353847 0.148319 0.173195 0.337814 0.460469 0.178871 0.290083
24.400000 0.184604 0.353418 0.148367 0.173320 0.337244 0.460256 0.178717 0.289868
24.600000 0.184571 0.353307 0.148304 0.172964 0.336747 0.460346 0.178586 0.289315
24.800000 0.184506 0.353054 0.148032 0.172814 0.336136 0.460092 0.178431 0.288901
25.000000 0.184546 0.352829 0.148317 0.172942 0.335632 0.460292 0.178223 0.288652
25.200000 0.184516 0.352711 0.148293 0.172782 0.335170 0.460182 0.178103 0.288168
25.400000 0.184485 0.352443 0.148349 0.172612 0.334576 0.460140 0.178139 0.287904
25.600000 0.184344 0.352095 0.148284 0.172722 0.333911 0.460001 0.177943 0.287443
25.800000 0.184407 0.352172 0.148063 0.172473 0.333319 0.460048 0.177804 0.286936
26.000000 0.184371 0.351865 0.148232 0.172287 0.332835 0.459971 0.177662 0.286551
26.200000 0.184356 0.351601 0.148265 0.172305 0.332213 0.459865 0.177460 0.286164
26.400000 0.184371 0.351307 0.148162 0.172206 0.331855 0.459801 0.177282 0.285782
26.600000 0.184178 0.351034 0.148173 0.172009 0.331360 0.459714 0.177419 0.285447
26.800000 0.184309 0.350874 0.148194 0.172081 0.330747 0.459629 0.177041 0.284898
27.000000 0.184044 0.350691 0.148113 0.171946 0.330209 0.459448 0.177038 0.284690
27.200000 0.184280 0.350629 0.148153 0.171870 0.329812 0.459561 0.176891 0.284418
27.400000 0.184219 0.350419 0.148090 0.171725 0.329326 0.459481 0.176567 0.283889
27.600000 0.184220 0.350194 0.148100 0.171697 0.328844 0.459495 0.176603 0.283531
27.800000 0.184309 0.350011 0.148095 0.171384 0.328500 0.459384 0.176402 0.283172
28.000000 0.184155 0.349936 0.148089 0.171368 0.327840 0.459398 0.176492 0.282971
28.200000 0.183999 0.349839 0.147887 0.171434 0.327509 0.459311 0.176373 0.282507
28.400000 0.184150 0.349501 0.148129 0.171218 0.326890 0.458993 0.176220 0.282076
28.600000 0.184131 0.349410 0.148048 0.171132 0.326460 0.459195 0.176104 0.281752
28.800000 0.184096 0.349151 0.147944 0.171091 0.326024 0.459026 0.175962 0.281240
29.000000 0.184065 0.349102 0.147968 0.171074 0.325560 0.459136 0.175903 0.281085
29.200000 0.184040 0.348653 0.148115 0.170938 0.325096 0.459113 0.175631 0.280625
29.400000 0.183891 0.348634 0.147761 0.170941 0.324704 0.458756 0.175598 0.280391
29.600000 0.183985 0.348654 0.147882 0.170811 0.324116 0.458859 0.175497 0.280136
29.800000 0.183796 0.348114 0.147882 0.170674 0.323507 0.458714 0.175400 0.279670
30.000000 0.184001 0.348113 0.147800 0.170570 0.323281 0.458748 0.175225 0.279357
30.200000 0.183946 0.348029 0.147856 0.170403 0.322782 0.458698 0.175040 0.278850
30.400000 0.183893 0.347884 0.147886 0.170588 0.322325 0.458716 0.175080 0.278685
30.600000 0.184205 0.347735 0.147879 0.170392 0.321730 0.458692 0.174993 0.278332
30.800000 0.185829 0.347385 0.147845 0.170172 0.321412 0.458627 0.174874 0.277988
31.000000 0.188768 0.347143 0.147961 0.170226 0.320798 0.458539 0.174852 0.277847
31.200000 0.192888 0.347253 0.147778 0.169914 0.320474 0.458400 0.174658 0.277286
31.400000 0.198636 0.347037 0.147726 0.170261 0.320370 0.458456 0.174609 0.277258
31.600000 0.207346 0.346902 0.147858 0.170078 0.320436 0.458402 0.174567 0.277187
31.800000 0.215868 0.346779 0.147882 0.170162 0.320610 0.458414 0.174503 0.277545
32.000000 0.224881 0.346818 0.147898 0.170261 0.321345 0.458421 0.174553 0.277746
32.200000 0.234064 0.346916 0.147872 0.170538 0.322198 0.458409 0.174688 0.278543
32.400000 0.242816 0.347236 0.148112 0.170614 0.323541 0.458401 0.174813 0.279407
32.600000 0.251413 0.347664 0.148090 0.171168 0.325453 0.458371 0.174766 0.280684
32.800000 0.259250 0.348641 0.148070 0.171592 0.327339 0.458515 0.174833 0.282222
33.000000 0.266624 0.349578 0.148296 0.172097 0.330109 0.458444 0.175312 0.284071
33.200000 0.273209 0.350838 0.148469 0.172848 0.333226 0.458260 0.175458 0.286138
33.400000 0.279172 0.352550 0.148723 0.173705 0.336531 0.458363 0.175602 0.288544
33.600000 0.284345 0.354903 0.148815 0.174540 0.340251 0.458229 0.175876 0.291183
33.800000 0.289130 0.357301 0.149350 0.175411 0.344504 0.458407 0.176377 0.294265
34.000000 0.293181 0.360187 0.149791 0.176554 0.348960 0.458456 0.176398 0.297284
34.200000 0.296943 0.363703 0.150149 0.177642 0.353524 0.458420 0.176913 0.300899
34.400000 0.300229 0.367401 0.150649 0.178910 0.358521 0.458497 0.177307 0.304673
34.600000 0.303085 0.371606 0.151127 0.180216 0.363730 0.458338 0.177668 0.308437
34.800000 0.305527 0.376152 0.151905 0.181565 0.369146 0.458422 0.178199 0.351543
35.000000 0.307821 0.381020 0.152137 0.182784 0.374827 0.458564 0.178511 0.316473
35.200000 0.309790 0.386601 0.152876 0.184188 0.380764 0.458750 0.178861 0.321337
35.400000 0.311397 0.392258 0.153333 0.185851 0.386305 0.458633 0.179354 0.325499
35.600000 0.312761 0.397624 0.153877 0.186933 0.392010 0.458634 0.179813 0.329971
35.800000 0.313898 0.403254 0.154362 0.188438 0.397955 0.458610 0.180216 0.334460
36.000000 0.315060 0.409422 0.154737 0.189548 0.403929 0.458572 0.180672 0.339239
36.200000 0.315862 0.415858 0.155451 0.190963 0.409923 0.458797 0.180986 0.344080
36.400000 0.316873 0.422096 0.155864 0.192322 0.416222 0.458823 0.181638 0.348957
36.600000 0.317610 0.428849 0.156378 0.193850 0.422390 0.458856 0.182059 0.353881
36.800000 0.318238 0.435622 0.156877 0.234293 0.428889 0.458919 0.182400 0.358874
37.000000 0.318846 0.442548 0.157387 0.196576 0.435138 0.458837 0.182979 0.364025
37.200000 0.319286 0.449308 0.157869 0.197940 0.441586 0.458982 0.183508 0.369263
37.400000 0.319805 0.456510 0.158312 0.199301 0.447849 0.458869 0.183868 0.374457
37.600000 0.320196 0.463519 0.158976 0.200752 0.454462 0.458908 0.184390 0.379701
37.800000 0.320451 0.472891 0.159535 0.202332 0.462684 0.459031 0.184992 0.386503
38.000000 0.320885 0.479942 0.159892 0.203970 0.469375 0.459020 0.185503 0.391931
38.200000 0.321134 0.487440 0.160516 0.205322 0.475966 0.459201 0.186061 0.397208
38.400000 0.321322 0.494837 0.160809 0.206875 0.482576 0.459237 0.186327 0.402747
38.600000 0.321628 0.502075 0.161361 0.208265 0.488938 0.459281 0.187020 0.408106
38.800000 0.321533 0.509377 0.161752 0.209483 0.495571 0.459324 0.187467 0.413528
39.000000 0.321773 0.516712 0.162014 0.211012 0.502064 0.459393 0.187942 0.418856
39.200000 0.321872 0.523840 0.162467 0.212172 0.508565 0.459371 0.188400 0.424307
39.400000 0.321956 0.531033 0.163080 0.213707 0.515240 0.459439 0.188774 0.429425
39.600000 0.322062 0.538166 0.163410 0.214945 0.521599 0.459475 0.189475 0.435061
39.800000 0.322075 0.545348 0.163850 0.216309 0.528224 0.459496 0.189904 0.440499
40.000000 0.322171 0.552374 0.164312 0.217503 0.534253 0.459483 0.190291 0.445600
40.200000 0.322183 0.559467 0.164511 0.218919 0.541135 0.459644 0.190925 0.451061
40.400000 0.322137 0.566251 0.164996 0.220197 0.547488 0.459591 0.191421 0.456476
40.600000 0.322221 0.573106 0.165415 0.221628 0.554107 0.459756 0.191814 0.462021
40.800000 0.322139 0.580255 0.165881 0.222919 0.560611 0.459836 0.192481 0.467200
41.000000 0.322160 0.587004 0.166311 0.224210 0.567139 0.459799 0.192965 0.472458
41.200000 0.322308 0.593475 0.166631 0.225421 0.573524 0.459943 0.193337 0.477730
41.400000 0.322354 0.599896 0.166972 0.226749 0.579892 0.459919 0.194007 0.482914
41.600000 0.322333 0.606306 0.167512 0.228098 0.586435 0.459926 0.194456 0.487869
41.800000 0.322125 0.612530 0.167595 0.229400 0.592500 0.459917 0.194911 0.493217
42.000000 0.322272 0.618668 0.168085 0.230449 0.599028 0.460185 0.195479 0.498496
42.200000 0.322313 0.624759 0.168188 0.231863 0.605290 0.460243 0.196008 0.503281
42.400000 0.322307 0.630620 0.168728 0.233104 0.611638 0.460133 0.196463 0.508390
42.600000 0.322123 0.636463 0.169179 0.234339 0.617641 0.460323 0.197102 0.513023
42.800000 0.322235 0.642055 0.169466 0.235453 0.623757 0.460303 0.197527 0.518105
43.000000 0.322247 0.647470 0.169750 0.236669 0.629842 0.460224 0.198021 0.522958
43.200000 0.322153 0.652962 0.170096 0.237750 0.635898 0.460447 0.198410 0.527656
43.400000 0.322000 0.658246 0.170567 0.239036 0.642042 0.460587 0.198672 0.532675
43.600000 0.321965 0.663118 0.170701 0.240277 0.647970 0.460647 0.199281 0.537154
43.800000 0.322044 0.667934 0.171029 0.241131 0.653623 0.460422 0.199829 0.541942
44.000000 0.322006 0.672951 0.171377 0.242668 0.659933 0.460847 0.200377 0.547077
44.200000 0.321930 0.679281 0.171709 0.244265 0.667562 0.460720 0.201068 0.552756
44.400000 0.321809 0.683886 0.171955 0.245272 0.673046 0.460612 0.201470 0.557284
44.600000 0.321887 0.688052 0.172240 0.246356 0.678796 0.460890 0.201894 0.561404
44.800000 0.321796 0.692272 0.172510 0.247371 0.684178 0.460821 0.202546 0.566238
45.000000 0.321805 0.696399 0.172769 0.248486 0.689472 0.461019 0.202923 0.570522
45.200000 0.321528 0.700076 0.173019 0.249541 0.695189 0.460963 0.203287 0.574504
45.400000 0.321614 0.703654 0.173231 0.250543 0.700086 0.461052 0.203959 0.578789
45.600000 0.321507 0.707491 0.173612 0.251622 0.705304 0.460970 0.204332 0.582933
45.800000 0.321466 0.710975 0.173774 0.252823 0.710558 0.461355 0.204851 0.587102
46.000000 0.321270 0.714511 0.173987 0.253851 0.715550 0.461236 0.205279 0.591096
46.200000 0.321380 0.717516 0.174105 0.254850 0.720445 0.461312 0.205718 0.595054
46.400000 0.321296 0.720821 0.174435 0.255868 0.725544 0.461340 0.206287 0.598849
46.600000 0.321285 0.723735 0.174642 0.256851 0.730313 0.461292 0.206704 0.602712
46.800000 0.321198 0.726749 0.174867 0.257912 0.735076 0.461426 0.207085 0.606601
47.000000 0.321170 0.729487 0.175133 0.258823 0.739847 0.461544 0.207540 0.610105
47.200000 0.320972 0.732228 0.175301 0.259834 0.744216 0.461565 0.208032 0.613888
47.400000 0.321084 0.734740 0.175608 0.260654 0.749004 0.461500 0.208318 0.617488
47.600000 0.321136 0.737447 0.175743 0.261828 0.753456 0.461716 0.208967 0.621100
47.800000 0.321034 0.739743 0.175948 0.262892 0.757970 0.461873 0.209387 0.624545
48.000000 0.320956 0.742176 0.176179 0.263629 0.762013 0.461862 0.209786 0.628011
48.200000 0.320960 0.744426 0.176292 0.264723 0.766422 0.461887 0.210106 0.631443
48.400000 0.320746 0.746400 0.176349 0.265420 0.770551 0.461788 0.210723 0.634618
48.600000 0.320858 0.748542 0.176847 0.266570 0.774652 0.461773 0.211033 0.637938
48.800000 0.320802 0.750312 0.176950 0.267190 0.778555 0.462187 0.211633 0.641179
49.000000 0.320710 0.752139 0.176923 0.268236 0.782358 0.462087 0.211828 0.644119
49.200000 0.320755 0.754181 0.177069 0.269057 0.786271 0.462220 0.212352 0.647174
49.400000 0.320858 0.756040 0.177370 0.269975 0.790019 0.462250 0.212620 0.650354
49.600000 0.320891 0.757727 0.177472 0.270730 0.793781 0.462289 0.213161 0.653430
49.800000 0.320848 0.759268 0.177737 0.271664 0.797474 0.462323 0.213564 0.656351
50.000000 0.320804 0.760664 0.177793 0.272666 0.801013 0.462249 0.213825 0.659295
50.200000 0.320809 0.762260 0.177923 0.312374 0.804571 0.462443 0.214506 0.662018
50.400000 0.320793 0.763705 0.178109 0.274430 0.808475 0.462542 0.214777 0.665180
50.600000 0.320734 0.765736 0.178428 0.275511 0.813181 0.462374 0.215359 0.669000
50.800000 0.320446 0.766949 0.178567 0.276347 0.816267 0.462548 0.215745 0.671541
51.000000 0.320582 0.768536 0.178729 0.277251 0.819584 0.462620 0.216123 0.674263
51.200000 0.320476 0.769675 0.178860 0.277901 0.822867 0.462757 0.216380 0.676743
51.400000 0.320455 0.770728 0.179059 0.278877 0.826017 0.462657 0.216869 0.679122
51.600000 0.320209 0.771830 0.179092 0.279605 0.828907 0.462863 0.217298 0.681710
51.800000 0.320326 0.773057 0.179204 0.280582 0.831919 0.462665 0.217740 0.684045
52.000000 0.320334 0.774117 0.179291 0.281261 0.834861 0.462814 0.218061 0.686464
52.200000 0.320326 0.775012 0.179623 0.282127 0.837578 0.463079 0.218458 0.688647
52.400000 0.320076 0.776109 0.179537 0.282701 0.840463 0.463080 0.218874 0.690932
52.600000 0.320251 0.777114 0.179811 0.283524 0.843333 0.463215 0.219274 0.693338
52.800000 0.320258 0.778022 0.179817 0.284230 0.845828 0.462958 0.219471 0.695255
53.000000 0.320199 0.778780 0.179796 0.285100 0.848416 0.463113 0.219942 0.697410
53.200000 0.320036 0.779705 0.180157 0.285751 0.851128 0.463165 0.220447 0.699640
53.400000 0.320143 0.780478 0.180123 0.286561 0.853689 0.463308 0.220518 0.701657
53.600000 0.320110 0.781140 0.180419 0.287174 0.856082 0.463354 0.220962 0.703696
53.800000 0.320257 0.782318 0.180640 0.287991 0.858476 0.463536 0.221422 0.705441
54.000000 0.320059 0.782744 0.180744 0.288744 0.860826 0.463531 0.221716 0.707575
54.200000 0.320044 0.783239 0.180666 0.289306 0.863149 0.463535 0.222089 0.709378
54.400000 0.319836 0.784015 0.180736 0.290062 0.865461 0.463487 0.222342 0.711093
54.600000 0.319880 0.784603 0.180826 0.290700 0.867595 0.463632 0.222826 0.713040
54.800000 0.319887 0.785355 0.181050 0.291370 0.869771 0.463664 0.223051 0.714846
55.000000 0.319694 0.785878 0.181235 0.292256 0.872018 0.463768 0.223458 0.716665
55.200000 0.319803 0.786492 0.181255 0.292846 0.873879 0.463809 0.223750 0.718129
55.400000 0.319546 0.787108 0.181365 0.293643 0.876058 0.464010 0.224097 0.719851
55.600000 0.319552 0.787792 0.181508 0.294286 0.878211 0.463786 0.224410 0.721459
55.800000 0.319620 0.788244 0.181432 0.294825 0.880059 0.463899 0.224707 0.722979
56.000000 0.319390 0.788494 0.181677 0.295418 0.881699 0.463898 0.225049 0.724517
56.200000 0.319652 0.789076 0.181618 0.296156 0.883688 0.463962 0.225377 0.726115
56.400000 0.319462 0.789602 0.181842 0.296920 0.885586 0.464053 0.225776 0.727682
56.600000 0.319518 0.790193 0.181973 0.297589 0.887470 0.464251 0.226128 0.729279
56.800000 0.319430 0.790687 0.181907 0.298380 0.889604 0.464302 0.226454 0.731033
57.000000 0.319433 0.791025 0.182158 0.298831 0.891587 0.464351 0.226650 0.732371
57.200000 0.319302 0.791404 0.181904 0.299545 0.893202 0.464417 0.226938 0.733698
57.400000 0.319253 0.791603 0.182261 0.300209 0.894771 0.464472 0.227256 0.734947
57.600000 0.319318 0.792135 0.182391 0.300826 0.896418 0.464436 0.227606 0.736129
57.800000 0.319337 0.792651 0.182464 0.301386 0.897845 0.464382 0.227971 0.737574
58.000000 0.319338 0.792986 0.182402 0.301878 0.899423 0.464563 0.228234 0.738410
58.200000 0.319300 0.793162 0.182626 0.302658 0.900936 0.464677 0.228542 0.740008
58.400000 0.319339 0.793609 0.182615 0.303310 0.902411 0.464754 0.228792 0.741131
58.600000 0.319299 0.793811 0.182682 0.303680 0.903912 0.464634 0.229103 0.742406
58.800000 0.319155 0.794143 0.182813 0.304307 0.905299 0.464891 0.229484 0.743265
59.000000 0.319194 0.794447 0.182970 0.304950 0.906609 0.464884 0.229532 0.744217
59.200000 0.319189 0.794602 0.183124 0.305356 0.907898 0.465075 0.230062 0.745677
59.400000 0.319077 0.794944 0.183073 0.306014 0.908952 0.464885 0.230199 0.746475
59.600000 0.319050 0.795222 0.183033 0.306540 0.910562 0.464901 0.230542 0.747558
59.800000 0.318774 0.795319 0.183108 0.307116 0.911827 0.465015 0.230595 0.748478
60.000000 0.318989 0.795705 0.183397 0.307679 0.913003 0.464961 0.231012 0.749516
60.200000 0.318947 0.796013 0.183278 0.308239 0.914188 0.465184 0.231348 0.750452
60.400000 0.318878 0.796092 0.183388 0.308802 0.915275 0.465042 0.231543 0.751410
60.600000 0.318843 0.796390 0.183480 0.309179 0.916632 0.465337 0.231815 0.752441
60.800000 0.318827 0.796591 0.183525 0.309850 0.917726 0.465354 0.232121 0.753397
61.000000 0.318790 0.796714 0.183653 0.310388 0.918998 0.465266 0.232360 0.754393
61.200000 0.318606 0.797110 0.183640 0.310960 0.919829 0.465374 0.232412 0.755224
61.400000 0.318735 0.797075 0.183750 0.311305 0.921310 0.465502 0.232698 0.756059
61.600000 0.318648 0.797262 0.183613 0.311744 0.922053 0.465242 0.233061 0.756752
61.800000 0.318657 0.797486 0.183751 0.312451 0.923112 0.465403 0.233263 0.757562
62.000000 0.318589 0.797703 0.183777 0.313031 0.924088 0.465496 0.233652 0.758405
62.200000 0.318585 0.797760 0.183972 0.313296 0.925138 0.465679 0.233688 0.759171
62.400000 0.318472 0.798066 0.183997 0.313756 0.926154 0.465586 0.234026 0.760157
62.600000 0.318464 0.798159 0.184119 0.314392 0.926906 0.465818 0.234266 0.760759
62.800000 0.318370 0.798290 0.184240 0.314913 0.928109 0.465707 0.234588 0.761584
63.000000 0.318263 0.798451 0.184135 0.315434 0.929136 0.465833 0.234661 0.762431
63.200000 0.318400 0.798408 0.184208 0.315936 0.929884 0.465816 0.235177 0.763055
63.400000 0.318383 0.798598 0.184291 0.316370 0.930778 0.465901 0.235210 0.763587
63.600000 0.318297 0.798906 0.184400 0.316876 0.931577 0.465933 0.235443 0.764463
63.800000 0.318244 0.798656 0.184183 0.317175 0.932360 0.465932 0.235722 0.764774
64.000000 0.318177 0.799098 0.184398 0.317923 0.933102 0.466095 0.235755 0.765837
64.200000 0.318198 0.798798 0.184584 0.318240 0.934202 0.466099 0.235967 0.766310
64.400000 0.318194 0.799161 0.184558 0.318651 0.934964 0.466040 0.236267 0.767059
64.600000 0.318002 0.799420 0.184618 0.318978 0.935780 0.466226 0.236366 0.767654
64.800000 0.318117 0.799133 0.184615 0.319530 0.936335 0.466103 0.236595 0.767999
65.000000 0.317999 0.799546 0.184671 0.320102 0.937389 0.466160 0.236960 0.768889
65.200000 0.318093 0.799719 0.184929 0.320725 0.938199 0.466425 0.236987 0.769489
65.400000 0.318040 0.799648 0.184783 0.320804 0.938816 0.466409 0.237331 0.769862
65.600000 0.318099 0.799826 0.184732 0.321246 0.939773 0.466346 0.237557 0.770514
65.800000 0.318007 0.799883 0.184768 0.321771 0.940220 0.466601 0.237582 0.770752
66.000000 0.317938 0.799922 0.184785 0.322009 0.940773 0.466520 0.237905 0.771393
66.200000 0.317901 0.800004 0.184828 0.322663 0.941557 0.466548 0.238104 0.772007
66.400000 0.317884 0.800060 0.184826 0.323147 0.942224 0.466309 0.238287 0.772475
66.600000 0.317718 0.800302 0.184999 0.323340 0.942823 0.466643 0.238348 0.773095
66.800000 0.317816 0.800194 0.185048 0.323916 0.943185 0.466763 0.238707 0.773324
67.000000 0.317795 0.800247 0.185024 0.324211 0.944107 0.466631 0.238897 0.773934
67.200000 0.317802 0.800317 0.185164 0.324690 0.944827 0.466619 0.239061 0.774477
67.400000 0.317771 0.800431 0.185331 0.325055 0.945218 0.466846 0.239109 0.774965
67.600000 0.317753 0.800388 0.185148 0.325344 0.945771 0.466917 0.239450 0.775430
67.800000 0.317770 0.800724 0.185331 0.325862 0.946587 0.466843 0.239645 0.776050
68.000000 0.317664 0.800597 0.185292 0.326092 0.947045 0.467056 0.239807 0.776233
68.200000 0.317584 0.800629 0.185376 0.326561 0.947608 0.467122 0.239878 0.776811
68.400000 0.317817 0.800538 0.185301 0.327057 0.948256 0.467207 0.240057 0.777247
68.600000 0.317644 0.800737 0.185497 0.327427 0.948692 0.467157 0.240283 0.777468
68.800000 0.317595 0.800917 0.185426 0.327835 0.949199 0.467130 0.240445 0.777906
69.000000 0.317547 0.800904 0.185415 0.328218 0.949580 0.467353 0.240613 0.778251
69.200000 0.317603 0.801056 0.185397 0.328632 0.950214 0.467283 0.240825 0.778687
69.400000 0.317529 0.800803 0.185549 0.329023 0.950814 0.467112 0.240824 0.779145
69.600000 0.317403 0.800800 0.185626 0.329356 0.951336 0.467269 0.241046 0.779511
69.800000 0.317508 0.801182 0.185791 0.329802 0.952069 0.467462 0.241264 0.780016
70.000000 0.317450 0.801144 0.185708 0.329971 0.952183 0.467618 0.241286 0.780120
70.200000 0.317426 0.801188 0.185806 0.330442 0.952890 0.467513 0.241607 0.780711
70.400000 0.317318 0.800969 0.185788 0.330825 0.953233 0.467516 0.241749 0.781030
70.600000 0.317294 0.801129 0.185711 0.330976 0.953549 0.467410 0.241894 0.742201
70.800000 0.317290 0.801219 0.185738 0.331321 0.954414 0.467644 0.242060 0.781479
71.000000 0.317090 0.801140 0.185909 0.331805 0.954712 0.467537 0.242255 0.781993
71.200000 0.317242 0.801283 0.185989 0.332043 0.955263 0.467701 0.242332 0.782269
71.400000 0.316970 0.801309 0.185974 0.332505 0.955376 0.467731 0.242609 0.782471
71.600000 0.317218 0.801330 0.185874 0.332871 0.956076 0.467704 0.242671 0.782887
71.800000 0.317027 0.801382 0.186070 0.332947 0.956168 0.467704 0.242788 0.783017
72.000000 0.316783 0.801258 0.186017 0.333484 0.956771 0.467907 0.242948 0.783354
72.200000 0.316917 0.801461 0.185829 0.333787 0.956922 0.467941 0.243213 0.783959
72.400000 0.316523 0.801309 0.186119 0.334313 0.957443 0.467970 0.243118 0.784118
72.600000 0.316622 0.801318 0.186265 0.334611 0.957878 0.467966 0.243368 0.784410
72.800000 0.316722 0.801404 0.186247 0.334829 0.958149 0.467990 0.243515 0.784736
73.000000 0.316743 0.801324 0.186262 0.335161 0.958258 0.468015 0.243586 0.784845
73.200000 0.316675 0.801241 0.186300 0.335417 0.958842 0.468098 0.243709 0.785059
73.400000 0.316628 0.801333 0.186245 0.335742 0.959156 0.468267 0.243852 0.785252
73.600000 0.316619 0.801106 0.186213 0.335888 0.959066 0.468055 0.243930 0.785330
73.800000 0.316497 0.801516 0.186417 0.336399 0.959637 0.468196 0.244130 0.785772
74.000000 0.316396 0.801287 0.186353 0.336642 0.959997 0.468277 0.244216 0.785964
74.200000 0.316512 0.801172 0.186251 0.336976 0.960320 0.468353 0.244226 0.786040
74.400000 0.316548 0.801345 0.186402 0.337293 0.960702 0.468391 0.244496 0.786306
74.600000 0.316477 0.801101 0.186506 0.337395 0.961048 0.468442 0.244532 0.786541
74.800000 0.316327 0.801330 0.186554 0.337910 0.961154 0.468473 0.244706 0.786861
75.000000 0.316326 0.801385 0.186609 0.338199 0.961707 0.468551 0.244777 0.787178
75.200000 0.316607 0.801323 0.186325 0.338404 0.961772 0.468575 0.244926 0.787351
75.400000 0.316276 0.800784 0.186278 0.338725 0.962211 0.468568 0.245057 0.787652
75.600000 0.316331 0.801105 0.186492 0.339015 0.962373 0.468693 0.245191 0.787753
75.800000 0.316413 0.801121 0.186586 0.339257 0.962627 0.468654 0.245293 0.787714
76.000000 0.316217 0.801187 0.186677 0.339510 0.962966 0.468689 0.245362 0.787904
76.200000 0.316268 0.801176 0.186675 0.339681 0.963248 0.429756 0.245468 0.788333
76.400000 0.316255 0.801108 0.186741 0.340157 0.963560 0.468827 0.245542 0.788323
76.600000 0.316235 0.801088 0.186735 0.340276 0.963779 0.468645 0.245892 0.788629
76.800000 0.316127 0.801054 0.186745 0.340618 0.963824 0.468863 0.245672 0.788800
77.000000 0.316242 0.801042 0.186783 0.341009 0.964097 0.468939 0.246117 0.788987
77.200000 0.315901 0.800987 0.186747 0.341298 0.964584 0.468967 0.246087 0.789006
77.400000 0.316065 0.800934 0.186620 0.341644 0.964593 0.469011 0.246170 0.789238
77.600000 0.316212 0.801311 0.186889 0.341856 0.964937 0.469073 0.246165 0.789632
77.800000 0.316031 0.801170 0.187002 0.341907 0.965235 0.469075 0.246401 0.789587
78.000000 0.316143 0.801082 0.186866 0.342394 0.965263 0.469093 0.246508 0.789800
78.200000 0.316125 0.800810 0.186959 0.342464 0.965465 0.469074 0.246559 0.789920
78.400000 0.316312 0.801094 0.186923 0.342866 0.965852 0.469260 0.246599 0.790177
78.600000 0.316029 0.801148 0.187068 0.343043 0.965948 0.469219 0.246767 0.790235
78.800000 0.316075 0.800852 0.187008 0.343185 0.966073 0.469361 0.246771 0.790289
79.000000 0.316114 0.800951 0.187035 0.343588 0.966442 0.469227 0.246961 0.790352
79.200000 0.316087 0.800960 0.187059 0.343807 0.966632 0.469238 0.247086 0.790762
79.400000 0.316123 0.800812 0.187172 0.344132 0.966712 0.469448 0.247154 0.790832
79.600000 0.315868 0.800815 0.187157 0.344355 0.967202 0.469465 0.247188 0.790922
79.800000 0.316012 0.800850 0.187290 0.344598 0.967170 0.469550 0.247333 0.790888
80.000000 0.316012 0.801185 0.187076 0.344796 0.967641 0.469332 0.247397 0.791038
80.200000 0.315979 0.800867 0.187202 0.345020 0.967600 0.469546 0.247470 0.791269
80.400000 0.315857 0.800957 0.187169 0.345154 0.967826 0.469574 0.247371 0.791351
80.600000 0.315936 0.800850 0.187280 0.345472 0.967845 0.469721 0.247600 0.791538
80.800000 0.315884 0.800783 0.187123 0.345887 0.968139 0.469723 0.247757 0.791749
81.000000 0.315821 0.800929 0.187300 0.345775 0.968168 0.469708 0.247681 0.791786
81.200000 0.315889 0.800887 0.187341 0.346194 0.968546 0.469918 0.247882 0.791944
81.400000 0.315847 0.800853 0.187351 0.346536 0.968514 0.469706 0.248053 0.792070
81.600000 0.315821 0.800957 0.187315 0.346643 0.968800 0.469887 0.248047 0.791724
81.800000 0.315774 0.800790 0.187235 0.346775 0.969018 0.469846 0.248216 0.792217
82.000000 0.315735 0.801016 0.187273 0.347064 0.969179 0.469855 0.248165 0.792496
82.200000 0.315576 0.800879 0.187383 0.347277 0.969232 0.469923 0.248224 0.792471
82.400000 0.315593 0.800959 0.187402 0.347473 0.969326 0.470005 0.248380 0.792448
82.600000 0.315747 0.801018 0.187382 0.347672 0.969491 0.469984 0.248441 0.792784
82.800000 0.315671 0.800986 0.187485 0.347785 0.969570 0.469829 0.248492 0.792770
83.000000 0.315630 0.800644 0.187390 0.348156 0.969716 0.470102 0.248510 0.793020
83.200000 0.315584 0.801001 0.187646 0.348288 0.970304 0.470263 0.248680 0.793088
83.400000 0.315586 0.800818 0.187662 0.348366 0.970160 0.470409 0.248712 0.793302
83.600000 0.315469 0.800763 0.187629 0.348697 0.970239 0.470253 0.248706 0.793244
83.800000 0.315616 0.800889 0.187449 0.348906 0.970568 0.470185 0.248798 0.793417
84.000000 0.315701 0.800702 0.187585 0.349067 0.970569 0.470265 0.248725 0.793316
84.200000 0.315622 0.800696 0.187576 0.349182 0.970798 0.470215 0.248780 0.793573
84.400000 0.315633 0.800701 0.187559 0.349497 0.970716 0.470336 0.248971 0.793684
84.600000 0.315592 0.800776 0.187795 0.349464 0.970686 0.470278 0.249171 0.793620
84.800000 0.315607 0.800840 0.187729 0.349996 0.971098 0.470567 0.249141 0.793884
85.000000 0.315566 0.800544 0.187731 0.350137 0.971314 0.470574 0.249035 0.793931
85.200000 0.315607 0.800905 0.187727 0.350287 0.971236 0.470551 0.249288 0.793967
85.400000 0.315642 0.800473 0.187748 0.350278 0.971471 0.470443 0.249326 0.794172
85.600000 0.315579 0.800731 0.187781 0.350527 0.971589 0.470563 0.249177 0.794162
85.800000 0.315632 0.800822 0.187817 0.350886 0.971876 0.470458 0.249202 0.794308
86.000000 0.315406 0.800675 0.187752 0.350905 0.971642 0.470387 0.249427 0.794367
86.200000 0.315565 0.800753 0.187957 0.351245 0.971922 0.470709 0.249633 0.794461
86.400000 0.315513 0.800758 0.187751 0.351312 0.971991 0.470582 0.249552 0.794374
86.600000 0.315691 0.800858 0.187938 0.351613 0.972158 0.470878 0.249612 0.794569
86.800000 0.315497 0.800762 0.187871 0.351747 0.972397 0.470862 0.249609 0.794565
87.000000 0.315528 0.800774 0.187895 0.351969 0.972232 0.471000 0.249617 0.794607
87.200000 0.315537 0.800758 0.187895 0.352261 0.972514 0.470738 0.249928 0.794982
87.400000 0.315616 0.800741 0.187844 0.352387 0.972631 0.470927 0.249887 0.795077
87.600000 0.315476 0.800785 0.187976 0.352534 0.972833 0.470992 0.249795 0.795010
87.800000 0.315495 0.800718 0.188021 0.352719 0.972878 0.471032 0.249948 0.795059
88.000000 0.315463 0.800559 0.187996 0.352908 0.972818 0.470945 0.250015 0.795058
88.200000 0.315489 0.800755 0.188064 0.353021 0.973187 0.471022 0.250242 0.795144
88.400000 0.315405 0.800279 0.188105 0.353327 0.973448 0.471186 0.250009 0.795402
88.600000 0.315440 0.800859 0.188102 0.353316 0.973362 0.471181 0.250152 0.795305
88.800000 0.315450 0.800777 0.188016 0.353551 0.973449 0.471116 0.250130 0.795475
89.000000 0.315291 0.800709 0.188079 0.353773 0.973805 0.471100 0.250210 0.795592
89.200000 0.315422 0.800863 0.188053 0.354049 0.973743 0.471333 0.250313 0.795602
89.400000 0.315534 0.800664 0.188121 0.354024 0.973823 0.471281 0.250331 0.795642
89.600000 0.315327 0.800919 0.188193 0.354380 0.974091 0.471194 0.250312 0.795772
89.800000 0.315333 0.800811 0.188077 0.354517 0.974111 0.471340 0.250267 0.795938
90.000000 0.315345 0.800752 0.188059 0.354886 0.974140 0.471324 0.250407 0.796033
