0.200000 0.063005 0.538461 0.310014 0.341703 0.586200 0.566834 0.333131 0.508486
0.400000 0.062987 0.537271 0.309908 0.341620 0.584255 0.566679 0.333186 0.507366
0.600000 0.063015 0.536569 0.309909 0.341209 0.583125 0.566589 0.332960 0.506462
0.800000 0.062916 0.536431 0.309572 0.341314 0.581680 0.566580 0.333095 0.505888
1.000000 0.063013 0.535993 0.309799 0.341215 0.580998 0.566596 0.332935 0.505114
1.200000 0.062721 0.535474 0.309914 0.341106 0.579956 0.566595 0.332918 0.504389
1.400000 0.062707 0.535063 0.309809 0.341012 0.578861 0.566494 0.332686 0.503662
1.600000 0.062717 0.534573 0.309806 0.340952 0.577917 0.566496 0.332665 0.502833
1.800000 0.062987 0.533995 0.309869 0.340769 0.576872 0.566433 0.332726 0.501959
2.000000 0.062857 0.533629 0.309780 0.340709 0.575816 0.566305 0.332647 0.501329
2.200000 0.062817 0.532939 0.309638 0.340598 0.574737 0.566369 0.332370 0.500526
2.400000 0.062826 0.532817 0.309900 0.340409 0.573832 0.566142 0.332554 0.499785
2.600000 0.062855 0.532224 0.309679 0.340486 0.572741 0.566405 0.332450 0.499051
2.800000 0.062847 0.531810 0.309944 0.340304 0.571826 0.566341 0.332423 0.498340
3.000000 0.062798 0.531159 0.309861 0.340332 0.570812 0.566229 0.332304 0.497565
3.200000 0.062820 0.530758 0.309661 0.340207 0.569822 0.566274 0.332226 0.496894
3.400000 0.062842 0.530468 0.309728 0.340211 0.568602 0.566186 0.332210 0.496314
3.600000 0.062718 0.529895 0.309562 0.339822 0.567758 0.566292 0.332140 0.495449
3.800000 0.062815 0.529552 0.309508 0.339875 0.566813 0.565974 0.331894 0.494766
4.000000 0.062791 0.529169 0.309389 0.339771 0.565864 0.566089 0.331920 0.493937
4.200000 0.062788 0.528413 0.309566 0.339637 0.564846 0.566093 0.331970 0.493409
4.400000 0.062780 0.528405 0.309562 0.339678 0.563936 0.566083 0.331928 0.492700
4.600000 0.062762 0.527719 0.309466 0.339252 0.562788 0.565918 0.331765 0.491651
4.800000 0.062779 0.527276 0.309194 0.339170 0.561733 0.565943 0.331569 0.490881
5.000000 0.062726 0.526762 0.309309 0.339124 0.560919 0.565741 0.331492 0.490162
5.200000 0.062725 0.526377 0.309203 0.339177 0.559921 0.565354 0.331557 0.489594
5.400000 0.062544 0.525905 0.309025 0.338755 0.558882 0.565598 0.331257 0.488819
5.600000 0.062563 0.525420 0.308981 0.338602 0.557733 0.565435 0.331234 0.488127
5.800000 0.062738 0.524954 0.309228 0.338597 0.557075 0.565479 0.331180 0.487388
6.000000 0.062725 0.524468 0.309079 0.338510 0.556170 0.565364 0.331005 0.486728
6.200000 0.062410 0.524236 0.308895 0.338384 0.555232 0.565386 0.331070 0.486105
6.400000 0.062726 0.523686 0.308876 0.338161 0.554192 0.565460 0.330811 0.485170
6.600000 0.062733 0.523187 0.308985 0.338026 0.552761 0.565236 0.330772 0.484174
6.800000 0.062722 0.522854 0.308561 0.337877 0.551637 0.565007 0.330565 0.483380
7.000000 0.062693 0.522347 0.308665 0.337977 0.551131 0.565033 0.330613 0.482955
7.200000 0.062681 0.521971 0.308798 0.337749 0.550069 0.565029 0.330493 0.482316
7.400000 0.062683 0.521644 0.308688 0.337579 0.549058 0.564882 0.330386 0.481445
7.600000 0.062686 0.521126 0.308655 0.337531 0.548385 0.565011 0.330337 0.480886
7.800000 0.062696 0.520654 0.308404 0.337392 0.547410 0.564846 0.330202 0.480203
8.000000 0.062683 0.520380 0.308633 0.337294 0.546308 0.564601 0.330186 0.479459
8.200000 0.062688 0.519847 0.308423 0.337240 0.545383 0.564760 0.330163 0.478966
8.400000 0.062673 0.519627 0.308641 0.337204 0.544767 0.564272 0.330010 0.478418
8.600000 0.062652 0.519005 0.308417 0.337058 0.543915 0.564625 0.329783 0.477674
8.800000 0.062575 0.518582 0.308354 0.336810 0.543056 0.564550 0.329817 0.477007
9.000000 0.062649 0.518345 0.308335 0.336860 0.542283 0.564666 0.329835 0.476390
9.200000 0.062642 0.517961 0.308332 0.336697 0.541529 0.564590 0.329854 0.475878
9.400000 0.062617 0.517585 0.308458 0.336697 0.540355 0.564477 0.329863 0.475453
9.600000 0.062636 0.517194 0.308287 0.336461 0.539576 0.564327 0.329471 0.474620
9.800000 0.062681 0.516779 0.308047 0.336410 0.538732 0.564277 0.329371 0.473821
10.000000 0.062447 0.516503 0.307969 0.336282 0.537145 0.563977 0.329176 0.473077
10.200000 0.062444 0.515820 0.307937 0.336077 0.536581 0.564051 0.328996 0.472153
10.400000 0.062589 0.515485 0.307933 0.336027 0.535989 0.564030 0.329295 0.471809
10.600000 0.062585 0.515281 0.308071 0.335988 0.535236 0.564135 0.329183 0.471305
10.800000 0.062610 0.514764 0.307977 0.335915 0.534107 0.564023 0.329008 0.470819
11.000000 0.062575 0.514532 0.307893 0.335823 0.533684 0.564051 0.328978 0.470257
11.200000 0.062579 0.514098 0.307882 0.335704 0.532902 0.564111 0.328897 0.469799
11.400000 0.062564 0.513816 0.307721 0.335544 0.532044 0.563815 0.328637 0.468826
11.600000 0.062711 0.513494 0.307911 0.335415 0.531383 0.563867 0.328804 0.468568
11.800000 0.062587 0.513319 0.307764 0.335307 0.530670 0.563678 0.328550 0.467925
12.000000 0.062520 0.512844 0.307736 0.335272 0.529741 0.563884 0.328606 0.467134
12.200000 0.062698 0.512698 0.307705 0.335332 0.528953 0.563548 0.328587 0.466620
12.400000 0.062694 0.512239 0.307627 0.335294 0.528562 0.563685 0.328448 0.466244
12.600000 0.062525 0.511774 0.307739 0.334960 0.527340 0.563734 0.328448 0.465540
12.800000 0.062556 0.511544 0.307664 0.334952 0.526456 0.563668 0.328424 0.464995
13.000000 0.062410 0.511285 0.307640 0.334958 0.525938 0.563459 0.328299 0.464405
13.200000 0.062546 0.510635 0.307017 0.334839 0.525181 0.563616 0.328316 0.463888
13.400000 0.062531 0.510617 0.307536 0.334720 0.524675 0.563555 0.328269 0.463549
13.600000 0.062529 0.510077 0.307313 0.334722 0.523800 0.563586 0.328188 0.462926
13.800000 0.062519 0.509915 0.307570 0.334621 0.523114 0.563456 0.327917 0.462424
14.000000 0.062270 0.509579 0.307481 0.334553 0.522704 0.563364 0.327953 0.461888
14.200000 0.062557 0.509359 0.307336 0.334618 0.521982 0.563586 0.327966 0.461488
14.400000 0.062521 0.509150 0.307404 0.334359 0.521370 0.563487 0.327814 0.461096
14.600000 0.062503 0.508875 0.307466 0.334204 0.520589 0.563411 0.327871 0.460565
14.800000 0.062521 0.508618 0.307275 0.334274 0.519936 0.563424 0.327629 0.460116
15.000000 0.062627 0.508338 0.307406 0.334220 0.519430 0.563203 0.327677 0.459644
15.200000 0.062059 0.502148 0.300379 0.327442 0.512296 0.557152 0.320858 0.452706
15.400000 0.062006 0.501859 0.300474 0.327493 0.511928 0.557353 0.321133 0.452465
15.600000 0.062066 0.502108 0.300830 0.327472 0.511661 0.557336 0.321077 0.452282
15.800000 0.062075 0.501846 0.300842 0.327498 0.510916 0.557433 0.321050 0.451902
16.000000 0.061958 0.501653 0.300816 0.327464 0.510581 0.557524 0.321260 0.451654
16.200000 0.062074 0.501162 0.300926 0.327313 0.509955 0.557488 0.321099 0.451068
16.400000 0.062072 0.501170 0.300651 0.327300 0.509255 0.557244 0.320789 0.450529
16.600000 0.062088 0.501289 0.300976 0.327362 0.508923 0.557666 0.321196 0.450524
16.800000 0.062076 0.501047 0.300777 0.327449 0.508429 0.557532 0.321131 0.450061
17.000000 0.062089 0.500666 0.300821 0.327163 0.468845 0.557399 0.320966 0.449518
17.200000 0.062090 0.500565 0.300838 0.327274 0.507227 0.557553 0.320820 0.449050
17.400000 0.062078 0.500525 0.300869 0.327273 0.506665 0.557086 0.320545 0.448601
17.600000 0.062067 0.500403 0.300853 0.327036 0.506275 0.557414 0.320934 0.448331
17.800000 0.061957 0.500062 0.301056 0.327498 0.505892 0.557826 0.321238 0.448439
18.000000 0.061966 0.499699 0.301119 0.327454 0.505429 0.557571 0.321046 0.447958
18.200000 0.062050 0.499381 0.300929 0.327351 0.504732 0.557608 0.321008 0.447350
18.400000 0.062046 0.499076 0.300981 0.327240 0.504172 0.557671 0.321179 0.446931
18.600000 0.062071 0.498531 0.301007 0.327180 0.503637 0.557506 0.320960 0.446572
18.800000 0.062066 0.498560 0.300989 0.327011 0.503174 0.557437 0.320913 0.446137
19.000000 0.062063 0.498203 0.300935 0.326982 0.502281 0.557535 0.320796 0.445552
19.200000 0.062129 0.497987 0.300761 0.326974 0.501716 0.557510 0.320859 0.445235
19.400000 0.062060 0.498177 0.300993 0.327058 0.501320 0.557665 0.320820 0.444815
19.600000 0.062019 0.497584 0.300639 0.326723 0.500372 0.557204 0.320532 0.444124
19.800000 0.062048 0.497335 0.300682 0.326495 0.499827 0.557132 0.320390 0.443574
20.000000 0.062033 0.497065 0.300746 0.326460 0.499686 0.557105 0.320433 0.443445
20.200000 0.062075 0.496832 0.300921 0.326602 0.499239 0.557553 0.320535 0.443248
20.400000 0.062042 0.496552 0.300757 0.326549 0.498474 0.557308 0.320508 0.442805
20.600000 0.061996 0.496501 0.300666 0.326459 0.497953 0.557249 0.320329 0.442320
20.800000 0.062078 0.496416 0.300964 0.326801 0.497474 0.557319 0.320436 0.442052
21.000000 0.062021 0.496201 0.301027 0.326464 0.496891 0.557480 0.320508 0.441639
21.200000 0.062014 0.495864 0.300720 0.326518 0.496457 0.557107 0.320551 0.441371
21.400000 0.062033 0.495698 0.300972 0.326411 0.496005 0.557357 0.320393 0.440908
21.600000 0.062026 0.495028 0.300885 0.326307 0.495195 0.557374 0.320149 0.440668
21.800000 0.062003 0.495085 0.300768 0.326284 0.494825 0.557327 0.320329 0.440069
22.000000 0.062025 0.494914 0.300772 0.326332 0.494285 0.557146 0.320278 0.439708
22.200000 0.062018 0.494614 0.300870 0.326204 0.493727 0.557149 0.320161 0.439073
22.400000 0.061973 0.494424 0.300676 0.326048 0.493437 0.557112 0.320098 0.439009
22.600000 0.061974 0.494042 0.300744 0.325773 0.492683 0.557033 0.320047 0.438601
22.800000 0.061966 0.493774 0.300896 0.326049 0.492101 0.557166 0.320082 0.438252
23.000000 0.061965 0.493922 0.300627 0.325890 0.491766 0.557155 0.319961 0.437817
23.200000 0.061803 0.493999 0.300626 0.325850 0.491060 0.557096 0.319835 0.437424
23.400000 0.061989 0.493744 0.300707 0.325903 0.490676 0.557086 0.319853 0.436999
23.600000 0.061961 0.493489 0.300866 0.325746 0.490044 0.557176 0.319917 0.436859
23.800000 0.062102 0.493127 0.300694 0.325649 0.489769 0.557228 0.319954 0.436513
24.000000 0.061994 0.492719 0.300695 0.325746 0.489255 0.556994 0.319813 0.436228
24.200000 0.061821 0.492432 0.300658 0.325770 0.488740 0.557021 0.319678 0.435755
24.400000 0.061783 0.492293 0.300602 0.325556 0.488303 0.557001 0.319745 0.435473
24.600000 0.062044 0.492047 0.300708 0.325515 0.487659 0.557066 0.319381 0.434991
24.800000 0.062101 0.491834 0.300684 0.325484 0.487331 0.557098 0.319540 0.434592
25.000000 0.061978 0.491516 0.300620 0.325581 0.486629 0.557036 0.319564 0.434325
25.200000 0.061941 0.491230 0.300674 0.325434 0.486289 0.556521 0.319575 0.433953
25.400000 0.061888 0.491065 0.300531 0.325200 0.485619 0.556827 0.319462 0.433423
25.600000 0.061921 0.490978 0.300415 0.325251 0.485190 0.556802 0.319638 0.433157
25.800000 0.061960 0.490707 0.300571 0.325155 0.484688 0.556549 0.319422 0.432611
26.000000 0.061920 0.490563 0.300520 0.325140 0.484234 0.556855 0.319368 0.432290
26.200000 0.061889 0.490388 0.300489 0.325156 0.483643 0.556799 0.319254 0.432047
26.400000 0.061799 0.489979 0.300583 0.325014 0.483133 0.556715 0.319319 0.431730
26.600000 0.061915 0.489937 0.300537 0.325150 0.482755 0.556711 0.319283 0.431426
26.800000 0.061896 0.489802 0.300465 0.324898 0.482165 0.556753 0.319205 0.431036
27.000000 0.061903 0.489542 0.300319 0.324835 0.481972 0.556635 0.319232 0.430712
27.200000 0.061885 0.489202 0.300452 0.324855 0.481354 0.556684 0.319046 0.430360
27.400000 0.061890 0.489162 0.300512 0.324653 0.480686 0.556580 0.319006 0.430037
27.600000 0.061915 0.489036 0.300537 0.324555 0.480435 0.556602 0.319027 0.429553
27.800000 0.061883 0.488854 0.300416 0.324760 0.479996 0.556583 0.318942 0.429353
28.000000 0.061863 0.488694 0.300412 0.324525 0.479560 0.556573 0.318863 0.428947
28.200000 0.061815 0.488588 0.300361 0.324446 0.479060 0.556500 0.318897 0.428613
28.400000 0.061821 0.488604 0.300416 0.324507 0.478647 0.556388 0.318812 0.428022
28.600000 0.061747 0.488539 0.300337 0.324376 0.478162 0.556421 0.318803 0.427956
28.800000 0.061705 0.488570 0.300259 0.324371 0.477687 0.556446 0.318707 0.427617
29.000000 0.061736 0.488284 0.300174 0.324208 0.477078 0.556315 0.318644 0.427141
29.200000 0.061731 0.487797 0.300432 0.324119 0.476823 0.556220 0.318735 0.426672
29.400000 0.061733 0.487545 0.300458 0.324163 0.476312 0.556316 0.318452 0.426714
29.600000 0.061701 0.487566 0.300286 0.324143 0.475993 0.556483 0.318491 0.426463
29.800000 0.061675 0.487245 0.300190 0.324074 0.475474 0.556200 0.318590 0.426104
30.000000 0.061758 0.486975 0.299988 0.324072 0.474930 0.556068 0.318443 0.425584
30.200000 0.061690 0.486823 0.300199 0.323834 0.474616 0.556309 0.318367 0.425341
30.400000 0.061361 0.486732 0.300419 0.324236 0.474309 0.556417 0.318459 0.425144
30.600000 0.061611 0.486533 0.300303 0.324145 0.473689 0.556338 0.318482 0.424823
30.800000 0.061657 0.486322 0.300198 0.324072 0.473276 0.556185 0.318564 0.424734
31.000000 0.061737 0.486195 0.300548 0.324172 0.472922 0.556275 0.318563 0.424495
31.200000 0.061713 0.486116 0.300533 0.323935 0.472483 0.556278 0.318542 0.423866
31.400000 0.062046 0.485721 0.300583 0.323963 0.472074 0.556257 0.318393 0.423656
31.600000 0.062289 0.485724 0.300475 0.323886 0.471865 0.556300 0.318319 0.423499
31.800000 0.062540 0.485410 0.300490 0.323914 0.471531 0.556228 0.318422 0.423268
32.000000 0.062865 0.485188 0.300184 0.323939 0.471222 0.555960 0.318303 0.423151
32.200000 0.062899 0.485108 0.300515 0.323779 0.471288 0.556304 0.318391 0.423043
32.400000 0.063438 0.485317 0.300500 0.323986 0.471332 0.556282 0.318434 0.423107
32.600000 0.063660 0.485224 0.300512 0.324039 0.471511 0.556236 0.318349 0.423010
32.800000 0.064158 0.485190 0.300455 0.324024 0.471734 0.556116 0.318374 0.423349
33.000000 0.064538 0.485288 0.300636 0.324089 0.472295 0.556221 0.318324 0.423843
33.200000 0.064775 0.485503 0.300748 0.324138 0.472944 0.556251 0.318304 0.424286
33.400000 0.065086 0.485849 0.300618 0.324423 0.473680 0.556307 0.318542 0.424712
33.600000 0.065307 0.486165 0.300742 0.324421 0.474718 0.556330 0.318380 0.425475
33.800000 0.065602 0.486865 0.300758 0.324801 0.475836 0.556257 0.318565 0.426216
34.000000 0.065827 0.487239 0.300706 0.324710 0.476828 0.556290 0.318325 0.427081
34.200000 0.066059 0.488234 0.300850 0.325158 0.478420 0.556248 0.318468 0.428044
34.400000 0.066161 0.489072 0.300795 0.325292 0.479617 0.556271 0.318398 0.429073
34.600000 0.066395 0.489733 0.300605 0.325439 0.481539 0.556229 0.318357 0.430336
34.800000 0.066595 0.491269 0.300694 0.325669 0.483174 0.556284 0.318593 0.431589
35.000000 0.066694 0.492822 0.300874 0.326090 0.485119 0.556442 0.318556 0.432841
35.200000 0.066802 0.494155 0.301028 0.326285 0.486950 0.555911 0.318327 0.434234
35.400000 0.066960 0.496141 0.300838 0.326642 0.488945 0.556276 0.318529 0.435668
35.600000 0.067048 0.497658 0.300775 0.327001 0.491122 0.556272 0.318560 0.437096
35.800000 0.067284 0.499588 0.300900 0.327234 0.493401 0.556258 0.318750 0.438738
36.000000 0.067246 0.501811 0.301039 0.327488 0.495504 0.556328 0.318514 0.440328
36.200000 0.067299 0.503869 0.301098 0.327888 0.497880 0.556302 0.318478 0.441910
36.400000 0.067394 0.506211 0.301172 0.328197 0.500042 0.556272 0.318655 0.443721
36.600000 0.067492 0.508699 0.301183 0.328614 0.502368 0.556316 0.318715 0.445319
36.800000 0.067526 0.511121 0.301174 0.328926 0.504941 0.556431 0.318695 0.447279
37.000000 0.067527 0.513863 0.301217 0.329162 0.507606 0.556248 0.318818 0.449184
37.200000 0.067679 0.516691 0.301260 0.329731 0.510410 0.556423 0.318926 0.451500
37.400000 0.067706 0.520794 0.301130 0.330014 0.514219 0.556284 0.318901 0.453870
37.600000 0.067721 0.523852 0.301216 0.330548 0.516813 0.556441 0.318924 0.455650
37.800000 0.067773 0.526999 0.301250 0.330508 0.519565 0.556347 0.318794 0.457819
38.000000 0.067798 0.530041 0.301291 0.330918 0.522332 0.556238 0.318891 0.459747
38.200000 0.067828 0.533215 0.301420 0.331406 0.525248 0.556379 0.318993 0.461926
38.400000 0.067851 0.536727 0.301449 0.331838 0.528187 0.556381 0.319163 0.464094
38.600000 0.067827 0.539857 0.301374 0.331901 0.530863 0.556157 0.318970 0.465981
38.800000 0.068038 0.543404 0.301515 0.332330 0.533977 0.556447 0.319124 0.468369
39.000000 0.067930 0.585831 0.301434 0.332598 0.537052 0.556459 0.319161 0.470492
39.200000 0.067967 0.550297 0.301653 0.332767 0.540119 0.556573 0.319117 0.472773
39.400000 0.067956 0.554042 0.301563 0.333057 0.543202 0.556377 0.319132 0.474902
39.600000 0.067993 0.557488 0.301725 0.333518 0.546130 0.556613 0.319075 0.477409
39.800000 0.068014 0.560968 0.301528 0.333581 0.549167 0.556563 0.319242 0.479298
40.000000 0.068001 0.564708 0.301793 0.334080 0.552434 0.556638 0.319214 0.481908
40.200000 0.068024 0.568155 0.301687 0.334240 0.555528 0.556622 0.319219 0.484096
40.400000 0.068052 0.571931 0.301678 0.334525 0.558791 0.556638 0.319518 0.486316
40.600000 0.068036 0.575680 0.301763 0.334669 0.561997 0.556634 0.319502 0.488800
40.800000 0.068198 0.579148 0.301698 0.335029 0.565209 0.556512 0.319427 0.491072
41.000000 0.068202 0.582911 0.301912 0.335143 0.568217 0.556542 0.319653 0.493610
41.200000 0.068083 0.586663 0.301867 0.335403 0.571626 0.556665 0.319526 0.495977
41.400000 0.068108 0.590155 0.301846 0.335717 0.575085 0.556633 0.319601 0.498422
41.600000 0.068080 0.593616 0.301974 0.336136 0.578212 0.556660 0.319626 0.500782
41.800000 0.068110 0.597615 0.302097 0.336278 0.581388 0.556604 0.319693 0.503222
42.000000 0.068206 0.600891 0.302037 0.336362 0.584793 0.556760 0.319619 0.505410
42.200000 0.068142 0.604596 0.302008 0.336682 0.588075 0.556554 0.319702 0.508072
42.400000 0.068133 0.608125 0.302087 0.336924 0.591474 0.556789 0.319796 0.510446
42.600000 0.068154 0.611565 0.301989 0.336986 0.594693 0.556929 0.319615 0.512905
42.800000 0.068165 0.614851 0.302090 0.337344 0.597866 0.556764 0.319927 0.515361
43.000000 0.068165 0.618569 0.302151 0.337604 0.601291 0.556798 0.319865 0.517683
43.200000 0.068139 0.621791 0.302249 0.337765 0.604422 0.556838 0.320005 0.520207
43.400000 0.068147 0.625087 0.302124 0.337882 0.608004 0.556840 0.319859 0.522531
43.600000 0.068079 0.628471 0.302353 0.338169 0.611518 0.557042 0.320065 0.525616
43.800000 0.068177 0.633041 0.302156 0.338433 0.616119 0.556917 0.320117 0.528652
44.000000 0.068187 0.636236 0.302261 0.338652 0.619298 0.556895 0.320038 0.531077
44.200000 0.067911 0.639245 0.302382 0.338944 0.622439 0.556878 0.320229 0.533562
44.400000 0.068066 0.642372 0.302420 0.339031 0.625879 0.556902 0.320178 0.535813
44.600000 0.068180 0.645307 0.302367 0.339347 0.629269 0.557029 0.320356 0.538378
44.800000 0.068221 0.648432 0.302323 0.339487 0.632373 0.557060 0.320528 0.540632
45.000000 0.068204 0.651096 0.302297 0.339587 0.635372 0.557056 0.320432 0.543159
45.200000 0.068219 0.654180 0.302516 0.339589 0.638790 0.556958 0.320527 0.545586
45.400000 0.068188 0.656838 0.302361 0.339803 0.641818 0.556802 0.320542 0.547721
45.600000 0.068208 0.659655 0.302280 0.340006 0.645025 0.556946 0.320551 0.550169
45.800000 0.068233 0.662410 0.302470 0.340396 0.648130 0.556961 0.320451 0.552639
46.000000 0.068244 0.664955 0.302501 0.340279 0.651194 0.557167 0.320773 0.554915
46.200000 0.068223 0.667478 0.302689 0.340581 0.654368 0.557147 0.320786 0.557003
46.400000 0.068249 0.669862 0.302647 0.340771 0.657206 0.557391 0.320789 0.559309
46.600000 0.068238 0.672431 0.302811 0.340939 0.660262 0.557154 0.320847 0.561553
46.800000 0.068266 0.674751 0.302650 0.341033 0.663450 0.557060 0.320876 0.563896
47.000000 0.068325 0.677332 0.302717 0.341097 0.666502 0.557208 0.320923 0.566112
47.200000 0.068295 0.679419 0.302852 0.341388 0.669435 0.557302 0.320953 0.568286
47.400000 0.068246 0.681714 0.302590 0.341364 0.672212 0.557302 0.320938 0.570588
47.600000 0.068273 0.683941 0.302727 0.341659 0.675222 0.557294 0.320954 0.572840
47.800000 0.068280 0.686043 0.302779 0.341789 0.678205 0.557234 0.321123 0.574827
48.000000 0.068240 0.688310 0.302752 0.341899 0.680738 0.557265 0.321105 0.577225
48.200000 0.068254 0.690234 0.302794 0.342201 0.683928 0.557396 0.321332 0.579104
48.400000 0.068272 0.691989 0.302842 0.342115 0.686597 0.557376 0.321325 0.581284
48.600000 0.068260 0.694404 0.302783 0.342429 0.689610 0.557429 0.321357 0.583580
48.800000 0.068338 0.696050 0.302686 0.342420 0.692228 0.557314 0.321240 0.585433
49.000000 0.068286 0.698073 0.302784 0.342645 0.695183 0.557494 0.321463 0.587465
49.200000 0.068300 0.699869 0.303009 0.342838 0.697651 0.557542 0.321496 0.589451
49.400000 0.068297 0.701516 0.302747 0.342786 0.700387 0.557252 0.321619 0.591432
49.600000 0.068297 0.703165 0.302600 0.343146 0.703050 0.557526 0.321487 0.593612
49.800000 0.068296 0.704909 0.302923 0.343261 0.705568 0.557416 0.321624 0.595560
50.000000 0.068294 0.706973 0.303004 0.343444 0.708804 0.557435 0.321536 0.597856
50.200000 0.068330 0.708608 0.302996 0.343459 0.711452 0.557655 0.321738 0.599874
50.400000 0.068331 0.710146 0.302923 0.343531 0.714177 0.557565 0.321760 0.601854
50.600000 0.068317 0.711625 0.302917 0.343682 0.716789 0.557604 0.321772 0.603733
50.800000 0.068290 0.713098 0.303007 0.343822 0.719208 0.557671 0.321900 0.605728
51.000000 0.068326 0.714557 0.303053 0.344037 0.721532 0.557835 0.321955 0.607442
51.200000 0.068308 0.715988 0.302967 0.344077 0.724108 0.557606 0.321953 0.609193
51.400000 0.068161 0.717177 0.303080 0.344169 0.726521 0.557707 0.321812 0.610995
51.600000 0.068308 0.718389 0.303024 0.344150 0.728973 0.557747 0.322029 0.612928
51.800000 0.068311 0.719833 0.302923 0.344538 0.731213 0.557575 0.322084 0.614644
52.000000 0.068349 0.721266 0.303104 0.344455 0.733622 0.557576 0.322169 0.616558
52.200000 0.068334 0.722478 0.303156 0.344440 0.736013 0.557775 0.322148 0.618229
52.400000 0.068320 0.723626 0.303181 0.344754 0.738231 0.557782 0.322291 0.619971
52.600000 0.068294 0.724807 0.303163 0.344794 0.740410 0.557953 0.322406 0.621697
52.800000 0.068317 0.725879 0.303324 0.344976 0.742843 0.557922 0.322393 0.623332
53.000000 0.068315 0.727168 0.303209 0.345424 0.745128 0.558046 0.322552 0.625246
53.200000 0.068306 0.728242 0.303338 0.345423 0.747238 0.557937 0.322528 0.626753
53.400000 0.068315 0.729078 0.303410 0.345543 0.749212 0.558110 0.322616 0.628225
53.600000 0.068347 0.730220 0.303195 0.345558 0.751370 0.558014 0.322861 0.630144
53.800000 0.068328 0.731036 0.303294 0.345497 0.753571 0.558105 0.322693 0.631605
54.000000 0.068355 0.732060 0.303396 0.345758 0.755501 0.558139 0.322814 0.633019
54.200000 0.068222 0.733170 0.303438 0.345768 0.757669 0.558258 0.322871 0.634708
54.400000 0.068501 0.733920 0.303382 0.345877 0.759442 0.558258 0.322951 0.636255
54.600000 0.068340 0.734936 0.303626 0.346194 0.761469 0.558246 0.322989 0.637649
54.800000 0.068347 0.735611 0.303602 0.346096 0.763469 0.558189 0.323051 0.639091
55.000000 0.068436 0.736459 0.303645 0.346336 0.765381 0.558185 0.322949 0.640679
55.200000 0.068362 0.737199 0.303627 0.346305 0.767344 0.558385 0.323017 0.641924
55.400000 0.068339 0.738056 0.303411 0.346485 0.769123 0.558292 0.323145 0.643314
55.600000 0.068508 0.738678 0.303520 0.346672 0.770919 0.558412 0.323113 0.644956
55.800000 0.068320 0.739449 0.303538 0.346782 0.772793 0.558229 0.323085 0.646203
56.000000 0.068399 0.739939 0.303236 0.346494 0.774348 0.558063 0.323176 0.647723
56.200000 0.068333 0.741093 0.303308 0.346472 0.776733 0.558131 0.323132 0.649242
56.400000 0.068275 0.741619 0.303459 0.346901 0.778338 0.558053 0.323168 0.650375
56.600000 0.068328 0.742260 0.303271 0.346880 0.780172 0.558074 0.323213 0.651824
56.800000 0.068302 0.743057 0.303423 0.346876 0.781838 0.558258 0.323317 0.652818
57.000000 0.068349 0.743502 0.303376 0.347065 0.783364 0.558286 0.323313 0.654379
57.200000 0.068377 0.744287 0.303460 0.346986 0.784962 0.558319 0.323523 0.655822
57.400000 0.068228 0.745008 0.303364 0.347238 0.786668 0.558442 0.323362 0.656772
57.600000 0.068317 0.745333 0.303131 0.347213 0.788143 0.558348 0.323335 0.658130
57.800000 0.068217 0.745743 0.303569 0.347442 0.789775 0.558450 0.323520 0.659037
58.000000 0.068342 0.746491 0.303634 0.347480 0.791296 0.558463 0.323679 0.660532
58.200000 0.068240 0.747019 0.303451 0.347557 0.792703 0.558461 0.323708 0.661751
58.400000 0.068215 0.747644 0.303608 0.347697 0.794306 0.558505 0.323919 0.662782
58.600000 0.068339 0.747796 0.303512 0.347612 0.795710 0.558510 0.323643 0.663886
58.800000 0.068322 0.748258 0.303595 0.347627 0.796712 0.558351 0.323880 0.664688
59.000000 0.068369 0.748907 0.303521 0.347831 0.798469 0.558552 0.323874 0.665949
59.200000 0.068394 0.749335 0.303500 0.347883 0.799983 0.558544 0.323943 0.667213
59.400000 0.068312 0.749778 0.303789 0.348066 0.801095 0.558488 0.324035 0.668091
59.600000 0.068356 0.750224 0.303642 0.348308 0.802427 0.558481 0.323949 0.669160
59.800000 0.068364 0.750676 0.303729 0.348254 0.803912 0.558710 0.324038 0.670224
60.000000 0.068215 0.750936 0.303723 0.348237 0.805165 0.558726 0.324121 0.671371
60.200000 0.068208 0.751600 0.303690 0.348404 0.806348 0.558772 0.324291 0.672159
60.400000 0.068226 0.751704 0.303667 0.348567 0.807349 0.558749 0.324228 0.673247
60.600000 0.068339 0.752074 0.303410 0.348645 0.809004 0.558708 0.324251 0.674391
60.800000 0.068207 0.752435 0.303721 0.348653 0.810087 0.558500 0.324273 0.675281
61.000000 0.068349 0.753019 0.303792 0.348666 0.811176 0.558873 0.324404 0.676230
61.200000 0.068484 0.753186 0.303680 0.348685 0.812470 0.558674 0.324444 0.677179
61.400000 0.068333 0.753763 0.303783 0.348895 0.813600 0.558806 0.324490 0.678084
61.600000 0.068222 0.753787 0.303816 0.348848 0.814729 0.558810 0.324536 0.679012
61.800000 0.068369 0.754202 0.303604 0.348823 0.815768 0.558793 0.324582 0.679919
62.000000 0.068389 0.754501 0.303702 0.349093 0.816954 0.558714 0.324655 0.680632
62.200000 0.068401 0.754919 0.303950 0.349160 0.818205 0.558956 0.324733 0.681889
62.400000 0.068216 0.755323 0.303805 0.349156 0.819412 0.559011 0.324689 0.682712
62.600000 0.068385 0.755457 0.303813 0.349342 0.820603 0.558835 0.324760 0.683551
62.800000 0.068375 0.755897 0.303742 0.349391 0.821714 0.558932 0.324971 0.684499
63.000000 0.068398 0.756154 0.303921 0.349358 0.822470 0.559222 0.324950 0.685200
63.200000 0.068391 0.756384 0.303718 0.349469 0.823673 0.558933 0.324960 0.686182
63.400000 0.068359 0.756558 0.303955 0.349638 0.824615 0.559021 0.324959 0.686696
63.600000 0.068248 0.756739 0.303873 0.349687 0.825455 0.559151 0.324906 0.687546
63.800000 0.068323 0.757009 0.303891 0.349736 0.825961 0.558748 0.325052 0.688458
64.000000 0.068225 0.757219 0.303826 0.349737 0.827422 0.559301 0.325024 0.689135
64.200000 0.068371 0.757586 0.304046 0.349898 0.828509 0.559332 0.325226 0.689713
64.400000 0.068222 0.757765 0.303923 0.349930 0.829234 0.559223 0.325266 0.690552
64.600000 0.068242 0.758014 0.303828 0.350006 0.830198 0.559233 0.325244 0.691277
64.800000 0.068371 0.758107 0.303718 0.350102 0.831052 0.559208 0.325311 0.691981
65.000000 0.068415 0.758594 0.303956 0.350370 0.831945 0.559295 0.325375 0.692621
65.200000 0.068387 0.758573 0.304016 0.350236 0.832751 0.559384 0.325460 0.693432
65.400000 0.068368 0.758797 0.303960 0.350357 0.833594 0.559195 0.325616 0.693874
65.600000 0.068389 0.758997 0.303958 0.350454 0.834531 0.559252 0.325580 0.694589
65.800000 0.068395 0.759018 0.304056 0.350528 0.835180 0.559288 0.325627 0.695193
66.000000 0.068229 0.759303 0.303973 0.350494 0.835792 0.559477 0.325527 0.695866
66.200000 0.068401 0.759693 0.303961 0.350496 0.836752 0.559469 0.325739 0.696431
66.400000 0.068397 0.759456 0.304086 0.350571 0.837419 0.559609 0.325664 0.697173
66.600000 0.068381 0.760011 0.304120 0.350667 0.838256 0.559502 0.325810 0.697710
66.800000 0.068386 0.760035 0.304031 0.350795 0.838838 0.559531 0.325748 0.698316
67.000000 0.068238 0.760192 0.304054 0.350725 0.839766 0.559500 0.325894 0.698926
67.200000 0.068368 0.760256 0.304025 0.350877 0.840442 0.559497 0.325940 0.699481
67.400000 0.068400 0.760479 0.303969 0.350825 0.840927 0.559608 0.325844 0.699935
67.600000 0.068393 0.760506 0.304130 0.351034 0.841776 0.559543 0.326013 0.700434
67.800000 0.068229 0.760600 0.304208 0.351024 0.842390 0.559554 0.326127 0.700994
68.000000 0.068395 0.760567 0.304161 0.351198 0.842966 0.559597 0.325942 0.701694
68.200000 0.068386 0.761054 0.304202 0.351363 0.843614 0.559830 0.326161 0.702193
68.400000 0.068452 0.761013 0.304178 0.351148 0.844295 0.559616 0.326096 0.702705
68.600000 0.068325 0.761307 0.304242 0.351386 0.845194 0.559822 0.326234 0.703487
68.800000 0.068230 0.761309 0.304156 0.351432 0.845509 0.559685 0.326510 0.703710
69.000000 0.068404 0.761708 0.304300 0.351530 0.846195 0.559711 0.326504 0.704318
69.200000 0.068406 0.761322 0.304256 0.390548 0.846868 0.559839 0.326415 0.704864
69.400000 0.068377 0.761647 0.304208 0.351503 0.847498 0.559763 0.326457 0.705302
69.600000 0.068372 0.761876 0.304219 0.351638 0.848031 0.559791 0.326506 0.706000
69.800000 0.068511 0.761911 0.304160 0.351703 0.848524 0.559955 0.326620 0.706210
70.000000 0.068375 0.761945 0.303981 0.351692 0.849037 0.559770 0.326526 0.706342
70.200000 0.068510 0.762270 0.304316 0.351865 0.849659 0.559910 0.326662 0.707175
70.400000 0.068375 0.762371 0.304412 0.351941 0.850255 0.559864 0.326557 0.707569
70.600000 0.068392 0.762447 0.304229 0.351729 0.850798 0.559827 0.326673 0.707965
70.800000 0.068402 0.762462 0.304366 0.351982 0.851230 0.559993 0.326543 0.708504
71.000000 0.068361 0.762336 0.304356 0.351875 0.851761 0.559855 0.326719 0.708890
71.200000 0.068374 0.762554 0.304233 0.352054 0.852443 0.560041 0.326754 0.709472
71.400000 0.068487 0.762779 0.304470 0.352154 0.852870 0.559869 0.326792 0.709790
71.600000 0.068409 0.762835 0.304360 0.352318 0.853462 0.560137 0.326985 0.710130
71.800000 0.068347 0.762648 0.304262 0.352186 0.853700 0.559966 0.327052 0.710441
72.000000 0.068407 0.763016 0.304343 0.352286 0.854427 0.560135 0.327107 0.710930
72.200000 0.068511 0.763230 0.304359 0.352250 0.854797 0.560046 0.327120 0.711346
72.400000 0.068401 0.763100 0.304397 0.352371 0.855455 0.560158 0.327199 0.711769
72.600000 0.068406 0.763325 0.304322 0.352567 0.855744 0.560126 0.327038 0.711977
72.800000 0.068414 0.763378 0.304355 0.352485 0.856195 0.560076 0.327196 0.712400
73.000000 0.068510 0.763299 0.304272 0.352479 0.856907 0.560237 0.327175 0.712876
73.200000 0.068244 0.763466 0.304274 0.352510 0.857189 0.560212 0.327203 0.713167
73.400000 0.068410 0.763670 0.304369 0.352719 0.857572 0.560247 0.327438 0.713596
73.600000 0.068439 0.763598 0.304405 0.352662 0.857913 0.560218 0.327374 0.713902
73.800000 0.068439 0.763844 0.304484 0.352991 0.858603 0.560280 0.327502 0.714139
74.000000 0.068401 0.763927 0.304429 0.352867 0.858935 0.560410 0.327525 0.714637
74.200000 0.068406 0.763746 0.304465 0.352939 0.859255 0.560415 0.327582 0.714958
74.400000 0.068391 0.763881 0.304458 0.352798 0.859630 0.560198 0.327601 0.715102
74.600000 0.068385 0.763954 0.304437 0.353053 0.860130 0.560217 0.327365 0.715560
74.800000 0.068392 0.764096 0.304264 0.353161 0.860549 0.560393 0.327686 0.716015
75.000000 0.068377 0.763855 0.304314 0.352990 0.860776 0.560294 0.327749 0.716195
75.200000 0.068417 0.764169 0.304496 0.353228 0.861057 0.560439 0.327621 0.716187
75.400000 0.068391 0.764173 0.304456 0.353224 0.861517 0.560373 0.327808 0.716723
75.600000 0.068436 0.764251 0.304599 0.353291 0.862094 0.560547 0.327896 0.717214
75.800000 0.068390 0.764420 0.304423 0.353376 0.862378 0.560561 0.327763 0.717422
76.000000 0.068417 0.764430 0.304639 0.353252 0.862723 0.560519 0.327936 0.717623
76.200000 0.068424 0.764688 0.304683 0.353648 0.863056 0.560757 0.327989 0.717945
76.400000 0.068383 0.764362 0.304488 0.353533 0.863487 0.560601 0.328022 0.718203
76.600000 0.068425 0.764495 0.304445 0.353611 0.863803 0.560624 0.327805 0.718628
76.800000 0.068399 0.764717 0.304711 0.353659 0.864042 0.560637 0.328191 0.718844
77.000000 0.068223 0.764709 0.304598 0.353753 0.864569 0.560699 0.328133 0.719051
77.200000 0.068401 0.764755 0.304570 0.353796 0.864861 0.560882 0.328158 0.719397
77.400000 0.068269 0.764864 0.304595 0.353838 0.865052 0.560788 0.328347 0.719684
77.600000 0.068374 0.764909 0.304622 0.353701 0.865441 0.560662 0.328246 0.719997
77.800000 0.068423 0.764806 0.304657 0.353898 0.865758 0.560858 0.328224 0.720066
78.000000 0.068447 0.764695 0.304633 0.353916 0.866003 0.560883 0.328474 0.720507
78.200000 0.068415 0.764945 0.304777 0.354013 0.866248 0.560882 0.328455 0.720397
78.400000 0.068428 0.765171 0.304971 0.354112 0.866650 0.561001 0.328577 0.720946
78.600000 0.068377 0.765088 0.304670 0.354005 0.867113 0.560813 0.328641 0.720988
78.800000 0.068418 0.765104 0.304822 0.354281 0.867173 0.560943 0.328804 0.721315
79.000000 0.068411 0.765375 0.304779 0.354291 0.867502 0.560941 0.328566 0.721455
79.200000 0.068445 0.765105 0.304819 0.354041 0.867831 0.561002 0.328817 0.721713
79.400000 0.068396 0.765231 0.304768 0.354446 0.868169 0.560947 0.328763 0.721958
79.600000 0.068432 0.765533 0.305076 0.354518 0.868484 0.561154 0.328917 0.722209
79.800000 0.068395 0.765179 0.304922 0.354527 0.868530 0.561071 0.328868 0.722439
80.000000 0.068437 0.765383 0.305012 0.354755 0.869052 0.561028 0.328875 0.722714
80.200000 0.068505 0.765478 0.304982 0.354621 0.869351 0.561203 0.329164 0.723139
80.400000 0.068419 0.765657 0.304914 0.354681 0.869466 0.561231 0.329109 0.723252
80.600000 0.068489 0.765566 0.304947 0.354638 0.869850 0.561360 0.329221 0.723679
80.800000 0.068482 0.766482 0.306097 0.355831 0.870969 0.562193 0.330263 0.724554
81.000000 0.068477 0.766256 0.305911 0.355772 0.870755 0.562102 0.330048 0.724369
81.200000 0.068506 0.766588 0.306144 0.356022 0.871258 0.562310 0.330268 0.724818
81.400000 0.068436 0.765970 0.305554 0.355590 0.870763 0.561976 0.329819 0.724574
81.600000 0.068466 0.766103 0.305526 0.355431 0.871369 0.561985 0.330046 0.724702
81.800000 0.068498 0.766214 0.305691 0.355575 0.871560 0.561852 0.329968 0.724962
82.000000 0.068600 0.766263 0.305685 0.355791 0.871922 0.562109 0.330104 0.724952
82.200000 0.068310 0.766220 0.305684 0.355788 0.872051 0.561868 0.330100 0.725172
82.400000 0.068475 0.766415 0.305767 0.355817 0.871812 0.562097 0.330086 0.725291
82.600000 0.068367 0.766372 0.305897 0.355932 0.872565 0.561995 0.330260 0.725559
82.800000 0.068480 0.766232 0.305871 0.355843 0.872417 0.562163 0.330337 0.725733
83.000000 0.068586 0.765860 0.305761 0.356042 0.872941 0.562043 0.330337 0.726054
83.200000 0.068485 0.766359 0.305849 0.356054 0.872980 0.562115 0.330250 0.726023
83.400000 0.068454 0.766291 0.305831 0.356122 0.873259 0.562196 0.330401 0.726412
83.600000 0.068468 0.766592 0.306028 0.356255 0.873523 0.562227 0.330370 0.726598
83.800000 0.068470 0.766441 0.305896 0.356027 0.873487 0.562235 0.330439 0.726532
84.000000 0.068526 0.766741 0.306079 0.356068 0.873864 0.562274 0.330553 0.726764
84.200000 0.068510 0.766595 0.305876 0.356193 0.874017 0.562283 0.330479 0.726819
84.400000 0.068471 0.766510 0.305911 0.356164 0.874150 0.562348 0.330765 0.727079
84.600000 0.068480 0.766674 0.305975 0.356275 0.874457 0.562331 0.330574 0.727182
84.800000 0.068462 0.766152 0.306091 0.356391 0.874396 0.562415 0.330803 0.727298
85.000000 0.068457 0.766317 0.305852 0.356390 0.874348 0.562249 0.330670 0.727465
85.200000 0.068483 0.766583 0.305990 0.356470 0.874878 0.562306 0.330815 0.727674
85.400000 0.068453 0.766655 0.306013 0.356315 0.874948 0.562407 0.330930 0.727566
85.600000 0.068459 0.766676 0.306015 0.356571 0.875139 0.562291 0.331031 0.727944
85.800000 0.068456 0.766730 0.305964 0.356455 0.875313 0.562404 0.330845 0.727973
86.000000 0.068473 0.766593 0.305826 0.356593 0.875416 0.562397 0.330889 0.727856
86.200000 0.068496 0.766726 0.305942 0.356494 0.875700 0.562589 0.330955 0.728227
86.400000 0.068477 0.766891 0.306041 0.356689 0.875990 0.562294 0.331103 0.728366
86.600000 0.068664 0.766866 0.306065 0.356638 0.876126 0.562661 0.331097 0.728568
86.800000 0.068496 0.766856 0.306022 0.356816 0.876234 0.562677 0.331203 0.728694
87.000000 0.068393 0.766798 0.306011 0.356758 0.876328 0.562497 0.331031 0.728757
87.200000 0.068473 0.766782 0.306164 0.356818 0.876359 0.562490 0.331219 0.728823
87.400000 0.068485 0.766765 0.306085 0.356778 0.876604 0.562550 0.331234 0.728964
87.600000 0.068506 0.766714 0.306003 0.356887 0.876719 0.562512 0.331015 0.729022
87.800000 0.068492 0.766829 0.306011 0.357040 0.876771 0.562474 0.331225 0.729277
88.000000 0.068481 0.766992 0.306199 0.356931 0.876986 0.562741 0.331231 0.729237
88.200000 0.068473 0.766971 0.306035 0.357150 0.876906 0.562728 0.331185 0.729455
88.400000 0.068402 0.766819 0.306027 0.356984 0.877140 0.562860 0.331373 0.729593
88.600000 0.068468 0.766894 0.306227 0.357257 0.877510 0.562643 0.331504 0.729569
88.800000 0.068420 0.766565 0.306146 0.357328 0.877686 0.562516 0.331228 0.729870
89.000000 0.068498 0.766809 0.305961 0.357195 0.877747 0.562822 0.331472 0.729909
89.200000 0.068490 0.766914 0.306022 0.357114 0.877969 0.562819 0.331480 0.730004
89.400000 0.068562 0.766982 0.306165 0.357434 0.878041 0.562851 0.331525 0.730079
89.600000 0.068473 0.766793 0.306240 0.357297 0.878190 0.562722 0.331566 0.730211
89.800000 0.068502 0.766969 0.306112 0.357274 0.878438 0.562859 0.331716 0.729938
90.000000 0.068482 0.767025 0.306147 0.357477 0.878325 0.562995 0.331635 0.730532
