0.200000 0.050907 0.411433 0.138648 0.219092 0.508680 0.495989 0.215289 0.421733
0.400000 0.050940 0.410360 0.138602 0.218251 0.505547 0.495810 0.214702 0.419468
0.600000 0.050772 0.409818 0.138484 0.217742 0.503661 0.495720 0.214320 0.417964
0.800000 0.050831 0.409138 0.138307 0.217222 0.501860 0.495809 0.213985 0.416529
1.000000 0.050787 0.408516 0.138327 0.216766 0.499987 0.495688 0.213659 0.415081
1.200000 0.050773 0.407936 0.138272 0.216280 0.497941 0.495623 0.213174 0.413635
1.400000 0.050737 0.407144 0.138232 0.215842 0.496360 0.495454 0.213136 0.412065
1.600000 0.050703 0.406795 0.138221 0.215158 0.494518 0.495403 0.212827 0.410799
1.800000 0.050548 0.405909 0.138146 0.214708 0.492769 0.495307 0.212528 0.409529
2.000000 0.050731 0.405312 0.138066 0.214316 0.490962 0.495353 0.212188 0.408073
2.200000 0.050677 0.404813 0.137834 0.213777 0.489232 0.495177 0.211864 0.406708
2.400000 0.050692 0.404079 0.137841 0.213385 0.487291 0.495300 0.211606 0.405318
2.600000 0.050777 0.403665 0.137800 0.212960 0.485582 0.495259 0.211253 0.403994
2.800000 0.050513 0.402856 0.137699 0.212543 0.483934 0.495043 0.210953 0.402584
3.000000 0.050654 0.402500 0.137798 0.211973 0.482328 0.494999 0.210711 0.401251
3.200000 0.050600 0.401911 0.137869 0.211638 0.480480 0.494958 0.210331 0.399979
3.400000 0.050647 0.401305 0.137666 0.211108 0.478588 0.494889 0.209945 0.398609
3.600000 0.050607 0.400611 0.137769 0.210669 0.477028 0.494697 0.209727 0.397477
3.800000 0.050621 0.400049 0.137613 0.210129 0.475333 0.494815 0.209368 0.396058
4.000000 0.050581 0.399497 0.137384 0.209957 0.473919 0.494667 0.209142 0.394799
4.200000 0.050584 0.398872 0.137385 0.209369 0.472215 0.494543 0.208651 0.393711
4.400000 0.050588 0.398548 0.137441 0.208877 0.470462 0.494391 0.208392 0.392000
4.600000 0.050542 0.397804 0.137387 0.208474 0.468633 0.494301 0.208099 0.391007
4.800000 0.050534 0.397455 0.137169 0.207986 0.467077 0.494360 0.207972 0.389584
5.000000 0.050541 0.396965 0.137226 0.207583 0.465602 0.494121 0.207541 0.388448
5.200000 0.050378 0.396323 0.137317 0.207045 0.463949 0.494325 0.207122 0.387389
5.400000 0.050656 0.395663 0.137079 0.206845 0.462361 0.494227 0.206964 0.386038
5.600000 0.050380 0.395245 0.137093 0.206360 0.460966 0.494083 0.206509 0.384778
5.800000 0.050470 0.394648 0.137089 0.205915 0.459210 0.493929 0.206353 0.383476
6.000000 0.050424 0.394259 0.136914 0.205687 0.457894 0.493946 0.206083 0.382494
6.200000 0.050386 0.393540 0.136962 0.205122 0.456353 0.493934 0.205758 0.381208
6.400000 0.050428 0.393363 0.137005 0.204638 0.454448 0.493808 0.205539 0.379823
6.600000 0.050409 0.392319 0.136994 0.204063 0.452415 0.493540 0.205064 0.378218
6.800000 0.050438 0.391963 0.136750 0.203682 0.450775 0.493565 0.204653 0.376946
7.000000 0.050429 0.391465 0.136490 0.203267 0.449228 0.493559 0.204244 0.375599
7.200000 0.050444 0.390942 0.136668 0.202944 0.447939 0.493532 0.204124 0.374830
7.400000 0.050395 0.390456 0.136682 0.202529 0.446516 0.493501 0.203823 0.373735
7.600000 0.050405 0.389887 0.136688 0.202200 0.445011 0.493587 0.203505 0.372707
7.800000 0.050391 0.389478 0.136585 0.201740 0.443655 0.493313 0.203200 0.371670
8.000000 0.050210 0.389000 0.136533 0.201452 0.442231 0.493308 0.202989 0.370432
8.200000 0.050235 0.388632 0.136287 0.201014 0.440778 0.493223 0.202636 0.369410
8.400000 0.050501 0.388170 0.136304 0.200658 0.439405 0.493099 0.202390 0.368211
8.600000 0.050350 0.387704 0.136374 0.200285 0.438058 0.492923 0.202059 0.367213
8.800000 0.050300 0.387153 0.136226 0.199797 0.436673 0.493120 0.201773 0.366061
9.000000 0.050308 0.386557 0.136221 0.199649 0.435189 0.492731 0.201505 0.365004
9.200000 0.050296 0.386257 0.136229 0.199142 0.433859 0.492730 0.201236 0.364158
9.400000 0.050281 0.385919 0.136255 0.198965 0.432716 0.492881 0.200823 0.363088
9.600000 0.050290 0.385290 0.136241 0.198631 0.431254 0.492779 0.200710 0.362149
9.800000 0.050266 0.385064 0.135979 0.198260 0.430093 0.492572 0.200377 0.361098
10.000000 0.050287 0.384625 0.136009 0.197972 0.428851 0.492621 0.200192 0.360152
10.200000 0.050266 0.384182 0.136067 0.197740 0.427480 0.492530 0.199841 0.359061
10.400000 0.050234 0.383668 0.136010 0.197222 0.426192 0.492517 0.199459 0.357925
10.600000 0.050247 0.383416 0.135805 0.196844 0.424903 0.492392 0.199323 0.357104
10.800000 0.050183 0.382994 0.135808 0.196412 0.423714 0.492273 0.199066 0.356181
11.000000 0.050291 0.382457 0.135878 0.196378 0.422465 0.492222 0.198683 0.355096
11.200000 0.050135 0.382066 0.135774 0.195811 0.421289 0.492017 0.198443 0.354244
11.400000 0.050332 0.381516 0.135670 0.195439 0.419988 0.492075 0.198286 0.353321
11.600000 0.050197 0.381052 0.135720 0.195173 0.418649 0.491810 0.197864 0.352194
11.800000 0.050191 0.380649 0.135729 0.194997 0.417550 0.491839 0.197678 0.351325
12.000000 0.050187 0.380301 0.135608 0.194594 0.416523 0.491903 0.197187 0.350424
12.200000 0.050188 0.380039 0.135541 0.194361 0.415165 0.491750 0.197021 0.349547
12.400000 0.050141 0.379489 0.135532 0.193946 0.413960 0.491666 0.196903 0.348716
12.600000 0.050157 0.379124 0.135360 0.193720 0.412605 0.491613 0.196667 0.347599
12.800000 0.050089 0.378571 0.135409 0.193281 0.411510 0.491353 0.196324 0.346744
13.000000 0.050271 0.378280 0.135443 0.193061 0.410647 0.491367 0.196151 0.345986
13.200000 0.050152 0.378062 0.135353 0.192780 0.409520 0.491473 0.195833 0.345186
13.400000 0.050122 0.377701 0.135382 0.192490 0.408468 0.491458 0.195714 0.344334
13.600000 0.050111 0.377363 0.135389 0.192212 0.407107 0.491185 0.195600 0.343760
13.800000 0.050117 0.377044 0.135286 0.191834 0.406306 0.491279 0.195240 0.342773
14.000000 0.050081 0.376667 0.135267 0.191776 0.405288 0.491113 0.195149 0.342016
14.200000 0.050258 0.376427 0.135297 0.191402 0.404214 0.491095 0.194733 0.341244
14.400000 0.050096 0.375868 0.135093 0.191085 0.403172 0.491088 0.194486 0.340557
14.600000 0.050057 0.375623 0.135224 0.190951 0.402243 0.491071 0.194269 0.339524
14.800000 0.050088 0.375282 0.135025 0.190607 0.401252 0.491014 0.194216 0.338885
15.000000 0.050067 0.375046 0.135103 0.190202 0.400252 0.490851 0.193846 0.338212
15.200000 0.049909 0.374520 0.134789 0.189933 0.399218 0.490811 0.193434 0.337365
15.400000 0.050042 0.374223 0.135016 0.189905 0.398264 0.490761 0.193360 0.336675
15.600000 0.050029 0.374144 0.135000 0.189455 0.397260 0.490667 0.193151 0.335856
15.800000 0.050015 0.373691 0.134924 0.189295 0.396155 0.490566 0.192920 0.335164
16.000000 0.050024 0.373371 0.135183 0.189092 0.395410 0.490704 0.192750 0.334391
16.200000 0.049992 0.373026 0.134882 0.188814 0.394416 0.490537 0.192537 0.333601
16.400000 0.050007 0.372705 0.134789 0.188592 0.393387 0.490402 0.192269 0.332975
16.600000 0.050027 0.372395 0.134813 0.188307 0.392606 0.490390 0.192049 0.332073
16.800000 0.049995 0.372091 0.134801 0.188065 0.391668 0.490231 0.191820 0.331549
17.000000 0.049995 0.371776 0.134822 0.187705 0.390714 0.490363 0.191616 0.330648
17.200000 0.049995 0.371254 0.134608 0.187556 0.389761 0.490193 0.191396 0.330092
17.400000 0.049965 0.371215 0.134828 0.187348 0.388871 0.490125 0.191131 0.329426
17.600000 0.049961 0.370888 0.134645 0.187068 0.387970 0.490066 0.190907 0.328806
17.800000 0.049967 0.370585 0.134496 0.186848 0.387238 0.489894 0.190602 0.328048
18.000000 0.049949 0.370238 0.134642 0.186699 0.386062 0.489832 0.190545 0.327309
18.200000 0.049962 0.369919 0.134600 0.186364 0.385355 0.489914 0.190320 0.326738
18.400000 0.049903 0.369691 0.134475 0.186228 0.384510 0.489690 0.190070 0.326006
18.600000 0.050029 0.369303 0.134537 0.185928 0.383591 0.489726 0.189920 0.325348
18.800000 0.049768 0.369012 0.134447 0.185680 0.382725 0.489772 0.189784 0.324568
19.000000 0.049898 0.368739 0.134483 0.185258 0.381520 0.489582 0.189483 0.323893
19.200000 0.049891 0.368457 0.134435 0.185191 0.380789 0.489591 0.189123 0.323232
19.400000 0.049863 0.368182 0.134358 0.184904 0.379819 0.489453 0.189009 0.322335
19.600000 0.049891 0.367947 0.134414 0.184739 0.379068 0.489273 0.188843 0.321883
19.800000 0.049868 0.367481 0.134234 0.184490 0.378153 0.489127 0.188624 0.321267
20.000000 0.049755 0.367226 0.134413 0.184316 0.377402 0.489104 0.188413 0.320642
20.200000 0.049592 0.367020 0.134131 0.184065 0.376691 0.489104 0.188205 0.320042
20.400000 0.049864 0.366805 0.134355 0.183992 0.375858 0.489152 0.187877 0.319399
20.600000 0.049831 0.366434 0.134254 0.183861 0.375031 0.488955 0.187815 0.318859
20.800000 0.049827 0.366069 0.134237 0.183482 0.374337 0.488938 0.187631 0.317934
21.000000 0.049804 0.365806 0.134186 0.183386 0.373409 0.488949 0.187416 0.317391
21.200000 0.049852 0.365671 0.134116 0.182735 0.372468 0.488882 0.187184 0.317068
21.400000 0.049812 0.365354 0.134273 0.182719 0.371555 0.488847 0.186975 0.316274
21.600000 0.049818 0.365070 0.134155 0.182547 0.370948 0.488748 0.186810 0.315806
21.800000 0.049627 0.364533 0.133843 0.182072 0.369940 0.488151 0.186395 0.314837
22.000000 0.049648 0.364093 0.133672 0.181885 0.368876 0.488328 0.186180 0.314111
22.200000 0.049762 0.364217 0.133846 0.181787 0.368255 0.488436 0.186141 0.313662
22.400000 0.049884 0.363642 0.133873 0.181664 0.367507 0.488291 0.185933 0.312968
22.600000 0.049744 0.363588 0.133928 0.181293 0.366532 0.488344 0.185737 0.351542
22.800000 0.049601 0.363411 0.133904 0.181222 0.366004 0.488288 0.185552 0.312017
23.000000 0.049725 0.362858 0.133798 0.180842 0.365238 0.488029 0.185353 0.311133
23.200000 0.049762 0.362557 0.133913 0.180866 0.364450 0.488133 0.185232 0.310689
23.400000 0.049608 0.362454 0.133931 0.180638 0.363882 0.488141 0.185021 0.310231
23.600000 0.049757 0.362296 0.133960 0.180474 0.363131 0.488110 0.184809 0.309659
23.800000 0.049697 0.362055 0.133671 0.180218 0.362254 0.487935 0.184593 0.309108
24.000000 0.049689 0.361886 0.133674 0.180118 0.361638 0.487924 0.184457 0.308566
24.200000 0.049705 0.361494 0.133723 0.179766 0.360879 0.487875 0.184305 0.308186
24.400000 0.049717 0.361213 0.133742 0.179630 0.360290 0.487728 0.184131 0.307521
24.600000 0.049729 0.361134 0.133674 0.179580 0.359350 0.487687 0.183913 0.306940
24.800000 0.049868 0.360863 0.133653 0.179318 0.358850 0.487594 0.183827 0.306447
25.000000 0.049711 0.360691 0.133717 0.179107 0.358200 0.487613 0.183623 0.305995
25.200000 0.049704 0.360207 0.133614 0.178956 0.357083 0.487474 0.183308 0.305040
25.400000 0.049681 0.359908 0.133556 0.178642 0.356447 0.487352 0.182809 0.304555
25.600000 0.049692 0.359739 0.133629 0.178418 0.355694 0.487346 0.182811 0.304059
25.800000 0.049689 0.359129 0.133470 0.178229 0.355039 0.487340 0.182759 0.303648
26.000000 0.049677 0.359285 0.133429 0.178075 0.354422 0.487237 0.182652 0.302942
26.200000 0.049662 0.359024 0.133396 0.177857 0.353627 0.487021 0.182316 0.302289
26.400000 0.049664 0.358592 0.133435 0.177906 0.352947 0.487050 0.182250 0.301822
26.600000 0.049686 0.358506 0.133572 0.177588 0.352272 0.486980 0.182183 0.301413
26.800000 0.049645 0.358307 0.133371 0.177214 0.351589 0.486854 0.182021 0.300970
27.000000 0.049634 0.358089 0.133221 0.177235 0.351202 0.486873 0.181582 0.300472
27.200000 0.049641 0.357746 0.133376 0.177023 0.350457 0.486786 0.181723 0.300099
27.400000 0.049641 0.357538 0.133368 0.176782 0.349704 0.486803 0.181451 0.299500
27.600000 0.049668 0.357482 0.133215 0.176666 0.349160 0.486720 0.181425 0.299044
27.800000 0.049724 0.357081 0.133285 0.176407 0.348592 0.486466 0.181084 0.298526
28.000000 0.049737 0.357055 0.133249 0.176380 0.348032 0.486572 0.180923 0.298014
28.200000 0.049632 0.356868 0.133268 0.176214 0.347380 0.486504 0.180722 0.297614
28.400000 0.049616 0.356520 0.133336 0.176038 0.346604 0.486412 0.180609 0.297091
28.600000 0.049617 0.356324 0.133249 0.175825 0.346198 0.486412 0.180445 0.296671
28.800000 0.049574 0.356017 0.133168 0.175729 0.345320 0.486225 0.180289 0.296202
29.000000 0.049440 0.355719 0.133100 0.175381 0.344858 0.486240 0.180015 0.295677
29.200000 0.049583 0.355653 0.133148 0.175324 0.344327 0.486078 0.179935 0.295122
29.400000 0.049585 0.355457 0.133179 0.175044 0.343762 0.486178 0.179817 0.294657
29.600000 0.049502 0.355126 0.133024 0.174970 0.343129 0.485916 0.179481 0.294341
29.800000 0.049723 0.355054 0.133051 0.174887 0.342689 0.485870 0.179523 0.293828
30.000000 0.049714 0.354776 0.133013 0.174685 0.342053 0.485906 0.179001 0.293418
30.200000 0.049438 0.354465 0.132824 0.174704 0.341316 0.485718 0.179066 0.292906
30.400000 0.049485 0.354424 0.133030 0.174390 0.340749 0.485786 0.179011 0.292584
30.600000 0.049670 0.354265 0.132974 0.174238 0.340033 0.485745 0.178906 0.291911
30.800000 0.050020 0.353890 0.132974 0.174066 0.339584 0.485593 0.178748 0.291563
31.000000 0.050687 0.353715 0.132933 0.173916 0.339197 0.485610 0.178601 0.291274
31.200000 0.051627 0.353684 0.132865 0.173918 0.338637 0.485433 0.178471 0.291017
31.400000 0.052935 0.353420 0.132961 0.173695 0.338873 0.485493 0.178326 0.291188
31.600000 0.054135 0.353520 0.132985 0.173647 0.339431 0.485431 0.178318 0.291536
31.800000 0.055625 0.353569 0.133090 0.174079 0.340486 0.485491 0.178307 0.292403
32.000000 0.057099 0.353993 0.133093 0.174350 0.342705 0.485342 0.178219 0.294027
32.200000 0.058677 0.354601 0.133197 0.174738 0.345907 0.485266 0.178362 0.296157
32.400000 0.060155 0.355765 0.133281 0.175688 0.349764 0.485343 0.178341 0.299147
32.600000 0.061523 0.357513 0.133605 0.176919 0.354820 0.485312 0.178410 0.302639
32.800000 0.062779 0.359873 0.133810 0.178440 0.360438 0.485168 0.178530 0.306982
33.000000 0.063998 0.363597 0.134543 0.180443 0.367304 0.485175 0.178843 0.311670
33.200000 0.065078 0.368140 0.135306 0.182703 0.374607 0.485115 0.179114 0.317143
33.400000 0.065932 0.373555 0.136085 0.185165 0.382737 0.485128 0.179405 0.323178
33.600000 0.066908 0.380073 0.136776 0.188068 0.391517 0.485330 0.179705 0.329564
33.800000 0.067633 0.387712 0.137543 0.191159 0.400607 0.485373 0.180078 0.336328
34.000000 0.068399 0.396400 0.138333 0.194327 0.410242 0.485316 0.180461 0.343725
34.200000 0.069045 0.405809 0.139112 0.197439 0.420517 0.485413 0.180951 0.351484
34.400000 0.069622 0.416482 0.140056 0.200719 0.430935 0.485463 0.181228 0.359396
34.600000 0.069892 0.427927 0.140558 0.203912 0.441820 0.485501 0.181666 0.368008
34.800000 0.070528 0.439862 0.141537 0.207353 0.452892 0.485503 0.181958 0.376667
35.000000 0.070899 0.452819 0.142326 0.210573 0.464391 0.485513 0.182566 0.385603
35.200000 0.071225 0.466337 0.143162 0.213953 0.476526 0.485604 0.182987 0.394900
35.400000 0.071506 0.479440 0.143911 0.217246 0.487695 0.485594 0.183551 0.403907
35.600000 0.071690 0.492956 0.144846 0.220361 0.499024 0.485837 0.183961 0.413160
35.800000 0.071972 0.506887 0.145526 0.223430 0.510459 0.485576 0.184433 0.422324
36.000000 0.072151 0.521067 0.146180 0.226666 0.522243 0.485799 0.184903 0.431599
36.200000 0.072301 0.535268 0.147049 0.229649 0.534080 0.485779 0.185357 0.441245
36.400000 0.072332 0.549990 0.147837 0.232878 0.546128 0.485746 0.185704 0.451041
36.600000 0.072578 0.565114 0.148360 0.235762 0.558579 0.485944 0.186331 0.460668
36.800000 0.072721 0.579917 0.149461 0.239166 0.570872 0.486025 0.186906 0.470490
37.000000 0.072802 0.594770 0.150101 0.242086 0.583068 0.486050 0.187269 0.480456
37.200000 0.073016 0.609701 0.150943 0.245409 0.595908 0.486042 0.187943 0.491101
37.400000 0.073017 0.626723 0.151591 0.248811 0.609793 0.486046 0.188410 0.501954
37.600000 0.073062 0.641247 0.152475 0.251872 0.622242 0.486279 0.188831 0.511767
37.800000 0.073150 0.655684 0.153178 0.254932 0.634570 0.486161 0.189421 0.521691
38.000000 0.073169 0.669908 0.153859 0.257864 0.646625 0.486171 0.189924 0.531392
38.200000 0.073186 0.684290 0.154640 0.260856 0.659484 0.486254 0.190277 0.541422
38.400000 0.073254 0.697873 0.155303 0.263706 0.671585 0.486490 0.191031 0.551261
38.600000 0.073341 0.711641 0.156001 0.266794 0.684044 0.486597 0.191488 0.561175
38.800000 0.073376 0.725098 0.156634 0.269819 0.696843 0.486514 0.191972 0.570688
39.000000 0.073425 0.737833 0.157182 0.272849 0.708741 0.486700 0.192582 0.580893
39.200000 0.073447 0.750522 0.158060 0.275793 0.720351 0.486622 0.193126 0.590403
39.400000 0.073473 0.762176 0.158624 0.278735 0.731991 0.486791 0.193660 0.599582
39.600000 0.073480 0.773612 0.158848 0.281158 0.743402 0.486752 0.194085 0.608789
39.800000 0.073502 0.784589 0.159834 0.284134 0.754769 0.486803 0.194574 0.617822
40.000000 0.073527 0.794810 0.160487 0.287032 0.765787 0.486968 0.195270 0.626803
40.200000 0.073426 0.804984 0.161000 0.289949 0.776581 0.487029 0.195761 0.635631
40.400000 0.073399 0.814377 0.161447 0.292587 0.787494 0.487064 0.196202 0.644311
40.600000 0.073596 0.823673 0.162327 0.295498 0.797883 0.487124 0.196930 0.652801
40.800000 0.073602 0.832466 0.162668 0.298042 0.808358 0.487142 0.197354 0.661247
41.000000 0.073636 0.841046 0.163244 0.300685 0.818489 0.487325 0.197698 0.669717
41.200000 0.073636 0.848931 0.163863 0.303473 0.828678 0.487353 0.198380 0.677816
41.400000 0.073654 0.856425 0.164173 0.306155 0.838314 0.487344 0.198801 0.685975
41.600000 0.073635 0.863438 0.164917 0.308698 0.847564 0.487418 0.199449 0.693813
41.800000 0.073648 0.870323 0.165394 0.311399 0.857071 0.487632 0.200037 0.701661
42.000000 0.073661 0.876722 0.165566 0.313936 0.865952 0.487584 0.200467 0.708932
42.200000 0.073689 0.882855 0.166315 0.316606 0.874938 0.487787 0.201011 0.716397
42.400000 0.073691 0.888294 0.166526 0.318961 0.883296 0.487783 0.201402 0.723283
42.600000 0.073578 0.893831 0.166981 0.321468 0.891484 0.487729 0.202038 0.730289
42.800000 0.073560 0.898894 0.167471 0.323842 0.899533 0.487964 0.202584 0.737006
43.000000 0.073681 0.903746 0.167837 0.326333 0.907087 0.487956 0.202988 0.743549
43.200000 0.073745 0.908218 0.168259 0.328693 0.914972 0.488045 0.203591 0.750008
43.400000 0.073717 0.912536 0.168674 0.331172 0.922142 0.488042 0.204105 0.756373
43.600000 0.073783 0.917128 0.169099 0.333807 0.930379 0.488240 0.204879 0.763719
43.800000 0.073749 0.922063 0.169557 0.336723 0.939002 0.488274 0.205257 0.770655
44.000000 0.073723 0.925618 0.169816 0.338826 0.945481 0.487833 0.205894 0.776369
44.200000 0.073790 0.929037 0.170271 0.341327 0.951861 0.488384 0.206391 0.781856
44.400000 0.073757 0.932241 0.170589 0.343563 0.958251 0.488163 0.206909 0.787340
44.600000 0.073722 0.935465 0.170776 0.345632 0.964204 0.488550 0.207393 0.792469
44.800000 0.073808 0.938171 0.171090 0.347924 0.970149 0.488543 0.207929 0.797467
45.000000 0.073805 0.941053 0.171527 0.350113 0.975857 0.488591 0.208299 0.802465
45.200000 0.073887 0.943641 0.171893 0.352275 0.981454 0.488690 0.208946 0.807539
45.400000 0.073828 0.946294 0.172260 0.354334 0.987026 0.488753 0.209391 0.812228
45.600000 0.073824 0.948717 0.172454 0.356522 0.992104 0.488626 0.209937 0.816702
45.800000 0.073798 0.951071 0.172597 0.358647 0.997015 0.488748 0.210345 0.821160
46.000000 0.073701 0.953124 0.172970 0.360692 1.002166 0.488956 0.210772 0.825594
46.200000 0.073731 0.955069 0.173256 0.362685 1.006864 0.488981 0.211366 0.829326
46.400000 0.073790 0.956974 0.173623 0.364598 1.011583 0.488992 0.211706 0.833619
46.600000 0.073851 0.959081 0.173652 0.366690 1.015986 0.489132 0.212303 0.837739
46.800000 0.073702 0.960883 0.173988 0.368775 1.020457 0.489108 0.212724 0.841597
47.000000 0.073856 0.962584 0.174269 0.370531 1.024654 0.489320 0.213180 0.845243
47.200000 0.073899 0.964306 0.174553 0.372557 1.028876 0.489313 0.213677 0.848984
47.400000 0.073850 0.965842 0.174840 0.374293 1.032578 0.489233 0.214285 0.852261
47.600000 0.073848 0.967263 0.174993 0.376227 1.036759 0.489435 0.214834 0.855856
47.800000 0.073890 0.968858 0.175248 0.378012 1.040628 0.489399 0.215173 0.859318
48.000000 0.073744 0.970221 0.175443 0.379866 1.044296 0.489632 0.215673 0.862569
48.200000 0.073894 0.971413 0.175616 0.381715 1.047555 0.489754 0.216243 0.865628
48.400000 0.073887 0.972772 0.175636 0.383307 1.051210 0.489764 0.216528 0.868818
48.600000 0.073882 0.973912 0.175990 0.385271 1.054680 0.489763 0.217251 0.871684
48.800000 0.074005 0.975029 0.176222 0.386950 1.057884 0.489791 0.217547 0.874628
49.000000 0.073871 0.976322 0.176514 0.388646 1.061126 0.489913 0.218069 0.877485
49.200000 0.073931 0.977244 0.176675 0.390375 1.064287 0.490033 0.218450 0.880022
49.400000 0.074005 0.978124 0.176759 0.392110 1.067310 0.490053 0.218919 0.882782
49.600000 0.073878 0.979176 0.176722 0.393685 1.070250 0.490217 0.219291 0.885285
49.800000 0.073732 0.980027 0.177126 0.395324 1.073050 0.490082 0.219824 0.887621
50.000000 0.073850 0.981077 0.177165 0.397098 1.076210 0.490245 0.220212 0.890759
50.200000 0.073720 0.981946 0.177427 0.398782 1.079060 0.490170 0.220941 0.893169
50.400000 0.073720 0.982398 0.177527 0.400507 1.081686 0.490388 0.221400 0.895444
50.600000 0.073709 0.983528 0.177717 0.402062 1.084424 0.490404 0.221658 0.897747
50.800000 0.073869 0.984044 0.177884 0.403739 1.086986 0.490502 0.222060 0.900145
51.000000 0.073717 0.984706 0.178051 0.405092 1.089243 0.490527 0.222425 0.902186
51.200000 0.073718 0.985512 0.178131 0.406550 1.091761 0.490607 0.223001 0.904364
51.400000 0.073704 0.986067 0.178084 0.408147 1.094017 0.490851 0.223455 0.906270
51.600000 0.073876 0.986534 0.178362 0.409847 1.096283 0.490580 0.223888 0.908427
51.800000 0.073909 0.987306 0.178660 0.411179 1.098522 0.490806 0.224192 0.910148
52.000000 0.073888 0.987885 0.178546 0.412748 1.100807 0.490931 0.224811 0.912067
52.200000 0.073878 0.988567 0.178970 0.414093 1.103088 0.490946 0.225008 0.914066
52.400000 0.073920 0.988848 0.178960 0.415271 1.105162 0.490925 0.225648 0.916000
52.600000 0.073919 0.989237 0.179029 0.416902 1.107218 0.491047 0.226057 0.917724
52.800000 0.073901 0.989726 0.179209 0.418339 1.109087 0.491103 0.226501 0.919349
53.000000 0.073894 0.990366 0.179418 0.419618 1.111146 0.491161 0.226786 0.920932
53.200000 0.073753 0.990700 0.179401 0.421082 1.112958 0.491222 0.227317 0.922848
53.400000 0.073975 0.991162 0.179451 0.422373 1.114932 0.491335 0.227731 0.924310
53.600000 0.073902 0.991368 0.179718 0.423709 1.116531 0.491194 0.228051 0.925943
53.800000 0.073900 0.991729 0.179774 0.425035 1.118475 0.491420 0.228498 0.927447
54.000000 0.073891 0.992276 0.179933 0.426626 1.120282 0.491340 0.228955 0.929016
54.200000 0.073923 0.992437 0.180028 0.427632 1.121903 0.491370 0.229419 0.930362
54.400000 0.073937 0.992861 0.180109 0.428933 1.123209 0.491567 0.229902 0.931707
54.600000 0.073910 0.993277 0.180230 0.430233 1.125080 0.491655 0.230230 0.933243
54.800000 0.073918 0.993614 0.180306 0.431495 1.126693 0.491694 0.230533 0.934690
55.000000 0.073912 0.993946 0.180478 0.432870 1.128088 0.491667 0.231008 0.935932
55.200000 0.073909 0.994248 0.180655 0.434092 1.129491 0.491706 0.231397 0.937327
55.400000 0.073914 0.994388 0.180652 0.435039 1.131258 0.491980 0.231662 0.938301
55.600000 0.073931 0.994608 0.180731 0.436477 1.132667 0.491821 0.232141 0.939852
55.800000 0.073757 0.995125 0.180557 0.437673 1.134176 0.492021 0.232395 0.941032
56.000000 0.073958 0.995141 0.180907 0.438875 1.135450 0.491993 0.232991 0.942178
56.200000 0.073921 0.995404 0.181120 0.440148 1.136875 0.492025 0.233388 0.943481
56.400000 0.073909 0.995628 0.181230 0.441160 1.138010 0.492005 0.233704 0.944466
56.600000 0.073929 0.995373 0.181216 0.442404 1.139532 0.492153 0.234112 0.945479
56.800000 0.073891 0.995801 0.181368 0.443648 1.140949 0.492298 0.234437 0.946751
57.000000 0.073882 0.996119 0.181544 0.444701 1.141896 0.492540 0.234860 0.947839
57.200000 0.073909 0.996396 0.181468 0.445827 1.143071 0.492476 0.235177 0.948808
57.400000 0.073916 0.996448 0.181645 0.446858 1.144321 0.492350 0.235646 0.949755
57.600000 0.073880 0.996553 0.181583 0.447983 1.145416 0.492455 0.235907 0.950834
57.800000 0.073907 0.996630 0.181682 0.448993 1.146500 0.492649 0.236338 0.951832
58.000000 0.073873 0.996812 0.181865 0.450016 1.147554 0.492683 0.236629 0.952856
58.200000 0.073904 0.996873 0.181980 0.451041 1.148600 0.492570 0.237116 0.953617
58.400000 0.073906 0.996950 0.181880 0.452079 1.149603 0.492790 0.237307 0.954145
58.600000 0.073859 0.997304 0.182012 0.453089 1.150527 0.492802 0.237611 0.955260
58.800000 0.073863 0.997097 0.181890 0.454078 1.151630 0.492972 0.237937 0.956226
59.000000 0.073863 0.997235 0.182030 0.455090 1.152365 0.493006 0.238338 0.957104
59.200000 0.073910 0.997587 0.182175 0.456060 1.153466 0.492866 0.238889 0.957893
59.400000 0.073898 0.997608 0.182326 0.457096 1.154328 0.493125 0.239182 0.958790
59.600000 0.073898 0.997520 0.182328 0.457977 1.155247 0.492951 0.239544 0.959440
59.800000 0.073707 0.997536 0.182424 0.458926 1.155970 0.493023 0.239680 0.959944
60.000000 0.073884 0.997721 0.182402 0.459635 1.157045 0.493205 0.240092 0.960807
60.200000 0.073933 0.997664 0.182595 0.460758 1.157891 0.493224 0.240396 0.961691
60.400000 0.073875 0.997632 0.182513 0.461607 1.158697 0.493360 0.240762 0.962414
60.600000 0.073716 0.997704 0.182624 0.462791 1.159408 0.493403 0.241090 0.962724
60.800000 0.073870 0.997802 0.182690 0.463515 1.160493 0.493499 0.241479 0.963604
61.000000 0.073859 0.997751 0.182677 0.464448 1.160973 0.493552 0.241709 0.964437
61.200000 0.073897 0.997988 0.182703 0.465117 1.161775 0.493536 0.242045 0.964981
61.400000 0.073873 0.997937 0.182819 0.466043 1.162527 0.493658 0.242353 0.965655
61.600000 0.073882 0.997900 0.182879 0.467023 1.162955 0.493411 0.242537 0.966166
61.800000 0.073769 0.997951 0.183084 0.467921 1.163796 0.493710 0.242929 0.966649
62.000000 0.073890 0.997917 0.182966 0.468674 1.164541 0.493729 0.243223 0.967504
62.200000 0.073927 0.997943 0.182961 0.469664 1.165240 0.493813 0.243648 0.968250
62.400000 0.073599 0.997933 0.183194 0.470852 1.166073 0.494037 0.244128 0.968890
62.600000 0.073715 0.998126 0.183246 0.471597 1.166891 0.494056 0.244178 0.969446
62.800000 0.073871 0.998006 0.183107 0.472496 1.167402 0.494033 0.244480 0.969935
63.000000 0.073827 0.997880 0.183281 0.473152 1.167589 0.494002 0.244845 0.970211
63.200000 0.073889 0.998032 0.183408 0.473994 1.168596 0.494210 0.245201 0.971032
63.400000 0.073707 0.997833 0.183293 0.474822 1.169064 0.494374 0.245371 0.971572
63.600000 0.073983 0.997802 0.183504 0.475512 1.169571 0.494327 0.245687 0.972018
63.800000 0.073887 0.998021 0.183690 0.476269 1.170322 0.494294 0.246052 0.972416
64.000000 0.073866 0.997944 0.183523 0.477086 1.170635 0.494406 0.246403 0.972918
64.200000 0.073839 0.997906 0.183692 0.477787 1.171175 0.494444 0.246512 0.973354
64.400000 0.073709 0.997865 0.183854 0.478461 1.171806 0.494446 0.246897 0.973730
64.600000 0.073702 0.997797 0.183782 0.479167 1.172127 0.494425 0.247203 0.974184
64.800000 0.073870 0.997817 0.183789 0.479974 1.172758 0.494388 0.247381 0.974841
65.000000 0.073880 0.997905 0.183809 0.480734 1.173344 0.494543 0.247889 0.975176
65.200000 0.073815 0.997849 0.183936 0.481472 1.173672 0.494747 0.247960 0.975572
65.400000 0.073843 0.997791 0.183975 0.482094 1.174212 0.494741 0.248171 0.975950
65.600000 0.073813 0.997893 0.183915 0.482884 1.174518 0.494864 0.248418 0.976522
65.800000 0.073826 0.997922 0.183904 0.483667 1.175098 0.494895 0.248817 0.976776
66.000000 0.073872 0.997772 0.184061 0.484312 1.175606 0.494945 0.249074 0.977230
66.200000 0.073701 0.997813 0.184173 0.484780 1.176011 0.494717 0.249199 0.977417
66.400000 0.073851 0.997837 0.184192 0.485559 1.176369 0.494974 0.249448 0.977916
66.600000 0.073693 0.997698 0.184225 0.486338 1.176714 0.494999 0.249836 0.978309
66.800000 0.073823 0.997818 0.184233 0.487003 1.177202 0.495116 0.250058 0.978618
67.000000 0.073832 0.997658 0.184213 0.487372 1.177597 0.495260 0.250393 0.978916
67.200000 0.073830 0.997622 0.184218 0.488139 1.178011 0.495209 0.250551 0.979225
67.400000 0.073966 0.997757 0.184329 0.488800 1.178302 0.495280 0.250891 0.979722
67.600000 0.073820 0.997471 0.184514 0.489376 1.178777 0.495428 0.251084 0.979980
67.800000 0.073831 0.997737 0.184615 0.490145 1.178936 0.495482 0.251411 0.980262
68.000000 0.073701 0.997637 0.184492 0.490607 1.179478 0.495512 0.251588 0.980592
68.200000 0.073898 0.997570 0.184576 0.491229 1.179746 0.495519 0.251788 0.980962
68.400000 0.073712 0.997344 0.184590 0.492062 1.180262 0.495282 0.251946 0.981109
68.600000 0.073848 0.997327 0.184679 0.492687 1.180414 0.495600 0.252250 0.981574
68.800000 0.073707 0.997687 0.184701 0.493404 1.180665 0.495675 0.252577 0.981969
69.000000 0.073717 0.997337 0.184718 0.493885 1.181238 0.495734 0.252636 0.981946
69.200000 0.073998 0.997601 0.184776 0.494534 1.181446 0.495897 0.253018 0.982415
69.400000 0.074005 0.997374 0.184667 0.494972 1.181497 0.495834 0.253199 0.982623
69.600000 0.073785 0.997297 0.184829 0.495401 1.181756 0.495668 0.253328 0.982746
69.800000 0.073831 0.997449 0.184935 0.496112 1.182364 0.495761 0.253641 0.983145
70.000000 0.073853 0.997380 0.184917 0.496754 1.182484 0.495879 0.253779 0.983534
70.200000 0.073861 0.997212 0.184971 0.497387 1.182797 0.495934 0.254144 0.983732
70.400000 0.073702 0.997445 0.185045 0.497943 1.182982 0.495924 0.254216 0.984141
70.600000 0.073994 0.997365 0.185040 0.498453 1.183452 0.496119 0.254399 0.984221
70.800000 0.073999 0.997180 0.185137 0.498813 1.183716 0.496153 0.254670 0.984626
71.000000 0.073832 0.997396 0.185217 0.499464 1.183846 0.496213 0.255030 0.984656
71.200000 0.073718 0.997338 0.185164 0.500022 1.184228 0.496302 0.255259 0.984814
71.400000 0.073842 0.997204 0.185192 0.500536 1.184323 0.496316 0.255495 0.985151
71.600000 0.073735 0.997235 0.185132 0.501231 1.184737 0.496303 0.255666 0.985505
71.800000 0.073854 0.997417 0.185255 0.501797 1.184883 0.496404 0.255783 0.985677
72.000000 0.073875 0.997288 0.185248 0.502271 1.185266 0.496531 0.256066 0.985894
72.200000 0.073891 0.997152 0.185424 0.502905 1.185432 0.496659 0.256273 0.986090
72.400000 0.073868 0.997193 0.185429 0.503347 1.185494 0.496486 0.256487 0.986270
72.600000 0.073863 0.997071 0.185602 0.503843 1.185786 0.496640 0.256789 0.986548
72.800000 0.073838 0.997222 0.185093 0.504437 1.186087 0.496584 0.256667 0.986501
73.000000 0.073851 0.997179 0.185661 0.504826 1.186105 0.496738 0.257052 0.986962
73.200000 0.073832 0.997299 0.185415 0.505354 1.186272 0.496625 0.257409 0.987195
73.400000 0.073860 0.997286 0.185649 0.505647 1.186558 0.496789 0.257449 0.987225
73.600000 0.074003 0.997049 0.185620 0.506300 1.186796 0.496913 0.257666 0.987533
73.800000 0.073844 0.997286 0.185609 0.506799 1.187055 0.497055 0.257729 0.987566
74.000000 0.073771 0.997033 0.185671 0.507183 1.187114 0.496839 0.258103 0.987973
74.200000 0.073831 0.997124 0.185701 0.507792 1.187228 0.496879 0.258291 0.987996
74.400000 0.073944 0.997147 0.185808 0.508418 1.187441 0.497152 0.258346 0.988239
74.600000 0.073817 0.996859 0.185712 0.508825 1.187642 0.497033 0.258648 0.988398
74.800000 0.073731 0.996872 0.185840 0.509059 1.187600 0.497177 0.258836 0.988528
75.000000 0.073716 0.996890 0.185903 0.509613 1.188110 0.497382 0.259038 0.988633
75.200000 0.073862 0.996740 0.185722 0.510161 1.188065 0.497267 0.259160 0.989062
75.400000 0.073879 0.996984 0.185934 0.510594 1.188482 0.497350 0.259370 0.989004
75.600000 0.073817 0.996771 0.185883 0.510942 1.188364 0.497009 0.259482 0.989068
75.800000 0.073906 0.996990 0.185952 0.511182 1.188740 0.497289 0.259710 0.989437
76.000000 0.073900 0.996992 0.186040 0.512026 1.188788 0.497517 0.259929 0.989530
76.200000 0.073886 0.996603 0.185914 0.512283 1.189171 0.497559 0.260154 0.989573
76.400000 0.073924 0.996925 0.186141 0.512819 1.189258 0.497641 0.260294 0.989784
76.600000 0.073872 0.996604 0.186021 0.513240 1.189284 0.497452 0.260348 0.990239
76.800000 0.073902 0.996712 0.186097 0.513646 1.189574 0.497677 0.260559 0.990172
77.000000 0.073930 0.996996 0.186240 0.514165 1.189428 0.497866 0.260770 0.990208
77.200000 0.074000 0.996741 0.186234 0.514655 1.189993 0.497816 0.261057 0.990607
77.400000 0.073923 0.996952 0.186321 0.514832 1.190062 0.497859 0.261087 0.990612
77.600000 0.073903 0.996784 0.186315 0.515413 1.190093 0.497827 0.261195 0.990796
77.800000 0.073922 0.996761 0.186456 0.515758 1.190207 0.497787 0.261307 0.991030
78.000000 0.073940 0.997000 0.186322 0.516309 1.190481 0.497996 0.261682 0.991210
78.200000 0.073909 0.996799 0.186387 0.516771 1.190643 0.497953 0.261679 0.990993
78.400000 0.073920 0.997002 0.186335 0.517243 1.190693 0.498158 0.261730 0.991486
78.600000 0.073935 0.996977 0.186355 0.517695 1.191180 0.497990 0.262124 0.991731
78.800000 0.073916 0.997055 0.186338 0.517893 1.191100 0.497916 0.262076 0.991763
79.000000 0.073947 0.997115 0.186699 0.518295 1.191328 0.498152 0.262298 0.991929
79.200000 0.073935 0.996832 0.186489 0.518670 1.191447 0.498227 0.262507 0.992060
79.400000 0.073915 0.997128 0.186597 0.518990 1.191718 0.498288 0.262630 0.992095
79.600000 0.073963 0.997199 0.186701 0.519675 1.191995 0.498380 0.262783 0.992302
79.800000 0.073948 0.997189 0.186523 0.519947 1.191737 0.498242 0.263006 0.992337
80.000000 0.073937 0.997115 0.186742 0.520188 1.192055 0.498385 0.263042 0.992478
80.200000 0.074146 0.997145 0.186698 0.520703 1.192079 0.498446 0.263277 0.992813
80.400000 0.073946 0.997224 0.186827 0.521056 1.192227 0.498512 0.263384 0.992751
80.600000 0.073944 0.997110 0.186787 0.521491 1.192201 0.498483 0.263494 0.992884
80.800000 0.073954 0.997177 0.186837 0.521827 1.192550 0.498615 0.263521 0.993164
81.000000 0.073938 0.997343 0.186792 0.522057 1.192546 0.498532 0.263798 0.993220
81.200000 0.073765 0.997290 0.187062 0.522412 1.192735 0.498625 0.263865 0.993334
81.400000 0.073928 0.997235 0.186805 0.522904 1.192801 0.498652 0.263961 0.993389
81.600000 0.073931 0.997185 0.186973 0.523177 1.193058 0.498728 0.263988 0.993536
81.800000 0.073963 0.997202 0.186921 0.523580 1.193023 0.498802 0.264149 0.993717
82.000000 0.073909 0.997288 0.187016 0.523883 1.193082 0.498733 0.264350 0.993734
82.200000 0.073912 0.997219 0.187088 0.524165 1.193377 0.498751 0.264447 0.993862
82.400000 0.073932 0.997096 0.187014 0.524452 1.193192 0.498763 0.264458 0.993927
82.600000 0.073926 0.997402 0.187013 0.524849 1.193457 0.498906 0.264707 0.993827
82.800000 0.073904 0.997455 0.187175 0.525254 1.193502 0.499101 0.264863 0.993927
83.000000 0.073885 0.997410 0.187149 0.525273 1.193633 0.499020 0.265006 0.994344
83.200000 0.073873 0.997284 0.187332 0.525677 1.193625 0.498881 0.265076 0.994277
83.400000 0.073913 0.997398 0.186942 0.525978 1.193867 0.499055 0.265297 0.994449
83.600000 0.073923 0.997266 0.187337 0.526533 1.193723 0.499234 0.265227 0.994533
83.800000 0.073914 0.997375 0.187281 0.526840 1.193905 0.499122 0.265364 0.994634
84.000000 0.073926 0.997141 0.187374 0.526972 1.193939 0.499356 0.265554 0.994789
84.200000 0.073935 0.997443 0.187268 0.527424 1.194065 0.499163 0.265691 0.994946
84.400000 0.073959 0.997349 0.187330 0.527521 1.194063 0.499358 0.265815 0.994938
84.600000 0.073954 0.997198 0.187491 0.528034 1.194301 0.499370 0.266096 0.995035
84.800000 0.073953 0.997347 0.187414 0.528242 1.194288 0.499489 0.266027 0.995026
85.000000 0.073915 0.997322 0.187402 0.528621 1.194459 0.499445 0.266222 0.995309
85.200000 0.073947 0.997462 0.187481 0.528746 1.194610 0.499479 0.266385 0.995453
85.400000 0.073908 0.997425 0.187395 0.529214 1.194479 0.499463 0.266405 0.995168
85.600000 0.073940 0.997414 0.187522 0.529509 1.194618 0.499454 0.266570 0.995503
85.800000 0.073887 0.997219 0.187401 0.529749 1.194691 0.499483 0.266491 0.995543
86.000000 0.073925 0.997359 0.187386 0.529992 1.194885 0.499697 0.266621 0.995754
86.200000 0.073901 0.997535 0.187241 0.530393 1.194660 0.499578 0.266761 0.995924
86.400000 0.073934 0.997463 0.187605 0.530692 1.195073 0.499718 0.266811 0.995845
86.600000 0.073898 0.997484 0.187675 0.531150 1.194939 0.499824 0.267050 0.995857
86.800000 0.073915 0.997347 0.187637 0.531364 1.195114 0.499783 0.267075 0.996029
87.000000 0.073918 0.997379 0.187718 0.531454 1.195291 0.499888 0.267246 0.996052
87.200000 0.073946 0.997412 0.187709 0.532024 1.195111 0.499857 0.267205 0.996081
87.400000 0.073953 0.997239 0.187778 0.532220 1.194962 0.499923 0.267417 0.996298
87.600000 0.073929 0.997490 0.187802 0.532287 1.195446 0.499961 0.267577 0.996122
87.800000 0.073935 0.997405 0.187812 0.532894 1.195432 0.500161 0.267528 0.996468
88.000000 0.073918 0.997585 0.187699 0.532895 1.195589 0.500100 0.267790 0.996675
88.200000 0.073902 0.997391 0.187855 0.533228 1.195626 0.500153 0.267890 0.996607
88.400000 0.073957 0.997346 0.187863 0.533493 1.195546 0.500317 0.267798 0.996626
88.600000 0.073868 0.997346 0.187838 0.533843 1.195724 0.500060 0.268034 0.996611
88.800000 0.073946 0.997554 0.187917 0.534036 1.195632 0.500223 0.267810 0.996829
89.000000 0.073943 0.997381 0.188106 0.534316 1.195851 0.500297 0.268224 0.996846
89.200000 0.073966 0.997452 0.187963 0.534572 1.195787 0.500094 0.268154 0.996751
89.400000 0.073971 0.997404 0.187903 0.534775 1.195699 0.500212 0.268257 0.996751
89.600000 0.073909 0.997246 0.188034 0.535014 1.195978 0.500407 0.268503 0.997136
89.800000 0.073971 0.997430 0.187871 0.535141 1.196035 0.500437 0.268554 0.997130
90.000000 0.073956 0.997317 0.187893 0.535573 1.195842 0.500437 0.268692 0.997093
