0.200000 0.052661 0.449007 0.183940 0.245211 0.522655 0.427290 0.216547 0.438225
0.400000 0.052444 0.447804 0.183575 0.244464 0.520294 0.426973 0.216047 0.436481
0.600000 0.052418 0.447356 0.183822 0.244512 0.518826 0.426824 0.216082 0.435336
0.800000 0.052435 0.446670 0.183807 0.244153 0.517315 0.427052 0.216163 0.434386
1.000000 0.052428 0.446119 0.183730 0.243843 0.516066 0.426999 0.216105 0.433095
1.200000 0.052362 0.445620 0.183696 0.243675 0.514736 0.427107 0.216004 0.432137
1.400000 0.052429 0.444970 0.183575 0.243331 0.513352 0.426844 0.215935 0.431188
1.600000 0.052420 0.444428 0.183648 0.242979 0.511968 0.426791 0.215845 0.430293
1.800000 0.052435 0.443904 0.183696 0.242833 0.510679 0.426855 0.215809 0.429000
2.000000 0.052418 0.443386 0.183619 0.242689 0.509222 0.426915 0.215651 0.428149
2.200000 0.052394 0.442845 0.183713 0.242180 0.508080 0.426930 0.215582 0.427041
2.400000 0.052429 0.442272 0.183425 0.241957 0.506460 0.426869 0.215533 0.425816
2.600000 0.052376 0.441606 0.183705 0.241753 0.505260 0.426878 0.215329 0.425026
2.800000 0.052409 0.441228 0.183575 0.241510 0.503862 0.426862 0.215420 0.424001
3.000000 0.052391 0.440376 0.183505 0.241239 0.502672 0.426768 0.215168 0.422953
3.200000 0.052221 0.440000 0.183301 0.241032 0.501496 0.426759 0.215178 0.422034
3.400000 0.052367 0.439652 0.183408 0.240898 0.500133 0.426781 0.215133 0.420983
3.600000 0.052488 0.439033 0.183301 0.240520 0.498946 0.426715 0.215007 0.420039
3.800000 0.052369 0.438592 0.183375 0.240275 0.497444 0.426709 0.214952 0.419075
4.000000 0.052355 0.437998 0.183353 0.239956 0.496345 0.426665 0.214808 0.417957
4.200000 0.052352 0.437889 0.183152 0.239700 0.494860 0.426667 0.214949 0.417092
4.400000 0.052219 0.437164 0.183129 0.239520 0.493680 0.426576 0.214704 0.416118
4.600000 0.052328 0.436707 0.183237 0.239121 0.492317 0.426497 0.214636 0.415156
4.800000 0.052298 0.436170 0.183159 0.238980 0.491257 0.426587 0.214409 0.414304
5.000000 0.052314 0.435790 0.183124 0.238740 0.490097 0.426630 0.214462 0.412995
5.200000 0.052317 0.435289 0.183168 0.238409 0.488726 0.426626 0.214371 0.412201
5.400000 0.052329 0.434791 0.183010 0.238256 0.487489 0.426634 0.214332 0.411521
5.600000 0.052277 0.434198 0.183110 0.237998 0.486444 0.426530 0.214089 0.410599
5.800000 0.052299 0.433698 0.183069 0.237750 0.485138 0.426476 0.214099 0.409407
6.000000 0.052271 0.433245 0.182968 0.237570 0.483732 0.426473 0.213934 0.408635
6.200000 0.052282 0.432871 0.183012 0.237291 0.482757 0.426441 0.213836 0.407570
6.400000 0.052270 0.432420 0.182822 0.237030 0.481342 0.426366 0.213900 0.406500
6.600000 0.052285 0.431685 0.182888 0.236697 0.479701 0.426433 0.213630 0.405503
6.800000 0.052292 0.431239 0.182972 0.236328 0.478596 0.426338 0.213668 0.404589
7.000000 0.052238 0.430895 0.183095 0.236150 0.477307 0.426232 0.213685 0.403701
7.200000 0.052120 0.430195 0.182905 0.235934 0.476161 0.426210 0.213611 0.402813
7.400000 0.052094 0.429738 0.182829 0.235755 0.475138 0.426328 0.213532 0.401889
7.600000 0.052273 0.429462 0.182864 0.235613 0.473997 0.426220 0.213468 0.401069
7.800000 0.052281 0.429174 0.182812 0.235414 0.472792 0.426229 0.213271 0.400236
8.000000 0.052229 0.428595 0.182694 0.235198 0.471659 0.426228 0.213220 0.399441
8.200000 0.052218 0.428168 0.182662 0.234867 0.470458 0.426190 0.213141 0.398477
8.400000 0.052046 0.427773 0.182765 0.234699 0.469348 0.426257 0.213046 0.397630
8.600000 0.052211 0.427274 0.182735 0.234480 0.468329 0.426325 0.213004 0.396795
8.800000 0.052195 0.426936 0.182775 0.234238 0.467230 0.426031 0.212936 0.395964
9.000000 0.052038 0.426593 0.182588 0.233939 0.466170 0.426065 0.212830 0.395058
9.200000 0.052175 0.426108 0.182508 0.233769 0.465216 0.426176 0.212737 0.394370
9.400000 0.052179 0.425717 0.182771 0.233603 0.464252 0.426168 0.212819 0.393570
9.600000 0.052199 0.425410 0.182589 0.233405 0.463108 0.426141 0.212574 0.392613
9.800000 0.052305 0.424737 0.182573 0.233265 0.462076 0.426018 0.212524 0.391995
10.000000 0.052316 0.424638 0.182377 0.233033 0.460981 0.426171 0.212380 0.391183
10.200000 0.052175 0.424143 0.182379 0.232809 0.460173 0.425759 0.212348 0.390225
10.400000 0.052165 0.423533 0.182365 0.232587 0.458921 0.425904 0.212111 0.389431
10.600000 0.052318 0.423381 0.182405 0.232418 0.457958 0.425910 0.212174 0.388691
10.800000 0.051981 0.422943 0.182357 0.232154 0.456769 0.425899 0.212176 0.388008
11.000000 0.052136 0.422639 0.182370 0.232031 0.455682 0.425923 0.212066 0.387260
11.200000 0.052178 0.422291 0.182439 0.231812 0.454751 0.425872 0.211828 0.386545
11.400000 0.052143 0.421688 0.182339 0.231692 0.453805 0.425986 0.211846 0.385719
11.600000 0.052140 0.421544 0.182323 0.231448 0.452895 0.425732 0.211707 0.384858
11.800000 0.052142 0.421028 0.182312 0.231218 0.451820 0.425730 0.211777 0.384139
12.000000 0.052159 0.420598 0.182307 0.231065 0.451014 0.425794 0.211626 0.383354
12.200000 0.052120 0.420334 0.182107 0.230935 0.449846 0.425736 0.211614 0.382714
12.400000 0.052131 0.419948 0.182259 0.230581 0.448933 0.425744 0.211495 0.382001
12.600000 0.052103 0.419552 0.182243 0.230528 0.447803 0.425777 0.211372 0.381013
12.800000 0.052111 0.419207 0.182099 0.230057 0.446791 0.425780 0.211450 0.380427
13.000000 0.052043 0.418826 0.182112 0.230050 0.446140 0.425585 0.211211 0.379770
13.200000 0.052115 0.418608 0.181975 0.230051 0.445120 0.425569 0.211182 0.379143
13.400000 0.052083 0.418234 0.182211 0.229723 0.444224 0.425694 0.211111 0.378169
13.600000 0.051957 0.417847 0.181987 0.229566 0.443440 0.425505 0.210891 0.377781
13.800000 0.052078 0.417602 0.182064 0.229262 0.442587 0.425592 0.210975 0.377153
14.000000 0.052078 0.417225 0.182103 0.229077 0.441619 0.425425 0.210928 0.376522
14.200000 0.052074 0.416730 0.181766 0.228942 0.440930 0.425702 0.210827 0.375895
14.400000 0.052081 0.416673 0.182113 0.228785 0.440179 0.425456 0.210735 0.375081
14.600000 0.052065 0.416327 0.182118 0.228583 0.439208 0.425426 0.210628 0.374729
14.800000 0.052062 0.415809 0.182033 0.228435 0.438504 0.425497 0.210575 0.373981
15.000000 0.051905 0.415748 0.181971 0.228298 0.437714 0.425421 0.210533 0.373300
15.200000 0.051965 0.415391 0.181906 0.228149 0.436800 0.425516 0.210528 0.372741
15.400000 0.052021 0.415104 0.181946 0.228029 0.436060 0.425474 0.210542 0.372151
15.600000 0.052158 0.414761 0.181917 0.227934 0.435332 0.425562 0.210388 0.371406
15.800000 0.052176 0.414504 0.181735 0.227748 0.434244 0.425311 0.209982 0.370897
16.000000 0.052037 0.414079 0.181885 0.227566 0.433415 0.425465 0.210197 0.370261
16.200000 0.052029 0.413730 0.182012 0.227245 0.432779 0.425319 0.210167 0.369674
16.400000 0.052016 0.413519 0.181834 0.227290 0.431853 0.425406 0.210006 0.369035
16.600000 0.052012 0.413255 0.181878 0.227165 0.431078 0.425406 0.210034 0.368483
16.800000 0.052009 0.412933 0.181872 0.226890 0.430391 0.425279 0.209907 0.367826
17.000000 0.051928 0.412707 0.181914 0.226825 0.429605 0.425367 0.209898 0.367196
17.200000 0.052005 0.412436 0.181878 0.226657 0.428816 0.425357 0.209848 0.366620
17.400000 0.051972 0.412040 0.181810 0.226578 0.428049 0.425114 0.209796 0.366192
17.600000 0.052007 0.411787 0.181701 0.226349 0.427258 0.425409 0.209556 0.365401
17.800000 0.052005 0.411388 0.181645 0.226139 0.426475 0.425148 0.209570 0.365096
18.000000 0.051991 0.411089 0.181716 0.226072 0.425513 0.425243 0.209555 0.364390
18.200000 0.051972 0.411046 0.181727 0.225943 0.424808 0.425260 0.209497 0.363844
18.400000 0.051982 0.410767 0.181599 0.225698 0.424298 0.425190 0.209391 0.363270
18.600000 0.051972 0.410337 0.181546 0.225589 0.423525 0.425171 0.209306 0.362573
18.800000 0.052019 0.410234 0.181667 0.225518 0.422802 0.425208 0.209290 0.362004
19.000000 0.051966 0.409924 0.181565 0.225337 0.421773 0.425058 0.209144 0.361412
19.200000 0.051968 0.409412 0.181428 0.225109 0.421016 0.425035 0.209076 0.360732
19.400000 0.051984 0.409281 0.181624 0.224950 0.420235 0.425229 0.209005 0.360388
19.600000 0.051950 0.408970 0.181549 0.224692 0.419547 0.425043 0.209017 0.359935
19.800000 0.051904 0.408764 0.181579 0.224478 0.418820 0.424835 0.208890 0.359115
20.000000 0.051951 0.408331 0.181554 0.224550 0.418226 0.425082 0.208865 0.358648
20.200000 0.051918 0.408172 0.181491 0.224233 0.417359 0.424810 0.208601 0.358253
20.400000 0.051932 0.407782 0.181515 0.224233 0.416838 0.424951 0.208692 0.357631
20.600000 0.051913 0.407681 0.181468 0.224256 0.415986 0.424777 0.208638 0.357119
20.800000 0.051928 0.407322 0.181411 0.223940 0.415390 0.424905 0.208558 0.356745
21.000000 0.051982 0.407316 0.181490 0.223807 0.414676 0.424968 0.208285 0.356025
21.200000 0.051909 0.406823 0.181451 0.223631 0.413826 0.424761 0.208337 0.355520
21.400000 0.051912 0.406641 0.181178 0.223485 0.413297 0.424689 0.208283 0.354943
21.600000 0.052027 0.406471 0.181400 0.223256 0.412452 0.424677 0.208258 0.354574
21.800000 0.051734 0.406141 0.181384 0.223091 0.411925 0.424670 0.208204 0.353890
22.000000 0.051902 0.405668 0.181316 0.223119 0.411325 0.424899 0.208061 0.353541
22.200000 0.051892 0.405719 0.181046 0.222867 0.410508 0.424684 0.207871 0.353079
22.400000 0.051730 0.405320 0.181252 0.222659 0.409901 0.424787 0.208013 0.352411
22.600000 0.051901 0.405005 0.181209 0.222756 0.409141 0.424782 0.207928 0.351982
22.800000 0.051890 0.404759 0.181202 0.222499 0.408623 0.424714 0.207872 0.351278
23.000000 0.051895 0.404511 0.181246 0.222423 0.407982 0.424716 0.207685 0.350913
23.200000 0.051824 0.404284 0.181238 0.222173 0.407377 0.424583 0.207521 0.350367
23.400000 0.052029 0.404189 0.181393 0.222032 0.406750 0.424706 0.207719 0.350018
23.600000 0.051910 0.403995 0.181010 0.222068 0.405943 0.424614 0.207663 0.349458
23.800000 0.051749 0.403546 0.180998 0.221930 0.405565 0.424618 0.207514 0.348997
24.000000 0.051876 0.403570 0.181240 0.221624 0.404730 0.424588 0.207502 0.348382
24.200000 0.051867 0.403022 0.181240 0.221581 0.404131 0.424538 0.207480 0.347915
24.400000 0.051863 0.402699 0.181268 0.221546 0.403532 0.424538 0.207251 0.347588
24.600000 0.051880 0.402719 0.181046 0.221314 0.402907 0.424418 0.207145 0.347089
24.800000 0.051728 0.402420 0.181066 0.221348 0.402257 0.424372 0.207238 0.346518
25.000000 0.051934 0.402156 0.181111 0.221123 0.401756 0.424379 0.207151 0.346199
25.200000 0.052022 0.402185 0.181262 0.221059 0.401001 0.424599 0.207171 0.345871
25.400000 0.051989 0.401745 0.181077 0.220882 0.400307 0.424397 0.207030 0.345073
25.600000 0.051838 0.401602 0.181052 0.220694 0.399490 0.424380 0.206816 0.344628
25.800000 0.051810 0.401229 0.181119 0.220583 0.398886 0.424487 0.207016 0.344195
26.000000 0.051861 0.401131 0.181010 0.220445 0.398273 0.424334 0.207019 0.343725
26.200000 0.051834 0.400809 0.180986 0.220389 0.397893 0.424103 0.206828 0.343301
26.400000 0.051807 0.400685 0.180950 0.220200 0.397168 0.424296 0.206609 0.342798
26.600000 0.051812 0.400540 0.181113 0.220161 0.396511 0.424362 0.206684 0.342326
26.800000 0.051826 0.400230 0.180929 0.220025 0.395999 0.424312 0.206600 0.341924
27.000000 0.051790 0.399881 0.181111 0.219742 0.395384 0.424245 0.206522 0.341438
27.200000 0.051792 0.399765 0.180933 0.219741 0.394799 0.424261 0.206343 0.341024
27.400000 0.051796 0.399593 0.180950 0.219659 0.394353 0.424319 0.206420 0.340437
27.600000 0.051814 0.399383 0.180962 0.219365 0.393822 0.424114 0.206334 0.340177
27.800000 0.051802 0.399032 0.181038 0.219427 0.393182 0.424235 0.206439 0.339615
28.000000 0.051820 0.398798 0.180919 0.219315 0.392556 0.424044 0.206068 0.339316
28.200000 0.051808 0.398670 0.180706 0.219116 0.391923 0.424154 0.206005 0.338812
28.400000 0.051779 0.398176 0.180780 0.219075 0.391522 0.424188 0.206111 0.338565
28.600000 0.051789 0.398232 0.180553 0.218990 0.390952 0.424085 0.206064 0.338049
28.800000 0.051764 0.397898 0.180863 0.218946 0.390336 0.424113 0.206068 0.337615
29.000000 0.051779 0.397819 0.180784 0.218732 0.389850 0.423933 0.205947 0.337219
29.200000 0.051788 0.397595 0.180764 0.218616 0.389144 0.424101 0.205831 0.336819
29.400000 0.051765 0.397419 0.180816 0.218495 0.388624 0.424000 0.205801 0.336397
29.600000 0.051812 0.397115 0.180820 0.218447 0.388038 0.424081 0.205719 0.335993
29.800000 0.051755 0.396901 0.180808 0.218125 0.387451 0.423962 0.205633 0.335659
30.000000 0.051783 0.396813 0.180739 0.218113 0.387041 0.424126 0.205679 0.335232
30.200000 0.051794 0.396550 0.180685 0.218105 0.386519 0.423811 0.205540 0.334845
30.400000 0.051858 0.396446 0.180773 0.217879 0.386121 0.423990 0.205663 0.334430
30.600000 0.051832 0.396262 0.180801 0.218043 0.385554 0.424064 0.205683 0.334143
30.800000 0.051914 0.396066 0.180780 0.217792 0.385026 0.423957 0.205492 0.333499
31.000000 0.052151 0.395863 0.180753 0.217475 0.384569 0.423910 0.205490 0.333241
31.200000 0.052306 0.395358 0.180526 0.217467 0.384055 0.423806 0.205256 0.332723
31.400000 0.052793 0.395423 0.180607 0.217484 0.383427 0.423872 0.205382 0.332602
31.600000 0.053164 0.395098 0.180619 0.217297 0.383292 0.423785 0.204909 0.332234
31.800000 0.053868 0.394983 0.180921 0.217350 0.383288 0.423613 0.205209 0.332068
32.000000 0.054455 0.394906 0.180672 0.217420 0.383302 0.423818 0.204952 0.332348
32.200000 0.055224 0.395140 0.180603 0.217355 0.383861 0.423708 0.204994 0.332713
32.400000 0.055732 0.395005 0.180775 0.217391 0.384699 0.423646 0.205018 0.333248
32.600000 0.056191 0.395265 0.180740 0.217514 0.385872 0.423706 0.204999 0.334128
32.800000 0.056774 0.395834 0.180851 0.217819 0.387404 0.423692 0.204940 0.335218
33.000000 0.057457 0.396485 0.180800 0.217897 0.389057 0.423728 0.205044 0.336426
33.200000 0.057997 0.397461 0.180789 0.218386 0.391278 0.423668 0.204973 0.338014
33.400000 0.058473 0.398803 0.180896 0.219032 0.393609 0.423623 0.204987 0.339710
33.600000 0.058872 0.400336 0.180897 0.219773 0.396666 0.423827 0.205210 0.341767
33.800000 0.059477 0.402241 0.180975 0.220436 0.399586 0.423745 0.205092 0.343826
34.000000 0.059879 0.404509 0.181143 0.221143 0.402794 0.423784 0.205210 0.346340
34.200000 0.060084 0.407128 0.181406 0.221865 0.406075 0.423595 0.205162 0.348789
34.400000 0.060415 0.410020 0.181473 0.223009 0.409816 0.423783 0.205182 0.351424
34.600000 0.060622 0.413498 0.181655 0.223811 0.413628 0.423766 0.205247 0.354159
34.800000 0.061003 0.417025 0.181822 0.224836 0.417502 0.423734 0.205357 0.357332
35.000000 0.061117 0.421261 0.182128 0.225888 0.421824 0.423762 0.205266 0.360463
35.200000 0.061300 0.425618 0.182443 0.226926 0.426223 0.423756 0.205492 0.363745
35.400000 0.061343 0.430025 0.182601 0.227858 0.430113 0.423639 0.205414 0.366916
35.600000 0.061533 0.434535 0.182585 0.228800 0.434293 0.423704 0.205334 0.369926
35.800000 0.061708 0.439207 0.182781 0.229848 0.438697 0.423652 0.205298 0.373263
36.000000 0.061830 0.444262 0.182849 0.230847 0.443125 0.423729 0.205445 0.376596
36.200000 0.061920 0.449333 0.183046 0.231799 0.447783 0.423638 0.205531 0.380064
36.400000 0.062016 0.454769 0.183128 0.232548 0.452404 0.423706 0.205392 0.383602
36.600000 0.062202 0.460464 0.183289 0.233763 0.457047 0.423718 0.205601 0.387375
36.800000 0.062209 0.466043 0.183514 0.234737 0.461823 0.423676 0.205671 0.391055
37.000000 0.062292 0.471891 0.183747 0.235640 0.466741 0.423835 0.205724 0.395019
37.200000 0.062361 0.477822 0.183972 0.236543 0.471718 0.423538 0.205815 0.398654
37.400000 0.062476 0.483748 0.184135 0.237430 0.476658 0.423615 0.205870 0.402561
37.600000 0.062424 0.490258 0.184367 0.238448 0.482263 0.423744 0.205979 0.406971
37.800000 0.062585 0.499492 0.184346 0.239608 0.489593 0.423665 0.206137 0.412690
38.000000 0.062672 0.505568 0.184693 0.240567 0.494685 0.423747 0.206151 0.416650
38.200000 0.062785 0.512082 0.184895 0.241435 0.499981 0.423879 0.206271 0.420849
38.400000 0.062811 0.518037 0.185077 0.242372 0.505346 0.423964 0.206344 0.425040
38.600000 0.062724 0.524460 0.185175 0.243163 0.510546 0.423770 0.206425 0.429214
38.800000 0.062962 0.530747 0.185369 0.243897 0.515889 0.423971 0.206499 0.433309
39.000000 0.062925 0.537383 0.185443 0.244834 0.521446 0.423993 0.206548 0.437911
39.200000 0.062945 0.543783 0.185617 0.245627 0.526750 0.424039 0.206504 0.442157
39.400000 0.062998 0.549917 0.185608 0.246428 0.532112 0.423946 0.206646 0.446374
39.600000 0.062873 0.555878 0.185941 0.247169 0.537508 0.423634 0.206825 0.450654
39.800000 0.063153 0.562038 0.186086 0.247946 0.542805 0.423914 0.206844 0.454667
40.000000 0.062962 0.568307 0.186284 0.248571 0.548221 0.424014 0.206900 0.459201
40.200000 0.063122 0.574362 0.186460 0.249625 0.553657 0.424070 0.207022 0.463441
40.400000 0.063118 0.580311 0.186436 0.250099 0.559151 0.424160 0.207006 0.467787
40.600000 0.063138 0.586432 0.186610 0.250948 0.564432 0.424082 0.207112 0.472398
40.800000 0.063143 0.592392 0.186744 0.251677 0.569827 0.423915 0.207141 0.476627
41.000000 0.063185 0.598167 0.186743 0.252263 0.575462 0.424058 0.207227 0.481115
41.200000 0.063055 0.603954 0.186823 0.253081 0.580907 0.424090 0.207309 0.485417
41.400000 0.063217 0.609886 0.186932 0.253780 0.586367 0.424088 0.207367 0.489876
41.600000 0.063232 0.615199 0.187208 0.254380 0.591602 0.423918 0.207469 0.494020
41.800000 0.063239 0.620809 0.187240 0.255140 0.596933 0.424150 0.207595 0.498354
42.000000 0.063249 0.626192 0.187393 0.255767 0.602402 0.424143 0.207604 0.502620
42.200000 0.063233 0.631497 0.187430 0.256577 0.607586 0.424097 0.207624 0.506919
42.400000 0.063270 0.636667 0.187566 0.257258 0.612929 0.424177 0.207769 0.511206
42.600000 0.063270 0.641845 0.187715 0.258008 0.618115 0.424166 0.207896 0.515418
42.800000 0.063318 0.646707 0.187940 0.258530 0.623398 0.424260 0.207831 0.519613
43.000000 0.063475 0.651671 0.188137 0.259064 0.628587 0.424211 0.208103 0.523889
43.200000 0.063249 0.656397 0.187935 0.259749 0.633627 0.424166 0.207881 0.527905
43.400000 0.063348 0.661064 0.188177 0.260404 0.638797 0.424133 0.208141 0.532024
43.600000 0.063344 0.665524 0.188323 0.260885 0.643994 0.424328 0.208367 0.536177
43.800000 0.063365 0.669885 0.188358 0.261702 0.648671 0.424311 0.208330 0.540094
44.000000 0.063412 0.674450 0.188534 0.262301 0.654157 0.424314 0.208645 0.544616
44.200000 0.063390 0.680489 0.188474 0.263357 0.661151 0.424311 0.208533 0.549901
44.400000 0.063392 0.684403 0.188606 0.263729 0.665679 0.424483 0.208467 0.553738
44.600000 0.063404 0.688404 0.188779 0.264131 0.670763 0.424326 0.208614 0.557566
44.800000 0.063463 0.691772 0.188846 0.264807 0.675359 0.424334 0.208712 0.561090
45.000000 0.063310 0.695751 0.188996 0.265467 0.680025 0.424225 0.208851 0.564882
45.200000 0.063345 0.699377 0.188944 0.266109 0.684522 0.424290 0.208799 0.568656
45.400000 0.063373 0.702955 0.189202 0.266417 0.689322 0.424249 0.209018 0.572211
45.600000 0.063339 0.706287 0.189186 0.267148 0.693722 0.424268 0.209005 0.575913
45.800000 0.063384 0.709530 0.189223 0.267741 0.698218 0.424254 0.209075 0.579380
46.000000 0.063396 0.712757 0.189346 0.268252 0.702651 0.424194 0.209183 0.582977
46.200000 0.063464 0.715768 0.189216 0.268803 0.706827 0.424336 0.209047 0.586488
46.400000 0.063419 0.718686 0.189454 0.269387 0.711063 0.424399 0.209287 0.589886
46.600000 0.063358 0.721466 0.189389 0.269750 0.715291 0.424252 0.209273 0.592979
46.800000 0.063406 0.724411 0.189766 0.270439 0.719535 0.424236 0.209438 0.596416
47.000000 0.063441 0.726975 0.189899 0.270978 0.723748 0.424417 0.209653 0.599743
47.200000 0.063244 0.729544 0.189669 0.271464 0.727662 0.424243 0.209697 0.603050
47.400000 0.063517 0.732380 0.189855 0.272206 0.731780 0.424641 0.209667 0.606247
47.600000 0.063479 0.734829 0.189982 0.272615 0.735707 0.424585 0.209947 0.609432
47.800000 0.063587 0.737079 0.190185 0.273106 0.739360 0.424590 0.209812 0.612394
48.000000 0.063533 0.739175 0.190172 0.273536 0.743178 0.424652 0.210020 0.615537
48.200000 0.063546 0.741450 0.190251 0.274103 0.747053 0.424709 0.209970 0.618554
48.400000 0.063530 0.743792 0.190394 0.274546 0.750474 0.424539 0.210201 0.621461
48.600000 0.063552 0.745781 0.190466 0.275181 0.754239 0.424637 0.210384 0.624287
48.800000 0.063598 0.747718 0.190456 0.275716 0.757768 0.424714 0.210338 0.626984
49.000000 0.063580 0.749660 0.190715 0.276178 0.761150 0.424662 0.210295 0.629966
49.200000 0.063593 0.751368 0.190594 0.276535 0.764626 0.424801 0.210505 0.632522
49.400000 0.063577 0.753024 0.190731 0.277047 0.767941 0.424653 0.210605 0.635231
49.600000 0.063593 0.754957 0.190796 0.277411 0.771324 0.424686 0.210651 0.637841
49.800000 0.063453 0.756731 0.190881 0.278140 0.774497 0.424651 0.210609 0.640412
50.000000 0.063580 0.758210 0.190792 0.278471 0.777512 0.424603 0.210750 0.643134
50.200000 0.063618 0.759613 0.191148 0.278983 0.780897 0.424916 0.210764 0.645743
50.400000 0.063695 0.761418 0.191159 0.279679 0.784451 0.424731 0.211014 0.648710
50.600000 0.063615 0.763421 0.191048 0.279847 0.787760 0.424692 0.211071 0.651390
50.800000 0.063598 0.764646 0.191023 0.280488 0.790883 0.424704 0.211053 0.653942
51.000000 0.063581 0.766060 0.191156 0.280710 0.793769 0.424697 0.211050 0.656297
51.200000 0.063658 0.767657 0.191197 0.281510 0.796854 0.424866 0.211221 0.658587
51.400000 0.063666 0.768892 0.191283 0.281945 0.799641 0.424880 0.211402 0.660993
51.600000 0.063769 0.770093 0.191396 0.282438 0.802530 0.424835 0.211424 0.663315
51.800000 0.063629 0.771229 0.191476 0.282888 0.805132 0.424869 0.211590 0.665308
52.000000 0.063656 0.772693 0.191539 0.283123 0.807748 0.425094 0.211673 0.667596
52.200000 0.063680 0.773535 0.191453 0.283682 0.810470 0.425038 0.211648 0.669718
52.400000 0.063649 0.774646 0.191531 0.283832 0.812845 0.424947 0.211931 0.671867
52.600000 0.063689 0.775675 0.191801 0.284559 0.815471 0.424760 0.211842 0.674040
52.800000 0.063692 0.776592 0.191732 0.284969 0.817999 0.425002 0.212012 0.675910
53.000000 0.063536 0.777641 0.191731 0.285444 0.820401 0.425014 0.212030 0.677888
53.200000 0.063679 0.778564 0.191866 0.285929 0.822820 0.424998 0.212016 0.679912
53.400000 0.063677 0.779528 0.191878 0.286399 0.825101 0.425074 0.212351 0.681671
53.600000 0.063674 0.780450 0.191954 0.286650 0.827414 0.425062 0.212089 0.683657
53.800000 0.063705 0.781108 0.191999 0.287083 0.829505 0.425090 0.212283 0.685571
54.000000 0.063840 0.782169 0.192174 0.287523 0.832058 0.425019 0.212396 0.687116
54.200000 0.063734 0.782966 0.192260 0.287805 0.834044 0.425103 0.212459 0.689059
54.400000 0.063736 0.783744 0.192135 0.288101 0.836164 0.425180 0.212468 0.690894
54.600000 0.063738 0.784757 0.192259 0.288624 0.838076 0.425072 0.212505 0.692028
54.800000 0.063753 0.785223 0.192185 0.289103 0.840225 0.425202 0.212685 0.694220
55.000000 0.063735 0.785830 0.192361 0.289432 0.842093 0.425147 0.212739 0.695773
55.200000 0.063736 0.786502 0.192327 0.290029 0.843958 0.425195 0.212917 0.697381
55.400000 0.063639 0.787277 0.192369 0.290101 0.845937 0.424995 0.212872 0.698701
55.600000 0.063500 0.787926 0.192362 0.290589 0.847499 0.424965 0.212892 0.700235
55.800000 0.063641 0.788314 0.192366 0.290977 0.849356 0.425182 0.213150 0.701890
56.000000 0.063777 0.789140 0.192518 0.291324 0.851137 0.425254 0.213050 0.703504
56.200000 0.063651 0.789597 0.192508 0.291757 0.853073 0.425223 0.213029 0.704753
56.400000 0.063714 0.790182 0.192672 0.292069 0.854731 0.425192 0.213282 0.706254
56.600000 0.063677 0.790986 0.192584 0.292619 0.856674 0.425115 0.213312 0.707828
56.800000 0.063635 0.791594 0.192459 0.292963 0.858895 0.425111 0.213378 0.709509
57.000000 0.063648 0.792175 0.192713 0.293274 0.860367 0.425375 0.213477 0.710910
57.200000 0.063673 0.792605 0.192647 0.293845 0.861939 0.425152 0.213539 0.712162
57.400000 0.063665 0.793105 0.192825 0.294125 0.863584 0.425243 0.213748 0.713491
57.600000 0.063635 0.793625 0.192695 0.294506 0.865139 0.425199 0.213674 0.714841
57.800000 0.063738 0.793918 0.192754 0.294694 0.866576 0.425340 0.213872 0.715967
58.000000 0.063772 0.794510 0.192755 0.295145 0.867974 0.425246 0.213803 0.717381
58.200000 0.063683 0.794994 0.192968 0.295594 0.869483 0.425321 0.214022 0.718446
58.400000 0.063699 0.795358 0.193005 0.295874 0.871030 0.425562 0.214088 0.719723
58.600000 0.063762 0.795823 0.192919 0.296369 0.872327 0.425337 0.214126 0.720968
58.800000 0.063785 0.796330 0.193035 0.296773 0.873588 0.425440 0.214374 0.721921
59.000000 0.063735 0.796716 0.192936 0.296958 0.875235 0.425468 0.214330 0.723234
59.200000 0.063643 0.796841 0.193275 0.297504 0.876312 0.425468 0.214358 0.724054
59.400000 0.063929 0.797300 0.193248 0.297796 0.877543 0.425550 0.214453 0.725229
59.600000 0.063798 0.797663 0.193256 0.298129 0.878923 0.425539 0.214393 0.726237
59.800000 0.063920 0.798125 0.193303 0.298517 0.880070 0.425533 0.214619 0.727368
60.000000 0.063770 0.798326 0.193194 0.298761 0.881219 0.425454 0.214630 0.728445
60.200000 0.063924 0.798679 0.193223 0.299181 0.882586 0.425560 0.214816 0.729515
60.400000 0.063826 0.799201 0.193533 0.299528 0.883740 0.425702 0.214763 0.730304
60.600000 0.063801 0.799451 0.193361 0.299690 0.884724 0.425348 0.214550 0.731281
60.800000 0.063827 0.799720 0.193610 0.300098 0.886140 0.425602 0.215089 0.732325
61.000000 0.063802 0.800016 0.193378 0.300594 0.887288 0.425666 0.214906 0.733262
61.200000 0.063812 0.800383 0.193621 0.300903 0.888255 0.425673 0.215011 0.733991
61.400000 0.063826 0.800716 0.193674 0.301077 0.889289 0.425578 0.215080 0.735150
61.600000 0.063826 0.800881 0.193595 0.301483 0.890654 0.425631 0.215225 0.735854
61.800000 0.063700 0.801170 0.193772 0.301691 0.891399 0.425581 0.215426 0.736837
62.000000 0.063785 0.801337 0.193735 0.302103 0.892595 0.425709 0.215185 0.737519
62.200000 0.063824 0.801922 0.193818 0.302343 0.893585 0.425732 0.215305 0.738422
62.400000 0.063726 0.801833 0.193737 0.302733 0.894420 0.425673 0.215530 0.739206
62.600000 0.063756 0.802087 0.193698 0.302953 0.895386 0.425594 0.215536 0.739936
62.800000 0.063776 0.802430 0.193784 0.303427 0.896559 0.425695 0.215620 0.740965
63.000000 0.063696 0.802738 0.193738 0.303790 0.897831 0.425662 0.215684 0.741963
63.200000 0.063667 0.802859 0.193369 0.304069 0.898442 0.425546 0.215727 0.742666
63.400000 0.063708 0.803073 0.193669 0.304388 0.899574 0.425862 0.215823 0.743359
63.600000 0.063724 0.803378 0.193855 0.304577 0.900591 0.425704 0.215778 0.744220
63.800000 0.063725 0.803593 0.193638 0.304911 0.901635 0.425725 0.215808 0.744944
64.000000 0.063732 0.803929 0.193813 0.305188 0.902261 0.425650 0.215945 0.745626
64.200000 0.063543 0.804126 0.193829 0.305500 0.903281 0.425018 0.215904 0.746397
64.400000 0.063751 0.804218 0.193934 0.305797 0.903795 0.425725 0.216204 0.746999
64.600000 0.063920 0.804580 0.193846 0.306294 0.904962 0.425727 0.216234 0.747572
64.800000 0.063738 0.804471 0.194022 0.306632 0.905642 0.425758 0.216345 0.748311
65.000000 0.063735 0.804799 0.194053 0.306692 0.906480 0.425840 0.216156 0.749109
65.200000 0.063641 0.804956 0.193978 0.307289 0.907168 0.425864 0.216374 0.749855
65.400000 0.063629 0.805209 0.194093 0.307438 0.908012 0.425866 0.216402 0.750313
65.600000 0.063733 0.805591 0.194152 0.307639 0.908769 0.426006 0.216563 0.750924
65.800000 0.063747 0.805649 0.194215 0.308012 0.909501 0.425879 0.216535 0.751549
66.000000 0.063729 0.805799 0.194205 0.308363 0.910272 0.425834 0.216690 0.752202
66.200000 0.063750 0.805935 0.194181 0.308552 0.911086 0.425736 0.216814 0.752742
66.400000 0.063753 0.806032 0.194153 0.308963 0.911563 0.425881 0.216813 0.753290
66.600000 0.063777 0.806280 0.194116 0.309200 0.912365 0.425957 0.216950 0.753920
66.800000 0.063767 0.806554 0.194337 0.309530 0.913050 0.425890 0.217017 0.754669
67.000000 0.063786 0.806308 0.194100 0.309783 0.913796 0.425972 0.217090 0.755130
67.200000 0.063759 0.806931 0.194305 0.310047 0.914329 0.425890 0.216984 0.755693
67.400000 0.063740 0.806888 0.194380 0.310321 0.915206 0.425873 0.216998 0.756145
67.600000 0.063778 0.807189 0.194471 0.310668 0.915548 0.425574 0.217420 0.756720
67.800000 0.063635 0.806820 0.194253 0.310845 0.916314 0.426096 0.217311 0.757166
68.000000 0.063863 0.807310 0.194482 0.311141 0.916959 0.426048 0.217297 0.757792
68.200000 0.063873 0.807647 0.194458 0.311538 0.917775 0.426073 0.217583 0.758276
68.400000 0.063779 0.807719 0.194404 0.311690 0.918102 0.426099 0.217544 0.758727
68.600000 0.063764 0.807827 0.194347 0.312001 0.918634 0.426132 0.217457 0.759201
68.800000 0.063776 0.807994 0.194667 0.312324 0.919278 0.426044 0.217648 0.759640
69.000000 0.063821 0.808308 0.194575 0.312581 0.920097 0.426274 0.217738 0.760298
69.200000 0.063630 0.808308 0.194602 0.312883 0.920437 0.426089 0.217794 0.760669
69.400000 0.063761 0.808418 0.194634 0.313197 0.921163 0.426173 0.217863 0.761203
69.600000 0.063732 0.808702 0.194702 0.313553 0.921892 0.426048 0.217888 0.761623
69.800000 0.063630 0.808672 0.194697 0.313610 0.922300 0.426139 0.218006 0.762174
70.000000 0.063801 0.808746 0.194657 0.313959 0.922775 0.426197 0.218080 0.762281
70.200000 0.063642 0.809017 0.194563 0.314264 0.923351 0.426278 0.218128 0.762977
70.400000 0.063779 0.808911 0.194905 0.314285 0.923915 0.426282 0.218068 0.763366
70.600000 0.063713 0.809240 0.194738 0.314792 0.924282 0.426360 0.218283 0.763713
70.800000 0.063818 0.809186 0.194854 0.315089 0.924865 0.426215 0.218236 0.764198
71.000000 0.063823 0.809301 0.194807 0.315176 0.925487 0.426253 0.218456 0.764554
71.200000 0.063801 0.809339 0.194841 0.315452 0.925759 0.426232 0.218527 0.765223
71.400000 0.063812 0.809553 0.195016 0.315868 0.926409 0.426458 0.218691 0.765382
71.600000 0.063807 0.809658 0.194965 0.316100 0.926923 0.426384 0.218526 0.765689
71.800000 0.063846 0.809653 0.194960 0.316362 0.927140 0.426188 0.218527 0.766006
72.000000 0.063784 0.809980 0.194977 0.316631 0.927627 0.426365 0.218670 0.766552
72.200000 0.063856 0.809940 0.194917 0.316775 0.928214 0.426430 0.218698 0.766789
72.400000 0.063822 0.810210 0.194880 0.316828 0.928775 0.426447 0.218692 0.767350
72.600000 0.063853 0.810539 0.195068 0.317234 0.929003 0.426433 0.219057 0.767616
72.800000 0.063817 0.810289 0.195052 0.317554 0.929470 0.426433 0.218844 0.767979
73.000000 0.063750 0.810235 0.195118 0.317757 0.929995 0.426434 0.219080 0.768359
73.200000 0.063860 0.810616 0.195051 0.318055 0.930371 0.426533 0.219268 0.768724
73.400000 0.063826 0.810732 0.195137 0.318409 0.930688 0.426617 0.219107 0.768864
73.600000 0.063843 0.810762 0.194802 0.318508 0.931187 0.426508 0.219192 0.769363
73.800000 0.063702 0.810849 0.195133 0.318900 0.931618 0.426374 0.219253 0.769733
74.000000 0.063787 0.810945 0.195240 0.319115 0.932014 0.426606 0.219296 0.769888
74.200000 0.063818 0.811129 0.195237 0.319302 0.932385 0.426492 0.219415 0.770208
74.400000 0.063691 0.811171 0.195244 0.319524 0.932701 0.426569 0.219501 0.770537
74.600000 0.063723 0.811222 0.195220 0.319679 0.933147 0.426518 0.219508 0.770898
74.800000 0.063928 0.811218 0.195258 0.320112 0.933662 0.426575 0.219685 0.771269
75.000000 0.063830 0.811371 0.234246 0.320299 0.934240 0.426619 0.219685 0.771492
75.200000 0.063704 0.811568 0.156343 0.320485 0.934352 0.426490 0.219843 0.771923
75.400000 0.063881 0.811767 0.195197 0.321002 0.934897 0.426626 0.219879 0.772184
75.600000 0.063832 0.811680 0.195357 0.320914 0.935142 0.426598 0.219994 0.772413
75.800000 0.063863 0.811732 0.195060 0.321410 0.935424 0.426785 0.219934 0.772782
76.000000 0.063849 0.811776 0.156313 0.321435 0.935809 0.426615 0.219989 0.772932
76.200000 0.063794 0.811896 0.156274 0.321794 0.935993 0.426669 0.219882 0.773348
76.400000 0.063726 0.811972 0.195340 0.322101 0.936443 0.426662 0.220172 0.773605
76.600000 0.063858 0.811827 0.195354 0.322239 0.936726 0.426748 0.220162 0.773553
76.800000 0.063806 0.812101 0.195441 0.322458 0.937087 0.426752 0.220194 0.774160
77.000000 0.063843 0.812099 0.195605 0.322670 0.937438 0.426784 0.220265 0.774355
77.200000 0.063853 0.812181 0.195602 0.322731 0.937774 0.426647 0.220147 0.774613
77.400000 0.063871 0.812152 0.195501 0.322911 0.938081 0.426766 0.220310 0.774704
77.600000 0.063844 0.812343 0.195384 0.323376 0.938302 0.426747 0.220466 0.775020
77.800000 0.063826 0.812415 0.195481 0.323570 0.938652 0.426738 0.220367 0.775118
78.000000 0.063852 0.812404 0.195566 0.323685 0.938802 0.426905 0.220538 0.775449
78.200000 0.063834 0.812501 0.195746 0.323952 0.939177 0.426916 0.220696 0.775730
78.400000 0.063886 0.812606 0.195546 0.324104 0.939430 0.426820 0.220706 0.775771
78.600000 0.063826 0.812638 0.195496 0.324473 0.939672 0.426847 0.220754 0.776095
78.800000 0.063840 0.812647 0.195650 0.324568 0.939937 0.426706 0.220708 0.776664
79.000000 0.063863 0.812807 0.195672 0.324992 0.940266 0.426866 0.220864 0.776552
79.200000 0.063850 0.812696 0.195665 0.325097 0.940660 0.426898 0.220866 0.776888
79.400000 0.063380 0.812762 0.195648 0.325177 0.940917 0.426821 0.220927 0.776836
79.600000 0.063849 0.812754 0.195622 0.325596 0.941097 0.426916 0.221039 0.777329
79.800000 0.063702 0.812807 0.195576 0.325572 0.940863 0.426816 0.220660 0.777330
80.000000 0.063701 0.812891 0.195541 0.325645 0.941355 0.426694 0.220920 0.777691
80.200000 0.063785 0.812966 0.195622 0.326378 0.942076 0.426903 0.221182 0.777903
80.400000 0.063878 0.813401 0.195905 0.326279 0.942086 0.426797 0.221236 0.778233
80.600000 0.063842 0.813259 0.195864 0.326539 0.942255 0.426812 0.221300 0.778370
80.800000 0.063909 0.813329 0.195876 0.326701 0.942780 0.427041 0.221394 0.778787
81.000000 0.063869 0.813437 0.195815 0.327007 0.942994 0.426892 0.221477 0.778871
81.200000 0.064041 0.813598 0.195829 0.327161 0.943156 0.426971 0.221426 0.778970
81.400000 0.063870 0.813462 0.195997 0.327475 0.943469 0.427008 0.221564 0.779265
81.600000 0.063844 0.813301 0.196042 0.327709 0.943683 0.427062 0.221669 0.779387
81.800000 0.063877 0.813672 0.195915 0.327834 0.943720 0.427038 0.221624 0.779418
82.000000 0.063850 0.813742 0.195961 0.327983 0.943996 0.427063 0.221648 0.779573
82.200000 0.063853 0.813463 0.195625 0.328200 0.944194 0.426845 0.221835 0.779852
82.400000 0.063876 0.813738 0.195886 0.328392 0.944348 0.427243 0.221769 0.780004
82.600000 0.063810 0.813297 0.195754 0.328603 0.944322 0.427099 0.221722 0.780159
82.800000 0.063891 0.813746 0.195965 0.328783 0.944757 0.427156 0.221843 0.780332
83.000000 0.063711 0.813651 0.195991 0.328950 0.944919 0.427091 0.222002 0.780573
83.200000 0.063869 0.813884 0.195997 0.329086 0.945053 0.426996 0.221902 0.780538
83.400000 0.063849 0.813878 0.196036 0.329307 0.945432 0.427129 0.222002 0.780769
83.600000 0.063877 0.813861 0.196056 0.329463 0.945405 0.427125 0.222079 0.780848
83.800000 0.063845 0.813947 0.196021 0.329734 0.945676 0.427197 0.222086 0.781168
84.000000 0.063857 0.813944 0.195955 0.329872 0.945771 0.427243 0.222102 0.742238
84.200000 0.063837 0.813969 0.195988 0.330024 0.945832 0.427181 0.222063 0.781370
84.400000 0.063879 0.814051 0.195935 0.330061 0.945796 0.427159 0.222065 0.781411
84.600000 0.063874 0.813912 0.196064 0.330307 0.946453 0.427136 0.222447 0.781680
84.800000 0.063880 0.814204 0.196129 0.330570 0.946595 0.427269 0.222313 0.781792
85.000000 0.063891 0.814185 0.196110 0.330678 0.946620 0.427213 0.222368 0.781962
85.200000 0.063859 0.814177 0.196088 0.330935 0.946902 0.427200 0.222455 0.781955
85.400000 0.063906 0.813935 0.196138 0.330968 0.946945 0.427158 0.222327 0.782082
85.600000 0.063862 0.814247 0.196191 0.331409 0.947252 0.427340 0.222515 0.782272
85.800000 0.063874 0.814125 0.196136 0.331515 0.947225 0.427113 0.222492 0.782417
86.000000 0.063840 0.814062 0.195958 0.331565 0.947520 0.427370 0.222477 0.782405
86.200000 0.063899 0.814299 0.196338 0.331810 0.947462 0.427367 0.222541 0.782626
86.400000 0.063891 0.814299 0.196132 0.331926 0.947840 0.427317 0.222673 0.782810
86.600000 0.063834 0.814428 0.196174 0.332122 0.947757 0.427172 0.222768 0.782924
86.800000 0.063885 0.814293 0.196093 0.332270 0.948042 0.427362 0.222700 0.783070
87.000000 0.063887 0.814443 0.196220 0.332438 0.948211 0.427353 0.222855 0.783193
87.200000 0.064067 0.814587 0.196329 0.332527 0.948323 0.427430 0.222793 0.783322
87.400000 0.063884 0.814644 0.196254 0.332847 0.948433 0.427508 0.222951 0.783476
87.600000 0.063896 0.814498 0.196264 0.333232 0.948691 0.427352 0.222969 0.783421
87.800000 0.063911 0.814283 0.196431 0.333213 0.948902 0.427382 0.223060 0.783643
88.000000 0.063871 0.814385 0.196302 0.333306 0.948789 0.427386 0.223216 0.783709
88.200000 0.063822 0.814536 0.196202 0.333376 0.948972 0.427315 0.222936 0.783825
88.400000 0.063893 0.814566 0.196334 0.333691 0.948972 0.427355 0.223190 0.783922
88.600000 0.063851 0.814543 0.196346 0.333721 0.949358 0.427411 0.223227 0.783954
88.800000 0.063871 0.814513 0.196359 0.333893 0.949404 0.427536 0.223274 0.784010
89.000000 0.063897 0.814652 0.196238 0.334143 0.949484 0.427535 0.223271 0.784131
89.200000 0.063888 0.814806 0.196527 0.334421 0.949528 0.427419 0.223377 0.784149
89.400000 0.063794 0.814511 0.196123 0.334398 0.949664 0.427267 0.223309 0.784537
89.600000 0.063905 0.814818 0.196477 0.334618 0.949767 0.427317 0.223357 0.784383
89.800000 0.063855 0.814762 0.196341 0.334631 0.949926 0.427272 0.223448 0.784592
90.000000 0.063878 0.814855 0.196425 0.334927 0.950134 0.427395 0.223406 0.784842
