0.200000 0.052394 0.447862 0.183827 0.243809 0.516589 0.417416 0.214128 0.433985
0.400000 0.052361 0.446861 0.183463 0.243180 0.514192 0.417377 0.213789 0.432341
0.600000 0.052201 0.446046 0.183451 0.242630 0.512695 0.417360 0.213915 0.431279
0.800000 0.052343 0.445580 0.183538 0.242646 0.511342 0.417290 0.213755 0.430158
1.000000 0.052487 0.444953 0.183469 0.242456 0.510151 0.417587 0.213632 0.429315
1.200000 0.052326 0.444489 0.183462 0.242093 0.508829 0.417480 0.213755 0.428206
1.400000 0.052307 0.443985 0.183560 0.241731 0.507466 0.417469 0.213588 0.427098
1.600000 0.052190 0.443314 0.183317 0.241567 0.506162 0.417370 0.213356 0.426241
1.800000 0.052254 0.442836 0.183409 0.241276 0.504905 0.417421 0.213435 0.425127
2.000000 0.052305 0.442245 0.183299 0.241031 0.503674 0.417246 0.213364 0.424087
2.200000 0.052285 0.441845 0.183395 0.240935 0.501940 0.417251 0.213240 0.423002
2.400000 0.052254 0.441333 0.183274 0.240577 0.501070 0.417304 0.213193 0.422037
2.600000 0.052263 0.440927 0.183326 0.240422 0.499693 0.417159 0.213041 0.421177
2.800000 0.052272 0.440359 0.183240 0.239760 0.498487 0.417216 0.213089 0.420257
3.000000 0.052220 0.439837 0.183201 0.239770 0.497164 0.417316 0.213012 0.419283
3.200000 0.052127 0.439078 0.183194 0.239530 0.495610 0.417214 0.212970 0.418102
3.400000 0.052268 0.438729 0.183140 0.239380 0.494649 0.417318 0.212857 0.417297
3.600000 0.052104 0.438227 0.183084 0.239041 0.493418 0.417303 0.212788 0.416322
3.800000 0.052242 0.437662 0.183021 0.238755 0.492193 0.417169 0.212676 0.415636
4.000000 0.052215 0.437033 0.182974 0.238525 0.490993 0.417103 0.212579 0.414475
4.200000 0.052208 0.436631 0.183098 0.238432 0.489689 0.417151 0.212449 0.413528
4.400000 0.052233 0.436141 0.183018 0.238001 0.488405 0.417096 0.212550 0.412571
4.600000 0.052227 0.435643 0.182833 0.237795 0.487357 0.417288 0.212250 0.411615
4.800000 0.052309 0.435181 0.182920 0.237500 0.486020 0.417059 0.212373 0.410841
5.000000 0.052336 0.434774 0.182912 0.237297 0.484896 0.416952 0.212363 0.409775
5.200000 0.052196 0.434275 0.182817 0.237017 0.483648 0.416992 0.212157 0.408878
5.400000 0.052037 0.433664 0.182907 0.236719 0.482439 0.416877 0.211988 0.407868
5.600000 0.052211 0.433312 0.182688 0.236630 0.481098 0.416909 0.211911 0.406951
5.800000 0.052038 0.432906 0.182925 0.236244 0.479970 0.416929 0.211903 0.406125
6.000000 0.052080 0.432478 0.182748 0.236145 0.479059 0.416917 0.211934 0.405241
6.200000 0.052311 0.432103 0.182784 0.236043 0.477793 0.416995 0.211746 0.404415
6.400000 0.052187 0.431613 0.182776 0.235847 0.476543 0.417090 0.211774 0.403369
6.600000 0.052177 0.430896 0.182654 0.235016 0.474797 0.416914 0.211613 0.402209
6.800000 0.052162 0.430372 0.182540 0.235063 0.473746 0.416727 0.211391 0.401292
7.000000 0.052114 0.429964 0.182527 0.234879 0.472457 0.416675 0.211459 0.400439
7.200000 0.052140 0.429496 0.182695 0.234637 0.471372 0.416774 0.211399 0.399554
7.400000 0.052150 0.429196 0.182564 0.234454 0.470384 0.416776 0.211261 0.398695
7.600000 0.052011 0.428749 0.182622 0.234116 0.469329 0.416771 0.211331 0.397936
7.800000 0.052143 0.428250 0.182549 0.233941 0.468140 0.416862 0.211139 0.397078
8.000000 0.052139 0.427797 0.182343 0.233626 0.467118 0.416589 0.211119 0.396259
8.200000 0.052104 0.427461 0.182518 0.233403 0.465913 0.416839 0.211001 0.395410
8.400000 0.052139 0.427169 0.182378 0.233424 0.465075 0.416811 0.210947 0.394728
8.600000 0.052004 0.426526 0.182492 0.233115 0.463662 0.416518 0.210706 0.393788
8.800000 0.052093 0.426029 0.182376 0.232815 0.462739 0.416607 0.210866 0.392802
9.000000 0.052058 0.425764 0.182234 0.232627 0.461619 0.416654 0.210670 0.392187
9.200000 0.052106 0.425497 0.182335 0.232516 0.460765 0.416675 0.210643 0.391297
9.400000 0.052086 0.424875 0.182287 0.232208 0.459774 0.416446 0.210502 0.390488
9.600000 0.052065 0.424640 0.182341 0.232131 0.458445 0.416445 0.210467 0.389715
9.800000 0.052084 0.424141 0.182321 0.231894 0.457724 0.416715 0.210505 0.388951
10.000000 0.052175 0.423777 0.182328 0.231708 0.456824 0.416424 0.210452 0.388339
10.200000 0.052041 0.423407 0.182230 0.231493 0.455748 0.416340 0.210376 0.387523
10.400000 0.052096 0.423101 0.182318 0.231326 0.454658 0.416708 0.210176 0.386779
10.600000 0.052161 0.422705 0.182111 0.231134 0.453732 0.416557 0.209993 0.385900
10.800000 0.052163 0.422241 0.182306 0.230802 0.452527 0.416424 0.210046 0.385010
11.000000 0.052078 0.421915 0.182176 0.230567 0.451670 0.416517 0.209988 0.384496
11.200000 0.051998 0.421504 0.182114 0.230379 0.450892 0.416435 0.209938 0.383625
11.400000 0.052158 0.421056 0.182107 0.230312 0.449914 0.416433 0.209577 0.383048
11.600000 0.052027 0.420800 0.182092 0.230150 0.448883 0.416470 0.209749 0.382269
11.800000 0.051886 0.420486 0.182178 0.229818 0.447895 0.416406 0.209778 0.381613
12.000000 0.052018 0.420029 0.182014 0.229666 0.446875 0.416365 0.209653 0.380855
12.200000 0.051780 0.419744 0.182008 0.229432 0.445998 0.416328 0.209654 0.380158
12.400000 0.052010 0.419101 0.181986 0.229428 0.445079 0.416201 0.209619 0.379440
12.600000 0.052003 0.418907 0.181918 0.229329 0.443791 0.416315 0.209411 0.378530
12.800000 0.051997 0.418408 0.181951 0.229110 0.442973 0.416364 0.209200 0.377826
13.000000 0.052001 0.418248 0.181911 0.228791 0.442160 0.416191 0.209325 0.377210
13.200000 0.051984 0.417819 0.181841 0.228645 0.441409 0.416411 0.209344 0.376543
13.400000 0.051995 0.417647 0.181859 0.228477 0.440530 0.416251 0.209447 0.375965
13.600000 0.051915 0.417190 0.181997 0.228163 0.439553 0.416250 0.209139 0.375303
13.800000 0.051816 0.416613 0.181811 0.228049 0.438985 0.415973 0.208995 0.374645
14.000000 0.051985 0.416580 0.181929 0.228115 0.438013 0.416226 0.208968 0.373881
14.200000 0.052009 0.416346 0.181880 0.227768 0.437183 0.416149 0.208817 0.373457
14.400000 0.051973 0.415970 0.181740 0.227544 0.436704 0.416174 0.208800 0.372817
14.600000 0.052095 0.415794 0.181817 0.227411 0.435767 0.416030 0.208617 0.372231
14.800000 0.051954 0.415387 0.181603 0.227205 0.434617 0.416138 0.208631 0.371559
15.000000 0.051937 0.414866 0.181876 0.227200 0.434008 0.416058 0.208546 0.371070
15.200000 0.051954 0.414823 0.181571 0.227032 0.433152 0.416094 0.208578 0.370385
15.400000 0.052016 0.414627 0.181661 0.226868 0.432345 0.416036 0.208295 0.369816
15.600000 0.051915 0.414346 0.181637 0.226743 0.431615 0.416030 0.208303 0.369214
15.800000 0.051952 0.414040 0.181692 0.226520 0.430831 0.416056 0.208424 0.368574
16.000000 0.051942 0.413631 0.181652 0.226416 0.430139 0.416060 0.208331 0.368011
16.200000 0.051947 0.413340 0.181547 0.226191 0.429134 0.416070 0.208246 0.367368
16.400000 0.051996 0.413169 0.181697 0.226077 0.428230 0.415967 0.208212 0.366787
16.600000 0.051915 0.412820 0.181469 0.225922 0.427674 0.415813 0.207850 0.366253
16.800000 0.051898 0.412480 0.181714 0.225766 0.426815 0.415764 0.208022 0.365451
17.000000 0.052022 0.412076 0.181563 0.225425 0.426191 0.415848 0.208103 0.364936
17.200000 0.051917 0.411692 0.181468 0.225431 0.425443 0.415938 0.207971 0.364513
17.400000 0.051883 0.411617 0.181363 0.225325 0.424537 0.415654 0.207706 0.363967
17.600000 0.051882 0.411305 0.181522 0.225184 0.423985 0.415906 0.207793 0.363404
17.800000 0.051904 0.411046 0.181459 0.225030 0.423073 0.415806 0.207740 0.362821
18.000000 0.051889 0.410644 0.181483 0.224870 0.422463 0.415752 0.207640 0.362308
18.200000 0.051897 0.410528 0.181310 0.224841 0.421612 0.415773 0.207643 0.361857
18.400000 0.051863 0.410305 0.181417 0.224595 0.421094 0.415725 0.207226 0.361157
18.600000 0.052029 0.409890 0.181474 0.224440 0.420343 0.415734 0.207466 0.360581
18.800000 0.051919 0.409793 0.181379 0.224169 0.419548 0.415670 0.207507 0.360100
19.000000 0.051783 0.409338 0.181288 0.223883 0.418577 0.415518 0.207331 0.359286
19.200000 0.051863 0.408937 0.181340 0.223890 0.417903 0.415768 0.207232 0.358601
19.400000 0.051849 0.408642 0.181279 0.223727 0.417043 0.415666 0.207157 0.358169
19.600000 0.051858 0.408514 0.181363 0.223619 0.416536 0.415512 0.207191 0.357663
19.800000 0.051871 0.408247 0.181318 0.223552 0.415855 0.415781 0.207010 0.357298
20.000000 0.051870 0.408171 0.181140 0.223311 0.414876 0.415618 0.206996 0.356691
20.200000 0.051846 0.407646 0.181210 0.223088 0.414476 0.415770 0.206820 0.356007
20.400000 0.051456 0.407410 0.181325 0.222948 0.413737 0.415615 0.206860 0.355633
20.600000 0.051821 0.407252 0.181410 0.222962 0.413142 0.415538 0.206907 0.355148
20.800000 0.051697 0.406926 0.181238 0.222864 0.412360 0.415528 0.206639 0.354438
21.000000 0.051849 0.406650 0.181190 0.222601 0.411728 0.415525 0.206651 0.353736
21.200000 0.051858 0.406448 0.181252 0.222529 0.410939 0.415548 0.206606 0.353591
21.400000 0.051709 0.406327 0.181152 0.222191 0.410352 0.415602 0.206465 0.353033
21.600000 0.051827 0.405768 0.181117 0.222249 0.409659 0.415484 0.206371 0.352391
21.800000 0.051836 0.405701 0.181037 0.222136 0.409076 0.415362 0.206363 0.352066
22.000000 0.051863 0.405287 0.181072 0.222113 0.408378 0.415460 0.206385 0.351421
22.200000 0.051806 0.405257 0.181173 0.221877 0.407770 0.415477 0.206425 0.351036
22.400000 0.051799 0.404826 0.181103 0.221695 0.407023 0.415397 0.206282 0.350644
22.600000 0.051793 0.404590 0.180984 0.221550 0.406446 0.415412 0.206191 0.350114
22.800000 0.051802 0.404422 0.181173 0.221264 0.405836 0.415232 0.206066 0.349584
23.000000 0.051798 0.404171 0.181056 0.221337 0.405269 0.415318 0.206105 0.349066
23.200000 0.051852 0.403776 0.181103 0.221153 0.404403 0.415279 0.205976 0.348654
23.400000 0.051780 0.403786 0.181039 0.221093 0.403951 0.415309 0.205952 0.348133
23.600000 0.051742 0.403571 0.180997 0.220804 0.403323 0.415261 0.206127 0.347687
23.800000 0.051780 0.403261 0.180993 0.220670 0.402401 0.415092 0.205715 0.347242
24.000000 0.051597 0.403059 0.180980 0.220681 0.402048 0.415195 0.205830 0.346778
24.200000 0.051680 0.402625 0.181097 0.220565 0.401472 0.415281 0.205691 0.346285
24.400000 0.051785 0.402387 0.180955 0.220394 0.400710 0.415164 0.205712 0.345898
24.600000 0.051773 0.402340 0.180848 0.220117 0.400107 0.415081 0.205594 0.345209
24.800000 0.051763 0.401943 0.180824 0.220157 0.399694 0.415058 0.205403 0.344722
25.000000 0.051863 0.401873 0.180900 0.220118 0.399091 0.415167 0.205482 0.344465
25.200000 0.051639 0.401750 0.180925 0.219955 0.398510 0.415340 0.205478 0.344006
25.400000 0.051759 0.401263 0.180929 0.219607 0.397519 0.415124 0.205373 0.343393
25.600000 0.051712 0.401030 0.180742 0.219449 0.396806 0.415033 0.205152 0.342820
25.800000 0.051579 0.400745 0.180692 0.219433 0.396372 0.415155 0.205211 0.342490
26.000000 0.051871 0.400601 0.180766 0.219348 0.395955 0.415022 0.205175 0.342019
26.200000 0.051706 0.400255 0.180962 0.219122 0.395316 0.414994 0.204945 0.341548
26.400000 0.051853 0.400153 0.180670 0.219186 0.394674 0.415185 0.205182 0.341127
26.600000 0.051832 0.400016 0.180808 0.218953 0.394248 0.415036 0.205045 0.340722
26.800000 0.051702 0.399729 0.180764 0.219095 0.393558 0.414994 0.204815 0.340127
27.000000 0.051581 0.399569 0.180737 0.218914 0.392975 0.414815 0.204795 0.339690
27.200000 0.051580 0.399284 0.180720 0.218553 0.392314 0.414940 0.204784 0.339386
27.400000 0.051705 0.399016 0.180759 0.218565 0.391751 0.414926 0.204635 0.338929
27.600000 0.051681 0.398809 0.180779 0.218395 0.391345 0.414861 0.204682 0.338562
27.800000 0.051705 0.398652 0.180576 0.218353 0.390531 0.414761 0.204551 0.337988
28.000000 0.051703 0.398421 0.180757 0.218288 0.390254 0.414781 0.204622 0.337790
28.200000 0.051706 0.398238 0.180654 0.218084 0.389614 0.414736 0.204315 0.337342
28.400000 0.051700 0.398061 0.180678 0.218041 0.389063 0.414746 0.204505 0.336870
28.600000 0.051697 0.397656 0.180613 0.217922 0.388529 0.414857 0.204400 0.336334
28.800000 0.051696 0.397521 0.180384 0.217806 0.387931 0.414823 0.204377 0.336056
29.000000 0.051659 0.397196 0.180565 0.217626 0.387523 0.414884 0.204168 0.335686
29.200000 0.051661 0.397062 0.180660 0.217551 0.386902 0.414635 0.204276 0.335343
29.400000 0.051644 0.396955 0.180641 0.217574 0.386465 0.414882 0.204247 0.334988
29.600000 0.051653 0.396993 0.180400 0.217379 0.385783 0.414735 0.204156 0.334464
29.800000 0.051652 0.396425 0.180539 0.217170 0.385301 0.414755 0.204116 0.334079
30.000000 0.051650 0.396278 0.180562 0.217068 0.384823 0.414764 0.204087 0.333706
30.200000 0.051680 0.396197 0.180373 0.216941 0.384091 0.414723 0.204009 0.333200
30.400000 0.051636 0.395974 0.180544 0.216896 0.383668 0.414522 0.203924 0.332874
30.600000 0.051813 0.395785 0.180576 0.216786 0.383424 0.414820 0.203921 0.332429
30.800000 0.051795 0.395542 0.180555 0.216588 0.382574 0.414701 0.203830 0.331882
31.000000 0.051962 0.395505 0.180476 0.216372 0.382080 0.414601 0.203761 0.331685
31.200000 0.052268 0.395100 0.180362 0.216637 0.381857 0.414720 0.203561 0.331381
31.400000 0.052664 0.394772 0.180594 0.216298 0.381013 0.414505 0.203682 0.331046
31.600000 0.053244 0.394890 0.180455 0.216318 0.381160 0.414556 0.203635 0.330896
31.800000 0.053676 0.394808 0.180440 0.216357 0.381077 0.414571 0.203618 0.330834
32.000000 0.054224 0.394694 0.180501 0.216345 0.381313 0.414462 0.203691 0.331017
32.200000 0.054777 0.394619 0.180441 0.216126 0.381706 0.414290 0.203490 0.331169
32.400000 0.055419 0.394611 0.180534 0.216231 0.382291 0.414451 0.203500 0.331872
32.600000 0.056005 0.394914 0.180588 0.216401 0.383365 0.414485 0.203270 0.332532
32.800000 0.056562 0.395436 0.180549 0.216773 0.384741 0.414502 0.203438 0.333460
33.000000 0.057082 0.395854 0.180512 0.216867 0.386407 0.414521 0.203534 0.334728
33.200000 0.057653 0.396791 0.180631 0.217342 0.388368 0.414434 0.203471 0.336063
33.400000 0.058000 0.397834 0.180537 0.217828 0.390881 0.414565 0.203466 0.337721
33.600000 0.058448 0.399532 0.180618 0.218278 0.393331 0.414540 0.203472 0.339593
33.800000 0.058850 0.401278 0.180709 0.218911 0.395997 0.414532 0.203317 0.341575
34.000000 0.059077 0.403418 0.180964 0.219876 0.399324 0.414558 0.203413 0.343809
34.200000 0.059533 0.405923 0.181121 0.220333 0.402579 0.414506 0.203660 0.346369
34.400000 0.059672 0.408698 0.181245 0.221314 0.405889 0.414293 0.203402 0.348899
34.600000 0.059984 0.411907 0.181351 0.222309 0.409550 0.414518 0.203648 0.351580
34.800000 0.060251 0.415406 0.181568 0.223179 0.413292 0.414493 0.203636 0.354596
35.000000 0.060499 0.419177 0.181741 0.224040 0.417531 0.414557 0.203552 0.357454
35.200000 0.060710 0.423510 0.181925 0.225162 0.421568 0.414481 0.203821 0.360551
35.400000 0.060866 0.427649 0.182096 0.226186 0.425270 0.414450 0.203768 0.363327
35.600000 0.060961 0.431948 0.182192 0.227122 0.429479 0.414503 0.203822 0.366387
35.800000 0.061126 0.436308 0.182438 0.227999 0.433580 0.414542 0.203815 0.369608
36.000000 0.061211 0.441133 0.182589 0.229026 0.437754 0.414536 0.203865 0.372870
36.200000 0.061358 0.446195 0.182694 0.229998 0.441963 0.414575 0.203889 0.376213
36.400000 0.061411 0.451301 0.182886 0.230941 0.446407 0.414434 0.203999 0.379345
36.600000 0.061563 0.456610 0.183151 0.231892 0.450808 0.414446 0.203982 0.382988
36.800000 0.061572 0.462030 0.183339 0.232883 0.455323 0.414703 0.204110 0.386387
37.000000 0.061678 0.467553 0.183454 0.233874 0.459768 0.414612 0.204136 0.389955
37.200000 0.061752 0.473126 0.183660 0.234590 0.464503 0.414442 0.204229 0.393609
37.400000 0.061858 0.479080 0.183815 0.235562 0.469788 0.414674 0.204302 0.397766
37.600000 0.061938 0.486540 0.184035 0.236772 0.475711 0.414694 0.204355 0.402495
37.800000 0.061941 0.493310 0.184200 0.237681 0.481223 0.414691 0.204459 0.406618
38.000000 0.061987 0.499166 0.184188 0.238407 0.485946 0.414631 0.204341 0.410426
38.200000 0.062034 0.505090 0.184510 0.239203 0.490960 0.414582 0.204459 0.414170
38.400000 0.062075 0.511023 0.184640 0.240104 0.495809 0.414711 0.204585 0.418183
38.600000 0.062140 0.517002 0.184796 0.240798 0.500907 0.414639 0.204601 0.421959
38.800000 0.062140 0.523012 0.184865 0.241601 0.505957 0.414665 0.204657 0.426043
39.000000 0.062195 0.529066 0.185097 0.242379 0.510668 0.414647 0.204866 0.430053
39.200000 0.062166 0.534872 0.185194 0.243208 0.515810 0.414645 0.204842 0.434057
39.400000 0.062225 0.540872 0.185280 0.243883 0.520792 0.414601 0.204850 0.437935
39.600000 0.062259 0.546373 0.185452 0.244654 0.526020 0.414619 0.205075 0.441988
39.800000 0.062292 0.552247 0.185661 0.245444 0.531149 0.414671 0.204980 0.446219
40.000000 0.062323 0.558312 0.185719 0.245982 0.536073 0.414652 0.205031 0.450183
40.200000 0.062346 0.564153 0.185853 0.246823 0.541263 0.414667 0.205140 0.454263
40.400000 0.062392 0.569973 0.186034 0.247616 0.546302 0.414721 0.205178 0.458623
40.600000 0.062395 0.575579 0.186079 0.248255 0.551690 0.414817 0.205379 0.462673
40.800000 0.062386 0.581285 0.186200 0.249089 0.556738 0.414765 0.205365 0.466690
41.000000 0.062538 0.587004 0.186443 0.249690 0.561971 0.414752 0.205432 0.471015
41.200000 0.062425 0.592308 0.186498 0.250505 0.566813 0.414868 0.205618 0.475141
41.400000 0.062425 0.597660 0.186678 0.251012 0.572077 0.414642 0.205396 0.479245
41.600000 0.062457 0.602920 0.186800 0.251696 0.577378 0.414859 0.205659 0.483488
41.800000 0.062504 0.608233 0.186984 0.252424 0.582484 0.414870 0.205723 0.487410
42.000000 0.062490 0.613470 0.186838 0.253047 0.587577 0.414820 0.205759 0.491486
42.200000 0.062546 0.618458 0.187139 0.253620 0.592556 0.414740 0.205828 0.495730
42.400000 0.062502 0.623435 0.187259 0.254265 0.597640 0.414878 0.205869 0.499624
42.600000 0.062698 0.628440 0.187476 0.254961 0.602783 0.414920 0.206082 0.503781
42.800000 0.062455 0.633183 0.187413 0.255610 0.607399 0.415030 0.206071 0.507784
43.000000 0.062590 0.637872 0.187650 0.255960 0.612540 0.414759 0.206293 0.511705
43.200000 0.062564 0.642463 0.187705 0.256853 0.617393 0.414825 0.206159 0.515707
43.400000 0.062487 0.646941 0.187737 0.257497 0.622261 0.414805 0.206230 0.519455
43.600000 0.062621 0.651355 0.187932 0.258159 0.627130 0.414999 0.206364 0.523329
43.800000 0.062568 0.655598 0.187964 0.258611 0.631759 0.414904 0.206435 0.527270
44.000000 0.062694 0.660029 0.188221 0.259307 0.636969 0.414995 0.206555 0.531902
44.200000 0.062612 0.665622 0.188379 0.260088 0.643532 0.415038 0.206578 0.536634
44.400000 0.062668 0.669684 0.188367 0.260725 0.648004 0.414986 0.206755 0.540390
44.600000 0.062612 0.673584 0.188457 0.261309 0.652335 0.415043 0.206620 0.543870
44.800000 0.062855 0.677346 0.188557 0.261979 0.657631 0.415042 0.206841 0.547602
45.000000 0.062724 0.680716 0.188684 0.262516 0.661703 0.415115 0.206867 0.551232
45.200000 0.062697 0.684499 0.188762 0.262954 0.666221 0.415173 0.206980 0.554807
45.400000 0.062699 0.687863 0.188813 0.263420 0.670635 0.414979 0.207123 0.558322
45.600000 0.062796 0.691207 0.188984 0.264064 0.674892 0.415022 0.207084 0.561714
45.800000 0.062770 0.694493 0.189037 0.264713 0.679296 0.415279 0.207180 0.565269
46.000000 0.062794 0.697502 0.189154 0.265290 0.683513 0.415067 0.207276 0.568644
46.200000 0.062758 0.700827 0.189086 0.265746 0.687806 0.415174 0.207366 0.571784
46.400000 0.062644 0.703704 0.189357 0.266271 0.691810 0.415095 0.207385 0.575178
46.600000 0.062830 0.706428 0.189425 0.266780 0.695816 0.415189 0.207446 0.578417
46.800000 0.062714 0.709186 0.189474 0.267183 0.699890 0.415143 0.207387 0.581515
47.000000 0.062815 0.711973 0.189508 0.267853 0.703886 0.415223 0.207571 0.584926
47.200000 0.062813 0.714700 0.189626 0.268510 0.707612 0.415340 0.207694 0.588046
47.400000 0.062823 0.717178 0.189670 0.268716 0.711698 0.415067 0.207797 0.591055
47.600000 0.062847 0.719604 0.189740 0.269406 0.715350 0.415296 0.207846 0.594111
47.800000 0.062860 0.722000 0.189890 0.269789 0.719195 0.415290 0.207973 0.597145
48.000000 0.062853 0.724263 0.189869 0.270473 0.722951 0.415327 0.207952 0.599981
48.200000 0.063007 0.726577 0.190082 0.270845 0.726584 0.415196 0.208045 0.603042
48.400000 0.062863 0.728735 0.190043 0.271317 0.730222 0.415228 0.208098 0.605794
48.600000 0.063014 0.730789 0.190172 0.271843 0.733844 0.415339 0.208206 0.608711
48.800000 0.063018 0.732870 0.190266 0.272311 0.737213 0.415309 0.208002 0.611304
49.000000 0.062879 0.734842 0.190306 0.272800 0.740544 0.415379 0.208334 0.614278
49.200000 0.062931 0.736563 0.190398 0.273176 0.744039 0.415439 0.208390 0.616834
49.400000 0.062907 0.738388 0.190315 0.273752 0.747367 0.415426 0.208488 0.619466
49.600000 0.062774 0.740228 0.190550 0.274220 0.750556 0.415413 0.208613 0.622240
49.800000 0.062899 0.780990 0.190637 0.274684 0.753746 0.415410 0.208578 0.624546
50.000000 0.062898 0.743753 0.190726 0.275199 0.756683 0.415443 0.208692 0.627074
50.200000 0.062945 0.745228 0.190843 0.275654 0.759881 0.415480 0.208765 0.629677
50.400000 0.062934 0.747200 0.190874 0.276077 0.763440 0.415615 0.208759 0.632691
50.600000 0.062931 0.748819 0.190898 0.276668 0.766857 0.415466 0.208974 0.635086
50.800000 0.062943 0.750376 0.190743 0.277168 0.769689 0.415605 0.208975 0.637648
51.000000 0.062941 0.751595 0.190989 0.277435 0.772680 0.415366 0.209189 0.639754
51.200000 0.062800 0.753101 0.191088 0.278131 0.775575 0.415366 0.209113 0.642179
51.400000 0.063140 0.754379 0.191106 0.278579 0.778343 0.415527 0.209181 0.644489
51.600000 0.062937 0.755951 0.191103 0.278848 0.781036 0.415518 0.209315 0.646539
51.800000 0.062959 0.757105 0.191243 0.279360 0.783733 0.415543 0.209161 0.648945
52.000000 0.062980 0.758073 0.191308 0.279794 0.786395 0.415619 0.209239 0.650958
52.200000 0.062951 0.759233 0.191371 0.280173 0.789138 0.415589 0.209620 0.653070
52.400000 0.062932 0.760361 0.191445 0.280662 0.791422 0.415351 0.209480 0.655078
52.600000 0.062882 0.761488 0.191506 0.280932 0.793948 0.415603 0.209505 0.657044
52.800000 0.062981 0.762547 0.191454 0.281394 0.796499 0.415754 0.209746 0.658922
53.000000 0.062997 0.763601 0.191590 0.281885 0.798901 0.415568 0.209594 0.661113
53.200000 0.062987 0.764568 0.191630 0.282322 0.801302 0.415794 0.209892 0.662978
53.400000 0.062987 0.765649 0.191692 0.282714 0.803430 0.415635 0.209959 0.664772
53.600000 0.063143 0.766455 0.191667 0.283306 0.805851 0.415723 0.210090 0.666753
53.800000 0.063130 0.767472 0.191705 0.283550 0.808256 0.415613 0.210256 0.668575
54.000000 0.063165 0.768227 0.191754 0.284024 0.810171 0.415716 0.210138 0.670263
54.200000 0.063033 0.768905 0.192013 0.284398 0.812243 0.415710 0.210175 0.672107
54.400000 0.062873 0.770006 0.191898 0.284770 0.814495 0.415766 0.210288 0.673769
54.600000 0.062869 0.770808 0.192089 0.285106 0.816612 0.415751 0.210394 0.675363
54.800000 0.063028 0.771515 0.192100 0.285518 0.818591 0.415804 0.210291 0.677101
55.000000 0.063026 0.772395 0.192112 0.285880 0.820487 0.415847 0.210474 0.678849
55.200000 0.063053 0.773095 0.192209 0.286354 0.822450 0.415840 0.210541 0.680440
55.400000 0.063033 0.773692 0.192148 0.286813 0.824503 0.415944 0.210626 0.682051
55.600000 0.063052 0.774292 0.192235 0.287058 0.826320 0.415759 0.210872 0.683615
55.800000 0.063035 0.774978 0.192412 0.287584 0.828153 0.415839 0.210750 0.684847
56.000000 0.063081 0.775906 0.192286 0.287962 0.830046 0.415871 0.210732 0.686345
56.200000 0.063051 0.776352 0.192528 0.288500 0.831869 0.415930 0.211028 0.687865
56.400000 0.063076 0.776902 0.192341 0.288665 0.833508 0.415914 0.211026 0.689440
56.600000 0.063127 0.777463 0.192478 0.289300 0.835469 0.416012 0.211100 0.691034
56.800000 0.063070 0.778481 0.192547 0.289590 0.837801 0.415958 0.211176 0.692760
57.000000 0.063114 0.779044 0.192422 0.289912 0.839337 0.415989 0.211208 0.694255
57.200000 0.063097 0.779593 0.192699 0.290361 0.841177 0.416094 0.211304 0.695561
57.400000 0.063114 0.780087 0.192707 0.290768 0.842698 0.416001 0.211373 0.696727
57.600000 0.063111 0.780538 0.192829 0.291108 0.844376 0.416001 0.211455 0.698180
57.800000 0.063109 0.781101 0.192806 0.291361 0.845865 0.415965 0.211422 0.699573
58.000000 0.063121 0.781852 0.192844 0.291848 0.847156 0.416238 0.211602 0.700672
58.200000 0.063108 0.782214 0.192794 0.292219 0.848734 0.415999 0.211617 0.702015
58.400000 0.063113 0.782505 0.192956 0.292657 0.850209 0.416060 0.211723 0.703226
58.600000 0.063130 0.783167 0.193017 0.292840 0.851598 0.415957 0.211641 0.704343
58.800000 0.063137 0.783517 0.192925 0.293267 0.852983 0.415968 0.211854 0.705481
59.000000 0.063142 0.783937 0.193038 0.293563 0.854437 0.415989 0.211838 0.706458
59.200000 0.063128 0.784328 0.193083 0.293950 0.855748 0.416078 0.212024 0.707570
59.400000 0.063118 0.784822 0.193051 0.294434 0.856954 0.415416 0.212048 0.708917
59.600000 0.063137 0.785120 0.193073 0.294509 0.858407 0.416185 0.212197 0.709766
59.800000 0.063062 0.785393 0.193185 0.295024 0.859590 0.416205 0.212161 0.710932
60.000000 0.063131 0.786098 0.193211 0.295555 0.861047 0.416055 0.212218 0.711891
60.200000 0.063151 0.786379 0.193201 0.295574 0.862138 0.416410 0.212297 0.713018
60.400000 0.063151 0.786699 0.193269 0.296029 0.863616 0.416126 0.212395 0.714048
60.600000 0.063140 0.787170 0.193379 0.296345 0.864650 0.415955 0.212423 0.715016
60.800000 0.063151 0.787503 0.193387 0.296741 0.865892 0.416258 0.212426 0.715987
61.000000 0.063125 0.787839 0.193185 0.296941 0.866916 0.416234 0.212576 0.717003
61.200000 0.063314 0.788248 0.193434 0.297403 0.868086 0.416367 0.212697 0.717800
61.400000 0.063116 0.788545 0.193480 0.297709 0.869187 0.416344 0.212857 0.718719
61.600000 0.063130 0.788627 0.193461 0.298064 0.870311 0.416160 0.212604 0.719605
61.800000 0.063161 0.789082 0.193628 0.298323 0.871424 0.416266 0.212886 0.720470
62.000000 0.062977 0.789375 0.193512 0.298685 0.872384 0.416223 0.212876 0.721448
62.200000 0.063152 0.789584 0.193715 0.299056 0.873492 0.416349 0.212867 0.722259
62.400000 0.063154 0.789868 0.193507 0.299481 0.874331 0.416310 0.212861 0.722963
62.600000 0.063172 0.790275 0.193688 0.299798 0.875459 0.416542 0.213035 0.723909
62.800000 0.063204 0.790815 0.193779 0.299978 0.876832 0.416459 0.213276 0.725086
63.000000 0.063311 0.791008 0.193712 0.300193 0.877909 0.416446 0.213167 0.726058
63.200000 0.063155 0.791136 0.193753 0.300875 0.878887 0.416308 0.213385 0.726677
63.400000 0.063169 0.791512 0.193636 0.301044 0.879945 0.416322 0.213457 0.727623
63.600000 0.063183 0.791776 0.193706 0.301495 0.880837 0.416481 0.213504 0.728368
63.800000 0.063309 0.791956 0.193823 0.301700 0.881689 0.416507 0.213581 0.729033
64.000000 0.063067 0.792189 0.193892 0.301894 0.882552 0.416526 0.213568 0.729746
64.200000 0.063185 0.792288 0.193787 0.302338 0.883336 0.416506 0.213663 0.730503
64.400000 0.063196 0.792567 0.194226 0.302731 0.884186 0.416536 0.213738 0.731091
64.600000 0.063208 0.792793 0.193999 0.302743 0.884867 0.416533 0.213828 0.731898
64.800000 0.063219 0.792821 0.194004 0.303267 0.885964 0.416424 0.213878 0.732600
65.000000 0.063205 0.793026 0.194193 0.303631 0.886797 0.416427 0.213814 0.733314
65.200000 0.063208 0.793411 0.194061 0.303894 0.887504 0.416481 0.214027 0.733811
65.400000 0.063178 0.793555 0.194198 0.304120 0.888454 0.416631 0.214037 0.734674
65.600000 0.062943 0.793486 0.194140 0.304366 0.888839 0.416496 0.213999 0.734822
65.800000 0.063239 0.793937 0.194157 0.304669 0.889811 0.416433 0.214329 0.735861
66.000000 0.063186 0.794156 0.194145 0.304872 0.890556 0.416656 0.214282 0.736344
66.200000 0.063227 0.794445 0.194215 0.305193 0.891566 0.416527 0.214163 0.737051
66.400000 0.063229 0.794588 0.194345 0.305628 0.892040 0.416620 0.214361 0.737637
66.600000 0.063246 0.794760 0.194128 0.306002 0.892710 0.416619 0.214461 0.738088
66.800000 0.063226 0.794776 0.194261 0.306222 0.893554 0.416712 0.214521 0.738769
67.000000 0.063205 0.795104 0.194478 0.306450 0.894091 0.416752 0.214655 0.739395
67.200000 0.063220 0.795182 0.194156 0.306835 0.894827 0.416581 0.214660 0.739865
67.400000 0.063212 0.795404 0.194384 0.306869 0.895657 0.416763 0.214552 0.740373
67.600000 0.063206 0.795635 0.194322 0.307291 0.896204 0.416642 0.214760 0.741034
67.800000 0.063223 0.795743 0.194490 0.307617 0.896816 0.416806 0.214776 0.741472
68.000000 0.063215 0.795964 0.194409 0.307854 0.897411 0.416771 0.214933 0.741915
68.200000 0.063198 0.795762 0.194435 0.308086 0.898245 0.416656 0.214916 0.742557
68.400000 0.063204 0.796124 0.194442 0.308296 0.898772 0.416753 0.214905 0.743026
68.600000 0.063236 0.796214 0.194505 0.308705 0.899437 0.416778 0.215009 0.743435
68.800000 0.063215 0.796594 0.194454 0.308948 0.899969 0.416800 0.215115 0.744078
69.000000 0.063231 0.796515 0.194278 0.309287 0.900619 0.416861 0.215063 0.744656
69.200000 0.063242 0.796802 0.194451 0.309550 0.901301 0.416722 0.215266 0.745053
69.400000 0.063208 0.796963 0.194837 0.309871 0.901938 0.416838 0.215352 0.745649
69.600000 0.063227 0.797110 0.194642 0.309804 0.902142 0.416725 0.215332 0.746005
69.800000 0.063189 0.796963 0.194554 0.310506 0.902899 0.416756 0.215511 0.746488
70.000000 0.063214 0.797376 0.194670 0.310587 0.903408 0.416901 0.215469 0.746803
70.200000 0.063255 0.797293 0.194818 0.310697 0.904073 0.416886 0.215531 0.747228
70.400000 0.063223 0.797483 0.194743 0.311139 0.904497 0.416786 0.215530 0.747588
70.600000 0.063232 0.797559 0.194741 0.311374 0.905151 0.416736 0.215642 0.748150
70.800000 0.063237 0.797719 0.194749 0.311631 0.905469 0.416927 0.215727 0.748475
71.000000 0.063223 0.797853 0.194842 0.311785 0.906057 0.416911 0.215607 0.749018
71.200000 0.063229 0.798122 0.194709 0.311905 0.906475 0.416821 0.215818 0.749257
71.400000 0.063229 0.797934 0.194855 0.312445 0.907061 0.417015 0.215966 0.749698
71.600000 0.063246 0.798035 0.195049 0.312753 0.907448 0.416900 0.215837 0.750424
71.800000 0.063406 0.798143 0.194896 0.313091 0.908074 0.416904 0.215969 0.750433
72.000000 0.063238 0.798367 0.194985 0.313126 0.908494 0.416926 0.216051 0.750979
72.200000 0.063224 0.798487 0.194903 0.313470 0.908815 0.417036 0.216143 0.751270
72.400000 0.063235 0.798580 0.194902 0.313714 0.909334 0.417073 0.216201 0.751797
72.600000 0.063247 0.798534 0.194984 0.313960 0.909558 0.417045 0.216234 0.752012
72.800000 0.063255 0.798689 0.195008 0.314260 0.910299 0.417037 0.216324 0.752344
73.000000 0.063253 0.798806 0.195113 0.314401 0.910701 0.417028 0.216506 0.752614
73.200000 0.063268 0.798882 0.194874 0.314698 0.910999 0.417102 0.216423 0.753163
73.400000 0.063236 0.799016 0.195019 0.314989 0.911548 0.417169 0.216394 0.753456
73.600000 0.063239 0.799111 0.195104 0.315186 0.912113 0.416976 0.216650 0.753632
73.800000 0.063278 0.799194 0.195116 0.315427 0.912469 0.417101 0.216597 0.754146
74.000000 0.063259 0.799300 0.195045 0.315648 0.912756 0.417092 0.216721 0.754532
74.200000 0.063242 0.799398 0.195146 0.315896 0.913087 0.417181 0.216503 0.754711
74.400000 0.063246 0.799516 0.195147 0.316193 0.913577 0.417080 0.216793 0.755177
74.600000 0.063247 0.799586 0.195243 0.316362 0.913853 0.417029 0.216845 0.755458
74.800000 0.063178 0.799854 0.195276 0.316750 0.914315 0.417309 0.216872 0.755839
75.000000 0.063261 0.799490 0.195242 0.316951 0.914755 0.416959 0.216959 0.756186
75.200000 0.063226 0.799934 0.195336 0.317084 0.915073 0.417248 0.217000 0.756493
75.400000 0.063285 0.799825 0.156345 0.317420 0.915406 0.417082 0.217075 0.756561
75.600000 0.063227 0.799919 0.195044 0.317664 0.915821 0.417268 0.217016 0.756879
75.800000 0.063236 0.799883 0.195286 0.317724 0.916212 0.417188 0.217152 0.757221
76.000000 0.063205 0.800145 0.234309 0.318069 0.916746 0.417122 0.217264 0.757511
76.200000 0.063108 0.800077 0.156327 0.318440 0.916869 0.417206 0.217302 0.757808
76.400000 0.063263 0.800098 0.234242 0.318571 0.917095 0.417294 0.217436 0.758045
76.600000 0.063219 0.800188 0.195387 0.318825 0.917503 0.417310 0.217363 0.758260
76.800000 0.063237 0.800284 0.195342 0.318959 0.917739 0.417311 0.217384 0.758664
77.000000 0.063258 0.800309 0.195403 0.319062 0.917992 0.417295 0.217482 0.758681
77.200000 0.063261 0.800086 0.195382 0.319440 0.918276 0.417271 0.217556 0.759057
77.400000 0.063276 0.800448 0.195580 0.319537 0.918678 0.417348 0.217571 0.759412
77.600000 0.063258 0.800412 0.195609 0.319975 0.919038 0.417479 0.217649 0.759425
77.800000 0.063221 0.800601 0.195441 0.320112 0.919329 0.417401 0.217742 0.759664
78.000000 0.063269 0.800601 0.195391 0.320315 0.919535 0.417427 0.217612 0.760088
78.200000 0.063320 0.800567 0.195561 0.320463 0.919811 0.417439 0.217783 0.760196
78.400000 0.063277 0.800765 0.195479 0.320674 0.920149 0.417239 0.217792 0.760403
78.600000 0.063300 0.800752 0.195582 0.320832 0.920296 0.417471 0.217937 0.760658
78.800000 0.063283 0.800693 0.195590 0.321128 0.920711 0.417449 0.217987 0.760818
79.000000 0.063295 0.800797 0.195737 0.321474 0.921011 0.417419 0.217937 0.760959
79.200000 0.063282 0.800896 0.195493 0.321549 0.921204 0.417459 0.217896 0.761129
79.400000 0.063258 0.800990 0.195533 0.321831 0.921567 0.417467 0.218141 0.761553
79.600000 0.063297 0.800951 0.195644 0.322040 0.921705 0.417579 0.218082 0.761784
79.800000 0.063292 0.801034 0.195752 0.322244 0.921937 0.417363 0.218265 0.761852
80.000000 0.063310 0.801013 0.195767 0.322480 0.922430 0.417521 0.218437 0.762158
80.200000 0.063153 0.801127 0.195479 0.322723 0.922660 0.417396 0.218228 0.762293
80.400000 0.063171 0.801141 0.195729 0.322945 0.922837 0.417622 0.218437 0.762590
80.600000 0.063209 0.801388 0.195751 0.323134 0.922956 0.417382 0.218458 0.762681
80.800000 0.063311 0.801301 0.195811 0.323237 0.923231 0.417341 0.218588 0.762886
81.000000 0.063196 0.801311 0.195519 0.323414 0.923563 0.417395 0.218378 0.763057
81.200000 0.063305 0.801395 0.195738 0.323752 0.923634 0.417550 0.218580 0.763397
81.400000 0.063191 0.801439 0.195622 0.323808 0.923660 0.417548 0.218560 0.763290
81.600000 0.063285 0.801283 0.195919 0.323958 0.924173 0.417566 0.218751 0.763615
81.800000 0.063283 0.801469 0.195831 0.324236 0.924294 0.417537 0.218633 0.763552
82.000000 0.063227 0.801553 0.195749 0.324259 0.924384 0.417562 0.218554 0.763878
82.200000 0.063301 0.801733 0.195796 0.324644 0.924885 0.417656 0.218696 0.764215
82.400000 0.063457 0.801833 0.195915 0.324734 0.925097 0.417616 0.218875 0.764348
82.600000 0.063461 0.801736 0.196019 0.324968 0.925202 0.417517 0.218828 0.764467
82.800000 0.063413 0.801882 0.195796 0.325096 0.925495 0.417656 0.218915 0.764703
83.000000 0.063199 0.801959 0.195888 0.325198 0.925645 0.417700 0.219005 0.764796
83.200000 0.063309 0.801939 0.195902 0.325495 0.925889 0.417775 0.219024 0.765011
83.400000 0.063244 0.801890 0.195805 0.325641 0.926021 0.417730 0.219061 0.765020
83.600000 0.063300 0.802010 0.195830 0.325912 0.926330 0.417705 0.219036 0.765310
83.800000 0.063422 0.802060 0.195614 0.325940 0.926332 0.417727 0.218984 0.765417
84.000000 0.063172 0.802003 0.195898 0.326141 0.926579 0.417753 0.219159 0.765432
84.200000 0.063149 0.802193 0.195505 0.326291 0.926759 0.417512 0.219246 0.765829
84.400000 0.063329 0.802243 0.195985 0.326574 0.926869 0.417725 0.219293 0.765940
84.600000 0.063322 0.802393 0.195971 0.326833 0.927187 0.417715 0.219311 0.766000
84.800000 0.063291 0.802420 0.196061 0.326934 0.927357 0.417705 0.219370 0.766267
85.000000 0.063175 0.802322 0.196018 0.327013 0.927559 0.417777 0.219305 0.766389
85.200000 0.063180 0.802453 0.196031 0.327373 0.927597 0.417645 0.219544 0.766604
85.400000 0.063349 0.802330 0.196057 0.327594 0.927811 0.417854 0.219662 0.766691
85.600000 0.063301 0.802662 0.195999 0.327316 0.928024 0.417797 0.219442 0.766859
85.800000 0.063291 0.802599 0.196086 0.327884 0.928137 0.417792 0.219669 0.766769
86.000000 0.063413 0.802481 0.196023 0.327974 0.928342 0.417823 0.219698 0.766952
86.200000 0.063267 0.802749 0.195947 0.328205 0.928294 0.417843 0.219675 0.767256
86.400000 0.063329 0.802652 0.196090 0.328378 0.928801 0.417928 0.219768 0.767229
86.600000 0.063312 0.802507 0.196024 0.328481 0.928797 0.417677 0.219829 0.767413
86.800000 0.063200 0.802744 0.196133 0.328542 0.929012 0.417824 0.219802 0.767656
87.000000 0.063182 0.802755 0.195927 0.328794 0.929099 0.417885 0.219792 0.767213
87.200000 0.063288 0.802748 0.195986 0.329053 0.929141 0.417893 0.219990 0.767828
87.400000 0.063295 0.802847 0.196133 0.329261 0.929529 0.417897 0.219994 0.767865
87.600000 0.063202 0.802793 0.196127 0.329306 0.929502 0.417867 0.219986 0.768117
87.800000 0.063311 0.802813 0.195997 0.329541 0.929921 0.417925 0.220144 0.768233
88.000000 0.063311 0.802899 0.195996 0.329711 0.929726 0.417930 0.220159 0.768347
88.200000 0.063292 0.802774 0.196160 0.329863 0.929961 0.417809 0.220085 0.768356
88.400000 0.063187 0.803117 0.196188 0.329812 0.930105 0.417916 0.220068 0.768620
88.600000 0.063185 0.802943 0.196229 0.330129 0.930104 0.417940 0.220107 0.768677
88.800000 0.063322 0.803133 0.196113 0.330352 0.930274 0.417790 0.220207 0.768609
89.000000 0.063471 0.802977 0.196363 0.330635 0.930528 0.417973 0.220282 0.768855
89.200000 0.063325 0.803142 0.196119 0.330717 0.930526 0.417869 0.220218 0.768913
89.400000 0.063316 0.802934 0.196141 0.330926 0.930793 0.418026 0.220352 0.769195
89.600000 0.063280 0.803207 0.196109 0.331115 0.930845 0.417959 0.220239 0.768970
89.800000 0.063335 0.803222 0.196096 0.331251 0.930942 0.417998 0.220578 0.769336
90.000000 0.063312 0.803274 0.196102 0.331374 0.931237 0.417971 0.220471 0.769280
