0.200000 0.204103 0.346211 0.160502 0.167494 0.286427 0.517926 0.176446 0.255930
0.400000 0.203844 0.345603 0.160452 0.167103 0.285896 0.517852 0.176538 0.255377
0.600000 0.203835 0.345235 0.160435 0.167355 0.285257 0.517652 0.176355 0.255051
0.800000 0.203757 0.345153 0.160236 0.167090 0.284808 0.517521 0.176365 0.254555
1.000000 0.203760 0.344909 0.160339 0.167085 0.284433 0.517534 0.176140 0.254422
1.200000 0.203756 0.344629 0.160283 0.167161 0.284253 0.517490 0.176101 0.254149
1.400000 0.203851 0.344371 0.160289 0.167059 0.283544 0.517216 0.175984 0.253610
1.600000 0.203820 0.344114 0.160308 0.167041 0.283279 0.517047 0.175927 0.253595
1.800000 0.203854 0.343955 0.160273 0.167015 0.283043 0.517215 0.175828 0.253291
2.000000 0.203707 0.343866 0.160140 0.167134 0.282366 0.516986 0.175757 0.252724
2.200000 0.203661 0.343652 0.160303 0.166794 0.282080 0.516783 0.175651 0.252515
2.400000 0.203620 0.343316 0.160140 0.166923 0.281304 0.516519 0.175511 0.252256
2.600000 0.203593 0.343198 0.160277 0.166791 0.281337 0.516539 0.175576 0.252064
2.800000 0.203601 0.343134 0.160238 0.166811 0.280764 0.516528 0.175409 0.251503
3.000000 0.203473 0.342775 0.160064 0.166792 0.280151 0.516247 0.175280 0.251250
3.200000 0.203448 0.342699 0.160344 0.166810 0.280020 0.516319 0.175295 0.251285
3.400000 0.203520 0.342315 0.160252 0.166689 0.279561 0.516022 0.175037 0.250493
3.600000 0.203487 0.342128 0.160427 0.166863 0.279346 0.516071 0.175208 0.250461
3.800000 0.203495 0.342199 0.160090 0.166907 0.278823 0.516163 0.175092 0.250225
4.000000 0.203452 0.341798 0.160192 0.166742 0.278480 0.515853 0.174991 0.249825
4.200000 0.203371 0.341503 0.160338 0.166738 0.277907 0.515623 0.174723 0.249633
4.400000 0.203400 0.341469 0.160358 0.166535 0.277638 0.515489 0.174735 0.249037
4.600000 0.203401 0.341212 0.160320 0.166501 0.277346 0.515524 0.174779 0.248964
4.800000 0.203376 0.341104 0.160170 0.166650 0.276804 0.515412 0.174606 0.248675
5.000000 0.203355 0.341026 0.160168 0.166616 0.276524 0.515245 0.174640 0.248415
5.200000 0.203360 0.340561 0.160100 0.166558 0.276135 0.515257 0.174680 0.248035
5.400000 0.203314 0.340490 0.160267 0.166514 0.275642 0.514985 0.174459 0.247698
5.600000 0.203312 0.340411 0.160165 0.166456 0.275333 0.514904 0.174341 0.247456
5.800000 0.203281 0.340046 0.159965 0.166322 0.275012 0.514964 0.174299 0.247200
6.000000 0.203233 0.339874 0.160139 0.166476 0.274766 0.514652 0.174279 0.247016
6.200000 0.203227 0.339763 0.160142 0.166342 0.274400 0.514665 0.174112 0.246636
6.400000 0.203117 0.339578 0.160186 0.166088 0.273985 0.514447 0.173982 0.246390
6.600000 0.203141 0.339256 0.160077 0.166326 0.234509 0.514356 0.173989 0.245944
6.800000 0.203187 0.339221 0.160204 0.166267 0.273055 0.514090 0.173937 0.245683
7.000000 0.203161 0.339109 0.160190 0.166327 0.272752 0.514093 0.173897 0.245584
7.200000 0.202969 0.338666 0.160097 0.166210 0.272495 0.513876 0.173764 0.245164
7.400000 0.203052 0.338569 0.160155 0.166136 0.271779 0.513649 0.173619 0.244833
7.600000 0.202948 0.338415 0.160182 0.166310 0.271587 0.513703 0.173746 0.244651
7.800000 0.203061 0.338210 0.160050 0.165986 0.271184 0.513576 0.173565 0.244363
8.000000 0.203050 0.338088 0.160035 0.166136 0.270916 0.513607 0.173405 0.244049
8.200000 0.203007 0.337856 0.160095 0.166149 0.270587 0.513322 0.173467 0.243810
8.400000 0.202968 0.337824 0.160018 0.166128 0.270383 0.513002 0.173364 0.243548
8.600000 0.202992 0.337635 0.159967 0.166085 0.269919 0.513169 0.173308 0.243495
8.800000 0.203015 0.337325 0.159959 0.165898 0.269581 0.513129 0.173284 0.243053
9.000000 0.202820 0.337160 0.160024 0.165949 0.269078 0.512936 0.173326 0.242803
9.200000 0.202931 0.337157 0.159922 0.165929 0.268768 0.513102 0.173177 0.242524
9.400000 0.202891 0.337073 0.159839 0.165951 0.268457 0.512879 0.172989 0.242290
9.600000 0.202922 0.336759 0.159935 0.165907 0.268098 0.512742 0.173007 0.242068
9.800000 0.202912 0.336585 0.160057 0.166065 0.267825 0.512526 0.173000 0.241807
10.000000 0.202881 0.336535 0.159944 0.165749 0.267706 0.512533 0.172938 0.241574
10.200000 0.202934 0.336357 0.159803 0.165892 0.267191 0.512536 0.172923 0.241349
10.400000 0.202895 0.336139 0.160108 0.165795 0.266970 0.512326 0.172828 0.241169
10.600000 0.202853 0.335926 0.159956 0.165758 0.266812 0.512156 0.172918 0.240912
10.800000 0.202854 0.335799 0.159971 0.165806 0.266348 0.512076 0.172862 0.240545
11.000000 0.202843 0.335478 0.160031 0.165804 0.265976 0.511816 0.172614 0.240380
11.200000 0.202817 0.335670 0.159919 0.165835 0.265568 0.511994 0.172548 0.240120
11.400000 0.202644 0.335272 0.159924 0.165665 0.265359 0.511748 0.172501 0.239965
11.600000 0.202786 0.335187 0.159898 0.165617 0.264965 0.511580 0.172417 0.239565
11.800000 0.202739 0.334951 0.159792 0.165583 0.264876 0.511562 0.172332 0.239341
12.000000 0.202655 0.334818 0.160061 0.165667 0.264559 0.511409 0.172333 0.239241
12.200000 0.202750 0.334898 0.159762 0.165659 0.264275 0.511406 0.172269 0.238958
12.400000 0.202734 0.334525 0.159969 0.165570 0.263943 0.511293 0.172129 0.238744
12.600000 0.202686 0.334435 0.159664 0.165805 0.263541 0.510895 0.172178 0.238418
12.800000 0.202706 0.334465 0.159877 0.165671 0.263144 0.510819 0.172103 0.238292
13.000000 0.202675 0.334125 0.159823 0.165707 0.262858 0.510717 0.172230 0.238023
13.200000 0.202343 0.334024 0.159883 0.165495 0.262933 0.510567 0.171855 0.237740
13.400000 0.202650 0.333744 0.159817 0.165513 0.262384 0.510607 0.171831 0.237597
13.600000 0.202655 0.333778 0.159810 0.165656 0.262224 0.510687 0.171903 0.237466
13.800000 0.202500 0.333499 0.159767 0.165439 0.261891 0.510453 0.171850 0.237226
14.000000 0.202577 0.333369 0.159801 0.165380 0.261414 0.510116 0.171727 0.236975
14.200000 0.202621 0.333262 0.159794 0.165441 0.261506 0.510218 0.171741 0.236967
14.400000 0.202615 0.333275 0.159823 0.165281 0.261015 0.510065 0.171836 0.236636
14.600000 0.202557 0.333160 0.159879 0.165253 0.260968 0.509952 0.171700 0.236428
14.800000 0.202566 0.333050 0.159881 0.165517 0.260772 0.509971 0.171661 0.236269
15.000000 0.202531 0.332893 0.159802 0.165332 0.260202 0.509613 0.171577 0.235928
15.200000 0.202528 0.332939 0.159801 0.165333 0.260156 0.509737 0.171527 0.235818
15.400000 0.202555 0.332599 0.159902 0.165354 0.259770 0.509765 0.171587 0.235612
15.600000 0.202457 0.332603 0.159787 0.165296 0.259458 0.509354 0.171413 0.235382
15.800000 0.202515 0.332283 0.159794 0.165313 0.259261 0.509521 0.171401 0.235262
16.000000 0.202346 0.332232 0.159821 0.164915 0.258805 0.509352 0.171235 0.235088
16.200000 0.202407 0.332218 0.159827 0.165235 0.258732 0.509219 0.171220 0.234863
16.400000 0.202420 0.332164 0.159788 0.165148 0.258520 0.508978 0.171302 0.234545
16.600000 0.202440 0.332006 0.159701 0.165268 0.258254 0.509038 0.171250 0.234395
16.800000 0.202221 0.331653 0.159680 0.165101 0.257949 0.508625 0.171160 0.234237
17.000000 0.202398 0.331580 0.159742 0.165141 0.257607 0.508807 0.171292 0.233966
17.200000 0.202391 0.331416 0.159769 0.165084 0.257403 0.508636 0.170980 0.233875
17.400000 0.202385 0.331412 0.159775 0.165145 0.257112 0.508460 0.171194 0.233692
17.600000 0.202383 0.331182 0.159840 0.165104 0.256957 0.508277 0.171048 0.233545
17.800000 0.202341 0.330974 0.159659 0.165103 0.256695 0.508335 0.170999 0.233293
18.000000 0.202459 0.331069 0.159633 0.165200 0.256527 0.508150 0.170995 0.233285
18.200000 0.202189 0.331039 0.159938 0.165100 0.256323 0.508245 0.170879 0.232949
18.400000 0.202203 0.330672 0.159862 0.165086 0.255910 0.507990 0.170877 0.232711
18.600000 0.202188 0.330641 0.159758 0.164993 0.255427 0.507957 0.170776 0.232607
18.800000 0.202372 0.330637 0.159609 0.165233 0.255582 0.507816 0.170807 0.232426
19.000000 0.202262 0.330221 0.159706 0.164959 0.255184 0.507681 0.170649 0.232192
19.200000 0.202251 0.330210 0.159694 0.164999 0.255114 0.507757 0.170641 0.231950
19.400000 0.202308 0.330107 0.159758 0.165008 0.254689 0.507558 0.170743 0.231659
19.600000 0.202274 0.330044 0.159692 0.165011 0.254467 0.507371 0.170534 0.231541
19.800000 0.202234 0.329750 0.159729 0.164970 0.254167 0.507456 0.170565 0.231500
20.000000 0.202222 0.329870 0.159743 0.164872 0.253916 0.507104 0.170499 0.231223
20.200000 0.202217 0.329568 0.159679 0.164810 0.253787 0.507239 0.170562 0.231262
20.400000 0.202300 0.329635 0.159802 0.164924 0.253461 0.507123 0.170440 0.230926
20.600000 0.202151 0.329476 0.159646 0.164832 0.253344 0.506924 0.170420 0.230776
20.800000 0.202137 0.329163 0.159603 0.164855 0.253018 0.506765 0.170280 0.230692
21.000000 0.202173 0.329178 0.159609 0.164727 0.252901 0.506774 0.170297 0.230557
21.200000 0.202145 0.329087 0.159661 0.164749 0.252798 0.506728 0.170233 0.230261
21.400000 0.202150 0.328861 0.159632 0.164732 0.252500 0.506477 0.170239 0.230046
21.600000 0.202172 0.329079 0.159521 0.164909 0.252097 0.506340 0.170050 0.229865
21.800000 0.202109 0.328707 0.159669 0.164900 0.252034 0.506363 0.170251 0.229728
22.000000 0.202085 0.328628 0.159538 0.164581 0.251769 0.506414 0.170089 0.229390
22.200000 0.202045 0.328438 0.159557 0.164506 0.251344 0.505952 0.170011 0.229286
22.400000 0.201884 0.328424 0.159535 0.164703 0.251464 0.506080 0.169897 0.229109
22.600000 0.201731 0.328274 0.159587 0.164706 0.251024 0.505853 0.169897 0.228994
22.800000 0.201948 0.328193 0.159578 0.164416 0.250759 0.505724 0.169940 0.228850
23.000000 0.202101 0.328072 0.159466 0.164698 0.250810 0.505819 0.169925 0.228654
23.200000 0.201879 0.327916 0.159469 0.164626 0.250437 0.505693 0.169755 0.228591
23.400000 0.201877 0.327787 0.159507 0.164623 0.250289 0.505822 0.169872 0.228380
23.600000 0.201947 0.327832 0.159608 0.164613 0.249875 0.505463 0.169784 0.228240
23.800000 0.201995 0.327680 0.159562 0.164630 0.249831 0.505515 0.169780 0.228075
24.000000 0.201894 0.327628 0.159667 0.164632 0.249636 0.505427 0.169699 0.227876
24.200000 0.201784 0.327420 0.159596 0.164405 0.249460 0.505067 0.169653 0.227535
24.400000 0.201972 0.327312 0.159500 0.164496 0.249164 0.505150 0.169694 0.227594
24.600000 0.201922 0.327315 0.159568 0.164354 0.248968 0.504925 0.169618 0.227418
24.800000 0.201741 0.327134 0.159528 0.164634 0.248779 0.504959 0.169589 0.227280
25.000000 0.201963 0.327101 0.159457 0.164636 0.248448 0.504713 0.169668 0.227160
25.200000 0.201774 0.326777 0.159585 0.164599 0.248216 0.504631 0.169373 0.226865
25.400000 0.201761 0.326976 0.159366 0.164598 0.248076 0.504496 0.169485 0.226768
25.600000 0.201872 0.326701 0.159475 0.164463 0.247692 0.504593 0.169402 0.226594
25.800000 0.201888 0.326816 0.159600 0.164379 0.247760 0.504339 0.169438 0.226490
26.000000 0.201722 0.326403 0.159709 0.164461 0.247437 0.504159 0.169348 0.226136
26.200000 0.202021 0.326513 0.159510 0.164389 0.247267 0.504279 0.169264 0.226181
26.400000 0.201857 0.326349 0.159548 0.164444 0.247078 0.504066 0.169432 0.226004
26.600000 0.201849 0.326124 0.159467 0.164357 0.246807 0.503945 0.169274 0.225886
26.800000 0.201830 0.326083 0.159577 0.164362 0.246700 0.504072 0.169360 0.225824
27.000000 0.201814 0.325955 0.159523 0.164319 0.246571 0.503563 0.169345 0.225659
27.200000 0.201827 0.325869 0.159493 0.164433 0.246151 0.503559 0.169304 0.225479
27.400000 0.201799 0.325705 0.159569 0.164218 0.246121 0.503553 0.169101 0.225127
27.600000 0.201725 0.325682 0.159595 0.164399 0.245959 0.503497 0.169113 0.224915
27.800000 0.201789 0.325710 0.159383 0.164282 0.245894 0.503511 0.169141 0.224981
28.000000 0.201792 0.325701 0.159338 0.164220 0.245469 0.503258 0.169101 0.224843
28.200000 0.201755 0.325495 0.159357 0.164188 0.245301 0.503213 0.169220 0.224759
28.400000 0.201598 0.325457 0.159408 0.164123 0.245121 0.503002 0.169149 0.224351
28.600000 0.201791 0.325375 0.159530 0.164140 0.244935 0.503172 0.168945 0.224471
28.800000 0.201732 0.325220 0.159415 0.164245 0.244875 0.502921 0.169017 0.224220
29.000000 0.201776 0.325316 0.159571 0.164061 0.244552 0.502877 0.169001 0.224086
29.200000 0.201748 0.324794 0.159450 0.164132 0.244393 0.502784 0.168965 0.223952
29.400000 0.201716 0.324911 0.159522 0.164193 0.244048 0.502741 0.168873 0.223798
29.600000 0.201569 0.324890 0.159439 0.164105 0.243874 0.502557 0.168856 0.223833
29.800000 0.201582 0.324907 0.159469 0.164040 0.243726 0.502365 0.168828 0.223526
30.000000 0.201679 0.324599 0.159436 0.164092 0.243629 0.502434 0.168830 0.223425
30.200000 0.201694 0.324494 0.159043 0.164121 0.243228 0.502286 0.168504 0.223218
30.400000 0.201659 0.324532 0.159453 0.164117 0.243199 0.502136 0.168694 0.222814
30.600000 0.201780 0.324455 0.159398 0.164114 0.242977 0.501942 0.168709 0.222981
30.800000 0.202264 0.324276 0.159453 0.164015 0.242810 0.501866 0.168484 0.222790
31.000000 0.203068 0.324198 0.159391 0.164178 0.242472 0.501741 0.168631 0.222532
31.200000 0.204250 0.324212 0.159560 0.164060 0.242385 0.501896 0.168717 0.222474
31.400000 0.206547 0.324077 0.159559 0.164093 0.242301 0.501756 0.168735 0.222433
31.600000 0.208572 0.323930 0.159200 0.164132 0.242107 0.501639 0.168660 0.222284
31.800000 0.211197 0.323916 0.159367 0.164107 0.241876 0.501855 0.168701 0.222272
32.000000 0.214335 0.323716 0.159303 0.164122 0.241925 0.501779 0.168700 0.222048
32.200000 0.217870 0.323721 0.159230 0.164055 0.241703 0.501528 0.168835 0.222045
32.400000 0.221279 0.323674 0.159592 0.164233 0.241704 0.501165 0.168860 0.222172
32.600000 0.224947 0.323715 0.159467 0.164161 0.241976 0.501733 0.168958 0.222166
32.800000 0.228620 0.323575 0.159348 0.164249 0.241957 0.501381 0.168962 0.222045
33.000000 0.232133 0.323702 0.159580 0.164369 0.242292 0.501422 0.169069 0.222265
33.200000 0.235488 0.323879 0.159525 0.164338 0.242478 0.501573 0.169521 0.222423
33.400000 0.238869 0.323842 0.159494 0.164475 0.242647 0.501419 0.169421 0.222496
33.600000 0.241740 0.324166 0.159740 0.164498 0.243071 0.501617 0.169750 0.222712
33.800000 0.244700 0.324307 0.159608 0.164744 0.243447 0.501648 0.169802 0.223016
34.000000 0.247116 0.324405 0.159673 0.164801 0.243550 0.501607 0.169988 0.223247
34.200000 0.249577 0.324572 0.159635 0.165040 0.244441 0.501555 0.170390 0.223607
34.400000 0.251720 0.324968 0.159742 0.165090 0.244960 0.501621 0.170645 0.223940
34.600000 0.253457 0.325345 0.159646 0.165133 0.245246 0.501859 0.170972 0.224440
34.800000 0.255142 0.325654 0.159896 0.165261 0.245839 0.501576 0.171143 0.224737
35.000000 0.256670 0.326304 0.159781 0.165482 0.246503 0.501794 0.171459 0.225208
35.200000 0.258327 0.326726 0.159854 0.165806 0.247309 0.501806 0.171517 0.225619
35.400000 0.259354 0.327297 0.159800 0.165951 0.247978 0.501983 0.171984 0.226005
35.600000 0.260414 0.327789 0.160111 0.166205 0.248736 0.502033 0.172150 0.226446
35.800000 0.261338 0.328404 0.159971 0.166365 0.249627 0.501918 0.172570 0.227115
36.000000 0.262131 0.329129 0.159966 0.166600 0.250238 0.501956 0.172839 0.227510
36.200000 0.262914 0.329681 0.160044 0.166913 0.251036 0.502026 0.173115 0.228239
36.400000 0.263634 0.330586 0.160087 0.167070 0.251862 0.502089 0.173379 0.228781
36.600000 0.264138 0.331029 0.160145 0.167160 0.252631 0.502176 0.173674 0.229387
36.800000 0.264671 0.331730 0.160261 0.167372 0.253741 0.502297 0.173977 0.229961
37.000000 0.265054 0.332512 0.160298 0.167817 0.254546 0.502527 0.174285 0.230548
37.200000 0.265519 0.333390 0.160085 0.167695 0.255328 0.502228 0.174565 0.231304
37.400000 0.265994 0.334281 0.160449 0.168211 0.256593 0.502743 0.174909 0.232055
37.600000 0.266270 0.335238 0.160437 0.168322 0.257578 0.502793 0.175270 0.232974
37.800000 0.266713 0.336130 0.160437 0.168762 0.258724 0.502703 0.175595 0.233387
38.000000 0.266920 0.337080 0.160405 0.168775 0.259578 0.502911 0.175875 0.234230
38.200000 0.267037 0.337974 0.160642 0.168998 0.260924 0.503069 0.176199 0.235124
38.400000 0.267438 0.338956 0.160694 0.169263 0.261759 0.502979 0.176506 0.235897
38.600000 0.267537 0.340082 0.160766 0.169492 0.262795 0.503220 0.176740 0.236765
38.800000 0.267682 0.340936 0.160679 0.169790 0.264039 0.503234 0.177101 0.237489
39.000000 0.267932 0.341988 0.160910 0.170128 0.265235 0.503128 0.177420 0.238306
39.200000 0.267832 0.343148 0.160686 0.170266 0.266293 0.503277 0.177581 0.239137
39.400000 0.267957 0.344010 0.160955 0.170344 0.267594 0.503555 0.177946 0.239995
39.600000 0.268228 0.345030 0.161127 0.170531 0.268447 0.503491 0.178320 0.240908
39.800000 0.268374 0.346174 0.161035 0.170669 0.269869 0.503581 0.178570 0.241575
40.000000 0.268411 0.347112 0.160646 0.170922 0.270998 0.503787 0.178936 0.242465
40.200000 0.268508 0.348184 0.161307 0.171151 0.272312 0.503863 0.179169 0.243470
40.400000 0.268611 0.349227 0.161273 0.171459 0.273584 0.503864 0.179464 0.244412
40.600000 0.268673 0.350431 0.161226 0.171557 0.274707 0.504058 0.179755 0.245214
40.800000 0.268574 0.351542 0.161418 0.171599 0.276085 0.504108 0.180138 0.246322
41.000000 0.268653 0.352745 0.161390 0.171924 0.277354 0.504358 0.180255 0.247079
41.200000 0.268813 0.353938 0.161303 0.172111 0.278584 0.504383 0.180647 0.248181
41.400000 0.268627 0.354957 0.161505 0.172182 0.279919 0.504353 0.180823 0.248960
41.600000 0.268885 0.356212 0.161626 0.172485 0.281273 0.504467 0.181531 0.250155
41.800000 0.268930 0.357284 0.161627 0.172679 0.282475 0.504647 0.181613 0.251104
42.000000 0.268924 0.358396 0.161626 0.172808 0.283926 0.504628 0.181841 0.252023
42.200000 0.268879 0.359495 0.161803 0.172834 0.285277 0.504856 0.182309 0.253125
42.400000 0.268914 0.360714 0.161812 0.173120 0.286509 0.504864 0.182451 0.253946
42.600000 0.268928 0.361931 0.161815 0.173240 0.287834 0.504951 0.182692 0.255102
42.800000 0.268914 0.362900 0.161900 0.173783 0.288891 0.505158 0.183044 0.256123
43.000000 0.268906 0.363954 0.161957 0.173604 0.290518 0.505242 0.183303 0.257089
43.200000 0.268920 0.364963 0.162024 0.173686 0.291659 0.505370 0.183466 0.258112
43.400000 0.268884 0.366124 0.162078 0.173689 0.292974 0.505307 0.183811 0.259123
43.600000 0.268733 0.367287 0.162080 0.173966 0.294377 0.505371 0.184158 0.260092
43.800000 0.268942 0.368457 0.162107 0.174149 0.296019 0.505728 0.184423 0.261393
44.000000 0.268831 0.369775 0.162169 0.174302 0.297743 0.505624 0.184728 0.262519
44.200000 0.268849 0.370835 0.162310 0.174502 0.298796 0.505685 0.184958 0.263557
44.400000 0.268676 0.371894 0.162202 0.174595 0.300290 0.505890 0.185252 0.264703
44.600000 0.268859 0.373119 0.162221 0.174735 0.301528 0.506070 0.185478 0.265569
44.800000 0.268803 0.374188 0.162261 0.174855 0.302872 0.506254 0.185695 0.266707
45.000000 0.268784 0.375195 0.162441 0.174981 0.304036 0.506079 0.185969 0.267744
45.200000 0.268801 0.376267 0.162739 0.175079 0.305347 0.506358 0.186157 0.268546
45.400000 0.268785 0.377156 0.162510 0.175176 0.306782 0.506428 0.186316 0.269555
45.600000 0.268732 0.378229 0.162556 0.175462 0.307959 0.506566 0.186703 0.270552
45.800000 0.268732 0.378949 0.162705 0.175447 0.309225 0.506662 0.186923 0.271479
46.000000 0.268777 0.380185 0.162804 0.175640 0.310633 0.506613 0.187169 0.272666
46.200000 0.268694 0.381155 0.162768 0.175552 0.311852 0.506875 0.187511 0.273560
46.400000 0.268716 0.382119 0.162775 0.175691 0.313070 0.506956 0.187593 0.274575
46.600000 0.268679 0.382909 0.162959 0.175789 0.314216 0.506913 0.187706 0.275522
46.800000 0.268676 0.384025 0.162910 0.175941 0.315471 0.507011 0.187886 0.276427
47.000000 0.268675 0.385098 0.162659 0.175970 0.316561 0.507054 0.188258 0.277398
47.200000 0.268665 0.385814 0.162863 0.176139 0.317773 0.507295 0.188505 0.278343
47.400000 0.268627 0.386781 0.162915 0.176338 0.319147 0.507248 0.188664 0.279092
47.600000 0.268614 0.387654 0.162925 0.176259 0.320344 0.507548 0.188903 0.280122
47.800000 0.268353 0.388503 0.162802 0.176279 0.321602 0.507118 0.189049 0.281073
48.000000 0.268182 0.389422 0.163179 0.176466 0.322998 0.507583 0.189360 0.282199
48.200000 0.268515 0.429573 0.163067 0.176719 0.324506 0.507862 0.189666 0.283524
48.400000 0.268498 0.391615 0.163231 0.176734 0.325472 0.507917 0.189699 0.284507
48.600000 0.268438 0.392321 0.163131 0.176925 0.326610 0.507988 0.190077 0.285398
48.800000 0.268547 0.393260 0.163204 0.177146 0.328015 0.508190 0.190179 0.286258
49.000000 0.268368 0.394429 0.163267 0.177011 0.328978 0.508421 0.190290 0.287089
49.200000 0.268368 0.394898 0.163121 0.177180 0.330112 0.508354 0.190670 0.287975
49.400000 0.268340 0.395736 0.163142 0.177208 0.331156 0.508564 0.190790 0.288888
49.600000 0.268154 0.396443 0.163402 0.177214 0.332367 0.508717 0.190985 0.289875
49.800000 0.268267 0.397208 0.163256 0.177360 0.333397 0.508609 0.191125 0.290538
50.000000 0.268329 0.398067 0.163557 0.177440 0.334547 0.508959 0.191438 0.291699
50.200000 0.268242 0.399039 0.163479 0.177566 0.336000 0.508974 0.191514 0.292808
50.400000 0.268070 0.399995 0.163214 0.177752 0.337194 0.509028 0.191772 0.293658
50.600000 0.268223 0.400803 0.163455 0.177726 0.338204 0.509177 0.191952 0.294452
50.800000 0.268145 0.401439 0.163451 0.177914 0.339165 0.509321 0.192012 0.295314
51.000000 0.268152 0.401931 0.163283 0.177829 0.340156 0.509193 0.192201 0.296022
51.200000 0.267951 0.402742 0.163472 0.177731 0.341235 0.509386 0.192405 0.296958
51.400000 0.267963 0.403397 0.163534 0.177982 0.342371 0.509548 0.192632 0.297585
51.600000 0.268090 0.404159 0.163482 0.178000 0.343204 0.509491 0.192752 0.298600
51.800000 0.268001 0.404931 0.163422 0.178063 0.344102 0.509923 0.192914 0.299289
52.000000 0.268066 0.405704 0.163639 0.178123 0.344892 0.509844 0.193104 0.300060
52.200000 0.268036 0.406316 0.163649 0.178128 0.346140 0.509859 0.193233 0.300857
52.400000 0.268024 0.406855 0.163215 0.178266 0.347120 0.509930 0.193365 0.301524
52.600000 0.268012 0.407594 0.163658 0.178281 0.348086 0.510207 0.193692 0.302410
52.800000 0.268033 0.408270 0.163677 0.178445 0.348839 0.510252 0.193639 0.303140
53.000000 0.267994 0.408784 0.163733 0.178592 0.349923 0.510304 0.193831 0.304034
53.200000 0.267924 0.409477 0.163617 0.178656 0.350836 0.510466 0.193906 0.304636
53.400000 0.268065 0.410102 0.163817 0.178646 0.351776 0.510513 0.194118 0.305353
53.600000 0.267845 0.410713 0.163757 0.178654 0.352615 0.510740 0.194371 0.306036
53.800000 0.267847 0.411278 0.163739 0.178776 0.353511 0.510835 0.194281 0.306743
54.000000 0.267730 0.411983 0.163745 0.178825 0.354240 0.510667 0.194204 0.307376
54.200000 0.267754 0.412473 0.163851 0.178856 0.355252 0.510778 0.194602 0.308171
54.400000 0.267729 0.412862 0.163913 0.178854 0.356138 0.510907 0.194768 0.308722
54.600000 0.267683 0.413606 0.163985 0.178900 0.357004 0.511126 0.195063 0.309419
54.800000 0.267671 0.414349 0.163922 0.179085 0.357825 0.511214 0.195045 0.310174
55.000000 0.267520 0.414818 0.163977 0.178993 0.358470 0.511171 0.195175 0.310786
55.200000 0.267561 0.415289 0.164021 0.178995 0.359473 0.511389 0.195171 0.311356
55.400000 0.267543 0.415934 0.163754 0.179147 0.360296 0.511378 0.195408 0.312016
55.600000 0.267498 0.416347 0.163934 0.179181 0.360939 0.511527 0.195493 0.312715
55.800000 0.267633 0.416796 0.164007 0.179287 0.361903 0.511498 0.195760 0.313409
56.000000 0.267468 0.417382 0.163901 0.179358 0.362485 0.511680 0.195617 0.313951
56.200000 0.267345 0.417805 0.164179 0.179381 0.363409 0.511715 0.195781 0.314785
56.400000 0.267481 0.418628 0.164083 0.179540 0.364468 0.512014 0.196004 0.315470
56.600000 0.267407 0.419120 0.164078 0.179298 0.365137 0.512052 0.196146 0.316017
56.800000 0.267189 0.419563 0.164071 0.179318 0.365882 0.512125 0.196115 0.316747
57.000000 0.267289 0.420038 0.164078 0.179544 0.366569 0.512304 0.196256 0.317276
57.200000 0.267271 0.420528 0.164166 0.179566 0.367243 0.512335 0.196416 0.317810
57.400000 0.267288 0.420953 0.164139 0.179730 0.368082 0.512244 0.196441 0.318421
57.600000 0.267253 0.421386 0.164305 0.179718 0.368678 0.512412 0.196579 0.318960
57.800000 0.267229 0.421869 0.164107 0.179682 0.369275 0.512275 0.196814 0.319640
58.000000 0.267329 0.422274 0.164215 0.179878 0.369892 0.512791 0.196791 0.320089
58.200000 0.267062 0.422724 0.164189 0.179895 0.370744 0.512729 0.196951 0.320610
58.400000 0.267137 0.422976 0.164270 0.179808 0.371386 0.513000 0.196937 0.321111
58.600000 0.267122 0.423598 0.164210 0.179785 0.372105 0.513075 0.197094 0.321547
58.800000 0.267149 0.424014 0.164265 0.180000 0.372672 0.513059 0.197139 0.322195
59.000000 0.267116 0.424241 0.163804 0.179995 0.373231 0.513078 0.197184 0.322616
59.200000 0.267022 0.424548 0.164248 0.179989 0.373945 0.513272 0.197251 0.323169
59.400000 0.267050 0.425192 0.164309 0.180148 0.374731 0.513448 0.197380 0.323684
59.600000 0.266928 0.425420 0.164475 0.180202 0.375080 0.513467 0.197370 0.324150
59.800000 0.267066 0.425937 0.164315 0.180135 0.375797 0.513597 0.197408 0.324701
60.000000 0.267015 0.426169 0.164275 0.180112 0.376384 0.513865 0.197703 0.325053
60.200000 0.266823 0.426928 0.164209 0.180194 0.376918 0.513625 0.197817 0.325736
60.400000 0.266969 0.426974 0.164597 0.180215 0.377731 0.513896 0.197845 0.326173
60.600000 0.267023 0.427415 0.164254 0.180263 0.378042 0.513861 0.197804 0.326483
60.800000 0.266771 0.427986 0.164376 0.180222 0.378595 0.513901 0.198058 0.326918
61.000000 0.267014 0.428232 0.164355 0.180253 0.379351 0.514121 0.198008 0.327458
61.200000 0.266862 0.428560 0.164365 0.180444 0.380034 0.514192 0.197914 0.327989
61.400000 0.266829 0.428880 0.164443 0.180432 0.380449 0.514301 0.198180 0.328287
61.600000 0.266839 0.429316 0.164458 0.180242 0.380924 0.514274 0.198306 0.328831
61.800000 0.266803 0.390648 0.164392 0.180417 0.381572 0.514416 0.198270 0.329331
62.000000 0.266781 0.430134 0.164418 0.180417 0.382212 0.514531 0.198220 0.329890
62.200000 0.266745 0.430405 0.164551 0.180421 0.382620 0.514540 0.198425 0.330042
62.400000 0.266748 0.430653 0.164483 0.180409 0.383223 0.514511 0.198372 0.330769
62.600000 0.266716 0.431163 0.164502 0.180545 0.383906 0.514833 0.198635 0.331085
62.800000 0.266672 0.431436 0.164339 0.180555 0.384409 0.514933 0.198453 0.331668
63.000000 0.266632 0.431681 0.164619 0.180584 0.384846 0.514971 0.198652 0.332012
63.200000 0.266457 0.432051 0.164329 0.180515 0.385393 0.515111 0.198697 0.332385
63.400000 0.266438 0.432417 0.164535 0.180531 0.385777 0.515163 0.198745 0.332683
63.600000 0.266522 0.432884 0.164596 0.180830 0.386483 0.514998 0.198804 0.332949
63.800000 0.266559 0.432839 0.164533 0.180494 0.386909 0.515210 0.198859 0.333507
64.000000 0.266482 0.433141 0.164550 0.180693 0.387326 0.515401 0.199119 0.333970
64.200000 0.266512 0.433551 0.164564 0.180776 0.387781 0.515586 0.198969 0.334358
64.400000 0.266427 0.433812 0.164413 0.180775 0.388272 0.515465 0.199059 0.334626
64.600000 0.266306 0.434220 0.164608 0.180897 0.388818 0.515674 0.199013 0.335130
64.800000 0.266310 0.434297 0.164619 0.180960 0.389273 0.515813 0.199184 0.335500
65.000000 0.266355 0.434667 0.164762 0.180897 0.389701 0.515763 0.199216 0.335696
65.200000 0.266340 0.434963 0.164818 0.181053 0.390137 0.515936 0.199270 0.336219
65.400000 0.266330 0.435264 0.164605 0.180856 0.351700 0.515900 0.199353 0.336425
65.600000 0.266407 0.435600 0.164643 0.181112 0.390961 0.515918 0.199381 0.336858
65.800000 0.266148 0.435752 0.164681 0.181099 0.391401 0.516174 0.199381 0.337103
66.000000 0.266067 0.435726 0.164594 0.181035 0.391721 0.516289 0.199242 0.337473
66.200000 0.266196 0.436325 0.164675 0.181035 0.392420 0.516208 0.199357 0.337887
66.400000 0.266166 0.436465 0.164630 0.181012 0.392745 0.516492 0.199503 0.338244
66.600000 0.265977 0.436858 0.164639 0.181097 0.393092 0.516429 0.199550 0.338714
66.800000 0.266101 0.436893 0.164751 0.181068 0.393538 0.516616 0.199657 0.338903
67.000000 0.265810 0.437226 0.164824 0.181161 0.393924 0.516782 0.199548 0.339329
67.200000 0.266032 0.437501 0.164740 0.181217 0.394323 0.516887 0.199658 0.339526
67.400000 0.265982 0.437720 0.164563 0.181131 0.394645 0.516871 0.199882 0.339835
67.600000 0.265914 0.438058 0.164908 0.181177 0.395080 0.516973 0.199766 0.340076
67.800000 0.265908 0.438218 0.164691 0.181410 0.395551 0.516990 0.199795 0.340488
68.000000 0.265940 0.438379 0.164746 0.181179 0.395855 0.517120 0.199857 0.340601
68.200000 0.265784 0.438573 0.164701 0.181294 0.396122 0.517193 0.199775 0.340954
68.400000 0.265682 0.438818 0.164747 0.181372 0.396637 0.517326 0.199780 0.341411
68.600000 0.265803 0.439117 0.164866 0.181329 0.396932 0.517312 0.199903 0.341685
68.800000 0.265652 0.439266 0.164793 0.181328 0.397400 0.517443 0.199943 0.341827
69.000000 0.265713 0.439419 0.164764 0.181296 0.397723 0.517578 0.200033 0.342138
69.200000 0.265503 0.439686 0.164660 0.181285 0.398033 0.517585 0.200006 0.342321
69.400000 0.265656 0.439901 0.164775 0.181462 0.398096 0.517684 0.199899 0.342729
69.600000 0.265628 0.440109 0.164934 0.181459 0.398660 0.517769 0.200100 0.342917
69.800000 0.265622 0.440167 0.164874 0.181376 0.399113 0.517807 0.200197 0.343182
70.000000 0.265641 0.440388 0.164672 0.181668 0.399417 0.518012 0.200017 0.343573
70.200000 0.265588 0.440691 0.164823 0.181498 0.399736 0.518134 0.200338 0.343645
70.400000 0.265547 0.440608 0.164756 0.181507 0.400020 0.518169 0.200343 0.344024
70.600000 0.265546 0.440921 0.164846 0.181434 0.400500 0.518317 0.200086 0.344119
70.800000 0.265567 0.441026 0.164670 0.181531 0.400732 0.518255 0.200237 0.344464
71.000000 0.265536 0.441191 0.164826 0.181432 0.400997 0.518324 0.200299 0.344780
71.200000 0.265545 0.441539 0.164671 0.181586 0.401183 0.518451 0.200211 0.345088
71.400000 0.265469 0.441622 0.164859 0.181437 0.401471 0.518220 0.200498 0.345169
71.600000 0.265250 0.441840 0.164896 0.181662 0.402024 0.518583 0.200382 0.345510
71.800000 0.265499 0.442010 0.164875 0.181683 0.402173 0.518566 0.200393 0.345716
72.000000 0.265484 0.442128 0.164895 0.181748 0.402505 0.518783 0.200426 0.346038
72.200000 0.265448 0.442337 0.164808 0.181636 0.402823 0.518895 0.200403 0.346069
72.400000 0.265422 0.442453 0.164855 0.181742 0.403110 0.518833 0.200469 0.346279
72.600000 0.265415 0.442675 0.164858 0.181848 0.403224 0.519055 0.200517 0.346659
72.800000 0.265549 0.443016 0.164897 0.181722 0.403798 0.518977 0.200471 0.346879
73.000000 0.265405 0.442647 0.164900 0.181879 0.403902 0.518977 0.200544 0.347125
73.200000 0.265366 0.443259 0.165018 0.181856 0.404220 0.519116 0.200580 0.347344
73.400000 0.265412 0.443162 0.164782 0.181854 0.404655 0.519342 0.200610 0.347589
73.600000 0.265221 0.443365 0.164840 0.181581 0.404652 0.519267 0.200511 0.347707
73.800000 0.265325 0.443672 0.164922 0.181847 0.405027 0.519346 0.200524 0.348039
74.000000 0.265282 0.443574 0.164994 0.181671 0.405158 0.519472 0.200637 0.348083
74.200000 0.265220 0.443911 0.165063 0.181753 0.405568 0.519706 0.200657 0.348393
74.400000 0.265434 0.444148 0.165090 0.181947 0.405764 0.519722 0.200743 0.348799
74.600000 0.265107 0.444190 0.164827 0.182005 0.406072 0.519807 0.200656 0.348859
74.800000 0.265176 0.444393 0.165086 0.181797 0.406372 0.519820 0.200712 0.349097
75.000000 0.265065 0.444445 0.164819 0.181925 0.406749 0.520012 0.200568 0.349237
75.200000 0.265161 0.444670 0.164978 0.181892 0.407075 0.520095 0.200760 0.349497
75.400000 0.265145 0.444697 0.164984 0.181999 0.407134 0.520127 0.200776 0.349681
75.600000 0.265109 0.444920 0.164861 0.181841 0.407355 0.520295 0.200751 0.349850
75.800000 0.265122 0.444803 0.165132 0.182086 0.407710 0.520387 0.200774 0.350069
76.000000 0.265072 0.444961 0.165074 0.181935 0.408087 0.520457 0.200908 0.350059
76.200000 0.264913 0.445241 0.164809 0.181932 0.408040 0.520323 0.200839 0.350248
76.400000 0.264996 0.445363 0.165013 0.182033 0.408182 0.520343 0.200822 0.350534
76.600000 0.264899 0.445750 0.165067 0.182009 0.408559 0.520499 0.200887 0.350776
76.800000 0.264974 0.445483 0.165057 0.182251 0.408922 0.520541 0.200704 0.350950
77.000000 0.264951 0.445637 0.165007 0.182087 0.409070 0.520683 0.200868 0.351037
77.200000 0.264769 0.446011 0.164970 0.182152 0.409376 0.520773 0.200879 0.351214
77.400000 0.264742 0.445873 0.165005 0.182124 0.409501 0.520753 0.200878 0.351320
77.600000 0.264840 0.446044 0.165042 0.182087 0.409663 0.520924 0.200861 0.351475
77.800000 0.264795 0.446134 0.165027 0.182104 0.409911 0.520947 0.200852 0.351866
78.000000 0.264760 0.446197 0.165010 0.182046 0.410069 0.521144 0.200707 0.351918
78.200000 0.264620 0.446417 0.165066 0.182037 0.410207 0.521106 0.200937 0.351897
78.400000 0.264588 0.446615 0.164999 0.182062 0.410487 0.521092 0.201069 0.352334
78.600000 0.264888 0.446683 0.165520 0.182290 0.410677 0.521036 0.200818 0.352467
78.800000 0.264668 0.446683 0.164858 0.182286 0.410984 0.521259 0.201064 0.352443
79.000000 0.264671 0.446886 0.165033 0.182257 0.411032 0.521485 0.200985 0.352491
79.200000 0.264626 0.446925 0.164965 0.182195 0.411279 0.521545 0.201055 0.352708
79.400000 0.264660 0.447005 0.165080 0.182292 0.411491 0.521561 0.200959 0.353045
79.600000 0.264696 0.447292 0.164974 0.182284 0.411710 0.521710 0.200972 0.353000
79.800000 0.264640 0.447536 0.164949 0.182263 0.411918 0.521787 0.201095 0.352943
80.000000 0.264524 0.447258 0.165093 0.182043 0.411971 0.521773 0.201025 0.353440
80.200000 0.264729 0.447534 0.165115 0.182310 0.412282 0.521922 0.201018 0.353395
80.400000 0.264638 0.447571 0.164977 0.182370 0.412443 0.522057 0.201011 0.353687
80.600000 0.264512 0.447821 0.165163 0.182436 0.412630 0.522078 0.201041 0.353794
80.800000 0.264319 0.447552 0.164968 0.182211 0.412676 0.522125 0.201048 0.353937
81.000000 0.264442 0.447977 0.165118 0.182472 0.412918 0.522249 0.201091 0.354080
81.200000 0.264362 0.447727 0.165165 0.182226 0.413186 0.522217 0.201104 0.354185
81.400000 0.264462 0.447931 0.165117 0.182237 0.413296 0.522243 0.201080 0.354211
81.600000 0.264379 0.448085 0.165245 0.182211 0.413441 0.522601 0.201101 0.354373
81.800000 0.264416 0.447882 0.165072 0.182403 0.413466 0.522325 0.201084 0.354555
82.000000 0.264336 0.447867 0.165129 0.182241 0.413542 0.522544 0.201044 0.354602
82.200000 0.264434 0.448147 0.165228 0.182416 0.413823 0.522565 0.201112 0.354627
82.400000 0.264331 0.448527 0.165163 0.182354 0.413849 0.522643 0.201013 0.354928
82.600000 0.264323 0.448286 0.165133 0.182394 0.414164 0.522677 0.201262 0.355005
82.800000 0.264357 0.448740 0.165108 0.182405 0.414408 0.522876 0.201061 0.355069
83.000000 0.264303 0.448438 0.165161 0.182436 0.414575 0.522864 0.201079 0.355153
83.200000 0.264358 0.448594 0.164951 0.182630 0.414432 0.523001 0.201235 0.355372
83.400000 0.264242 0.448560 0.165252 0.182446 0.414674 0.523001 0.201041 0.355298
83.600000 0.264332 0.448742 0.165133 0.182196 0.414736 0.523019 0.201122 0.355487
83.800000 0.264380 0.448714 0.165178 0.182480 0.414963 0.522944 0.201017 0.355571
84.000000 0.264384 0.448487 0.164924 0.182558 0.415151 0.523052 0.201030 0.355560
84.200000 0.264298 0.448883 0.165116 0.182545 0.415055 0.523279 0.201097 0.355735
84.400000 0.264285 0.448849 0.165178 0.182493 0.415347 0.523207 0.201069 0.355960
84.600000 0.264323 0.448971 0.165204 0.182637 0.415659 0.523239 0.201194 0.356072
84.800000 0.264275 0.449038 0.165188 0.182619 0.415510 0.523464 0.201022 0.355986
85.000000 0.264293 0.449024 0.165162 0.182555 0.415752 0.523461 0.201172 0.356209
85.200000 0.264130 0.449135 0.164971 0.182579 0.415856 0.523580 0.201188 0.356439
85.400000 0.264153 0.449076 0.165210 0.182513 0.416026 0.523672 0.201187 0.356561
85.600000 0.264235 0.449500 0.164990 0.182400 0.416178 0.523705 0.201173 0.356553
85.800000 0.264059 0.449294 0.165225 0.182499 0.416116 0.523712 0.201208 0.356700
86.000000 0.264202 0.449222 0.165198 0.182562 0.416380 0.523779 0.201118 0.356541
86.200000 0.264216 0.449489 0.165386 0.182524 0.416591 0.523938 0.201253 0.356623
86.400000 0.264222 0.449663 0.165206 0.182660 0.416672 0.523973 0.201138 0.356861
86.600000 0.264198 0.449413 0.165177 0.182666 0.416853 0.524042 0.201167 0.356975
86.800000 0.264223 0.449559 0.165241 0.182363 0.416722 0.524114 0.201194 0.357146
87.000000 0.264064 0.449781 0.165216 0.182581 0.417326 0.524176 0.201166 0.357149
87.200000 0.264177 0.449681 0.165207 0.182545 0.417112 0.524166 0.201141 0.357339
87.400000 0.264249 0.449853 0.165213 0.182664 0.417348 0.524144 0.201321 0.357243
87.600000 0.264191 0.449917 0.165254 0.182552 0.417437 0.524390 0.201185 0.357411
87.800000 0.264190 0.449956 0.165104 0.182576 0.417503 0.524272 0.201159 0.357415
88.000000 0.264249 0.450015 0.165216 0.182723 0.417610 0.524340 0.201155 0.357527
88.200000 0.264205 0.450018 0.165231 0.182745 0.417776 0.524601 0.201218 0.357623
88.400000 0.263984 0.450010 0.165172 0.182741 0.417762 0.524437 0.201159 0.357690
88.600000 0.264107 0.450222 0.165104 0.182800 0.418031 0.524687 0.201187 0.357854
88.800000 0.264088 0.450056 0.165386 0.182724 0.418118 0.524629 0.201257 0.357846
89.000000 0.264103 0.450336 0.165396 0.182730 0.418193 0.524641 0.200995 0.357908
89.200000 0.264057 0.450415 0.165233 0.182704 0.418342 0.524788 0.201161 0.358074
89.400000 0.264023 0.450403 0.165223 0.182796 0.418255 0.524871 0.201214 0.358108
89.600000 0.263796 0.450485 0.165201 0.182892 0.418511 0.524914 0.201057 0.358154
89.800000 0.264106 0.450369 0.165405 0.182792 0.418590 0.524992 0.201140 0.358237
90.000000 0.263925 0.450450 0.165234 0.182892 0.418693 0.525023 0.201175 0.358337
