0.200000 0.218173 0.399951 0.130485 0.187230 0.520625 0.549984 0.197197 0.426852
0.400000 0.217835 0.398619 0.130276 0.186402 0.516874 0.549770 0.196579 0.424073
0.600000 0.217657 0.398036 0.130264 0.186145 0.514886 0.549623 0.196241 0.422574
0.800000 0.217705 0.397405 0.130256 0.185519 0.513039 0.549532 0.195618 0.421267
1.000000 0.217466 0.396849 0.130039 0.185264 0.511162 0.549325 0.234285 0.419639
1.200000 0.217555 0.396230 0.129981 0.185069 0.509256 0.548986 0.194897 0.418093
1.400000 0.217486 0.395556 0.129924 0.184494 0.507487 0.549284 0.194471 0.416921
1.600000 0.217148 0.395081 0.129754 0.184027 0.505540 0.549150 0.194016 0.415548
1.800000 0.217399 0.394501 0.129965 0.183778 0.503884 0.549101 0.193766 0.414237
2.000000 0.217193 0.393560 0.129761 0.183558 0.502045 0.548771 0.193174 0.412656
2.200000 0.217264 0.393177 0.129560 0.183046 0.500166 0.548602 0.192787 0.411275
2.400000 0.217140 0.392694 0.129837 0.182539 0.498280 0.548679 0.192327 0.410028
2.600000 0.217167 0.392060 0.129609 0.182348 0.496341 0.548523 0.191728 0.408733
2.800000 0.217106 0.391516 0.129506 0.181918 0.494949 0.548475 0.191467 0.407539
3.000000 0.216908 0.351614 0.129268 0.181732 0.492998 0.547965 0.191019 0.405999
3.200000 0.216964 0.390391 0.129334 0.181260 0.491183 0.548098 0.190433 0.404791
3.400000 0.216895 0.389847 0.129262 0.180894 0.489623 0.548130 0.190178 0.403507
3.600000 0.216745 0.389351 0.129128 0.180516 0.488043 0.547944 0.189773 0.402110
3.800000 0.216706 0.388714 0.129293 0.180324 0.486348 0.547882 0.189307 0.400762
4.000000 0.216745 0.388032 0.129141 0.180033 0.484696 0.547931 0.188784 0.399516
4.200000 0.216658 0.387626 0.129231 0.179619 0.482943 0.547488 0.188524 0.398290
4.400000 0.216544 0.386933 0.128980 0.179280 0.481157 0.547562 0.188257 0.397025
4.600000 0.216658 0.386701 0.128937 0.178974 0.479526 0.547354 0.187577 0.395801
4.800000 0.216483 0.386176 0.128774 0.178593 0.478037 0.547320 0.187289 0.394465
5.000000 0.216478 0.385633 0.128769 0.178301 0.476312 0.547283 0.186827 0.393116
5.200000 0.216429 0.384975 0.128926 0.178058 0.474785 0.547220 0.186531 0.392026
5.400000 0.216352 0.384566 0.128517 0.177564 0.473069 0.507851 0.186123 0.390899
5.600000 0.216317 0.384325 0.128661 0.177392 0.471591 0.585811 0.185681 0.389724
5.800000 0.216247 0.383603 0.128481 0.177082 0.470038 0.546652 0.185347 0.388427
6.000000 0.216218 0.383108 0.128591 0.176687 0.468469 0.546712 0.184889 0.387299
6.200000 0.216147 0.382391 0.128598 0.176457 0.466943 0.546591 0.184425 0.386184
6.400000 0.215850 0.381837 0.128552 0.176142 0.465230 0.546454 0.184100 0.385042
6.600000 0.216030 0.381211 0.128402 0.175486 0.463471 0.546130 0.183583 0.383632
6.800000 0.215970 0.380907 0.128197 0.175342 0.462027 0.546227 0.183140 0.382249
7.000000 0.215902 0.380436 0.128178 0.175092 0.460404 0.546065 0.182912 0.381250
7.200000 0.215852 0.379879 0.128243 0.174899 0.458795 0.545839 0.182485 0.380133
7.400000 0.215797 0.379573 0.128118 0.174704 0.457382 0.545793 0.182199 0.378974
7.600000 0.215480 0.379016 0.128106 0.174107 0.455812 0.545799 0.181770 0.377900
7.800000 0.215693 0.378585 0.128165 0.174044 0.454557 0.545511 0.181352 0.376751
8.000000 0.215509 0.377969 0.128140 0.173505 0.452753 0.545623 0.180983 0.375721
8.200000 0.215589 0.377769 0.127960 0.173254 0.451515 0.545095 0.180572 0.374672
8.400000 0.215628 0.377181 0.127851 0.173099 0.450233 0.545227 0.180221 0.373671
8.600000 0.215508 0.376781 0.127906 0.172853 0.448641 0.545046 0.179784 0.372607
8.800000 0.215423 0.376226 0.127822 0.172588 0.447442 0.544996 0.179489 0.371456
9.000000 0.215302 0.375842 0.127769 0.172384 0.446056 0.544747 0.179143 0.370439
9.200000 0.215376 0.375607 0.127671 0.172163 0.444727 0.544773 0.178804 0.369408
9.400000 0.215282 0.375028 0.127631 0.171693 0.443453 0.544742 0.178297 0.368456
9.600000 0.215213 0.374527 0.127697 0.171526 0.441998 0.544508 0.178202 0.367377
9.800000 0.215219 0.374018 0.127670 0.171205 0.440753 0.544313 0.177753 0.366457
10.000000 0.215155 0.373782 0.127524 0.170977 0.439424 0.544343 0.177435 0.365585
10.200000 0.215146 0.373293 0.127395 0.170860 0.438176 0.544251 0.177062 0.364487
10.400000 0.215077 0.372934 0.127482 0.170479 0.436723 0.544017 0.176739 0.363473
10.600000 0.215025 0.372398 0.127299 0.170169 0.435633 0.544019 0.176511 0.362533
10.800000 0.214970 0.372154 0.127406 0.170006 0.434132 0.543948 0.176184 0.361610
11.000000 0.214952 0.371566 0.127197 0.169777 0.433080 0.543723 0.175775 0.360634
11.200000 0.214930 0.371383 0.127636 0.169414 0.431753 0.543559 0.175396 0.359410
11.400000 0.214800 0.370916 0.127172 0.169287 0.430320 0.543411 0.175170 0.358396
11.600000 0.214843 0.370533 0.127115 0.169119 0.429268 0.543510 0.174568 0.357715
11.800000 0.214558 0.370047 0.127080 0.168765 0.428145 0.543336 0.174394 0.356844
12.000000 0.214703 0.369834 0.127137 0.168625 0.426899 0.543072 0.174145 0.355935
12.200000 0.214654 0.369110 0.126966 0.168580 0.425633 0.543026 0.173793 0.355000
12.400000 0.214644 0.369017 0.126996 0.167875 0.424326 0.543004 0.173458 0.354304
12.600000 0.214315 0.368211 0.126809 0.167801 0.422990 0.542899 0.172899 0.353165
12.800000 0.214561 0.368146 0.127084 0.167542 0.421982 0.542764 0.172811 0.352407
13.000000 0.214428 0.367802 0.126883 0.167504 0.420968 0.542631 0.172459 0.351483
13.200000 0.214459 0.367440 0.126807 0.167244 0.419849 0.542467 0.172130 0.350625
13.400000 0.214415 0.367069 0.126685 0.167058 0.418829 0.542304 0.171906 0.349878
13.600000 0.214496 0.366617 0.126728 0.166926 0.417764 0.542169 0.171658 0.349104
13.800000 0.214322 0.366281 0.126783 0.166777 0.416609 0.542289 0.171268 0.348130
14.000000 0.214308 0.365927 0.126717 0.166603 0.415556 0.542039 0.171103 0.347474
14.200000 0.214280 0.365697 0.126755 0.166310 0.414646 0.541966 0.170782 0.346772
14.400000 0.214196 0.365335 0.126652 0.166050 0.413610 0.541723 0.170494 0.345945
14.600000 0.214196 0.365073 0.126600 0.165856 0.412480 0.541830 0.170223 0.345194
14.800000 0.214138 0.364692 0.126492 0.165648 0.411506 0.541604 0.169950 0.344453
15.000000 0.213829 0.364332 0.126583 0.165396 0.410589 0.541632 0.169581 0.343640
15.200000 0.214092 0.364056 0.126533 0.165122 0.409627 0.541518 0.169412 0.342991
15.400000 0.214067 0.363655 0.126767 0.165211 0.408619 0.541297 0.169089 0.342102
15.600000 0.214024 0.363361 0.126209 0.164881 0.407707 0.541217 0.168801 0.341438
15.800000 0.213978 0.363150 0.126730 0.164761 0.406506 0.541154 0.168554 0.340688
16.000000 0.214077 0.362805 0.126405 0.164364 0.405615 0.540935 0.168257 0.339955
16.200000 0.213824 0.362414 0.126091 0.164213 0.404813 0.540947 0.168008 0.339286
16.400000 0.213655 0.362031 0.126085 0.164102 0.403292 0.540704 0.167691 0.338395
16.600000 0.213680 0.361896 0.126191 0.163898 0.402808 0.540646 0.167546 0.337746
16.800000 0.213630 0.361421 0.126313 0.163638 0.401822 0.540555 0.167279 0.337098
17.000000 0.213891 0.361156 0.126120 0.163430 0.400812 0.540464 0.166996 0.336511
17.200000 0.213712 0.360985 0.126388 0.163537 0.399965 0.540182 0.166760 0.335556
17.400000 0.213688 0.360622 0.125904 0.163228 0.398918 0.540094 0.166328 0.334951
17.600000 0.213626 0.360366 0.125986 0.162869 0.398218 0.540117 0.166310 0.334422
17.800000 0.213618 0.359865 0.125911 0.162748 0.397041 0.539933 0.165937 0.333439
18.000000 0.213559 0.359502 0.125917 0.162523 0.396135 0.539946 0.165594 0.332841
18.200000 0.213535 0.359251 0.125812 0.162656 0.395484 0.539781 0.165364 0.332303
18.400000 0.213438 0.359058 0.125992 0.162311 0.394459 0.539649 0.165248 0.331437
18.600000 0.213438 0.358855 0.126030 0.162224 0.393741 0.539430 0.165030 0.330937
18.800000 0.213320 0.358527 0.125793 0.162142 0.392878 0.539693 0.164698 0.330145
19.000000 0.213416 0.358225 0.125802 0.161780 0.391841 0.539250 0.164441 0.329467
19.200000 0.213383 0.357959 0.125977 0.161731 0.390908 0.539185 0.164136 0.328711
19.400000 0.213304 0.357616 0.125643 0.161500 0.390077 0.539062 0.164024 0.328081
19.600000 0.213432 0.357180 0.125480 0.161285 0.389105 0.539056 0.163794 0.327470
19.800000 0.213251 0.357003 0.125697 0.161132 0.388243 0.538923 0.163681 0.326860
20.000000 0.213219 0.356606 0.125715 0.160848 0.387517 0.538858 0.163321 0.326247
20.200000 0.213208 0.356565 0.125645 0.160767 0.386617 0.538529 0.163104 0.325678
20.400000 0.213199 0.356267 0.125731 0.160719 0.385643 0.538551 0.162862 0.325151
20.600000 0.213138 0.356019 0.125448 0.160435 0.384957 0.538421 0.162565 0.324261
20.800000 0.213066 0.355656 0.125313 0.160279 0.384098 0.538223 0.162327 0.323722
21.000000 0.213082 0.355464 0.125434 0.160189 0.383409 0.538301 0.162063 0.323317
21.200000 0.213044 0.355164 0.125520 0.159981 0.382501 0.538057 0.162047 0.322422
21.400000 0.212889 0.354853 0.125554 0.159902 0.381636 0.538037 0.161723 0.321893
21.600000 0.212945 0.354594 0.125577 0.159701 0.380931 0.537942 0.161497 0.321339
21.800000 0.212927 0.354356 0.125403 0.159527 0.380153 0.537749 0.161429 0.320826
22.000000 0.212872 0.354025 0.125420 0.159364 0.379434 0.537531 0.161060 0.320275
22.200000 0.212904 0.353781 0.125317 0.159187 0.378791 0.537539 0.160847 0.319558
22.400000 0.212989 0.353225 0.125341 0.159060 0.377908 0.537455 0.160612 0.318968
22.600000 0.212845 0.353331 0.125138 0.158986 0.376958 0.537260 0.160401 0.318432
22.800000 0.212840 0.353022 0.125330 0.158796 0.376575 0.537213 0.160067 0.317855
23.000000 0.212792 0.352889 0.125270 0.158629 0.375423 0.537203 0.160024 0.317106
23.200000 0.212793 0.352455 0.125179 0.158440 0.374733 0.536983 0.159735 0.316643
23.400000 0.212564 0.352186 0.125209 0.158370 0.373904 0.536834 0.159528 0.316149
23.600000 0.212674 0.352324 0.125237 0.158329 0.373347 0.536922 0.159580 0.315577
23.800000 0.212676 0.351750 0.125086 0.157951 0.372505 0.536706 0.159298 0.314980
24.000000 0.212646 0.351422 0.125262 0.158054 0.371712 0.536626 0.158947 0.314530
24.200000 0.212542 0.351206 0.125076 0.157806 0.371037 0.536352 0.158775 0.313897
24.400000 0.212531 0.350828 0.125079 0.157586 0.370312 0.536112 0.158552 0.313344
24.600000 0.212553 0.350750 0.124989 0.157532 0.369663 0.536360 0.158430 0.312892
24.800000 0.212474 0.350215 0.125008 0.157198 0.368853 0.536172 0.158200 0.312290
25.000000 0.212428 0.350202 0.124912 0.157270 0.368199 0.535979 0.157939 0.311859
25.200000 0.212283 0.350000 0.124888 0.157117 0.367417 0.535920 0.157757 0.311018
25.400000 0.212397 0.349651 0.124783 0.156980 0.366714 0.535746 0.157602 0.310788
25.600000 0.212345 0.349331 0.124944 0.156749 0.366145 0.535604 0.157422 0.310096
25.800000 0.212359 0.349374 0.124876 0.156596 0.365426 0.535535 0.157177 0.309455
26.000000 0.212267 0.348980 0.124857 0.156521 0.364690 0.535562 0.157163 0.308973
26.200000 0.212150 0.348824 0.124958 0.156528 0.363910 0.535291 0.156834 0.308636
26.400000 0.212128 0.348605 0.124914 0.195287 0.363182 0.535207 0.156528 0.308072
26.600000 0.212212 0.348281 0.124757 0.155978 0.362569 0.535234 0.156479 0.307604
26.800000 0.212194 0.348153 0.124745 0.156004 0.361747 0.534996 0.195168 0.306999
27.000000 0.212197 0.348035 0.124584 0.155824 0.361532 0.535050 0.155961 0.306577
27.200000 0.212161 0.347605 0.124667 0.155776 0.360664 0.534807 0.155906 0.305943
27.400000 0.212162 0.347166 0.124517 0.155649 0.359883 0.534762 0.155708 0.305613
27.600000 0.211945 0.347229 0.124636 0.155512 0.359348 0.534554 0.155598 0.305073
27.800000 0.212088 0.346911 0.124603 0.155445 0.358741 0.534589 0.155381 0.304647
28.000000 0.212199 0.346788 0.124658 0.155309 0.358164 0.534394 0.154969 0.304055
28.200000 0.211998 0.346578 0.124664 0.155156 0.357434 0.534152 0.155039 0.303637
28.400000 0.211803 0.346182 0.124576 0.154983 0.356785 0.534118 0.154960 0.303057
28.600000 0.211816 0.346106 0.124571 0.154920 0.356289 0.534145 0.154439 0.302697
28.800000 0.211800 0.345649 0.124483 0.154809 0.355589 0.533785 0.154461 0.302156
29.000000 0.211905 0.345662 0.124376 0.154606 0.354894 0.533789 0.154170 0.301762
29.200000 0.211900 0.345424 0.124496 0.154620 0.354396 0.533825 0.154207 0.301346
29.400000 0.211843 0.345299 0.124509 0.154403 0.353568 0.533680 0.154061 0.300766
29.600000 0.211831 0.344944 0.124379 0.154270 0.353093 0.533375 0.153821 0.300374
29.800000 0.211734 0.344658 0.124376 0.154194 0.352409 0.533588 0.153716 0.299954
30.000000 0.211748 0.344681 0.124338 0.154014 0.351765 0.533227 0.153457 0.299419
30.200000 0.211548 0.344051 0.124087 0.153961 0.351282 0.533152 0.153398 0.298970
30.400000 0.211684 0.344145 0.124276 0.153755 0.350629 0.533000 0.153098 0.298494
30.600000 0.212266 0.344015 0.124301 0.153832 0.350072 0.533115 0.153164 0.298014
30.800000 0.215948 0.343732 0.124403 0.153506 0.349510 0.532736 0.152742 0.297695
31.000000 0.222818 0.343370 0.124302 0.153648 0.348907 0.532677 0.152801 0.297102
31.200000 0.232372 0.343580 0.124283 0.153481 0.348830 0.532789 0.152692 0.297170
31.400000 0.247175 0.343291 0.124435 0.153255 0.348728 0.532593 0.152607 0.297154
31.600000 0.262424 0.343091 0.124213 0.153377 0.349237 0.532583 0.152549 0.297430
31.800000 0.278894 0.343233 0.124423 0.153289 0.350449 0.532476 0.152839 0.298339
32.000000 0.295847 0.343408 0.124659 0.153801 0.352244 0.532368 0.152875 0.299563
32.200000 0.312008 0.344086 0.124595 0.154245 0.354914 0.532230 0.153106 0.301637
32.400000 0.327262 0.345183 0.124667 0.154803 0.358352 0.532395 0.153713 0.304228
32.600000 0.341083 0.346653 0.125027 0.155824 0.362664 0.532146 0.154244 0.307193
32.800000 0.354366 0.348673 0.125581 0.157084 0.367805 0.532346 0.154841 0.311133
33.000000 0.365989 0.351428 0.126349 0.158401 0.373610 0.532262 0.155531 0.315475
33.200000 0.376027 0.354942 0.127122 0.160248 0.380190 0.532317 0.156282 0.320246
33.400000 0.385402 0.359231 0.128287 0.162227 0.387169 0.532262 0.157146 0.325464
33.600000 0.393259 0.364142 0.129167 0.164788 0.394664 0.532396 0.157981 0.331205
33.800000 0.400470 0.369729 0.130174 0.167154 0.402640 0.532311 0.159144 0.337168
34.000000 0.406682 0.376142 0.131000 0.169730 0.410886 0.532445 0.159916 0.343600
34.200000 0.412092 0.383207 0.132274 0.172735 0.419694 0.532442 0.160995 0.350323
34.400000 0.416803 0.429639 0.133356 0.175741 0.428900 0.532604 0.162076 0.357331
34.600000 0.420781 0.398792 0.134428 0.178768 0.438181 0.532645 0.163190 0.364289
34.800000 0.424313 0.407543 0.135465 0.181907 0.447675 0.532689 0.164310 0.371864
35.000000 0.427285 0.416605 0.136328 0.185167 0.457668 0.532817 0.165496 0.379648
35.200000 0.430268 0.426614 0.137506 0.188536 0.467747 0.532769 0.166662 0.387836
35.400000 0.432344 0.435954 0.138446 0.191467 0.477482 0.532941 0.167734 0.395435
35.600000 0.434163 0.445989 0.139546 0.194778 0.487233 0.532884 0.168912 0.403107
35.800000 0.435785 0.456309 0.140865 0.197783 0.497362 0.532915 0.170091 0.411028
36.000000 0.437076 0.467005 0.141723 0.200977 0.507583 0.533015 0.171127 0.419014
36.200000 0.438175 0.477902 0.142524 0.204281 0.517998 0.533111 0.172402 0.427299
36.400000 0.439099 0.489332 0.143676 0.207533 0.528428 0.533213 0.173526 0.435726
36.600000 0.439856 0.500670 0.144389 0.210845 0.539115 0.533319 0.174702 0.443556
36.800000 0.440489 0.512447 0.145462 0.214064 0.550255 0.533438 0.175849 0.452431
37.000000 0.440773 0.524275 0.146311 0.216839 0.561508 0.533040 0.176854 0.461338
37.200000 0.441244 0.538687 0.147386 0.221033 0.574738 0.533350 0.178514 0.471750
37.400000 0.441547 0.555710 0.148703 0.225221 0.590078 0.533429 0.179759 0.483797
37.600000 0.441918 0.569230 0.149885 0.229008 0.602794 0.533688 0.181419 0.493607
37.800000 0.442025 0.581378 0.150765 0.232257 0.614245 0.533861 0.182752 0.502648
38.000000 0.442138 0.593878 0.151737 0.235537 0.625823 0.533911 0.183860 0.511516
38.200000 0.442084 0.606757 0.152752 0.238612 0.638126 0.533950 0.185010 0.521379
38.400000 0.442174 0.618806 0.153689 0.241990 0.649834 0.534048 0.186240 0.530444
38.600000 0.442213 0.631098 0.154674 0.244925 0.661371 0.534106 0.187409 0.539595
38.800000 0.442156 0.643433 0.155421 0.248052 0.673068 0.534232 0.188631 0.548821
39.000000 0.442119 0.654512 0.117338 0.251033 0.684676 0.534311 0.189759 0.557800
39.200000 0.441774 0.666155 0.157030 0.254200 0.696407 0.534602 0.191017 0.567105
39.400000 0.441908 0.677068 0.157902 0.256965 0.707698 0.534517 0.192199 0.576154
39.600000 0.441849 0.688198 0.158948 0.260137 0.719038 0.534594 0.193367 0.585207
39.800000 0.441688 0.698911 0.159503 0.263053 0.730284 0.534561 0.194415 0.594164
40.000000 0.441495 0.709398 0.160368 0.265989 0.741333 0.534737 0.195652 0.603060
40.200000 0.441577 0.719810 0.161236 0.269007 0.752493 0.534863 0.196707 0.612177
40.400000 0.441164 0.729648 0.161904 0.271846 0.763514 0.534677 0.198029 0.620993
40.600000 0.441130 0.739041 0.162879 0.274690 0.774304 0.534871 0.199266 0.629776
40.800000 0.440948 0.748395 0.163572 0.277532 0.785064 0.535175 0.200202 0.638564
41.000000 0.440794 0.757337 0.164170 0.280343 0.795490 0.535315 0.201508 0.646926
41.200000 0.440595 0.765588 0.165250 0.283024 0.805785 0.535424 0.202563 0.655485
41.400000 0.440780 0.774041 0.165685 0.285815 0.815866 0.535529 0.203812 0.663821
41.600000 0.440223 0.781915 0.166227 0.288658 0.825582 0.535666 0.205055 0.671941
41.800000 0.439935 0.789452 0.167034 0.291202 0.835474 0.535609 0.206167 0.680083
42.000000 0.440009 0.796793 0.167735 0.293990 0.845184 0.535830 0.207083 0.688170
42.200000 0.440025 0.803600 0.168188 0.296594 0.854390 0.535945 0.208132 0.695765
42.400000 0.439798 0.810148 0.169196 0.299081 0.863551 0.535991 0.209411 0.703293
42.600000 0.439719 0.816375 0.169461 0.301712 0.872386 0.536158 0.210538 0.710794
42.800000 0.439531 0.822362 0.170082 0.304279 0.881107 0.536258 0.211571 0.718100
43.000000 0.439179 0.828197 0.170856 0.306813 0.889531 0.536375 0.212628 0.725408
43.200000 0.439045 0.833727 0.171424 0.309413 0.897825 0.536564 0.213769 0.732417
43.400000 0.439040 0.838801 0.172050 0.311745 0.905802 0.536560 0.214701 0.739333
43.600000 0.439058 0.844182 0.172712 0.314264 0.914545 0.536653 0.216060 0.747169
43.800000 0.438781 0.850721 0.173310 0.317791 0.925049 0.536846 0.217434 0.755787
44.000000 0.438473 0.855119 0.173866 0.320025 0.932499 0.536935 0.218365 0.762326
44.200000 0.438524 0.898329 0.174549 0.322279 0.939357 0.537038 0.219554 0.768509
44.400000 0.438359 0.863388 0.174837 0.324574 0.946366 0.537220 0.220565 0.774395
44.600000 0.438064 0.867272 0.175385 0.327142 0.953333 0.537294 0.221429 0.780441
44.800000 0.438009 0.870986 0.175906 0.329191 0.959807 0.537555 0.222465 0.786136
45.000000 0.437809 0.874418 0.176271 0.331285 0.966053 0.537419 0.223426 0.791965
45.200000 0.437679 0.877435 0.176722 0.333691 0.972396 0.537607 0.224540 0.797328
45.400000 0.437509 0.880627 0.177290 0.335804 0.978486 0.537854 0.225664 0.802759
45.600000 0.437445 0.883666 0.177616 0.337881 0.984189 0.537795 0.226288 0.807899
45.800000 0.437353 0.886821 0.178219 0.340073 0.989992 0.538024 0.227453 0.813116
46.000000 0.437102 0.889155 0.178564 0.341987 0.995281 0.538012 0.228174 0.817988
46.200000 0.436993 0.891975 0.179122 0.344126 1.000734 0.538132 0.229320 0.822875
46.400000 0.436867 0.894426 0.179365 0.346137 1.005998 0.538179 0.229965 0.827472
46.600000 0.436784 0.896700 0.179682 0.348122 1.010638 0.538104 0.231080 0.831701
46.800000 0.436749 0.899040 0.180160 0.350045 0.976621 0.538387 0.231946 0.836783
47.000000 0.436634 0.901203 0.180483 0.352070 1.020513 0.538612 0.233083 0.840728
47.200000 0.436366 0.903035 0.181060 0.353881 1.025143 0.538693 0.233772 0.844739
47.400000 0.436268 0.905188 0.181265 0.355869 1.029731 0.538862 0.234783 0.848903
47.600000 0.436116 0.907117 0.181730 0.357758 1.034086 0.538908 0.235627 0.852953
47.800000 0.436193 0.908834 0.181949 0.359789 1.038240 0.538942 0.236430 0.856813
48.000000 0.436091 0.910540 0.182287 0.361574 1.042359 0.539012 0.237358 0.860728
48.200000 0.435954 0.912456 0.182779 0.363284 1.046277 0.539030 0.238090 0.864217
48.400000 0.435836 0.913799 0.182884 0.365049 1.050185 0.539369 0.238982 0.867877
48.600000 0.435510 0.915191 0.183417 0.366786 1.054052 0.539256 0.239858 0.871222
48.800000 0.435500 0.916653 0.183424 0.368611 1.057732 0.539337 0.240583 0.874530
49.000000 0.435049 0.917992 0.183936 0.370404 1.061219 0.539612 0.241461 0.877972
49.200000 0.435265 0.919431 0.184320 0.371995 1.064601 0.539622 0.242300 0.880976
49.400000 0.435088 0.920600 0.184365 0.373683 1.067957 0.539758 0.242959 0.884241
49.600000 0.434969 0.921835 0.184666 0.375256 1.071070 0.539717 0.243878 0.887275
49.800000 0.434739 0.923010 0.184827 0.376980 1.074502 0.540001 0.244528 0.890237
50.000000 0.434678 0.924278 0.185285 0.378444 1.077606 0.539997 0.245304 0.893397
50.200000 0.434536 0.925651 0.185607 0.380981 1.081802 0.540225 0.246499 0.897158
50.400000 0.434445 0.926601 0.185740 0.382516 1.084898 0.540299 0.247199 0.899655
50.600000 0.434359 0.927550 0.186278 0.383917 1.087532 0.540392 0.248107 0.902280
50.800000 0.434223 0.928520 0.186391 0.385439 1.090474 0.540235 0.248730 0.905033
51.000000 0.434140 0.929312 0.186352 0.386964 1.093233 0.540559 0.249428 0.907481
51.200000 0.433855 0.930559 0.186633 0.388742 1.095743 0.540626 0.250189 0.910154
51.400000 0.433896 0.931007 0.186952 0.390258 1.098417 0.540815 0.250794 0.912333
51.600000 0.433732 0.931788 0.187526 0.391586 1.100967 0.540890 0.251596 0.914629
51.800000 0.433615 0.932599 0.187670 0.393186 1.103423 0.541148 0.252234 0.917103
52.000000 0.433430 0.933190 0.187761 0.394710 1.105756 0.540969 0.252855 0.919287
52.200000 0.433099 0.933743 0.187938 0.395988 1.107947 0.541117 0.253729 0.921336
52.400000 0.432962 0.934536 0.188221 0.397426 1.110282 0.541380 0.254355 0.923473
52.600000 0.432869 0.935291 0.188323 0.398862 1.112495 0.541281 0.255115 0.925321
52.800000 0.432698 0.935745 0.188566 0.400294 1.114751 0.541487 0.255705 0.927431
53.000000 0.432492 0.936570 0.188782 0.401601 1.116682 0.541604 0.256380 0.929521
53.200000 0.432296 0.936750 0.188921 0.402883 1.118586 0.541741 0.256858 0.931437
53.400000 0.432192 0.937345 0.189171 0.404322 1.120708 0.541912 0.257677 0.933349
53.600000 0.432205 0.937641 0.189356 0.405577 1.122697 0.541948 0.258243 0.935092
53.800000 0.432087 0.938322 0.189633 0.406695 1.124520 0.541863 0.258813 0.936726
54.000000 0.431935 0.938820 0.189806 0.408163 1.126318 0.542195 0.259523 0.938746
54.200000 0.431747 0.939164 0.189894 0.409352 1.127674 0.542238 0.260035 0.940220
54.400000 0.431778 0.939478 0.190067 0.410488 1.129804 0.542341 0.260622 0.941787
54.600000 0.431367 0.939775 0.190238 0.411820 1.131444 0.542439 0.261352 0.943335
54.800000 0.431354 0.940055 0.190311 0.413020 1.133021 0.542483 0.261696 0.944921
55.000000 0.431265 0.940505 0.190528 0.414203 1.134694 0.542535 0.262405 0.946582
55.200000 0.431103 0.940856 0.190638 0.415512 1.136196 0.542492 0.262801 0.947863
55.400000 0.430989 0.940903 0.190724 0.416553 1.137721 0.542890 0.263458 0.949105
55.600000 0.430777 0.941255 0.190789 0.417700 1.139188 0.542646 0.263829 0.950614
55.800000 0.430867 0.941360 0.191081 0.418873 1.140446 0.542969 0.264586 0.951848
56.000000 0.430885 0.941739 0.191325 0.420141 1.142152 0.542989 0.265133 0.953269
56.200000 0.430667 0.942052 0.191451 0.421295 1.143797 0.543359 0.265762 0.954792
56.400000 0.430505 0.942246 0.191757 0.422770 1.145516 0.543425 0.266413 0.956492
56.600000 0.430233 0.942395 0.191657 0.423709 1.146567 0.543316 0.266832 0.957586
56.800000 0.430264 0.942676 0.191695 0.425070 1.147899 0.543665 0.267414 0.958976
57.000000 0.430112 0.942916 0.191960 0.425941 1.148759 0.543553 0.267885 0.960034
57.200000 0.429955 0.942963 0.191966 0.427061 1.150184 0.543804 0.268329 0.961191
57.400000 0.429869 0.943127 0.192202 0.428075 1.151530 0.543732 0.268903 0.962359
57.600000 0.429567 0.943219 0.192326 0.429050 1.152555 0.543863 0.269322 0.963309
57.800000 0.429551 0.943204 0.192486 0.430118 1.153622 0.544047 0.269980 0.964485
58.000000 0.429520 0.943613 0.192416 0.431081 1.154779 0.544277 0.270291 0.965327
58.200000 0.429344 0.943617 0.192767 0.432234 1.156068 0.544196 0.270815 0.966361
58.400000 0.429258 0.943483 0.192800 0.432977 1.156802 0.544186 0.271185 0.967161
58.600000 0.429222 0.943704 0.192905 0.434056 1.157534 0.544366 0.271663 0.968291
58.800000 0.429174 0.943810 0.192876 0.434795 1.158874 0.544427 0.272046 0.969131
59.000000 0.429137 0.943860 0.193045 0.435886 1.159853 0.544415 0.272428 0.970134
59.200000 0.429175 0.943644 0.193156 0.436771 1.160687 0.544654 0.272830 0.971133
59.400000 0.429004 0.943962 0.193298 0.437784 1.161729 0.544628 0.273392 0.971883
59.600000 0.429034 0.943971 0.193434 0.438743 1.162455 0.544815 0.273753 0.972840
59.800000 0.429198 0.944128 0.193573 0.439470 1.163711 0.544928 0.274296 0.973725
60.000000 0.428669 0.943930 0.193684 0.440241 1.164169 0.544761 0.274255 0.974297
60.200000 0.428914 0.944090 0.193636 0.441208 1.165360 0.545077 0.275109 0.975269
60.400000 0.428584 0.944143 0.193844 0.442260 1.166095 0.545274 0.275470 0.976118
60.600000 0.428488 0.944353 0.194087 0.443136 1.166865 0.545292 0.275734 0.976770
60.800000 0.428335 0.944346 0.193941 0.444077 1.167919 0.545638 0.276207 0.977676
61.000000 0.428209 0.944414 0.194122 0.444828 1.168524 0.545491 0.276532 0.978336
61.200000 0.428172 0.944281 0.194191 0.445674 1.169267 0.545415 0.277075 0.979080
61.400000 0.428131 0.944238 0.194368 0.446562 1.169992 0.545518 0.277297 0.979833
61.600000 0.428076 0.944378 0.194452 0.447519 1.170839 0.545659 0.277666 0.980289
61.800000 0.427881 0.944325 0.194529 0.448264 1.171682 0.545917 0.277940 0.980869
62.000000 0.427959 0.944387 0.194445 0.449019 1.172130 0.546023 0.278449 0.981876
62.200000 0.427930 0.944451 0.194582 0.449857 1.172820 0.546087 0.278800 0.982507
62.400000 0.427882 0.944362 0.194778 0.450625 1.173451 0.546157 0.279135 0.983027
62.600000 0.427733 0.944475 0.194883 0.451862 1.174513 0.546348 0.279784 0.984084
62.800000 0.427764 0.944249 0.194920 0.452561 1.174998 0.546367 0.279939 0.984426
63.000000 0.427684 0.944303 0.195038 0.453319 1.175649 0.546497 0.280232 0.985242
63.200000 0.427472 0.944030 0.194961 0.453928 1.176083 0.546393 0.280353 0.985702
63.400000 0.427347 0.944151 0.195162 0.454996 1.176884 0.546653 0.280945 0.986573
63.600000 0.427341 0.944293 0.195262 0.455754 1.177369 0.546743 0.281280 0.986908
63.800000 0.427315 0.944145 0.195407 0.456408 1.178251 0.546858 0.281561 0.987285
64.000000 0.427225 0.944026 0.195365 0.456772 1.178510 0.585901 0.281822 0.987865
64.200000 0.427141 0.944267 0.195530 0.457974 1.179052 0.546878 0.282286 0.988391
64.400000 0.427084 0.944336 0.195577 0.458633 1.179652 0.547044 0.282579 0.988946
64.600000 0.427083 0.944073 0.195712 0.459214 1.180384 0.547070 0.282822 0.989409
64.800000 0.426891 0.944223 0.195676 0.459987 1.180805 0.547334 0.282937 0.989817
65.000000 0.426886 0.943967 0.195775 0.460572 1.181253 0.547401 0.283269 0.990535
65.200000 0.426812 0.944200 0.195969 0.461320 1.181475 0.547453 0.283521 0.990942
65.400000 0.426754 0.943952 0.195884 0.461989 1.182039 0.547534 0.283944 0.991396
65.600000 0.426772 0.943937 0.195859 0.462681 1.182592 0.547534 0.284258 0.991536
65.800000 0.426685 0.943945 0.196033 0.463269 1.182720 0.547745 0.284488 0.992164
66.000000 0.426655 0.944023 0.196100 0.463993 1.183356 0.547701 0.284621 0.992563
66.200000 0.426654 0.943902 0.196199 0.464665 1.183682 0.547842 0.284974 0.993105
66.400000 0.426501 0.943986 0.196278 0.465260 1.184201 0.547912 0.285077 0.993446
66.600000 0.426570 0.943985 0.196211 0.465953 1.184671 0.547981 0.285335 0.993847
66.800000 0.426519 0.943838 0.196422 0.466468 1.185140 0.548235 0.285747 0.994185
67.000000 0.426335 0.943900 0.196388 0.467330 1.185607 0.548242 0.285968 0.994804
67.200000 0.426408 0.943654 0.196391 0.467842 1.185768 0.547946 0.286216 0.994907
67.400000 0.426197 0.943586 0.196410 0.468543 1.186265 0.548300 0.286670 0.995541
67.600000 0.426332 0.943613 0.196538 0.469098 1.186544 0.548486 0.286703 0.995814
67.800000 0.426027 0.943666 0.196641 0.469618 1.187123 0.548255 0.286940 0.996214
68.000000 0.426050 0.943577 0.196804 0.470204 1.187180 0.548505 0.287082 0.996405
68.200000 0.425984 0.943470 0.196683 0.470972 1.187672 0.548782 0.287405 0.996927
68.400000 0.425753 0.943533 0.196899 0.471380 1.188063 0.548855 0.287592 0.997065
68.600000 0.425780 0.943564 0.196951 0.472191 1.188646 0.548949 0.287838 0.997595
68.800000 0.425666 0.943392 0.197129 0.472742 1.188595 0.548920 0.288101 0.997946
69.000000 0.425419 0.943188 0.197070 0.473234 1.188894 0.549047 0.288169 0.998361
69.200000 0.425510 0.943443 0.196995 0.473892 1.189234 0.549105 0.288509 0.998641
69.400000 0.425469 0.943256 0.197002 0.474353 1.189154 0.549189 0.288602 0.998556
69.600000 0.425307 0.943024 0.197079 0.474994 1.189743 0.549182 0.288841 0.998963
69.800000 0.425151 0.942735 0.197201 0.475376 1.189621 0.549293 0.289080 0.999196
70.000000 0.425297 0.943110 0.197236 0.475943 1.190428 0.549434 0.289204 0.999569
70.200000 0.425234 0.942882 0.197361 0.476382 1.190362 0.549334 0.289475 0.999782
70.400000 0.425189 0.942811 0.197372 0.477060 1.191144 0.549573 0.289663 1.000198
70.600000 0.425075 0.942966 0.197573 0.477542 1.191129 0.549479 0.289855 1.000424
70.800000 0.425060 0.942708 0.197510 0.478061 1.191291 0.549652 0.290028 1.000649
71.000000 0.424849 0.942814 0.197496 0.478810 1.191851 0.549907 0.290303 1.000919
71.200000 0.424717 0.942445 0.197606 0.479167 1.192106 0.549983 0.290372 1.001224
71.400000 0.424809 0.942586 0.197724 0.479984 1.192265 0.549966 0.290577 1.001321
71.600000 0.424359 0.942665 0.197726 0.480258 1.192328 0.550113 0.290885 1.001731
71.800000 0.424572 0.942326 0.197828 0.480951 1.192604 0.550309 0.291005 1.001863
72.000000 0.424563 0.942348 0.197881 0.481289 1.192657 0.550376 0.291159 1.001995
72.200000 0.424436 0.942133 0.197849 0.481841 1.192927 0.550353 0.291344 1.002320
72.400000 0.424240 0.942292 0.198055 0.482291 1.193317 0.550541 0.291500 1.002640
72.600000 0.424254 0.942223 0.198241 0.482679 1.193421 0.550677 0.291739 1.002722
72.800000 0.424252 0.942022 0.197870 0.483124 1.193519 0.550421 0.291869 1.002764
73.000000 0.424048 0.941920 0.198014 0.483747 1.193816 0.550419 0.291897 1.002827
73.200000 0.424328 0.941828 0.198171 0.484221 1.193963 0.550736 0.291954 1.003292
73.400000 0.424164 0.941910 0.198116 0.484538 1.194160 0.550777 0.292261 1.003486
73.600000 0.424023 0.941688 0.198135 0.484946 1.194182 0.550820 0.292470 1.003874
73.800000 0.423955 0.941724 0.198191 0.485438 1.194577 0.550932 0.292544 1.003869
74.000000 0.423947 0.941522 0.198271 0.485903 1.194221 0.550857 0.292704 1.003904
74.200000 0.423921 0.941522 0.198330 0.486416 1.194854 0.551125 0.292841 1.004083
74.400000 0.423811 0.941478 0.198271 0.486889 1.194919 0.551243 0.293064 1.004380
74.600000 0.423778 0.941317 0.198424 0.487391 1.195019 0.551152 0.293242 1.004413
74.800000 0.423791 0.941036 0.198298 0.487741 1.195076 0.551302 0.293011 1.004509
75.000000 0.423812 0.941027 0.198454 0.488366 1.195378 0.551429 0.293459 1.004810
75.200000 0.423702 0.940996 0.198477 0.488748 1.195344 0.551313 0.293675 1.004921
75.400000 0.423840 0.940927 0.198553 0.489124 1.195590 0.551580 0.293682 1.004896
75.600000 0.423746 0.940772 0.198591 0.489554 1.195758 0.551605 0.293794 1.005186
75.800000 0.423643 0.940719 0.198590 0.489819 1.195578 0.551542 0.293944 1.005401
76.000000 0.423682 0.940606 0.198768 0.490314 1.196044 0.551838 0.293982 1.005630
76.200000 0.423548 0.940424 0.198791 0.490590 1.196082 0.551826 0.294171 1.005426
76.400000 0.423377 0.940605 0.198769 0.491204 1.195994 0.551936 0.294290 1.005580
76.600000 0.423339 0.940531 0.198808 0.491543 1.196162 0.552030 0.294443 1.005939
76.800000 0.423448 0.940739 0.198754 0.492021 1.196400 0.552049 0.294385 1.005994
77.000000 0.423150 0.940141 0.198879 0.492258 1.196545 0.552086 0.294540 1.006120
77.200000 0.423267 0.940257 0.198874 0.492825 1.196696 0.552132 0.294769 1.006422
77.400000 0.423225 0.940198 0.199004 0.493247 1.196714 0.552301 0.294815 1.006473
77.600000 0.423098 0.939895 0.198994 0.493621 1.196786 0.552223 0.295000 1.006551
77.800000 0.423011 0.940101 0.199090 0.494005 1.196952 0.552462 0.294954 1.006504
78.000000 0.422846 0.939953 0.198851 0.494279 1.197086 0.552561 0.295210 1.006684
78.200000 0.422879 0.939851 0.199096 0.494636 1.197001 0.552577 0.295323 1.006742
78.400000 0.422758 0.939847 0.199108 0.495061 1.196768 0.552618 0.295309 1.006850
78.600000 0.422796 0.939726 0.199245 0.495527 1.197434 0.552753 0.295516 1.006828
78.800000 0.422753 0.939702 0.199204 0.495755 1.197271 0.552818 0.295613 1.007035
79.000000 0.422728 0.939647 0.199227 0.496246 1.197729 0.552856 0.295564 1.007114
79.200000 0.422705 0.939647 0.199155 0.496438 1.197421 0.552960 0.295779 1.007342
79.400000 0.422719 0.939368 0.199131 0.496835 1.197659 0.552977 0.295807 1.007143
79.600000 0.422754 0.939488 0.199171 0.497398 1.197865 0.553227 0.295898 1.007485
79.800000 0.422708 0.939447 0.199357 0.497665 1.197798 0.553100 0.295877 1.007521
80.000000 0.422609 0.939237 0.199267 0.497842 1.197775 0.553258 0.296143 1.007648
80.200000 0.422653 0.939070 0.199308 0.498323 1.197896 0.553153 0.296272 1.007681
80.400000 0.422732 0.939278 0.199454 0.498604 1.198055 0.553529 0.296412 1.007871
80.600000 0.422557 0.938899 0.199527 0.499007 1.197866 0.553363 0.296364 1.007774
80.800000 0.422550 0.939028 0.199456 0.499392 1.198177 0.553589 0.296482 1.007888
81.000000 0.422702 0.938759 0.199580 0.499719 1.198333 0.553594 0.296513 1.008106
81.200000 0.422652 0.939016 0.199612 0.499995 1.198288 0.553637 0.296499 1.008052
81.400000 0.422888 0.938946 0.199634 0.500033 1.198312 0.553681 0.296737 1.008275
81.600000 0.422713 0.938860 0.199609 0.500506 1.198375 0.553737 0.296783 1.008259
81.800000 0.422870 0.938720 0.199673 0.500854 1.198573 0.553872 0.296880 1.008241
82.000000 0.422928 0.938791 0.199502 0.501139 1.198488 0.553809 0.296809 1.008433
82.200000 0.422928 0.938786 0.199607 0.501683 1.198633 0.553975 0.297007 1.008541
82.400000 0.423030 0.938765 0.199785 0.501946 1.198964 0.554138 0.297162 1.008472
82.600000 0.423009 0.938659 0.199778 0.502031 1.198593 0.554152 0.297105 1.008662
82.800000 0.422942 0.938503 0.199764 0.502213 1.198685 0.554116 0.297158 1.008707
83.000000 0.422943 0.938832 0.199884 0.502834 1.199017 0.554326 0.297313 1.008843
83.200000 0.423080 0.938562 0.199932 0.503224 1.199004 0.554234 0.297388 1.008919
83.400000 0.422890 0.938416 0.199978 0.503520 1.199032 0.554459 0.297523 1.009073
83.600000 0.422949 0.938664 0.199897 0.503619 1.199068 0.554476 0.297474 1.008964
83.800000 0.422760 0.938562 0.200021 0.504050 1.199039 0.554476 0.297422 1.009155
84.000000 0.422592 0.938562 0.200163 0.504184 1.199304 0.554544 0.297601 1.009109
84.200000 0.422697 0.938497 0.200101 0.504568 1.199038 0.554518 0.297610 1.009289
84.400000 0.422752 0.938581 0.200160 0.504990 1.199202 0.554716 0.297815 1.009387
84.600000 0.422559 0.938696 0.200132 0.505203 1.199542 0.554726 0.297798 1.009405
84.800000 0.422723 0.938456 0.200121 0.505512 1.199572 0.554703 0.297840 1.009415
85.000000 0.422711 0.938510 0.200176 0.505538 1.199792 0.554873 0.297858 1.009579
85.200000 0.422725 0.938510 0.200042 0.506000 1.199588 0.554957 0.298018 1.009733
85.400000 0.422768 0.938475 0.200258 0.506298 1.199532 0.555080 0.298071 1.009976
85.600000 0.422725 0.938494 0.200311 0.506482 1.199599 0.554890 0.298097 1.009731
85.800000 0.422781 0.938306 0.200274 0.506697 1.199919 0.555099 0.298036 1.009556
86.000000 0.422745 0.938441 0.200416 0.507184 1.199861 0.555060 0.298210 1.010020
86.200000 0.422688 0.938479 0.200590 0.507393 1.200080 0.555252 0.298387 1.009998
86.400000 0.422761 0.938534 0.200420 0.507680 1.200032 0.555258 0.298193 1.010424
86.600000 0.422670 0.938602 0.200487 0.507981 1.200230 0.555507 0.298332 1.010390
86.800000 0.422824 0.938695 0.200605 0.508456 1.200265 0.555664 0.298557 1.010357
87.000000 0.422700 0.938485 0.200597 0.508639 1.200236 0.555505 0.298542 1.010184
87.200000 0.422692 0.938712 0.200414 0.509101 1.200278 0.555652 0.298600 1.010497
87.400000 0.422546 0.938473 0.200545 0.509399 1.200459 0.555674 0.298573 1.010633
87.600000 0.422592 0.938517 0.200536 0.509791 1.200475 0.555589 0.298550 1.011015
87.800000 0.422496 0.938645 0.200535 0.509938 1.200604 0.555813 0.298619 1.010926
88.000000 0.422478 0.938526 0.200518 0.510060 1.200550 0.555836 0.298674 1.010937
88.200000 0.422319 0.938575 0.200748 0.510400 1.200583 0.555605 0.298829 1.011008
88.400000 0.422317 0.938489 0.200841 0.510652 1.200707 0.555931 0.298979 1.010876
88.600000 0.421797 0.938330 0.200675 0.511012 1.200801 0.555964 0.298828 1.011016
88.800000 0.422337 0.938603 0.200919 0.511207 1.200760 0.556154 0.298829 1.011050
89.000000 0.422121 0.938563 0.200735 0.511357 1.200801 0.556093 0.299016 1.011052
89.200000 0.422087 0.938592 0.200663 0.511679 1.200766 0.556046 0.299014 1.011256
89.400000 0.422109 0.938483 0.200863 0.511857 1.200796 0.556234 0.298784 1.011350
89.600000 0.422118 0.938298 0.200812 0.512033 1.200852 0.556145 0.298930 1.011211
89.800000 0.422117 0.938528 0.200836 0.512289 1.201023 0.556293 0.299103 1.011397
90.000000 0.422176 0.938703 0.200837 0.512670 1.201013 0.556420 0.299224 1.011360
