0.200000 0.050292 0.397232 0.158055 0.185872 0.397306 0.393799 0.192619 0.339611
0.400000 0.050065 0.396444 0.157945 0.185681 0.395861 0.393685 0.192380 0.338421
0.600000 0.050352 0.396180 0.157682 0.185609 0.394880 0.393716 0.192350 0.337696
0.800000 0.050049 0.395689 0.158066 0.185546 0.394058 0.393668 0.192181 0.337033
1.000000 0.050045 0.395251 0.157886 0.185279 0.393109 0.393576 0.192082 0.336275
1.200000 0.050170 0.394821 0.157853 0.185180 0.392073 0.393615 0.191976 0.335586
1.400000 0.050155 0.394394 0.157872 0.184978 0.391153 0.393612 0.191895 0.334883
1.600000 0.050130 0.394086 0.157920 0.184997 0.351623 0.393578 0.191778 0.334307
1.800000 0.050147 0.393700 0.157766 0.184684 0.389478 0.393520 0.191619 0.333493
2.000000 0.050303 0.393329 0.157641 0.184771 0.388690 0.393431 0.191563 0.332654
2.200000 0.050142 0.392832 0.157829 0.184538 0.387766 0.393494 0.191444 0.332120
2.400000 0.050143 0.392520 0.157750 0.184305 0.386884 0.393390 0.191421 0.331343
2.600000 0.050147 0.392044 0.157847 0.184255 0.385906 0.393461 0.191239 0.330646
2.800000 0.050102 0.391763 0.157723 0.184110 0.385026 0.393490 0.191092 0.330105
3.000000 0.050155 0.391430 0.157664 0.184103 0.384288 0.393484 0.191137 0.329407
3.200000 0.050108 0.390959 0.157645 0.183985 0.383418 0.393233 0.191033 0.328630
3.400000 0.050126 0.390523 0.157479 0.183902 0.382603 0.393356 0.190782 0.328014
3.600000 0.050093 0.390278 0.157757 0.183738 0.381754 0.393321 0.190690 0.327591
3.800000 0.050115 0.389960 0.157586 0.183563 0.380785 0.393254 0.190561 0.326949
4.000000 0.050088 0.389510 0.157478 0.183532 0.380033 0.393212 0.190448 0.326176
4.200000 0.050076 0.389245 0.157768 0.183282 0.379319 0.393090 0.190295 0.325515
4.400000 0.050085 0.388815 0.157613 0.183108 0.378305 0.393161 0.190216 0.324948
4.600000 0.050148 0.388256 0.157551 0.183197 0.377628 0.393125 0.190262 0.324113
4.800000 0.049954 0.388074 0.157611 0.183082 0.376859 0.393105 0.190094 0.323509
5.000000 0.050074 0.387573 0.157578 0.182878 0.376046 0.392923 0.189966 0.322877
5.200000 0.050045 0.387335 0.157554 0.182831 0.375176 0.392925 0.189968 0.322359
5.400000 0.050185 0.387071 0.157470 0.182671 0.374437 0.393006 0.189562 0.321749
5.600000 0.049908 0.386750 0.157604 0.182629 0.373571 0.393034 0.189574 0.321101
5.800000 0.050036 0.386483 0.157390 0.182586 0.372846 0.392933 0.189489 0.320730
6.000000 0.050074 0.385895 0.157407 0.182382 0.371967 0.392907 0.189340 0.319899
6.200000 0.049903 0.385668 0.157419 0.182422 0.371327 0.392630 0.189257 0.319356
6.400000 0.050120 0.385394 0.157458 0.182199 0.370514 0.392768 0.189131 0.318650
6.600000 0.050014 0.385006 0.157421 0.182026 0.369378 0.392859 0.189006 0.317953
6.800000 0.050015 0.384501 0.157191 0.182031 0.368381 0.392842 0.188785 0.317251
7.000000 0.050011 0.384075 0.157375 0.181842 0.367851 0.392808 0.188810 0.316629
7.200000 0.049905 0.383877 0.157270 0.181589 0.367037 0.392841 0.188720 0.316056
7.400000 0.049999 0.383471 0.157172 0.181710 0.366259 0.392729 0.188721 0.315509
7.600000 0.050009 0.383175 0.157197 0.181498 0.365434 0.392749 0.188554 0.314987
7.800000 0.049998 0.382541 0.157312 0.181419 0.364845 0.392678 0.188388 0.314385
8.000000 0.050002 0.382398 0.157366 0.181307 0.364093 0.392659 0.188298 0.313713
8.200000 0.050001 0.382289 0.157210 0.180978 0.363451 0.392483 0.187936 0.313262
8.400000 0.050001 0.382053 0.157245 0.181100 0.362678 0.392681 0.188070 0.273508
8.600000 0.049953 0.381596 0.157076 0.180832 0.361883 0.392553 0.187962 0.312151
8.800000 0.049953 0.381312 0.157046 0.180891 0.361298 0.392481 0.187861 0.311500
9.000000 0.049917 0.380977 0.157225 0.180917 0.360735 0.392643 0.187688 0.311242
9.200000 0.049984 0.380787 0.157134 0.180716 0.359919 0.392419 0.187574 0.310459
9.400000 0.049948 0.380331 0.157026 0.180632 0.359115 0.392581 0.187520 0.309879
9.600000 0.049958 0.380288 0.157090 0.180537 0.358568 0.392472 0.187463 0.309563
9.800000 0.049962 0.379895 0.157176 0.180486 0.358186 0.392442 0.187252 0.309112
10.000000 0.049946 0.379506 0.157094 0.180373 0.357295 0.392551 0.187212 0.308456
10.200000 0.049955 0.379095 0.157110 0.180301 0.356512 0.392402 0.187148 0.307959
10.400000 0.049937 0.379357 0.157073 0.180059 0.355944 0.392431 0.187224 0.307529
10.600000 0.049938 0.378758 0.157164 0.179952 0.355319 0.392391 0.187019 0.306985
10.800000 0.049767 0.378301 0.157034 0.179950 0.354506 0.392160 0.186879 0.306314
11.000000 0.050026 0.378162 0.156946 0.179775 0.353962 0.392219 0.186862 0.305806
11.200000 0.049779 0.378002 0.157084 0.179799 0.353162 0.392164 0.186729 0.305440
11.400000 0.049751 0.377339 0.157123 0.179709 0.352526 0.392247 0.186468 0.304919
11.600000 0.049908 0.377394 0.156974 0.179452 0.351940 0.392065 0.186329 0.304267
11.800000 0.049763 0.377124 0.157153 0.179557 0.351559 0.392148 0.186379 0.303934
12.000000 0.049756 0.376849 0.156872 0.179407 0.350727 0.392000 0.186235 0.303453
12.200000 0.049932 0.376540 0.157050 0.179244 0.350147 0.392082 0.186298 0.303006
12.400000 0.050048 0.376217 0.156915 0.179331 0.349529 0.392130 0.186141 0.302590
12.600000 0.049893 0.376104 0.156915 0.179141 0.348837 0.391924 0.185983 0.302103
12.800000 0.049880 0.375789 0.156953 0.179073 0.348263 0.392013 0.185908 0.301559
13.000000 0.049752 0.375262 0.156903 0.178920 0.347741 0.392131 0.185772 0.301090
13.200000 0.049869 0.375251 0.156995 0.178944 0.347103 0.391918 0.185746 0.300728
13.400000 0.049768 0.375015 0.156922 0.178958 0.346571 0.391925 0.185813 0.300200
13.600000 0.049872 0.374795 0.156908 0.178791 0.346045 0.391863 0.185435 0.299817
13.800000 0.049879 0.374576 0.156999 0.178648 0.345550 0.391883 0.185638 0.299459
14.000000 0.049846 0.374391 0.156804 0.178581 0.345032 0.391823 0.185363 0.298977
14.200000 0.049855 0.373878 0.156879 0.178403 0.344310 0.391955 0.185336 0.298573
14.400000 0.049850 0.373817 0.156757 0.178414 0.343841 0.391774 0.185161 0.298155
14.600000 0.049860 0.373538 0.156824 0.178252 0.343201 0.391734 0.185130 0.297634
14.800000 0.049840 0.373362 0.156763 0.178319 0.342711 0.391823 0.185064 0.297303
15.000000 0.049832 0.373355 0.156745 0.178217 0.342153 0.391542 0.184809 0.296882
15.200000 0.049835 0.372772 0.156693 0.178250 0.341660 0.391833 0.184675 0.296456
15.400000 0.049825 0.372896 0.156800 0.178157 0.341295 0.391706 0.184934 0.295870
15.600000 0.049827 0.372446 0.156722 0.178000 0.340577 0.391560 0.184636 0.295646
15.800000 0.049849 0.372241 0.156578 0.177907 0.340182 0.391617 0.184591 0.295243
16.000000 0.049745 0.371577 0.156593 0.177792 0.339531 0.391509 0.184477 0.294688
16.200000 0.049831 0.371740 0.156556 0.177796 0.339195 0.391648 0.184365 0.294352
16.400000 0.049787 0.371600 0.156675 0.177616 0.338626 0.391520 0.184374 0.294086
16.600000 0.049838 0.371380 0.156557 0.177746 0.338116 0.391412 0.184191 0.293580
16.800000 0.049790 0.371205 0.156851 0.177464 0.337642 0.391538 0.184181 0.293351
17.000000 0.049796 0.370960 0.156806 0.177729 0.337086 0.391538 0.184112 0.292915
17.200000 0.049796 0.370764 0.156631 0.177485 0.336467 0.391426 0.184032 0.292572
17.400000 0.049788 0.370408 0.156644 0.177246 0.336133 0.391503 0.183970 0.292149
17.600000 0.049815 0.370314 0.156651 0.177314 0.335611 0.391403 0.183861 0.291892
17.800000 0.049826 0.370100 0.156677 0.177234 0.335144 0.391312 0.183768 0.291408
18.000000 0.049779 0.369721 0.156617 0.177022 0.334523 0.391336 0.183828 0.290998
18.200000 0.049641 0.369619 0.156600 0.177118 0.334130 0.391353 0.183585 0.290737
18.400000 0.049886 0.369299 0.156411 0.177006 0.333620 0.391107 0.183421 0.290301
18.600000 0.049784 0.369365 0.156577 0.176775 0.333195 0.391221 0.183463 0.289889
18.800000 0.049794 0.369059 0.156621 0.176721 0.332751 0.391114 0.183395 0.289549
19.000000 0.049778 0.368795 0.156409 0.176820 0.332098 0.391104 0.183269 0.288947
19.200000 0.049763 0.368612 0.156597 0.176678 0.331682 0.391192 0.183184 0.288710
19.400000 0.049873 0.368291 0.156436 0.176514 0.331305 0.390941 0.182959 0.288171
19.600000 0.049646 0.368081 0.156617 0.176681 0.330677 0.391180 0.182969 0.288000
19.800000 0.049772 0.367848 0.156507 0.176458 0.330306 0.391161 0.182792 0.287578
20.000000 0.049618 0.367873 0.156521 0.176383 0.329801 0.390936 0.182903 0.287254
20.200000 0.049741 0.367619 0.156536 0.176382 0.329341 0.391076 0.182791 0.286902
20.400000 0.049745 0.367559 0.156487 0.176362 0.328896 0.390981 0.182747 0.286416
20.600000 0.049732 0.367214 0.156512 0.176137 0.328279 0.390949 0.182722 0.286209
20.800000 0.049727 0.366991 0.156335 0.176012 0.327979 0.390996 0.182608 0.285878
21.000000 0.049600 0.366725 0.156432 0.176197 0.327546 0.390893 0.182341 0.285518
21.200000 0.049654 0.366666 0.156605 0.176073 0.326922 0.390868 0.182439 0.285067
21.400000 0.049728 0.366319 0.156490 0.175968 0.326827 0.390833 0.182374 0.284841
21.600000 0.049481 0.366344 0.156544 0.176083 0.326197 0.390817 0.182382 0.284498
21.800000 0.049743 0.365908 0.156505 0.175840 0.325647 0.390873 0.182189 0.284345
22.000000 0.049713 0.365869 0.156360 0.175631 0.325356 0.390841 0.182152 0.283682
22.200000 0.049706 0.365702 0.156396 0.175751 0.324751 0.390829 0.182014 0.283340
22.400000 0.049714 0.365363 0.156387 0.175651 0.324345 0.390671 0.181979 0.283065
22.600000 0.049733 0.365208 0.156329 0.175725 0.323946 0.390688 0.181848 0.282853
22.800000 0.049647 0.365053 0.156322 0.175549 0.323409 0.390664 0.181789 0.282417
23.000000 0.049655 0.364869 0.156252 0.175344 0.323163 0.351693 0.181843 0.282242
23.200000 0.049684 0.364568 0.156305 0.175450 0.322895 0.390661 0.181696 0.281975
23.400000 0.049680 0.364451 0.156400 0.175245 0.322415 0.351612 0.181564 0.281528
23.600000 0.049658 0.364491 0.156379 0.175396 0.322043 0.390452 0.181555 0.281343
23.800000 0.049548 0.364239 0.156384 0.175242 0.321354 0.390487 0.181275 0.280886
24.000000 0.049666 0.363697 0.195205 0.175170 0.321127 0.390741 0.181341 0.280585
24.200000 0.049677 0.363697 0.156282 0.175047 0.320637 0.390545 0.181381 0.280420
24.400000 0.049696 0.363693 0.156321 0.175169 0.320405 0.390368 0.181131 0.280039
24.600000 0.049687 0.363489 0.117245 0.175117 0.319926 0.390535 0.181135 0.279678
24.800000 0.049652 0.363334 0.156342 0.174994 0.319377 0.390749 0.181060 0.279524
25.000000 0.049673 0.363140 0.195263 0.174755 0.319027 0.390328 0.181037 0.278978
25.200000 0.049732 0.362911 0.156302 0.174829 0.318525 0.390428 0.180922 0.278630
25.400000 0.049608 0.362635 0.195287 0.174757 0.318174 0.390431 0.180944 0.278174
25.600000 0.049661 0.362690 0.156193 0.174782 0.317765 0.390450 0.180792 0.278166
25.800000 0.049634 0.362442 0.156177 0.174678 0.317335 0.390403 0.180684 0.277565
26.000000 0.049656 0.362241 0.156181 0.174604 0.316975 0.390407 0.180550 0.277453
26.200000 0.049617 0.362002 0.156186 0.174533 0.316610 0.390224 0.180575 0.277199
26.400000 0.049667 0.362030 0.156253 0.174410 0.316223 0.390278 0.180548 0.276858
26.600000 0.049666 0.361697 0.156239 0.174390 0.315826 0.390271 0.180475 0.276545
26.800000 0.049626 0.361590 0.117270 0.174400 0.315453 0.390042 0.180352 0.275936
27.000000 0.049656 0.361334 0.195292 0.174330 0.314971 0.390247 0.180240 0.276026
27.200000 0.049651 0.361189 0.156084 0.174370 0.314724 0.390161 0.180072 0.275614
27.400000 0.049640 0.361039 0.117335 0.174180 0.314323 0.390180 0.180245 0.275373
27.600000 0.049615 0.360937 0.156122 0.174051 0.313734 0.390096 0.180088 0.275112
27.800000 0.049624 0.360740 0.156243 0.174046 0.313636 0.389953 0.180026 0.274752
28.000000 0.049640 0.360624 0.156098 0.173929 0.313246 0.390150 0.179957 0.274495
28.200000 0.049621 0.360469 0.156142 0.174006 0.312693 0.389947 0.179762 0.274048
28.400000 0.049643 0.360322 0.155986 0.173939 0.312479 0.389954 0.179836 0.273823
28.600000 0.049597 0.360086 0.156105 0.173866 0.312070 0.389975 0.179893 0.273616
28.800000 0.049614 0.359963 0.156117 0.173845 0.311642 0.389975 0.179825 0.273372
29.000000 0.049600 0.359902 0.156174 0.173650 0.311383 0.389906 0.179665 0.273124
29.200000 0.049599 0.359665 0.156008 0.173690 0.311097 0.389892 0.179569 0.272975
29.400000 0.049667 0.359373 0.155953 0.173767 0.310538 0.389870 0.179507 0.272391
29.600000 0.049733 0.359333 0.156104 0.173585 0.310145 0.389840 0.179468 0.272117
29.800000 0.049462 0.359064 0.156093 0.173551 0.309858 0.389888 0.179358 0.271937
30.000000 0.049602 0.359019 0.156043 0.173574 0.309609 0.389848 0.179263 0.271697
30.200000 0.049533 0.358880 0.156085 0.173481 0.309210 0.389779 0.178999 0.271301
30.400000 0.049450 0.358675 0.156074 0.173241 0.308868 0.389769 0.179164 0.271161
30.600000 0.049609 0.358460 0.156001 0.173352 0.308484 0.389701 0.179034 0.270989
30.800000 0.049674 0.358301 0.156027 0.173193 0.308163 0.389853 0.178925 0.270685
31.000000 0.049822 0.358331 0.156073 0.173224 0.307906 0.389702 0.178971 0.270312
31.200000 0.050069 0.358226 0.155977 0.173314 0.307555 0.389744 0.179010 0.270093
31.400000 0.050374 0.357940 0.155981 0.173134 0.307013 0.389642 0.178823 0.269805
31.600000 0.050737 0.357869 0.156003 0.173137 0.307030 0.389698 0.178800 0.269732
31.800000 0.051155 0.357570 0.155993 0.173115 0.306971 0.389453 0.178783 0.269703
32.000000 0.051589 0.357798 0.155981 0.173127 0.306865 0.389622 0.178731 0.269699
32.200000 0.052029 0.357651 0.156041 0.173100 0.307190 0.389408 0.178611 0.269882
32.400000 0.052414 0.357739 0.156031 0.173070 0.307543 0.389580 0.178683 0.269852
32.600000 0.052999 0.357756 0.156087 0.173220 0.308151 0.389444 0.178588 0.270520
32.800000 0.053356 0.357828 0.156101 0.173378 0.308745 0.389568 0.178688 0.270942
33.000000 0.053908 0.358198 0.156187 0.173434 0.309696 0.389530 0.178770 0.271685
33.200000 0.054313 0.358663 0.156113 0.173630 0.310846 0.389692 0.178754 0.272467
33.400000 0.054713 0.359280 0.195048 0.173655 0.312089 0.389417 0.178744 0.273305
33.600000 0.055104 0.359871 0.156122 0.174118 0.313609 0.389581 0.178779 0.274416
33.800000 0.055246 0.360746 0.156246 0.174282 0.315194 0.389423 0.178709 0.275666
34.000000 0.055736 0.362004 0.156174 0.174583 0.316833 0.389444 0.178887 0.276840
34.200000 0.056019 0.363066 0.156391 0.174715 0.318790 0.389413 0.179021 0.278358
34.400000 0.056448 0.364605 0.156366 0.175179 0.321043 0.389538 0.178980 0.279901
34.600000 0.056506 0.366245 0.156435 0.175547 0.323239 0.389561 0.178852 0.281602
34.800000 0.056731 0.368048 0.156450 0.175972 0.325609 0.389700 0.179200 0.283282
35.000000 0.056925 0.370158 0.156689 0.176241 0.328045 0.389462 0.179400 0.285249
35.200000 0.057098 0.372337 0.156626 0.176757 0.330699 0.389666 0.179176 0.287042
35.400000 0.057284 0.374613 0.156605 0.177115 0.333144 0.389646 0.179473 0.288901
35.600000 0.057396 0.376896 0.156882 0.177554 0.335897 0.389640 0.179513 0.291202
35.800000 0.057392 0.379494 0.156907 0.178038 0.338690 0.389611 0.179467 0.293366
36.000000 0.057621 0.382366 0.156977 0.178453 0.341225 0.389557 0.179635 0.295444
36.200000 0.057774 0.385181 0.157154 0.178905 0.344244 0.389704 0.179899 0.297895
36.400000 0.057843 0.388541 0.157312 0.179363 0.347435 0.389696 0.179776 0.300278
36.600000 0.057962 0.391632 0.157442 0.179836 0.350429 0.389574 0.179928 0.302702
36.800000 0.058070 0.394961 0.157399 0.180322 0.353384 0.389847 0.179969 0.304900
37.000000 0.058053 0.398477 0.157654 0.180815 0.356538 0.389630 0.180157 0.307586
37.200000 0.058220 0.402060 0.157917 0.181123 0.359859 0.389767 0.180143 0.310289
37.400000 0.058300 0.405814 0.158045 0.181797 0.363460 0.389838 0.180447 0.313182
37.600000 0.058373 0.411465 0.158193 0.182386 0.368127 0.389988 0.180470 0.316983
37.800000 0.058300 0.415615 0.158259 0.182793 0.371650 0.389872 0.180646 0.319819
38.000000 0.058456 0.419532 0.158445 0.183248 0.374943 0.389790 0.180708 0.322641
38.200000 0.058526 0.423740 0.158584 0.183774 0.378625 0.389887 0.180856 0.325477
38.400000 0.058557 0.427877 0.158531 0.184054 0.382124 0.389915 0.181040 0.328460
38.600000 0.058625 0.432084 0.158797 0.184733 0.385777 0.389925 0.180992 0.331553
38.800000 0.058520 0.436428 0.158893 0.184948 0.389473 0.389963 0.181246 0.334347
39.000000 0.058679 0.440792 0.159073 0.185521 0.393211 0.389971 0.181361 0.337409
39.200000 0.058721 0.445025 0.159178 0.185990 0.396749 0.389894 0.181474 0.340634
39.400000 0.058706 0.449184 0.159269 0.186292 0.400584 0.389921 0.181494 0.343670
39.600000 0.058761 0.453690 0.159242 0.186889 0.404421 0.390038 0.181792 0.346869
39.800000 0.058780 0.458065 0.159657 0.187106 0.408166 0.389995 0.181925 0.350029
40.000000 0.058821 0.462407 0.159658 0.187635 0.412107 0.390125 0.181919 0.353144
40.200000 0.058796 0.466883 0.159801 0.188119 0.415652 0.390185 0.182154 0.356582
40.400000 0.058857 0.471157 0.159941 0.188455 0.419673 0.390222 0.182297 0.359737
40.600000 0.058779 0.475484 0.160061 0.188859 0.423526 0.390212 0.182195 0.363001
40.800000 0.058911 0.479621 0.160131 0.189288 0.427341 0.390252 0.182541 0.366212
41.000000 0.058916 0.484049 0.160240 0.189704 0.431224 0.390240 0.182608 0.369423
41.200000 0.058945 0.488134 0.160447 0.190163 0.434992 0.390282 0.182698 0.372765
41.400000 0.058935 0.492384 0.160517 0.190489 0.438778 0.390427 0.182826 0.376055
41.600000 0.058973 0.496257 0.160717 0.191005 0.442709 0.390235 0.182956 0.379282
41.800000 0.058959 0.500391 0.160697 0.191278 0.446584 0.390366 0.182969 0.382403
42.000000 0.059015 0.504314 0.160791 0.191519 0.450403 0.390182 0.183219 0.385830
42.200000 0.059017 0.508302 0.160858 0.192099 0.454080 0.390469 0.183386 0.389085
42.400000 0.058957 0.512028 0.161056 0.192375 0.457987 0.390464 0.183558 0.392240
42.600000 0.059071 0.515963 0.161270 0.192778 0.461652 0.390324 0.183710 0.395418
42.800000 0.059041 0.519517 0.161229 0.192917 0.465171 0.390223 0.183677 0.398506
43.000000 0.059072 0.523149 0.161315 0.193471 0.469020 0.390541 0.183849 0.401658
43.200000 0.059088 0.526828 0.161325 0.193862 0.472652 0.390522 0.184138 0.404971
43.400000 0.059105 0.530438 0.161544 0.194177 0.476449 0.390618 0.184162 0.408170
43.600000 0.059063 0.533814 0.161678 0.194460 0.480002 0.351701 0.184274 0.411173
43.800000 0.059136 0.537512 0.161721 0.194874 0.483915 0.390752 0.184457 0.414807
44.000000 0.059113 0.542209 0.161762 0.195245 0.488697 0.390681 0.184594 0.418760
44.200000 0.059149 0.545443 0.161944 0.195687 0.492209 0.390758 0.184721 0.421696
44.400000 0.059215 0.548291 0.162133 0.195974 0.495818 0.390629 0.184923 0.424775
44.600000 0.059171 0.551661 0.162152 0.196320 0.499205 0.390585 0.184957 0.427641
44.800000 0.059145 0.554787 0.162063 0.196578 0.502586 0.390726 0.185226 0.430502
45.000000 0.059170 0.557689 0.162171 0.197032 0.505834 0.390829 0.185105 0.433418
45.200000 0.059056 0.560706 0.162393 0.197178 0.509251 0.390928 0.185524 0.436323
45.400000 0.059053 0.563355 0.162414 0.197560 0.512604 0.390794 0.185514 0.439122
45.600000 0.059355 0.566147 0.162620 0.197828 0.515606 0.390824 0.185641 0.441840
45.800000 0.059192 0.568719 0.162625 0.198113 0.519092 0.390944 0.185711 0.444557
46.000000 0.059211 0.571444 0.162702 0.198430 0.522045 0.390813 0.185876 0.447265
46.200000 0.059172 0.574027 0.162568 0.198572 0.525326 0.391076 0.185983 0.449975
46.400000 0.059217 0.576756 0.162980 0.198851 0.528628 0.391117 0.186249 0.452852
46.600000 0.059244 0.579219 0.162865 0.199404 0.531700 0.391110 0.186276 0.455465
46.800000 0.059116 0.581630 0.162919 0.199463 0.534760 0.391163 0.186354 0.458102
47.000000 0.059281 0.583807 0.163013 0.199991 0.537762 0.391186 0.186614 0.460648
47.200000 0.059255 0.586394 0.163053 0.199967 0.540674 0.391220 0.186555 0.463171
47.400000 0.059260 0.588379 0.163160 0.200394 0.543549 0.391090 0.186852 0.465566
47.600000 0.059283 0.590699 0.163221 0.200714 0.546613 0.391164 0.186956 0.468082
47.800000 0.059266 0.592679 0.163338 0.201054 0.549275 0.391355 0.187159 0.470714
48.000000 0.059263 0.594822 0.163310 0.201124 0.552282 0.391303 0.187346 0.472839
48.200000 0.059269 0.596917 0.163275 0.201533 0.554890 0.391363 0.187315 0.475258
48.400000 0.059290 0.598759 0.163462 0.201757 0.557601 0.391347 0.187441 0.477553
48.600000 0.059271 0.600846 0.163566 0.202134 0.560323 0.391237 0.187450 0.479790
48.800000 0.059303 0.602599 0.163711 0.202261 0.563118 0.391389 0.187692 0.481995
49.000000 0.059310 0.604525 0.163544 0.202576 0.565667 0.391513 0.187738 0.484300
49.200000 0.059290 0.606147 0.163866 0.202652 0.568377 0.391319 0.187891 0.486362
49.400000 0.059322 0.608150 0.163595 0.203093 0.570886 0.391687 0.188128 0.488620
49.600000 0.059285 0.609598 0.163465 0.203221 0.573353 0.391528 0.188147 0.490484
49.800000 0.059317 0.611302 0.163731 0.203655 0.575739 0.391617 0.188334 0.492747
50.000000 0.059299 0.612848 0.163950 0.203787 0.578459 0.391574 0.188572 0.494711
50.200000 0.059309 0.614890 0.163927 0.204135 0.581217 0.391550 0.188640 0.497373
50.400000 0.059321 0.616451 0.163884 0.204347 0.583699 0.391739 0.188807 0.499368
50.600000 0.059305 0.617685 0.163943 0.204738 0.586164 0.391758 0.188935 0.501378
50.800000 0.059326 0.619211 0.164135 0.204839 0.588546 0.391818 0.188779 0.503314
51.000000 0.059328 0.620616 0.164157 0.205020 0.590753 0.391808 0.189188 0.505102
51.200000 0.059345 0.622039 0.164086 0.205343 0.593027 0.391786 0.189422 0.506966
51.400000 0.059330 0.623239 0.164268 0.205503 0.595368 0.391830 0.189430 0.508872
51.600000 0.059331 0.624530 0.164292 0.205800 0.597452 0.391907 0.189518 0.510716
51.800000 0.059342 0.625848 0.164311 0.205848 0.599532 0.392061 0.189813 0.512171
52.000000 0.059226 0.626867 0.164388 0.206236 0.601778 0.391925 0.189667 0.514084
52.200000 0.059226 0.628268 0.164292 0.206397 0.603727 0.391884 0.189896 0.515952
52.400000 0.059366 0.629402 0.164537 0.206789 0.605815 0.392112 0.190042 0.517673
52.600000 0.059505 0.630391 0.164623 0.206869 0.607930 0.392119 0.190215 0.519276
52.800000 0.059366 0.631336 0.164501 0.206927 0.610038 0.392107 0.190305 0.520790
53.000000 0.059218 0.632549 0.164772 0.207142 0.611739 0.392134 0.190545 0.522369
53.200000 0.059324 0.633631 0.164369 0.207368 0.613909 0.392157 0.190442 0.523858
53.400000 0.059397 0.634353 0.164594 0.207723 0.615782 0.392223 0.190709 0.525634
53.600000 0.059393 0.635272 0.164720 0.207918 0.617610 0.392175 0.190877 0.527164
53.800000 0.059395 0.636438 0.164758 0.208115 0.619533 0.392224 0.190889 0.528550
54.000000 0.059379 0.637295 0.164668 0.208161 0.621228 0.392186 0.191178 0.530041
54.200000 0.059369 0.638198 0.164727 0.208559 0.623127 0.392443 0.191217 0.531356
54.400000 0.059236 0.638787 0.164813 0.208751 0.624648 0.392363 0.191330 0.532723
54.600000 0.059435 0.639771 0.164910 0.208918 0.626577 0.392363 0.191439 0.534127
54.800000 0.059226 0.640493 0.164977 0.209081 0.628094 0.392447 0.191553 0.535560
55.000000 0.059403 0.641312 0.165008 0.209301 0.629996 0.392327 0.191538 0.536940
55.200000 0.059394 0.642046 0.164878 0.209210 0.631453 0.392447 0.191773 0.538042
55.400000 0.059420 0.642842 0.164969 0.209799 0.633233 0.392514 0.191913 0.539544
55.600000 0.059384 0.643489 0.165034 0.209909 0.634783 0.392502 0.192034 0.540759
55.800000 0.059385 0.644161 0.165097 0.209990 0.636169 0.392507 0.192016 0.541876
56.000000 0.059460 0.644752 0.165113 0.210217 0.637552 0.392599 0.192132 0.543146
56.200000 0.059390 0.645486 0.165100 0.210490 0.639349 0.392636 0.192364 0.544344
56.400000 0.059391 0.646146 0.165108 0.210570 0.641055 0.392709 0.192467 0.545646
56.600000 0.059383 0.646651 0.165249 0.210799 0.642553 0.392494 0.192674 0.546590
56.800000 0.059336 0.647179 0.165208 0.210875 0.643967 0.392725 0.192746 0.547646
57.000000 0.059404 0.647792 0.165128 0.211306 0.645390 0.392743 0.193020 0.548969
57.200000 0.059428 0.648279 0.164968 0.211464 0.646707 0.392658 0.192967 0.549938
57.400000 0.059417 0.648928 0.165132 0.211587 0.648043 0.392882 0.193087 0.551010
57.600000 0.059406 0.649356 0.165312 0.211720 0.649545 0.392882 0.193301 0.552113
57.800000 0.059403 0.649838 0.165322 0.211882 0.650771 0.392865 0.193460 0.553272
58.000000 0.059432 0.650391 0.165521 0.212118 0.651883 0.392865 0.193394 0.554195
58.200000 0.059432 0.650684 0.165429 0.212126 0.653290 0.392976 0.193582 0.555024
58.400000 0.059378 0.651369 0.165305 0.212269 0.654388 0.392962 0.193690 0.556119
58.600000 0.059404 0.651778 0.165511 0.212508 0.655726 0.393134 0.193825 0.556967
58.800000 0.059423 0.652086 0.165535 0.212841 0.656955 0.393010 0.193828 0.557745
59.000000 0.059429 0.652508 0.165538 0.212925 0.657728 0.392779 0.193855 0.558719
59.200000 0.059279 0.652946 0.165701 0.213098 0.659297 0.393186 0.194227 0.559723
59.400000 0.059417 0.653261 0.165539 0.213195 0.660538 0.393050 0.194253 0.560578
59.600000 0.059380 0.653426 0.165514 0.213429 0.661608 0.393074 0.194366 0.561263
59.800000 0.059376 0.654013 0.165551 0.213652 0.662723 0.393190 0.194308 0.562279
60.000000 0.059472 0.654297 0.165656 0.213704 0.663686 0.393022 0.194570 0.563081
60.200000 0.059490 0.654731 0.165637 0.213819 0.664747 0.393293 0.194660 0.563887
60.400000 0.059437 0.655002 0.165595 0.213951 0.665759 0.393337 0.194708 0.564648
60.600000 0.059403 0.655215 0.165575 0.214208 0.666897 0.393353 0.194998 0.565434
60.800000 0.059437 0.655556 0.165680 0.214377 0.667839 0.393309 0.194868 0.566169
61.000000 0.059426 0.656042 0.165583 0.214427 0.668816 0.393219 0.195134 0.566934
61.200000 0.059430 0.656162 0.165759 0.214592 0.669944 0.393379 0.195222 0.567518
61.400000 0.059401 0.656484 0.165746 0.214986 0.670892 0.393471 0.195301 0.568483
61.600000 0.059456 0.656751 0.165560 0.214696 0.671756 0.393403 0.195431 0.569144
61.800000 0.059496 0.657195 0.165775 0.215165 0.672736 0.393449 0.195514 0.569720
62.000000 0.059447 0.657499 0.165837 0.215181 0.673620 0.393507 0.195532 0.570492
62.200000 0.059382 0.657621 0.165771 0.215337 0.674413 0.393400 0.195695 0.570994
62.400000 0.059494 0.657941 0.165878 0.215552 0.675507 0.393695 0.195945 0.571796
62.600000 0.059457 0.658326 0.165745 0.215875 0.676667 0.393621 0.196067 0.572556
62.800000 0.059401 0.658338 0.165850 0.215906 0.677467 0.393589 0.196016 0.573097
63.000000 0.059472 0.658604 0.165729 0.215934 0.678333 0.393551 0.196208 0.573969
63.200000 0.059446 0.658787 0.166001 0.216337 0.679230 0.393738 0.196358 0.574595
63.400000 0.059424 0.659186 0.165937 0.216448 0.679937 0.393691 0.196254 0.575193
63.600000 0.059428 0.659251 0.165899 0.216564 0.680744 0.393716 0.196497 0.575616
63.800000 0.059452 0.659481 0.165932 0.216804 0.681707 0.393424 0.196604 0.576238
64.000000 0.059444 0.659554 0.165916 0.216849 0.682344 0.393952 0.196733 0.576893
64.200000 0.059455 0.659852 0.165893 0.216834 0.682995 0.393826 0.196737 0.577341
64.400000 0.059456 0.659987 0.165883 0.217191 0.683817 0.393952 0.196922 0.577728
64.600000 0.059435 0.660139 0.166004 0.217151 0.684441 0.393856 0.197141 0.578347
64.800000 0.059492 0.660361 0.165977 0.217397 0.685208 0.393872 0.197089 0.578866
65.000000 0.059431 0.660551 0.166050 0.217525 0.685961 0.393913 0.197214 0.579472
65.200000 0.059448 0.660723 0.166139 0.217411 0.686473 0.393840 0.197135 0.579891
65.400000 0.059457 0.660973 0.165979 0.217830 0.687345 0.394113 0.197414 0.580359
65.600000 0.059280 0.661107 0.166069 0.217919 0.688154 0.393902 0.197505 0.580789
65.800000 0.059472 0.661261 0.166075 0.218080 0.688761 0.394234 0.197597 0.581325
66.000000 0.059449 0.661201 0.166158 0.218238 0.689249 0.394086 0.197711 0.581709
66.200000 0.059472 0.661409 0.166159 0.218298 0.689865 0.393934 0.197889 0.582263
66.400000 0.059460 0.661492 0.166001 0.218498 0.690468 0.394079 0.197780 0.582590
66.600000 0.059471 0.661489 0.166287 0.218532 0.691106 0.394062 0.198004 0.583106
66.800000 0.059401 0.661694 0.166101 0.218722 0.691595 0.394192 0.197961 0.583406
67.000000 0.059447 0.662047 0.166172 0.218771 0.692294 0.394111 0.198202 0.584052
67.200000 0.059450 0.661970 0.166152 0.218860 0.692709 0.394144 0.198256 0.584384
67.400000 0.059388 0.662133 0.166100 0.218989 0.693407 0.394279 0.198403 0.584746
67.600000 0.059440 0.662295 0.166211 0.219216 0.693832 0.394173 0.198505 0.585039
67.800000 0.059441 0.662374 0.166199 0.219381 0.694527 0.394188 0.198590 0.585456
68.000000 0.059211 0.662308 0.166258 0.219486 0.695018 0.394423 0.198603 0.585921
68.200000 0.059451 0.662685 0.166094 0.219578 0.695493 0.394364 0.198695 0.586274
68.400000 0.059471 0.662558 0.166249 0.219677 0.695997 0.394301 0.198794 0.586613
68.600000 0.059460 0.662565 0.166299 0.219732 0.696684 0.394352 0.198694 0.586863
68.800000 0.059465 0.662824 0.166254 0.219933 0.697044 0.394494 0.198997 0.587233
69.000000 0.059481 0.662943 0.166309 0.220138 0.697609 0.394485 0.199224 0.587637
69.200000 0.059468 0.663133 0.166258 0.220037 0.698069 0.394543 0.199245 0.588046
69.400000 0.059389 0.663148 0.166296 0.220488 0.698494 0.394570 0.199260 0.588116
69.600000 0.059458 0.663058 0.166315 0.220533 0.698858 0.394588 0.199538 0.588814
69.800000 0.059443 0.662952 0.166289 0.220618 0.699407 0.394489 0.199421 0.588962
70.000000 0.059471 0.663447 0.166343 0.220677 0.700007 0.394738 0.199560 0.589235
70.200000 0.059456 0.663307 0.166169 0.220871 0.700414 0.394593 0.199477 0.589684
70.400000 0.059462 0.663580 0.166428 0.220800 0.700860 0.394840 0.199615 0.589767
70.600000 0.059449 0.663592 0.166323 0.221020 0.701267 0.394738 0.199824 0.590185
70.800000 0.059466 0.663506 0.166372 0.221146 0.701565 0.394623 0.199910 0.590491
71.000000 0.059417 0.663601 0.166472 0.221398 0.701914 0.394619 0.199958 0.590658
71.200000 0.059451 0.663465 0.166330 0.221286 0.702410 0.394881 0.199921 0.590956
71.400000 0.059325 0.663499 0.166411 0.221548 0.702805 0.394803 0.200093 0.591192
71.600000 0.059435 0.663704 0.166422 0.221624 0.664185 0.394818 0.199927 0.591359
71.800000 0.059447 0.663673 0.166586 0.221563 0.703634 0.394953 0.200196 0.591661
72.000000 0.059447 0.663640 0.166427 0.221846 0.703787 0.394779 0.200382 0.591953
72.200000 0.059439 0.663860 0.166592 0.221990 0.704231 0.394919 0.200543 0.591924
72.400000 0.059439 0.663857 0.166439 0.222060 0.704761 0.395042 0.200487 0.592432
72.600000 0.059251 0.663671 0.166452 0.222091 0.704923 0.394815 0.200606 0.592555
72.800000 0.059451 0.663983 0.166345 0.222091 0.705555 0.395005 0.200744 0.592826
73.000000 0.059448 0.663996 0.166446 0.222377 0.705627 0.394979 0.200806 0.593068
73.200000 0.059465 0.663927 0.166351 0.222578 0.705883 0.395033 0.200865 0.593305
73.400000 0.059443 0.703080 0.166387 0.222499 0.706220 0.395141 0.200837 0.593501
73.600000 0.059383 0.663911 0.166591 0.222689 0.706608 0.395052 0.201146 0.593769
73.800000 0.059469 0.664213 0.166472 0.222746 0.707026 0.395105 0.200983 0.593768
74.000000 0.059437 0.663961 0.166475 0.222835 0.707277 0.395148 0.201111 0.594028
74.200000 0.059439 0.664105 0.166355 0.223075 0.707652 0.395135 0.201229 0.594190
74.400000 0.059490 0.664311 0.166597 0.223187 0.707922 0.395067 0.201401 0.594506
74.600000 0.059474 0.703016 0.166612 0.223272 0.708295 0.395061 0.201314 0.594698
74.800000 0.059468 0.664386 0.166541 0.223319 0.708602 0.395284 0.201492 0.594829
75.000000 0.059472 0.664133 0.166392 0.223282 0.708899 0.395217 0.201628 0.595101
75.200000 0.059496 0.664202 0.166511 0.223534 0.709155 0.395375 0.201694 0.595372
75.400000 0.059478 0.664343 0.166482 0.223660 0.709371 0.395331 0.201817 0.595492
75.600000 0.059442 0.664210 0.166526 0.223733 0.709534 0.395231 0.201762 0.595674
75.800000 0.059441 0.664079 0.166451 0.223674 0.709543 0.395254 0.201985 0.595746
76.000000 0.059470 0.664278 0.166482 0.223987 0.710127 0.395383 0.201809 0.596091
76.200000 0.059466 0.664319 0.166566 0.223865 0.710384 0.395368 0.202068 0.596052
76.400000 0.059409 0.664478 0.166550 0.224239 0.710494 0.395442 0.202124 0.596392
76.600000 0.059456 0.664226 0.166598 0.224178 0.710989 0.395503 0.202122 0.596457
76.800000 0.059477 0.664070 0.166487 0.224269 0.711184 0.395355 0.202258 0.596554
77.000000 0.059364 0.664331 0.166577 0.224422 0.711101 0.395472 0.202152 0.596834
77.200000 0.059394 0.664367 0.166596 0.224356 0.711601 0.395507 0.202358 0.596961
77.400000 0.059480 0.664354 0.166486 0.224518 0.711866 0.395532 0.202475 0.596953
77.600000 0.059450 0.664405 0.166504 0.224686 0.712159 0.395327 0.202512 0.597317
77.800000 0.059441 0.664433 0.166568 0.224771 0.712456 0.395622 0.202594 0.597242
78.000000 0.059475 0.664488 0.166642 0.224971 0.712485 0.395513 0.202738 0.597313
78.200000 0.059471 0.664503 0.166728 0.224947 0.712663 0.395643 0.202701 0.597503
78.400000 0.059638 0.664380 0.166727 0.224964 0.712999 0.395594 0.202800 0.597816
78.600000 0.059476 0.664417 0.166619 0.225175 0.713105 0.395531 0.202830 0.597853
78.800000 0.059457 0.664489 0.166473 0.225082 0.713204 0.395737 0.202953 0.597943
79.000000 0.059478 0.664530 0.166583 0.225084 0.713526 0.395547 0.202969 0.598078
79.200000 0.059501 0.664570 0.166752 0.225379 0.713955 0.395952 0.203110 0.598213
79.400000 0.059608 0.664660 0.166682 0.225388 0.714109 0.395888 0.203236 0.598332
79.600000 0.059528 0.664430 0.166512 0.225609 0.714105 0.395760 0.203122 0.598539
79.800000 0.059224 0.664417 0.166537 0.225740 0.714473 0.395834 0.203378 0.598651
80.000000 0.059474 0.664635 0.166767 0.225791 0.714484 0.395908 0.203524 0.598752
80.200000 0.059460 0.664524 0.166494 0.225919 0.714871 0.395939 0.203521 0.598859
80.400000 0.059360 0.664394 0.166746 0.225832 0.714995 0.396080 0.203489 0.599112
80.600000 0.059464 0.664600 0.166674 0.226019 0.715216 0.395944 0.203613 0.599163
80.800000 0.059618 0.664634 0.166675 0.226008 0.715208 0.395893 0.203644 0.599194
81.000000 0.059651 0.664642 0.166703 0.226164 0.715556 0.396089 0.203596 0.599352
81.200000 0.059485 0.664534 0.166646 0.226282 0.715701 0.395994 0.203739 0.599499
81.400000 0.059502 0.664594 0.166752 0.226410 0.715863 0.396080 0.203713 0.599434
81.600000 0.059449 0.664759 0.166760 0.226455 0.715812 0.396061 0.203738 0.599592
81.800000 0.059497 0.664664 0.166651 0.226739 0.716166 0.396102 0.203904 0.599594
82.000000 0.059600 0.664677 0.166704 0.226511 0.716536 0.396110 0.203983 0.599760
82.200000 0.059454 0.664581 0.166862 0.226686 0.716376 0.395969 0.204124 0.599694
82.400000 0.059410 0.664538 0.166705 0.226743 0.716686 0.396165 0.204070 0.600078
82.600000 0.059469 0.664765 0.166659 0.226872 0.716651 0.396171 0.204158 0.600001
82.800000 0.059441 0.664589 0.166751 0.226674 0.716960 0.396215 0.204033 0.600078
83.000000 0.059454 0.664617 0.166724 0.226913 0.716997 0.396255 0.204246 0.600002
83.200000 0.059449 0.664809 0.166430 0.226991 0.717142 0.396250 0.204431 0.600224
83.400000 0.059456 0.664498 0.166522 0.227186 0.717260 0.396240 0.204397 0.600313
83.600000 0.059451 0.664544 0.166758 0.227083 0.717460 0.396159 0.204464 0.600431
83.800000 0.059440 0.664569 0.166726 0.227289 0.717539 0.396340 0.204309 0.600384
84.000000 0.059463 0.664597 0.166729 0.227395 0.717471 0.396374 0.204603 0.600513
84.200000 0.059440 0.664469 0.166674 0.227468 0.717923 0.396347 0.204595 0.600579
84.400000 0.059468 0.664520 0.166878 0.227498 0.717788 0.396373 0.204740 0.600642
84.600000 0.059443 0.664396 0.166715 0.227556 0.717918 0.396335 0.204650 0.600722
84.800000 0.059494 0.664618 0.166756 0.227554 0.718023 0.396400 0.204718 0.600779
85.000000 0.059499 0.664669 0.166898 0.227777 0.718100 0.396571 0.204640 0.600994
85.200000 0.059471 0.664372 0.166626 0.227793 0.718381 0.396395 0.204784 0.600824
85.400000 0.059453 0.664597 0.166759 0.228114 0.718438 0.396332 0.204862 0.600996
85.600000 0.059481 0.664522 0.166919 0.227829 0.718576 0.396711 0.204979 0.600972
85.800000 0.059423 0.664298 0.166761 0.228066 0.718554 0.396435 0.204910 0.600936
86.000000 0.059367 0.664498 0.166736 0.228073 0.718760 0.396539 0.204853 0.601118
86.200000 0.059463 0.664484 0.166649 0.228171 0.718893 0.396719 0.205092 0.601217
86.400000 0.059451 0.664481 0.166639 0.228182 0.718901 0.396636 0.205169 0.601265
86.600000 0.059485 0.664591 0.166783 0.228296 0.719128 0.396690 0.205157 0.601399
86.800000 0.059515 0.664604 0.166847 0.228314 0.719156 0.396689 0.205281 0.601448
87.000000 0.059499 0.664547 0.166839 0.228292 0.719314 0.396670 0.205333 0.601442
87.200000 0.059661 0.664378 0.166836 0.228528 0.719529 0.396648 0.205363 0.601557
87.400000 0.059364 0.664477 0.166901 0.228583 0.719403 0.396582 0.205494 0.601565
87.600000 0.059470 0.664426 0.166889 0.228397 0.719315 0.396665 0.205634 0.601629
87.800000 0.059366 0.664385 0.166848 0.228734 0.719653 0.396684 0.205537 0.601754
88.000000 0.059391 0.664502 0.166782 0.228855 0.720056 0.396745 0.205599 0.601751
88.200000 0.059522 0.664605 0.166801 0.228757 0.719884 0.396740 0.205583 0.601736
88.400000 0.059644 0.664515 0.166782 0.228905 0.719918 0.396773 0.205557 0.601873
88.600000 0.059478 0.664373 0.166876 0.229164 0.720162 0.396828 0.205811 0.601909
88.800000 0.059369 0.664502 0.166898 0.229100 0.720255 0.396960 0.205778 0.601866
89.000000 0.059506 0.664392 0.166839 0.229112 0.720299 0.396856 0.205735 0.601665
89.200000 0.059454 0.664356 0.166630 0.229173 0.720276 0.396825 0.205817 0.601896
89.400000 0.059437 0.664453 0.166826 0.229330 0.720512 0.396766 0.205746 0.602059
89.600000 0.059499 0.664449 0.166791 0.229304 0.720530 0.397012 0.205910 0.602197
89.800000 0.059492 0.664423 0.166509 0.229377 0.720458 0.396954 0.205961 0.602251
90.000000 0.059369 0.664465 0.166714 0.229343 0.720707 0.396925 0.206029 0.602338
