0.200000 0.193319 0.368960 0.139289 0.152652 0.373472 0.525770 0.172813 0.312277
0.400000 0.193117 0.368152 0.139128 0.152574 0.371553 0.525485 0.172529 0.310890
0.600000 0.193157 0.367619 0.138914 0.152350 0.370569 0.525286 0.172355 0.310262
0.800000 0.193124 0.367262 0.138958 0.152201 0.369557 0.525196 0.172102 0.309533
1.000000 0.193057 0.366797 0.138904 0.152174 0.368631 0.524961 0.171916 0.308745
1.200000 0.193147 0.366384 0.138734 0.152268 0.367509 0.524971 0.171614 0.307963
1.400000 0.192999 0.366056 0.138773 0.151981 0.366470 0.524821 0.171322 0.307227
1.600000 0.192947 0.365452 0.138787 0.151872 0.365527 0.524624 0.171010 0.306388
1.800000 0.192897 0.365013 0.138748 0.151893 0.364425 0.524575 0.170906 0.305898
2.000000 0.192866 0.364760 0.138616 0.151970 0.363380 0.524412 0.170725 0.305112
2.200000 0.192794 0.364340 0.138798 0.151619 0.362539 0.524326 0.170534 0.304351
2.400000 0.192818 0.363997 0.138642 0.151394 0.361391 0.524421 0.170335 0.303646
2.600000 0.192750 0.363599 0.138667 0.151441 0.360419 0.524177 0.170128 0.302805
2.800000 0.192656 0.363069 0.138537 0.151235 0.359459 0.523986 0.169688 0.302074
3.000000 0.192618 0.362820 0.138488 0.151074 0.358567 0.523976 0.169528 0.301385
3.200000 0.192608 0.362256 0.138450 0.151204 0.357648 0.523756 0.169499 0.300735
3.400000 0.192610 0.362006 0.138617 0.150974 0.356469 0.523681 0.169266 0.300061
3.600000 0.192711 0.361585 0.138478 0.151202 0.355757 0.523559 0.169058 0.299375
3.800000 0.192552 0.361234 0.138467 0.150921 0.354842 0.523397 0.168763 0.298682
4.000000 0.192491 0.361012 0.138468 0.150760 0.353986 0.523373 0.168713 0.297863
4.200000 0.192313 0.360553 0.138395 0.150675 0.352963 0.523107 0.168477 0.297291
4.400000 0.192388 0.360059 0.138355 0.150670 0.352117 0.523191 0.168116 0.296621
4.600000 0.192362 0.359688 0.138254 0.150546 0.351249 0.523046 0.168053 0.295992
4.800000 0.192462 0.359352 0.138366 0.150527 0.350426 0.522898 0.168068 0.295330
5.000000 0.192285 0.358925 0.138348 0.150331 0.349519 0.522772 0.167660 0.294516
5.200000 0.192410 0.358695 0.138288 0.150438 0.348399 0.522547 0.167509 0.294092
5.400000 0.192216 0.358185 0.138343 0.150202 0.347667 0.522311 0.167176 0.293399
5.600000 0.192197 0.357667 0.138184 0.150287 0.346707 0.522557 0.167112 0.292754
5.800000 0.192187 0.357569 0.138145 0.150238 0.346000 0.522317 0.166895 0.292109
6.000000 0.192094 0.357314 0.138112 0.150059 0.344979 0.522118 0.166727 0.291564
6.200000 0.192017 0.356640 0.138211 0.149798 0.344221 0.521959 0.166484 0.290970
6.400000 0.192056 0.356520 0.137970 0.149876 0.343176 0.521959 0.166432 0.290108
6.600000 0.192003 0.356106 0.138013 0.149806 0.342175 0.521729 0.166133 0.289407
6.800000 0.192105 0.355790 0.137821 0.149538 0.341058 0.521565 0.165865 0.288795
7.000000 0.191896 0.355243 0.137878 0.149419 0.340557 0.521683 0.165612 0.288184
7.200000 0.191868 0.355060 0.137890 0.149659 0.339735 0.521486 0.165503 0.287544
7.400000 0.191854 0.354617 0.137907 0.149385 0.338837 0.521368 0.165350 0.286778
7.600000 0.191860 0.354384 0.137895 0.149534 0.338226 0.521224 0.165172 0.286379
7.800000 0.191636 0.353945 0.137830 0.149354 0.337301 0.521077 0.165005 0.285764
8.000000 0.191774 0.353790 0.137814 0.149299 0.336473 0.520926 0.164844 0.285206
8.200000 0.191752 0.353375 0.137914 0.149124 0.335546 0.520715 0.164725 0.284659
8.400000 0.191708 0.353119 0.137874 0.148978 0.335082 0.520750 0.164629 0.284102
8.600000 0.191709 0.352706 0.137644 0.148944 0.334225 0.520591 0.164195 0.283501
8.800000 0.191675 0.352421 0.137699 0.149037 0.333405 0.520186 0.164151 0.282990
9.000000 0.191627 0.352029 0.137648 0.148907 0.332749 0.520387 0.163892 0.282324
9.200000 0.191602 0.351776 0.137768 0.148819 0.331962 0.520217 0.163845 0.281698
9.400000 0.191497 0.351482 0.137575 0.148651 0.331229 0.519981 0.163660 0.281352
9.600000 0.191554 0.351390 0.137762 0.148705 0.330549 0.520079 0.163577 0.280834
9.800000 0.191505 0.350888 0.137587 0.148638 0.329752 0.519996 0.163413 0.280296
10.000000 0.191482 0.350781 0.137572 0.148560 0.328763 0.519676 0.163198 0.279746
10.200000 0.191411 0.350279 0.137386 0.148599 0.328277 0.519683 0.163068 0.279331
10.400000 0.191397 0.350115 0.137594 0.148593 0.327839 0.519484 0.162922 0.278744
10.600000 0.191435 0.349732 0.137572 0.148325 0.326973 0.519426 0.162719 0.278077
10.800000 0.191405 0.349536 0.137523 0.148348 0.326160 0.519375 0.162619 0.277767
11.000000 0.191063 0.349190 0.137513 0.148337 0.325565 0.519115 0.162283 0.277183
11.200000 0.191310 0.348863 0.137458 0.148181 0.324774 0.519048 0.162138 0.276512
11.400000 0.191343 0.348792 0.137538 0.148104 0.324224 0.518920 0.162114 0.276150
11.600000 0.191231 0.348142 0.137293 0.148135 0.323340 0.518754 0.161932 0.275658
11.800000 0.191203 0.348050 0.137460 0.148267 0.322975 0.518757 0.161837 0.275243
12.000000 0.191336 0.347825 0.137411 0.147906 0.322157 0.518513 0.161605 0.274705
12.200000 0.191059 0.347571 0.137472 0.147926 0.321440 0.518345 0.161512 0.274190
12.400000 0.191170 0.347322 0.137312 0.147728 0.320832 0.518467 0.161291 0.273760
12.600000 0.191120 0.346868 0.137309 0.147651 0.319859 0.518093 0.161139 0.272985
12.800000 0.191119 0.346632 0.137306 0.147722 0.319477 0.518493 0.160995 0.272715
13.000000 0.191171 0.346466 0.137191 0.147852 0.318822 0.518085 0.160977 0.272230
13.200000 0.191121 0.346158 0.137255 0.147602 0.318154 0.517995 0.160760 0.271860
13.400000 0.191069 0.345917 0.137180 0.147595 0.317729 0.517865 0.160769 0.271438
13.600000 0.191063 0.345758 0.137254 0.147402 0.316934 0.517816 0.160585 0.270914
13.800000 0.190931 0.345547 0.137203 0.147503 0.316570 0.517581 0.160480 0.270563
14.000000 0.190861 0.345160 0.137326 0.147367 0.315898 0.517479 0.160366 0.270162
14.200000 0.190976 0.344965 0.137066 0.147378 0.315537 0.517235 0.160152 0.269555
14.400000 0.190818 0.344738 0.137189 0.147256 0.314745 0.517341 0.159931 0.269432
14.600000 0.190979 0.344651 0.137286 0.147121 0.314196 0.517079 0.159992 0.268919
14.800000 0.190934 0.344373 0.137112 0.147334 0.313742 0.517065 0.159851 0.268456
15.000000 0.190934 0.344100 0.137085 0.147100 0.313063 0.517059 0.159718 0.267990
15.200000 0.190889 0.343809 0.137115 0.146998 0.312679 0.516893 0.159577 0.267712
15.400000 0.190853 0.343441 0.137094 0.147061 0.312113 0.516696 0.159479 0.267188
15.600000 0.190852 0.343163 0.137160 0.147152 0.311692 0.516793 0.159349 0.266891
15.800000 0.190853 0.343321 0.136895 0.146952 0.311046 0.516606 0.159182 0.266460
16.000000 0.190807 0.342951 0.137107 0.146933 0.310468 0.516460 0.159026 0.265965
16.200000 0.190794 0.342693 0.136946 0.146838 0.309777 0.516396 0.158964 0.265728
16.400000 0.190765 0.342486 0.137141 0.146775 0.309410 0.515982 0.158873 0.265407
16.600000 0.190781 0.342165 0.137007 0.146809 0.308727 0.516188 0.158738 0.264955
16.800000 0.190589 0.341836 0.136752 0.146695 0.308234 0.515888 0.158690 0.264506
17.000000 0.190681 0.341869 0.136959 0.146667 0.307789 0.515823 0.158518 0.264239
17.200000 0.190536 0.341413 0.136768 0.146613 0.307301 0.515767 0.158259 0.263735
17.400000 0.190633 0.341490 0.136887 0.146537 0.306668 0.515643 0.158268 0.263328
17.600000 0.190585 0.341064 0.136757 0.146515 0.306367 0.515518 0.158223 0.263040
17.800000 0.190626 0.340980 0.137095 0.146541 0.305768 0.515515 0.158024 0.262664
18.000000 0.190727 0.340723 0.136886 0.146461 0.305250 0.515422 0.157951 0.262264
18.200000 0.190567 0.340555 0.136859 0.146357 0.304610 0.515347 0.157685 0.261888
18.400000 0.190545 0.340292 0.136781 0.146295 0.304409 0.515161 0.157720 0.261506
18.600000 0.190516 0.340242 0.136806 0.146265 0.303783 0.514994 0.157602 0.261167
18.800000 0.190532 0.340001 0.137004 0.146467 0.303332 0.515054 0.157580 0.260844
19.000000 0.190431 0.339539 0.136772 0.146254 0.302700 0.514728 0.157338 0.260127
19.200000 0.190555 0.339412 0.136626 0.146116 0.302272 0.514637 0.157283 0.259754
19.400000 0.190366 0.339163 0.136679 0.146117 0.301341 0.514374 0.156889 0.259444
19.600000 0.190411 0.338998 0.136526 0.145887 0.301180 0.514525 0.157143 0.259215
19.800000 0.190406 0.338783 0.136868 0.146148 0.300639 0.514247 0.156922 0.259056
20.000000 0.190402 0.338706 0.136666 0.145999 0.300288 0.514336 0.156778 0.258607
20.200000 0.190356 0.338441 0.136740 0.145974 0.299723 0.514053 0.156774 0.258188
20.400000 0.190339 0.338272 0.136787 0.146010 0.299301 0.514096 0.156721 0.257807
20.600000 0.190281 0.337957 0.136650 0.145842 0.298656 0.513806 0.156573 0.257428
20.800000 0.190306 0.337816 0.136628 0.145836 0.298369 0.513884 0.156480 0.257170
21.000000 0.190136 0.337557 0.136571 0.145776 0.297949 0.513641 0.156437 0.256881
21.200000 0.190271 0.337441 0.136488 0.145756 0.297422 0.513519 0.156294 0.256432
21.400000 0.190254 0.337251 0.136479 0.145686 0.296993 0.513544 0.156130 0.256165
21.600000 0.190232 0.337087 0.136573 0.145731 0.296565 0.513379 0.156091 0.255930
21.800000 0.190232 0.336863 0.136684 0.145668 0.296044 0.513245 0.155994 0.255567
22.000000 0.190141 0.336590 0.136661 0.145704 0.295478 0.513128 0.155888 0.255039
22.200000 0.190270 0.336430 0.136453 0.145502 0.295160 0.513055 0.155895 0.254696
22.400000 0.190164 0.336427 0.136432 0.145514 0.294907 0.513133 0.155703 0.254501
22.600000 0.189989 0.336031 0.136539 0.145422 0.294197 0.512894 0.155579 0.254195
22.800000 0.190066 0.335903 0.136479 0.145382 0.293756 0.512600 0.155306 0.253774
23.000000 0.190065 0.335838 0.136436 0.145338 0.293376 0.512813 0.155435 0.253584
23.200000 0.190084 0.335609 0.136436 0.145386 0.293000 0.512676 0.155245 0.253222
23.400000 0.190013 0.335293 0.136375 0.145313 0.292562 0.512416 0.155243 0.252849
23.600000 0.190004 0.335369 0.136467 0.145412 0.292144 0.512288 0.155121 0.252484
23.800000 0.189992 0.335036 0.136381 0.145212 0.291694 0.512263 0.154915 0.252298
24.000000 0.190113 0.334708 0.136274 0.145139 0.291157 0.512173 0.154997 0.252019
24.200000 0.189847 0.334666 0.136267 0.145101 0.290907 0.511859 0.154911 0.251516
24.400000 0.189918 0.334481 0.136437 0.145195 0.290468 0.511900 0.154791 0.251412
24.600000 0.189821 0.334459 0.136304 0.145105 0.290217 0.511873 0.154732 0.251138
24.800000 0.189964 0.334210 0.136353 0.145097 0.289702 0.511923 0.154825 0.250807
25.000000 0.189890 0.333937 0.136473 0.145003 0.289253 0.511727 0.154499 0.250405
25.200000 0.189856 0.333792 0.136362 0.145404 0.288737 0.511504 0.154509 0.250119
25.400000 0.189852 0.333522 0.136350 0.145054 0.288391 0.511243 0.154472 0.249894
25.600000 0.189846 0.333540 0.136353 0.144895 0.287805 0.511290 0.154291 0.249518
25.800000 0.189687 0.333076 0.136306 0.144849 0.287505 0.511176 0.154206 0.249245
26.000000 0.189944 0.332980 0.136339 0.144683 0.287192 0.510941 0.154212 0.248926
26.200000 0.189758 0.332891 0.136327 0.144770 0.286834 0.510839 0.154070 0.248634
26.400000 0.189706 0.332697 0.136151 0.144761 0.286292 0.510566 0.153980 0.248339
26.600000 0.189711 0.332577 0.136197 0.144680 0.285988 0.510777 0.153949 0.248039
26.800000 0.189570 0.332314 0.136390 0.144691 0.285438 0.510623 0.153821 0.247785
27.000000 0.189697 0.332174 0.136215 0.144796 0.285172 0.510521 0.153763 0.247638
27.200000 0.189707 0.332010 0.136346 0.144647 0.284773 0.510584 0.153658 0.247242
27.400000 0.189700 0.331895 0.136375 0.144619 0.284418 0.510337 0.153635 0.246959
27.600000 0.189696 0.331721 0.136428 0.144629 0.284262 0.510253 0.153655 0.246672
27.800000 0.189667 0.331621 0.136194 0.144532 0.283793 0.510110 0.153444 0.246379
28.000000 0.189520 0.331277 0.136212 0.144641 0.283363 0.510013 0.153449 0.246105
28.200000 0.189629 0.331184 0.136039 0.144385 0.282773 0.509766 0.153176 0.245902
28.400000 0.189635 0.331133 0.136172 0.144314 0.282610 0.509769 0.153198 0.245653
28.600000 0.189559 0.330946 0.136150 0.144443 0.282211 0.509721 0.153132 0.245290
28.800000 0.189109 0.330551 0.136222 0.144351 0.281787 0.509573 0.152921 0.245046
29.000000 0.189573 0.330634 0.136153 0.144259 0.281498 0.509523 0.153028 0.244619
29.200000 0.189528 0.330451 0.136079 0.144215 0.281163 0.509239 0.153037 0.244483
29.400000 0.189388 0.330158 0.136088 0.144191 0.280702 0.508961 0.152816 0.244116
29.600000 0.189540 0.330145 0.136035 0.144337 0.280457 0.509160 0.152835 0.243984
29.800000 0.189483 0.329965 0.136064 0.144172 0.280055 0.509166 0.152605 0.243809
30.000000 0.189495 0.329795 0.135979 0.144268 0.279737 0.509002 0.152471 0.243240
30.200000 0.189368 0.329677 0.136175 0.144140 0.279265 0.508888 0.152579 0.242984
30.400000 0.189462 0.329567 0.135867 0.144146 0.278934 0.508778 0.152552 0.242800
30.600000 0.189745 0.329416 0.136191 0.144116 0.278684 0.508715 0.152532 0.242637
30.800000 0.191102 0.329184 0.136103 0.143901 0.278239 0.508716 0.152410 0.242385
31.000000 0.193850 0.328849 0.136026 0.143988 0.278007 0.508489 0.152375 0.242278
31.200000 0.198532 0.328912 0.135824 0.143952 0.277616 0.508143 0.152411 0.241970
31.400000 0.204440 0.328431 0.136074 0.143937 0.277519 0.508246 0.152293 0.241613
31.600000 0.211784 0.328652 0.136055 0.144023 0.277317 0.508256 0.152292 0.241583
31.800000 0.220588 0.328535 0.136229 0.144062 0.277403 0.508200 0.152389 0.241829
32.000000 0.230646 0.328398 0.136251 0.144069 0.277759 0.508127 0.152586 0.241802
32.200000 0.241041 0.328372 0.136194 0.144193 0.278189 0.508178 0.152856 0.242307
32.400000 0.251399 0.328734 0.136215 0.144315 0.278788 0.508215 0.152928 0.242512
32.600000 0.261138 0.328843 0.136327 0.144535 0.279987 0.508114 0.153344 0.243362
32.800000 0.270566 0.329465 0.136394 0.144659 0.281104 0.508121 0.153747 0.244205
33.000000 0.279785 0.329808 0.136207 0.144987 0.282840 0.507891 0.154041 0.245261
33.200000 0.288808 0.331058 0.136589 0.145326 0.285047 0.507432 0.154662 0.246779
33.400000 0.297173 0.332500 0.137021 0.146248 0.288168 0.508400 0.155537 0.248750
33.600000 0.302887 0.333937 0.137064 0.146777 0.290697 0.508342 0.156115 0.250704
33.800000 0.308079 0.335791 0.137463 0.147466 0.293454 0.508462 0.156709 0.252559
34.000000 0.312744 0.337620 0.137493 0.148209 0.296752 0.508716 0.157416 0.254641
34.200000 0.316764 0.339819 0.137748 0.148847 0.299934 0.508508 0.158122 0.257040
34.400000 0.320240 0.342455 0.138124 0.149776 0.303459 0.508716 0.158726 0.259617
34.600000 0.323278 0.345569 0.138450 0.150471 0.307307 0.508844 0.159616 0.262270
34.800000 0.325791 0.348453 0.139152 0.151489 0.311188 0.508844 0.160213 0.265023
35.000000 0.328280 0.351651 0.139375 0.152520 0.315298 0.508887 0.161062 0.268069
35.200000 0.330329 0.355334 0.139777 0.153396 0.319736 0.509123 0.161988 0.271246
35.400000 0.331889 0.358777 0.140533 0.154330 0.323826 0.509078 0.162790 0.274283
35.600000 0.333298 0.362443 0.140851 0.155416 0.327919 0.509201 0.163549 0.277241
35.800000 0.334606 0.366496 0.141234 0.117254 0.332460 0.509377 0.164354 0.280359
36.000000 0.335512 0.370244 0.141864 0.157231 0.336777 0.509740 0.165116 0.283868
36.200000 0.336399 0.374551 0.142301 0.158169 0.341435 0.509579 0.165947 0.287056
36.400000 0.337365 0.378792 0.142794 0.159169 0.345773 0.509592 0.166679 0.290657
36.600000 0.337969 0.383183 0.143279 0.160210 0.350704 0.509844 0.167516 0.294288
36.800000 0.338432 0.388169 0.143732 0.160981 0.355453 0.509845 0.168234 0.297741
37.000000 0.338756 0.392327 0.144206 0.161940 0.360071 0.510205 0.169145 0.301362
37.200000 0.339295 0.397348 0.144834 0.163174 0.365635 0.510145 0.170068 0.306033
37.400000 0.339714 0.403566 0.145366 0.164169 0.371665 0.510275 0.170994 0.310515
37.600000 0.339959 0.408773 0.145872 0.165237 0.376698 0.510624 0.171674 0.314241
37.800000 0.340181 0.413559 0.146461 0.166221 0.381459 0.510710 0.172685 0.318328
38.000000 0.340370 0.418622 0.146769 0.167085 0.386776 0.510809 0.173461 0.322295
38.200000 0.340481 0.423744 0.147379 0.168000 0.391778 0.511030 0.174256 0.326136
38.400000 0.340566 0.428844 0.147845 0.169188 0.396853 0.511162 0.175160 0.330244
38.600000 0.340458 0.433869 0.148133 0.169977 0.401872 0.511429 0.175940 0.334175
38.800000 0.340685 0.438997 0.148579 0.170812 0.406754 0.511370 0.176559 0.338419
39.000000 0.340650 0.444235 0.149039 0.171928 0.411803 0.511539 0.177581 0.342360
39.200000 0.340589 0.449253 0.149422 0.172697 0.416575 0.511598 0.178345 0.346369
39.400000 0.340672 0.454662 0.149951 0.173780 0.421904 0.511909 0.179124 0.350455
39.600000 0.340698 0.459778 0.150220 0.174422 0.426726 0.512013 0.179871 0.354386
39.800000 0.340683 0.464830 0.150639 0.175319 0.431568 0.512379 0.180516 0.358381
40.000000 0.340499 0.470266 0.151123 0.176114 0.436264 0.512234 0.181434 0.362381
40.200000 0.340486 0.475320 0.151607 0.176886 0.441562 0.512384 0.182329 0.366421
40.400000 0.340399 0.480534 0.151848 0.177726 0.446546 0.512503 0.182965 0.370359
40.600000 0.340172 0.485702 0.152333 0.178334 0.451571 0.512589 0.183781 0.374562
40.800000 0.340226 0.491023 0.152783 0.179368 0.456536 0.512695 0.184528 0.378433
41.000000 0.340003 0.496121 0.153217 0.180121 0.461234 0.513036 0.185363 0.382532
41.200000 0.340044 0.501155 0.153498 0.180911 0.466262 0.512980 0.186090 0.386311
41.400000 0.339937 0.506290 0.153828 0.181670 0.471154 0.513328 0.186908 0.390359
41.600000 0.339915 0.511364 0.154213 0.182478 0.476021 0.513495 0.187416 0.394186
41.800000 0.339789 0.516440 0.154613 0.183135 0.480720 0.513610 0.188192 0.398036
42.000000 0.339576 0.521363 0.155016 0.184018 0.485609 0.513694 0.188926 0.402012
42.200000 0.339370 0.526128 0.155227 0.184589 0.490168 0.514014 0.189810 0.405738
42.400000 0.339218 0.530909 0.155621 0.185227 0.495116 0.513980 0.190504 0.409492
42.600000 0.339081 0.535618 0.155795 0.185899 0.499718 0.514159 0.191053 0.413107
42.800000 0.338968 0.540183 0.156117 0.186400 0.504424 0.514372 0.191892 0.416987
43.000000 0.338881 0.545033 0.156467 0.187212 0.508987 0.514413 0.192685 0.420609
43.200000 0.338877 0.549559 0.156846 0.187686 0.513678 0.514551 0.193322 0.424319
43.400000 0.338652 0.554090 0.157093 0.188422 0.518256 0.514732 0.193815 0.427929
43.600000 0.338553 0.558760 0.157493 0.189189 0.523474 0.515044 0.194729 0.432182
43.800000 0.338135 0.564483 0.157815 0.190104 0.529224 0.515186 0.195569 0.436769
44.000000 0.338280 0.568876 0.157934 0.190496 0.533744 0.515206 0.196158 0.440326
44.200000 0.337856 0.572994 0.158469 0.191152 0.538183 0.515539 0.196990 0.443862
44.400000 0.337540 0.577203 0.158740 0.191535 0.542883 0.515518 0.197333 0.447254
44.600000 0.337774 0.580908 0.158851 0.192158 0.547077 0.515810 0.198081 0.450884
44.800000 0.337620 0.584841 0.159217 0.192664 0.551367 0.515826 0.198556 0.454280
45.000000 0.337399 0.588627 0.159539 0.193317 0.555680 0.516061 0.199424 0.457571
45.200000 0.337234 0.592145 0.159172 0.193723 0.560139 0.516064 0.199918 0.460986
45.400000 0.337074 0.595884 0.159923 0.193942 0.564407 0.516347 0.200548 0.464330
45.600000 0.337050 0.599424 0.160183 0.194696 0.568436 0.516484 0.201051 0.467765
45.800000 0.336898 0.603057 0.160415 0.195195 0.572960 0.516743 0.201666 0.471054
46.000000 0.336863 0.606130 0.160650 0.195487 0.576862 0.516719 0.202062 0.474243
46.200000 0.336747 0.609605 0.160954 0.196079 0.581086 0.516840 0.202675 0.477640
46.400000 0.336554 0.612698 0.161071 0.196455 0.585048 0.517113 0.203285 0.480771
46.600000 0.336362 0.615895 0.161297 0.196945 0.589192 0.517314 0.203933 0.484160
46.800000 0.336189 0.619036 0.161458 0.197598 0.593135 0.517298 0.204387 0.487468
47.000000 0.336126 0.621886 0.161626 0.197783 0.597197 0.517557 0.205063 0.490434
47.200000 0.335740 0.624671 0.161757 0.198294 0.601136 0.517719 0.205309 0.493388
47.400000 0.335721 0.627339 0.162097 0.198593 0.604951 0.517862 0.205939 0.496654
47.600000 0.335770 0.630340 0.162351 0.199066 0.608901 0.517933 0.206597 0.499691
47.800000 0.335648 0.632699 0.162426 0.199494 0.612655 0.518213 0.206929 0.502619
48.000000 0.335410 0.635355 0.162610 0.199853 0.616494 0.518367 0.207456 0.505587
48.200000 0.335383 0.637686 0.162907 0.200259 0.620020 0.518427 0.208123 0.508685
48.400000 0.335181 0.640266 0.163075 0.200547 0.623914 0.518547 0.208402 0.511523
48.600000 0.334989 0.642403 0.163189 0.200986 0.627477 0.518828 0.208969 0.514328
48.800000 0.334951 0.644689 0.163342 0.201196 0.631229 0.518800 0.209353 0.517221
49.000000 0.334851 0.646874 0.163556 0.201836 0.634704 0.519162 0.209745 0.520108
49.200000 0.334736 0.648853 0.163800 0.202054 0.638056 0.519253 0.210242 0.522713
49.400000 0.334612 0.650889 0.163826 0.202312 0.641379 0.519387 0.210651 0.525481
49.600000 0.334569 0.653164 0.163989 0.202600 0.645057 0.519433 0.210917 0.528225
49.800000 0.334407 0.654824 0.164219 0.202751 0.648491 0.519739 0.211567 0.530934
50.000000 0.334206 0.656962 0.164297 0.203357 0.652163 0.519820 0.212013 0.534206
50.200000 0.334215 0.658969 0.164462 0.203602 0.655559 0.519858 0.212427 0.536696
50.400000 0.334109 0.660577 0.164636 0.203865 0.658773 0.520317 0.212823 0.539287
50.600000 0.333948 0.662312 0.164654 0.204283 0.662082 0.520178 0.213256 0.542082
50.800000 0.333897 0.663749 0.164961 0.204601 0.665300 0.520209 0.213631 0.544571
51.000000 0.333717 0.665321 0.165066 0.204900 0.668399 0.520603 0.214074 0.546979
51.200000 0.333839 0.666905 0.165326 0.205379 0.671840 0.520691 0.214291 0.549451
51.400000 0.333600 0.668427 0.165290 0.205418 0.674895 0.520866 0.214698 0.551784
51.600000 0.333591 0.669606 0.165482 0.205736 0.677679 0.521206 0.215174 0.554225
51.800000 0.333697 0.671153 0.165547 0.206099 0.680567 0.521212 0.215600 0.556555
52.000000 0.333478 0.672503 0.165407 0.206206 0.683575 0.521505 0.216017 0.558984
52.200000 0.333375 0.673747 0.166144 0.206543 0.686642 0.521613 0.216336 0.561351
52.400000 0.333221 0.675033 0.165888 0.206868 0.689316 0.521559 0.216586 0.563573
52.600000 0.333120 0.676317 0.165991 0.207059 0.692211 0.521976 0.217021 0.565803
52.800000 0.333060 0.677379 0.166240 0.207281 0.694854 0.521941 0.217347 0.568065
53.000000 0.332817 0.678440 0.166221 0.207540 0.697488 0.522180 0.217684 0.570205
53.200000 0.332824 0.679555 0.166241 0.207803 0.700221 0.522358 0.217978 0.572285
53.400000 0.332692 0.680552 0.166503 0.207863 0.702748 0.522503 0.218237 0.574461
53.600000 0.332628 0.681564 0.166672 0.208265 0.705261 0.522485 0.218760 0.576476
53.800000 0.332364 0.682340 0.166762 0.208482 0.707970 0.522732 0.218847 0.578309
54.000000 0.332457 0.683449 0.166835 0.208718 0.710318 0.522953 0.219242 0.580525
54.200000 0.332280 0.684232 0.166910 0.208985 0.712766 0.523021 0.219603 0.582515
54.400000 0.332254 0.684976 0.166972 0.209349 0.715199 0.523371 0.219917 0.584344
54.600000 0.332129 0.685739 0.166948 0.209466 0.717558 0.523396 0.220141 0.586271
54.800000 0.332047 0.686754 0.167312 0.209537 0.720222 0.523533 0.220473 0.588068
55.000000 0.331768 0.687472 0.167369 0.209733 0.722170 0.523699 0.220737 0.589803
55.200000 0.331739 0.688115 0.167539 0.209955 0.724610 0.523827 0.220881 0.591887
55.400000 0.331705 0.688885 0.167370 0.210199 0.726543 0.523896 0.221282 0.593544
55.600000 0.331447 0.689614 0.167817 0.210393 0.728474 0.523937 0.221511 0.595154
55.800000 0.331334 0.690311 0.167702 0.210604 0.730872 0.524024 0.221822 0.596814
56.000000 0.331401 0.690881 0.167915 0.210844 0.732973 0.524401 0.222147 0.598684
56.200000 0.331026 0.691416 0.167714 0.210959 0.735349 0.524314 0.222430 0.600553
56.400000 0.331252 0.692160 0.167907 0.211303 0.737520 0.524690 0.222636 0.602214
56.600000 0.331152 0.692654 0.167869 0.211244 0.739415 0.524886 0.222871 0.603542
56.800000 0.331101 0.693114 0.168139 0.211354 0.741402 0.524931 0.223120 0.605183
57.000000 0.331076 0.693687 0.168118 0.211740 0.743160 0.525106 0.223380 0.606777
57.200000 0.331029 0.694125 0.168270 0.211934 0.745069 0.525256 0.223608 0.608180
57.400000 0.330948 0.694711 0.168383 0.212017 0.746827 0.525459 0.223835 0.609744
57.600000 0.330682 0.695206 0.168386 0.212110 0.748360 0.525545 0.224043 0.611187
57.800000 0.330697 0.695584 0.168384 0.212334 0.750155 0.525656 0.224069 0.612375
58.000000 0.330574 0.696037 0.168506 0.212428 0.751898 0.525807 0.224499 0.613901
58.200000 0.330596 0.696323 0.168696 0.212754 0.753792 0.525937 0.224648 0.615376
58.400000 0.330382 0.696449 0.168651 0.212923 0.755169 0.525985 0.224886 0.616570
58.600000 0.330289 0.697168 0.168744 0.212861 0.756966 0.526140 0.224946 0.617750
58.800000 0.330063 0.697511 0.168855 0.213152 0.758624 0.526341 0.225207 0.619136
59.000000 0.330131 0.697839 0.169029 0.213321 0.760072 0.526559 0.225379 0.620325
59.200000 0.329985 0.697969 0.169054 0.213453 0.761717 0.526692 0.225537 0.621638
59.400000 0.329834 0.698552 0.169038 0.213563 0.763185 0.526809 0.225903 0.622755
59.600000 0.329861 0.698755 0.169216 0.213641 0.764690 0.526969 0.226054 0.624050
59.800000 0.329813 0.699110 0.169140 0.213900 0.766107 0.527101 0.226126 0.625112
60.000000 0.329726 0.699439 0.169119 0.214046 0.767378 0.527244 0.226328 0.626214
60.200000 0.329695 0.699783 0.169234 0.214184 0.768614 0.527203 0.226592 0.627291
60.400000 0.329445 0.699927 0.169332 0.214307 0.770050 0.527468 0.226659 0.628384
60.600000 0.329445 0.700137 0.169253 0.214411 0.771667 0.527636 0.226929 0.629507
60.800000 0.329583 0.700595 0.169429 0.214450 0.773072 0.527749 0.226923 0.630782
61.000000 0.329434 0.700719 0.169524 0.214608 0.774103 0.527832 0.227253 0.631704
61.200000 0.329407 0.700843 0.169677 0.214835 0.775462 0.528086 0.227531 0.632716
61.400000 0.329169 0.701177 0.169639 0.214917 0.776824 0.527981 0.227374 0.633718
61.600000 0.329252 0.701307 0.169640 0.215006 0.777902 0.528208 0.227718 0.634642
61.800000 0.329031 0.701555 0.169811 0.215213 0.779128 0.528300 0.227699 0.635660
62.000000 0.329104 0.701859 0.169711 0.214931 0.780391 0.528514 0.227966 0.636654
62.200000 0.329099 0.702025 0.169824 0.215513 0.781721 0.528826 0.228226 0.637962
62.400000 0.328889 0.702029 0.169853 0.215575 0.783179 0.528988 0.228338 0.638748
62.600000 0.328690 0.702374 0.169925 0.215762 0.784197 0.528936 0.228508 0.639764
62.800000 0.328655 0.702561 0.170004 0.215856 0.785489 0.529093 0.228481 0.640545
63.000000 0.328713 0.702818 0.169860 0.215893 0.786406 0.529310 0.228801 0.641448
63.200000 0.328521 0.702907 0.170076 0.216001 0.787472 0.529428 0.228894 0.642266
63.400000 0.328633 0.703124 0.170056 0.216125 0.788442 0.529558 0.228907 0.643075
63.600000 0.328379 0.703269 0.170211 0.216243 0.789772 0.529553 0.229143 0.643796
63.800000 0.328320 0.703240 0.170119 0.216513 0.790433 0.529717 0.229268 0.644811
64.000000 0.328238 0.703298 0.170150 0.216531 0.791600 0.529800 0.229380 0.645476
64.200000 0.328198 0.703219 0.170236 0.216532 0.792410 0.530142 0.229499 0.646129
64.400000 0.328110 0.703793 0.170249 0.216727 0.793504 0.530115 0.229598 0.646955
64.600000 0.327927 0.703921 0.170392 0.216754 0.794239 0.530391 0.229744 0.647534
64.800000 0.327957 0.703784 0.170392 0.216911 0.794999 0.530274 0.229699 0.648202
65.000000 0.327910 0.704147 0.170302 0.216901 0.796183 0.530563 0.229889 0.649052
65.200000 0.327845 0.703904 0.170295 0.217057 0.796844 0.530737 0.230017 0.649682
65.400000 0.327812 0.704177 0.170518 0.217146 0.797601 0.530996 0.230223 0.650461
65.600000 0.327743 0.704273 0.170586 0.217274 0.798538 0.531016 0.230283 0.651057
65.800000 0.327640 0.704244 0.170609 0.217409 0.799320 0.530984 0.230384 0.651643
66.000000 0.327458 0.704396 0.170537 0.217305 0.800160 0.531264 0.230386 0.652214
66.200000 0.327500 0.704450 0.170665 0.217495 0.800832 0.531459 0.230696 0.652883
66.400000 0.327476 0.704613 0.170678 0.217702 0.801777 0.531552 0.230588 0.653647
66.600000 0.327186 0.704368 0.170384 0.217610 0.802400 0.531665 0.230795 0.654022
66.800000 0.327207 0.704790 0.170880 0.217879 0.803160 0.531851 0.230841 0.654603
67.000000 0.327122 0.704762 0.170802 0.217754 0.803691 0.531921 0.230978 0.655068
67.200000 0.327098 0.704770 0.170824 0.218047 0.804641 0.532161 0.231029 0.655803
67.400000 0.327018 0.704885 0.170823 0.217897 0.805243 0.532175 0.231053 0.656395
67.600000 0.326911 0.704796 0.170922 0.218050 0.806156 0.532330 0.231072 0.656974
67.800000 0.326979 0.704981 0.171031 0.218085 0.806608 0.532425 0.231274 0.657308
68.000000 0.326563 0.705096 0.170985 0.218251 0.807301 0.532607 0.231344 0.657958
68.200000 0.326636 0.704938 0.171027 0.218402 0.807932 0.532774 0.231351 0.658317
68.400000 0.326401 0.705080 0.171058 0.218455 0.808759 0.532830 0.231626 0.658972
68.600000 0.326452 0.705106 0.171141 0.218530 0.809431 0.533111 0.231628 0.659458
68.800000 0.326497 0.704935 0.171195 0.218584 0.809826 0.533274 0.231665 0.659897
69.000000 0.326116 0.704986 0.171086 0.218594 0.810390 0.533217 0.231699 0.660231
69.200000 0.326210 0.705183 0.171303 0.218753 0.810827 0.533207 0.231690 0.660475
69.400000 0.326171 0.705175 0.171347 0.218687 0.811538 0.533447 0.231855 0.661134
69.600000 0.326002 0.704958 0.171329 0.218889 0.812026 0.533702 0.231786 0.661612
69.800000 0.326054 0.705243 0.171369 0.218970 0.812557 0.533787 0.232020 0.661978
70.000000 0.326010 0.705091 0.171242 0.218981 0.813005 0.533912 0.231958 0.662326
70.200000 0.325896 0.705004 0.171446 0.219079 0.813519 0.533924 0.232135 0.662899
70.400000 0.325764 0.705107 0.171450 0.219086 0.813933 0.534170 0.232101 0.662996
70.600000 0.325741 0.705089 0.171279 0.219202 0.814551 0.534327 0.231971 0.663421
70.800000 0.325704 0.705247 0.171356 0.219212 0.815017 0.534258 0.232304 0.663814
71.000000 0.325657 0.705029 0.171450 0.219232 0.815446 0.534628 0.232287 0.664065
71.200000 0.325618 0.704844 0.171545 0.219163 0.816035 0.534551 0.232338 0.664351
71.400000 0.325496 0.704849 0.171574 0.219377 0.816293 0.534782 0.232358 0.664827
71.600000 0.325586 0.704675 0.171418 0.219489 0.816795 0.534673 0.232518 0.665255
71.800000 0.325549 0.705161 0.171596 0.219558 0.817298 0.534824 0.232682 0.665447
72.000000 0.325471 0.704691 0.171561 0.219573 0.817624 0.535191 0.232590 0.665795
72.200000 0.325189 0.704862 0.171717 0.219473 0.818004 0.535315 0.232572 0.666127
72.400000 0.325410 0.704765 0.171645 0.219611 0.818573 0.535370 0.232646 0.666408
72.600000 0.325279 0.704654 0.171804 0.219743 0.818938 0.535294 0.232654 0.666809
72.800000 0.325215 0.704454 0.171680 0.219767 0.819261 0.535586 0.232759 0.667066
73.000000 0.325154 0.704500 0.171698 0.219861 0.819672 0.535554 0.232788 0.667358
73.200000 0.325081 0.704676 0.171761 0.219811 0.819925 0.535755 0.232798 0.667653
73.400000 0.324887 0.704650 0.171774 0.219705 0.859262 0.535978 0.232827 0.667815
73.600000 0.324985 0.704632 0.171890 0.220152 0.820665 0.536172 0.232897 0.668279
73.800000 0.324832 0.704612 0.171861 0.220088 0.821211 0.536325 0.232968 0.668382
74.000000 0.324745 0.704561 0.171665 0.219884 0.821310 0.536227 0.233091 0.668940
74.200000 0.324715 0.704783 0.171907 0.220045 0.821878 0.536394 0.232891 0.668905
74.400000 0.324618 0.704626 0.171918 0.220224 0.822350 0.536532 0.233077 0.669353
74.600000 0.324562 0.704644 0.172098 0.220203 0.822738 0.536674 0.233246 0.669708
74.800000 0.324578 0.704574 0.172020 0.220416 0.822917 0.536808 0.233128 0.669714
75.000000 0.324546 0.704461 0.172085 0.220370 0.823363 0.536731 0.233124 0.670141
75.200000 0.324493 0.704554 0.172000 0.220448 0.823591 0.537136 0.233191 0.670304
75.400000 0.324503 0.704430 0.172067 0.220464 0.824090 0.537127 0.233259 0.670450
75.600000 0.324305 0.704228 0.172060 0.220597 0.824175 0.537303 0.233009 0.670790
75.800000 0.324306 0.704328 0.171996 0.220631 0.824511 0.537488 0.233237 0.670651
76.000000 0.324239 0.704260 0.172095 0.220495 0.824601 0.537598 0.233354 0.671195
76.200000 0.324102 0.704239 0.172121 0.220767 0.825132 0.537738 0.233331 0.671225
76.400000 0.324222 0.704295 0.172243 0.220790 0.825383 0.537883 0.233357 0.671495
76.600000 0.324205 0.704080 0.172235 0.220706 0.825661 0.538159 0.233361 0.671800
76.800000 0.323982 0.704150 0.172173 0.220766 0.825866 0.538141 0.233411 0.671711
77.000000 0.324075 0.703989 0.172181 0.220891 0.825967 0.538253 0.233440 0.672088
77.200000 0.324025 0.704075 0.172232 0.220824 0.826377 0.538232 0.233473 0.672196
77.400000 0.323978 0.704087 0.172157 0.220921 0.826566 0.538330 0.233434 0.672271
77.600000 0.323822 0.703911 0.172242 0.220823 0.826742 0.538778 0.233495 0.672617
77.800000 0.323856 0.703852 0.172126 0.220842 0.826916 0.538660 0.233585 0.672817
78.000000 0.323691 0.703650 0.172263 0.221086 0.827278 0.538749 0.233323 0.673031
78.200000 0.323711 0.704020 0.172347 0.220949 0.827610 0.538830 0.233569 0.672926
78.400000 0.323623 0.703713 0.172241 0.220948 0.827710 0.539054 0.233505 0.673171
78.600000 0.323492 0.703668 0.172366 0.221202 0.827971 0.539201 0.233551 0.673410
78.800000 0.323632 0.703740 0.172571 0.221140 0.827649 0.538701 0.233510 0.673491
79.000000 0.323513 0.703482 0.172352 0.221348 0.828114 0.539335 0.233608 0.673818
79.200000 0.323415 0.703520 0.172521 0.221239 0.828657 0.539488 0.233562 0.673537
79.400000 0.323412 0.703393 0.172251 0.221364 0.828793 0.539556 0.233496 0.673739
79.600000 0.323311 0.703533 0.172389 0.221363 0.829083 0.539697 0.233662 0.674048
79.800000 0.323303 0.703347 0.172493 0.221297 0.828949 0.539710 0.233660 0.674099
80.000000 0.323257 0.703176 0.172570 0.221363 0.829160 0.539891 0.233607 0.674276
80.200000 0.323265 0.703217 0.172575 0.221291 0.829430 0.540117 0.233654 0.674350
80.400000 0.322897 0.703045 0.172472 0.221322 0.829678 0.540202 0.233748 0.674553
80.600000 0.322889 0.703083 0.172541 0.221410 0.829780 0.540198 0.233647 0.674564
80.800000 0.322921 0.703030 0.172533 0.221460 0.829832 0.540266 0.233678 0.674769
81.000000 0.322792 0.702904 0.172623 0.221470 0.830021 0.540512 0.233669 0.674880
81.200000 0.322872 0.702825 0.172442 0.221487 0.830212 0.540495 0.233663 0.674957
81.400000 0.322803 0.702952 0.172508 0.221553 0.830175 0.540649 0.233721 0.674938
81.600000 0.322582 0.702788 0.172583 0.221412 0.830478 0.540913 0.233718 0.675081
81.800000 0.322678 0.702767 0.172597 0.221441 0.830255 0.540773 0.233501 0.675051
82.000000 0.322640 0.702538 0.172619 0.221548 0.830583 0.540925 0.233682 0.675278
82.200000 0.322546 0.702329 0.172436 0.221517 0.830610 0.541008 0.233665 0.675287
82.400000 0.322576 0.702388 0.172660 0.221627 0.830944 0.541200 0.233708 0.675255
82.600000 0.322714 0.702466 0.172661 0.221655 0.831043 0.541456 0.233666 0.675629
82.800000 0.322527 0.702325 0.172607 0.221696 0.831386 0.541512 0.233631 0.675511
83.000000 0.322532 0.702378 0.172673 0.221840 0.831424 0.541542 0.233830 0.675539
83.200000 0.322510 0.702360 0.172639 0.221663 0.831559 0.541697 0.233883 0.675942
83.400000 0.322570 0.702345 0.172681 0.221701 0.831551 0.541565 0.233675 0.675770
83.600000 0.322374 0.701674 0.172716 0.221769 0.831735 0.541722 0.233604 0.675827
83.800000 0.322295 0.702062 0.172603 0.221779 0.831916 0.541895 0.233622 0.675890
84.000000 0.322331 0.702002 0.172721 0.221634 0.831791 0.541860 0.233724 0.675859
84.200000 0.322124 0.701931 0.172792 0.221719 0.831858 0.542041 0.233639 0.676153
84.400000 0.322146 0.702015 0.172600 0.221642 0.832164 0.542208 0.233754 0.676183
84.600000 0.322239 0.702007 0.172818 0.221977 0.832074 0.542386 0.233690 0.676147
84.800000 0.322242 0.701760 0.172797 0.221913 0.832299 0.542217 0.233794 0.676258
85.000000 0.322218 0.701851 0.172819 0.222008 0.832255 0.542496 0.233755 0.676238
85.200000 0.322156 0.701734 0.172841 0.221944 0.832610 0.542713 0.233704 0.676405
85.400000 0.321991 0.701897 0.172743 0.221964 0.832523 0.542653 0.233635 0.676445
85.600000 0.322261 0.701501 0.172842 0.221972 0.832653 0.542619 0.233671 0.676403
85.800000 0.322191 0.701659 0.172745 0.221908 0.832865 0.542831 0.233619 0.676480
86.000000 0.322179 0.701761 0.172901 0.221875 0.832710 0.542916 0.233802 0.676726
86.200000 0.322170 0.701400 0.172772 0.222019 0.833129 0.543158 0.233714 0.676607
86.400000 0.322240 0.701575 0.172740 0.222065 0.833084 0.543166 0.233613 0.676859
86.600000 0.322005 0.701507 0.172960 0.222027 0.833199 0.543313 0.233753 0.676828
86.800000 0.322155 0.701535 0.172799 0.222160 0.833347 0.543670 0.233628 0.676906
87.000000 0.321848 0.701192 0.173003 0.222027 0.833362 0.543596 0.233883 0.676946
87.200000 0.322005 0.701359 0.173151 0.222020 0.833571 0.543768 0.233722 0.677075
87.400000 0.322052 0.701333 0.172925 0.222254 0.833718 0.543870 0.233632 0.677078
87.600000 0.321875 0.701240 0.172918 0.222257 0.833677 0.543835 0.233763 0.677226
87.800000 0.322020 0.701220 0.172967 0.222264 0.833730 0.543797 0.233701 0.677067
88.000000 0.321995 0.701147 0.172905 0.222279 0.833807 0.544066 0.233732 0.677204
88.200000 0.321946 0.700952 0.173071 0.222250 0.833905 0.544068 0.233758 0.677456
88.400000 0.321892 0.701113 0.173033 0.222266 0.833834 0.544213 0.233691 0.677257
88.600000 0.321818 0.701012 0.173177 0.222043 0.833907 0.544394 0.233726 0.677293
88.800000 0.321660 0.701181 0.173171 0.222417 0.834252 0.544449 0.233752 0.677345
89.000000 0.321738 0.700814 0.173171 0.222199 0.834120 0.544666 0.233654 0.677300
89.200000 0.321559 0.700948 0.173292 0.222327 0.834197 0.544569 0.233699 0.677552
89.400000 0.321649 0.700841 0.173183 0.222426 0.834251 0.544800 0.233749 0.677623
89.600000 0.321637 0.700868 0.173064 0.222413 0.834393 0.544799 0.233668 0.677573
89.800000 0.321577 0.700732 0.173054 0.222437 0.834394 0.545040 0.233735 0.677745
90.000000 0.321545 0.700935 0.173211 0.222610 0.834598 0.545087 0.233714 0.677766
