0.200000 0.185367 0.377613 0.133359 0.181032 0.457473 0.715416 0.200671 0.365296
0.400000 0.185187 0.376580 0.133175 0.180601 0.454886 0.715020 0.200216 0.363740
0.600000 0.185151 0.376170 0.133110 0.180134 0.453306 0.714822 0.199777 0.362543
0.800000 0.185099 0.375611 0.133021 0.179932 0.451771 0.714685 0.199496 0.361282
1.000000 0.185050 0.375190 0.132921 0.179537 0.450131 0.714448 0.199076 0.360045
1.200000 0.185009 0.374625 0.132838 0.179296 0.448343 0.714231 0.198700 0.358833
1.400000 0.184951 0.373884 0.132845 0.179095 0.446923 0.714182 0.198382 0.357811
1.600000 0.185087 0.373427 0.132778 0.178981 0.445202 0.713922 0.198100 0.356445
1.800000 0.184891 0.373030 0.132705 0.178416 0.443468 0.713662 0.197685 0.355190
2.000000 0.184860 0.372586 0.132567 0.178319 0.441859 0.713375 0.197444 0.354127
2.200000 0.184781 0.371981 0.132532 0.177978 0.440298 0.713236 0.196955 0.352826
2.400000 0.184640 0.371540 0.132439 0.177718 0.438751 0.713068 0.196560 0.351750
2.600000 0.184549 0.371037 0.132197 0.177504 0.437118 0.712779 0.196251 0.350636
2.800000 0.184504 0.370542 0.132537 0.177209 0.435491 0.712615 0.195951 0.349520
3.000000 0.184781 0.370034 0.132381 0.176967 0.434077 0.712696 0.195563 0.348508
3.200000 0.184578 0.369476 0.132284 0.176583 0.432411 0.712385 0.195183 0.347213
3.400000 0.184528 0.369025 0.132259 0.176395 0.430769 0.712211 0.194919 0.346099
3.600000 0.184514 0.368646 0.132065 0.176002 0.429641 0.712042 0.194399 0.345126
3.800000 0.184336 0.368151 0.132183 0.175924 0.428063 0.711739 0.194368 0.343988
4.000000 0.184433 0.367551 0.132025 0.175654 0.426482 0.711663 0.193808 0.342593
4.200000 0.184391 0.366945 0.131931 0.175500 0.424945 0.711581 0.193515 0.341792
4.400000 0.184387 0.366538 0.131941 0.175127 0.423306 0.711110 0.193098 0.340465
4.600000 0.184369 0.366179 0.131880 0.175003 0.421985 0.711347 0.192826 0.339405
4.800000 0.184318 0.365751 0.131807 0.174637 0.420654 0.710769 0.192525 0.338466
5.000000 0.184180 0.365235 0.131775 0.174441 0.419098 0.710756 0.192222 0.337415
5.200000 0.184201 0.364831 0.131717 0.174250 0.417749 0.710583 0.191856 0.336345
5.400000 0.184183 0.364507 0.131698 0.173799 0.416160 0.710407 0.191578 0.335326
5.600000 0.184144 0.364037 0.131755 0.173657 0.414884 0.710239 0.191247 0.334248
5.800000 0.184122 0.363602 0.131559 0.173465 0.413505 0.710073 0.190767 0.333344
6.000000 0.184090 0.363048 0.131540 0.173211 0.411989 0.709730 0.190586 0.332336
6.200000 0.183916 0.362741 0.131388 0.173015 0.410855 0.709838 0.190301 0.331397
6.400000 0.184062 0.362340 0.131400 0.172822 0.409446 0.709817 0.189913 0.330396
6.600000 0.184032 0.361826 0.131263 0.172503 0.408151 0.709121 0.189809 0.329461
6.800000 0.183951 0.361283 0.131175 0.172343 0.406935 0.708971 0.189361 0.328482
7.000000 0.183937 0.360936 0.131426 0.172260 0.405493 0.708844 0.189053 0.327516
7.200000 0.183869 0.360636 0.131368 0.171868 0.404270 0.708765 0.188791 0.326565
7.400000 0.183865 0.359991 0.131075 0.171624 0.402908 0.708235 0.188496 0.325730
7.600000 0.183835 0.359911 0.131218 0.171489 0.401594 0.708265 0.188164 0.324602
7.800000 0.183815 0.359177 0.131003 0.171271 0.400280 0.708089 0.187898 0.323728
8.000000 0.183789 0.358937 0.131039 0.171181 0.399066 0.707825 0.187652 0.322863
8.200000 0.183564 0.358486 0.130854 0.170894 0.397860 0.707707 0.187274 0.321969
8.400000 0.183676 0.358083 0.130940 0.170521 0.396553 0.707422 0.186999 0.321073
8.600000 0.183693 0.357713 0.130871 0.170394 0.395434 0.707387 0.186617 0.320382
8.800000 0.183653 0.357508 0.130815 0.170165 0.394244 0.707194 0.186428 0.319335
9.000000 0.183653 0.357109 0.130817 0.170004 0.393143 0.706678 0.186045 0.318621
9.200000 0.183572 0.356567 0.130785 0.169733 0.391891 0.706829 0.185880 0.317681
9.400000 0.183424 0.356349 0.130758 0.169520 0.390775 0.706756 0.185657 0.316802
9.600000 0.183388 0.355843 0.130488 0.169365 0.389530 0.706409 0.185125 0.316003
9.800000 0.183325 0.355595 0.130566 0.169172 0.388234 0.706079 0.185072 0.315035
10.000000 0.183469 0.355128 0.130589 0.168847 0.387015 0.706118 0.184726 0.314258
10.200000 0.183380 0.354739 0.130563 0.168763 0.385661 0.705789 0.184422 0.313198
10.400000 0.183331 0.354455 0.130397 0.168502 0.384462 0.705862 0.184201 0.312212
10.600000 0.183318 0.353871 0.130319 0.168194 0.383428 0.705539 0.183888 0.311493
10.800000 0.183300 0.353733 0.130393 0.168350 0.382382 0.705065 0.183673 0.310809
11.000000 0.183123 0.353078 0.130187 0.167881 0.381283 0.705049 0.183311 0.309991
11.200000 0.183221 0.352955 0.130349 0.167801 0.380182 0.704898 0.183041 0.309187
11.400000 0.183197 0.352528 0.130208 0.167664 0.379069 0.704750 0.182780 0.308386
11.600000 0.183126 0.352238 0.130203 0.167429 0.377973 0.704405 0.182612 0.307755
11.800000 0.182971 0.352159 0.130265 0.167323 0.377008 0.704372 0.182431 0.306752
12.000000 0.183097 0.351503 0.130100 0.167123 0.375989 0.704217 0.182090 0.306075
12.200000 0.183092 0.351360 0.130119 0.166960 0.374973 0.704151 0.181788 0.305410
12.400000 0.183005 0.351019 0.130038 0.166643 0.374032 0.703863 0.181681 0.304663
12.600000 0.182990 0.350726 0.130059 0.166380 0.372909 0.703663 0.181350 0.303987
12.800000 0.182967 0.350452 0.130048 0.166323 0.371963 0.703533 0.181163 0.303267
13.000000 0.182879 0.350075 0.129939 0.166318 0.370793 0.703180 0.180843 0.302511
13.200000 0.182802 0.349786 0.129856 0.166017 0.370073 0.742091 0.180644 0.301933
13.400000 0.182874 0.349329 0.129926 0.165728 0.369205 0.702907 0.180420 0.301268
13.600000 0.182838 0.349290 0.129774 0.165734 0.368466 0.702705 0.180118 0.300600
13.800000 0.182670 0.348830 0.130000 0.165557 0.367358 0.702779 0.179908 0.300003
14.000000 0.182792 0.348710 0.129780 0.165437 0.366376 0.702520 0.179855 0.299252
14.200000 0.182706 0.348442 0.129706 0.165331 0.365647 0.702251 0.179477 0.298719
14.400000 0.182723 0.348089 0.129676 0.165105 0.364955 0.702276 0.179442 0.298031
14.600000 0.182705 0.347986 0.129600 0.164872 0.363877 0.701772 0.179228 0.297501
14.800000 0.182634 0.347551 0.129818 0.164831 0.362908 0.702053 0.178956 0.296810
15.000000 0.182641 0.347248 0.129610 0.164719 0.361940 0.701749 0.178818 0.296239
15.200000 0.182632 0.347031 0.129565 0.164554 0.361191 0.701486 0.178579 0.295523
15.400000 0.182565 0.346599 0.129398 0.164474 0.360547 0.701341 0.178478 0.294962
15.600000 0.182540 0.346489 0.129629 0.164306 0.359629 0.701000 0.178098 0.294286
15.800000 0.182545 0.346115 0.129510 0.164163 0.358683 0.700940 0.177839 0.293798
16.000000 0.182394 0.345549 0.129094 0.163985 0.357859 0.700758 0.177645 0.293098
16.200000 0.182384 0.345377 0.129408 0.163993 0.357206 0.700699 0.177498 0.292560
16.400000 0.182287 0.345420 0.129293 0.163487 0.355778 0.700455 0.177099 0.291694
16.600000 0.182379 0.345044 0.129411 0.163514 0.355101 0.700335 0.176951 0.291234
16.800000 0.182220 0.344948 0.129293 0.163375 0.354432 0.700192 0.176700 0.290625
17.000000 0.182199 0.344542 0.129200 0.163136 0.353633 0.699931 0.176672 0.290196
17.200000 0.182307 0.344279 0.129173 0.163215 0.352849 0.699834 0.176469 0.289224
17.400000 0.182244 0.343956 0.129386 0.162950 0.352162 0.699759 0.176383 0.288713
17.600000 0.182212 0.343682 0.129175 0.162877 0.351040 0.699433 0.176194 0.288380
17.800000 0.182039 0.343587 0.129259 0.162706 0.350359 0.699186 0.175881 0.287823
18.000000 0.182161 0.342880 0.129125 0.162559 0.349680 0.699308 0.175669 0.287184
18.200000 0.182163 0.343016 0.129116 0.162492 0.348867 0.699051 0.175608 0.286709
18.400000 0.182120 0.342827 0.129192 0.162291 0.348191 0.698781 0.175200 0.285983
18.600000 0.182118 0.342546 0.129035 0.162126 0.347141 0.698420 0.175130 0.285515
18.800000 0.182027 0.342509 0.128966 0.161937 0.346649 0.698299 0.175014 0.284925
19.000000 0.182019 0.341876 0.129006 0.161961 0.345873 0.698343 0.174845 0.284297
19.200000 0.182032 0.341729 0.128942 0.161757 0.345006 0.698053 0.174711 0.283961
19.400000 0.182024 0.341339 0.129001 0.161446 0.344353 0.697974 0.174416 0.283420
19.600000 0.181984 0.341211 0.128981 0.161541 0.343641 0.697871 0.174147 0.282987
19.800000 0.181966 0.340855 0.128850 0.161170 0.343010 0.697420 0.174091 0.282329
20.000000 0.181855 0.340866 0.128915 0.161269 0.342270 0.697593 0.173840 0.281938
20.200000 0.181866 0.340563 0.128865 0.161112 0.341578 0.697332 0.173700 0.281273
20.400000 0.181869 0.340122 0.128831 0.160913 0.340864 0.697317 0.173396 0.280892
20.600000 0.181854 0.339967 0.128718 0.160852 0.340155 0.696893 0.173336 0.280350
20.800000 0.181820 0.339755 0.128676 0.160450 0.339363 0.696991 0.173054 0.279766
21.000000 0.181772 0.339578 0.128666 0.160540 0.338663 0.696688 0.173019 0.279327
21.200000 0.181586 0.339323 0.128732 0.160450 0.337846 0.696467 0.172827 0.278789
21.400000 0.181720 0.339088 0.128493 0.160430 0.337297 0.696150 0.172586 0.278359
21.600000 0.181710 0.338867 0.128582 0.160493 0.336647 0.695998 0.172555 0.277821
21.800000 0.181671 0.338627 0.128522 0.160204 0.335965 0.695992 0.172281 0.277439
22.000000 0.181639 0.338337 0.128487 0.159972 0.335318 0.695738 0.172130 0.276926
22.200000 0.181649 0.338084 0.128591 0.159827 0.334514 0.695739 0.171868 0.276402
22.400000 0.181565 0.337904 0.128627 0.159764 0.333956 0.695481 0.171828 0.275913
22.600000 0.181530 0.337659 0.128525 0.159755 0.333027 0.695335 0.171676 0.275228
22.800000 0.181553 0.337381 0.128630 0.159318 0.332539 0.695077 0.171439 0.274900
23.000000 0.181552 0.337281 0.128433 0.159348 0.331829 0.694940 0.171308 0.274264
23.200000 0.181445 0.336897 0.128392 0.159212 0.331038 0.694698 0.170950 0.273904
23.400000 0.181488 0.336628 0.128298 0.159215 0.330358 0.694457 0.170825 0.273414
23.600000 0.181305 0.336483 0.128383 0.159033 0.329858 0.694449 0.170661 0.272857
23.800000 0.181425 0.336201 0.128219 0.158844 0.329184 0.694128 0.170683 0.272635
24.000000 0.181361 0.336107 0.128226 0.158975 0.328370 0.694048 0.170470 0.272102
24.200000 0.181321 0.335913 0.128251 0.158699 0.327832 0.693941 0.170413 0.271716
24.400000 0.181361 0.335814 0.128282 0.158609 0.327385 0.693639 0.170172 0.271299
24.600000 0.181317 0.335397 0.128307 0.158458 0.326813 0.693584 0.169994 0.270702
24.800000 0.181383 0.335232 0.128203 0.158510 0.326098 0.693412 0.169882 0.270308
25.000000 0.181236 0.334950 0.128273 0.158111 0.325505 0.693469 0.169780 0.269875
25.200000 0.181241 0.334787 0.128102 0.158112 0.324888 0.693170 0.169624 0.269442
25.400000 0.181264 0.334514 0.128130 0.158200 0.324296 0.692630 0.169486 0.269073
25.600000 0.181205 0.334304 0.128090 0.157793 0.323682 0.692746 0.169273 0.268451
25.800000 0.181191 0.334070 0.128102 0.157908 0.323244 0.692499 0.169152 0.268114
26.000000 0.181181 0.333878 0.128076 0.157754 0.322463 0.692416 0.169042 0.267498
26.200000 0.181005 0.333577 0.127935 0.157488 0.321870 0.692268 0.168771 0.267248
26.400000 0.181112 0.333429 0.127999 0.157617 0.321319 0.692015 0.168693 0.266845
26.600000 0.181097 0.333334 0.128048 0.157391 0.320652 0.691860 0.168521 0.266470
26.800000 0.181105 0.333182 0.127897 0.157306 0.320232 0.691754 0.168471 0.266088
27.000000 0.181029 0.333036 0.127927 0.157195 0.319620 0.691664 0.168417 0.265514
27.200000 0.181023 0.332785 0.127925 0.157114 0.319057 0.691357 0.168189 0.265154
27.400000 0.180836 0.332527 0.127949 0.156716 0.318515 0.691148 0.168016 0.264858
27.600000 0.180823 0.332262 0.127807 0.156899 0.317956 0.691165 0.167925 0.264410
27.800000 0.181090 0.332093 0.127721 0.156661 0.317483 0.690944 0.167742 0.264010
28.000000 0.180832 0.331879 0.128003 0.156739 0.316864 0.690984 0.167629 0.263460
28.200000 0.180904 0.331796 0.127805 0.156608 0.316274 0.690830 0.167497 0.263228
28.400000 0.180920 0.331631 0.127676 0.156508 0.315772 0.690486 0.167488 0.262861
28.600000 0.180871 0.331420 0.127722 0.156380 0.315186 0.690174 0.167386 0.262310
28.800000 0.180873 0.331306 0.127743 0.195302 0.314361 0.690227 0.167046 0.261940
29.000000 0.180444 0.330750 0.127821 0.156218 0.313723 0.689941 0.166875 0.261468
29.200000 0.180768 0.330674 0.127713 0.156071 0.313232 0.689730 0.166735 0.261172
29.400000 0.180790 0.330651 0.127681 0.156046 0.312938 0.689653 0.166500 0.260665
29.600000 0.180693 0.330220 0.127664 0.155790 0.312377 0.689606 0.166532 0.260370
29.800000 0.180658 0.330122 0.127437 0.155906 0.311556 0.689150 0.166528 0.259898
30.000000 0.180739 0.329921 0.127692 0.155767 0.311208 0.689364 0.166391 0.259571
30.200000 0.180704 0.329873 0.127363 0.155671 0.311133 0.689536 0.166405 0.259627
30.400000 0.181080 0.329968 0.128012 0.155944 0.310597 0.689137 0.166361 0.259109
30.600000 0.181444 0.329855 0.127957 0.155699 0.310144 0.688959 0.166304 0.258900
30.800000 0.183442 0.329665 0.127943 0.155673 0.309509 0.688978 0.166086 0.258563
31.000000 0.187210 0.329471 0.127953 0.155643 0.309287 0.688875 0.166089 0.257891
31.200000 0.192663 0.329334 0.127956 0.155509 0.308802 0.688678 0.166040 0.257934
31.400000 0.200305 0.329183 0.128018 0.155556 0.308502 0.688573 0.166159 0.257760
31.600000 0.210814 0.329100 0.127972 0.155572 0.308527 0.688397 0.166040 0.257694
31.800000 0.223246 0.328946 0.127879 0.155529 0.308758 0.688245 0.166123 0.257741
32.000000 0.237055 0.329002 0.127993 0.155673 0.309425 0.688115 0.166355 0.258241
32.200000 0.250970 0.329062 0.128174 0.156034 0.310463 0.687914 0.166889 0.258995
32.400000 0.264505 0.329471 0.128309 0.156495 0.312101 0.688117 0.167236 0.260220
32.600000 0.277565 0.329909 0.128430 0.156880 0.314438 0.687931 0.167896 0.261962
32.800000 0.289800 0.331110 0.128721 0.157837 0.317661 0.687916 0.168625 0.264056
33.000000 0.301020 0.332292 0.128971 0.158863 0.321226 0.687772 0.169479 0.266614
33.200000 0.311284 0.334085 0.129287 0.160347 0.325644 0.687949 0.170237 0.269755
33.400000 0.320414 0.336373 0.129997 0.161614 0.330676 0.687785 0.171542 0.273238
33.600000 0.328373 0.339526 0.130671 0.163432 0.336449 0.687864 0.172672 0.277368
33.800000 0.335828 0.343239 0.131669 0.165681 0.342858 0.687751 0.173844 0.281870
34.000000 0.341795 0.347295 0.132113 0.167468 0.349250 0.687329 0.174650 0.286298
34.200000 0.347419 0.352258 0.133027 0.169933 0.356707 0.687642 0.175995 0.291859
34.400000 0.352206 0.358264 0.133989 0.172507 0.364646 0.687507 0.177363 0.297480
34.600000 0.356728 0.364778 0.134895 0.175251 0.372840 0.687645 0.178884 0.303602
34.800000 0.361244 0.373792 0.136405 0.178892 0.383618 0.687618 0.180445 0.311708
35.000000 0.364420 0.381365 0.137262 0.181840 0.392798 0.687755 0.181733 0.318298
35.200000 0.367367 0.390254 0.138174 0.184928 0.402278 0.687834 0.183343 0.325524
35.400000 0.369503 0.398477 0.139142 0.187787 0.411229 0.687866 0.184804 0.332450
35.600000 0.371252 0.407173 0.140002 0.190667 0.420497 0.687926 0.186018 0.339479
35.800000 0.372915 0.416380 0.140811 0.193736 0.429651 0.688245 0.187567 0.346465
36.000000 0.374325 0.425746 0.141873 0.196755 0.439224 0.688284 0.188849 0.353660
36.200000 0.375437 0.435501 0.142552 0.199783 0.448580 0.688343 0.190281 0.360878
36.400000 0.376425 0.445593 0.143492 0.202922 0.458359 0.688621 0.191696 0.368240
36.600000 0.377087 0.455980 0.144235 0.205918 0.468347 0.688372 0.193219 0.375698
36.800000 0.377665 0.466700 0.144987 0.209149 0.478433 0.688377 0.194700 0.383405
37.000000 0.378340 0.477457 0.145901 0.211992 0.488466 0.688622 0.196098 0.391089
37.200000 0.378651 0.488668 0.146793 0.215267 0.498912 0.688815 0.197569 0.398724
37.400000 0.379008 0.499824 0.147595 0.218264 0.509319 0.688914 0.198859 0.406590
37.600000 0.379041 0.511206 0.148596 0.221375 0.519897 0.689043 0.200216 0.414727
37.800000 0.379244 0.522651 0.149273 0.224310 0.530734 0.689138 0.201637 0.422630
38.000000 0.379279 0.534238 0.149936 0.227383 0.541799 0.689098 0.203140 0.430730
38.200000 0.379323 0.545817 0.150686 0.230346 0.552784 0.689282 0.204480 0.438694
38.400000 0.379446 0.557696 0.151539 0.233205 0.563981 0.689494 0.205943 0.447151
38.600000 0.379134 0.569323 0.152259 0.236195 0.575256 0.689536 0.207515 0.455375
38.800000 0.379053 0.580866 0.153016 0.239240 0.586571 0.689713 0.208711 0.463715
39.000000 0.378943 0.592542 0.153951 0.242081 0.598268 0.689933 0.210018 0.472273
39.200000 0.378586 0.603812 0.154334 0.244829 0.609646 0.689885 0.211351 0.480672
39.400000 0.378507 0.615104 0.155285 0.247729 0.621020 0.690065 0.212704 0.489330
39.600000 0.378326 0.626143 0.155680 0.250384 0.632616 0.690286 0.214210 0.497736
39.800000 0.378017 0.636981 0.195299 0.253131 0.644151 0.690387 0.215334 0.506404
40.000000 0.377836 0.647708 0.157126 0.255999 0.655603 0.690597 0.216579 0.514892
40.200000 0.377275 0.658546 0.157660 0.258436 0.667263 0.690512 0.218153 0.523745
40.400000 0.377278 0.668923 0.158286 0.261129 0.678802 0.690671 0.219269 0.532357
40.600000 0.376970 0.679262 0.158756 0.263951 0.690541 0.691005 0.220506 0.541020
40.800000 0.376748 0.689086 0.159679 0.266300 0.701948 0.690979 0.221925 0.549628
41.000000 0.376538 0.699038 0.160484 0.269200 0.714327 0.691074 0.223255 0.559868
41.200000 0.376071 0.712102 0.161093 0.272541 0.729597 0.691096 0.224837 0.570883
41.400000 0.375907 0.721148 0.161705 0.275090 0.740690 0.691625 0.226211 0.579637
41.600000 0.375646 0.729647 0.162250 0.277507 0.751404 0.691575 0.227430 0.587998
41.800000 0.375190 0.738018 0.162700 0.280121 0.762554 0.691579 0.228660 0.596416
42.000000 0.374918 0.746057 0.163374 0.282265 0.773217 0.691863 0.229558 0.604879
42.200000 0.374631 0.753577 0.163750 0.284478 0.783557 0.692077 0.230891 0.612987
42.400000 0.374259 0.760948 0.164228 0.286773 0.793819 0.692040 0.232230 0.621091
42.600000 0.373986 0.767845 0.164909 0.288901 0.803744 0.692151 0.233310 0.629227
42.800000 0.373558 0.774534 0.165428 0.291191 0.813672 0.692486 0.234495 0.637068
43.000000 0.373519 0.780995 0.165736 0.293294 0.823356 0.692474 0.235584 0.645015
43.200000 0.372993 0.786986 0.166275 0.295408 0.832723 0.692734 0.236689 0.652678
43.400000 0.372745 0.793067 0.166872 0.297648 0.841857 0.693045 0.237770 0.660225
43.600000 0.372462 0.798730 0.167166 0.299490 0.851123 0.692951 0.238834 0.667683
43.800000 0.372147 0.804653 0.167425 0.301766 0.860407 0.693051 0.239960 0.675497
44.000000 0.371784 0.809348 0.168300 0.303784 0.868748 0.693392 0.240978 0.682728
44.200000 0.371611 0.814461 0.168498 0.305403 0.877252 0.693511 0.242057 0.689790
44.400000 0.371198 0.818843 0.168981 0.307462 0.885171 0.693532 0.243015 0.696685
44.600000 0.370927 0.823060 0.169473 0.309220 0.893214 0.693708 0.244032 0.703696
44.800000 0.370600 0.827478 0.169718 0.311095 0.901134 0.693730 0.245062 0.710250
45.000000 0.370252 0.831372 0.170013 0.312722 0.908651 0.693920 0.246017 0.716794
45.200000 0.370135 0.834823 0.170674 0.314451 0.915983 0.694264 0.246995 0.723251
45.400000 0.370022 0.838740 0.170853 0.316269 0.922815 0.694143 0.247896 0.729486
45.600000 0.369554 0.842217 0.171224 0.317862 0.929813 0.694310 0.248783 0.735512
45.800000 0.369496 0.845426 0.171540 0.319665 0.936314 0.694622 0.249638 0.741283
46.000000 0.369279 0.848523 0.172082 0.321249 0.943050 0.694617 0.250624 0.747282
46.200000 0.368846 0.851313 0.172189 0.322767 0.949186 0.694782 0.251551 0.753148
46.400000 0.368821 0.854317 0.172704 0.324381 0.955489 0.694887 0.252433 0.758520
46.600000 0.368456 0.856761 0.172843 0.325882 0.961133 0.694889 0.253189 0.764105
46.800000 0.368235 0.820357 0.173175 0.327528 0.966982 0.695214 0.254146 0.769396
47.000000 0.368012 0.861629 0.173391 0.328857 0.972698 0.695245 0.254879 0.774629
47.200000 0.367794 0.864103 0.173671 0.330405 0.978184 0.695502 0.255876 0.779670
47.400000 0.367326 0.866607 0.174104 0.332256 0.984513 0.695679 0.256668 0.785932
47.600000 0.367151 0.869078 0.174540 0.333716 0.990418 0.695930 0.257713 0.791434
47.800000 0.366945 0.870826 0.174674 0.335261 0.995290 0.696104 0.258579 0.795753
48.000000 0.366736 0.872793 0.174734 0.336466 0.999949 0.695992 0.259247 0.800516
48.200000 0.366593 0.874072 0.175254 0.337870 1.004806 0.696300 0.260140 0.805167
48.400000 0.366418 0.876340 0.175464 0.339226 1.009395 0.696427 0.260567 0.809349
48.600000 0.366228 0.877834 0.175760 0.340453 1.013882 0.696640 0.261440 0.813596
48.800000 0.365913 0.879290 0.175911 0.341890 1.017903 0.696771 0.262207 0.817800
49.000000 0.365822 0.880607 0.175981 0.342852 1.022043 0.696957 0.262982 0.821748
49.200000 0.365611 0.881909 0.176553 0.344369 1.026021 0.696935 0.263700 0.825920
49.400000 0.365394 0.883312 0.176559 0.345589 1.029966 0.697115 0.264289 0.829356
49.600000 0.365288 0.884346 0.176975 0.346619 1.033415 0.697200 0.264933 0.833186
49.800000 0.364943 0.885354 0.176933 0.347706 1.037126 0.697271 0.265645 0.836619
50.000000 0.364581 0.886534 0.177290 0.348944 1.040534 0.697518 0.266470 0.840263
50.200000 0.364498 0.887747 0.177469 0.350102 1.043991 0.697685 0.266951 0.843737
50.400000 0.364124 0.888310 0.177658 0.351179 1.047090 0.697721 0.267524 0.846710
50.600000 0.364092 0.889180 0.177905 0.352212 1.050553 0.698001 0.268243 0.850201
50.800000 0.363906 0.890241 0.178095 0.353338 1.053542 0.697941 0.268849 0.853061
51.000000 0.363690 0.891250 0.178235 0.354351 1.056581 0.698168 0.269311 0.856129
51.200000 0.363504 0.891749 0.178413 0.355244 1.059638 0.698372 0.269881 0.859234
51.400000 0.363255 0.892409 0.178818 0.356399 1.062189 0.698368 0.270631 0.862079
51.600000 0.363038 0.892834 0.178771 0.357246 1.064953 0.698493 0.271217 0.864853
51.800000 0.362715 0.893797 0.178930 0.358425 1.067655 0.698720 0.271888 0.867521
52.000000 0.362402 0.894303 0.179127 0.359287 1.070200 0.698829 0.272333 0.870127
52.200000 0.362337 0.894768 0.179162 0.360269 1.072825 0.698887 0.272731 0.872794
52.400000 0.362163 0.895249 0.179532 0.360910 1.075292 0.699219 0.273320 0.875278
52.600000 0.361874 0.895404 0.179546 0.362113 1.077559 0.699262 0.274009 0.877546
52.800000 0.361618 0.896275 0.179738 0.362904 1.079748 0.699409 0.274427 0.879872
53.000000 0.361409 0.896622 0.179792 0.364047 1.082127 0.699578 0.274944 0.882180
53.200000 0.361158 0.896882 0.180012 0.364669 1.083776 0.699344 0.275214 0.884134
53.400000 0.360794 0.897188 0.180260 0.365560 1.086027 0.699754 0.275918 0.886567
53.600000 0.360720 0.897456 0.180222 0.366504 1.088306 0.699992 0.276339 0.888937
53.800000 0.360271 0.897737 0.180405 0.367729 1.090933 0.700176 0.277131 0.891605
54.000000 0.360267 0.898090 0.180709 0.368474 1.092918 0.700357 0.277669 0.893695
54.200000 0.360084 0.898261 0.180734 0.369415 1.094635 0.700239 0.278102 0.895371
54.400000 0.359837 0.898374 0.181047 0.369993 1.096048 0.700440 0.278525 0.897337
54.600000 0.359745 0.898427 0.180907 0.370672 1.097921 0.700543 0.278792 0.899038
54.800000 0.359598 0.898672 0.181230 0.371445 1.099568 0.700852 0.279361 0.900589
55.000000 0.359454 0.898860 0.181277 0.372093 1.101217 0.700843 0.279767 0.902553
55.200000 0.359256 0.898808 0.181291 0.372850 1.102800 0.701109 0.280203 0.904008
55.400000 0.358971 0.898726 0.181381 0.373665 1.103997 0.701152 0.280582 0.905354
55.600000 0.358964 0.898714 0.181624 0.374075 1.105492 0.701226 0.281047 0.906935
55.800000 0.358795 0.898883 0.181593 0.374937 1.106916 0.701346 0.281354 0.908457
56.000000 0.358656 0.898894 0.181810 0.375702 1.108125 0.701742 0.281723 0.909953
56.200000 0.358539 0.898767 0.181983 0.376222 1.109429 0.701869 0.281991 0.911155
56.400000 0.358276 0.898857 0.181892 0.376998 1.110811 0.701752 0.282403 0.912389
56.600000 0.358175 0.898733 0.182176 0.377436 1.111664 0.701906 0.282800 0.913763
56.800000 0.358040 0.898501 0.182164 0.378063 1.112883 0.701971 0.283104 0.914818
57.000000 0.357900 0.898712 0.182276 0.378624 1.114189 0.702134 0.283489 0.916265
57.200000 0.357745 0.898491 0.182467 0.379260 1.115117 0.702059 0.283809 0.917236
57.400000 0.357567 0.859491 0.182645 0.379910 1.116249 0.702320 0.284076 0.918302
57.600000 0.357310 0.859428 0.182391 0.380530 1.117516 0.702571 0.284355 0.919527
57.800000 0.357270 0.898300 0.182589 0.380956 1.118136 0.702539 0.284578 0.920681
58.000000 0.357176 0.898180 0.182781 0.381600 1.119086 0.702716 0.285040 0.921624
58.200000 0.356998 0.898180 0.182940 0.382182 1.120058 0.702912 0.285381 0.922671
58.400000 0.356866 0.898017 0.182859 0.382548 1.120886 0.702930 0.285569 0.923530
58.600000 0.356626 0.897946 0.182836 0.383269 1.121646 0.664067 0.285941 0.924527
58.800000 0.356590 0.897659 0.182893 0.383666 1.122600 0.703143 0.286166 0.925309
59.000000 0.356445 0.897561 0.182991 0.384196 1.122986 0.703243 0.286502 0.926299
59.200000 0.356429 0.897409 0.183191 0.384792 1.124094 0.703474 0.286693 0.927112
59.400000 0.356313 0.897308 0.183211 0.385246 1.124856 0.703448 0.287125 0.927789
59.600000 0.356184 0.896940 0.183331 0.385681 1.125453 0.703475 0.287305 0.928724
59.800000 0.356060 0.896875 0.183454 0.386085 1.126369 0.703886 0.287512 0.929396
60.000000 0.355926 0.896854 0.183515 0.386688 1.127071 0.703951 0.287839 0.930385
60.200000 0.355793 0.896516 0.183677 0.387381 1.127984 0.704151 0.288229 0.931337
60.400000 0.355552 0.896208 0.183620 0.387771 1.128273 0.704268 0.288337 0.931979
60.600000 0.355526 0.896139 0.183641 0.388275 1.129242 0.704137 0.288622 0.932630
60.800000 0.355289 0.895985 0.183733 0.388743 1.129618 0.704493 0.288963 0.933133
61.000000 0.355139 0.895652 0.183825 0.389139 1.129939 0.704585 0.288982 0.933622
61.200000 0.354846 0.895403 0.183722 0.389428 1.130549 0.704528 0.289237 0.934433
61.400000 0.354614 0.895215 0.183942 0.390115 1.131237 0.704512 0.289569 0.934759
61.600000 0.354541 0.894967 0.184153 0.390420 1.131680 0.704905 0.289649 0.935270
61.800000 0.354448 0.894851 0.184171 0.390697 1.132121 0.704838 0.289851 0.935967
62.000000 0.354158 0.894782 0.184043 0.391231 1.132320 0.705205 0.290034 0.936498
62.200000 0.354063 0.894357 0.184181 0.391513 1.133022 0.705155 0.290258 0.936867
62.400000 0.353933 0.894169 0.184097 0.391947 1.133359 0.705276 0.290420 0.937358
62.600000 0.353811 0.893981 0.184313 0.392340 1.133707 0.705373 0.290616 0.937554
62.800000 0.353740 0.893709 0.184375 0.392649 1.134038 0.705668 0.290952 0.938363
63.000000 0.353401 0.893642 0.184416 0.392929 1.134266 0.705422 0.290874 0.938444
63.200000 0.353270 0.893139 0.184590 0.393379 1.134858 0.705742 0.291184 0.938956
63.400000 0.353113 0.893221 0.184485 0.393875 1.135233 0.705987 0.291161 0.939580
63.600000 0.353128 0.892697 0.184547 0.394006 1.135167 0.705992 0.291338 0.939700
63.800000 0.352978 0.892389 0.184485 0.394375 1.135454 0.706148 0.291597 0.939978
64.000000 0.352907 0.892143 0.184776 0.394761 1.135842 0.706318 0.291846 0.940515
64.200000 0.352709 0.891947 0.184703 0.395165 1.135982 0.706256 0.291836 0.940532
64.400000 0.352549 0.891470 0.184727 0.395393 1.136041 0.706340 0.292081 0.940952
64.600000 0.352432 0.891530 0.184633 0.395736 1.136589 0.706621 0.292181 0.941277
64.800000 0.352317 0.890977 0.184919 0.396078 1.136701 0.706727 0.292410 0.941745
65.000000 0.352200 0.890682 0.184899 0.396362 1.137049 0.706809 0.292518 0.941755
65.200000 0.352045 0.890562 0.184847 0.396678 1.137141 0.706798 0.292610 0.942210
65.400000 0.351984 0.890133 0.185025 0.396984 1.137300 0.707014 0.292777 0.942152
65.600000 0.351777 0.889981 0.184789 0.397273 1.137310 0.707219 0.292835 0.942344
65.800000 0.312555 0.889484 0.184839 0.397556 1.137359 0.707243 0.293111 0.942599
66.000000 0.351260 0.889306 0.185006 0.397664 1.137431 0.707141 0.293155 0.942672
66.200000 0.351405 0.888983 0.185111 0.397998 1.137538 0.707285 0.293227 0.942724
66.400000 0.351023 0.888640 0.184984 0.398359 1.137315 0.707428 0.293308 0.942784
66.600000 0.350999 0.888463 0.185128 0.398606 1.137700 0.707665 0.293447 0.943104
66.800000 0.350888 0.887922 0.185280 0.398903 1.137641 0.707568 0.293343 0.943014
67.000000 0.350792 0.887737 0.185112 0.399091 1.137748 0.707703 0.293605 0.943296
67.200000 0.350754 0.887463 0.185134 0.399196 1.137921 0.708132 0.293770 0.943508
67.400000 0.350697 0.886892 0.185134 0.399532 1.137730 0.707880 0.293875 0.943580
67.600000 0.350557 0.886729 0.185329 0.399655 1.137982 0.708025 0.293912 0.943593
67.800000 0.350413 0.886513 0.185295 0.399917 1.137688 0.708105 0.293958 0.943527
68.000000 0.350493 0.886158 0.185391 0.400123 1.137759 0.708406 0.293943 0.943492
68.200000 0.350448 0.886046 0.185386 0.400438 1.137936 0.708487 0.294187 0.943726
68.400000 0.350220 0.885555 0.185462 0.400615 1.137920 0.708586 0.294300 0.943860
68.600000 0.350282 0.885238 0.185435 0.400999 1.137824 0.708608 0.294325 0.943666
68.800000 0.350301 0.884964 0.185421 0.401092 1.137925 0.708695 0.294401 0.943854
69.000000 0.350233 0.884767 0.185504 0.401156 1.137802 0.708779 0.294493 0.943879
69.200000 0.350176 0.884465 0.185645 0.401602 1.138055 0.709027 0.294635 0.943952
69.400000 0.350083 0.884159 0.185586 0.401744 1.137782 0.708993 0.294595 0.944054
69.600000 0.349750 0.884073 0.185609 0.401996 1.137833 0.708938 0.294540 0.943774
69.800000 0.349879 0.883641 0.185529 0.402149 1.137739 0.709241 0.294812 0.944094
70.000000 0.349600 0.883404 0.185621 0.402372 1.137809 0.709251 0.294707 0.944011
70.200000 0.349675 0.883246 0.185565 0.402572 1.137790 0.709516 0.294938 0.943954
70.400000 0.349568 0.882959 0.185713 0.402827 1.137713 0.709578 0.294808 0.944130
70.600000 0.349262 0.882588 0.185547 0.402930 1.137686 0.709579 0.295040 0.943943
70.800000 0.349165 0.882266 0.185782 0.403218 1.137831 0.709613 0.295239 0.944007
71.000000 0.349218 0.882149 0.185795 0.403372 1.137831 0.709924 0.295199 0.943925
71.200000 0.349008 0.881925 0.185900 0.403470 1.137510 0.709902 0.295226 0.944163
71.400000 0.348864 0.881631 0.185812 0.403606 1.137179 0.709703 0.295185 0.943800
71.600000 0.348864 0.881243 0.185981 0.403808 1.137471 0.710138 0.295268 0.943787
71.800000 0.348829 0.881118 0.185930 0.403905 1.137238 0.710145 0.295359 0.943852
72.000000 0.348505 0.880773 0.185899 0.404345 1.137014 0.710074 0.295420 0.944036
72.200000 0.348578 0.880516 0.185989 0.404097 1.136929 0.710372 0.295290 0.943838
72.400000 0.348303 0.880286 0.186104 0.404574 1.136838 0.710578 0.295447 0.943784
72.600000 0.348357 0.879966 0.185852 0.404737 1.136582 0.710472 0.295398 0.943468
72.800000 0.348068 0.879659 0.185971 0.404668 1.136390 0.710479 0.295320 0.943322
73.000000 0.348259 0.879536 0.186081 0.405101 1.136267 0.710678 0.295460 0.943554
73.200000 0.348184 0.879362 0.186147 0.405178 1.136094 0.710796 0.295465 0.943533
73.400000 0.348226 0.879095 0.186079 0.405558 1.136072 0.711172 0.295675 0.943540
73.600000 0.348112 0.878707 0.186106 0.405576 1.136038 0.711016 0.295576 0.943184
73.800000 0.347915 0.878328 0.186082 0.405581 1.136058 0.711302 0.295680 0.943072
74.000000 0.348015 0.878346 0.186189 0.405793 1.135975 0.711351 0.295726 0.943239
74.200000 0.347962 0.877871 0.186030 0.406073 1.136007 0.711358 0.295782 0.943253
74.400000 0.347930 0.877760 0.186190 0.406121 1.135430 0.711400 0.295819 0.942873
74.600000 0.347850 0.877544 0.186304 0.406287 1.135317 0.711575 0.295701 0.942877
74.800000 0.347828 0.877481 0.186197 0.406256 1.135473 0.711759 0.295830 0.942959
75.000000 0.347746 0.877141 0.186268 0.406344 1.135188 0.711739 0.295844 0.942587
75.200000 0.347686 0.876880 0.186419 0.406725 1.135225 0.711960 0.296013 0.942722
75.400000 0.347406 0.876632 0.186225 0.406790 1.135094 0.711870 0.295700 0.942583
75.600000 0.347568 0.876481 0.186163 0.406900 1.134889 0.711834 0.295900 0.942401
75.800000 0.347294 0.876196 0.186312 0.406817 1.134693 0.712082 0.295885 0.942514
76.000000 0.347425 0.875978 0.186391 0.407166 1.134675 0.712050 0.295935 0.942288
76.200000 0.347347 0.875820 0.186330 0.407325 1.134267 0.712248 0.295880 0.942205
76.400000 0.347258 0.875505 0.186371 0.407313 1.134201 0.712269 0.295900 0.941945
76.600000 0.347232 0.875220 0.186386 0.407632 1.134180 0.712302 0.295991 0.941964
76.800000 0.347174 0.875007 0.186380 0.407713 1.134315 0.712380 0.295920 0.942000
77.000000 0.347151 0.874889 0.186413 0.407768 1.133888 0.712566 0.295935 0.941858
77.200000 0.347131 0.874710 0.186462 0.407865 1.133599 0.712490 0.295943 0.941730
77.400000 0.347089 0.874410 0.186497 0.408210 1.133524 0.712594 0.295948 0.941472
77.600000 0.347002 0.874212 0.186612 0.408168 1.133307 0.712590 0.295929 0.941343
77.800000 0.346859 0.874089 0.186705 0.408332 1.133155 0.713188 0.295938 0.941433
78.000000 0.346887 0.873801 0.186600 0.408487 1.133097 0.712944 0.295965 0.941304
78.200000 0.346765 0.873795 0.186558 0.408608 1.132879 0.712979 0.295964 0.941253
78.400000 0.346623 0.873460 0.186551 0.408757 1.171743 0.713132 0.295932 0.940932
78.600000 0.346410 0.873120 0.186551 0.408633 1.132659 0.713263 0.295917 0.941054
78.800000 0.346523 0.873208 0.186599 0.409069 1.132381 0.713332 0.295976 0.940741
79.000000 0.346431 0.872841 0.186560 0.408953 1.131941 0.713385 0.295956 0.940820
79.200000 0.346404 0.872406 0.186733 0.409038 1.131942 0.713366 0.295825 0.940283
79.400000 0.346340 0.872790 0.186660 0.409299 1.131964 0.713586 0.295996 0.940568
79.600000 0.346268 0.872207 0.186667 0.409275 1.131595 0.713525 0.295998 0.940354
79.800000 0.346258 0.872334 0.186552 0.409665 1.131618 0.713779 0.295962 0.940261
80.000000 0.346336 0.872150 0.186620 0.409409 1.131639 0.713824 0.295826 0.940287
80.200000 0.346221 0.871816 0.186667 0.409649 1.131452 0.714015 0.295910 0.940168
80.400000 0.346248 0.871885 0.186902 0.409761 1.131538 0.713873 0.295887 0.939958
80.600000 0.346214 0.871734 0.186722 0.409944 1.131110 0.714107 0.295987 0.940064
80.800000 0.346204 0.871128 0.186654 0.409845 1.130900 0.714191 0.295998 0.939874
81.000000 0.346170 0.871108 0.186639 0.409868 1.131106 0.714225 0.295931 0.939723
81.200000 0.346152 0.871195 0.186701 0.410010 1.130845 0.714313 0.295994 0.939730
81.400000 0.345956 0.871068 0.186919 0.410140 1.130736 0.714491 0.295762 0.939332
81.600000 0.346046 0.870789 0.186856 0.410276 1.130661 0.714510 0.295905 0.939374
81.800000 0.346034 0.870583 0.186874 0.410230 1.130463 0.714544 0.296016 0.939209
82.000000 0.346054 0.870476 0.186881 0.410356 1.130253 0.714508 0.295764 0.939199
82.200000 0.345963 0.870357 0.186884 0.410481 1.129937 0.714694 0.295818 0.939155
82.400000 0.345984 0.870062 0.186858 0.410536 1.129978 0.714808 0.295718 0.938948
82.600000 0.345848 0.869837 0.186846 0.410759 1.129782 0.714696 0.295726 0.938619
82.800000 0.345807 0.870049 0.186930 0.410649 1.129903 0.714927 0.295854 0.938731
83.000000 0.345865 0.869712 0.186977 0.410880 1.129499 0.715096 0.295821 0.938847
83.200000 0.345882 0.869733 0.186850 0.411027 1.129315 0.714994 0.295833 0.938793
83.400000 0.345856 0.869516 0.187008 0.410975 1.129354 0.715041 0.295805 0.938497
83.600000 0.345804 0.869337 0.187021 0.410921 1.129295 0.715110 0.295772 0.938550
83.800000 0.345679 0.869405 0.186989 0.411195 1.129297 0.715187 0.295737 0.938304
84.000000 0.345894 0.869064 0.187075 0.411247 1.129181 0.715458 0.295795 0.938373
84.200000 0.345492 0.869030 0.187199 0.411508 1.128822 0.715445 0.295674 0.938168
84.400000 0.345763 0.868953 0.186962 0.411529 1.128813 0.715451 0.295646 0.938192
84.600000 0.345544 0.868730 0.187215 0.411586 1.128621 0.715628 0.295572 0.938087
84.800000 0.345455 0.868747 0.186952 0.411415 1.128540 0.715681 0.295708 0.937888
85.000000 0.345407 0.868439 0.187110 0.411663 1.128333 0.715648 0.295671 0.937734
85.200000 0.345404 0.868493 0.186945 0.411758 1.128278 0.715918 0.295694 0.937777
85.400000 0.345301 0.868191 0.186965 0.411570 1.128006 0.715779 0.295627 0.976451
85.600000 0.345189 0.868080 0.187197 0.411919 1.127784 0.715912 0.295421 0.937477
85.800000 0.345007 0.868017 0.187086 0.411975 1.127800 0.716092 0.295784 0.937429
86.000000 0.344884 0.867835 0.186963 0.411877 1.127620 0.715948 0.295507 0.937140
86.200000 0.344864 0.867846 0.187323 0.411986 1.127396 0.716213 0.295412 0.937059
86.400000 0.344940 0.867818 0.187157 0.412119 1.127584 0.716274 0.295439 0.937147
86.600000 0.344809 0.867472 0.187190 0.412201 1.127061 0.716314 0.295426 0.936957
86.800000 0.344715 0.867380 0.187225 0.412212 1.127023 0.716160 0.295479 0.937011
87.000000 0.344654 0.867283 0.187088 0.412150 1.126713 0.716377 0.295422 0.936483
87.200000 0.344598 0.867000 0.187104 0.412403 1.126661 0.716264 0.295430 0.936541
87.400000 0.344421 0.867134 0.187335 0.412440 1.126438 0.716328 0.295547 0.936452
87.600000 0.344480 0.866839 0.187288 0.412588 1.126377 0.716617 0.295478 0.936267
87.800000 0.344536 0.866645 0.187150 0.412575 1.126188 0.716553 0.295345 0.935886
88.000000 0.344466 0.866424 0.187114 0.412496 1.126225 0.716589 0.295341 0.936056
88.200000 0.344559 0.866525 0.187360 0.412556 1.125915 0.716747 0.295334 0.936063
88.400000 0.344527 0.866341 0.187257 0.412647 1.126061 0.716902 0.295348 0.935922
88.600000 0.344512 0.865951 0.187287 0.412646 1.125505 0.716963 0.295382 0.935775
88.800000 0.344532 0.866063 0.187277 0.412658 1.125521 0.716918 0.295372 0.935775
89.000000 0.344474 0.866191 0.187240 0.412625 1.125628 0.717107 0.295110 0.935653
89.200000 0.344393 0.865657 0.187403 0.412896 1.125482 0.717230 0.295236 0.935486
89.400000 0.344682 0.865524 0.187241 0.412836 1.125229 0.716955 0.295064 0.935167
89.600000 0.344504 0.865594 0.187218 0.412898 1.124923 0.717311 0.295166 0.935205
89.800000 0.344566 0.865337 0.187421 0.412781 1.124987 0.717250 0.295174 0.935198
90.000000 0.344399 0.865413 0.187426 0.413133 1.124948 0.717437 0.294998 0.935035
