0.200000 0.198720 0.438228 0.184080 0.306145 0.590857 0.605620 0.249059 0.480151
0.400000 0.198443 0.436707 0.184005 0.305014 0.587144 0.605246 0.248568 0.477631
0.600000 0.198459 0.436091 0.183838 0.304444 0.585036 0.605270 0.248324 0.476034
0.800000 0.198356 0.435194 0.183813 0.303655 0.582968 0.605132 0.248072 0.474483
1.000000 0.198451 0.434766 0.183768 0.303387 0.581141 0.605226 0.247806 0.473129
1.200000 0.198374 0.434148 0.183674 0.302823 0.578948 0.605012 0.247697 0.471512
1.400000 0.198184 0.433621 0.183644 0.302135 0.576992 0.605082 0.247446 0.469893
1.600000 0.198305 0.432862 0.183599 0.301746 0.574986 0.605031 0.247195 0.468581
1.800000 0.198241 0.432265 0.183500 0.301067 0.573048 0.604801 0.246989 0.466927
2.000000 0.198069 0.431567 0.183431 0.300694 0.571101 0.604943 0.246652 0.465611
2.200000 0.198162 0.430916 0.183278 0.300037 0.569260 0.604971 0.246575 0.464097
2.400000 0.198131 0.430387 0.183331 0.299571 0.567098 0.604706 0.246294 0.462523
2.600000 0.198204 0.390691 0.183304 0.298924 0.565210 0.604897 0.246098 0.460995
2.800000 0.198014 0.428829 0.183197 0.298448 0.563253 0.604719 0.245786 0.459567
3.000000 0.197955 0.428488 0.183190 0.298106 0.561363 0.604774 0.245611 0.458207
3.200000 0.197986 0.427951 0.183254 0.297389 0.559497 0.604575 0.245329 0.456801
3.400000 0.197868 0.427368 0.183104 0.296867 0.557626 0.604693 0.245106 0.455215
3.600000 0.197837 0.426749 0.182984 0.296255 0.555663 0.604503 0.244994 0.453885
3.800000 0.197693 0.425994 0.182926 0.295773 0.553517 0.604486 0.244550 0.452284
4.000000 0.197684 0.425491 0.182771 0.295375 0.551981 0.604494 0.244342 0.451084
4.200000 0.197627 0.424869 0.182701 0.294799 0.550133 0.604433 0.244113 0.449643
4.400000 0.197588 0.424238 0.182699 0.294273 0.548216 0.604299 0.243982 0.448173
4.600000 0.197558 0.423858 0.182574 0.293792 0.546380 0.604239 0.243549 0.446845
4.800000 0.197459 0.423244 0.182539 0.293092 0.544564 0.604163 0.243506 0.445576
5.000000 0.197470 0.422594 0.182449 0.292785 0.542805 0.604122 0.243099 0.444165
5.200000 0.197397 0.421966 0.182442 0.292296 0.541043 0.603723 0.242773 0.442900
5.400000 0.197393 0.421587 0.182385 0.291806 0.539261 0.604084 0.242839 0.441576
5.600000 0.197351 0.420896 0.182307 0.291378 0.537474 0.603898 0.242311 0.440232
5.800000 0.197260 0.420354 0.182288 0.290746 0.535706 0.604084 0.242202 0.438846
6.000000 0.197272 0.419888 0.182307 0.290231 0.533909 0.603874 0.242145 0.437540
6.200000 0.197284 0.419288 0.182099 0.289794 0.532298 0.603662 0.241784 0.436260
6.400000 0.197210 0.418847 0.182189 0.289170 0.530497 0.603556 0.241501 0.434676
6.600000 0.197137 0.418007 0.182189 0.288596 0.527842 0.603545 0.241215 0.433037
6.800000 0.197033 0.417506 0.181958 0.287897 0.526255 0.603719 0.240979 0.431798
7.000000 0.197037 0.417155 0.181747 0.287707 0.524730 0.603679 0.240697 0.430543
7.200000 0.197098 0.416552 0.182036 0.287353 0.523062 0.603730 0.240488 0.429462
7.400000 0.197004 0.415865 0.181949 0.286922 0.521302 0.603564 0.240367 0.428239
7.600000 0.197048 0.415505 0.181880 0.286709 0.519725 0.603573 0.240216 0.427028
7.800000 0.196975 0.415000 0.181799 0.286041 0.518184 0.603505 0.240020 0.425814
8.000000 0.196869 0.414554 0.181761 0.285520 0.516493 0.603210 0.239632 0.424541
8.200000 0.196951 0.414114 0.181642 0.285158 0.514869 0.603402 0.239496 0.423317
8.400000 0.196877 0.413508 0.181608 0.284622 0.513428 0.603399 0.239319 0.422295
8.600000 0.196827 0.412991 0.181574 0.284171 0.511862 0.603294 0.239089 0.420908
8.800000 0.196804 0.412650 0.181438 0.283952 0.510237 0.603218 0.238815 0.419897
9.000000 0.196757 0.412201 0.181589 0.283546 0.508779 0.602927 0.238640 0.418766
9.200000 0.196571 0.411555 0.181449 0.282958 0.507253 0.603095 0.238353 0.417749
9.400000 0.196394 0.411199 0.181180 0.282560 0.505613 0.602984 0.238056 0.416392
9.600000 0.196570 0.410665 0.181357 0.282056 0.504001 0.602744 0.237811 0.415269
9.800000 0.196483 0.410280 0.181159 0.281720 0.502630 0.602734 0.237648 0.414147
10.000000 0.196466 0.409779 0.180973 0.281110 0.501218 0.602759 0.237550 0.413094
10.200000 0.196260 0.409317 0.180982 0.280872 0.499600 0.602736 0.237129 0.412031
10.400000 0.196232 0.408797 0.181037 0.280526 0.498488 0.602750 0.237013 0.411009
10.600000 0.196355 0.408360 0.180675 0.279937 0.496472 0.602715 0.236872 0.409733
10.800000 0.196275 0.407962 0.180996 0.279777 0.495591 0.602788 0.236632 0.408858
11.000000 0.196270 0.407658 0.180910 0.279381 0.493839 0.602550 0.236499 0.407861
11.200000 0.196262 0.407189 0.180867 0.278873 0.492414 0.602310 0.236070 0.406629
11.400000 0.196218 0.406837 0.180824 0.278490 0.491151 0.602513 0.236033 0.405625
11.600000 0.196208 0.406432 0.180991 0.278146 0.489693 0.602355 0.235775 0.404519
11.800000 0.196180 0.405931 0.180670 0.277859 0.488353 0.602558 0.235503 0.403727
12.000000 0.196135 0.405412 0.180687 0.277323 0.486916 0.602299 0.235313 0.402400
12.200000 0.196223 0.405169 0.180578 0.276974 0.485587 0.602416 0.235205 0.401349
12.400000 0.196073 0.404826 0.180799 0.276741 0.484378 0.602347 0.235009 0.400446
12.600000 0.195967 0.404142 0.180641 0.275841 0.482726 0.602028 0.234772 0.399160
12.800000 0.195976 0.404047 0.180595 0.275829 0.481401 0.601977 0.234382 0.398694
13.000000 0.195959 0.403513 0.180635 0.275524 0.480224 0.602317 0.234496 0.397677
13.200000 0.196034 0.403175 0.180624 0.275121 0.479022 0.602112 0.234313 0.396603
13.400000 0.195969 0.403097 0.180579 0.274862 0.477639 0.602101 0.234180 0.395854
13.600000 0.195937 0.402414 0.180537 0.274541 0.476810 0.601903 0.234044 0.394939
13.800000 0.195903 0.402314 0.179772 0.274256 0.475542 0.602096 0.233750 0.394006
14.000000 0.195909 0.401784 0.180265 0.273758 0.474362 0.601953 0.233592 0.393069
14.200000 0.195866 0.401515 0.180404 0.273675 0.473195 0.601904 0.233393 0.392442
14.400000 0.195848 0.401059 0.180410 0.273287 0.472047 0.601862 0.233235 0.391390
14.600000 0.195822 0.400785 0.180179 0.272984 0.470929 0.601823 0.233040 0.390881
14.800000 0.195788 0.400587 0.180162 0.272610 0.469874 0.601879 0.232888 0.389885
15.000000 0.195794 0.400229 0.180292 0.272299 0.507804 0.601715 0.232841 0.389016
15.200000 0.195715 0.399826 0.180140 0.272165 0.467547 0.601701 0.232491 0.388262
15.400000 0.195741 0.399582 0.180142 0.271682 0.466413 0.601918 0.232299 0.387409
15.600000 0.195677 0.399138 0.180063 0.271234 0.465094 0.601580 0.232160 0.386375
15.800000 0.195653 0.398797 0.180082 0.270942 0.464083 0.601530 0.231974 0.385709
16.000000 0.195481 0.398437 0.179970 0.270705 0.463065 0.601494 0.231644 0.384958
16.200000 0.195574 0.398336 0.180073 0.270424 0.461899 0.601475 0.231576 0.383924
16.400000 0.195506 0.397697 0.180185 0.270118 0.460802 0.601078 0.231329 0.383039
16.600000 0.195530 0.397526 0.179990 0.269814 0.459717 0.601251 0.231245 0.382458
16.800000 0.195492 0.397275 0.179786 0.269328 0.458598 0.601267 0.231091 0.381638
17.000000 0.195319 0.396951 0.179793 0.269288 0.457626 0.601196 0.230911 0.380882
17.200000 0.195413 0.396530 0.179757 0.268575 0.456529 0.601288 0.230610 0.379956
17.400000 0.195427 0.396190 0.179855 0.268635 0.455380 0.600761 0.230579 0.379298
17.600000 0.195368 0.396102 0.179769 0.268300 0.454310 0.601122 0.230369 0.378504
17.800000 0.195373 0.395685 0.179694 0.268049 0.453236 0.601131 0.230253 0.377793
18.000000 0.195376 0.395345 0.179619 0.267704 0.452396 0.601004 0.230064 0.376961
18.200000 0.195326 0.395017 0.179863 0.267450 0.451283 0.600810 0.229912 0.376164
18.400000 0.195236 0.394790 0.179695 0.267063 0.450215 0.601029 0.229734 0.375668
18.600000 0.195283 0.394320 0.179608 0.266757 0.449236 0.600795 0.229569 0.374732
18.800000 0.195304 0.394273 0.179739 0.266605 0.448316 0.600785 0.229331 0.373926
19.000000 0.195073 0.393624 0.179494 0.266116 0.446653 0.600642 0.229142 0.372891
19.200000 0.195200 0.393220 0.179455 0.265882 0.445752 0.600690 0.228933 0.372202
19.400000 0.195143 0.392926 0.179469 0.265584 0.444652 0.600674 0.228801 0.371474
19.600000 0.195232 0.392721 0.179453 0.265278 0.443816 0.600449 0.228474 0.370646
19.800000 0.195102 0.392606 0.179594 0.264913 0.442920 0.600500 0.228444 0.369995
20.000000 0.195029 0.392267 0.179407 0.264534 0.441836 0.600341 0.228184 0.369258
20.200000 0.195056 0.391884 0.179350 0.264533 0.440928 0.600306 0.228126 0.368579
20.400000 0.194899 0.391399 0.179155 0.264149 0.439977 0.600342 0.227837 0.367832
20.600000 0.194947 0.391133 0.179443 0.263850 0.438858 0.600174 0.227776 0.367081
20.800000 0.194940 0.391070 0.179255 0.263625 0.438116 0.600217 0.227649 0.366414
21.000000 0.194920 0.390751 0.179378 0.263395 0.436950 0.600248 0.227589 0.365788
21.200000 0.194883 0.390429 0.179204 0.263340 0.436238 0.600224 0.227288 0.365071
21.400000 0.194714 0.390182 0.179065 0.262784 0.435263 0.600255 0.227183 0.364256
21.600000 0.194716 0.389714 0.179172 0.262452 0.434176 0.599969 0.226931 0.363753
21.800000 0.194634 0.389510 0.179121 0.262284 0.433472 0.599961 0.226848 0.363085
22.000000 0.194833 0.389152 0.179066 0.262084 0.432440 0.599784 0.226665 0.362362
22.200000 0.194786 0.389088 0.179057 0.261755 0.431551 0.599992 0.226566 0.361927
22.400000 0.194318 0.388675 0.178971 0.261498 0.430507 0.599505 0.226038 0.360439
22.600000 0.194600 0.388473 0.178952 0.261176 0.429586 0.599798 0.226216 0.360373
22.800000 0.194623 0.388071 0.178888 0.260856 0.428714 0.599668 0.225984 0.359573
23.000000 0.194578 0.387886 0.178664 0.260579 0.427870 0.599663 0.225745 0.358962
23.200000 0.194607 0.387576 0.178822 0.260379 0.426945 0.599550 0.225529 0.358380
23.400000 0.194557 0.387305 0.178715 0.260053 0.426324 0.599419 0.225602 0.357795
23.600000 0.194532 0.387005 0.178731 0.259872 0.425389 0.599424 0.225435 0.356969
23.800000 0.194531 0.386941 0.178591 0.259554 0.424359 0.599227 0.225088 0.356330
24.000000 0.194367 0.386288 0.178401 0.259209 0.423183 0.599175 0.224835 0.355466
24.200000 0.194232 0.385791 0.178377 0.258501 0.422095 0.599364 0.224716 0.354895
24.400000 0.194466 0.385808 0.178602 0.258732 0.421552 0.599086 0.224736 0.354183
24.600000 0.194250 0.385588 0.178656 0.258592 0.420605 0.599243 0.224569 0.353655
24.800000 0.194245 0.385416 0.178607 0.258266 0.419979 0.599195 0.224412 0.353014
25.000000 0.194333 0.384868 0.178534 0.257752 0.418738 0.598972 0.224158 0.352297
25.200000 0.194301 0.384819 0.178481 0.257688 0.417966 0.599004 0.223884 0.351682
25.400000 0.194278 0.384414 0.178384 0.257542 0.417185 0.598771 0.223866 0.351064
25.600000 0.194129 0.384219 0.178436 0.257126 0.416299 0.598878 0.223698 0.350409
25.800000 0.194261 0.383948 0.178076 0.256888 0.415642 0.598821 0.223653 0.349960
26.000000 0.194219 0.383707 0.178238 0.256701 0.414625 0.598684 0.223448 0.349404
26.200000 0.193951 0.383347 0.178195 0.256453 0.413904 0.598586 0.223118 0.348513
26.400000 0.194210 0.383333 0.178291 0.256271 0.413232 0.598605 0.223196 0.348350
26.600000 0.194147 0.383071 0.178303 0.256037 0.412397 0.598528 0.223078 0.347469
26.800000 0.193964 0.382730 0.178291 0.255828 0.411727 0.598499 0.222744 0.347004
27.000000 0.194116 0.382770 0.178236 0.255562 0.411027 0.598722 0.222649 0.346384
27.200000 0.193956 0.382504 0.178235 0.255376 0.410115 0.598394 0.222748 0.345916
27.400000 0.194033 0.382155 0.178083 0.255165 0.409317 0.598419 0.222574 0.345430
27.600000 0.194070 0.381955 0.178359 0.254950 0.408669 0.598407 0.222355 0.344944
27.800000 0.193999 0.381677 0.178132 0.254623 0.407925 0.598226 0.222226 0.344340
28.000000 0.194009 0.381478 0.178106 0.254397 0.407192 0.598313 0.222256 0.343906
28.200000 0.193977 0.381286 0.178032 0.254356 0.406354 0.598174 0.221938 0.343120
28.400000 0.193933 0.380864 0.178189 0.253987 0.405715 0.597929 0.221981 0.342628
28.600000 0.193904 0.380830 0.178168 0.253736 0.405077 0.598279 0.221571 0.342174
28.800000 0.193866 0.380513 0.177928 0.253705 0.404176 0.598024 0.221615 0.341633
29.000000 0.193872 0.380179 0.178016 0.253320 0.403670 0.598064 0.221294 0.341089
29.200000 0.193860 0.380099 0.177971 0.253105 0.402916 0.597981 0.221399 0.340326
29.400000 0.193896 0.379912 0.177723 0.252910 0.402213 0.597978 0.221241 0.340117
29.600000 0.193659 0.379689 0.178018 0.252843 0.401394 0.597794 0.221030 0.339571
29.800000 0.193793 0.379572 0.177988 0.252495 0.400731 0.597988 0.220912 0.339035
30.000000 0.193728 0.379292 0.177876 0.252303 0.399996 0.597860 0.220786 0.338554
30.200000 0.193761 0.379092 0.177822 0.251950 0.399610 0.597735 0.220566 0.337890
30.400000 0.193707 0.378671 0.177634 0.251693 0.398680 0.597566 0.220377 0.337484
30.600000 0.194010 0.378421 0.177619 0.251579 0.398051 0.597573 0.220047 0.336898
30.800000 0.195690 0.378373 0.177750 0.251367 0.397288 0.597567 0.220333 0.336385
31.000000 0.199125 0.377978 0.177724 0.251049 0.396708 0.597513 0.220092 0.335926
31.200000 0.203689 0.377532 0.177709 0.250995 0.396112 0.597423 0.219932 0.335343
31.400000 0.209913 0.377541 0.177629 0.250894 0.395709 0.597366 0.219827 0.335356
31.600000 0.218179 0.377778 0.177770 0.250819 0.395882 0.597465 0.219778 0.335237
31.800000 0.226849 0.377189 0.177738 0.250897 0.396242 0.597277 0.219609 0.335642
32.000000 0.236371 0.377371 0.177768 0.251101 0.397198 0.597294 0.219639 0.336182
32.200000 0.245973 0.377848 0.177820 0.251349 0.398822 0.597356 0.219715 0.337487
32.400000 0.255304 0.378360 0.177922 0.251936 0.401213 0.597293 0.219667 0.339133
32.600000 0.264224 0.379485 0.178040 0.253134 0.404332 0.597190 0.219528 0.341237
32.800000 0.272235 0.380517 0.178006 0.254318 0.408282 0.597191 0.219777 0.344065
33.000000 0.280079 0.382378 0.178142 0.255938 0.412842 0.597113 0.220053 0.347319
33.200000 0.286709 0.384688 0.178608 0.258127 0.418196 0.597261 0.220123 0.351104
33.400000 0.292774 0.388002 0.178999 0.260570 0.424445 0.597419 0.220256 0.355361
33.600000 0.298005 0.391903 0.179379 0.263236 0.430977 0.597059 0.220466 0.360057
33.800000 0.302821 0.396448 0.179731 0.266354 0.438173 0.597361 0.220498 0.364997
34.000000 0.306886 0.402091 0.179947 0.269870 0.445844 0.597252 0.220934 0.370717
34.200000 0.310655 0.408455 0.180484 0.273249 0.454172 0.597138 0.221117 0.376485
34.400000 0.313858 0.415444 0.180676 0.276911 0.463000 0.597113 0.221526 0.383098
34.600000 0.316716 0.423466 0.181248 0.280422 0.472179 0.597335 0.221651 0.389651
34.800000 0.319111 0.432280 0.181615 0.283679 0.482014 0.596958 0.221975 0.396804
35.000000 0.321341 0.441658 0.181938 0.287186 0.492199 0.597255 0.222293 0.404168
35.200000 0.322992 0.451914 0.182342 0.290606 0.502683 0.597273 0.222596 0.411587
35.400000 0.324564 0.461674 0.182671 0.293692 0.512899 0.597308 0.222822 0.419005
35.600000 0.326023 0.472370 0.183093 0.296721 0.523372 0.597372 0.223137 0.426513
35.800000 0.327100 0.483198 0.183396 0.299605 0.534136 0.597342 0.223497 0.434201
36.000000 0.328153 0.494945 0.183620 0.302572 0.544956 0.597180 0.223644 0.442190
36.200000 0.328987 0.507012 0.183870 0.305454 0.556319 0.597364 0.224033 0.450079
36.400000 0.329721 0.519404 0.184166 0.307953 0.567645 0.597279 0.224379 0.458403
36.600000 0.330236 0.532167 0.184867 0.310797 0.579495 0.597358 0.224729 0.466862
36.800000 0.330969 0.545439 0.184971 0.313502 0.591585 0.597491 0.225010 0.475517
37.000000 0.331356 0.559242 0.185363 0.316190 0.604874 0.597507 0.225428 0.485398
37.200000 0.332084 0.579575 0.185856 0.319865 0.622620 0.597265 0.225908 0.497935
37.400000 0.332428 0.593642 0.186152 0.322544 0.635523 0.597442 0.226246 0.507053
37.600000 0.332691 0.607479 0.186312 0.324882 0.647911 0.597475 0.226561 0.516424
37.800000 0.332944 0.622361 0.186915 0.327312 0.661407 0.597274 0.226929 0.526351
38.000000 0.333172 0.636404 0.187086 0.329903 0.674298 0.597469 0.227232 0.535840
38.200000 0.333260 0.650065 0.187085 0.332241 0.687291 0.597503 0.227575 0.545622
38.400000 0.333412 0.663815 0.187795 0.334496 0.700263 0.597401 0.227931 0.555205
38.600000 0.333434 0.677403 0.187956 0.336680 0.713099 0.597524 0.228152 0.564972
38.800000 0.333960 0.690755 0.188310 0.339111 0.726112 0.597391 0.228685 0.574847
39.000000 0.333948 0.703570 0.188515 0.341297 0.738956 0.597508 0.228900 0.584791
39.200000 0.334083 0.716193 0.188783 0.343463 0.751500 0.597514 0.229418 0.594724
39.400000 0.334051 0.728389 0.189075 0.345311 0.764065 0.597486 0.229648 0.604593
39.600000 0.334194 0.740486 0.189454 0.347738 0.776777 0.597666 0.229989 0.614610
39.800000 0.334243 0.752000 0.189905 0.349669 0.789334 0.597630 0.230488 0.624541
40.000000 0.334379 0.763283 0.189980 0.351669 0.801444 0.597606 0.230706 0.634275
40.200000 0.334460 0.774095 0.190346 0.353866 0.813603 0.597587 0.230938 0.644295
40.400000 0.334336 0.784494 0.190325 0.355759 0.825558 0.597661 0.231193 0.654188
40.600000 0.334564 0.794795 0.190837 0.357754 0.837376 0.597542 0.231693 0.664041
40.800000 0.334498 0.804338 0.191107 0.359904 0.848903 0.597673 0.231952 0.673785
41.000000 0.334482 0.813439 0.191241 0.361880 0.860294 0.597699 0.232434 0.683483
41.200000 0.334620 0.822237 0.191696 0.363631 0.871295 0.597636 0.232828 0.692935
41.400000 0.334606 0.830395 0.191945 0.365673 0.882243 0.597544 0.232862 0.702478
41.600000 0.334652 0.838444 0.192207 0.367454 0.892845 0.597770 0.233573 0.711660
41.800000 0.334668 0.846018 0.192500 0.369518 0.903064 0.597825 0.233796 0.720679
42.000000 0.334755 0.853298 0.192841 0.371360 0.913277 0.597848 0.234201 0.729632
42.200000 0.334745 0.860098 0.192964 0.373133 0.923182 0.597750 0.234507 0.738468
42.400000 0.334767 0.866345 0.193225 0.374824 0.932381 0.597959 0.234919 0.747067
42.600000 0.334691 0.872687 0.193368 0.376582 0.941681 0.597932 0.235224 0.755515
42.800000 0.334761 0.878356 0.193667 0.378380 0.950558 0.597582 0.235443 0.763767
43.000000 0.334685 0.883833 0.194027 0.380240 0.959510 0.597974 0.236050 0.772082
43.200000 0.334657 0.889158 0.194227 0.381908 0.967732 0.597884 0.236266 0.780012
43.400000 0.334699 0.894757 0.194506 0.383760 0.977267 0.598137 0.236627 0.789192
43.600000 0.334606 0.900288 0.194706 0.385760 0.986627 0.597946 0.237098 0.797772
43.800000 0.334508 0.904765 0.195085 0.387431 0.994166 0.597934 0.237576 0.805064
44.000000 0.334432 0.908772 0.195166 0.388979 1.001584 0.597981 0.237583 0.812084
44.200000 0.334387 0.912664 0.195428 0.390709 1.008555 0.598024 0.238059 0.819219
44.400000 0.334407 0.916450 0.195522 0.392250 1.015317 0.598131 0.238381 0.826040
44.600000 0.334236 0.920065 0.195816 0.393937 1.022127 0.598084 0.238685 0.832670
44.800000 0.334372 0.923172 0.196181 0.395545 1.028538 0.598103 0.239148 0.838934
45.000000 0.334280 0.926252 0.196089 0.396979 1.034571 0.598071 0.239272 0.845164
45.200000 0.334294 0.929487 0.196388 0.398356 1.040638 0.598139 0.239693 0.851218
45.400000 0.334450 0.932456 0.196657 0.400069 1.046554 0.598158 0.240036 0.857285
45.600000 0.334253 0.935028 0.196818 0.401542 1.052172 0.598090 0.240351 0.863037
45.800000 0.334227 0.937671 0.197069 0.402975 1.057885 0.598052 0.240675 0.868647
46.000000 0.334195 0.939963 0.197234 0.404457 1.062675 0.598042 0.240986 0.873953
46.200000 0.333931 0.941991 0.197578 0.405874 1.067623 0.598058 0.241264 0.879131
46.400000 0.333962 0.944391 0.197729 0.407209 1.072593 0.598256 0.241623 0.884331
46.600000 0.333899 0.946613 0.197879 0.408782 1.077414 0.598248 0.242000 0.889268
46.800000 0.333798 0.948350 0.197982 0.410017 1.081956 0.598086 0.242246 0.894131
47.000000 0.333765 0.950425 0.198351 0.411459 1.086410 0.598208 0.242707 0.898786
47.200000 0.333586 0.952094 0.198240 0.412778 1.090534 0.598127 0.242859 0.903352
47.400000 0.333614 0.953857 0.198560 0.414374 1.094879 0.598363 0.243077 0.907759
47.600000 0.333463 0.955144 0.198731 0.415595 1.098665 0.598189 0.243536 0.912104
47.800000 0.333497 0.956795 0.198871 0.416694 1.102551 0.598195 0.243778 0.916214
48.000000 0.333549 0.958395 0.198966 0.418179 1.106214 0.598361 0.244222 0.920537
48.200000 0.333490 0.959756 0.199400 0.419372 1.110076 0.598304 0.244141 0.924432
48.400000 0.333541 0.961095 0.199720 0.420829 1.113641 0.598601 0.244757 0.928248
48.600000 0.333466 0.962362 0.199589 0.421936 1.116759 0.598199 0.245199 0.931856
48.800000 0.333484 0.963228 0.199616 0.423328 1.120058 0.598537 0.245385 0.935290
49.000000 0.333296 0.964412 0.200038 0.424576 1.123138 0.598453 0.245753 0.938912
49.200000 0.333384 0.965558 0.200068 0.425854 1.126337 0.598474 0.245863 0.942401
49.400000 0.333351 0.966638 0.200381 0.426927 1.129450 0.598665 0.246405 0.945796
49.600000 0.333240 0.967494 0.200372 0.428047 1.132141 0.598508 0.246566 0.948876
49.800000 0.333205 0.968339 0.200515 0.429634 1.135467 0.598555 0.246897 0.952709
50.000000 0.333229 0.969412 0.200872 0.430647 1.138101 0.598608 0.247471 0.955714
50.200000 0.333110 0.970315 0.201020 0.431884 1.141063 0.598611 0.247508 0.958619
50.400000 0.333211 0.971153 0.201142 0.433070 1.143520 0.598731 0.248060 0.961740
50.600000 0.333153 0.971819 0.201260 0.434388 1.146059 0.598834 0.248199 0.964707
50.800000 0.333178 0.972629 0.201556 0.435628 1.148685 0.598843 0.248553 0.967546
51.000000 0.332955 0.973194 0.201447 0.436569 1.150791 0.598641 0.248778 0.969949
51.200000 0.333149 0.973968 0.201609 0.437790 1.153404 0.598838 0.249128 0.972782
51.400000 0.333127 0.974597 0.201773 0.438917 1.155549 0.598931 0.249433 0.975188
51.600000 0.333096 0.974857 0.201889 0.440049 1.157649 0.598835 0.249682 0.977690
51.800000 0.333017 0.975509 0.202180 0.441162 1.159609 0.598802 0.249994 0.980100
52.000000 0.333024 0.976248 0.202228 0.442109 1.161675 0.598895 0.250277 0.982410
52.200000 0.333054 0.977085 0.202339 0.443254 1.163857 0.599012 0.250294 0.984823
52.400000 0.333009 0.977352 0.202492 0.444458 1.165802 0.599026 0.250703 0.987125
52.600000 0.332999 0.977687 0.202761 0.445493 1.167603 0.598940 0.251132 0.989080
52.800000 0.332930 0.978174 0.202654 0.446576 1.169371 0.599067 0.251356 0.991063
53.000000 0.332923 0.978555 0.203021 0.447633 1.171429 0.598919 0.252005 0.993059
53.200000 0.332895 0.979093 0.203242 0.448507 1.172934 0.599008 0.251891 0.995133
53.400000 0.332800 0.979558 0.203339 0.449566 1.174741 0.599201 0.252283 0.997288
53.600000 0.332648 0.978708 0.203329 0.450707 1.176417 0.599201 0.252490 0.998876
53.800000 0.332667 0.980094 0.203527 0.451607 1.177843 0.599137 0.252751 1.000849
54.000000 0.332731 0.980303 0.203553 0.452631 1.179335 0.599195 0.253107 1.002658
54.200000 0.332567 0.980741 0.203603 0.453739 1.180762 0.599136 0.253359 1.004353
54.400000 0.332513 0.981057 0.203798 0.454553 1.182137 0.599065 0.253712 1.006102
54.600000 0.332634 0.981331 0.203916 0.455615 1.183747 0.599271 0.253862 1.007826
54.800000 0.332775 0.981614 0.204073 0.456392 1.185250 0.599404 0.254083 1.009289
55.000000 0.332577 0.981757 0.204237 0.457453 1.186462 0.599343 0.254375 1.010833
55.200000 0.332591 0.982058 0.204338 0.458471 1.187845 0.599420 0.254543 1.012457
55.400000 0.332577 0.982318 0.204414 0.459353 1.189026 0.599433 0.254923 1.013855
55.600000 0.332338 0.982512 0.204607 0.460202 1.189885 0.599375 0.255010 1.015254
55.800000 0.332561 0.982832 0.204753 0.461385 1.191766 0.599552 0.255447 1.017069
56.000000 0.332348 0.983170 0.204750 0.462425 1.193165 0.599480 0.255657 1.018393
56.200000 0.332360 0.982880 0.204755 0.463181 1.194021 0.599354 0.255877 1.019505
56.400000 0.332162 0.983073 0.204893 0.464101 1.195212 0.599306 0.256124 1.020849
56.600000 0.332202 0.983482 0.204964 0.464725 1.196189 0.599237 0.256455 1.021851
56.800000 0.332248 0.983462 0.204963 0.465929 1.197207 0.598973 0.256693 1.023498
57.000000 0.332316 0.983725 0.205352 0.466886 1.198549 0.599549 0.256870 1.024808
57.200000 0.332060 0.983912 0.205335 0.467684 1.199354 0.599423 0.257220 1.025890
57.400000 0.332168 0.983872 0.205498 0.468341 1.200224 0.599427 0.257426 1.026827
57.600000 0.332293 0.984118 0.205507 0.469404 1.201146 0.599383 0.257436 1.027911
57.800000 0.332140 0.984082 0.205636 0.469953 1.202003 0.599369 0.257730 1.029164
58.000000 0.331900 0.984058 0.205686 0.471018 1.203050 0.599334 0.257902 1.030283
58.200000 0.331892 0.984508 0.205631 0.472342 1.204603 0.599631 0.258729 1.031861
58.400000 0.331968 0.984348 0.205941 0.473297 1.205273 0.599597 0.258831 1.032791
58.600000 0.331932 0.984938 0.206110 0.474006 1.206231 0.599542 0.259202 1.033606
58.800000 0.331952 0.984953 0.206001 0.474727 1.206762 0.599694 0.259386 1.034817
59.000000 0.331934 0.984889 0.206417 0.475757 1.207581 0.599765 0.259553 1.035310
59.200000 0.331833 0.984811 0.206344 0.476182 1.208421 0.599546 0.259850 1.036188
59.400000 0.331849 0.985017 0.206321 0.477198 1.208996 0.599641 0.259973 1.037200
59.600000 0.331864 0.985137 0.206305 0.477997 1.209732 0.599703 0.260247 1.037998
59.800000 0.331839 0.985065 0.206725 0.478746 1.210660 0.599748 0.260339 1.038831
60.000000 0.331678 0.985472 0.206650 0.479677 1.211202 0.599560 0.260496 1.039180
60.200000 0.331778 0.985109 0.206741 0.480197 1.212085 0.599833 0.260992 1.040220
60.400000 0.331751 0.985121 0.206826 0.480983 1.212368 0.599908 0.261164 1.041073
60.600000 0.331581 0.985416 0.206995 0.481668 1.213420 0.599974 0.261423 1.041877
60.800000 0.331726 0.985482 0.207022 0.482422 1.213871 0.599847 0.261612 1.042371
61.000000 0.331677 0.985451 0.207092 0.483351 1.214492 0.599961 0.261712 1.043127
61.200000 0.331517 0.985627 0.207189 0.483910 1.215122 0.599971 0.262040 1.043797
61.400000 0.331588 0.985569 0.207275 0.484769 1.215748 0.599966 0.262285 1.044529
61.600000 0.331581 0.985449 0.207319 0.485265 1.216307 0.600091 0.262299 1.045026
61.800000 0.331647 0.985535 0.207446 0.486106 1.216781 0.600002 0.262685 1.045733
62.000000 0.331427 0.985683 0.207377 0.486976 1.217601 0.599985 0.263023 1.046565
62.200000 0.331453 0.985688 0.207562 0.487526 1.218090 0.599986 0.263146 1.047019
62.400000 0.331442 0.985753 0.207587 0.488159 1.218397 0.600021 0.263376 1.047504
62.600000 0.331500 0.985822 0.207526 0.488762 1.218892 0.600024 0.263666 1.047985
62.800000 0.331498 0.985655 0.207724 0.489536 1.219491 0.600162 0.263678 1.048719
63.000000 0.331469 0.985818 0.207872 0.490312 1.219961 0.600275 0.264129 1.049098
63.200000 0.331479 0.985828 0.207905 0.491100 1.220440 0.600203 0.264167 1.049782
63.400000 0.331395 0.985736 0.208195 0.491788 1.220904 0.600250 0.264477 1.050115
63.600000 0.331351 0.985754 0.208101 0.492283 1.221177 0.600161 0.264617 1.050529
63.800000 0.331346 0.985860 0.208409 0.492976 1.221671 0.600212 0.264851 1.050873
64.000000 0.331317 0.985995 0.208243 0.493724 1.222264 0.600162 0.264827 1.051346
64.200000 0.331225 0.985854 0.208001 0.494164 1.222771 0.600228 0.265277 1.051989
64.400000 0.331205 0.985434 0.208284 0.494924 1.222918 0.600345 0.265434 1.052291
64.600000 0.331246 0.985924 0.208513 0.495552 1.223425 0.600551 0.265717 1.052969
64.800000 0.331371 0.985955 0.208524 0.496340 1.224139 0.600300 0.265839 1.053310
65.000000 0.331201 0.985871 0.208442 0.496761 1.223934 0.600547 0.266020 1.053397
65.200000 0.331246 0.985754 0.208614 0.497273 1.224554 0.600335 0.266205 1.053843
65.400000 0.331134 0.985844 0.208877 0.498161 1.224961 0.600496 0.266565 1.054361
65.600000 0.331403 0.985993 0.208819 0.498630 1.225430 0.600509 0.266764 1.015675
65.800000 0.331411 0.985759 0.208817 0.499284 1.225833 0.600452 0.266634 1.055136
66.000000 0.331268 0.985606 0.208961 0.499792 1.225772 0.600550 0.267015 1.055347
66.200000 0.331382 0.985850 0.209013 0.500442 1.226257 0.600513 0.266992 1.055652
66.400000 0.331547 0.985583 0.209027 0.500851 1.226559 0.600491 0.267199 1.056048
66.600000 0.331278 0.985915 0.208797 0.501593 1.227172 0.600514 0.267684 1.056472
66.800000 0.331294 0.985884 0.209333 0.502253 1.227427 0.600526 0.267744 1.056749
67.000000 0.331124 0.986056 0.209282 0.502639 1.227629 0.600653 0.267642 1.057207
67.200000 0.331119 0.986039 0.209211 0.503113 1.227819 0.600690 0.268139 1.057412
67.400000 0.331178 0.985887 0.209495 0.504081 1.228220 0.600850 0.268296 1.057857
67.600000 0.331234 0.986081 0.209404 0.504507 1.228625 0.600882 0.268497 1.057799
67.800000 0.330982 0.986087 0.209386 0.504973 1.228863 0.600964 0.268795 1.058425
68.000000 0.330907 0.986146 0.209413 0.505702 1.229359 0.600846 0.268774 1.058592
68.200000 0.330567 0.986159 0.209591 0.506355 1.229677 0.600764 0.268908 1.059067
68.400000 0.330747 0.986090 0.209641 0.506948 1.229573 0.600694 0.269188 1.058968
68.600000 0.330742 0.986135 0.209665 0.507242 1.229750 0.600835 0.269468 1.059323
68.800000 0.330790 0.986013 0.209724 0.507752 1.230081 0.600870 0.269491 1.059631
69.000000 0.330550 0.985929 0.209671 0.508354 1.230340 0.600712 0.269665 1.059622
69.200000 0.330591 0.985742 0.209712 0.508934 1.230269 0.600650 0.269898 1.059846
69.400000 0.330648 0.985779 0.209954 0.509487 1.230341 0.600976 0.270058 1.059982
69.600000 0.330526 0.985819 0.210045 0.509906 1.231030 0.600743 0.270261 1.060143
69.800000 0.330716 0.985679 0.210027 0.510686 1.230992 0.600797 0.270525 1.060432
70.000000 0.330744 0.985534 0.210110 0.511105 1.231369 0.600985 0.270678 1.060551
70.200000 0.330809 0.985450 0.210058 0.511450 1.231371 0.600947 0.270609 1.060783
70.400000 0.330756 0.985553 0.210002 0.511828 1.231522 0.600926 0.270899 1.060697
70.600000 0.330793 0.985294 0.210241 0.512393 1.231960 0.601081 0.270938 1.060998
70.800000 0.330834 0.985469 0.210204 0.513079 1.232066 0.601040 0.271218 1.061189
71.000000 0.330779 0.985330 0.210152 0.513375 1.231988 0.600938 0.271397 1.061317
71.200000 0.330786 0.985370 0.210398 0.513921 1.232311 0.600997 0.271575 1.061555
71.400000 0.330787 0.985347 0.210318 0.514575 1.232606 0.601159 0.271857 1.061621
71.600000 0.330729 0.985178 0.210349 0.514923 1.232891 0.600895 0.271856 1.061816
71.800000 0.330750 0.985204 0.210335 0.515321 1.232552 0.601152 0.272171 1.061918
72.000000 0.330792 0.985214 0.210573 0.515925 1.233105 0.601112 0.272132 1.062186
72.200000 0.330671 0.985222 0.210628 0.516480 1.233244 0.601146 0.272284 1.062374
72.400000 0.330660 0.985112 0.210599 0.516926 1.233383 0.601054 0.272319 1.062328
72.600000 0.330756 0.985314 0.210599 0.517537 1.233788 0.601268 0.272715 1.062641
72.800000 0.330699 0.984808 0.210773 0.517931 1.233832 0.601267 0.272761 1.062678
73.000000 0.330814 0.985409 0.210855 0.518356 1.234069 0.601152 0.272939 1.062881
73.200000 0.330669 0.985285 0.210747 0.518913 1.234056 0.601212 0.273142 1.063227
73.400000 0.330868 0.985410 0.210952 0.519257 1.234273 0.601231 0.273202 1.063079
73.600000 0.330808 0.985270 0.210799 0.519791 1.234694 0.601299 0.273395 1.063351
73.800000 0.330699 0.985379 0.210964 0.520319 1.234738 0.601200 0.273512 1.063266
74.000000 0.330531 0.985300 0.210946 0.520908 1.234607 0.601398 0.273816 1.063687
74.200000 0.330630 0.985181 0.211170 0.521100 1.234838 0.601209 0.273848 1.063391
74.400000 0.330538 0.985521 0.211304 0.521765 1.235317 0.601422 0.274175 1.063982
74.600000 0.330586 0.985626 0.211248 0.522269 1.235278 0.601394 0.274144 1.063722
74.800000 0.330610 0.985649 0.211213 0.522599 1.235389 0.601500 0.274479 1.064044
75.000000 0.330364 0.985416 0.211290 0.522970 1.235539 0.601362 0.274524 1.064042
75.200000 0.330544 0.985311 0.211373 0.523647 1.235659 0.601379 0.274572 1.063922
75.400000 0.330535 0.985413 0.211443 0.523954 1.235856 0.601644 0.274750 1.064168
75.600000 0.330644 0.985419 0.211376 0.524412 1.235888 0.601569 0.274699 1.064326
75.800000 0.330637 0.985474 0.211492 0.524812 1.235969 0.601584 0.274953 1.064347
76.000000 0.330274 0.985065 0.211269 0.524935 1.235790 0.601252 0.274960 1.064437
76.200000 0.330384 0.984998 0.211434 0.525477 1.235818 0.601197 0.275053 1.064317
76.400000 0.330250 0.985128 0.211559 0.526050 1.235951 0.601282 0.275164 1.064418
76.600000 0.330577 0.985231 0.211664 0.526575 1.236364 0.601773 0.275431 1.064862
76.800000 0.330464 0.985164 0.211672 0.526984 1.236296 0.601537 0.275720 1.064699
77.000000 0.330259 0.985505 0.211873 0.527345 1.236820 0.601373 0.275855 1.065138
77.200000 0.330216 0.985155 0.211793 0.527866 1.236633 0.601710 0.275971 1.065132
77.400000 0.330206 0.985244 0.211717 0.528287 1.236822 0.601859 0.276115 1.065211
77.600000 0.330157 0.985177 0.211907 0.528528 1.236573 0.601679 0.276048 1.064879
77.800000 0.330156 0.985111 0.211924 0.529108 1.236952 0.601736 0.276207 1.065215
78.000000 0.330141 0.985368 0.212043 0.529562 1.236839 0.601773 0.276604 1.065134
78.200000 0.330184 0.985183 0.212083 0.529696 1.237152 0.601738 0.276606 1.065158
78.400000 0.330164 0.985059 0.212029 0.530266 1.237180 0.601677 0.276744 1.065070
78.600000 0.330092 0.984977 0.211952 0.530453 1.237099 0.601698 0.276645 1.065068
78.800000 0.330118 0.985155 0.211998 0.530781 1.237079 0.601894 0.276989 1.065119
79.000000 0.330166 0.985016 0.212224 0.531212 1.237203 0.601922 0.276646 1.065087
79.200000 0.330070 0.984876 0.212197 0.531741 1.237263 0.601943 0.277193 1.065116
79.400000 0.330193 0.984672 0.212133 0.532024 1.237213 0.601897 0.277150 1.064992
79.600000 0.330290 0.984653 0.212104 0.532423 1.237441 0.601863 0.277540 1.065411
79.800000 0.330076 0.984950 0.212359 0.532768 1.237354 0.601930 0.277321 1.065345
80.000000 0.330335 0.984783 0.212289 0.533416 1.237464 0.601704 0.277526 1.065223
80.200000 0.330473 0.984674 0.212374 0.533513 1.237332 0.601983 0.277830 1.065480
80.400000 0.330347 0.984677 0.212390 0.533813 1.237556 0.601976 0.277959 1.065337
80.600000 0.330294 0.984619 0.212293 0.534200 1.237506 0.601906 0.277916 1.065583
80.800000 0.330207 0.984507 0.212526 0.534608 1.237765 0.602030 0.278215 1.065315
81.000000 0.330329 0.984774 0.212414 0.534834 1.237843 0.601996 0.278225 1.065404
81.200000 0.330125 0.984673 0.212520 0.535107 1.237563 0.602110 0.278170 1.065474
81.400000 0.330197 0.984779 0.212260 0.535623 1.238015 0.602063 0.278496 1.065644
81.600000 0.330126 0.984401 0.212559 0.535823 1.237796 0.602065 0.278574 1.065593
81.800000 0.329986 0.984476 0.212616 0.536321 1.237796 0.602056 0.278594 1.065443
82.000000 0.330024 0.984514 0.212556 0.536641 1.238192 0.602369 0.278810 1.065558
82.200000 0.329904 0.984864 0.212560 0.536951 1.237978 0.602227 0.278852 1.065596
82.400000 0.329866 0.984689 0.212776 0.537126 1.238245 0.602003 0.278997 1.065329
82.600000 0.329817 0.984929 0.212798 0.537459 1.238151 0.602352 0.278969 1.065613
82.800000 0.329849 0.984556 0.212738 0.537802 1.237829 0.602263 0.279099 1.065413
83.000000 0.329769 0.984350 0.212789 0.537896 1.238041 0.602239 0.279235 1.065595
83.200000 0.329799 0.984351 0.213012 0.538401 1.238112 0.602149 0.279340 1.065447
83.400000 0.329809 0.984579 0.212835 0.538741 1.238162 0.602198 0.279456 1.065496
83.600000 0.329834 0.984463 0.212936 0.539038 1.238204 0.602325 0.279514 1.065644
83.800000 0.329822 0.984372 0.212944 0.539346 1.238350 0.602207 0.279645 1.065630
84.000000 0.329892 0.984327 0.212896 0.539470 1.238216 0.602144 0.279544 1.065493
84.200000 0.329830 0.984428 0.213014 0.539938 1.237971 0.602411 0.279772 1.065375
84.400000 0.329796 0.984103 0.212911 0.540100 1.238100 0.602397 0.279927 1.065415
84.600000 0.329809 0.984241 0.212830 0.540553 1.238315 0.602368 0.279849 1.065534
84.800000 0.329790 0.984145 0.213138 0.540649 1.237822 0.602096 0.279840 1.064884
85.000000 0.329631 0.984185 0.213039 0.541011 1.238375 0.602317 0.280190 1.065655
85.200000 0.329673 0.984131 0.213165 0.541415 1.238276 0.602520 0.280207 1.065073
85.400000 0.329587 0.983833 0.213018 0.541635 1.238335 0.602406 0.280201 1.065347
85.600000 0.329574 0.983968 0.213305 0.541956 1.238554 0.602692 0.280409 1.065194
85.800000 0.329468 0.983940 0.213032 0.542037 1.238138 0.602288 0.280194 1.064854
86.000000 0.329347 0.983912 0.213353 0.542540 1.238298 0.602648 0.280752 1.065364
86.200000 0.329173 0.983977 0.213354 0.542820 1.238311 0.602554 0.280874 1.065205
86.400000 0.329350 0.983827 0.213308 0.543193 1.238546 0.602529 0.280852 1.065098
86.600000 0.329242 0.983729 0.213301 0.543227 1.238361 0.602552 0.280789 1.064915
86.800000 0.329233 0.983461 0.213365 0.543667 1.238310 0.602431 0.281025 1.064776
87.000000 0.329289 0.983613 0.213403 0.543832 1.238282 0.602444 0.281106 1.064860
87.200000 0.329205 0.983492 0.213450 0.544159 1.238366 0.602599 0.281124 1.064765
87.400000 0.329147 0.983487 0.213593 0.544407 1.238155 0.602629 0.281264 1.064959
87.600000 0.329238 0.983332 0.213336 0.544733 1.238216 0.602441 0.281317 1.064640
87.800000 0.329197 0.983302 0.213536 0.544859 1.238251 0.602477 0.281422 1.064901
88.000000 0.329253 0.983408 0.213731 0.545329 1.238175 0.602812 0.281649 1.064782
88.200000 0.329244 0.983206 0.213558 0.545400 1.238247 0.602577 0.281597 1.064906
88.400000 0.329141 0.983087 0.213608 0.545614 1.238111 0.602669 0.281614 1.064696
88.600000 0.328997 0.982899 0.213563 0.545686 1.238004 0.602561 0.281649 1.064417
88.800000 0.329107 0.983098 0.213696 0.546205 1.238170 0.602720 0.281804 1.064389
89.000000 0.329118 0.982520 0.213651 0.546448 1.238146 0.602776 0.281978 1.064729
89.200000 0.329055 0.983015 0.213693 0.546683 1.238173 0.602866 0.281974 1.064391
89.400000 0.329069 0.982823 0.213743 0.546826 1.238004 0.602731 0.282036 1.064404
89.600000 0.329100 0.982795 0.213694 0.547298 1.237924 0.602740 0.282127 1.064314
89.800000 0.329093 0.982664 0.213677 0.547230 1.238083 0.602797 0.282145 1.064351
90.000000 0.329007 0.982520 0.213659 0.547791 1.237903 0.602816 0.282159 1.064218
