0.200000 0.054891 0.415929 0.159342 0.210093 0.471817 0.388379 0.194803 0.393466
0.400000 0.054570 0.414728 0.159437 0.209376 0.469327 0.388311 0.194336 0.391785
0.600000 0.054550 0.414081 0.159211 0.209315 0.468101 0.388053 0.194345 0.390502
0.800000 0.054541 0.413461 0.159240 0.208863 0.466505 0.388131 0.194243 0.389593
1.000000 0.054578 0.413011 0.159166 0.208610 0.465442 0.387892 0.193949 0.388637
1.200000 0.054521 0.412691 0.159121 0.208533 0.463948 0.388138 0.193800 0.387439
1.400000 0.054354 0.411979 0.159034 0.208173 0.462641 0.388100 0.193777 0.386502
1.600000 0.054484 0.411381 0.159028 0.207903 0.461126 0.388101 0.193767 0.385321
1.800000 0.054613 0.411047 0.159190 0.207620 0.459962 0.387982 0.193613 0.384505
2.000000 0.054447 0.410458 0.158998 0.207326 0.458670 0.388079 0.193386 0.383439
2.200000 0.054333 0.409964 0.159125 0.207057 0.457414 0.388041 0.193340 0.382434
2.400000 0.054322 0.409271 0.158710 0.206838 0.455809 0.387930 0.193162 0.381420
2.600000 0.054447 0.408708 0.158862 0.206509 0.454453 0.388019 0.192872 0.380303
2.800000 0.054442 0.408374 0.158853 0.206258 0.453318 0.387925 0.192888 0.379360
3.000000 0.054425 0.407995 0.158915 0.206038 0.451965 0.387750 0.192780 0.378384
3.200000 0.054410 0.407401 0.158868 0.205557 0.450749 0.387800 0.192658 0.377364
3.400000 0.054412 0.406859 0.158734 0.205482 0.449513 0.387843 0.192679 0.376284
3.600000 0.054403 0.406432 0.158721 0.205136 0.448198 0.387850 0.192457 0.375506
3.800000 0.054415 0.406022 0.158725 0.204793 0.447046 0.387782 0.192390 0.374479
4.000000 0.054422 0.405327 0.158745 0.204637 0.445745 0.387683 0.192109 0.373635
4.200000 0.054420 0.405030 0.158520 0.204440 0.444539 0.387762 0.191986 0.372746
4.400000 0.054397 0.404535 0.158708 0.204242 0.443133 0.387618 0.192080 0.371677
4.600000 0.054170 0.404011 0.158624 0.203950 0.441960 0.387631 0.191801 0.370703
4.800000 0.054418 0.403181 0.158353 0.203720 0.440781 0.387626 0.191793 0.369855
5.000000 0.054359 0.403159 0.158619 0.203648 0.439466 0.387598 0.191798 0.368918
5.200000 0.054346 0.402802 0.158569 0.203106 0.438190 0.387461 0.191426 0.367928
5.400000 0.054343 0.402091 0.158446 0.203019 0.437097 0.387513 0.191281 0.367056
5.600000 0.054334 0.401762 0.158389 0.202906 0.435905 0.387691 0.191485 0.366088
5.800000 0.054320 0.401130 0.158412 0.202579 0.434867 0.387466 0.191054 0.365152
6.000000 0.054188 0.400828 0.158455 0.202344 0.433727 0.387443 0.191079 0.364272
6.200000 0.054304 0.400425 0.158463 0.201946 0.432474 0.387374 0.190946 0.363339
6.400000 0.054341 0.399738 0.158470 0.201956 0.431214 0.387551 0.191034 0.362468
6.600000 0.054277 0.399179 0.158369 0.201672 0.429712 0.387240 0.190684 0.361353
6.800000 0.054263 0.398896 0.158309 0.201319 0.428345 0.387381 0.190731 0.360495
7.000000 0.054294 0.398592 0.158283 0.201104 0.427544 0.387279 0.190395 0.359640
7.200000 0.054219 0.398233 0.158307 0.201088 0.426337 0.387219 0.190325 0.358769
7.400000 0.054207 0.397534 0.158520 0.200689 0.425301 0.387275 0.190257 0.357831
7.600000 0.054258 0.397267 0.158337 0.200467 0.424095 0.387245 0.190272 0.357182
7.800000 0.054101 0.396774 0.158114 0.200296 0.423073 0.387257 0.189962 0.356198
8.000000 0.054238 0.396301 0.158189 0.200095 0.422046 0.387162 0.189926 0.355476
8.200000 0.054227 0.396097 0.158148 0.199794 0.420817 0.387118 0.189764 0.354624
8.400000 0.054221 0.395700 0.158137 0.199490 0.419822 0.387071 0.189572 0.353735
8.600000 0.054233 0.395320 0.158210 0.199506 0.418713 0.386990 0.189610 0.353084
8.800000 0.054211 0.394809 0.158197 0.199194 0.417658 0.387147 0.189461 0.352210
9.000000 0.054220 0.394515 0.158218 0.198884 0.416792 0.386875 0.189362 0.351499
9.200000 0.054188 0.394037 0.158007 0.198931 0.415682 0.387095 0.189242 0.350760
9.400000 0.054311 0.393541 0.158038 0.198592 0.414758 0.386950 0.189315 0.349986
9.600000 0.054173 0.393360 0.157954 0.198258 0.413728 0.386866 0.189186 0.349253
9.800000 0.054178 0.393063 0.158198 0.198277 0.412836 0.386949 0.188952 0.348457
10.000000 0.054019 0.392748 0.158042 0.197940 0.411776 0.386777 0.188806 0.347602
10.200000 0.054303 0.392270 0.158076 0.197871 0.410844 0.386902 0.188744 0.346937
10.400000 0.054115 0.391995 0.157854 0.197854 0.409907 0.386943 0.188733 0.346149
10.600000 0.054017 0.391521 0.157657 0.197219 0.408678 0.386605 0.188344 0.345229
10.800000 0.054082 0.390965 0.157768 0.197190 0.407784 0.386695 0.188185 0.344637
11.000000 0.054113 0.390765 0.157767 0.197104 0.406905 0.386782 0.188263 0.343838
11.200000 0.054131 0.390594 0.157793 0.196931 0.405813 0.386702 0.188194 0.343300
11.400000 0.054114 0.390046 0.157664 0.196568 0.404985 0.386778 0.188125 0.342410
11.600000 0.053974 0.389973 0.157650 0.196661 0.404009 0.386609 0.187954 0.341673
11.800000 0.054103 0.389469 0.157775 0.196329 0.403209 0.386660 0.187740 0.341048
12.000000 0.054094 0.388975 0.157637 0.196080 0.402092 0.386649 0.187747 0.340403
12.200000 0.054066 0.388661 0.157384 0.195995 0.401304 0.386386 0.187537 0.339719
12.400000 0.054065 0.388452 0.157686 0.195745 0.400412 0.386592 0.187588 0.339126
12.600000 0.054083 0.388084 0.157618 0.195599 0.399417 0.386422 0.187255 0.338271
12.800000 0.054056 0.387620 0.157604 0.195348 0.398495 0.386435 0.187461 0.337630
13.000000 0.054077 0.387445 0.157542 0.195298 0.397737 0.386503 0.187268 0.337201
13.200000 0.054069 0.387113 0.157590 0.195074 0.396853 0.386396 0.187122 0.336387
13.400000 0.054075 0.386778 0.157577 0.194942 0.396014 0.386323 0.187143 0.335767
13.600000 0.054044 0.386363 0.157525 0.194711 0.395286 0.386364 0.186963 0.335167
13.800000 0.054024 0.386177 0.157496 0.194601 0.394375 0.386235 0.186863 0.334543
14.000000 0.053949 0.385753 0.157378 0.194342 0.393648 0.386154 0.186883 0.333890
14.200000 0.054058 0.385485 0.157360 0.194251 0.392857 0.386238 0.186675 0.333104
14.400000 0.054027 0.385372 0.157416 0.194120 0.391999 0.386347 0.186542 0.332719
14.600000 0.054014 0.385100 0.157565 0.193986 0.391244 0.386070 0.186469 0.332060
14.800000 0.054002 0.384608 0.157429 0.193854 0.390555 0.386332 0.186434 0.331533
15.000000 0.054013 0.384646 0.157433 0.193762 0.389430 0.386131 0.186288 0.331095
15.200000 0.053982 0.384066 0.157461 0.193559 0.388944 0.385933 0.186190 0.330372
15.400000 0.053865 0.383501 0.157316 0.193395 0.388054 0.386114 0.186040 0.329797
15.600000 0.054140 0.383519 0.157359 0.193197 0.387514 0.386126 0.186109 0.329270
15.800000 0.054006 0.383179 0.157208 0.193151 0.386513 0.385935 0.185855 0.328720
16.000000 0.053985 0.383042 0.157264 0.192924 0.385928 0.386000 0.185967 0.328183
16.200000 0.053952 0.382842 0.157309 0.192618 0.385011 0.385993 0.185754 0.327502
16.400000 0.053955 0.382517 0.157262 0.192664 0.384463 0.385942 0.185679 0.326931
16.600000 0.053986 0.382182 0.157260 0.192546 0.383875 0.385778 0.185537 0.326495
16.800000 0.054001 0.381872 0.157289 0.192356 0.382935 0.385752 0.185416 0.325843
17.000000 0.053991 0.381515 0.157192 0.192146 0.382201 0.385830 0.185371 0.325394
17.200000 0.054160 0.381315 0.157138 0.192100 0.381485 0.385872 0.185131 0.324598
17.400000 0.053912 0.381065 0.156940 0.191558 0.380292 0.385648 0.185148 0.324171
17.600000 0.053918 0.380895 0.157305 0.191921 0.380245 0.385819 0.185233 0.323782
17.800000 0.053905 0.380693 0.157061 0.191522 0.379347 0.385633 0.185010 0.323104
18.000000 0.053911 0.380331 0.157094 0.191493 0.378875 0.385670 0.184916 0.322642
18.200000 0.053903 0.380099 0.157074 0.191222 0.377973 0.385677 0.184639 0.322056
18.400000 0.053889 0.379696 0.157080 0.191258 0.377187 0.385651 0.184674 0.321631
18.600000 0.053939 0.379563 0.157050 0.190819 0.376450 0.385694 0.184634 0.320923
18.800000 0.053928 0.379377 0.157105 0.190931 0.376002 0.385595 0.184536 0.320501
19.000000 0.053735 0.378888 0.157004 0.190845 0.374767 0.385557 0.184519 0.319820
19.200000 0.053891 0.378746 0.156956 0.190445 0.374172 0.385495 0.184444 0.319287
19.400000 0.053746 0.378513 0.156888 0.190277 0.373393 0.385523 0.184246 0.318658
19.600000 0.053890 0.378217 0.157006 0.190614 0.372788 0.385577 0.184231 0.318261
19.800000 0.053752 0.377832 0.157074 0.190250 0.372240 0.385271 0.184063 0.317586
20.000000 0.053800 0.377650 0.156930 0.190250 0.371576 0.385478 0.184018 0.317222
20.200000 0.053900 0.377373 0.156760 0.189911 0.370823 0.385523 0.183905 0.316541
20.400000 0.053868 0.377262 0.157005 0.189757 0.370233 0.385345 0.183739 0.316084
20.600000 0.053855 0.376973 0.156751 0.189548 0.369681 0.385426 0.183612 0.315712
20.800000 0.053831 0.376714 0.156778 0.189494 0.368938 0.385214 0.183814 0.315163
21.000000 0.053821 0.376518 0.156801 0.189446 0.368329 0.385323 0.183578 0.314643
21.200000 0.053833 0.376239 0.156817 0.189212 0.367727 0.385175 0.183522 0.314111
21.400000 0.053845 0.376108 0.156961 0.189173 0.367041 0.385184 0.183451 0.313773
21.600000 0.053840 0.375906 0.156814 0.189034 0.366458 0.385284 0.183360 0.313367
21.800000 0.053837 0.375439 0.156746 0.188844 0.365766 0.385174 0.183135 0.312821
22.000000 0.053739 0.375279 0.156794 0.188639 0.365098 0.385044 0.183139 0.312415
22.200000 0.053678 0.374982 0.156478 0.188631 0.364560 0.385037 0.182998 0.311924
22.400000 0.053789 0.374900 0.156605 0.188574 0.363969 0.385020 0.182981 0.311403
22.600000 0.053787 0.374604 0.156665 0.188571 0.363399 0.385009 0.182902 0.311006
22.800000 0.053818 0.374303 0.156562 0.188209 0.362799 0.385095 0.182758 0.310644
23.000000 0.053563 0.374191 0.156648 0.188246 0.362229 0.385037 0.182793 0.310169
23.200000 0.053785 0.373985 0.156519 0.188022 0.361614 0.385014 0.182715 0.309743
23.400000 0.053777 0.373638 0.156691 0.187851 0.361170 0.384861 0.182562 0.309176
23.600000 0.053597 0.373454 0.156668 0.187848 0.360368 0.384997 0.182347 0.308788
23.800000 0.053768 0.373249 0.156533 0.187725 0.359668 0.384852 0.182468 0.308465
24.000000 0.053725 0.373169 0.156611 0.187568 0.359261 0.384953 0.182320 0.307807
24.200000 0.053758 0.372918 0.156589 0.187351 0.358475 0.384939 0.182253 0.307390
24.400000 0.053760 0.372754 0.156614 0.187358 0.358114 0.384896 0.182141 0.307103
24.600000 0.053744 0.372357 0.156470 0.187190 0.357379 0.384714 0.182101 0.306652
24.800000 0.053758 0.372238 0.156600 0.187125 0.356960 0.384712 0.182037 0.306198
25.000000 0.053734 0.372148 0.156685 0.186867 0.356339 0.384777 0.182098 0.305679
25.200000 0.053723 0.371720 0.195252 0.186888 0.355665 0.384736 0.181977 0.305277
25.400000 0.053588 0.371598 0.156460 0.186794 0.355119 0.384685 0.181779 0.304717
25.600000 0.053713 0.371144 0.156534 0.186662 0.354526 0.384604 0.181721 0.304387
25.800000 0.053707 0.370823 0.156475 0.186694 0.353889 0.384533 0.181706 0.303986
26.000000 0.053716 0.371016 0.156502 0.186341 0.353446 0.384542 0.181491 0.303547
26.200000 0.053699 0.370750 0.156494 0.186374 0.352902 0.384547 0.181522 0.303169
26.400000 0.053852 0.370585 0.156521 0.186287 0.352383 0.384618 0.181422 0.302767
26.600000 0.053861 0.370297 0.156358 0.186139 0.351799 0.384670 0.181339 0.302392
26.800000 0.053707 0.370045 0.156373 0.185983 0.351377 0.384463 0.181220 0.302074
27.000000 0.053702 0.369753 0.156372 0.185764 0.350689 0.384369 0.181177 0.301499
27.200000 0.053687 0.369492 0.156341 0.185809 0.350215 0.384475 0.181036 0.301146
27.400000 0.053650 0.369312 0.156315 0.185601 0.349395 0.384391 0.180951 0.300695
27.600000 0.053639 0.369202 0.156396 0.185550 0.349230 0.384348 0.180912 0.300262
27.800000 0.053679 0.369069 0.156422 0.185632 0.348784 0.384260 0.180850 0.299928
28.000000 0.053680 0.368773 0.156381 0.185261 0.348164 0.384224 0.180881 0.299681
28.200000 0.053685 0.368701 0.117315 0.185282 0.347482 0.384295 0.180658 0.299123
28.400000 0.053640 0.368372 0.156152 0.185065 0.347124 0.384291 0.180702 0.298751
28.600000 0.053671 0.368233 0.117194 0.185087 0.346536 0.384366 0.180571 0.298228
28.800000 0.053658 0.367941 0.156319 0.184815 0.346046 0.384361 0.180439 0.297965
29.000000 0.053647 0.367761 0.156119 0.184909 0.345482 0.384072 0.180176 0.297630
29.200000 0.053628 0.367594 0.117292 0.184935 0.345146 0.384176 0.180489 0.297285
29.400000 0.053675 0.367448 0.156233 0.184662 0.344676 0.384166 0.180279 0.297067
29.600000 0.053619 0.367348 0.156200 0.184564 0.344156 0.384066 0.180063 0.296348
29.800000 0.053609 0.367188 0.156158 0.184451 0.343589 0.384073 0.180009 0.296133
30.000000 0.053634 0.366859 0.155948 0.184225 0.343106 0.383937 0.179913 0.295556
30.200000 0.053617 0.366749 0.155985 0.184307 0.342625 0.384032 0.179816 0.295219
30.400000 0.053620 0.366600 0.156357 0.184106 0.342253 0.384014 0.179879 0.295086
30.600000 0.053651 0.366367 0.156106 0.184065 0.341427 0.383941 0.179784 0.294637
30.800000 0.053796 0.366098 0.156220 0.183954 0.341147 0.384011 0.179685 0.294335
31.000000 0.053988 0.366027 0.156037 0.183758 0.340723 0.383943 0.179601 0.293901
31.200000 0.054330 0.366110 0.156121 0.183859 0.340337 0.383944 0.179619 0.293592
31.400000 0.055153 0.365560 0.156024 0.183849 0.340099 0.383867 0.179513 0.293425
31.600000 0.055825 0.365567 0.156205 0.183690 0.339862 0.383868 0.179408 0.293331
31.800000 0.056546 0.365490 0.155981 0.183568 0.340144 0.383876 0.179577 0.293489
32.000000 0.057515 0.365331 0.156012 0.183713 0.340662 0.383819 0.179483 0.293853
32.200000 0.058195 0.365571 0.156164 0.183724 0.341223 0.383825 0.179427 0.294353
32.400000 0.059028 0.365766 0.156161 0.184017 0.342706 0.383772 0.179401 0.295113
32.600000 0.059802 0.366098 0.156116 0.184266 0.344186 0.383741 0.179406 0.296449
32.800000 0.060558 0.367122 0.195244 0.184583 0.346180 0.383809 0.179501 0.297884
33.000000 0.061259 0.367913 0.156264 0.185079 0.348775 0.383807 0.179449 0.299607
33.200000 0.061813 0.369249 0.156540 0.185573 0.351369 0.383720 0.179555 0.301722
33.400000 0.062475 0.371068 0.156538 0.186254 0.354641 0.383846 0.179529 0.303805
33.600000 0.063169 0.373094 0.156444 0.186960 0.358267 0.383620 0.179592 0.306309
33.800000 0.063513 0.375739 0.156745 0.187714 0.361818 0.383813 0.179542 0.309389
34.000000 0.063983 0.379005 0.156872 0.188799 0.366117 0.383644 0.179725 0.312475
34.200000 0.064374 0.382255 0.156999 0.189741 0.370415 0.383791 0.179788 0.315658
34.400000 0.064704 0.386309 0.157570 0.190743 0.375176 0.383909 0.179851 0.319308
34.600000 0.065078 0.390918 0.157800 0.192025 0.380158 0.383766 0.179957 0.323045
34.800000 0.065377 0.395875 0.157934 0.193146 0.385189 0.383788 0.180039 0.326812
35.000000 0.065621 0.401415 0.157964 0.194511 0.390323 0.383702 0.179932 0.331104
35.200000 0.065849 0.407196 0.158475 0.195473 0.396076 0.383821 0.180109 0.335135
35.400000 0.066067 0.413044 0.158727 0.196716 0.401037 0.383695 0.180312 0.339192
35.600000 0.066089 0.419299 0.158786 0.197771 0.406566 0.383877 0.180422 0.343618
35.800000 0.066376 0.425354 0.159230 0.199111 0.411943 0.383669 0.180560 0.347750
36.000000 0.066538 0.431951 0.159421 0.200318 0.417562 0.383881 0.180572 0.352162
36.200000 0.066673 0.438547 0.159637 0.201129 0.423199 0.383762 0.180448 0.356352
36.400000 0.066801 0.445736 0.160060 0.202627 0.429154 0.383779 0.180968 0.361311
36.600000 0.066891 0.452825 0.160167 0.203556 0.434924 0.383805 0.180943 0.366057
36.800000 0.066991 0.459933 0.160383 0.204668 0.440914 0.384024 0.181109 0.370693
37.000000 0.066988 0.467504 0.160701 0.205984 0.447013 0.384030 0.181101 0.375354
37.200000 0.067237 0.474916 0.160883 0.207031 0.453312 0.384138 0.181354 0.380966
37.400000 0.067139 0.485308 0.161145 0.208392 0.461477 0.384179 0.181565 0.387355
37.600000 0.067390 0.492591 0.161104 0.209453 0.467402 0.384104 0.181462 0.392298
37.800000 0.067571 0.500279 0.161703 0.210486 0.473965 0.384181 0.181661 0.397322
38.000000 0.067362 0.507556 0.161770 0.211570 0.480031 0.384092 0.181606 0.402297
38.200000 0.067472 0.515068 0.162012 0.212684 0.486185 0.384150 0.181834 0.407487
38.400000 0.067452 0.522414 0.162253 0.213635 0.492485 0.384181 0.181915 0.412714
38.600000 0.067648 0.529767 0.162412 0.214647 0.498650 0.384175 0.182039 0.417779
38.800000 0.067698 0.536963 0.162655 0.215486 0.504968 0.384187 0.182267 0.422846
39.000000 0.067638 0.544369 0.162934 0.216554 0.511117 0.384325 0.182212 0.428129
39.200000 0.067885 0.551304 0.163105 0.217545 0.517311 0.384075 0.182419 0.433224
39.400000 0.067870 0.558280 0.163138 0.218575 0.523597 0.384282 0.182584 0.438340
39.600000 0.067832 0.565195 0.163401 0.219430 0.529915 0.384221 0.182657 0.443542
39.800000 0.067868 0.572272 0.163423 0.220631 0.535914 0.384095 0.182942 0.448805
40.000000 0.068011 0.579283 0.163857 0.221456 0.542291 0.384419 0.182925 0.453910
40.200000 0.067760 0.585642 0.163808 0.222368 0.548421 0.384402 0.183074 0.459017
40.400000 0.067943 0.592063 0.164022 0.223311 0.554525 0.384486 0.183129 0.464274
40.600000 0.067999 0.598698 0.164254 0.224246 0.560833 0.384437 0.183296 0.469425
40.800000 0.068042 0.605076 0.164393 0.225155 0.567051 0.384440 0.183263 0.474840
41.000000 0.068067 0.611275 0.164416 0.226083 0.573231 0.384379 0.183633 0.479688
41.200000 0.068079 0.617470 0.164685 0.227025 0.579287 0.384470 0.183768 0.484752
41.400000 0.068095 0.623660 0.164818 0.227928 0.585042 0.384404 0.183843 0.489702
41.600000 0.068131 0.629157 0.164998 0.228790 0.590993 0.384400 0.183814 0.494738
41.800000 0.068169 0.635028 0.165123 0.229701 0.597044 0.384613 0.184057 0.499685
42.000000 0.067945 0.640634 0.165300 0.230557 0.602894 0.384291 0.184172 0.504392
42.200000 0.068066 0.646161 0.165549 0.231411 0.608856 0.384802 0.184374 0.509431
42.400000 0.068356 0.651389 0.165617 0.232473 0.614699 0.384548 0.184351 0.514285
42.600000 0.068334 0.656383 0.166025 0.233225 0.620555 0.384761 0.184531 0.518929
42.800000 0.068256 0.661737 0.165930 0.234110 0.626019 0.384676 0.184711 0.523584
43.000000 0.068260 0.666581 0.166030 0.234891 0.631733 0.384547 0.184789 0.528158
43.200000 0.068299 0.671152 0.166162 0.235623 0.637100 0.384820 0.184818 0.532686
43.400000 0.068296 0.675854 0.166470 0.236413 0.642629 0.384838 0.185093 0.537301
43.600000 0.068250 0.680271 0.166532 0.237546 0.648668 0.384724 0.185137 0.542344
43.800000 0.068410 0.686668 0.166641 0.238565 0.656337 0.384714 0.185544 0.548356
44.000000 0.068355 0.690823 0.166667 0.239268 0.661163 0.384687 0.185439 0.552513
44.200000 0.068390 0.694885 0.166917 0.240204 0.666542 0.384949 0.185689 0.556743
44.400000 0.068364 0.698611 0.167013 0.241013 0.671654 0.384899 0.185792 0.560781
44.600000 0.068411 0.702288 0.167180 0.241767 0.676603 0.384827 0.185924 0.564959
44.800000 0.068435 0.706085 0.167258 0.242543 0.681461 0.384834 0.186222 0.569034
45.000000 0.068418 0.709280 0.167376 0.243251 0.686370 0.385060 0.186248 0.572936
45.200000 0.068432 0.712844 0.167345 0.243890 0.691373 0.384877 0.186328 0.576842
45.400000 0.068451 0.716081 0.167630 0.244846 0.696037 0.384982 0.186340 0.580458
45.600000 0.068476 0.719194 0.167705 0.245384 0.700588 0.385010 0.186545 0.584369
45.800000 0.068408 0.722252 0.167735 0.246366 0.705170 0.385185 0.186688 0.587997
46.000000 0.068474 0.725130 0.167965 0.247005 0.709688 0.385205 0.186846 0.591536
46.200000 0.068368 0.728086 0.168105 0.247535 0.714197 0.385148 0.186823 0.594955
46.400000 0.068511 0.730717 0.168304 0.248398 0.718507 0.385331 0.187097 0.598593
46.600000 0.068372 0.733048 0.168035 0.249173 0.722681 0.385284 0.187258 0.602050
46.800000 0.068376 0.735899 0.168369 0.249801 0.727030 0.385232 0.187321 0.605408
47.000000 0.068522 0.738140 0.168400 0.250505 0.731180 0.385407 0.187517 0.608549
47.200000 0.068515 0.740429 0.168524 0.251102 0.735300 0.385301 0.187607 0.611808
47.400000 0.068555 0.742391 0.168551 0.251832 0.739012 0.385264 0.187551 0.614890
47.600000 0.068572 0.744928 0.168643 0.252606 0.743250 0.385377 0.187768 0.618080
47.800000 0.068555 0.746965 0.168797 0.253435 0.746772 0.385581 0.188038 0.621225
48.000000 0.068554 0.748796 0.168901 0.253903 0.750521 0.385321 0.188140 0.624088
48.200000 0.068627 0.750855 0.169013 0.254564 0.754348 0.385477 0.188227 0.627121
48.400000 0.068599 0.752514 0.169159 0.255218 0.757883 0.385589 0.188358 0.629737
48.600000 0.068623 0.754370 0.169141 0.255899 0.761538 0.385665 0.188574 0.632566
48.800000 0.068548 0.756041 0.169326 0.256527 0.764787 0.385727 0.188605 0.635459
49.000000 0.068645 0.757701 0.169285 0.257156 0.768357 0.385460 0.188816 0.637859
49.200000 0.068664 0.759425 0.169494 0.257888 0.771921 0.385585 0.188770 0.640950
49.400000 0.068808 0.760784 0.169451 0.258380 0.775000 0.385627 0.189039 0.643743
49.600000 0.068520 0.762462 0.169511 0.259144 0.778393 0.385646 0.189124 0.646185
49.800000 0.068648 0.763784 0.169407 0.259779 0.781474 0.385686 0.189126 0.648525
50.000000 0.068527 0.765477 0.169551 0.260353 0.785372 0.385628 0.189464 0.651743
50.200000 0.068668 0.766758 0.169791 0.261081 0.788636 0.385800 0.189665 0.653926
50.400000 0.068756 0.768024 0.169977 0.261699 0.791600 0.385789 0.189580 0.656560
50.600000 0.068687 0.769219 0.169849 0.262358 0.794420 0.385662 0.189793 0.658946
50.800000 0.068514 0.770466 0.169907 0.263196 0.797259 0.385853 0.189877 0.661042
51.000000 0.068743 0.771619 0.170029 0.263612 0.800080 0.385809 0.190059 0.663313
51.200000 0.068726 0.772710 0.170150 0.264267 0.802838 0.385808 0.190358 0.665652
51.400000 0.068721 0.773677 0.170168 0.264590 0.805481 0.385894 0.190327 0.667681
51.600000 0.068738 0.774968 0.170137 0.265429 0.808168 0.385754 0.190449 0.669744
51.800000 0.068752 0.775830 0.170411 0.265903 0.810748 0.386003 0.190442 0.671864
52.000000 0.068724 0.776970 0.170397 0.266500 0.813243 0.385976 0.190681 0.673763
52.200000 0.068755 0.777701 0.170420 0.266994 0.815813 0.386028 0.190789 0.675935
52.400000 0.068775 0.778575 0.170469 0.267513 0.818032 0.385964 0.190944 0.677550
52.600000 0.068786 0.779406 0.170518 0.268118 0.820520 0.386068 0.191055 0.679500
52.800000 0.068786 0.780448 0.170620 0.268428 0.822831 0.386075 0.191149 0.681329
53.000000 0.068796 0.781006 0.170717 0.269314 0.824992 0.386103 0.191282 0.683202
53.200000 0.068783 0.781893 0.170739 0.269840 0.827414 0.386161 0.191441 0.684835
53.400000 0.068788 0.782720 0.170627 0.270530 0.829408 0.386099 0.191529 0.686784
53.600000 0.068725 0.783183 0.170732 0.270915 0.831459 0.386170 0.191782 0.688436
53.800000 0.068814 0.784121 0.170881 0.271547 0.833653 0.386323 0.191661 0.690118
54.000000 0.068721 0.784716 0.170984 0.272018 0.835683 0.386317 0.191891 0.691766
54.200000 0.068955 0.785510 0.171021 0.272538 0.837826 0.386255 0.191863 0.693460
54.400000 0.068824 0.786227 0.171016 0.273252 0.839638 0.386106 0.192197 0.694923
54.600000 0.068793 0.786725 0.171127 0.273656 0.841503 0.386106 0.192403 0.696364
54.800000 0.068809 0.787201 0.171347 0.274100 0.843549 0.386290 0.192349 0.698027
55.000000 0.068675 0.787858 0.171239 0.274656 0.845195 0.386344 0.192518 0.699174
55.200000 0.068846 0.788439 0.171256 0.275121 0.846887 0.386441 0.192666 0.700836
55.400000 0.068747 0.788829 0.171217 0.275577 0.848919 0.386456 0.192669 0.702270
55.600000 0.068872 0.789406 0.171500 0.276057 0.850637 0.386367 0.192850 0.703684
55.800000 0.068898 0.790250 0.171464 0.276712 0.852242 0.386401 0.192893 0.704978
56.000000 0.068909 0.790653 0.171430 0.277230 0.854093 0.386496 0.193039 0.706496
56.200000 0.068853 0.791263 0.171533 0.277934 0.856373 0.386508 0.193307 0.708297
56.400000 0.068946 0.791690 0.171624 0.278462 0.857575 0.386460 0.193390 0.709432
56.600000 0.068899 0.791942 0.171521 0.278896 0.859434 0.386575 0.193567 0.710670
56.800000 0.068902 0.792770 0.171583 0.279307 0.861029 0.386653 0.193642 0.712079
57.000000 0.068901 0.793075 0.171731 0.279684 0.862327 0.386621 0.193725 0.713155
57.200000 0.068896 0.793333 0.171769 0.280203 0.863782 0.386577 0.193934 0.714256
57.400000 0.068875 0.793834 0.171794 0.280650 0.865297 0.386499 0.193831 0.715182
57.600000 0.068938 0.794076 0.171753 0.281249 0.866712 0.386789 0.194083 0.716409
57.800000 0.068918 0.794634 0.171936 0.281769 0.868203 0.386533 0.194201 0.717589
58.000000 0.068928 0.794858 0.172035 0.281984 0.869311 0.386689 0.194258 0.718573
58.200000 0.068925 0.795432 0.171978 0.282883 0.870763 0.386675 0.194544 0.719816
58.400000 0.068818 0.795726 0.172032 0.282992 0.871933 0.386550 0.194427 0.720898
58.600000 0.068958 0.795968 0.172087 0.283591 0.873408 0.386744 0.194690 0.721809
58.800000 0.068830 0.796411 0.172116 0.284065 0.874564 0.386770 0.194778 0.722944
59.000000 0.068979 0.796762 0.172021 0.284411 0.875987 0.386730 0.194891 0.723754
59.200000 0.068985 0.797061 0.172167 0.284812 0.877140 0.386722 0.195141 0.724816
59.400000 0.069024 0.797323 0.172121 0.285277 0.878390 0.386941 0.195240 0.725822
59.600000 0.069000 0.797502 0.172257 0.285863 0.879226 0.386851 0.195181 0.726714
59.800000 0.068951 0.797759 0.172297 0.286232 0.880423 0.387003 0.195227 0.727486
60.000000 0.069010 0.798242 0.172408 0.286408 0.881512 0.386886 0.195600 0.728453
60.200000 0.069117 0.798597 0.172282 0.287032 0.882984 0.387024 0.195469 0.729387
60.400000 0.069118 0.798850 0.172362 0.287518 0.883812 0.386919 0.195736 0.730149
60.600000 0.069030 0.798975 0.172520 0.287987 0.884768 0.386866 0.195794 0.731052
60.800000 0.069019 0.799329 0.172502 0.288436 0.885841 0.386916 0.195892 0.731924
61.000000 0.068859 0.799708 0.172527 0.288952 0.887129 0.387065 0.196040 0.732876
61.200000 0.069005 0.799762 0.172534 0.289212 0.888131 0.387051 0.196087 0.733552
61.400000 0.068996 0.800269 0.172456 0.289708 0.888850 0.386966 0.196359 0.734479
61.600000 0.068997 0.800350 0.172411 0.289980 0.889882 0.387092 0.196315 0.735034
61.800000 0.068988 0.800605 0.172662 0.290402 0.890877 0.387061 0.196433 0.735809
62.000000 0.068994 0.800799 0.172755 0.290843 0.891774 0.387241 0.196416 0.736591
62.200000 0.069039 0.801071 0.172808 0.291366 0.892816 0.387240 0.196567 0.737504
62.400000 0.069009 0.801376 0.172805 0.291838 0.893949 0.387166 0.196839 0.738439
62.600000 0.069022 0.801413 0.172651 0.292392 0.894800 0.387253 0.196853 0.739126
62.800000 0.069014 0.801942 0.172766 0.292730 0.895807 0.387211 0.197045 0.739659
63.000000 0.068904 0.801827 0.172983 0.293053 0.896696 0.387265 0.197267 0.740367
63.200000 0.069004 0.802097 0.172923 0.293575 0.897222 0.387238 0.197295 0.741013
63.400000 0.069034 0.802288 0.172934 0.293921 0.898094 0.387149 0.197234 0.741782
63.600000 0.069010 0.802446 0.172952 0.294197 0.898990 0.387166 0.197322 0.742400
63.800000 0.069049 0.802847 0.173019 0.294846 0.899682 0.387327 0.197573 0.743111
64.000000 0.069008 0.802678 0.172899 0.294882 0.900373 0.387308 0.197632 0.743552
64.200000 0.069014 0.802823 0.173168 0.295411 0.901322 0.387038 0.197609 0.744211
64.400000 0.069029 0.802890 0.173099 0.295750 0.901860 0.387366 0.197869 0.744724
64.600000 0.069033 0.803056 0.173121 0.296234 0.902469 0.387381 0.197987 0.745337
64.800000 0.069032 0.803169 0.173057 0.296596 0.903415 0.387400 0.197982 0.745906
65.000000 0.069079 0.803391 0.173183 0.296999 0.903987 0.387484 0.198060 0.746554
65.200000 0.069068 0.803497 0.173156 0.297347 0.904949 0.387296 0.198302 0.746975
65.400000 0.069027 0.803533 0.173202 0.297810 0.905429 0.387332 0.198495 0.747547
65.600000 0.069070 0.803719 0.173384 0.298106 0.906062 0.387507 0.198573 0.748106
65.800000 0.069072 0.803775 0.173296 0.298489 0.906585 0.387565 0.198529 0.748653
66.000000 0.069076 0.803836 0.173324 0.298629 0.907284 0.387537 0.198558 0.749182
66.200000 0.069027 0.804027 0.173255 0.299201 0.907988 0.387584 0.198801 0.749792
66.400000 0.069059 0.804291 0.173485 0.299532 0.908519 0.387602 0.198920 0.749992
66.600000 0.069075 0.804407 0.173405 0.299941 0.909202 0.387796 0.199068 0.750635
66.800000 0.069101 0.804541 0.173467 0.300069 0.909743 0.387666 0.199188 0.751175
67.000000 0.069077 0.804547 0.173481 0.300737 0.910549 0.387655 0.199224 0.751724
67.200000 0.069059 0.804869 0.173361 0.300818 0.910891 0.387673 0.199240 0.751848
67.400000 0.069270 0.804600 0.173378 0.301155 0.911438 0.387643 0.199412 0.752531
67.600000 0.069109 0.804933 0.173354 0.301598 0.912051 0.387588 0.199444 0.752882
67.800000 0.069096 0.804932 0.173624 0.301958 0.912750 0.387616 0.199467 0.753220
68.000000 0.069119 0.805256 0.173605 0.302337 0.913320 0.387847 0.199573 0.753484
68.200000 0.069137 0.805249 0.173518 0.302640 0.913764 0.387756 0.199836 0.754374
68.400000 0.069129 0.805432 0.173618 0.303067 0.914588 0.387876 0.200008 0.754997
68.600000 0.068976 0.805630 0.173515 0.303409 0.914783 0.387834 0.199890 0.755300
68.800000 0.069000 0.805667 0.173543 0.303797 0.915436 0.387836 0.200076 0.755511
69.000000 0.069126 0.805959 0.173517 0.304066 0.915985 0.387796 0.200155 0.755976
69.200000 0.069189 0.805827 0.173658 0.304365 0.916560 0.387971 0.200293 0.756475
69.400000 0.069096 0.805953 0.173770 0.304889 0.917152 0.387938 0.200211 0.756784
69.600000 0.069124 0.806216 0.173780 0.305460 0.917804 0.388022 0.200363 0.757218
69.800000 0.068979 0.806106 0.173669 0.305055 0.917898 0.387983 0.200565 0.757629
70.000000 0.069125 0.806330 0.173943 0.305738 0.918530 0.387974 0.200548 0.757927
70.200000 0.069137 0.806207 0.173736 0.305812 0.918908 0.387992 0.200738 0.758438
70.400000 0.069073 0.806548 0.173736 0.306201 0.919070 0.388103 0.200776 0.758581
70.600000 0.069252 0.806638 0.173875 0.306551 0.919935 0.387898 0.200906 0.759196
70.800000 0.069168 0.806782 0.173768 0.306964 0.920279 0.388113 0.201010 0.759550
71.000000 0.069247 0.806806 0.173943 0.307249 0.920690 0.387894 0.201167 0.759781
71.200000 0.069140 0.807036 0.173969 0.307708 0.920984 0.388215 0.201244 0.760115
71.400000 0.069167 0.806979 0.173913 0.307981 0.921442 0.388150 0.201218 0.760411
71.600000 0.069154 0.806885 0.173932 0.308255 0.921874 0.388135 0.201313 0.760943
71.800000 0.069171 0.807182 0.173880 0.308522 0.922284 0.388033 0.201461 0.761147
72.000000 0.069132 0.807098 0.174079 0.308723 0.922837 0.388064 0.201514 0.761216
72.200000 0.069167 0.807120 0.174059 0.309097 0.923006 0.388158 0.201698 0.761711
72.400000 0.069162 0.807261 0.174150 0.309391 0.923580 0.388215 0.201644 0.762083
72.600000 0.069159 0.807299 0.174086 0.309752 0.923851 0.388303 0.201833 0.762420
72.800000 0.069222 0.807434 0.174137 0.310038 0.924201 0.388215 0.201908 0.762559
73.000000 0.069181 0.807359 0.174226 0.310336 0.924588 0.388227 0.202136 0.763079
73.200000 0.069175 0.807584 0.174213 0.310599 0.924905 0.388274 0.202170 0.763217
73.400000 0.069164 0.807408 0.174210 0.310934 0.925229 0.388199 0.202130 0.763515
73.600000 0.069153 0.807655 0.174247 0.311042 0.925706 0.388271 0.202033 0.763573
73.800000 0.069182 0.807732 0.174211 0.311374 0.925990 0.388230 0.202202 0.764024
74.000000 0.069152 0.807758 0.174235 0.311810 0.926499 0.388248 0.202436 0.764346
74.200000 0.069231 0.807877 0.174347 0.312134 0.926793 0.388421 0.202549 0.764760
74.400000 0.069211 0.808073 0.174322 0.312365 0.927166 0.388408 0.202487 0.765070
74.600000 0.069351 0.808210 0.174129 0.312684 0.927478 0.388389 0.202726 0.765321
74.800000 0.069231 0.808246 0.174298 0.312946 0.927838 0.388380 0.202492 0.765661
75.000000 0.069196 0.808228 0.174406 0.313177 0.928131 0.388106 0.202891 0.765775
75.200000 0.069193 0.808315 0.174357 0.313570 0.928595 0.388433 0.203018 0.766076
75.400000 0.069340 0.808268 0.174261 0.313795 0.928983 0.388326 0.203087 0.766351
75.600000 0.069228 0.808406 0.174488 0.314135 0.929291 0.388402 0.203124 0.766541
75.800000 0.069221 0.808554 0.174364 0.314339 0.929690 0.388458 0.203116 0.766800
76.000000 0.069208 0.808715 0.174452 0.314683 0.929987 0.388516 0.203267 0.767168
76.200000 0.069191 0.808681 0.174465 0.314800 0.930089 0.388511 0.203109 0.767512
76.400000 0.069208 0.808784 0.174313 0.315182 0.930387 0.388675 0.203472 0.767449
76.600000 0.069232 0.808792 0.174655 0.315480 0.930786 0.388587 0.203421 0.767728
76.800000 0.069202 0.808818 0.174482 0.315626 0.930880 0.388473 0.203412 0.767974
77.000000 0.069178 0.808838 0.174540 0.315940 0.931343 0.388495 0.203562 0.768185
77.200000 0.069199 0.808936 0.174415 0.316204 0.931463 0.388492 0.203742 0.768377
77.400000 0.069197 0.809074 0.174527 0.316613 0.931946 0.388576 0.203561 0.768873
77.600000 0.069249 0.809149 0.174437 0.316640 0.932158 0.388782 0.203890 0.768788
77.800000 0.069216 0.809142 0.174470 0.316780 0.932254 0.388545 0.204160 0.769094
78.000000 0.069230 0.809226 0.174492 0.317165 0.932517 0.388751 0.204093 0.769151
78.200000 0.069219 0.809397 0.174696 0.317594 0.932834 0.388706 0.204021 0.769444
78.400000 0.069208 0.809203 0.174628 0.317792 0.933485 0.388765 0.204292 0.769783
78.600000 0.069224 0.809403 0.174816 0.317974 0.933513 0.388656 0.204462 0.769785
78.800000 0.069229 0.809329 0.174626 0.318146 0.933448 0.388790 0.204600 0.769883
79.000000 0.069177 0.809446 0.174619 0.318531 0.933771 0.388769 0.204261 0.770172
79.200000 0.069224 0.809575 0.174644 0.318846 0.933871 0.388653 0.204520 0.770337
79.400000 0.069211 0.809493 0.174723 0.319022 0.934447 0.388718 0.204538 0.770556
79.600000 0.069194 0.809591 0.174613 0.319213 0.934376 0.388840 0.204647 0.770677
79.800000 0.069225 0.809752 0.174564 0.319482 0.934693 0.388926 0.204697 0.770840
80.000000 0.069172 0.809407 0.174585 0.319803 0.934792 0.388730 0.204914 0.770886
80.200000 0.069270 0.809811 0.174819 0.320065 0.935096 0.389054 0.205067 0.771381
80.400000 0.069227 0.809767 0.174813 0.320261 0.935281 0.388878 0.204950 0.771378
80.600000 0.069216 0.809850 0.174861 0.320500 0.935637 0.388864 0.205066 0.771557
80.800000 0.069240 0.809837 0.174748 0.320826 0.935906 0.388967 0.205108 0.771856
81.000000 0.069197 0.809863 0.174840 0.320801 0.935999 0.388914 0.205100 0.772008
81.200000 0.069218 0.809860 0.174965 0.321108 0.936216 0.389022 0.205280 0.771990
81.400000 0.069205 0.809634 0.175014 0.321213 0.936344 0.388964 0.205302 0.772216
81.600000 0.069232 0.809896 0.174721 0.321468 0.936457 0.388998 0.205374 0.772318
81.800000 0.069230 0.810086 0.174879 0.321795 0.936668 0.389020 0.205502 0.772415
82.000000 0.069238 0.810051 0.174713 0.321839 0.936847 0.389097 0.205683 0.772643
82.200000 0.069208 0.809908 0.174897 0.322193 0.936905 0.389000 0.205774 0.772736
82.400000 0.069227 0.810005 0.174733 0.322389 0.936909 0.389043 0.205646 0.772944
82.600000 0.069214 0.810037 0.174930 0.322564 0.937312 0.389040 0.205714 0.773133
82.800000 0.069234 0.810016 0.174909 0.322701 0.937361 0.388969 0.205774 0.772975
83.000000 0.069242 0.809916 0.174976 0.322979 0.937510 0.389041 0.205879 0.773165
83.200000 0.069106 0.810044 0.174851 0.323139 0.937704 0.389105 0.205966 0.773259
83.400000 0.069249 0.809589 0.174767 0.323255 0.937659 0.389032 0.205967 0.773418
83.600000 0.069204 0.809862 0.174917 0.323666 0.938019 0.389193 0.205890 0.773608
83.800000 0.069257 0.810217 0.174880 0.323731 0.938379 0.389220 0.206164 0.773862
84.000000 0.069247 0.810347 0.174941 0.324069 0.938549 0.389349 0.206247 0.774068
84.200000 0.069247 0.810207 0.174903 0.324160 0.938376 0.389217 0.206276 0.774018
84.400000 0.069258 0.810180 0.174866 0.324554 0.938571 0.389399 0.206165 0.774175
84.600000 0.069258 0.810136 0.175052 0.324580 0.938631 0.389241 0.206341 0.774236
84.800000 0.069253 0.810109 0.175125 0.324633 0.938822 0.389364 0.206381 0.774395
85.000000 0.069273 0.810086 0.174879 0.324997 0.939093 0.389352 0.206597 0.774393
85.200000 0.069237 0.810197 0.175075 0.325296 0.939252 0.389403 0.206519 0.774559
85.400000 0.069226 0.810201 0.174866 0.325183 0.939195 0.389236 0.206707 0.774618
85.600000 0.069426 0.810142 0.175043 0.325608 0.939527 0.389289 0.206624 0.774762
85.800000 0.069243 0.810179 0.175095 0.325661 0.939714 0.389305 0.206888 0.774942
86.000000 0.069245 0.810349 0.175151 0.325792 0.939850 0.389223 0.206891 0.774537
86.200000 0.069131 0.810295 0.175285 0.326057 0.939973 0.389377 0.206858 0.775002
86.400000 0.069305 0.810393 0.175040 0.326257 0.939814 0.389547 0.206929 0.775156
86.600000 0.069323 0.810471 0.175236 0.326464 0.940213 0.389457 0.207196 0.775526
86.800000 0.069426 0.810307 0.175136 0.326799 0.940267 0.389369 0.207091 0.775457
87.000000 0.069268 0.810295 0.175203 0.326912 0.940377 0.389425 0.206950 0.775561
87.200000 0.069298 0.810326 0.175191 0.327137 0.940590 0.389533 0.207338 0.775737
87.400000 0.069400 0.810473 0.175223 0.327189 0.940681 0.389420 0.207357 0.775826
87.600000 0.069389 0.810272 0.175301 0.327567 0.940755 0.389437 0.207193 0.775767
87.800000 0.069278 0.810503 0.175297 0.327613 0.940725 0.389300 0.207216 0.775955
88.000000 0.069125 0.810271 0.175292 0.327711 0.940858 0.389289 0.207225 0.776050
88.200000 0.069303 0.810741 0.175182 0.327834 0.941025 0.389446 0.207475 0.776112
88.400000 0.069128 0.810663 0.175304 0.328074 0.941419 0.389447 0.207644 0.776268
88.600000 0.069422 0.810769 0.175291 0.328109 0.941542 0.389708 0.207636 0.776315
88.800000 0.069298 0.810740 0.175191 0.328649 0.941566 0.389554 0.207583 0.776544
89.000000 0.069277 0.810641 0.175198 0.328587 0.941588 0.389509 0.207780 0.776500
89.200000 0.069279 0.810841 0.175281 0.328829 0.941819 0.389451 0.207693 0.776776
89.400000 0.069305 0.810710 0.175443 0.328898 0.941653 0.389316 0.207577 0.776734
89.600000 0.069298 0.810744 0.175328 0.329151 0.942230 0.389751 0.207949 0.776702
89.800000 0.069261 0.810917 0.175355 0.329230 0.942177 0.389662 0.207952 0.776743
90.000000 0.069392 0.810726 0.175329 0.329714 0.942136 0.389702 0.207916 0.777065
