0.200000 0.061489 0.472045 0.234531 0.263835 0.506073 0.443741 0.261480 0.438476
0.400000 0.061273 0.470948 0.234392 0.263553 0.503950 0.443723 0.261267 0.436903
0.600000 0.061273 0.470613 0.234532 0.263263 0.502947 0.443771 0.261183 0.436223
0.800000 0.061229 0.470187 0.234636 0.263275 0.501742 0.443877 0.261118 0.435183
1.000000 0.061240 0.469810 0.234378 0.263331 0.500760 0.443723 0.260872 0.434297
1.200000 0.061246 0.469115 0.234494 0.262992 0.499703 0.443764 0.261007 0.433611
1.400000 0.061081 0.468820 0.234447 0.262985 0.498540 0.443593 0.261021 0.432883
1.600000 0.061244 0.468361 0.234504 0.262869 0.497580 0.443683 0.260763 0.431951
1.800000 0.061201 0.467969 0.234243 0.262632 0.496379 0.443675 0.260745 0.431107
2.000000 0.061212 0.467294 0.195430 0.262557 0.495477 0.443484 0.260692 0.430322
2.200000 0.061211 0.466985 0.234368 0.262396 0.494381 0.443696 0.260613 0.429613
2.400000 0.061199 0.466518 0.234246 0.262245 0.493346 0.443648 0.260542 0.428750
2.600000 0.061160 0.466124 0.234345 0.261998 0.492105 0.443529 0.260443 0.427869
2.800000 0.061181 0.465732 0.234105 0.261948 0.491186 0.443488 0.260465 0.427170
3.000000 0.061136 0.465192 0.234156 0.261819 0.490349 0.443521 0.260297 0.426300
3.200000 0.061137 0.464856 0.234334 0.261663 0.489266 0.443270 0.260235 0.425605
3.400000 0.061042 0.464261 0.234162 0.261588 0.488193 0.443497 0.260131 0.424919
3.600000 0.061177 0.463995 0.234355 0.261396 0.487217 0.443566 0.260057 0.423942
3.800000 0.061104 0.463439 0.234265 0.261464 0.486370 0.443568 0.259885 0.423167
4.000000 0.061159 0.463104 0.234351 0.261246 0.485358 0.443420 0.259941 0.422397
4.200000 0.061136 0.462672 0.234118 0.261099 0.484375 0.443351 0.259810 0.421826
4.400000 0.061148 0.462231 0.234093 0.261206 0.483109 0.443276 0.259781 0.421000
4.600000 0.061107 0.461841 0.234343 0.260881 0.482289 0.443144 0.259814 0.420097
4.800000 0.061113 0.461326 0.234113 0.260880 0.481291 0.443116 0.259821 0.419552
5.000000 0.061124 0.460998 0.234134 0.260658 0.480473 0.443245 0.259559 0.418790
5.200000 0.061075 0.460585 0.234000 0.260379 0.479535 0.443153 0.259465 0.417966
5.400000 0.061092 0.460500 0.234219 0.260549 0.478456 0.443180 0.259426 0.417373
5.600000 0.061104 0.459814 0.234059 0.260214 0.477593 0.443167 0.259382 0.416690
5.800000 0.061080 0.459488 0.234004 0.260168 0.476566 0.443120 0.259360 0.415894
6.000000 0.061048 0.459011 0.233983 0.260099 0.475635 0.442992 0.259060 0.415040
6.200000 0.061048 0.458700 0.233921 0.259623 0.474740 0.442997 0.259010 0.414504
6.400000 0.061048 0.458352 0.233934 0.259999 0.473788 0.443137 0.259245 0.413740
6.600000 0.061067 0.457837 0.233969 0.259429 0.472536 0.443037 0.258833 0.412735
6.800000 0.061038 0.457444 0.233808 0.259621 0.471566 0.442995 0.259063 0.412075
7.000000 0.061019 0.457019 0.234017 0.259459 0.470586 0.443029 0.258816 0.411379
7.200000 0.061033 0.456659 0.233863 0.259326 0.469775 0.442954 0.258705 0.410612
7.400000 0.061035 0.456284 0.233840 0.259165 0.468980 0.442829 0.258720 0.409876
7.600000 0.060885 0.455676 0.233844 0.259191 0.467998 0.442879 0.258510 0.409316
7.800000 0.061020 0.455475 0.233820 0.258838 0.467136 0.442884 0.258547 0.408565
8.000000 0.061020 0.455385 0.233798 0.258875 0.466182 0.442917 0.258353 0.408166
8.200000 0.061005 0.454900 0.233884 0.258811 0.465091 0.442959 0.258338 0.407318
8.400000 0.060989 0.454711 0.233825 0.258735 0.464515 0.442694 0.258231 0.406736
8.600000 0.060956 0.454165 0.233807 0.258621 0.463583 0.442791 0.258209 0.405976
8.800000 0.060988 0.453911 0.233617 0.258371 0.462722 0.442658 0.258095 0.405278
9.000000 0.060998 0.453563 0.233728 0.258352 0.462105 0.442701 0.258123 0.404760
9.200000 0.060947 0.453286 0.233629 0.258301 0.461180 0.442770 0.258058 0.404199
9.400000 0.061099 0.452837 0.233734 0.258186 0.460619 0.442753 0.257990 0.403581
9.600000 0.060737 0.452510 0.233560 0.258158 0.459447 0.442477 0.257826 0.402814
9.800000 0.061017 0.452017 0.233500 0.257944 0.458816 0.442514 0.257852 0.402342
10.000000 0.060890 0.451847 0.233794 0.257786 0.457988 0.442513 0.257767 0.401710
10.200000 0.060934 0.451430 0.233526 0.257766 0.457174 0.442644 0.257843 0.401117
10.400000 0.060925 0.451068 0.233622 0.257703 0.456238 0.442656 0.257626 0.400497
10.600000 0.060911 0.450901 0.233722 0.257499 0.455627 0.442638 0.257686 0.399851
10.800000 0.060905 0.450623 0.233508 0.257520 0.454670 0.442650 0.257474 0.399406
11.000000 0.060903 0.450258 0.233591 0.257334 0.454054 0.442463 0.257282 0.398663
11.200000 0.060749 0.450006 0.233530 0.257139 0.453247 0.442490 0.257348 0.398138
11.400000 0.060942 0.449591 0.233461 0.257244 0.452584 0.442573 0.257400 0.397502
11.600000 0.060756 0.449239 0.233526 0.257217 0.451748 0.442415 0.257253 0.396931
11.800000 0.061011 0.449031 0.233589 0.257009 0.450867 0.442415 0.257117 0.396329
12.000000 0.061014 0.448634 0.233531 0.256925 0.450491 0.442251 0.256966 0.395718
12.200000 0.061029 0.448512 0.233530 0.256877 0.449528 0.442463 0.257045 0.395349
12.400000 0.060875 0.448149 0.233322 0.256584 0.448622 0.442219 0.256920 0.394663
12.600000 0.060733 0.447772 0.233495 0.256644 0.447896 0.442351 0.256868 0.394065
12.800000 0.060847 0.447567 0.233470 0.256529 0.447233 0.442345 0.256792 0.393466
13.000000 0.060866 0.447213 0.233373 0.256425 0.446739 0.442264 0.256655 0.393006
13.200000 0.060845 0.447035 0.233421 0.256425 0.445908 0.442234 0.256743 0.392515
13.400000 0.060838 0.446634 0.233452 0.256076 0.445228 0.442086 0.256624 0.392094
13.600000 0.060852 0.446544 0.233375 0.256321 0.444605 0.442212 0.256583 0.391506
13.800000 0.060815 0.446025 0.233242 0.256256 0.443809 0.442051 0.256588 0.390920
14.000000 0.060803 0.445755 0.233399 0.256019 0.443331 0.442054 0.256457 0.390599
14.200000 0.060846 0.445443 0.233337 0.255989 0.442669 0.442132 0.256357 0.389975
14.400000 0.060804 0.445352 0.233346 0.255800 0.442045 0.442160 0.256314 0.389522
14.600000 0.060693 0.445059 0.233161 0.255815 0.441416 0.442081 0.256289 0.389044
14.800000 0.060732 0.445029 0.233372 0.255663 0.440675 0.441929 0.256256 0.388516
15.000000 0.060813 0.444666 0.233343 0.255629 0.440180 0.442102 0.256045 0.387897
15.200000 0.060768 0.444212 0.233358 0.255619 0.439552 0.442166 0.256076 0.387701
15.400000 0.060768 0.444127 0.233299 0.255554 0.438948 0.442029 0.256041 0.386977
15.600000 0.060784 0.443995 0.233178 0.255460 0.438333 0.442197 0.256063 0.386534
15.800000 0.060794 0.443667 0.233272 0.255178 0.437553 0.442151 0.255779 0.386165
16.000000 0.060783 0.443341 0.233325 0.255156 0.437020 0.442011 0.255847 0.385624
16.200000 0.060787 0.443056 0.233212 0.255005 0.436497 0.441983 0.255621 0.385218
16.400000 0.060585 0.442734 0.233164 0.255017 0.435595 0.441874 0.255705 0.384750
16.600000 0.060760 0.442609 0.233090 0.254876 0.435049 0.442025 0.255652 0.384368
16.800000 0.060466 0.442338 0.233302 0.254970 0.434543 0.441875 0.255442 0.383819
17.000000 0.060731 0.442098 0.233300 0.254886 0.433850 0.441862 0.255451 0.383159
17.200000 0.060747 0.441753 0.233300 0.254704 0.433212 0.441847 0.255494 0.382920
17.400000 0.060741 0.441472 0.233015 0.254767 0.432673 0.441799 0.255442 0.382491
17.600000 0.060758 0.441172 0.233215 0.254801 0.432205 0.441771 0.255182 0.382075
17.800000 0.060838 0.441150 0.233165 0.254586 0.431619 0.441828 0.255345 0.381340
18.000000 0.060711 0.440891 0.233171 0.254502 0.430958 0.441839 0.255169 0.381029
18.200000 0.060861 0.440774 0.233029 0.254389 0.430256 0.441640 0.255219 0.380715
18.400000 0.060727 0.440441 0.233065 0.254341 0.429859 0.441757 0.254888 0.380122
18.600000 0.060592 0.440167 0.233066 0.254226 0.429084 0.441672 0.255122 0.379679
18.800000 0.060729 0.439854 0.233054 0.254074 0.428656 0.441725 0.255013 0.379366
19.000000 0.060704 0.439609 0.233068 0.254198 0.427892 0.441464 0.254924 0.378816
19.200000 0.060682 0.439407 0.233033 0.254025 0.427475 0.441682 0.254854 0.378380
19.400000 0.060698 0.439293 0.233097 0.253963 0.426797 0.441505 0.254877 0.378010
19.600000 0.060678 0.439132 0.232877 0.253761 0.426250 0.441691 0.254762 0.377549
19.800000 0.060650 0.438663 0.232931 0.253716 0.425663 0.441651 0.254720 0.377150
20.000000 0.060679 0.438415 0.233017 0.253711 0.425295 0.441511 0.254612 0.376734
20.200000 0.060684 0.438242 0.233068 0.253655 0.424731 0.441542 0.254789 0.376288
20.400000 0.060686 0.437967 0.232996 0.253557 0.424189 0.441577 0.254489 0.375891
20.600000 0.060668 0.437915 0.233153 0.253553 0.423712 0.441458 0.254499 0.375555
20.800000 0.060618 0.437551 0.232993 0.253379 0.423009 0.441365 0.254481 0.375106
21.000000 0.060644 0.437401 0.232908 0.253381 0.422542 0.441556 0.254218 0.374689
21.200000 0.060647 0.437153 0.232983 0.253358 0.421908 0.441522 0.254394 0.374221
21.400000 0.060630 0.436861 0.232860 0.253241 0.421555 0.441344 0.254291 0.373709
21.600000 0.060618 0.436755 0.232917 0.253007 0.420927 0.441206 0.254075 0.373377
21.800000 0.060650 0.436625 0.232887 0.253281 0.420498 0.441425 0.254210 0.373148
22.000000 0.060649 0.436263 0.232914 0.253091 0.419985 0.441363 0.254120 0.372755
22.200000 0.060629 0.436058 0.232731 0.252997 0.419365 0.441182 0.254205 0.372295
22.400000 0.060717 0.435818 0.232931 0.252980 0.418904 0.441191 0.253986 0.371948
22.600000 0.060624 0.435538 0.232823 0.252968 0.418364 0.441261 0.253812 0.371515
22.800000 0.060694 0.435529 0.232930 0.252727 0.417792 0.441279 0.253906 0.371171
23.000000 0.060611 0.435095 0.232841 0.252548 0.417370 0.440700 0.253698 0.370758
23.200000 0.060574 0.435127 0.232770 0.252652 0.416841 0.441067 0.253637 0.370202
23.400000 0.060659 0.434774 0.232762 0.252617 0.416381 0.441107 0.253879 0.370106
23.600000 0.060618 0.434674 0.232837 0.252485 0.415741 0.441057 0.253645 0.369717
23.800000 0.060607 0.434511 0.232790 0.252475 0.415385 0.440962 0.253702 0.369210
24.000000 0.060590 0.434324 0.232756 0.252450 0.415009 0.441071 0.253568 0.368885
24.200000 0.060620 0.434176 0.232705 0.252259 0.414493 0.440992 0.253454 0.368609
24.400000 0.060571 0.434014 0.232766 0.252188 0.413911 0.441043 0.253316 0.368108
24.600000 0.060613 0.433704 0.232712 0.252186 0.413607 0.441039 0.253319 0.367838
24.800000 0.060576 0.433350 0.232565 0.252127 0.413009 0.440947 0.253330 0.367407
25.000000 0.060558 0.433484 0.232783 0.252200 0.412583 0.440967 0.253266 0.366987
25.200000 0.060713 0.433112 0.232804 0.252023 0.412073 0.440881 0.253271 0.366641
25.400000 0.060636 0.432931 0.232738 0.251967 0.411339 0.440968 0.253219 0.366239
25.600000 0.060550 0.432642 0.232659 0.251887 0.410951 0.440902 0.253288 0.365704
25.800000 0.060536 0.432308 0.232562 0.251756 0.410539 0.440849 0.253112 0.365396
26.000000 0.060428 0.432282 0.232575 0.251702 0.409971 0.440866 0.253064 0.365001
26.200000 0.060560 0.432118 0.232591 0.251640 0.409486 0.440840 0.252958 0.364708
26.400000 0.060543 0.431945 0.232669 0.251529 0.409179 0.440872 0.252908 0.364385
26.600000 0.060548 0.431741 0.232843 0.251582 0.408687 0.440819 0.252773 0.364130
26.800000 0.060545 0.431408 0.232646 0.251524 0.408233 0.440692 0.252764 0.363669
27.000000 0.060433 0.431500 0.232572 0.251582 0.407731 0.440870 0.252792 0.363476
27.200000 0.060518 0.431198 0.232604 0.251274 0.407400 0.440654 0.252689 0.363111
27.400000 0.060518 0.431065 0.232689 0.251559 0.406910 0.440706 0.252805 0.362780
27.600000 0.060540 0.430818 0.232614 0.251190 0.406346 0.440474 0.252609 0.362400
27.800000 0.060539 0.430719 0.232666 0.251246 0.406031 0.440733 0.252622 0.362012
28.000000 0.060374 0.430342 0.232643 0.251036 0.405645 0.440663 0.252521 0.361754
28.200000 0.060508 0.430301 0.232648 0.251141 0.405147 0.440649 0.252410 0.361475
28.400000 0.060496 0.430028 0.232412 0.251052 0.404705 0.440560 0.252431 0.361093
28.600000 0.060480 0.429942 0.232640 0.250868 0.404187 0.440434 0.252430 0.360854
28.800000 0.060511 0.429969 0.232564 0.250936 0.403879 0.440568 0.252332 0.360471
29.000000 0.060426 0.429552 0.232596 0.250939 0.403445 0.440558 0.252306 0.360200
29.200000 0.060529 0.429310 0.232543 0.250779 0.402892 0.440665 0.252098 0.359829
29.400000 0.060481 0.429190 0.232685 0.250760 0.402665 0.440562 0.252119 0.359531
29.600000 0.060519 0.429216 0.232596 0.250613 0.401959 0.440377 0.252189 0.359202
29.800000 0.060451 0.428675 0.232301 0.250643 0.401659 0.440241 0.252007 0.358778
30.000000 0.060474 0.428844 0.232643 0.250564 0.401358 0.440491 0.252102 0.358448
30.200000 0.060468 0.428568 0.232330 0.250606 0.400954 0.440391 0.251788 0.358087
30.400000 0.060018 0.428528 0.232688 0.250694 0.400516 0.440485 0.251974 0.357901
30.600000 0.059911 0.428194 0.232452 0.250523 0.400090 0.440513 0.251971 0.357565
30.800000 0.060216 0.428104 0.232545 0.250403 0.399663 0.440412 0.251879 0.357233
31.000000 0.060365 0.427930 0.232515 0.250523 0.399179 0.440421 0.251829 0.356909
31.200000 0.060669 0.427721 0.232490 0.250413 0.399095 0.440469 0.251876 0.356610
31.400000 0.061145 0.427527 0.232526 0.250265 0.398478 0.440159 0.251672 0.356422
31.600000 0.061585 0.427315 0.232404 0.250303 0.398403 0.440157 0.251719 0.356171
31.800000 0.062157 0.427166 0.232490 0.250232 0.398284 0.440254 0.251728 0.356094
32.000000 0.062563 0.427337 0.232532 0.250278 0.398369 0.440320 0.251663 0.356336
32.200000 0.063308 0.427214 0.232688 0.250110 0.398705 0.440329 0.251529 0.356426
32.400000 0.063970 0.427256 0.232687 0.250350 0.399199 0.440216 0.251707 0.356835
32.600000 0.064416 0.427464 0.232483 0.250439 0.399785 0.440337 0.251473 0.357224
32.800000 0.065103 0.427855 0.232556 0.250701 0.400736 0.440243 0.251591 0.357966
33.000000 0.065468 0.427992 0.232486 0.250635 0.401793 0.440146 0.251504 0.358722
33.200000 0.066182 0.428652 0.232624 0.250605 0.403317 0.440076 0.251745 0.359846
33.400000 0.066634 0.429452 0.232615 0.251137 0.405047 0.440185 0.251691 0.360929
33.600000 0.067046 0.430301 0.232704 0.251328 0.406686 0.440177 0.251699 0.362309
33.800000 0.067446 0.431604 0.232717 0.251714 0.408810 0.440195 0.251554 0.363700
34.000000 0.067816 0.432975 0.232766 0.252140 0.411066 0.440115 0.251685 0.365382
34.200000 0.068132 0.434853 0.232766 0.252620 0.413455 0.440285 0.251734 0.367026
34.400000 0.068481 0.436578 0.232932 0.252950 0.416220 0.440269 0.251627 0.368984
34.600000 0.068656 0.438402 0.232775 0.253185 0.418727 0.440008 0.251674 0.370818
34.800000 0.068846 0.441134 0.232906 0.253725 0.422129 0.439923 0.251565 0.373457
35.000000 0.069013 0.445039 0.233102 0.254505 0.426244 0.439979 0.251831 0.376645
35.200000 0.069411 0.448290 0.233302 0.255045 0.429638 0.440214 0.251870 0.379098
35.400000 0.069638 0.451468 0.233366 0.255732 0.432750 0.440307 0.251935 0.381598
35.600000 0.069947 0.454793 0.233493 0.256113 0.436273 0.440353 0.252227 0.383941
35.800000 0.069929 0.458213 0.233483 0.256613 0.439447 0.440073 0.251970 0.386497
36.000000 0.070025 0.461822 0.233902 0.256982 0.442622 0.440197 0.252201 0.389184
36.200000 0.070107 0.465463 0.233694 0.257494 0.446024 0.440161 0.251927 0.391724
36.400000 0.070339 0.469630 0.233789 0.258046 0.449855 0.440252 0.252287 0.394591
36.600000 0.070207 0.473712 0.234100 0.258544 0.453574 0.440226 0.252321 0.397298
36.800000 0.070415 0.477664 0.234239 0.259082 0.457209 0.440278 0.252366 0.400098
37.000000 0.070631 0.482222 0.234340 0.259499 0.461011 0.440310 0.252455 0.403001
37.200000 0.070564 0.486509 0.234562 0.259869 0.464760 0.440236 0.252470 0.406122
37.400000 0.070790 0.492370 0.234667 0.260369 0.469364 0.440279 0.252543 0.409881
37.600000 0.070704 0.497024 0.234565 0.261066 0.473402 0.440239 0.252624 0.412959
37.800000 0.070762 0.501593 0.234817 0.261561 0.477428 0.440300 0.252584 0.416150
38.000000 0.070661 0.506564 0.234937 0.261856 0.481363 0.440314 0.252790 0.419276
38.200000 0.070721 0.511236 0.234980 0.262333 0.485457 0.440273 0.252834 0.422397
38.400000 0.070896 0.516064 0.235075 0.262783 0.489510 0.440267 0.252899 0.425749
38.600000 0.070952 0.521092 0.235253 0.263308 0.493612 0.440316 0.252939 0.428931
38.800000 0.070987 0.526058 0.235369 0.263904 0.497632 0.440506 0.252986 0.432368
39.000000 0.071018 0.530917 0.235319 0.264239 0.501953 0.440383 0.253131 0.435742
39.200000 0.071077 0.535747 0.235544 0.264455 0.506075 0.440373 0.253090 0.439031
39.400000 0.071077 0.540738 0.235657 0.265089 0.510351 0.440235 0.253246 0.442536
39.600000 0.071130 0.545561 0.235687 0.265442 0.514492 0.440475 0.253155 0.445983
39.800000 0.071136 0.550478 0.235814 0.265941 0.518515 0.440453 0.253388 0.449262
40.000000 0.071158 0.555418 0.235873 0.266314 0.522908 0.440474 0.253159 0.452808
40.200000 0.071230 0.560094 0.235965 0.266663 0.527167 0.440503 0.253316 0.456107
40.400000 0.071228 0.564959 0.236056 0.267124 0.531583 0.440381 0.253543 0.459824
40.600000 0.071358 0.569722 0.236099 0.267609 0.535750 0.440477 0.253656 0.463162
40.800000 0.071154 0.574364 0.236331 0.267938 0.540028 0.440393 0.253605 0.466898
41.000000 0.071316 0.578975 0.236229 0.268320 0.544321 0.440391 0.253604 0.470406
41.200000 0.071279 0.583785 0.236403 0.268601 0.548592 0.440441 0.253888 0.473931
41.400000 0.071282 0.588007 0.236239 0.268853 0.552573 0.440395 0.253952 0.477355
41.600000 0.071336 0.592744 0.236606 0.269579 0.557126 0.440408 0.254021 0.481033
41.800000 0.071379 0.597078 0.236568 0.269886 0.561454 0.440553 0.254139 0.484380
42.000000 0.071367 0.601333 0.236560 0.270127 0.565600 0.440663 0.254172 0.487937
42.200000 0.071347 0.605845 0.236754 0.270531 0.569863 0.440536 0.254271 0.491400
42.400000 0.071408 0.610032 0.236865 0.270887 0.573974 0.440597 0.254452 0.494747
42.600000 0.071287 0.613918 0.236918 0.271059 0.578083 0.440666 0.254294 0.498330
42.800000 0.071422 0.617864 0.237057 0.271503 0.582201 0.440705 0.254465 0.501599
43.000000 0.071453 0.621670 0.237023 0.271767 0.586253 0.440818 0.254588 0.504963
43.200000 0.071450 0.625851 0.237107 0.272253 0.590321 0.440588 0.254553 0.508290
43.400000 0.071476 0.629626 0.237215 0.272638 0.594301 0.440868 0.254769 0.511674
43.600000 0.071535 0.633329 0.237389 0.273087 0.598692 0.440751 0.254959 0.515542
43.800000 0.071527 0.637857 0.237393 0.273303 0.603331 0.440795 0.254833 0.519431
44.000000 0.071520 0.641337 0.237494 0.273703 0.607323 0.440684 0.255010 0.522595
44.200000 0.071538 0.644875 0.237511 0.274031 0.611391 0.440939 0.254995 0.525823
44.400000 0.071556 0.648243 0.237646 0.274252 0.614780 0.440728 0.254975 0.528976
44.600000 0.071576 0.651572 0.237660 0.274550 0.618671 0.440886 0.255147 0.532201
44.800000 0.071613 0.654890 0.237696 0.274932 0.622463 0.440915 0.255153 0.535284
45.000000 0.071589 0.657987 0.237787 0.275212 0.626488 0.440858 0.255365 0.538368
45.200000 0.071610 0.661137 0.238023 0.275439 0.630031 0.440831 0.255432 0.541514
45.400000 0.071607 0.703065 0.237764 0.275860 0.633556 0.440831 0.255539 0.544570
45.600000 0.071692 0.667068 0.237966 0.276024 0.637300 0.440992 0.255451 0.547410
45.800000 0.071637 0.669718 0.237896 0.276337 0.640763 0.441030 0.255628 0.550508
46.000000 0.071507 0.672672 0.237956 0.276648 0.644338 0.440893 0.255600 0.553507
46.200000 0.071681 0.675436 0.238152 0.276992 0.647647 0.441125 0.255849 0.556292
46.400000 0.071640 0.678082 0.238341 0.277213 0.651191 0.441124 0.255763 0.559150
46.600000 0.071707 0.680779 0.238258 0.277504 0.654815 0.441042 0.256017 0.562102
46.800000 0.071695 0.683218 0.238218 0.277754 0.658072 0.441060 0.256063 0.564797
47.000000 0.071739 0.685593 0.238489 0.278112 0.661532 0.441055 0.256112 0.567608
47.200000 0.071704 0.687929 0.238270 0.278205 0.664773 0.441138 0.256065 0.570211
47.400000 0.071737 0.690451 0.238346 0.278687 0.668057 0.441189 0.256334 0.572948
47.600000 0.071585 0.692688 0.238474 0.278887 0.671352 0.441148 0.256432 0.575449
47.800000 0.071617 0.694747 0.238588 0.279158 0.674714 0.441357 0.256498 0.578219
48.000000 0.071781 0.696921 0.238598 0.279409 0.677618 0.441409 0.256542 0.580670
48.200000 0.071766 0.699055 0.238777 0.279725 0.680795 0.441319 0.256655 0.583202
48.400000 0.071628 0.701123 0.238658 0.279946 0.683886 0.441290 0.256760 0.585745
48.600000 0.071785 0.702975 0.238649 0.280194 0.686925 0.441311 0.256785 0.588096
48.800000 0.071761 0.705139 0.238760 0.280418 0.689729 0.441347 0.256860 0.590536
49.000000 0.071773 0.706855 0.238652 0.280665 0.692980 0.441400 0.256931 0.592871
49.200000 0.071800 0.708665 0.238803 0.280931 0.695826 0.441389 0.257043 0.595363
49.400000 0.071756 0.710552 0.238967 0.281087 0.698553 0.441324 0.257094 0.597794
49.600000 0.071866 0.712212 0.238977 0.281372 0.701429 0.441417 0.257186 0.599871
49.800000 0.071811 0.713913 0.239054 0.281822 0.704246 0.441458 0.257236 0.602071
50.000000 0.071821 0.715572 0.238996 0.282031 0.707280 0.441622 0.257397 0.604835
50.200000 0.071818 0.717803 0.239173 0.282252 0.710852 0.441514 0.257481 0.607493
50.400000 0.071992 0.719433 0.239108 0.282466 0.713710 0.441551 0.257547 0.609711
50.600000 0.072003 0.720920 0.239215 0.282744 0.716324 0.441664 0.257614 0.611690
50.800000 0.071847 0.722452 0.239322 0.282931 0.719074 0.441600 0.257749 0.613927
51.000000 0.071862 0.723602 0.239347 0.283156 0.721530 0.441616 0.257620 0.615665
51.200000 0.071902 0.725059 0.239403 0.283419 0.724123 0.441601 0.257864 0.617901
51.400000 0.071906 0.726340 0.239264 0.283803 0.726553 0.441673 0.258006 0.619853
51.600000 0.071915 0.727694 0.239404 0.283870 0.729122 0.441691 0.257974 0.621937
51.800000 0.071905 0.728884 0.239428 0.284162 0.731549 0.441740 0.258154 0.623667
52.000000 0.071892 0.729994 0.239620 0.284336 0.734079 0.441621 0.258122 0.625680
52.200000 0.071911 0.731471 0.239630 0.284720 0.736628 0.441747 0.258236 0.627516
52.400000 0.071967 0.732565 0.239663 0.284854 0.738565 0.441766 0.258278 0.629377
52.600000 0.071903 0.733692 0.239710 0.285004 0.741175 0.441788 0.258397 0.631316
52.800000 0.071959 0.734849 0.239579 0.285215 0.743458 0.441888 0.258352 0.633085
53.000000 0.071936 0.735814 0.239769 0.285394 0.745713 0.441899 0.258574 0.634645
53.200000 0.071907 0.736725 0.239590 0.285620 0.747765 0.441800 0.258485 0.636222
53.400000 0.071934 0.737852 0.239842 0.285947 0.750178 0.442039 0.258499 0.638138
53.600000 0.071951 0.738608 0.239840 0.285994 0.752133 0.441958 0.258814 0.639679
53.800000 0.072166 0.739729 0.239898 0.286313 0.754464 0.441806 0.258859 0.641430
54.000000 0.071965 0.740737 0.239961 0.286522 0.756424 0.442136 0.258817 0.643067
54.200000 0.071970 0.741495 0.239888 0.286757 0.758501 0.441998 0.259033 0.644426
54.400000 0.072006 0.742413 0.239944 0.287153 0.760575 0.442090 0.259202 0.645848
54.600000 0.071986 0.743407 0.240023 0.287097 0.762509 0.442006 0.259162 0.647658
54.800000 0.072008 0.744093 0.239933 0.287176 0.764523 0.442198 0.259397 0.649082
55.000000 0.071938 0.744807 0.240128 0.287550 0.766355 0.442085 0.259352 0.650512
55.200000 0.071982 0.745684 0.240132 0.287704 0.768147 0.441936 0.259390 0.651890
55.400000 0.071872 0.746342 0.240148 0.287988 0.770131 0.442135 0.259524 0.653382
55.600000 0.072032 0.747071 0.240024 0.288132 0.771913 0.442153 0.259569 0.654720
55.800000 0.071884 0.747853 0.239914 0.288326 0.773780 0.442219 0.259683 0.656143
56.000000 0.072058 0.748695 0.240222 0.288648 0.775516 0.442294 0.259588 0.657582
56.200000 0.071994 0.749262 0.240242 0.288627 0.777415 0.442051 0.259751 0.658870
56.400000 0.072049 0.749992 0.240296 0.288988 0.779449 0.442318 0.259866 0.660441
56.600000 0.072027 0.750659 0.240325 0.289012 0.781130 0.442258 0.260000 0.661799
56.800000 0.072157 0.751228 0.240383 0.289330 0.782648 0.442262 0.259895 0.662954
57.000000 0.072064 0.751931 0.240377 0.289547 0.784449 0.442143 0.260088 0.664300
57.200000 0.072074 0.752401 0.240438 0.289735 0.785768 0.442255 0.260283 0.665351
57.400000 0.072101 0.752372 0.240572 0.290059 0.787319 0.442206 0.260250 0.666517
57.600000 0.072076 0.753729 0.240613 0.290082 0.789136 0.442205 0.260206 0.668022
57.800000 0.072064 0.754153 0.240458 0.290254 0.790548 0.442475 0.260364 0.668862
58.000000 0.072097 0.754661 0.240545 0.290440 0.792077 0.442265 0.260457 0.669564
58.200000 0.072083 0.755431 0.240516 0.290700 0.793607 0.442398 0.260581 0.671333
58.400000 0.072112 0.755755 0.240457 0.290953 0.795286 0.442516 0.260638 0.672394
58.600000 0.072108 0.756141 0.240557 0.291035 0.796390 0.442654 0.260881 0.673407
58.800000 0.072114 0.756787 0.240765 0.291280 0.797955 0.442566 0.260695 0.674571
59.000000 0.072106 0.757063 0.240689 0.291346 0.799288 0.442421 0.260796 0.675404
59.200000 0.072089 0.757690 0.240716 0.291519 0.800715 0.442404 0.260921 0.676571
59.400000 0.072113 0.758328 0.240749 0.291740 0.802056 0.442545 0.261077 0.677435
59.600000 0.072080 0.758385 0.240709 0.292037 0.803369 0.442421 0.261119 0.678539
59.800000 0.072126 0.758887 0.240706 0.292074 0.804684 0.442610 0.261131 0.679354
60.000000 0.072152 0.759390 0.240722 0.292190 0.805745 0.442614 0.261140 0.680394
60.200000 0.072146 0.759782 0.240657 0.292361 0.807286 0.442565 0.261257 0.681381
60.400000 0.072160 0.760128 0.240849 0.292474 0.808473 0.442782 0.261289 0.682282
60.600000 0.072100 0.760509 0.240826 0.292778 0.809770 0.442733 0.261244 0.683088
60.800000 0.072140 0.760884 0.240827 0.292876 0.810748 0.442587 0.261473 0.684235
61.000000 0.072155 0.761314 0.240862 0.293104 0.812100 0.442658 0.261512 0.684778
61.200000 0.072175 0.761606 0.240862 0.293298 0.813267 0.442663 0.261591 0.686146
61.400000 0.072160 0.762069 0.240955 0.293433 0.814421 0.442699 0.261546 0.686928
61.600000 0.072161 0.762436 0.241085 0.293488 0.815640 0.442752 0.261683 0.687770
61.800000 0.072181 0.762701 0.240941 0.293865 0.816631 0.442888 0.261807 0.688359
62.000000 0.072312 0.763043 0.240988 0.293959 0.817616 0.442849 0.261922 0.689487
62.200000 0.072310 0.763377 0.240994 0.294076 0.818876 0.442835 0.261911 0.690027
62.400000 0.072204 0.763846 0.241134 0.294474 0.820056 0.442958 0.262066 0.691134
62.600000 0.072022 0.764099 0.240940 0.294603 0.821470 0.442889 0.262100 0.692134
62.800000 0.072178 0.764436 0.241028 0.294709 0.822504 0.442874 0.262144 0.692832
63.000000 0.072186 0.764794 0.241126 0.294910 0.823664 0.442817 0.262170 0.693454
63.200000 0.072042 0.764911 0.241191 0.295050 0.824358 0.442914 0.262455 0.694133
63.400000 0.072216 0.764946 0.241236 0.295029 0.825423 0.442967 0.262449 0.694994
63.600000 0.072178 0.765628 0.241109 0.295314 0.826356 0.442931 0.262315 0.695744
63.800000 0.072204 0.765778 0.241139 0.295279 0.827186 0.442966 0.262541 0.696384
64.000000 0.072201 0.765829 0.241246 0.295671 0.828184 0.442970 0.262452 0.697132
64.200000 0.072178 0.766411 0.241141 0.295727 0.829110 0.443063 0.262715 0.697882
64.400000 0.072207 0.766560 0.241287 0.295937 0.830075 0.443044 0.262725 0.698423
64.600000 0.072185 0.766733 0.241170 0.296140 0.830768 0.443112 0.262829 0.699145
64.800000 0.072228 0.766940 0.241295 0.296265 0.831710 0.443081 0.262812 0.699647
65.000000 0.072299 0.767064 0.241333 0.296353 0.832407 0.443060 0.262812 0.700229
65.200000 0.072194 0.767449 0.241243 0.296547 0.833397 0.443195 0.262998 0.700914
65.400000 0.072025 0.767675 0.241502 0.296706 0.834303 0.443151 0.262935 0.701663
65.600000 0.072180 0.768054 0.241318 0.296802 0.835052 0.443004 0.263109 0.702210
65.800000 0.072252 0.768122 0.241385 0.296994 0.835798 0.443144 0.263168 0.702777
66.000000 0.072182 0.768390 0.241442 0.297185 0.836748 0.443179 0.263284 0.703465
66.200000 0.072181 0.768723 0.241451 0.297368 0.837279 0.443206 0.263342 0.703924
66.400000 0.072195 0.768473 0.241247 0.297318 0.837951 0.443141 0.263321 0.704436
66.600000 0.072265 0.769131 0.241492 0.297507 0.838828 0.443127 0.263481 0.705220
66.800000 0.072302 0.769066 0.241509 0.297764 0.839657 0.443210 0.263395 0.705612
67.000000 0.072262 0.769233 0.241660 0.297790 0.840147 0.442972 0.263617 0.706326
67.200000 0.072245 0.769696 0.241564 0.298067 0.841155 0.443053 0.263346 0.706685
67.400000 0.072254 0.769903 0.241569 0.298235 0.841721 0.443375 0.263782 0.707325
67.600000 0.072126 0.770019 0.241588 0.298436 0.842469 0.443351 0.263768 0.707824
67.800000 0.072283 0.770166 0.241637 0.298528 0.843226 0.443378 0.263864 0.708234
68.000000 0.072270 0.770088 0.241573 0.298480 0.843692 0.443358 0.263848 0.708767
68.200000 0.072281 0.770503 0.241504 0.298511 0.844545 0.443282 0.264095 0.709258
68.400000 0.072284 0.770798 0.241609 0.298942 0.845074 0.443274 0.264050 0.709828
68.600000 0.072357 0.770745 0.241649 0.298946 0.845957 0.443275 0.263985 0.710183
68.800000 0.072235 0.771030 0.241567 0.299093 0.846681 0.443507 0.264248 0.711051
69.000000 0.072294 0.771182 0.241697 0.299393 0.847293 0.443496 0.264141 0.711218
69.200000 0.072297 0.771345 0.241753 0.299384 0.847815 0.443463 0.264174 0.711784
69.400000 0.072303 0.771450 0.241751 0.299822 0.848441 0.443506 0.264390 0.712243
69.600000 0.072269 0.771762 0.241747 0.299767 0.848954 0.443543 0.264338 0.712603
69.800000 0.072274 0.771833 0.241779 0.299948 0.849748 0.443407 0.264492 0.713095
70.000000 0.072311 0.771938 0.241716 0.299928 0.850108 0.443663 0.264583 0.713403
70.200000 0.072297 0.772206 0.241829 0.300207 0.850875 0.443603 0.264700 0.714005
70.400000 0.072311 0.772297 0.241923 0.300406 0.851435 0.443421 0.264627 0.714473
70.600000 0.072287 0.772414 0.241723 0.300469 0.852047 0.443658 0.264808 0.714777
70.800000 0.072308 0.772475 0.241801 0.300648 0.852224 0.443627 0.264853 0.715197
71.000000 0.072432 0.772852 0.241929 0.300812 0.853024 0.443690 0.264928 0.715492
71.200000 0.072283 0.772974 0.241784 0.300757 0.853430 0.443584 0.264812 0.716080
71.400000 0.072317 0.772944 0.241884 0.300973 0.854005 0.443692 0.264957 0.716279
71.600000 0.072277 0.773281 0.242097 0.301060 0.854576 0.443664 0.265044 0.716739
71.800000 0.072352 0.773280 0.241885 0.301310 0.855077 0.443813 0.265127 0.716924
72.000000 0.072316 0.773236 0.241948 0.301299 0.855302 0.443693 0.265185 0.717397
72.200000 0.072126 0.773310 0.241991 0.301529 0.856028 0.443641 0.265281 0.717839
72.400000 0.072179 0.773509 0.241872 0.301719 0.856611 0.443607 0.265271 0.718162
72.600000 0.072288 0.773590 0.242092 0.301765 0.856836 0.443742 0.265434 0.718396
72.800000 0.072255 0.773710 0.241863 0.301881 0.857517 0.443640 0.265464 0.718919
73.000000 0.072184 0.773843 0.241962 0.301916 0.857846 0.443663 0.265354 0.719117
73.200000 0.072256 0.773802 0.242001 0.302002 0.858338 0.443754 0.265359 0.719550
73.400000 0.072460 0.774071 0.241911 0.302147 0.858827 0.443873 0.265630 0.720008
73.600000 0.072179 0.774136 0.242015 0.302332 0.859121 0.443882 0.265737 0.720282
73.800000 0.072205 0.774289 0.242109 0.302442 0.859642 0.443739 0.265548 0.720607
74.000000 0.072188 0.774474 0.242119 0.302542 0.860117 0.443988 0.265769 0.720973
74.200000 0.072184 0.774560 0.242066 0.302740 0.860511 0.443769 0.265716 0.721007
74.400000 0.072330 0.774599 0.242045 0.302890 0.861019 0.443974 0.265911 0.721465
74.600000 0.072470 0.774778 0.242079 0.303051 0.861487 0.444028 0.265919 0.721765
74.800000 0.072312 0.774824 0.242022 0.303263 0.861960 0.443941 0.265828 0.722180
75.000000 0.072304 0.774849 0.242204 0.303245 0.862311 0.443974 0.266077 0.722339
75.200000 0.072325 0.774988 0.242286 0.303468 0.862611 0.444017 0.266086 0.722592
75.400000 0.072347 0.775126 0.242067 0.303623 0.862939 0.443949 0.265974 0.722714
75.600000 0.072182 0.775279 0.242285 0.303657 0.863437 0.443888 0.266222 0.723114
75.800000 0.072187 0.775021 0.242208 0.303749 0.863697 0.444154 0.266291 0.723583
76.000000 0.072317 0.775369 0.242223 0.303803 0.864002 0.443885 0.266305 0.723786
76.200000 0.072428 0.775223 0.242081 0.304057 0.864441 0.443893 0.266417 0.724096
76.400000 0.072334 0.775272 0.242237 0.304101 0.864819 0.443893 0.266416 0.724072
76.600000 0.072336 0.775488 0.242140 0.304334 0.865172 0.444058 0.266459 0.724551
76.800000 0.072313 0.775668 0.242186 0.304282 0.865467 0.444163 0.266600 0.724843
77.000000 0.072188 0.775628 0.242023 0.304456 0.865650 0.443938 0.266573 0.725110
77.200000 0.072203 0.775774 0.242397 0.304603 0.866200 0.444147 0.266687 0.725305
77.400000 0.072196 0.775898 0.242201 0.304689 0.866502 0.444034 0.266748 0.725733
77.600000 0.072203 0.775923 0.242340 0.304726 0.866910 0.444282 0.266821 0.725727
77.800000 0.072337 0.775788 0.242333 0.304886 0.867093 0.444164 0.266808 0.726149
78.000000 0.072327 0.775961 0.242159 0.304886 0.867581 0.444118 0.266857 0.726343
78.200000 0.072299 0.775941 0.242335 0.305126 0.867744 0.443909 0.266942 0.726529
78.400000 0.072460 0.776072 0.242158 0.305277 0.868160 0.444282 0.267175 0.726830
78.600000 0.072333 0.776202 0.242388 0.305435 0.868275 0.444279 0.267096 0.726972
78.800000 0.072334 0.776088 0.242406 0.305594 0.868656 0.444331 0.266890 0.727231
79.000000 0.072467 0.776078 0.242322 0.305617 0.868847 0.444291 0.267178 0.727426
79.200000 0.072175 0.776507 0.242454 0.305744 0.869154 0.444276 0.267104 0.727700
79.400000 0.072265 0.776301 0.242395 0.305662 0.869436 0.444125 0.267139 0.727447
79.600000 0.072287 0.776507 0.242583 0.305899 0.869713 0.444259 0.267385 0.727844
79.800000 0.072351 0.776702 0.242466 0.306065 0.870121 0.444396 0.267391 0.728189
80.000000 0.072336 0.776643 0.242549 0.306202 0.870288 0.444282 0.267443 0.728420
80.200000 0.072335 0.776816 0.242330 0.306502 0.870567 0.444419 0.267450 0.728892
80.400000 0.072371 0.776775 0.242568 0.306447 0.870861 0.444420 0.267590 0.728888
80.600000 0.072319 0.776600 0.242611 0.306425 0.871022 0.444360 0.267569 0.729045
80.800000 0.072344 0.776798 0.242520 0.306680 0.871365 0.444465 0.267393 0.729326
81.000000 0.072330 0.776823 0.242508 0.306647 0.871430 0.444365 0.267528 0.729347
81.200000 0.072343 0.776873 0.242538 0.306742 0.871494 0.444355 0.267723 0.729437
81.400000 0.072367 0.776711 0.242564 0.306994 0.872017 0.444405 0.267742 0.729677
81.600000 0.072337 0.776546 0.242606 0.306869 0.872211 0.444485 0.267642 0.729792
81.800000 0.072335 0.776898 0.242613 0.307028 0.872403 0.444440 0.267838 0.730012
82.000000 0.072351 0.776861 0.242592 0.307273 0.872793 0.444339 0.267887 0.730432
82.200000 0.072181 0.777075 0.242525 0.307295 0.872887 0.444496 0.267902 0.730324
82.400000 0.072436 0.776905 0.242539 0.307363 0.873230 0.444368 0.268019 0.730296
82.600000 0.072213 0.777031 0.242586 0.307322 0.873168 0.444500 0.268055 0.730612
82.800000 0.072324 0.777054 0.242697 0.307614 0.873537 0.444438 0.268094 0.730838
83.000000 0.072372 0.777210 0.242575 0.307637 0.873836 0.444565 0.268180 0.730662
83.200000 0.072329 0.777129 0.242564 0.307692 0.873759 0.444520 0.268158 0.731032
83.400000 0.072351 0.777063 0.242595 0.307679 0.873903 0.444607 0.268197 0.731043
83.600000 0.072476 0.777245 0.242497 0.307813 0.874291 0.444523 0.268127 0.731347
83.800000 0.072327 0.776903 0.242512 0.308024 0.874585 0.444551 0.268312 0.731393
84.000000 0.072353 0.777139 0.242702 0.307955 0.874601 0.444509 0.268272 0.731358
84.200000 0.072351 0.777389 0.242704 0.308104 0.874917 0.444513 0.268481 0.731591
84.400000 0.072342 0.777222 0.242699 0.308297 0.875070 0.444519 0.268490 0.731700
84.600000 0.072337 0.777159 0.242753 0.308442 0.875197 0.444773 0.268413 0.732089
84.800000 0.072174 0.777431 0.242711 0.308472 0.875494 0.444725 0.268539 0.732010
85.000000 0.072351 0.777365 0.242640 0.308439 0.875670 0.444744 0.268660 0.732160
85.200000 0.072352 0.777435 0.242702 0.308534 0.875980 0.444793 0.268800 0.732213
85.400000 0.072178 0.777534 0.242713 0.308746 0.875901 0.444756 0.268647 0.732594
85.600000 0.072274 0.777462 0.242702 0.308717 0.876034 0.444359 0.268715 0.732592
85.800000 0.072286 0.777576 0.242647 0.308745 0.876219 0.444763 0.268752 0.732774
86.000000 0.072307 0.777514 0.242580 0.308887 0.876314 0.444730 0.268705 0.732853
86.200000 0.072179 0.777304 0.242675 0.309019 0.876614 0.444630 0.268743 0.732967
86.400000 0.072365 0.777602 0.242847 0.309245 0.876782 0.444855 0.268928 0.733126
86.600000 0.072359 0.777612 0.242634 0.309370 0.876932 0.444816 0.268906 0.733262
86.800000 0.072218 0.777832 0.242864 0.309298 0.877170 0.444820 0.269056 0.733514
87.000000 0.072353 0.777679 0.242630 0.309575 0.877302 0.444920 0.268862 0.733681
87.200000 0.072339 0.777883 0.242876 0.309419 0.877280 0.444813 0.269045 0.733594
87.400000 0.072205 0.777928 0.242834 0.309680 0.877591 0.444844 0.269119 0.733674
87.600000 0.072312 0.777755 0.242815 0.309845 0.877882 0.444742 0.269153 0.733911
87.800000 0.072351 0.777826 0.242803 0.309886 0.878037 0.444875 0.269207 0.734051
88.000000 0.072226 0.777838 0.242890 0.309787 0.878021 0.444903 0.269269 0.734184
88.200000 0.072308 0.777823 0.242772 0.309969 0.878034 0.445039 0.269426 0.733999
88.400000 0.072317 0.777764 0.242872 0.310003 0.878416 0.444974 0.269192 0.734349
88.600000 0.072346 0.777920 0.242775 0.310262 0.878329 0.445008 0.269381 0.734341
88.800000 0.072331 0.777875 0.242792 0.310353 0.878703 0.444896 0.269372 0.734269
89.000000 0.072182 0.777918 0.242831 0.310149 0.878735 0.444807 0.269260 0.734487
89.200000 0.072355 0.778027 0.242890 0.310312 0.878757 0.444970 0.269446 0.734685
89.400000 0.072404 0.778170 0.242824 0.310212 0.879014 0.444896 0.269507 0.734614
89.600000 0.072302 0.778032 0.242901 0.310546 0.879137 0.445002 0.269564 0.734925
89.800000 0.072356 0.777820 0.242970 0.310730 0.879413 0.444866 0.269578 0.734849
90.000000 0.072342 0.777903 0.242920 0.310749 0.879306 0.444995 0.269572 0.734980
