0.200000 0.048666 0.357900 0.135734 0.177885 0.381472 0.556347 0.194432 0.312464
0.400000 0.048561 0.357142 0.135521 0.177443 0.379350 0.556340 0.194202 0.310972
0.600000 0.048575 0.356582 0.135348 0.177258 0.378563 0.556409 0.194004 0.310123
0.800000 0.048580 0.356392 0.135456 0.177116 0.377079 0.556267 0.193861 0.309209
1.000000 0.048656 0.355886 0.135386 0.176986 0.376105 0.556323 0.193673 0.308510
1.200000 0.048556 0.355582 0.135226 0.176781 0.374958 0.556319 0.193500 0.307544
1.400000 0.048518 0.355225 0.135444 0.176598 0.373700 0.556097 0.193463 0.306735
1.600000 0.048527 0.354711 0.135382 0.176241 0.372744 0.555886 0.193053 0.305821
1.800000 0.048506 0.354385 0.135256 0.176385 0.371701 0.555795 0.192993 0.305004
2.000000 0.048637 0.353940 0.135267 0.175969 0.370522 0.555878 0.192851 0.304210
2.200000 0.048496 0.353467 0.135301 0.175923 0.369554 0.556005 0.192643 0.303382
2.400000 0.048522 0.353195 0.135064 0.175933 0.368391 0.555587 0.192558 0.302560
2.600000 0.048481 0.352884 0.135145 0.175546 0.367293 0.555691 0.192289 0.301691
2.800000 0.048494 0.352392 0.135056 0.175401 0.366238 0.555645 0.192087 0.300756
3.000000 0.048448 0.352137 0.135146 0.175234 0.365185 0.555474 0.192073 0.300103
3.200000 0.048510 0.351692 0.135080 0.175125 0.364192 0.555520 0.191676 0.299079
3.400000 0.048468 0.351450 0.134968 0.174934 0.363042 0.555469 0.191509 0.298550
3.600000 0.048462 0.350814 0.135055 0.174746 0.361757 0.555366 0.191438 0.297558
3.800000 0.048452 0.350657 0.135074 0.174654 0.361095 0.555209 0.191307 0.296953
4.000000 0.048270 0.350199 0.134923 0.174484 0.360054 0.555186 0.190914 0.296312
4.200000 0.048469 0.349603 0.134985 0.174305 0.358950 0.555059 0.190814 0.295105
4.400000 0.048485 0.349624 0.134950 0.174234 0.357878 0.554940 0.190765 0.294526
4.600000 0.048416 0.349190 0.134906 0.174001 0.356963 0.554828 0.190633 0.293867
4.800000 0.048398 0.348845 0.134869 0.173845 0.355886 0.554952 0.190416 0.292990
5.000000 0.048286 0.348612 0.134786 0.173752 0.354815 0.554770 0.190132 0.292306
5.200000 0.048391 0.348226 0.134865 0.173495 0.353929 0.554469 0.189974 0.291633
5.400000 0.048509 0.347810 0.134870 0.173404 0.353131 0.554525 0.190038 0.290909
5.600000 0.048390 0.347571 0.134764 0.173264 0.352091 0.554505 0.189520 0.290340
5.800000 0.048509 0.347238 0.134872 0.172981 0.351216 0.554385 0.189546 0.289322
6.000000 0.048386 0.346875 0.134885 0.172971 0.350205 0.554483 0.189587 0.288750
6.200000 0.048392 0.346618 0.134661 0.172732 0.349122 0.554263 0.189355 0.287997
6.400000 0.048521 0.346143 0.134805 0.172591 0.348287 0.554315 0.189116 0.287364
6.600000 0.048221 0.345839 0.134466 0.172451 0.347288 0.554059 0.189021 0.286533
6.800000 0.048367 0.345564 0.134575 0.172322 0.346258 0.553771 0.188793 0.285779
7.000000 0.048493 0.345196 0.134558 0.172014 0.345452 0.554168 0.188728 0.285273
7.200000 0.048337 0.344960 0.134521 0.171967 0.344484 0.553916 0.188555 0.284453
7.400000 0.048328 0.344583 0.134466 0.171888 0.343593 0.553743 0.188407 0.283794
7.600000 0.048335 0.344153 0.134532 0.171706 0.342774 0.553747 0.188220 0.283132
7.800000 0.048338 0.343992 0.134444 0.171488 0.341872 0.553611 0.188093 0.282493
8.000000 0.048331 0.343854 0.134561 0.171366 0.341005 0.553603 0.187904 0.281692
8.200000 0.048287 0.343344 0.134576 0.171474 0.340035 0.553473 0.187724 0.281188
8.400000 0.048309 0.343130 0.134302 0.171058 0.339296 0.553740 0.187657 0.280381
8.600000 0.048317 0.342720 0.134375 0.171045 0.338498 0.553449 0.187506 0.279883
8.800000 0.048292 0.342552 0.134391 0.170919 0.337599 0.553532 0.187393 0.279236
9.000000 0.048332 0.342316 0.134287 0.170766 0.336859 0.553336 0.187092 0.278631
9.200000 0.048319 0.341994 0.134405 0.170497 0.336093 0.553424 0.187020 0.278041
9.400000 0.048307 0.341763 0.134375 0.170509 0.335314 0.553036 0.186737 0.277442
9.600000 0.048302 0.341446 0.134352 0.170338 0.334404 0.553066 0.186784 0.276830
9.800000 0.048260 0.340999 0.134220 0.170296 0.333644 0.552977 0.186649 0.276310
10.000000 0.048274 0.340656 0.134094 0.170014 0.332760 0.552971 0.186545 0.275675
10.200000 0.048237 0.340501 0.134097 0.169919 0.331882 0.552808 0.186194 0.274994
10.400000 0.048272 0.340301 0.134133 0.169814 0.331029 0.552797 0.186270 0.274398
10.600000 0.048277 0.340114 0.134161 0.169656 0.330468 0.552755 0.186145 0.274010
10.800000 0.048240 0.339751 0.134126 0.169664 0.329662 0.552824 0.185969 0.273378
11.000000 0.048266 0.339522 0.133975 0.169445 0.328944 0.552528 0.185980 0.272588
11.200000 0.048249 0.339339 0.134056 0.169361 0.327970 0.552524 0.185670 0.272144
11.400000 0.048267 0.338819 0.133898 0.169000 0.327312 0.552406 0.185651 0.271581
11.600000 0.048268 0.338752 0.134074 0.169153 0.326688 0.552480 0.185516 0.271148
11.800000 0.048258 0.338585 0.133945 0.168934 0.325784 0.552355 0.185304 0.270459
12.000000 0.048368 0.338135 0.134116 0.168816 0.325170 0.552122 0.185177 0.269923
12.200000 0.048230 0.338120 0.133952 0.168756 0.324307 0.552083 0.185024 0.269419
12.400000 0.048235 0.337882 0.133926 0.168569 0.323690 0.552122 0.184923 0.268850
12.600000 0.048199 0.337483 0.133833 0.168374 0.322834 0.551913 0.184914 0.268032
12.800000 0.048207 0.337365 0.133842 0.168240 0.322167 0.551818 0.184604 0.267503
13.000000 0.048109 0.337132 0.133909 0.168211 0.321454 0.551879 0.184549 0.267215
13.200000 0.048369 0.336798 0.133880 0.168146 0.320892 0.551790 0.184466 0.266573
13.400000 0.048213 0.336719 0.133820 0.168096 0.320230 0.551656 0.184175 0.266206
13.600000 0.048150 0.336334 0.133942 0.167880 0.319645 0.551751 0.184204 0.265765
13.800000 0.048148 0.336022 0.133726 0.167743 0.318952 0.551463 0.184026 0.265313
14.000000 0.048196 0.335925 0.133669 0.167697 0.318352 0.551593 0.183954 0.264750
14.200000 0.048197 0.335748 0.133740 0.167419 0.317668 0.551365 0.183826 0.264354
14.400000 0.048178 0.335486 0.133777 0.167506 0.317225 0.551332 0.183606 0.263829
14.600000 0.048094 0.335363 0.133563 0.167299 0.316604 0.551387 0.183710 0.263397
14.800000 0.048175 0.335087 0.133674 0.167291 0.315984 0.551214 0.183417 0.262622
15.000000 0.048161 0.334873 0.133519 0.167222 0.315152 0.551229 0.183276 0.262507
15.200000 0.048131 0.334676 0.133593 0.167018 0.314691 0.551185 0.183288 0.262002
15.400000 0.048148 0.334603 0.133582 0.166969 0.313878 0.551090 0.183176 0.261598
15.600000 0.048146 0.334250 0.133645 0.166856 0.313448 0.551061 0.183069 0.261115
15.800000 0.048133 0.334064 0.133567 0.166684 0.312949 0.550948 0.182927 0.260717
16.000000 0.048140 0.333575 0.133562 0.166659 0.312225 0.550941 0.182896 0.260215
16.200000 0.048084 0.333694 0.133643 0.166533 0.311798 0.550975 0.182738 0.259796
16.400000 0.048144 0.333459 0.133646 0.166413 0.311059 0.550734 0.182745 0.259378
16.600000 0.048124 0.333311 0.133645 0.166412 0.310365 0.550594 0.182576 0.258994
16.800000 0.048193 0.333037 0.133378 0.166292 0.309802 0.550644 0.182434 0.258636
17.000000 0.048076 0.332707 0.133386 0.166098 0.309233 0.550434 0.182225 0.257806
17.200000 0.048076 0.332617 0.133441 0.165943 0.308933 0.550685 0.182334 0.257675
17.400000 0.048094 0.332342 0.133386 0.165924 0.308229 0.550330 0.181971 0.257182
17.600000 0.048115 0.332421 0.133269 0.165825 0.307493 0.550413 0.182020 0.256798
17.800000 0.048113 0.332047 0.133470 0.165672 0.307146 0.550296 0.181747 0.256411
18.000000 0.048190 0.331813 0.133383 0.165660 0.306377 0.550239 0.181606 0.255991
18.200000 0.048099 0.331692 0.133163 0.165598 0.305962 0.550191 0.181673 0.255716
18.400000 0.048095 0.331522 0.133328 0.165341 0.305348 0.550133 0.181717 0.255170
18.600000 0.048217 0.331407 0.133313 0.165390 0.304813 0.550009 0.181462 0.254674
18.800000 0.048083 0.331200 0.133314 0.165311 0.304370 0.550002 0.181432 0.254443
19.000000 0.047917 0.330812 0.133105 0.165108 0.303733 0.549907 0.181150 0.253880
19.200000 0.048076 0.330602 0.133249 0.164976 0.303290 0.549894 0.181180 0.253521
19.400000 0.048068 0.330548 0.133196 0.164997 0.302814 0.549903 0.181170 0.253106
19.600000 0.048044 0.330340 0.133108 0.164832 0.302113 0.549707 0.181062 0.252563
19.800000 0.047929 0.330170 0.133091 0.164829 0.301583 0.549534 0.180875 0.252136
20.000000 0.048049 0.329899 0.133169 0.164679 0.301088 0.549545 0.180807 0.251898
20.200000 0.047917 0.329975 0.133155 0.164599 0.300339 0.549526 0.180700 0.251575
20.400000 0.048000 0.329447 0.133097 0.164338 0.299962 0.549317 0.180547 0.251083
20.600000 0.047904 0.329574 0.133128 0.164351 0.299659 0.549244 0.180383 0.250838
20.800000 0.048047 0.329268 0.133181 0.164230 0.298925 0.549186 0.180429 0.250389
21.000000 0.048022 0.329174 0.133110 0.164328 0.298590 0.549113 0.180331 0.250051
21.200000 0.048057 0.328864 0.133208 0.164038 0.298066 0.549139 0.180428 0.249614
21.400000 0.048037 0.328850 0.133036 0.164139 0.297697 0.549098 0.180078 0.249264
21.600000 0.048055 0.328673 0.133101 0.163886 0.296912 0.548897 0.180189 0.248917
21.800000 0.048029 0.328285 0.133044 0.163928 0.296580 0.548859 0.180016 0.248557
22.000000 0.048001 0.328276 0.132958 0.163804 0.296056 0.548901 0.179845 0.248173
22.200000 0.048013 0.327961 0.132993 0.163758 0.295506 0.548731 0.179893 0.247695
22.400000 0.047970 0.327883 0.132926 0.163603 0.295100 0.548830 0.179692 0.247376
22.600000 0.048029 0.327758 0.133008 0.163509 0.294613 0.548697 0.179651 0.247129
22.800000 0.048007 0.327547 0.133042 0.163571 0.294157 0.548703 0.179573 0.246795
23.000000 0.048004 0.327250 0.133049 0.163389 0.293630 0.548450 0.179303 0.246398
23.200000 0.047990 0.327238 0.132899 0.163226 0.293010 0.548517 0.179351 0.245873
23.400000 0.048008 0.327030 0.133014 0.163205 0.292704 0.548297 0.179204 0.245758
23.600000 0.047985 0.326815 0.132801 0.163233 0.292347 0.548387 0.179219 0.245341
23.800000 0.047946 0.326543 0.132819 0.162961 0.291733 0.548184 0.179040 0.244775
24.000000 0.047980 0.326608 0.132821 0.162901 0.291257 0.548218 0.179055 0.244680
24.200000 0.047970 0.326245 0.132872 0.162700 0.290684 0.548145 0.178915 0.244359
24.400000 0.047945 0.326226 0.132837 0.162817 0.290324 0.548090 0.178900 0.243849
24.600000 0.047966 0.326086 0.132814 0.162889 0.289824 0.548092 0.178776 0.243588
24.800000 0.047970 0.325783 0.132836 0.162636 0.289336 0.547916 0.178687 0.243239
25.000000 0.047973 0.325862 0.132707 0.162611 0.288948 0.548092 0.178574 0.242882
25.200000 0.047966 0.325476 0.132612 0.162421 0.288668 0.547891 0.178608 0.242473
25.400000 0.047958 0.325405 0.132648 0.162438 0.288129 0.547715 0.178423 0.242195
25.600000 0.047941 0.325365 0.132676 0.162325 0.287681 0.547541 0.178347 0.242106
25.800000 0.047963 0.325056 0.132724 0.162296 0.287329 0.547487 0.178248 0.241621
26.000000 0.047920 0.324932 0.132632 0.162192 0.286819 0.547631 0.178112 0.241322
26.200000 0.047970 0.325006 0.132698 0.161902 0.286336 0.547455 0.178106 0.241095
26.400000 0.047886 0.324574 0.132688 0.161931 0.285915 0.547394 0.178015 0.240542
26.600000 0.047932 0.324571 0.132644 0.161920 0.285540 0.547407 0.178032 0.240189
26.800000 0.047918 0.324550 0.132559 0.161802 0.285130 0.547484 0.177774 0.240092
27.000000 0.048053 0.324344 0.132319 0.161682 0.284678 0.547264 0.177826 0.239855
27.200000 0.047771 0.324132 0.132441 0.161673 0.284378 0.547167 0.177635 0.239415
27.400000 0.047920 0.324080 0.132649 0.161673 0.283669 0.547096 0.177642 0.239172
27.600000 0.047941 0.323937 0.132574 0.161539 0.283387 0.546882 0.177475 0.238752
27.800000 0.047947 0.323758 0.132479 0.161296 0.283017 0.546970 0.177495 0.238551
28.000000 0.047932 0.323561 0.132347 0.161330 0.282689 0.547021 0.177454 0.238228
28.200000 0.047764 0.323396 0.132470 0.161432 0.282221 0.546757 0.177394 0.237892
28.400000 0.047902 0.323185 0.132561 0.161202 0.281753 0.546771 0.177330 0.237613
28.600000 0.047795 0.322960 0.132537 0.160999 0.281293 0.546585 0.177161 0.237151
28.800000 0.047982 0.323179 0.132580 0.160902 0.280985 0.546653 0.177228 0.237061
29.000000 0.048050 0.322785 0.132324 0.160921 0.280663 0.546563 0.177106 0.236666
29.200000 0.047902 0.322773 0.132395 0.160950 0.280234 0.546482 0.176915 0.236473
29.400000 0.048050 0.322666 0.132376 0.160858 0.279716 0.546560 0.176935 0.236287
29.600000 0.047884 0.322516 0.132343 0.160728 0.279446 0.546144 0.176920 0.235889
29.800000 0.047858 0.322409 0.132305 0.160580 0.279067 0.546368 0.176829 0.235660
30.000000 0.047879 0.322101 0.132355 0.160592 0.278703 0.546113 0.176761 0.235378
30.200000 0.047902 0.322011 0.132254 0.160534 0.278319 0.546175 0.176705 0.234907
30.400000 0.047767 0.321810 0.132350 0.160397 0.277907 0.545986 0.176536 0.234807
30.600000 0.047902 0.321669 0.132430 0.160177 0.277309 0.546066 0.176646 0.234396
30.800000 0.048010 0.321701 0.132359 0.160310 0.277171 0.545983 0.176376 0.234208
31.000000 0.048069 0.321369 0.132402 0.160236 0.276824 0.545998 0.176457 0.233793
31.200000 0.048540 0.321378 0.132419 0.160229 0.276580 0.545944 0.176406 0.233749
31.400000 0.049217 0.321289 0.132318 0.160176 0.276254 0.545924 0.176370 0.233529
31.600000 0.049670 0.321172 0.132363 0.160196 0.276305 0.545805 0.176169 0.233489
31.800000 0.050308 0.321139 0.132422 0.160210 0.276459 0.545911 0.176489 0.233721
32.000000 0.051040 0.321128 0.132575 0.160239 0.277048 0.545554 0.176445 0.233974
32.200000 0.051761 0.321137 0.132504 0.160416 0.277944 0.545690 0.176471 0.234550
32.400000 0.052509 0.321375 0.132537 0.160654 0.279136 0.545752 0.176568 0.235350
32.600000 0.053215 0.321750 0.132592 0.160734 0.280972 0.545522 0.176626 0.236618
32.800000 0.053906 0.322346 0.132530 0.161108 0.283313 0.545646 0.176846 0.238003
33.000000 0.054532 0.323207 0.132775 0.161309 0.286070 0.545651 0.176998 0.239648
33.200000 0.055140 0.324191 0.132602 0.161673 0.289173 0.545607 0.177221 0.241641
33.400000 0.055834 0.325532 0.132482 0.162137 0.292983 0.545592 0.177348 0.244184
33.600000 0.056173 0.327526 0.132919 0.162562 0.297316 0.545696 0.177479 0.246981
33.800000 0.056620 0.329508 0.132965 0.163039 0.302303 0.545628 0.177931 0.250145
34.000000 0.056968 0.332199 0.133104 0.163829 0.307573 0.545653 0.178082 0.253680
34.200000 0.057511 0.335364 0.133135 0.164306 0.313535 0.545625 0.178396 0.257427
34.400000 0.057673 0.339288 0.133286 0.164946 0.319568 0.545780 0.178711 0.261523
34.600000 0.057888 0.343691 0.133467 0.165656 0.326535 0.545687 0.179181 0.265958
34.800000 0.058173 0.348793 0.133660 0.166447 0.333568 0.545657 0.179525 0.270820
35.000000 0.058377 0.354452 0.133600 0.167213 0.341297 0.545752 0.179822 0.275876
35.200000 0.058565 0.360823 0.133878 0.167961 0.349418 0.545780 0.180259 0.281197
35.400000 0.058700 0.367129 0.133622 0.168559 0.357100 0.545701 0.180560 0.286409
35.600000 0.058839 0.374719 0.133909 0.169454 0.365530 0.545808 0.180904 0.292174
35.800000 0.058932 0.382162 0.134080 0.170372 0.373703 0.545853 0.181130 0.297663
36.000000 0.059046 0.389974 0.134253 0.171185 0.382096 0.545926 0.181593 0.303637
36.200000 0.059164 0.398347 0.134377 0.171776 0.390835 0.545815 0.181701 0.309663
36.400000 0.059274 0.407158 0.134403 0.172690 0.399578 0.545986 0.182255 0.315800
36.600000 0.059307 0.416075 0.134463 0.173298 0.408594 0.545979 0.182691 0.322077
36.800000 0.059363 0.425348 0.134466 0.174224 0.417485 0.546070 0.183054 0.328574
37.000000 0.059443 0.434818 0.134709 0.174769 0.426667 0.545807 0.183381 0.334836
37.200000 0.059612 0.444389 0.134794 0.175675 0.435918 0.546070 0.183852 0.341613
37.400000 0.059547 0.454228 0.134611 0.176472 0.445345 0.546272 0.184311 0.348984
37.600000 0.059597 0.466756 0.134940 0.177071 0.456921 0.546144 0.184728 0.356996
37.800000 0.059606 0.476602 0.134964 0.178141 0.466213 0.546380 0.185052 0.363634
38.000000 0.059807 0.486322 0.135078 0.178736 0.475391 0.546336 0.185570 0.370674
38.200000 0.059679 0.496171 0.135329 0.179575 0.484405 0.546542 0.185946 0.377413
38.400000 0.059689 0.505695 0.135350 0.180115 0.493739 0.546306 0.186255 0.384399
38.600000 0.059734 0.515465 0.135376 0.181117 0.502508 0.546277 0.186582 0.390934
38.800000 0.059622 0.525046 0.135431 0.181664 0.511545 0.546442 0.187007 0.397802
39.000000 0.059786 0.534357 0.135800 0.182386 0.520201 0.546427 0.187349 0.404553
39.200000 0.059757 0.543315 0.135916 0.183072 0.529086 0.546661 0.187826 0.411302
39.400000 0.059831 0.552451 0.135847 0.183674 0.537636 0.546570 0.188081 0.417991
39.600000 0.059966 0.561339 0.136004 0.184418 0.546407 0.546448 0.188738 0.424759
39.800000 0.059841 0.569742 0.136178 0.185076 0.554574 0.546796 0.189008 0.431362
40.000000 0.059851 0.578218 0.136228 0.185568 0.562953 0.546786 0.189282 0.437848
40.200000 0.059829 0.586475 0.136234 0.186163 0.571345 0.546840 0.189745 0.444467
40.400000 0.059846 0.594616 0.136494 0.186925 0.579433 0.546976 0.189987 0.450980
40.600000 0.059854 0.602324 0.136548 0.187778 0.587583 0.547022 0.190349 0.457435
40.800000 0.059755 0.609793 0.136574 0.188185 0.595387 0.546905 0.190926 0.463812
41.000000 0.059859 0.617326 0.136577 0.188706 0.603108 0.546893 0.191314 0.470085
41.200000 0.059872 0.624313 0.136713 0.189471 0.610805 0.546876 0.191546 0.476155
41.400000 0.059918 0.631206 0.136816 0.190018 0.618273 0.547035 0.192066 0.482202
41.600000 0.059856 0.637773 0.136845 0.190581 0.625362 0.547125 0.192389 0.488259
41.800000 0.060086 0.643985 0.137000 0.191181 0.632590 0.547168 0.192789 0.494201
42.000000 0.059917 0.649949 0.137148 0.191657 0.639559 0.547260 0.193050 0.500175
42.200000 0.059878 0.655973 0.137109 0.192407 0.646305 0.547215 0.193620 0.505555
42.400000 0.059925 0.661380 0.137157 0.192734 0.653010 0.547201 0.193809 0.511205
42.600000 0.059949 0.666816 0.137303 0.193393 0.659629 0.547234 0.194334 0.516895
42.800000 0.060084 0.671868 0.137371 0.193926 0.665970 0.547363 0.194834 0.522237
43.000000 0.059955 0.676828 0.137396 0.194547 0.672187 0.547478 0.195040 0.527559
43.200000 0.059962 0.681360 0.137542 0.194973 0.678142 0.547385 0.195457 0.532695
43.400000 0.059939 0.685988 0.137620 0.195558 0.684117 0.547544 0.195657 0.537816
43.600000 0.059830 0.690433 0.137673 0.196125 0.689976 0.547772 0.196134 0.542830
43.800000 0.059988 0.694494 0.137906 0.196582 0.695984 0.547726 0.196477 0.548361
44.000000 0.059955 0.699785 0.137919 0.197168 0.703337 0.547655 0.197216 0.554612
44.200000 0.059962 0.703316 0.137870 0.197583 0.708698 0.547805 0.197421 0.559179
44.400000 0.059952 0.706665 0.138006 0.198177 0.713782 0.547811 0.197760 0.563747
44.600000 0.059959 0.710228 0.138065 0.198570 0.718937 0.547694 0.198120 0.568246
44.800000 0.059945 0.713292 0.138190 0.199075 0.723838 0.547845 0.198500 0.572683
45.000000 0.059948 0.716341 0.138112 0.199645 0.728482 0.547853 0.198716 0.576894
45.200000 0.059834 0.719035 0.138236 0.199958 0.733290 0.547959 0.199142 0.581064
45.400000 0.060015 0.721804 0.138329 0.200455 0.737656 0.547946 0.199493 0.585257
45.600000 0.059997 0.724232 0.138268 0.200676 0.742283 0.548163 0.199877 0.589254
45.800000 0.059814 0.726715 0.138397 0.201252 0.746499 0.548008 0.200243 0.593225
46.000000 0.059825 0.728990 0.138429 0.201736 0.750844 0.548179 0.200547 0.597035
46.200000 0.059963 0.731351 0.138319 0.202111 0.754750 0.548326 0.200917 0.600596
46.400000 0.059977 0.733450 0.138469 0.202630 0.758533 0.548326 0.201390 0.604265
46.600000 0.059998 0.735459 0.138643 0.202951 0.762771 0.548402 0.201684 0.608046
46.800000 0.060003 0.737093 0.138724 0.203357 0.766233 0.548483 0.201916 0.611410
47.000000 0.060110 0.739064 0.138811 0.203713 0.769966 0.548425 0.202238 0.614639
47.200000 0.059995 0.740773 0.138755 0.204117 0.773526 0.548696 0.202580 0.618138
47.400000 0.059910 0.742316 0.138933 0.204489 0.777078 0.548475 0.202870 0.621370
47.600000 0.060000 0.743731 0.138923 0.204821 0.780367 0.548628 0.203176 0.624396
47.800000 0.060113 0.745236 0.138858 0.205330 0.783593 0.548842 0.203559 0.627552
48.000000 0.059822 0.746687 0.139048 0.205653 0.786757 0.548412 0.203566 0.630578
48.200000 0.060012 0.747940 0.139127 0.206131 0.790071 0.548708 0.204148 0.633437
48.400000 0.060116 0.749204 0.138947 0.206397 0.792972 0.548914 0.204504 0.636229
48.600000 0.060071 0.750347 0.139210 0.206677 0.795969 0.548918 0.204681 0.639203
48.800000 0.059998 0.750889 0.139262 0.207100 0.798915 0.549065 0.205018 0.642065
49.000000 0.059822 0.752557 0.139283 0.207590 0.801636 0.548881 0.205249 0.644808
49.200000 0.060112 0.753465 0.139360 0.207724 0.804299 0.549047 0.205548 0.647243
49.400000 0.059981 0.754485 0.139341 0.208140 0.806816 0.549088 0.205879 0.649660
49.600000 0.059979 0.755172 0.139542 0.208299 0.809552 0.549148 0.206286 0.652093
49.800000 0.059972 0.756269 0.139525 0.208649 0.812015 0.549312 0.206535 0.654359
50.000000 0.059999 0.756922 0.139470 0.209094 0.814381 0.549228 0.207039 0.656626
50.200000 0.060036 0.757699 0.139632 0.209401 0.817010 0.549261 0.207081 0.659479
50.400000 0.060107 0.758962 0.139675 0.209818 0.820159 0.549429 0.207592 0.662313
50.600000 0.060046 0.759422 0.139912 0.210203 0.822165 0.549359 0.207841 0.664337
50.800000 0.060063 0.760313 0.139786 0.210565 0.824727 0.549525 0.208231 0.666640
51.000000 0.060009 0.760744 0.139971 0.210798 0.826722 0.549525 0.208535 0.668632
51.200000 0.060000 0.761552 0.139912 0.211141 0.828778 0.549612 0.208668 0.670443
51.400000 0.060015 0.761995 0.139897 0.211405 0.830941 0.549589 0.208893 0.672541
51.600000 0.060022 0.762627 0.139928 0.211734 0.832812 0.549690 0.209485 0.674554
51.800000 0.060021 0.763128 0.139936 0.211980 0.834695 0.549544 0.209613 0.676410
52.000000 0.060012 0.763642 0.140043 0.212331 0.836666 0.549768 0.209872 0.678381
52.200000 0.060025 0.764160 0.140089 0.212564 0.838481 0.549654 0.209988 0.679941
52.400000 0.059995 0.764570 0.140166 0.212923 0.840328 0.549895 0.210551 0.681749
52.600000 0.059971 0.765144 0.140171 0.213171 0.842255 0.549693 0.210633 0.683584
52.800000 0.060030 0.765265 0.140103 0.213583 0.843825 0.550064 0.210965 0.685001
53.000000 0.059999 0.765693 0.140330 0.213817 0.845591 0.550014 0.211287 0.686589
53.200000 0.060015 0.766404 0.140306 0.213975 0.847166 0.550166 0.211459 0.688300
53.400000 0.060116 0.766735 0.140461 0.214282 0.848979 0.550190 0.211763 0.689942
53.600000 0.059991 0.767046 0.140470 0.214673 0.850270 0.550175 0.212087 0.691192
53.800000 0.060005 0.767206 0.140482 0.214905 0.851888 0.550166 0.212102 0.692738
54.000000 0.059995 0.767432 0.140497 0.214812 0.853211 0.550210 0.212413 0.693675
54.200000 0.060008 0.767909 0.140533 0.215548 0.854743 0.550253 0.212594 0.695525
54.400000 0.059990 0.768167 0.140502 0.215662 0.856059 0.550366 0.212995 0.696849
54.600000 0.059835 0.768396 0.140623 0.215873 0.857606 0.550399 0.213257 0.698145
54.800000 0.059974 0.768635 0.140646 0.216144 0.858964 0.550520 0.213354 0.699442
55.000000 0.059996 0.768686 0.140742 0.216405 0.860191 0.550134 0.213671 0.700560
55.200000 0.059833 0.769170 0.140697 0.216638 0.861397 0.550572 0.213957 0.701901
55.400000 0.059816 0.769420 0.140796 0.216752 0.862583 0.550500 0.214083 0.702894
55.600000 0.059862 0.769520 0.140901 0.217218 0.863822 0.550639 0.214461 0.704106
55.800000 0.059974 0.769677 0.140866 0.217376 0.865166 0.550687 0.214662 0.705310
56.000000 0.059963 0.769788 0.140710 0.217561 0.866220 0.550737 0.214727 0.706168
56.200000 0.060003 0.769951 0.141074 0.217824 0.867171 0.550760 0.215132 0.707312
56.400000 0.060101 0.770230 0.141078 0.217925 0.868153 0.550896 0.215385 0.708468
56.600000 0.059981 0.770257 0.141025 0.218321 0.869517 0.550880 0.215575 0.709622
56.800000 0.059852 0.770112 0.141061 0.218432 0.870780 0.550872 0.215821 0.710721
57.000000 0.059983 0.770564 0.141075 0.218689 0.871850 0.550952 0.216081 0.711573
57.200000 0.059985 0.770658 0.141004 0.218824 0.872651 0.551090 0.216268 0.712510
57.400000 0.059927 0.770384 0.140881 0.219235 0.873545 0.550850 0.216396 0.713267
57.600000 0.059835 0.770445 0.141204 0.219427 0.874521 0.551159 0.216392 0.714114
57.800000 0.059819 0.770841 0.141249 0.219722 0.875532 0.551015 0.216941 0.714931
58.000000 0.059969 0.770618 0.141282 0.219855 0.876383 0.551281 0.217069 0.715872
58.200000 0.059969 0.770903 0.141280 0.219993 0.877126 0.551161 0.217371 0.716806
58.400000 0.059989 0.770900 0.141203 0.220307 0.878221 0.551451 0.217550 0.717400
58.600000 0.059972 0.771098 0.141442 0.220357 0.878916 0.551336 0.217690 0.718319
58.800000 0.060011 0.771086 0.141440 0.220761 0.879724 0.551404 0.217770 0.719140
59.000000 0.060111 0.771189 0.141440 0.220726 0.880717 0.551547 0.218088 0.719809
59.200000 0.060000 0.771276 0.141422 0.221028 0.881457 0.551583 0.218331 0.720402
59.400000 0.060023 0.771231 0.141541 0.221297 0.881995 0.551511 0.218363 0.721166
59.600000 0.059860 0.771302 0.141568 0.221636 0.882765 0.551460 0.218800 0.721928
59.800000 0.059960 0.771418 0.141535 0.221807 0.883737 0.551619 0.218866 0.722585
60.000000 0.059975 0.771316 0.141579 0.221761 0.884267 0.551372 0.219059 0.723155
60.200000 0.059814 0.771416 0.141612 0.222098 0.885024 0.551692 0.219394 0.723869
60.400000 0.060003 0.771492 0.141478 0.222232 0.885769 0.551728 0.219520 0.724455
60.600000 0.060025 0.771338 0.141769 0.222425 0.886232 0.551645 0.219713 0.725113
60.800000 0.059932 0.771428 0.141867 0.222526 0.887187 0.551905 0.219761 0.725562
61.000000 0.059986 0.771357 0.141712 0.222483 0.887835 0.551921 0.219895 0.726292
61.200000 0.059968 0.771613 0.141869 0.223066 0.888494 0.551940 0.220083 0.726893
61.400000 0.059828 0.771549 0.141789 0.223233 0.888979 0.552001 0.220457 0.727393
61.600000 0.060002 0.771527 0.141900 0.223352 0.889691 0.552086 0.220535 0.727698
61.800000 0.059959 0.771747 0.141783 0.223678 0.890256 0.552067 0.220723 0.728509
62.000000 0.059948 0.771461 0.141762 0.223557 0.890774 0.552136 0.220879 0.728850
62.200000 0.059960 0.771587 0.141948 0.223897 0.891536 0.552229 0.220951 0.729596
62.400000 0.060114 0.771924 0.141980 0.224085 0.891891 0.552282 0.221190 0.730271
62.600000 0.060024 0.771638 0.141912 0.224101 0.892561 0.552335 0.221541 0.730651
62.800000 0.059816 0.771513 0.142156 0.224324 0.893177 0.552363 0.221621 0.731119
63.000000 0.059953 0.771767 0.141971 0.224624 0.893743 0.552120 0.221850 0.731374
63.200000 0.059825 0.771580 0.142127 0.224828 0.894230 0.552397 0.221977 0.731860
63.400000 0.059958 0.771734 0.142158 0.224924 0.894687 0.552458 0.222117 0.732475
63.600000 0.059960 0.771491 0.142135 0.225088 0.895112 0.552526 0.222203 0.732741
63.800000 0.060097 0.771670 0.142061 0.225363 0.895607 0.552605 0.222409 0.733311
64.000000 0.059927 0.771620 0.142166 0.225081 0.895956 0.552384 0.222548 0.733502
64.200000 0.060074 0.771578 0.142115 0.225579 0.896352 0.552521 0.222778 0.734071
64.400000 0.060011 0.771226 0.142190 0.225527 0.897004 0.552727 0.222830 0.734330
64.600000 0.059901 0.771331 0.142241 0.225890 0.897243 0.552716 0.223009 0.734664
64.800000 0.059854 0.771467 0.142291 0.226046 0.897622 0.552795 0.223177 0.735008
65.000000 0.059880 0.771470 0.142226 0.226347 0.898271 0.552690 0.223359 0.735281
65.200000 0.059926 0.771466 0.142358 0.226472 0.898498 0.552923 0.223476 0.735741
65.400000 0.059937 0.771389 0.142401 0.226666 0.898857 0.552815 0.223628 0.736020
65.600000 0.059928 0.771274 0.142366 0.226718 0.899239 0.552850 0.223761 0.736113
65.800000 0.059929 0.771076 0.142470 0.226936 0.899622 0.553130 0.223880 0.736634
66.000000 0.059896 0.771056 0.142223 0.227006 0.899882 0.553016 0.224021 0.736841
66.200000 0.059932 0.771049 0.142505 0.227066 0.900358 0.553011 0.224107 0.737069
66.400000 0.059928 0.771127 0.142511 0.227336 0.900459 0.553244 0.224197 0.737204
66.600000 0.059950 0.770930 0.142552 0.227475 0.900857 0.553061 0.224444 0.737639
66.800000 0.059926 0.771021 0.142519 0.227628 0.901149 0.553024 0.224606 0.737817
67.000000 0.059928 0.770953 0.142412 0.227680 0.901434 0.553231 0.224705 0.737918
67.200000 0.059966 0.770724 0.142647 0.227920 0.901674 0.553341 0.224831 0.738322
67.400000 0.059929 0.770696 0.142590 0.228002 0.901901 0.553186 0.224980 0.738378
67.600000 0.059941 0.770555 0.142724 0.228079 0.902079 0.553173 0.225143 0.738657
67.800000 0.059924 0.770555 0.142616 0.228156 0.902140 0.553370 0.225174 0.738820
68.000000 0.059904 0.770545 0.142688 0.228476 0.902813 0.553345 0.225260 0.738998
68.200000 0.059929 0.770281 0.142744 0.228564 0.902429 0.553315 0.225452 0.739263
68.400000 0.059895 0.770382 0.142747 0.228651 0.903094 0.553539 0.225599 0.739393
68.600000 0.059921 0.770385 0.142756 0.228741 0.903453 0.553582 0.225690 0.739595
68.800000 0.059870 0.770052 0.142821 0.228940 0.903746 0.553739 0.225880 0.739877
69.000000 0.059881 0.770056 0.142798 0.229160 0.903757 0.553663 0.225908 0.739929
69.200000 0.059859 0.769980 0.142946 0.228904 0.904187 0.553611 0.226043 0.740097
69.400000 0.059894 0.769856 0.142812 0.229251 0.904304 0.553804 0.226020 0.740305
69.600000 0.059915 0.769919 0.142832 0.229463 0.904524 0.553879 0.226425 0.740382
69.800000 0.059905 0.769799 0.142862 0.229571 0.904794 0.554007 0.226427 0.740476
70.000000 0.059928 0.769569 0.142915 0.229707 0.904943 0.553799 0.226542 0.740709
70.200000 0.059869 0.769376 0.143104 0.229852 0.905198 0.554034 0.226634 0.740833
70.400000 0.059907 0.769517 0.142868 0.229928 0.905445 0.554044 0.226725 0.740978
70.600000 0.059866 0.769398 0.143062 0.230175 0.905673 0.554147 0.226827 0.741307
70.800000 0.059933 0.769286 0.143074 0.230108 0.905590 0.554098 0.226859 0.741231
71.000000 0.059899 0.769268 0.143002 0.230345 0.905539 0.554118 0.227178 0.741384
71.200000 0.059901 0.769302 0.143139 0.230503 0.905944 0.554186 0.227154 0.741529
71.400000 0.059906 0.769062 0.143179 0.230626 0.906349 0.554264 0.227080 0.741649
71.600000 0.059859 0.769093 0.143246 0.230670 0.906378 0.554256 0.227197 0.741652
71.800000 0.059873 0.768898 0.143198 0.230803 0.906293 0.554150 0.227504 0.741810
72.000000 0.059912 0.768792 0.143226 0.230910 0.906539 0.554468 0.227568 0.741869
72.200000 0.059925 0.769020 0.143270 0.231142 0.906711 0.554269 0.227750 0.742008
72.400000 0.059921 0.768840 0.143253 0.231155 0.907006 0.554426 0.227717 0.742039
72.600000 0.059729 0.768871 0.143206 0.231210 0.907106 0.554409 0.227847 0.703204
72.800000 0.060072 0.768694 0.143198 0.231395 0.907388 0.554642 0.227960 0.742207
73.000000 0.059900 0.768668 0.143234 0.231369 0.907587 0.554211 0.228013 0.742279
73.200000 0.059900 0.768478 0.143070 0.231525 0.907583 0.554647 0.227970 0.742397
73.400000 0.059902 0.768510 0.143428 0.231671 0.907800 0.554649 0.228175 0.742512
73.600000 0.059908 0.768551 0.143414 0.231757 0.907892 0.554610 0.228308 0.742554
73.800000 0.059869 0.768371 0.143338 0.231863 0.907694 0.554632 0.228330 0.742665
74.000000 0.059924 0.768429 0.143386 0.232032 0.907987 0.554746 0.228498 0.742936
74.200000 0.059888 0.768265 0.143368 0.232089 0.908056 0.554774 0.228580 0.742698
74.400000 0.059927 0.768245 0.143405 0.232155 0.908194 0.554659 0.228638 0.742909
74.600000 0.059897 0.768274 0.143388 0.232308 0.908304 0.554946 0.228590 0.742968
74.800000 0.059903 0.768173 0.143581 0.232412 0.908442 0.554888 0.228880 0.743097
75.000000 0.059904 0.768085 0.143300 0.232493 0.908589 0.554929 0.228978 0.742986
75.200000 0.059904 0.768067 0.143584 0.232635 0.908693 0.555037 0.229033 0.743141
75.400000 0.059923 0.767996 0.143454 0.232759 0.908804 0.555084 0.228957 0.743386
75.600000 0.059880 0.767966 0.143522 0.232772 0.908942 0.554919 0.229178 0.743118
75.800000 0.059913 0.767766 0.143525 0.232909 0.908919 0.555111 0.229300 0.743131
76.000000 0.059918 0.767759 0.143538 0.232893 0.909203 0.555090 0.229214 0.743339
76.200000 0.059870 0.767688 0.143572 0.233065 0.909173 0.555046 0.229390 0.743469
76.400000 0.059924 0.767753 0.143542 0.233200 0.909228 0.555224 0.229516 0.743419
76.600000 0.059948 0.767695 0.143447 0.233232 0.909363 0.555237 0.229624 0.743621
76.800000 0.059934 0.767812 0.143620 0.233519 0.909522 0.555149 0.229574 0.743520
77.000000 0.059854 0.767389 0.143468 0.233378 0.909506 0.555242 0.229755 0.743411
77.200000 0.059893 0.767543 0.143600 0.233498 0.909618 0.555340 0.229675 0.743581
77.400000 0.059891 0.767744 0.143499 0.233715 0.909829 0.555433 0.229825 0.743606
77.600000 0.059906 0.767573 0.143690 0.233884 0.909783 0.555321 0.229918 0.743806
77.800000 0.059916 0.767579 0.143610 0.233945 0.910143 0.555479 0.229983 0.743724
78.000000 0.059924 0.767602 0.143791 0.233836 0.910100 0.555530 0.230098 0.743780
78.200000 0.059892 0.767487 0.143660 0.233983 0.910129 0.555455 0.230132 0.743726
78.400000 0.059918 0.767482 0.143781 0.234164 0.910066 0.555715 0.230166 0.743751
78.600000 0.059919 0.767229 0.143750 0.234176 0.910044 0.555429 0.230200 0.743945
78.800000 0.059912 0.767338 0.143793 0.273419 0.910316 0.555625 0.230286 0.744012
79.000000 0.059910 0.767098 0.143815 0.234577 0.910257 0.555599 0.230261 0.743972
79.200000 0.059879 0.767068 0.143866 0.234580 0.910196 0.555605 0.230277 0.743939
79.400000 0.059890 0.767111 0.143877 0.234591 0.910425 0.555760 0.230408 0.743933
79.600000 0.059768 0.766941 0.143842 0.234742 0.910606 0.555823 0.230139 0.743659
79.800000 0.059875 0.766814 0.144021 0.234702 0.910350 0.555844 0.230668 0.743569
80.000000 0.059915 0.766773 0.143881 0.234700 0.910408 0.555750 0.230668 0.744036
80.200000 0.059896 0.766887 0.144039 0.234892 0.910496 0.555794 0.230591 0.743942
80.400000 0.059903 0.766876 0.143781 0.234897 0.910524 0.555766 0.230796 0.743941
80.600000 0.059896 0.766779 0.143756 0.235013 0.910574 0.555779 0.230860 0.743881
80.800000 0.059896 0.766751 0.143772 0.235290 0.910791 0.555834 0.230915 0.744099
81.000000 0.059894 0.766574 0.143994 0.235230 0.910695 0.555880 0.230928 0.743924
81.200000 0.059897 0.766537 0.143899 0.235336 0.910737 0.556023 0.231064 0.744069
81.400000 0.059910 0.766444 0.143982 0.235436 0.910834 0.556105 0.231103 0.743872
81.600000 0.059866 0.766478 0.143969 0.235467 0.910772 0.556087 0.231079 0.743952
81.800000 0.059854 0.766437 0.144017 0.235553 0.910891 0.555891 0.231181 0.743902
82.000000 0.059872 0.766273 0.143787 0.235635 0.910767 0.556058 0.231205 0.743880
82.200000 0.059915 0.766164 0.144015 0.235547 0.910945 0.556225 0.231202 0.743929
82.400000 0.059890 0.766247 0.144056 0.235606 0.910922 0.556186 0.231184 0.743716
82.600000 0.059881 0.765872 0.144190 0.235867 0.910799 0.556219 0.231394 0.743936
82.800000 0.059909 0.766031 0.143949 0.235912 0.910951 0.556251 0.231419 0.743983
83.000000 0.059872 0.766074 0.144179 0.235912 0.910965 0.556368 0.231605 0.743985
83.200000 0.059922 0.766112 0.144150 0.236003 0.911210 0.556437 0.231506 0.743916
83.400000 0.059879 0.766042 0.144150 0.236196 0.911098 0.556429 0.231568 0.743831
83.600000 0.059865 0.765935 0.144107 0.236092 0.911069 0.556445 0.231541 0.743952
83.800000 0.059915 0.765867 0.144169 0.236313 0.911141 0.556281 0.231417 0.743934
84.000000 0.059901 0.765750 0.144178 0.236256 0.911163 0.556604 0.231726 0.743909
84.200000 0.059903 0.765941 0.144302 0.236399 0.911249 0.556600 0.231715 0.743878
84.400000 0.059875 0.765762 0.144332 0.236443 0.910857 0.556590 0.231755 0.743842
84.600000 0.059877 0.765792 0.144060 0.236397 0.911304 0.556546 0.231870 0.743916
84.800000 0.059893 0.765775 0.144142 0.236559 0.911384 0.556683 0.231848 0.743705
85.000000 0.059736 0.765296 0.143890 0.236508 0.911219 0.556455 0.231692 0.743756
85.200000 0.059612 0.765372 0.144174 0.236560 0.911012 0.556591 0.231793 0.743816
85.400000 0.059872 0.765494 0.144098 0.236676 0.911389 0.556530 0.231960 0.743973
85.600000 0.059906 0.765448 0.144262 0.236794 0.911161 0.556872 0.231978 0.743939
85.800000 0.059904 0.765542 0.144295 0.236959 0.911299 0.557052 0.232218 0.743958
86.000000 0.059859 0.765439 0.144203 0.237155 0.910985 0.556834 0.232097 0.743747
86.200000 0.059700 0.765234 0.144326 0.237080 0.911363 0.556800 0.232163 0.743731
86.400000 0.059894 0.765452 0.144317 0.237215 0.911539 0.556966 0.232005 0.743932
86.600000 0.059943 0.765283 0.144196 0.237365 0.911450 0.557011 0.232269 0.743788
86.800000 0.059891 0.765350 0.144273 0.237320 0.911511 0.557054 0.232221 0.743766
87.000000 0.059837 0.764967 0.144250 0.237260 0.911317 0.556979 0.232221 0.743789
87.200000 0.059879 0.765209 0.144305 0.237469 0.911481 0.556947 0.232348 0.743920
87.400000 0.059868 0.765211 0.144352 0.237559 0.911529 0.557131 0.232383 0.743566
87.600000 0.059871 0.764918 0.144460 0.237687 0.911522 0.557164 0.232397 0.743740
87.800000 0.059899 0.765217 0.144437 0.237580 0.911370 0.557196 0.232539 0.743778
88.000000 0.059851 0.764928 0.144463 0.237598 0.911620 0.557238 0.232483 0.743642
88.200000 0.059867 0.764887 0.144560 0.237740 0.911523 0.557202 0.232616 0.743722
88.400000 0.059879 0.764831 0.144401 0.237768 0.911420 0.557279 0.232502 0.743744
88.600000 0.059868 0.764909 0.144348 0.237756 0.911559 0.557194 0.232598 0.743591
88.800000 0.059884 0.764904 0.144640 0.237946 0.911543 0.557298 0.232474 0.743563
89.000000 0.059875 0.764785 0.144450 0.238018 0.911476 0.557547 0.232433 0.743641
89.200000 0.059879 0.764895 0.144476 0.238105 0.911563 0.557533 0.232683 0.743821
89.400000 0.059879 0.764629 0.144559 0.238025 0.911400 0.557303 0.232546 0.743697
89.600000 0.059896 0.764700 0.144504 0.237936 0.911492 0.557543 0.232725 0.743636
89.800000 0.059854 0.764670 0.144645 0.238341 0.911435 0.557528 0.232822 0.743702
90.000000 0.059853 0.764718 0.144564 0.238212 0.911602 0.557467 0.232762 0.743569
