0.200000 0.209690 0.383448 0.119881 0.160316 0.479790 0.506684 0.174857 0.390016
0.400000 0.209459 0.382276 0.119802 0.159647 0.476976 0.506328 0.174195 0.387917
0.600000 0.209450 0.381706 0.119749 0.159391 0.475306 0.506341 0.173709 0.386564
0.800000 0.209414 0.381102 0.119566 0.159175 0.473588 0.506240 0.173532 0.385418
1.000000 0.209208 0.380646 0.119711 0.158424 0.471684 0.506122 0.173120 0.384184
1.200000 0.209317 0.379999 0.119524 0.158594 0.470154 0.505928 0.172852 0.382971
1.400000 0.209264 0.379401 0.119452 0.158281 0.468493 0.505831 0.172529 0.381668
1.600000 0.209147 0.378929 0.119326 0.158049 0.466932 0.505856 0.172093 0.380469
1.800000 0.209286 0.378335 0.119344 0.157804 0.465450 0.505755 0.171711 0.379327
2.000000 0.209086 0.377822 0.119396 0.157517 0.463820 0.505698 0.171387 0.378054
2.200000 0.209038 0.377374 0.119230 0.157244 0.462083 0.505446 0.170933 0.376852
2.400000 0.208992 0.376861 0.119416 0.156892 0.460358 0.505515 0.170726 0.375615
2.600000 0.208961 0.376380 0.119046 0.156838 0.458953 0.505220 0.170289 0.374393
2.800000 0.208765 0.375717 0.119095 0.156460 0.457436 0.505080 0.169888 0.373284
3.000000 0.208867 0.375145 0.119197 0.117193 0.455799 0.505164 0.169598 0.372140
3.200000 0.208829 0.374906 0.118940 0.155981 0.454236 0.505124 0.169292 0.371024
3.400000 0.208798 0.374434 0.118938 0.155550 0.452753 0.504862 0.168995 0.369859
3.600000 0.208635 0.373802 0.118949 0.155383 0.451316 0.504903 0.168494 0.368743
3.800000 0.208716 0.373284 0.118762 0.155123 0.449970 0.504875 0.168353 0.367641
4.000000 0.208693 0.372819 0.118783 0.154890 0.448431 0.504659 0.167924 0.366428
4.200000 0.208653 0.372484 0.118820 0.154598 0.446817 0.504524 0.167485 0.365303
4.400000 0.208551 0.371708 0.118838 0.154638 0.445272 0.504454 0.167356 0.364326
4.600000 0.208282 0.371266 0.118777 0.154393 0.443916 0.504372 0.166977 0.363147
4.800000 0.208450 0.370917 0.118562 0.154053 0.442492 0.504232 0.166756 0.362108
5.000000 0.208343 0.370339 0.118505 0.154092 0.440837 0.504047 0.166293 0.360953
5.200000 0.208398 0.369946 0.118423 0.153533 0.439584 0.503758 0.165942 0.359992
5.400000 0.208347 0.369583 0.118473 0.153617 0.438220 0.504093 0.165617 0.358990
5.600000 0.208344 0.369057 0.118639 0.153170 0.436764 0.503767 0.165259 0.357919
5.800000 0.208281 0.368506 0.118371 0.153018 0.435335 0.503845 0.164908 0.357048
6.000000 0.208218 0.368102 0.118343 0.152825 0.434251 0.503812 0.164714 0.355839
6.200000 0.208171 0.367724 0.118301 0.152567 0.432627 0.503438 0.164451 0.354775
6.400000 0.208024 0.367350 0.118341 0.152286 0.431227 0.503532 0.164124 0.353761
6.600000 0.208042 0.366622 0.118237 0.152111 0.429232 0.503351 0.163656 0.352252
6.800000 0.208038 0.366219 0.118243 0.151679 0.428075 0.503115 0.163229 0.351550
7.000000 0.207932 0.365900 0.117995 0.151371 0.426716 0.503141 0.162835 0.350395
7.200000 0.207928 0.365400 0.118051 0.151284 0.425503 0.502954 0.162556 0.349405
7.400000 0.207908 0.364972 0.118099 0.151153 0.424156 0.503060 0.162275 0.348476
7.600000 0.207834 0.364396 0.117940 0.150943 0.422891 0.502872 0.161918 0.347325
7.800000 0.207786 0.364177 0.117916 0.150464 0.421531 0.502587 0.161696 0.346410
8.000000 0.207659 0.363576 0.117868 0.150455 0.420078 0.502483 0.161414 0.345607
8.200000 0.207596 0.363014 0.117775 0.150147 0.418906 0.502345 0.161152 0.344536
8.400000 0.207638 0.362914 0.117842 0.150130 0.417915 0.502440 0.160720 0.343712
8.600000 0.207604 0.362420 0.117738 0.149913 0.416370 0.502405 0.160641 0.342631
8.800000 0.207542 0.362276 0.117762 0.149678 0.415211 0.502107 0.160266 0.341818
9.000000 0.207481 0.361745 0.117756 0.149563 0.414009 0.501913 0.159990 0.341136
9.200000 0.207464 0.361291 0.117757 0.149521 0.412866 0.502102 0.159683 0.339948
9.400000 0.207426 0.360830 0.117582 0.149162 0.411558 0.501860 0.159380 0.339080
9.600000 0.207380 0.360556 0.117499 0.148859 0.410499 0.501838 0.159132 0.338303
9.800000 0.207351 0.360202 0.117621 0.148850 0.409375 0.501334 0.158694 0.337449
10.000000 0.207316 0.360049 0.117582 0.148482 0.408051 0.501673 0.158448 0.336472
10.200000 0.207261 0.359309 0.117412 0.148620 0.407088 0.501368 0.158268 0.335603
10.400000 0.207196 0.359013 0.117391 0.148214 0.405894 0.501357 0.158001 0.334903
10.600000 0.207141 0.358452 0.117436 0.148075 0.404795 0.501186 0.157925 0.334027
10.800000 0.207067 0.358207 0.117452 0.147783 0.403491 0.501019 0.157426 0.332974
11.000000 0.207092 0.357778 0.117316 0.147709 0.402556 0.500947 0.157202 0.332373
11.200000 0.206813 0.357542 0.117252 0.147548 0.401315 0.500866 0.156893 0.331462
11.400000 0.207018 0.357205 0.156154 0.147513 0.400264 0.500867 0.156703 0.330722
11.600000 0.206995 0.356653 0.156150 0.147168 0.399029 0.500851 0.156387 0.329852
11.800000 0.206972 0.356297 0.117121 0.147099 0.398168 0.500705 0.156106 0.329078
12.000000 0.206767 0.356051 0.117047 0.146926 0.396916 0.500615 0.155845 0.328258
12.200000 0.206891 0.355659 0.117169 0.146774 0.395960 0.500342 0.155601 0.327325
12.400000 0.206787 0.355290 0.116943 0.146508 0.394699 0.500294 0.155301 0.326685
12.600000 0.206822 0.355005 0.117008 0.146421 0.393794 0.500096 0.155147 0.325875
12.800000 0.206749 0.354531 0.117006 0.146137 0.392625 0.500087 0.154777 0.325134
13.000000 0.206742 0.354295 0.116950 0.146169 0.391578 0.500091 0.154561 0.324338
13.200000 0.206692 0.353907 0.116776 0.146017 0.390701 0.499994 0.154138 0.323541
13.400000 0.206503 0.353510 0.116906 0.145772 0.389796 0.499823 0.154024 0.322729
13.600000 0.206451 0.353342 0.116802 0.145646 0.388841 0.499786 0.154024 0.322193
13.800000 0.206422 0.353004 0.116790 0.145295 0.387940 0.499451 0.153612 0.321361
14.000000 0.206572 0.352694 0.116782 0.145288 0.387059 0.499424 0.153375 0.320824
14.200000 0.206521 0.352422 0.116798 0.145155 0.385796 0.499284 0.153341 0.320174
14.400000 0.206472 0.352116 0.116770 0.144895 0.385181 0.499375 0.152934 0.319515
14.600000 0.206449 0.351869 0.116867 0.144950 0.384294 0.499219 0.152606 0.318831
14.800000 0.206438 0.390524 0.116578 0.144666 0.383371 0.499081 0.152497 0.317878
15.000000 0.206342 0.350961 0.116634 0.144624 0.382485 0.499039 0.152175 0.317420
15.200000 0.206240 0.350663 0.116589 0.144457 0.381568 0.499030 0.151939 0.317002
15.400000 0.206194 0.350575 0.116651 0.144484 0.380567 0.498917 0.151735 0.316061
15.600000 0.206285 0.350204 0.116307 0.144331 0.379914 0.498729 0.151494 0.315545
15.800000 0.206273 0.349898 0.116297 0.144166 0.378889 0.498571 0.151468 0.314821
16.000000 0.206229 0.349667 0.116379 0.143845 0.378105 0.498484 0.151329 0.314224
16.200000 0.206207 0.349533 0.116464 0.143818 0.377281 0.498442 0.151044 0.313605
16.400000 0.205860 0.349012 0.116477 0.143620 0.376583 0.498377 0.150844 0.312817
16.600000 0.206128 0.348933 0.116434 0.143531 0.375217 0.498247 0.150541 0.312322
16.800000 0.206116 0.348514 0.116375 0.143389 0.374841 0.498098 0.150342 0.311726
17.000000 0.206087 0.348147 0.116377 0.143136 0.373952 0.498126 0.149940 0.311077
17.200000 0.205876 0.347911 0.116307 0.143277 0.373102 0.498006 0.149987 0.310419
17.400000 0.205843 0.347642 0.116375 0.143114 0.372291 0.497831 0.149945 0.309729
17.600000 0.205992 0.347400 0.116389 0.142722 0.371511 0.497732 0.149589 0.309146
17.800000 0.205922 0.347223 0.116265 0.142751 0.370379 0.497720 0.149291 0.308627
18.000000 0.205902 0.346758 0.116203 0.142643 0.369833 0.497741 0.149175 0.308088
18.200000 0.205879 0.346376 0.116158 0.142387 0.369082 0.497412 0.148810 0.307515
18.400000 0.205836 0.346475 0.116149 0.142388 0.368260 0.497465 0.148901 0.306736
18.600000 0.205802 0.346088 0.116039 0.142291 0.367713 0.497435 0.148582 0.306286
18.800000 0.205746 0.345712 0.116021 0.142197 0.366749 0.497276 0.148335 0.305668
19.000000 0.205812 0.345690 0.116028 0.142171 0.365918 0.497132 0.148164 0.305125
19.200000 0.205815 0.345268 0.115996 0.141769 0.364870 0.496988 0.147980 0.304545
19.400000 0.205640 0.344784 0.116043 0.141794 0.364176 0.496906 0.147572 0.303853
19.600000 0.205613 0.344613 0.116001 0.141520 0.363448 0.496734 0.147542 0.303232
19.800000 0.205583 0.344477 0.116116 0.141460 0.362656 0.496777 0.147398 0.302775
20.000000 0.205630 0.344166 0.116021 0.141370 0.361933 0.496467 0.147159 0.302187
20.200000 0.205489 0.343782 0.115752 0.141261 0.361177 0.496463 0.146989 0.301554
20.400000 0.205529 0.343638 0.115941 0.141172 0.360419 0.496379 0.146666 0.301007
20.600000 0.205491 0.343357 0.115818 0.141004 0.359680 0.496269 0.146614 0.300516
20.800000 0.205455 0.343151 0.115529 0.140858 0.358920 0.496168 0.146204 0.299945
21.000000 0.205366 0.342931 0.115853 0.140966 0.358267 0.496117 0.146301 0.299510
21.200000 0.205366 0.342593 0.115623 0.140712 0.357415 0.495837 0.146114 0.298849
21.400000 0.205290 0.342276 0.115758 0.140525 0.356791 0.495884 0.145925 0.298359
21.600000 0.205312 0.342158 0.115741 0.140525 0.356034 0.495879 0.145766 0.297490
21.800000 0.205280 0.342002 0.115688 0.140262 0.355349 0.495716 0.145505 0.297134
22.000000 0.205210 0.341506 0.115764 0.140333 0.354571 0.495600 0.145330 0.296720
22.200000 0.205193 0.341569 0.115705 0.140107 0.353821 0.495631 0.145197 0.296280
22.400000 0.205185 0.341137 0.115753 0.140062 0.353113 0.495402 0.145029 0.295705
22.600000 0.205001 0.340921 0.115750 0.140028 0.352588 0.495355 0.144942 0.295364
22.800000 0.205082 0.340778 0.115578 0.139865 0.352004 0.495266 0.144687 0.294740
23.000000 0.204968 0.340443 0.115655 0.139744 0.351128 0.495132 0.144628 0.294051
23.200000 0.205038 0.340149 0.115659 0.139619 0.350533 0.494875 0.144321 0.293625
23.400000 0.205058 0.340022 0.115585 0.139540 0.349783 0.494894 0.144278 0.292984
23.600000 0.205025 0.339758 0.115497 0.139484 0.349137 0.494761 0.144020 0.292767
23.800000 0.205066 0.339640 0.115525 0.139228 0.348616 0.494734 0.143937 0.292228
24.000000 0.204989 0.339435 0.115527 0.139200 0.348024 0.494824 0.143601 0.291631
24.200000 0.204805 0.338963 0.115457 0.139070 0.347271 0.494487 0.143696 0.291277
24.400000 0.204887 0.338630 0.115460 0.138961 0.346550 0.494392 0.143543 0.290713
24.600000 0.204888 0.338593 0.115474 0.138875 0.345796 0.494344 0.143270 0.290362
24.800000 0.204864 0.338360 0.115438 0.138803 0.345379 0.494273 0.143183 0.289848
25.000000 0.204819 0.338214 0.115356 0.138725 0.344564 0.493929 0.142912 0.289256
25.200000 0.204770 0.337585 0.115359 0.138664 0.343984 0.493977 0.142755 0.288811
25.400000 0.204747 0.337578 0.115269 0.138271 0.343318 0.493990 0.142581 0.288386
25.600000 0.204682 0.337598 0.115345 0.138261 0.342478 0.493836 0.142453 0.287832
25.800000 0.204685 0.337203 0.115289 0.138311 0.342082 0.493537 0.142138 0.287213
26.000000 0.204524 0.337028 0.115259 0.138202 0.341279 0.493696 0.142335 0.286882
26.200000 0.204328 0.336818 0.115132 0.137980 0.340841 0.493553 0.141964 0.286534
26.400000 0.204589 0.336555 0.115311 0.137746 0.340212 0.493324 0.141793 0.285823
26.600000 0.204498 0.336393 0.115329 0.137930 0.339565 0.493344 0.141693 0.285354
26.800000 0.204557 0.336244 0.114670 0.137706 0.338978 0.493031 0.141536 0.285153
27.000000 0.204517 0.335903 0.115131 0.137669 0.338394 0.493076 0.141556 0.284684
27.200000 0.204502 0.335798 0.115100 0.137696 0.337772 0.493096 0.141193 0.284128
27.400000 0.204463 0.335408 0.115077 0.137559 0.337150 0.492909 0.141143 0.283552
27.600000 0.204459 0.335248 0.115193 0.137381 0.336514 0.492833 0.141087 0.283231
27.800000 0.204415 0.335007 0.115052 0.137444 0.335833 0.492801 0.140960 0.282745
28.000000 0.204371 0.334900 0.115182 0.137296 0.335301 0.492584 0.140833 0.282420
28.200000 0.204358 0.334354 0.115071 0.137240 0.334687 0.492574 0.140585 0.281983
28.400000 0.204377 0.334375 0.115038 0.137070 0.334182 0.492467 0.140420 0.281563
28.600000 0.204166 0.334168 0.114865 0.136975 0.333737 0.492329 0.140342 0.281211
28.800000 0.204292 0.333949 0.114858 0.136899 0.333247 0.492386 0.140139 0.280656
29.000000 0.204085 0.333579 0.114766 0.136776 0.332360 0.492077 0.139934 0.280277
29.200000 0.204262 0.333615 0.114979 0.136852 0.331885 0.492398 0.139862 0.279847
29.400000 0.204238 0.333430 0.114973 0.136583 0.331362 0.492015 0.139991 0.279299
29.600000 0.204231 0.333114 0.114596 0.136430 0.330819 0.491961 0.139474 0.278935
29.800000 0.204228 0.333000 0.115047 0.136434 0.330390 0.492085 0.139511 0.278592
30.000000 0.204190 0.332781 0.114878 0.136271 0.329752 0.491709 0.139372 0.278221
30.200000 0.204142 0.332531 0.114878 0.136284 0.329191 0.491491 0.139096 0.277784
30.400000 0.204148 0.332410 0.114671 0.136185 0.328680 0.491493 0.139117 0.277342
30.600000 0.204622 0.332163 0.114821 0.136215 0.328198 0.491459 0.139114 0.276974
30.800000 0.207685 0.331951 0.114890 0.136023 0.327654 0.491245 0.138747 0.276572
31.000000 0.213192 0.331839 0.114810 0.135967 0.326900 0.491328 0.138749 0.276212
31.200000 0.221037 0.331576 0.114868 0.135939 0.326896 0.491141 0.138683 0.275998
31.400000 0.231221 0.331537 0.114800 0.135871 0.326540 0.490999 0.138817 0.275815
31.600000 0.249351 0.331524 0.114696 0.135902 0.327036 0.490824 0.138599 0.276041
31.800000 0.263735 0.331302 0.115038 0.136076 0.327888 0.490762 0.138576 0.276946
32.000000 0.278204 0.332238 0.115001 0.136143 0.329253 0.490766 0.138773 0.277791
32.200000 0.292391 0.331996 0.115030 0.136344 0.331171 0.490837 0.139069 0.279197
32.400000 0.305935 0.332931 0.115268 0.136620 0.333576 0.490809 0.139475 0.280977
32.600000 0.318225 0.333802 0.115390 0.137410 0.336854 0.490774 0.140016 0.283361
32.800000 0.329424 0.335247 0.115770 0.138050 0.340589 0.490825 0.140572 0.286230
33.000000 0.339406 0.337295 0.116084 0.138882 0.345153 0.490737 0.141001 0.289592
33.200000 0.348411 0.340105 0.116276 0.139936 0.349957 0.490885 0.141856 0.292961
33.400000 0.356385 0.343222 0.117068 0.141267 0.355521 0.490872 0.142653 0.296904
33.600000 0.363418 0.346857 0.117827 0.142604 0.361199 0.490862 0.143181 0.301248
33.800000 0.369484 0.350995 0.118602 0.144112 0.367408 0.490734 0.144114 0.305896
34.000000 0.374934 0.355747 0.119275 0.145674 0.373865 0.491008 0.144835 0.310928
34.200000 0.379772 0.361248 0.120356 0.147515 0.381020 0.490949 0.145899 0.316025
34.400000 0.383899 0.367045 0.121013 0.149255 0.388004 0.490877 0.146817 0.321651
34.600000 0.387480 0.373198 0.121956 0.151207 0.395237 0.491171 0.147727 0.327227
34.800000 0.390469 0.379595 0.122733 0.152860 0.402772 0.491118 0.148743 0.332800
35.000000 0.393084 0.386538 0.123669 0.154774 0.410527 0.491292 0.149603 0.339035
35.200000 0.395471 0.394090 0.124539 0.156775 0.418789 0.491246 0.150656 0.345295
35.400000 0.397266 0.401136 0.125405 0.158768 0.426104 0.491289 0.151527 0.351180
35.600000 0.398852 0.408377 0.126207 0.160542 0.433928 0.491378 0.152460 0.357158
35.800000 0.400317 0.416129 0.127031 0.162374 0.441455 0.491428 0.153386 0.363241
36.000000 0.401570 0.423933 0.127728 0.164369 0.449420 0.491723 0.154476 0.369656
36.200000 0.402564 0.432047 0.128710 0.166692 0.457403 0.491757 0.155400 0.375727
36.400000 0.403623 0.440452 0.129454 0.168280 0.465269 0.491737 0.156462 0.381979
36.600000 0.404390 0.448738 0.130252 0.170316 0.473316 0.491711 0.157389 0.388343
36.800000 0.405145 0.457340 0.130927 0.172240 0.481429 0.491753 0.158406 0.394979
37.000000 0.405718 0.466164 0.131898 0.174137 0.489967 0.491817 0.159306 0.401470
37.200000 0.406206 0.475155 0.132645 0.176139 0.498143 0.491717 0.160403 0.408107
37.400000 0.406732 0.484188 0.133482 0.178344 0.506719 0.491793 0.161299 0.414838
37.600000 0.406995 0.493528 0.134345 0.180271 0.515916 0.491927 0.162649 0.422569
37.800000 0.407319 0.507105 0.135356 0.183054 0.528186 0.492187 0.164168 0.431965
38.000000 0.407656 0.516369 0.136194 0.184929 0.536818 0.492194 0.164953 0.438626
38.200000 0.407759 0.525402 0.136735 0.186774 0.545497 0.492147 0.165972 0.445676
38.400000 0.408168 0.535122 0.137647 0.188774 0.554389 0.492533 0.167066 0.452284
38.600000 0.408084 0.544238 0.138571 0.190659 0.563073 0.492424 0.168007 0.459096
38.800000 0.408152 0.553358 0.139031 0.192584 0.571594 0.492483 0.168962 0.466055
39.000000 0.408323 0.562407 0.139845 0.194426 0.580445 0.491969 0.169860 0.472916
39.200000 0.408251 0.571408 0.140710 0.196478 0.589315 0.492804 0.170964 0.480022
39.400000 0.408315 0.580384 0.141302 0.198290 0.598210 0.492737 0.171845 0.487039
39.600000 0.408298 0.589126 0.142005 0.200075 0.607038 0.492976 0.172932 0.493856
39.800000 0.408076 0.597836 0.142551 0.201979 0.615696 0.492935 0.173885 0.500894
40.000000 0.408182 0.606242 0.143356 0.203719 0.624483 0.492941 0.174913 0.507754
40.200000 0.408194 0.614880 0.143908 0.205834 0.633526 0.493129 0.175730 0.514813
40.400000 0.408136 0.623249 0.144738 0.207664 0.642580 0.493237 0.176739 0.521841
40.600000 0.407980 0.631424 0.145281 0.209368 0.651476 0.493212 0.177805 0.528773
40.800000 0.407928 0.639709 0.146070 0.211239 0.660245 0.493347 0.178826 0.535672
41.000000 0.407132 0.647398 0.146558 0.212874 0.668912 0.493597 0.179777 0.542529
41.200000 0.407797 0.655483 0.147276 0.214750 0.677921 0.493597 0.180775 0.549843
41.400000 0.407673 0.662616 0.147968 0.216636 0.686301 0.493625 0.181780 0.556508
41.600000 0.407333 0.669856 0.148512 0.218241 0.694582 0.493529 0.182790 0.563214
41.800000 0.407457 0.677312 0.149157 0.220062 0.703200 0.493782 0.183624 0.569962
42.000000 0.407498 0.683680 0.149671 0.221816 0.711567 0.493935 0.184552 0.576671
42.200000 0.407453 0.690165 0.150365 0.223678 0.719844 0.494207 0.185480 0.583319
42.400000 0.407289 0.696591 0.150884 0.225326 0.727844 0.494188 0.186417 0.589885
42.600000 0.407212 0.702541 0.151412 0.226947 0.735979 0.494082 0.187361 0.596280
42.800000 0.407111 0.708577 0.151920 0.228547 0.743788 0.494261 0.188239 0.602679
43.000000 0.407100 0.713812 0.152438 0.230213 0.751503 0.494251 0.189146 0.608956
43.200000 0.406886 0.719952 0.153034 0.231749 0.758925 0.494535 0.189837 0.615223
43.400000 0.406659 0.725139 0.153362 0.233246 0.766642 0.494467 0.190856 0.621092
43.600000 0.406689 0.730271 0.153955 0.234913 0.774126 0.494329 0.191737 0.627273
43.800000 0.406617 0.735064 0.154495 0.236567 0.781437 0.494785 0.192707 0.633118
44.000000 0.406605 0.739918 0.155098 0.238310 0.789368 0.494868 0.193776 0.640361
44.200000 0.406454 0.746076 0.155574 0.240374 0.798841 0.495017 0.194762 0.647523
44.400000 0.406304 0.750439 0.156117 0.241749 0.805385 0.494965 0.195549 0.653145
44.600000 0.406336 0.754597 0.156506 0.243293 0.812314 0.495126 0.196357 0.658678
44.800000 0.406310 0.758541 0.157034 0.244868 0.818673 0.495263 0.197225 0.664091
45.000000 0.406168 0.762135 0.157273 0.246257 0.825033 0.495277 0.198045 0.669316
45.200000 0.406107 0.765842 0.157776 0.247852 0.831474 0.495361 0.198693 0.674615
45.400000 0.405983 0.769385 0.158225 0.249047 0.837650 0.495381 0.199479 0.679778
45.600000 0.405898 0.772432 0.158681 0.250611 0.843644 0.495519 0.200354 0.684927
45.800000 0.405854 0.775777 0.158996 0.252084 0.849570 0.495503 0.201173 0.689794
46.000000 0.405840 0.779011 0.159395 0.253463 0.855192 0.495809 0.202167 0.694740
46.200000 0.405709 0.781917 0.159693 0.254902 0.860964 0.495821 0.202820 0.699495
46.400000 0.405691 0.784845 0.160077 0.256099 0.866422 0.495808 0.203510 0.704209
46.600000 0.405561 0.787422 0.160487 0.257646 0.871986 0.496005 0.204087 0.708932
46.800000 0.405514 0.790061 0.160882 0.259090 0.877326 0.495912 0.205070 0.713376
47.000000 0.405311 0.792739 0.161205 0.260510 0.882593 0.496124 0.205883 0.718012
47.200000 0.405154 0.794885 0.161551 0.261650 0.887395 0.496206 0.206598 0.722144
47.400000 0.405263 0.797363 0.161963 0.262855 0.892503 0.496223 0.207298 0.726444
47.600000 0.405185 0.799544 0.162203 0.264179 0.897491 0.496479 0.207956 0.730438
47.800000 0.405044 0.801473 0.162699 0.265543 0.901937 0.496482 0.208733 0.734533
48.000000 0.404934 0.803524 0.162836 0.266771 0.906518 0.496618 0.209330 0.738309
48.200000 0.404691 0.805317 0.163118 0.267960 0.910940 0.496542 0.209994 0.742309
48.400000 0.404722 0.807130 0.163477 0.268870 0.914976 0.496758 0.210618 0.746145
48.600000 0.404526 0.809444 0.163758 0.270514 0.919402 0.496845 0.211431 0.749548
48.800000 0.404429 0.810712 0.164073 0.271847 0.923344 0.496848 0.212242 0.753294
49.000000 0.404618 0.812498 0.164188 0.272918 0.927530 0.497089 0.212788 0.756732
49.200000 0.404488 0.813723 0.164340 0.274164 0.931438 0.496990 0.213495 0.760177
49.400000 0.404240 0.815474 0.164828 0.275193 0.935120 0.497131 0.213999 0.763693
49.600000 0.404261 0.816755 0.165113 0.276325 0.938903 0.497190 0.214769 0.766841
49.800000 0.404092 0.818614 0.165413 0.277439 0.942503 0.497316 0.215397 0.770210
50.000000 0.404130 0.819733 0.165854 0.278721 0.946126 0.497506 0.215794 0.773298
50.200000 0.404031 0.821069 0.166124 0.279632 0.949766 0.497497 0.216616 0.776463
50.400000 0.403774 0.822579 0.166270 0.281222 0.954005 0.497646 0.217302 0.780211
50.600000 0.403621 0.823739 0.166581 0.282139 0.957170 0.497841 0.217991 0.783002
50.800000 0.403658 0.825151 0.166664 0.283319 0.960579 0.498043 0.218583 0.785856
51.000000 0.403726 0.826227 0.166929 0.284315 0.963715 0.498229 0.219241 0.788644
51.200000 0.403556 0.827271 0.167188 0.285482 0.966719 0.497928 0.219868 0.791324
51.400000 0.403507 0.828329 0.167186 0.286446 0.969757 0.498060 0.220307 0.794167
51.600000 0.403438 0.829269 0.167654 0.287482 0.972626 0.498161 0.220858 0.796732
51.800000 0.403345 0.830380 0.167953 0.288662 0.975461 0.498350 0.221433 0.799361
52.000000 0.403281 0.831243 0.168090 0.289764 0.978370 0.498459 0.221908 0.801697
52.200000 0.403207 0.831919 0.168205 0.290446 0.981094 0.498442 0.222562 0.804156
52.400000 0.403060 0.832729 0.168576 0.291651 0.983467 0.498617 0.223153 0.806834
52.600000 0.403158 0.833875 0.168611 0.292809 0.986462 0.498711 0.223600 0.809133
52.800000 0.402991 0.834376 0.168643 0.293622 0.988999 0.498765 0.224038 0.811203
53.000000 0.403104 0.835375 0.168917 0.294724 0.991413 0.498960 0.224694 0.813508
53.200000 0.402914 0.835976 0.169261 0.295599 0.993767 0.498933 0.225255 0.815790
53.400000 0.402836 0.836673 0.169480 0.296558 0.996502 0.499227 0.225776 0.817953
53.600000 0.402754 0.837292 0.169458 0.297831 0.998465 0.499048 0.226266 0.820116
53.800000 0.402684 0.837941 0.169867 0.298612 1.000792 0.499090 0.226826 0.822126
54.000000 0.402533 0.838742 0.169993 0.299348 1.003109 0.499240 0.227299 0.824231
54.200000 0.402638 0.839502 0.170712 0.300469 1.005104 0.499323 0.227761 0.825994
54.400000 0.402557 0.839862 0.170258 0.301469 1.006926 0.499419 0.228232 0.827933
54.600000 0.402554 0.840529 0.170454 0.302273 1.009321 0.499570 0.228716 0.829938
54.800000 0.402507 0.841010 0.170662 0.303282 1.011474 0.499606 0.229185 0.831769
55.000000 0.402530 0.841817 0.170875 0.304080 1.013429 0.499574 0.229622 0.833264
55.200000 0.402436 0.842202 0.170964 0.304905 1.015187 0.499673 0.229907 0.835147
55.400000 0.402409 0.842690 0.171169 0.305685 1.017062 0.499849 0.230534 0.836946
55.600000 0.402373 0.843254 0.171282 0.306739 1.019108 0.499898 0.230901 0.838639
55.800000 0.402163 0.843703 0.171353 0.307571 1.020956 0.500057 0.231413 0.840291
56.000000 0.402203 0.844219 0.171416 0.308391 1.022673 0.500057 0.231800 0.841850
56.200000 0.402075 0.844513 0.171732 0.309392 1.024365 0.500066 0.232285 0.843510
56.400000 0.402185 0.845115 0.171947 0.310203 1.026299 0.500469 0.232729 0.845227
56.600000 0.401979 0.845555 0.171905 0.311132 1.028288 0.500387 0.233250 0.847062
56.800000 0.401943 0.845950 0.172243 0.311906 1.029579 0.500412 0.233749 0.848515
57.000000 0.401850 0.846333 0.172310 0.312852 1.031484 0.500622 0.234169 0.849976
57.200000 0.401809 0.846994 0.172431 0.313630 1.033066 0.500606 0.234520 0.851454
57.400000 0.401629 0.847303 0.172693 0.314343 1.034252 0.500690 0.234847 0.852677
57.600000 0.401651 0.847333 0.172659 0.315211 1.035924 0.500756 0.235240 0.854156
57.800000 0.401456 0.847603 0.172502 0.315818 1.037287 0.500757 0.235475 0.855281
58.000000 0.401384 0.847842 0.172840 0.316573 1.038700 0.500678 0.235825 0.856893
58.200000 0.401292 0.847483 0.172951 0.317984 1.040633 0.500797 0.236279 0.858441
58.400000 0.401222 0.848746 0.173070 0.318462 1.042165 0.501143 0.236926 0.859687
58.600000 0.401292 0.849091 0.173371 0.319221 1.043173 0.501225 0.237174 0.860961
58.800000 0.401205 0.849460 0.173416 0.320234 1.044641 0.501280 0.237486 0.862308
59.000000 0.400916 0.849840 0.173462 0.320892 1.045955 0.501435 0.237992 0.863284
59.200000 0.400962 0.849834 0.173534 0.321268 1.047119 0.501496 0.238195 0.864514
59.400000 0.400918 0.850460 0.173679 0.322357 1.048429 0.501593 0.238795 0.865783
59.600000 0.400794 0.850608 0.174040 0.323073 1.049597 0.501818 0.239081 0.866736
59.800000 0.400649 0.850796 0.174030 0.323773 1.050803 0.501650 0.239117 0.867842
60.000000 0.400673 0.850984 0.174116 0.324450 1.051842 0.501796 0.239615 0.868722
60.200000 0.400450 0.851274 0.174246 0.325134 1.053007 0.501981 0.240012 0.869809
60.400000 0.400524 0.851265 0.174324 0.325602 1.053977 0.501987 0.240282 0.870668
60.600000 0.400192 0.851506 0.174271 0.326420 1.054848 0.501876 0.240581 0.871665
60.800000 0.400153 0.851714 0.174654 0.327008 1.056212 0.502222 0.240998 0.872665
61.000000 0.400263 0.852035 0.174660 0.327893 1.057085 0.502212 0.241219 0.873504
61.200000 0.400160 0.852215 0.174732 0.328387 1.058032 0.502327 0.241396 0.874710
61.400000 0.400170 0.852492 0.174823 0.329141 1.058898 0.502461 0.241713 0.875443
61.600000 0.399781 0.852265 0.174793 0.329670 1.059602 0.502217 0.242044 0.876244
61.800000 0.400010 0.852524 0.175015 0.330626 1.060937 0.502535 0.242435 0.877292
62.000000 0.399916 0.852755 0.175090 0.331079 1.061964 0.502510 0.242588 0.877925
62.200000 0.399855 0.852717 0.175144 0.331633 1.062772 0.502743 0.243040 0.878934
62.400000 0.399666 0.853055 0.174896 0.332348 1.063628 0.502815 0.243275 0.879880
62.600000 0.399495 0.852983 0.175189 0.332984 1.064625 0.503070 0.243533 0.880488
62.800000 0.399609 0.853293 0.175349 0.333709 1.065483 0.503036 0.243921 0.881664
63.000000 0.399494 0.853099 0.175585 0.334083 1.066266 0.502895 0.244072 0.882043
63.200000 0.399334 0.853520 0.175477 0.334692 1.067014 0.503221 0.244344 0.882989
63.400000 0.399454 0.853728 0.175656 0.335519 1.068005 0.503168 0.244632 0.883731
63.600000 0.399311 0.853754 0.175782 0.336130 1.068571 0.503338 0.244831 0.884488
63.800000 0.399305 0.853829 0.175793 0.336750 1.069340 0.503434 0.245156 0.885222
64.000000 0.399194 0.853939 0.176032 0.337140 1.070067 0.503526 0.245283 0.885662
64.200000 0.399129 0.853757 0.175809 0.337728 1.070941 0.503456 0.245610 0.886306
64.400000 0.399046 0.854085 0.176256 0.338181 1.071618 0.503671 0.245867 0.887221
64.600000 0.399076 0.853986 0.176080 0.338875 1.072292 0.503593 0.246053 0.887768
64.800000 0.399097 0.854165 0.176206 0.339352 1.072909 0.503731 0.246164 0.888391
65.000000 0.398884 0.854250 0.176119 0.340007 1.073755 0.503846 0.246475 0.888848
65.200000 0.399166 0.854424 0.176299 0.340353 1.074237 0.503901 0.246782 0.889598
65.400000 0.399014 0.854226 0.176353 0.340948 1.074966 0.503851 0.246939 0.890271
65.600000 0.398776 0.854507 0.176392 0.341598 1.075841 0.503892 0.247192 0.890853
65.800000 0.398938 0.854775 0.176426 0.342229 1.076301 0.504091 0.247427 0.891304
66.000000 0.399013 0.854696 0.176587 0.342687 1.076816 0.504000 0.247790 0.892093
66.200000 0.398850 0.854507 0.176637 0.343165 1.077575 0.504337 0.247880 0.892561
66.400000 0.398749 0.854657 0.176581 0.343679 1.078220 0.504313 0.248054 0.893322
66.600000 0.398601 0.854784 0.176766 0.344231 1.078564 0.504400 0.248211 0.893799
66.800000 0.398583 0.854847 0.176818 0.344708 1.078930 0.504488 0.248363 0.894212
67.000000 0.398526 0.854995 0.176996 0.345252 1.079732 0.504482 0.248703 0.894910
67.200000 0.398282 0.854964 0.176953 0.345852 1.080238 0.504668 0.248786 0.895377
67.400000 0.398389 0.854961 0.177112 0.346086 1.080781 0.504657 0.248900 0.895757
67.600000 0.398121 0.855044 0.177054 0.346534 1.081202 0.504693 0.249172 0.896180
67.800000 0.398268 0.855146 0.177031 0.347227 1.081867 0.504977 0.249198 0.896884
68.000000 0.398164 0.855177 0.177193 0.347495 1.082270 0.504823 0.249535 0.897229
68.200000 0.397952 0.854980 0.177276 0.348085 1.082837 0.505070 0.249727 0.897712
68.400000 0.398102 0.855102 0.177345 0.348663 1.083236 0.505039 0.249952 0.898166
68.600000 0.397992 0.855194 0.177400 0.349116 1.083816 0.505246 0.250224 0.898704
68.800000 0.398092 0.855513 0.177428 0.349820 1.084294 0.505296 0.250340 0.899283
69.000000 0.397979 0.855356 0.177432 0.350258 1.084657 0.505323 0.250412 0.899516
69.200000 0.397861 0.855065 0.177651 0.350498 1.085229 0.505493 0.250597 0.900022
69.400000 0.397944 0.855275 0.177708 0.351121 1.085768 0.505596 0.250732 0.900631
69.600000 0.397914 0.855533 0.177686 0.312565 1.086192 0.505635 0.250858 0.900963
69.800000 0.397782 0.855495 0.177728 0.351956 1.086823 0.505620 0.251120 0.901548
70.000000 0.397654 0.855469 0.177824 0.352338 1.087257 0.505636 0.251286 0.901668
70.200000 0.397619 0.855271 0.177767 0.352837 1.087351 0.505742 0.251167 0.902183
70.400000 0.397576 0.855554 0.177869 0.353329 1.087865 0.505914 0.251423 0.902500
70.600000 0.397627 0.855330 0.177796 0.353823 1.088248 0.506003 0.251660 0.902937
70.800000 0.397508 0.855529 0.177925 0.354151 1.088490 0.505871 0.251821 0.903292
71.000000 0.397388 0.855664 0.178046 0.354754 1.089084 0.506116 0.252051 0.903552
71.200000 0.397601 0.855663 0.178180 0.354877 1.089454 0.506086 0.252224 0.904031
71.400000 0.397359 0.855557 0.178211 0.355392 1.089646 0.506427 0.252246 0.904243
71.600000 0.397344 0.855526 0.178078 0.355729 1.090074 0.506207 0.252248 0.904777
71.800000 0.397226 0.855478 0.178089 0.356216 1.090472 0.506338 0.252582 0.904008
72.000000 0.397236 0.855644 0.178081 0.356746 1.090828 0.506485 0.252714 0.905356
72.200000 0.397268 0.855582 0.178287 0.357118 1.091175 0.506308 0.252813 0.905463
72.400000 0.397088 0.855698 0.178474 0.357461 1.091765 0.506766 0.252944 0.906201
72.600000 0.397047 0.855844 0.178115 0.357924 1.092051 0.506697 0.253047 0.906492
72.800000 0.397333 0.855578 0.178490 0.358401 1.092315 0.506760 0.253263 0.906900
73.000000 0.397169 0.855579 0.178474 0.358599 1.092606 0.506874 0.253152 0.907096
73.200000 0.397166 0.855758 0.178574 0.359102 1.093037 0.506897 0.253501 0.907434
73.400000 0.397097 0.855649 0.178672 0.359511 1.093084 0.507000 0.253612 0.907723
73.600000 0.397251 0.855938 0.178645 0.359877 1.093509 0.506945 0.253747 0.907912
73.800000 0.397071 0.855807 0.178627 0.360354 1.054773 0.507110 0.253785 0.908334
74.000000 0.397094 0.855544 0.178713 0.360587 1.094121 0.507156 0.253633 0.908637
74.200000 0.397098 0.855870 0.178791 0.361168 1.094504 0.507305 0.254083 0.908882
74.400000 0.397076 0.855761 0.178722 0.361412 1.094536 0.507274 0.254122 0.908964
74.600000 0.396963 0.855642 0.178705 0.361947 1.094828 0.507323 0.254322 0.909165
74.800000 0.396882 0.855965 0.178723 0.362357 1.095495 0.507489 0.254439 0.909731
75.000000 0.396962 0.855832 0.178835 0.362793 1.095601 0.507585 0.254523 0.910077
75.200000 0.396926 0.855838 0.179008 0.363130 1.095805 0.507551 0.254655 0.910384
75.400000 0.396879 0.856004 0.179061 0.363321 1.096300 0.507558 0.254785 0.910771
75.600000 0.397055 0.855885 0.179128 0.363903 1.096445 0.507590 0.254759 0.910649
75.800000 0.396826 0.855726 0.179025 0.364363 1.096674 0.507665 0.254928 0.911279
76.000000 0.396804 0.855846 0.179220 0.364541 1.097014 0.468798 0.254996 0.911415
76.200000 0.396856 0.855795 0.179077 0.365078 1.097595 0.507949 0.255009 0.911835
76.400000 0.396761 0.856208 0.179167 0.365207 1.097278 0.507858 0.255213 0.911845
76.600000 0.396807 0.856058 0.179265 0.365726 1.097812 0.507893 0.255230 0.912191
76.800000 0.396766 0.856145 0.179151 0.365925 1.097947 0.508362 0.255296 0.912396
77.000000 0.396822 0.856067 0.179405 0.366262 1.098240 0.508352 0.255529 0.912654
77.200000 0.396621 0.855714 0.179345 0.366640 1.098470 0.508337 0.255419 0.912847
77.400000 0.396799 0.856051 0.179536 0.367039 1.098690 0.508332 0.255653 0.912945
77.600000 0.396836 0.855907 0.179513 0.367305 1.098919 0.508323 0.255697 0.913472
77.800000 0.396797 0.856218 0.179549 0.367742 1.099146 0.508271 0.255709 0.913597
78.000000 0.396765 0.856281 0.179699 0.368133 1.099267 0.508452 0.256008 0.913713
78.200000 0.396720 0.856154 0.179455 0.368447 1.099574 0.508668 0.255966 0.913962
78.400000 0.396680 0.856244 0.179700 0.368777 1.099711 0.508789 0.256020 0.914229
78.600000 0.396641 0.856053 0.179604 0.369083 1.100111 0.508625 0.256104 0.914440
78.800000 0.396568 0.856456 0.179652 0.369268 1.100215 0.508901 0.256202 0.914621
79.000000 0.396504 0.856276 0.179813 0.369743 1.100339 0.508807 0.256134 0.914897
79.200000 0.396458 0.856071 0.179794 0.370069 1.100704 0.509012 0.256472 0.915172
79.400000 0.396423 0.856471 0.179981 0.370382 1.101177 0.509068 0.256437 0.915244
79.600000 0.396128 0.856443 0.179615 0.370647 1.101217 0.509157 0.256422 0.915668
79.800000 0.396263 0.856226 0.179814 0.371056 1.100940 0.509103 0.256435 0.915540
80.000000 0.396233 0.856345 0.179935 0.371318 1.101602 0.509278 0.256794 0.915947
80.200000 0.395978 0.856443 0.180011 0.371517 1.101652 0.509300 0.256759 0.915837
80.400000 0.395966 0.856468 0.180035 0.371870 1.101815 0.509322 0.256791 0.916191
80.600000 0.396165 0.856470 0.179775 0.372305 1.102001 0.509548 0.256915 0.916556
80.800000 0.396057 0.856493 0.179911 0.372516 1.102423 0.509584 0.256876 0.916890
81.000000 0.396019 0.856476 0.180016 0.372897 1.102597 0.509638 0.257066 0.916627
81.200000 0.396112 0.856590 0.180144 0.373197 1.102200 0.509510 0.257027 0.916889
81.400000 0.395977 0.856493 0.180289 0.373516 1.102682 0.509613 0.257115 0.917090
81.600000 0.396214 0.856525 0.180326 0.373811 1.102757 0.509725 0.257120 0.917337
81.800000 0.395985 0.856493 0.180133 0.373789 1.103003 0.509809 0.257185 0.917374
82.000000 0.396039 0.856458 0.180348 0.374256 1.103135 0.509911 0.257380 0.917662
82.200000 0.396088 0.856458 0.180297 0.374516 1.103267 0.509939 0.257315 0.917963
82.400000 0.396056 0.856455 0.180447 0.374644 1.103508 0.509811 0.257388 0.917856
82.600000 0.396040 0.856260 0.180326 0.374935 1.103489 0.510017 0.257295 0.918052
82.800000 0.396063 0.856554 0.180260 0.375279 1.103737 0.509884 0.257329 0.918245
83.000000 0.395846 0.856368 0.180507 0.375401 1.103696 0.510165 0.257508 0.918229
83.200000 0.396056 0.856738 0.180501 0.375592 1.103701 0.510104 0.257587 0.918468
83.400000 0.396100 0.856595 0.180626 0.376207 1.104227 0.510263 0.257605 0.918558
83.600000 0.395886 0.856504 0.180362 0.375855 1.104202 0.510106 0.257621 0.918600
83.800000 0.395889 0.856365 0.180573 0.376719 1.104325 0.510266 0.257760 0.919036
84.000000 0.395690 0.856503 0.180569 0.377013 1.104541 0.510448 0.257837 0.919137
84.200000 0.395371 0.856624 0.180649 0.377055 1.104481 0.510324 0.257642 0.919071
84.400000 0.395629 0.856184 0.180517 0.377453 1.104686 0.510706 0.257918 0.919330
84.600000 0.395665 0.856636 0.180663 0.377620 1.104828 0.510656 0.257828 0.919440
84.800000 0.395749 0.856499 0.180670 0.378036 1.105099 0.510705 0.258023 0.919507
85.000000 0.395777 0.856396 0.180786 0.377685 1.105088 0.510610 0.258012 0.919669
85.200000 0.395702 0.856541 0.180754 0.378360 1.105458 0.510849 0.258155 0.919842
85.400000 0.395725 0.856621 0.180676 0.378563 1.105234 0.510750 0.258131 0.919896
85.600000 0.395790 0.856410 0.180951 0.378820 1.105378 0.510909 0.258059 0.919803
85.800000 0.395682 0.856481 0.180822 0.378794 1.105537 0.511133 0.258168 0.920194
86.000000 0.395693 0.856699 0.180916 0.379033 1.105537 0.511124 0.258210 0.920367
86.200000 0.395579 0.856498 0.180835 0.379410 1.105929 0.511119 0.258259 0.920298
86.400000 0.395685 0.856503 0.180896 0.379708 1.106004 0.511061 0.258306 0.920509
86.600000 0.395804 0.856571 0.180888 0.379982 1.106081 0.511206 0.258316 0.920704
86.800000 0.395568 0.856559 0.180858 0.380196 1.106156 0.511302 0.258353 0.920835
87.000000 0.395591 0.856462 0.181118 0.380470 1.106321 0.511245 0.258517 0.921027
87.200000 0.395656 0.856729 0.181063 0.380731 1.106654 0.511406 0.258445 0.921158
87.400000 0.395370 0.856603 0.181046 0.381140 1.106689 0.511316 0.258452 0.921158
87.600000 0.395438 0.856485 0.181121 0.381272 1.106777 0.511521 0.258526 0.921303
87.800000 0.395301 0.856750 0.180907 0.381427 1.106913 0.511765 0.258577 0.921420
88.000000 0.395318 0.856766 0.181026 0.381769 1.106767 0.511637 0.258620 0.921388
88.200000 0.395111 0.856711 0.181197 0.381806 1.106895 0.511698 0.258765 0.921629
88.400000 0.395283 0.856683 0.181214 0.382220 1.107150 0.511487 0.258566 0.921659
88.600000 0.395110 0.856769 0.181181 0.382348 1.107230 0.511795 0.258661 0.921880
88.800000 0.395157 0.856705 0.181240 0.382689 1.107213 0.511895 0.258780 0.922049
89.000000 0.395162 0.856691 0.181137 0.382718 1.107348 0.511856 0.258645 0.922085
89.200000 0.395218 0.856732 0.181221 0.383094 1.107518 0.512018 0.258921 0.922149
89.400000 0.395013 0.856692 0.181372 0.383163 1.107574 0.512012 0.258676 0.922092
89.600000 0.395079 0.856570 0.181338 0.383162 1.107471 0.511980 0.258757 0.922147
89.800000 0.395161 0.856711 0.181332 0.383659 1.107542 0.511991 0.258537 0.922312
90.000000 0.394775 0.856585 0.181286 0.383821 1.107903 0.512196 0.258894 0.922417
