0.200000 0.184444 0.386706 0.126032 0.152177 0.447270 0.539629 0.172638 0.362483
0.400000 0.184246 0.385632 0.125785 0.151827 0.444561 0.539469 0.172196 0.360576
0.600000 0.184230 0.384990 0.125783 0.151699 0.443238 0.539361 0.171791 0.359362
0.800000 0.184190 0.384687 0.125700 0.151519 0.441217 0.539176 0.171359 0.358390
1.000000 0.184037 0.384089 0.125535 0.151392 0.439941 0.538992 0.171042 0.357342
1.200000 0.184110 0.383649 0.125603 0.151165 0.438644 0.538941 0.170787 0.356206
1.400000 0.184086 0.382996 0.125545 0.151051 0.437058 0.538991 0.170543 0.355112
1.600000 0.183892 0.382667 0.125502 0.150903 0.435668 0.538709 0.170205 0.354036
1.800000 0.183955 0.382041 0.125512 0.150579 0.434225 0.538716 0.169886 0.352937
2.000000 0.183939 0.381559 0.125412 0.150446 0.432751 0.538547 0.169599 0.351934
2.200000 0.183574 0.380988 0.125293 0.150170 0.431503 0.538362 0.169311 0.351058
2.400000 0.183801 0.380502 0.125232 0.150027 0.429894 0.538243 0.168943 0.349785
2.600000 0.183779 0.379834 0.125269 0.149879 0.428532 0.538259 0.168715 0.348803
2.800000 0.183758 0.379502 0.125101 0.149682 0.426840 0.537915 0.168453 0.347729
3.000000 0.183571 0.379037 0.125216 0.149599 0.425685 0.537950 0.168186 0.346720
3.200000 0.183663 0.378560 0.124984 0.149435 0.424241 0.538019 0.167738 0.345668
3.400000 0.183614 0.378261 0.124858 0.149273 0.422978 0.537736 0.167464 0.344790
3.600000 0.183439 0.377578 0.125121 0.149108 0.421484 0.537559 0.167226 0.343956
3.800000 0.183526 0.377116 0.124878 0.148867 0.420369 0.537528 0.166887 0.342931
4.000000 0.183495 0.376499 0.124918 0.148658 0.418923 0.537306 0.166591 0.341901
4.200000 0.183471 0.376186 0.124853 0.148564 0.417593 0.537152 0.166289 0.340698
4.400000 0.183561 0.375561 0.124933 0.148383 0.416243 0.537092 0.165936 0.339891
4.600000 0.183355 0.374935 0.124768 0.148071 0.414751 0.537107 0.165710 0.338782
4.800000 0.183366 0.374881 0.124410 0.148071 0.413563 0.536950 0.165385 0.337945
5.000000 0.183388 0.374389 0.124737 0.148002 0.412430 0.536720 0.165186 0.337046
5.200000 0.183235 0.373725 0.124815 0.147574 0.410981 0.536689 0.164829 0.336140
5.400000 0.183234 0.373009 0.124539 0.147653 0.409821 0.536410 0.164567 0.335292
5.600000 0.183206 0.372871 0.124233 0.147522 0.408605 0.536375 0.164412 0.334353
5.800000 0.183191 0.372438 0.124401 0.147284 0.407285 0.536462 0.163981 0.333388
6.000000 0.183132 0.372206 0.124360 0.146982 0.406044 0.536296 0.163422 0.332592
6.200000 0.183012 0.371637 0.124347 0.146863 0.404677 0.535838 0.163362 0.331462
6.400000 0.183051 0.371223 0.124434 0.146883 0.403528 0.535894 0.163218 0.330651
6.600000 0.183035 0.370655 0.124502 0.146664 0.401934 0.535813 0.162814 0.329537
6.800000 0.182959 0.370328 0.124256 0.146372 0.400760 0.535647 0.162536 0.328656
7.000000 0.182818 0.369848 0.124142 0.146399 0.399582 0.535313 0.162294 0.327760
7.200000 0.182891 0.369374 0.124111 0.146281 0.398290 0.535357 0.161966 0.326884
7.400000 0.182829 0.369042 0.124064 0.146117 0.397241 0.535330 0.161836 0.325944
7.600000 0.182825 0.368581 0.123786 0.145904 0.395972 0.535223 0.161480 0.325242
7.800000 0.182943 0.368188 0.124059 0.145821 0.394950 0.535076 0.161220 0.324372
8.000000 0.182778 0.367821 0.123977 0.145642 0.393776 0.534893 0.161001 0.323595
8.200000 0.182705 0.367388 0.124199 0.145632 0.392532 0.534840 0.160745 0.322775
8.400000 0.182646 0.366783 0.123798 0.145248 0.391385 0.534474 0.160290 0.321628
8.600000 0.182476 0.366263 0.123817 0.145000 0.389969 0.534494 0.160022 0.320799
8.800000 0.182580 0.366004 0.123838 0.144941 0.388933 0.534369 0.159848 0.319952
9.000000 0.182605 0.365711 0.123790 0.144953 0.387889 0.534279 0.159466 0.319161
9.200000 0.182524 0.365217 0.123973 0.144829 0.386661 0.534241 0.159398 0.318186
9.400000 0.182418 0.364806 0.123606 0.144631 0.385668 0.533950 0.159291 0.317555
9.600000 0.182462 0.364504 0.123832 0.144570 0.384712 0.533956 0.158874 0.316819
9.800000 0.182389 0.364124 0.123753 0.144366 0.383737 0.533902 0.158620 0.316146
10.000000 0.182422 0.363660 0.123758 0.144497 0.382578 0.533614 0.158392 0.315393
10.200000 0.182490 0.363416 0.123811 0.144266 0.381567 0.533470 0.158269 0.314744
10.400000 0.182334 0.362974 0.123499 0.143996 0.380465 0.533449 0.157911 0.313994
10.600000 0.182261 0.362568 0.123472 0.144023 0.379419 0.533305 0.157694 0.313178
10.800000 0.182243 0.362127 0.123581 0.143749 0.378480 0.533288 0.157443 0.312374
11.000000 0.182043 0.361964 0.123475 0.143679 0.377619 0.533127 0.157204 0.311698
11.200000 0.182321 0.361675 0.123487 0.143577 0.376445 0.533061 0.157082 0.310938
11.400000 0.182164 0.361246 0.123305 0.143551 0.375283 0.532860 0.156816 0.310314
11.600000 0.182111 0.360813 0.123385 0.143141 0.374305 0.532796 0.156536 0.309586
11.800000 0.182118 0.360458 0.123364 0.143042 0.373618 0.532655 0.156425 0.308871
12.000000 0.182029 0.360070 0.123181 0.143068 0.372748 0.532436 0.156047 0.307971
12.200000 0.181889 0.359819 0.123307 0.142834 0.371589 0.532427 0.155860 0.307463
12.400000 0.181984 0.359439 0.123377 0.142972 0.370498 0.532345 0.155761 0.306822
12.600000 0.181852 0.358890 0.123173 0.142627 0.369679 0.532164 0.155467 0.305833
12.800000 0.181935 0.358735 0.123085 0.142558 0.368709 0.531960 0.155194 0.305328
13.000000 0.181908 0.358498 0.123251 0.142393 0.367832 0.531800 0.155151 0.304675
13.200000 0.181753 0.358203 0.123016 0.142393 0.366992 0.531914 0.154772 0.303996
13.400000 0.181869 0.357913 0.123085 0.142254 0.366204 0.531730 0.154681 0.303437
13.600000 0.181870 0.357531 0.123086 0.142099 0.365403 0.531759 0.154412 0.302849
13.800000 0.181767 0.357219 0.123049 0.142075 0.364419 0.531488 0.154213 0.302389
14.000000 0.181749 0.356929 0.122850 0.142056 0.363803 0.531451 0.154102 0.301521
14.200000 0.181588 0.356638 0.123009 0.141906 0.362762 0.531258 0.154050 0.300909
14.400000 0.181743 0.356450 0.122994 0.141832 0.362260 0.531218 0.153774 0.300448
14.600000 0.181654 0.355992 0.122985 0.141638 0.361440 0.530890 0.153449 0.299940
14.800000 0.181652 0.355580 0.122884 0.141460 0.360540 0.530742 0.153273 0.299338
15.000000 0.181722 0.355526 0.122883 0.141539 0.359763 0.530752 0.153162 0.298774
15.200000 0.181669 0.355293 0.122893 0.141336 0.358990 0.530673 0.152790 0.298222
15.400000 0.181692 0.354908 0.122935 0.141267 0.358272 0.530626 0.152697 0.297620
15.600000 0.181558 0.354407 0.122740 0.141214 0.357469 0.530453 0.152299 0.296953
15.800000 0.181526 0.354343 0.122754 0.141035 0.356631 0.530520 0.152412 0.296501
16.000000 0.181544 0.354072 0.122717 0.141135 0.355913 0.530359 0.152268 0.295945
16.200000 0.181530 0.353987 0.122734 0.141068 0.355153 0.530159 0.151831 0.295477
16.400000 0.181481 0.353246 0.122713 0.140989 0.354358 0.530048 0.151746 0.294833
16.600000 0.181547 0.353276 0.122651 0.140713 0.353445 0.529839 0.151641 0.294228
16.800000 0.181566 0.353092 0.122626 0.140600 0.353051 0.529807 0.151483 0.293627
17.000000 0.181382 0.352777 0.122654 0.140644 0.352152 0.529760 0.151101 0.293223
17.200000 0.181389 0.352487 0.122644 0.140617 0.351547 0.529593 0.151126 0.292529
17.400000 0.181345 0.352191 0.122654 0.140511 0.350596 0.529487 0.150954 0.292194
17.600000 0.181352 0.351907 0.122535 0.140292 0.349970 0.529352 0.151003 0.291623
17.800000 0.181372 0.351790 0.122508 0.140372 0.349146 0.529141 0.150507 0.291117
18.000000 0.181296 0.351536 0.122572 0.140134 0.348359 0.529022 0.150411 0.290438
18.200000 0.181245 0.350993 0.122509 0.140018 0.347759 0.529004 0.150214 0.290133
18.400000 0.181155 0.350885 0.122488 0.139991 0.347107 0.528796 0.150076 0.289474
18.600000 0.181156 0.350606 0.122317 0.140019 0.346420 0.528991 0.149860 0.289006
18.800000 0.181218 0.350469 0.122634 0.139902 0.345627 0.528600 0.149674 0.288484
19.000000 0.181185 0.350136 0.122670 0.139618 0.344717 0.528869 0.149586 0.287856
19.200000 0.181172 0.349792 0.122494 0.139593 0.343820 0.528486 0.149245 0.287309
19.400000 0.180985 0.349507 0.122306 0.139433 0.343257 0.528396 0.149087 0.286791
19.600000 0.181089 0.349162 0.122277 0.139412 0.342618 0.528196 0.149004 0.286248
19.800000 0.181024 0.349058 0.122249 0.139480 0.341964 0.528221 0.148910 0.285842
20.000000 0.181018 0.348797 0.122234 0.139247 0.341297 0.527983 0.148646 0.285099
20.200000 0.181030 0.348488 0.122124 0.139170 0.340558 0.527895 0.148514 0.284802
20.400000 0.180947 0.348254 0.122229 0.138890 0.339906 0.527691 0.148414 0.284314
20.600000 0.180953 0.348355 0.122188 0.139035 0.339334 0.527535 0.148160 0.283780
20.800000 0.180818 0.347600 0.122170 0.138951 0.338743 0.527496 0.148017 0.283371
21.000000 0.180904 0.347564 0.122203 0.138866 0.338142 0.527408 0.147979 0.283039
21.200000 0.180866 0.347223 0.122190 0.138854 0.337323 0.527326 0.147465 0.282452
21.400000 0.180868 0.347009 0.122203 0.138432 0.336726 0.527058 0.147441 0.281963
21.600000 0.180848 0.346860 0.122077 0.138603 0.336066 0.527141 0.147477 0.281501
21.800000 0.180664 0.346473 0.122064 0.138471 0.335345 0.527105 0.147385 0.281015
22.000000 0.180774 0.346140 0.122104 0.138404 0.334910 0.526742 0.147183 0.280476
22.200000 0.180793 0.346158 0.122035 0.138458 0.334239 0.526701 0.147055 0.280005
22.400000 0.180765 0.345974 0.121956 0.138348 0.333743 0.526642 0.146868 0.279640
22.600000 0.180745 0.345786 0.121988 0.138295 0.332972 0.526646 0.146775 0.279133
22.800000 0.180740 0.345227 0.121998 0.138204 0.332441 0.526340 0.146554 0.278736
23.000000 0.180763 0.345296 0.121883 0.138156 0.331826 0.526458 0.146434 0.278423
23.200000 0.180557 0.344937 0.121835 0.138001 0.331385 0.526140 0.146198 0.277959
23.400000 0.180541 0.344734 0.121822 0.137619 0.330629 0.526118 0.146215 0.277420
23.600000 0.180583 0.344473 0.121843 0.137827 0.329958 0.526055 0.146015 0.276952
23.800000 0.180653 0.344336 0.121872 0.137801 0.329545 0.525852 0.145882 0.276349
24.000000 0.180646 0.344144 0.121842 0.137666 0.328898 0.525907 0.145764 0.276260
24.200000 0.180612 0.343784 0.121774 0.137513 0.328301 0.525652 0.145447 0.275812
24.400000 0.180582 0.343674 0.121616 0.137537 0.327745 0.525554 0.145467 0.275400
24.600000 0.180213 0.343574 0.121716 0.137485 0.327126 0.525514 0.145260 0.275109
24.800000 0.180485 0.343111 0.121754 0.137420 0.326546 0.525226 0.145198 0.274798
25.000000 0.180389 0.343069 0.121758 0.137439 0.326068 0.525226 0.145000 0.274174
25.200000 0.180376 0.342714 0.121509 0.137321 0.325442 0.525121 0.144933 0.273600
25.400000 0.180548 0.342769 0.121628 0.137324 0.324761 0.525128 0.144846 0.273349
25.600000 0.180370 0.342368 0.121629 0.137260 0.324125 0.524810 0.144519 0.272794
25.800000 0.180452 0.342226 0.121634 0.137135 0.323761 0.524717 0.144502 0.272257
26.000000 0.180430 0.341945 0.121467 0.136918 0.323083 0.524675 0.144452 0.271938
26.200000 0.180451 0.341642 0.121480 0.137160 0.322453 0.524594 0.144275 0.271543
26.400000 0.180243 0.341452 0.121660 0.136940 0.321837 0.524479 0.144311 0.271201
26.600000 0.180374 0.341058 0.121596 0.136836 0.321415 0.524326 0.144067 0.270801
26.800000 0.180228 0.341004 0.121484 0.136704 0.320789 0.524224 0.143741 0.270407
27.000000 0.180360 0.340835 0.121557 0.136831 0.320259 0.524063 0.143789 0.269961
27.200000 0.180213 0.340702 0.121602 0.136706 0.319820 0.523849 0.143657 0.269569
27.400000 0.180309 0.340411 0.121593 0.136594 0.319088 0.523945 0.143439 0.269235
27.600000 0.180270 0.340192 0.121377 0.136514 0.318783 0.523814 0.143284 0.268859
27.800000 0.180315 0.340027 0.121322 0.136307 0.318310 0.523827 0.143383 0.268540
28.000000 0.180255 0.339922 0.121397 0.136130 0.317798 0.523552 0.143206 0.268075
28.200000 0.180220 0.339764 0.121437 0.136360 0.317326 0.523382 0.143069 0.267661
28.400000 0.180222 0.339505 0.121444 0.136341 0.316750 0.523258 0.143001 0.267338
28.600000 0.180090 0.339315 0.121384 0.136234 0.316179 0.523197 0.142893 0.266945
28.800000 0.180162 0.338907 0.121423 0.136165 0.315740 0.522986 0.142806 0.266612
29.000000 0.180163 0.339030 0.121173 0.136082 0.315260 0.522878 0.142601 0.266126
29.200000 0.180123 0.338753 0.121244 0.136015 0.314686 0.523011 0.142527 0.265905
29.400000 0.180110 0.338479 0.121170 0.136019 0.314216 0.522727 0.142220 0.265528
29.600000 0.180081 0.338355 0.121289 0.136094 0.313872 0.522653 0.142270 0.265042
29.800000 0.180097 0.338149 0.121330 0.135897 0.313183 0.522485 0.142095 0.264856
30.000000 0.180071 0.337943 0.121011 0.135763 0.312805 0.522350 0.142132 0.264573
30.200000 0.179912 0.337721 0.121135 0.135682 0.312207 0.522483 0.141816 0.263844
30.400000 0.180026 0.337464 0.121254 0.135617 0.311829 0.522119 0.141833 0.263751
30.600000 0.180438 0.337281 0.121047 0.135403 0.311359 0.522155 0.141701 0.263397
30.800000 0.182686 0.337156 0.121208 0.135650 0.310930 0.522121 0.141627 0.262966
31.000000 0.186840 0.336992 0.121211 0.135373 0.310432 0.522059 0.141449 0.262724
31.200000 0.192687 0.336886 0.121248 0.135471 0.310198 0.521808 0.141581 0.262429
31.400000 0.200722 0.336682 0.121238 0.135496 0.309802 0.521715 0.141444 0.262366
31.600000 0.213352 0.336571 0.121291 0.135462 0.309992 0.521638 0.141574 0.262337
31.800000 0.225421 0.336545 0.121266 0.135642 0.310280 0.521658 0.141699 0.262604
32.000000 0.237808 0.336501 0.121439 0.135749 0.311158 0.521686 0.141895 0.263298
32.200000 0.250065 0.336877 0.121201 0.135454 0.312285 0.521486 0.142043 0.264005
32.400000 0.261967 0.337152 0.121545 0.136043 0.314053 0.521678 0.142230 0.265314
32.600000 0.272842 0.337963 0.121505 0.136301 0.316141 0.521413 0.142639 0.266973
32.800000 0.283319 0.338905 0.121781 0.136948 0.319054 0.521487 0.143008 0.268794
33.000000 0.292656 0.340309 0.122062 0.137350 0.322117 0.521478 0.143604 0.271179
33.200000 0.300942 0.342056 0.122230 0.138145 0.325887 0.521488 0.144057 0.273894
33.400000 0.308645 0.344288 0.122676 0.139002 0.330100 0.521503 0.144792 0.276776
33.600000 0.315266 0.347005 0.123039 0.139939 0.334643 0.521242 0.145525 0.279974
33.800000 0.321277 0.350316 0.123507 0.141018 0.339560 0.521425 0.146241 0.283703
34.000000 0.326485 0.353988 0.124287 0.142185 0.344968 0.521504 0.146999 0.287597
34.200000 0.330929 0.358061 0.125020 0.143288 0.350391 0.521581 0.147799 0.291672
34.400000 0.334927 0.362554 0.125626 0.144697 0.356476 0.521696 0.148509 0.296129
34.600000 0.338200 0.367863 0.126392 0.146149 0.362419 0.521559 0.149527 0.300605
34.800000 0.341302 0.372993 0.127149 0.147477 0.368806 0.521871 0.150344 0.305435
35.000000 0.343657 0.378600 0.127974 0.149003 0.375408 0.521975 0.151072 0.310432
35.200000 0.346046 0.384834 0.128562 0.150568 0.382269 0.521938 0.152097 0.315665
35.400000 0.347825 0.390909 0.129391 0.151966 0.388709 0.522111 0.153024 0.320491
35.600000 0.349370 0.397103 0.129862 0.153226 0.395349 0.522017 0.153819 0.325554
35.800000 0.350725 0.403692 0.130821 0.154992 0.401875 0.522083 0.154710 0.330681
36.000000 0.351787 0.410436 0.131502 0.156192 0.408773 0.522032 0.155485 0.336067
36.200000 0.352868 0.417406 0.132195 0.157881 0.415547 0.522180 0.156454 0.341452
36.400000 0.353683 0.424359 0.132892 0.159282 0.422450 0.522357 0.157463 0.346846
36.600000 0.354194 0.431688 0.133216 0.160722 0.429463 0.522399 0.158243 0.352425
36.800000 0.354939 0.439424 0.134276 0.162462 0.436592 0.522446 0.159047 0.358229
37.000000 0.355481 0.446969 0.134975 0.163912 0.443695 0.522618 0.159836 0.363727
37.200000 0.355856 0.454861 0.135742 0.165213 0.450950 0.522630 0.161099 0.369532
37.400000 0.356008 0.462936 0.136355 0.167020 0.458211 0.522658 0.161942 0.375098
37.600000 0.356317 0.470658 0.137101 0.168566 0.465608 0.522658 0.162953 0.381413
37.800000 0.356650 0.480388 0.137935 0.170447 0.474146 0.522869 0.163967 0.388022
38.000000 0.356812 0.488810 0.138545 0.171925 0.481595 0.523046 0.164863 0.393738
38.200000 0.356855 0.496965 0.139124 0.173421 0.488902 0.522983 0.165837 0.399692
38.400000 0.356972 0.505304 0.139835 0.174901 0.496517 0.523121 0.166640 0.405474
38.600000 0.357044 0.513560 0.140401 0.176429 0.503781 0.523123 0.167549 0.411471
38.800000 0.356985 0.521863 0.141048 0.177937 0.511352 0.523512 0.168564 0.417430
39.000000 0.357055 0.530177 0.141614 0.179439 0.518902 0.523397 0.169578 0.423279
39.200000 0.357056 0.538477 0.142318 0.180665 0.526449 0.523224 0.170497 0.429328
39.400000 0.356931 0.546733 0.142897 0.182313 0.533925 0.523573 0.171247 0.435066
39.600000 0.357018 0.554914 0.143283 0.183450 0.541403 0.523542 0.172244 0.441007
39.800000 0.356907 0.562987 0.144025 0.185210 0.549030 0.523768 0.172986 0.447010
40.000000 0.356607 0.570751 0.144712 0.186565 0.556493 0.523833 0.173981 0.452741
40.200000 0.356616 0.578990 0.145143 0.187952 0.564053 0.523716 0.174729 0.458918
40.400000 0.356449 0.586833 0.145946 0.189425 0.571777 0.523965 0.175777 0.464869
40.600000 0.356525 0.594719 0.146340 0.190587 0.579452 0.524098 0.176725 0.470844
40.800000 0.356414 0.602295 0.147005 0.192216 0.587070 0.524058 0.177555 0.476713
41.000000 0.356290 0.610244 0.147522 0.193414 0.595002 0.524170 0.178424 0.483065
41.200000 0.356088 0.617791 0.148003 0.194848 0.602671 0.524321 0.179375 0.489143
41.400000 0.355951 0.624872 0.148583 0.196136 0.610269 0.524386 0.180068 0.494966
41.600000 0.355758 0.631867 0.149201 0.197347 0.617818 0.524494 0.181119 0.500748
41.800000 0.355615 0.638985 0.149630 0.198729 0.625224 0.524668 0.181896 0.506458
42.000000 0.355378 0.646034 0.150127 0.199975 0.632756 0.524835 0.182858 0.512405
42.200000 0.355272 0.652387 0.150542 0.201247 0.639995 0.524893 0.183713 0.518148
42.400000 0.355269 0.658929 0.151103 0.202559 0.647445 0.524946 0.184576 0.524041
42.600000 0.355343 0.665274 0.151572 0.203820 0.654541 0.524952 0.185408 0.529639
42.800000 0.355028 0.671383 0.151920 0.204854 0.661976 0.525131 0.186190 0.535330
43.000000 0.354716 0.677193 0.152386 0.206223 0.669004 0.525211 0.187027 0.541212
43.200000 0.354703 0.683077 0.152873 0.207456 0.676192 0.525172 0.187853 0.546663
43.400000 0.354704 0.688365 0.153275 0.208489 0.683259 0.525445 0.188486 0.552146
43.600000 0.354588 0.693896 0.153806 0.209518 0.690273 0.525479 0.189461 0.557739
43.800000 0.354349 0.699400 0.154002 0.211018 0.697180 0.525683 0.190288 0.563251
44.000000 0.354378 0.704636 0.154721 0.212179 0.704702 0.525668 0.191255 0.569842
44.200000 0.354137 0.711510 0.155113 0.213609 0.713729 0.525839 0.192170 0.576367
44.400000 0.354008 0.715779 0.155585 0.214714 0.720309 0.526153 0.193107 0.581449
44.600000 0.353934 0.720304 0.155981 0.215811 0.726633 0.526104 0.193684 0.586719
44.800000 0.353750 0.724577 0.156333 0.216738 0.732956 0.526323 0.194521 0.591855
45.000000 0.353557 0.728565 0.156640 0.217898 0.739037 0.526282 0.195236 0.596583
45.200000 0.353680 0.732555 0.157155 0.218825 0.745218 0.526364 0.196000 0.601372
45.400000 0.353399 0.735888 0.157421 0.219952 0.751025 0.526574 0.196584 0.606383
45.600000 0.353506 0.739625 0.157709 0.221090 0.757151 0.526612 0.197379 0.611197
45.800000 0.353464 0.743272 0.157961 0.221938 0.762884 0.526621 0.198195 0.615757
46.000000 0.353265 0.746423 0.158284 0.222881 0.768670 0.526607 0.198773 0.620319
46.200000 0.353268 0.749753 0.158594 0.223992 0.774220 0.526823 0.199571 0.624786
46.400000 0.353240 0.752695 0.159088 0.224822 0.779663 0.526936 0.200067 0.629472
46.600000 0.353025 0.755877 0.159373 0.225683 0.785251 0.527101 0.200908 0.633826
46.800000 0.352783 0.758618 0.159699 0.226463 0.790253 0.527142 0.201469 0.638128
47.000000 0.352875 0.761440 0.159940 0.227543 0.795558 0.527250 0.202209 0.642501
47.200000 0.352750 0.763979 0.160183 0.228467 0.800641 0.527327 0.202900 0.646548
47.400000 0.352706 0.766332 0.160400 0.229284 0.805809 0.527369 0.203446 0.650567
47.600000 0.352606 0.768898 0.160881 0.230345 0.810623 0.527532 0.204194 0.654800
47.800000 0.352509 0.771197 0.161075 0.231050 0.815536 0.527505 0.204850 0.658768
48.000000 0.352382 0.773404 0.161366 0.232082 0.820081 0.527712 0.205339 0.662661
48.200000 0.352256 0.775462 0.161460 0.232936 0.824702 0.527902 0.206042 0.666398
48.400000 0.352274 0.777661 0.162022 0.233720 0.829011 0.527803 0.206606 0.670115
48.600000 0.352017 0.779448 0.162132 0.234585 0.833827 0.527974 0.207301 0.673751
48.800000 0.351821 0.781463 0.162360 0.235332 0.838001 0.527980 0.207911 0.677444
49.000000 0.351844 0.783254 0.162612 0.235919 0.841859 0.528241 0.208375 0.681121
49.200000 0.351616 0.785169 0.162949 0.237061 0.845884 0.528386 0.209120 0.684550
49.400000 0.351493 0.786672 0.163040 0.237781 0.850352 0.528360 0.209533 0.687779
49.600000 0.351352 0.788241 0.163301 0.238607 0.854241 0.528306 0.210238 0.691179
49.800000 0.351115 0.789896 0.163692 0.239344 0.858131 0.528646 0.210806 0.694319
50.000000 0.351072 0.791189 0.163641 0.239927 0.861790 0.528613 0.211349 0.697557
50.200000 0.350666 0.792880 0.163763 0.240676 0.865644 0.528627 0.211908 0.700758
50.400000 0.350508 0.794478 0.164258 0.241896 0.870283 0.529146 0.212614 0.704755
50.600000 0.350364 0.795778 0.164848 0.242571 0.873721 0.529003 0.213185 0.707789
50.800000 0.350222 0.797027 0.164645 0.243125 0.877077 0.529093 0.213642 0.710613
51.000000 0.350220 0.798278 0.164939 0.244049 0.880687 0.529255 0.214132 0.713489
51.200000 0.350068 0.799486 0.165069 0.244872 0.884165 0.529445 0.214708 0.716541
51.400000 0.349805 0.800371 0.165120 0.245439 0.887269 0.529479 0.215268 0.719233
51.600000 0.349849 0.801504 0.165408 0.246069 0.890168 0.529429 0.215651 0.721790
51.800000 0.349510 0.802487 0.165622 0.246758 0.893044 0.529566 0.216233 0.724352
52.000000 0.349482 0.803396 0.165836 0.247490 0.896323 0.529721 0.216728 0.727153
52.200000 0.349337 0.804429 0.165887 0.248077 0.899074 0.529795 0.217184 0.729528
52.400000 0.349224 0.805311 0.166316 0.248761 0.902038 0.529862 0.217828 0.732013
52.600000 0.349039 0.806016 0.166314 0.249218 0.904541 0.529896 0.218214 0.734268
52.800000 0.348906 0.806916 0.166745 0.249975 0.907405 0.530047 0.218627 0.736768
53.000000 0.348738 0.807536 0.166544 0.250462 0.910031 0.530129 0.219049 0.738912
53.200000 0.348715 0.808390 0.166782 0.251222 0.912499 0.530214 0.219492 0.741422
53.400000 0.348713 0.809163 0.166938 0.251792 0.915122 0.530323 0.219787 0.743589
53.600000 0.348571 0.809806 0.167139 0.252422 0.917781 0.530348 0.220409 0.745692
53.800000 0.348495 0.810347 0.167272 0.253086 0.920231 0.530418 0.220867 0.747789
54.000000 0.348595 0.811027 0.167424 0.253663 0.922499 0.530700 0.221311 0.749874
54.200000 0.348420 0.811480 0.167517 0.254273 0.924775 0.530486 0.221740 0.751675
54.400000 0.348356 0.812119 0.167716 0.254734 0.927002 0.530796 0.222129 0.753798
54.600000 0.348083 0.812705 0.167860 0.255367 0.929338 0.530909 0.222526 0.755627
54.800000 0.348271 0.813241 0.167999 0.255765 0.931441 0.531081 0.222975 0.757516
55.000000 0.348219 0.813717 0.168196 0.256586 0.933251 0.530953 0.223278 0.759264
55.200000 0.348352 0.814226 0.168350 0.257172 0.935392 0.531243 0.223796 0.761193
55.400000 0.348175 0.814732 0.168140 0.257530 0.937477 0.531290 0.224130 0.762994
55.600000 0.348040 0.815200 0.168506 0.258076 0.939236 0.531426 0.224532 0.764701
55.800000 0.348074 0.815671 0.168696 0.258489 0.941393 0.531370 0.225040 0.766330
56.000000 0.348060 0.816297 0.168810 0.258945 0.943183 0.531342 0.225295 0.768046
56.200000 0.347980 0.816590 0.168863 0.259560 0.945070 0.531653 0.225381 0.769764
56.400000 0.347761 0.817044 0.169057 0.260244 0.946931 0.531893 0.226082 0.771571
56.600000 0.347825 0.817424 0.169331 0.260848 0.949097 0.531805 0.226402 0.773336
56.800000 0.347698 0.817636 0.169286 0.261337 0.950847 0.531921 0.226852 0.774901
57.000000 0.347443 0.818223 0.169410 0.261775 0.952410 0.532039 0.227202 0.776152
57.200000 0.347291 0.818561 0.169383 0.262353 0.954082 0.532091 0.227599 0.777651
57.400000 0.347416 0.818970 0.169578 0.262614 0.955644 0.532289 0.227885 0.779247
57.600000 0.347273 0.819284 0.169750 0.263352 0.957091 0.532273 0.228062 0.780457
57.800000 0.347284 0.819432 0.169898 0.263889 0.958829 0.532270 0.228558 0.781890
58.000000 0.347045 0.819702 0.169992 0.264386 0.960037 0.532479 0.228750 0.782999
58.200000 0.346929 0.820088 0.170103 0.264661 0.961859 0.532487 0.229110 0.784304
58.400000 0.346880 0.820240 0.170141 0.265231 0.963334 0.532765 0.229353 0.785543
58.600000 0.346819 0.820549 0.170230 0.265697 0.964574 0.532736 0.229696 0.787171
58.800000 0.346658 0.820699 0.170087 0.266066 0.965781 0.532974 0.229964 0.788113
59.000000 0.346478 0.820924 0.170293 0.266549 0.967027 0.532961 0.230367 0.789324
59.200000 0.346476 0.821231 0.170509 0.266937 0.968471 0.533133 0.230604 0.790479
59.400000 0.346247 0.821384 0.170452 0.267439 0.969784 0.533088 0.230945 0.791548
59.600000 0.346242 0.821806 0.170660 0.267640 0.971049 0.533191 0.231235 0.792677
59.800000 0.346333 0.821946 0.170606 0.268182 0.972144 0.533282 0.231569 0.793851
60.000000 0.346279 0.822103 0.171015 0.268608 0.973478 0.533549 0.231900 0.794963
60.200000 0.346115 0.822139 0.170942 0.269098 0.974510 0.533356 0.232031 0.795841
60.400000 0.346121 0.822327 0.171017 0.269601 0.975766 0.533519 0.232243 0.796798
60.600000 0.345951 0.822634 0.170977 0.269975 0.977000 0.533723 0.232632 0.798017
60.800000 0.345989 0.822470 0.171236 0.270382 0.978045 0.533872 0.232888 0.798989
61.000000 0.345915 0.822871 0.171238 0.270674 0.979037 0.533766 0.233101 0.799778
61.200000 0.345823 0.823128 0.171424 0.271043 0.980224 0.534051 0.233456 0.800867
61.400000 0.345710 0.823177 0.171628 0.271332 0.981071 0.533970 0.233616 0.801836
61.600000 0.345466 0.823326 0.171542 0.271766 0.982294 0.534060 0.233781 0.802736
61.800000 0.345470 0.823576 0.171574 0.272294 0.983318 0.534193 0.234153 0.803679
62.000000 0.345441 0.823577 0.171556 0.272644 0.984317 0.534326 0.234339 0.804456
62.200000 0.345172 0.823541 0.171723 0.273002 0.985224 0.534231 0.234598 0.805210
62.400000 0.345162 0.823588 0.171838 0.273295 0.986286 0.534512 0.234863 0.806202
62.600000 0.345003 0.823759 0.171691 0.273891 0.987005 0.534416 0.235007 0.807117
62.800000 0.345020 0.824112 0.171964 0.274193 0.988116 0.534599 0.235329 0.807983
63.000000 0.344990 0.824398 0.172068 0.274416 0.988971 0.534789 0.235463 0.808604
63.200000 0.344886 0.823982 0.172165 0.274943 0.989754 0.534658 0.235772 0.809589
63.400000 0.344932 0.824277 0.172094 0.275245 0.990645 0.534906 0.235959 0.810272
63.600000 0.344946 0.824405 0.172149 0.275649 0.991368 0.534862 0.236149 0.810916
63.800000 0.344945 0.824475 0.172302 0.275940 0.992411 0.535115 0.236419 0.811617
64.000000 0.344700 0.824284 0.172541 0.276227 0.993130 0.534985 0.236571 0.812484
64.200000 0.344722 0.824524 0.172271 0.276566 0.994094 0.535160 0.236698 0.813209
64.400000 0.344778 0.824440 0.172551 0.276965 0.994614 0.535250 0.236809 0.813655
64.600000 0.344545 0.824744 0.172617 0.277339 0.995550 0.535535 0.237056 0.814415
64.800000 0.344561 0.824800 0.172697 0.277688 0.996331 0.535562 0.237281 0.815191
65.000000 0.344605 0.824846 0.172577 0.278059 0.996998 0.535431 0.237489 0.815876
65.200000 0.344613 0.824919 0.172799 0.278387 0.997838 0.535653 0.237762 0.816552
65.400000 0.344493 0.825011 0.172879 0.278649 0.998473 0.535704 0.237969 0.817024
65.600000 0.344473 0.824976 0.172793 0.279053 0.999231 0.535836 0.238298 0.817705
65.800000 0.344368 0.824919 0.172940 0.279292 0.999718 0.535830 0.238142 0.818044
66.000000 0.344328 0.824908 0.173128 0.279514 1.000307 0.535941 0.238617 0.819021
66.200000 0.344369 0.825428 0.172886 0.279923 1.001237 0.535910 0.238624 0.819337
66.400000 0.344208 0.825341 0.173143 0.280259 1.001516 0.536158 0.238677 0.820146
66.600000 0.344194 0.825284 0.172912 0.280570 1.002467 0.536289 0.239025 0.820629
66.800000 0.344180 0.825242 0.173311 0.280830 1.002823 0.536329 0.239037 0.821129
67.000000 0.344215 0.825393 0.173470 0.281173 1.003608 0.536225 0.239331 0.821820
67.200000 0.344019 0.825077 0.173187 0.281397 1.004048 0.536448 0.239418 0.822213
67.400000 0.343950 0.825318 0.173485 0.281777 1.004745 0.536608 0.239518 0.822691
67.600000 0.344019 0.825760 0.173543 0.282085 1.005432 0.536723 0.239762 0.823437
67.800000 0.343844 0.825537 0.173503 0.282359 1.005710 0.536656 0.239958 0.823879
68.000000 0.343633 0.825654 0.173537 0.283049 1.006401 0.536566 0.240095 0.824284
68.200000 0.343727 0.825547 0.173614 0.282946 1.006959 0.537053 0.240272 0.824813
68.400000 0.343694 0.825796 0.173494 0.283053 1.007416 0.537053 0.240458 0.825284
68.600000 0.343716 0.825583 0.173549 0.283406 1.008160 0.537099 0.240435 0.825513
68.800000 0.343375 0.825492 0.173861 0.283706 1.008617 0.537049 0.240710 0.826213
69.000000 0.343745 0.825781 0.173888 0.283974 1.009054 0.537210 0.240660 0.826587
69.200000 0.343595 0.825567 0.173883 0.284342 1.009668 0.537142 0.241067 0.827316
69.400000 0.343713 0.825765 0.173919 0.284498 1.009908 0.537218 0.241066 0.827338
69.600000 0.343525 0.825729 0.174030 0.284924 1.010467 0.537400 0.241374 0.828006
69.800000 0.343528 0.825690 0.174258 0.285196 1.010643 0.537522 0.241253 0.828415
70.000000 0.343504 0.825866 0.174136 0.285447 1.011508 0.537607 0.241490 0.828751
70.200000 0.343429 0.826089 0.174107 0.285682 1.012016 0.537672 0.241683 0.829333
70.400000 0.343186 0.825705 0.174139 0.285915 1.012370 0.537658 0.241765 0.829655
70.600000 0.343248 0.825808 0.174145 0.286158 1.012797 0.537922 0.241698 0.829926
70.800000 0.343028 0.825917 0.174363 0.286520 1.013320 0.538016 0.241869 0.830651
71.000000 0.343130 0.825929 0.174198 0.286585 1.013671 0.537978 0.242101 0.830832
71.200000 0.343161 0.826150 0.174396 0.286935 1.014101 0.538107 0.242043 0.831221
71.400000 0.342783 0.825897 0.174382 0.287209 1.015002 0.538153 0.242456 0.831715
71.600000 0.342729 0.826000 0.174432 0.287457 1.014789 0.538259 0.242453 0.832061
71.800000 0.342574 0.825827 0.174533 0.287655 1.015067 0.538375 0.242499 0.832297
72.000000 0.342810 0.825835 0.174513 0.288062 1.015747 0.538083 0.242609 0.832834
72.200000 0.342407 0.825827 0.174611 0.287989 1.015900 0.538419 0.242550 0.832784
72.400000 0.342532 0.826097 0.174686 0.288376 1.016215 0.538446 0.242866 0.833190
72.600000 0.342301 0.825939 0.174512 0.288605 1.016740 0.538552 0.242814 0.833503
72.800000 0.342138 0.825944 0.174677 0.288746 1.016895 0.538656 0.243024 0.833780
73.000000 0.342231 0.825970 0.174834 0.289037 1.017430 0.538663 0.243191 0.834126
73.200000 0.342057 0.825775 0.174586 0.289285 1.017679 0.538905 0.243151 0.834509
73.400000 0.342078 0.825682 0.174959 0.289544 1.017779 0.538814 0.243297 0.834511
73.600000 0.341975 0.825872 0.174795 0.289747 1.017918 0.538797 0.243328 0.834825
73.800000 0.341945 0.825756 0.174837 0.289990 1.018487 0.538986 0.243391 0.835226
74.000000 0.341992 0.825797 0.174847 0.289989 1.018733 0.538963 0.243598 0.835432
74.200000 0.341930 0.825695 0.174910 0.290368 1.019004 0.539211 0.243795 0.835847
74.400000 0.341828 0.825708 0.174990 0.290643 1.019303 0.539352 0.243833 0.836167
74.600000 0.341950 0.825511 0.175133 0.290749 1.019849 0.539449 0.243893 0.836357
74.800000 0.341923 0.825535 0.175067 0.291016 1.020138 0.539548 0.243846 0.836712
75.000000 0.341870 0.825626 0.175021 0.291280 1.020464 0.539534 0.243862 0.836942
75.200000 0.341530 0.825056 0.175156 0.291573 1.020392 0.539631 0.244117 0.837179
75.400000 0.341724 0.825510 0.175021 0.291672 1.021078 0.539627 0.244250 0.837437
75.600000 0.341763 0.825643 0.175188 0.291887 1.021276 0.539621 0.244266 0.837738
75.800000 0.341697 0.825307 0.175291 0.291907 1.021519 0.539857 0.244421 0.838009
76.000000 0.341525 0.825366 0.175154 0.292297 1.021865 0.540007 0.244315 0.838316
76.200000 0.341627 0.825378 0.175204 0.292436 1.021792 0.539927 0.244433 0.838342
76.400000 0.341549 0.825263 0.175192 0.292797 1.022081 0.540034 0.244574 0.838478
76.600000 0.341581 0.825464 0.175191 0.292814 1.022469 0.540102 0.244449 0.838896
76.800000 0.341614 0.825260 0.175372 0.293024 1.022692 0.540059 0.244743 0.839111
77.000000 0.341592 0.825272 0.175599 0.293008 1.023138 0.540314 0.244598 0.839195
77.200000 0.341549 0.825144 0.175597 0.293577 1.023141 0.540440 0.244812 0.839666
77.400000 0.341563 0.825200 0.175387 0.293282 1.023373 0.540407 0.244675 0.839861
77.600000 0.341499 0.825296 0.175371 0.293807 1.023807 0.540491 0.244992 0.839905
77.800000 0.341355 0.825070 0.175613 0.294024 1.023817 0.540415 0.245006 0.840125
78.000000 0.341538 0.825153 0.175557 0.294062 1.024166 0.540708 0.244929 0.840340
78.200000 0.341362 0.825162 0.175667 0.294259 1.024268 0.540559 0.245142 0.840525
78.400000 0.341477 0.825086 0.175728 0.294631 1.024326 0.540647 0.245195 0.840650
78.600000 0.341360 0.825209 0.175655 0.294713 1.024723 0.540892 0.245124 0.840826
78.800000 0.341372 0.825068 0.175652 0.294945 1.024950 0.541052 0.245453 0.841124
79.000000 0.341482 0.825251 0.175852 0.295164 1.025268 0.541003 0.245330 0.841371
79.200000 0.341334 0.825226 0.175802 0.295277 1.025261 0.541079 0.245404 0.841667
79.400000 0.341302 0.825252 0.175714 0.295622 1.025509 0.541087 0.245430 0.841529
79.600000 0.341037 0.825155 0.175911 0.295599 1.025749 0.541005 0.245405 0.841918
79.800000 0.341185 0.825054 0.175977 0.295836 1.025930 0.541135 0.245518 0.842098
80.000000 0.341120 0.825194 0.175872 0.295960 1.026151 0.541511 0.245536 0.842226
80.200000 0.341128 0.825064 0.175951 0.296032 1.026265 0.541352 0.245580 0.842331
80.400000 0.341093 0.825173 0.175837 0.296422 1.026499 0.541530 0.245735 0.842471
80.600000 0.341152 0.825176 0.176008 0.296332 1.026697 0.541465 0.245913 0.842738
80.800000 0.341013 0.824908 0.176070 0.296607 1.026839 0.541416 0.245718 0.842999
81.000000 0.340978 0.824822 0.175976 0.296754 1.026806 0.541673 0.245960 0.843145
81.200000 0.340964 0.825149 0.176043 0.296965 1.027218 0.541632 0.245819 0.843164
81.400000 0.340743 0.824964 0.176215 0.297082 1.027354 0.541803 0.245890 0.843315
81.600000 0.340874 0.824983 0.176157 0.297367 1.027466 0.541763 0.245925 0.843519
81.800000 0.340754 0.824641 0.176100 0.297483 1.027768 0.541936 0.245973 0.843560
82.000000 0.340773 0.824800 0.176180 0.297663 1.027831 0.542033 0.246047 0.843699
82.200000 0.340821 0.824772 0.176168 0.297568 1.027897 0.542142 0.246006 0.843944
82.400000 0.340735 0.824778 0.176086 0.297808 1.027973 0.541850 0.245872 0.844244
82.600000 0.340858 0.824963 0.176375 0.297856 1.028249 0.542381 0.246155 0.844156
82.800000 0.340928 0.824568 0.176281 0.298272 1.028537 0.542361 0.246270 0.844552
83.000000 0.340729 0.824890 0.176276 0.298384 1.028659 0.542410 0.246195 0.844426
83.200000 0.340860 0.824847 0.176302 0.298463 1.028608 0.542409 0.246196 0.844681
83.400000 0.340800 0.824774 0.176485 0.298609 1.028755 0.542571 0.246258 0.844727
83.600000 0.340806 0.824777 0.176438 0.298659 1.029143 0.542451 0.246357 0.845143
83.800000 0.340604 0.824955 0.176248 0.299032 1.029143 0.542563 0.246190 0.845091
84.000000 0.340584 0.824839 0.176277 0.298957 1.029156 0.542590 0.246411 0.845336
84.200000 0.340726 0.824998 0.176523 0.299153 1.029442 0.542866 0.246303 0.845367
84.400000 0.340657 0.824841 0.176464 0.299423 1.029413 0.542891 0.246330 0.845299
84.600000 0.340637 0.824921 0.176685 0.299385 1.029871 0.542633 0.246469 0.845350
84.800000 0.340481 0.824964 0.176663 0.299629 1.029949 0.543057 0.246498 0.845695
85.000000 0.340504 0.824880 0.176544 0.299775 1.030067 0.542794 0.246531 0.845860
85.200000 0.340560 0.824630 0.176569 0.299739 1.029821 0.543000 0.246583 0.846061
85.400000 0.340470 0.824867 0.176657 0.299991 1.030210 0.543187 0.246450 0.846138
85.600000 0.340468 0.824776 0.176626 0.300291 1.030370 0.543138 0.246678 0.846114
85.800000 0.340502 0.824964 0.176647 0.300144 1.030275 0.543206 0.246689 0.846536
86.000000 0.340567 0.824841 0.176742 0.300559 1.030530 0.543269 0.246497 0.846505
86.200000 0.340573 0.824711 0.176739 0.300535 1.030551 0.543276 0.246583 0.846512
86.400000 0.340450 0.824828 0.176781 0.300608 1.030852 0.543302 0.246595 0.846682
86.600000 0.340679 0.824805 0.176743 0.300777 1.031034 0.543486 0.246668 0.846723
86.800000 0.340468 0.824853 0.176758 0.300919 1.030935 0.543252 0.246884 0.846802
87.000000 0.340514 0.824993 0.176728 0.301078 1.031429 0.543557 0.246869 0.847054
87.200000 0.340384 0.824707 0.176774 0.301240 1.031339 0.543630 0.246826 0.847018
87.400000 0.340121 0.824814 0.176725 0.301409 1.031407 0.543739 0.246816 0.847170
87.600000 0.340192 0.824919 0.176934 0.301562 1.031546 0.543922 0.246887 0.847566
87.800000 0.340197 0.824748 0.176922 0.301521 1.031675 0.543846 0.246881 0.847525
88.000000 0.340261 0.824884 0.176895 0.301800 1.031765 0.543890 0.246961 0.847611
88.200000 0.340082 0.824627 0.176969 0.301951 1.031684 0.543963 0.246891 0.847651
88.400000 0.340058 0.824989 0.176979 0.301831 1.031788 0.544086 0.246933 0.847709
88.600000 0.340064 0.824886 0.177048 0.302069 1.031923 0.544125 0.246946 0.847669
88.800000 0.340050 0.824595 0.176954 0.302374 1.031980 0.544116 0.246977 0.847881
89.000000 0.339959 0.825022 0.176868 0.302358 1.032122 0.544410 0.247028 0.848065
89.200000 0.340083 0.824715 0.177036 0.302446 1.032113 0.544277 0.246912 0.847989
89.400000 0.339841 0.824645 0.177016 0.302697 1.032259 0.544269 0.246996 0.848201
89.600000 0.339860 0.824927 0.177237 0.302823 1.032285 0.544294 0.247189 0.848343
89.800000 0.339671 0.824640 0.177081 0.302947 1.032502 0.544221 0.247001 0.848237
90.000000 0.339764 0.824877 0.177010 0.303047 1.032617 0.544507 0.247043 0.848453
