0.200000 0.184877 0.386226 0.125637 0.150387 0.441825 0.512337 0.168017 0.359190
0.400000 0.184658 0.385169 0.125489 0.149950 0.439388 0.512128 0.167621 0.357466
0.600000 0.184376 0.384520 0.125538 0.149916 0.437892 0.512028 0.167444 0.356388
0.800000 0.184574 0.384173 0.125393 0.149616 0.436541 0.511931 0.167163 0.355315
1.000000 0.184529 0.383679 0.125302 0.149410 0.435059 0.511813 0.166847 0.354277
1.200000 0.184599 0.383226 0.125425 0.149239 0.433700 0.511752 0.166574 0.353089
1.400000 0.184265 0.382678 0.125251 0.149239 0.432140 0.511535 0.166325 0.352216
1.600000 0.184407 0.381933 0.125197 0.148817 0.430767 0.511704 0.166010 0.351215
1.800000 0.184361 0.381720 0.125183 0.148822 0.429489 0.511341 0.165794 0.350046
2.000000 0.184248 0.381144 0.125046 0.148567 0.428134 0.511199 0.165297 0.349200
2.200000 0.184274 0.380629 0.125117 0.148562 0.426732 0.511023 0.165142 0.348131
2.400000 0.184203 0.380076 0.125113 0.148445 0.425381 0.511056 0.164824 0.347276
2.600000 0.184155 0.379667 0.124936 0.148132 0.423967 0.510875 0.164574 0.345959
2.800000 0.184069 0.379107 0.124759 0.148137 0.422595 0.510761 0.164330 0.345143
3.000000 0.184065 0.378612 0.124829 0.147851 0.421441 0.510812 0.164040 0.344117
3.200000 0.184009 0.378260 0.124869 0.147617 0.419855 0.510672 0.163714 0.343337
3.400000 0.183980 0.377655 0.124669 0.147420 0.418639 0.510542 0.163565 0.342152
3.600000 0.183954 0.377337 0.124801 0.147529 0.417461 0.510417 0.163177 0.341257
3.800000 0.183911 0.376641 0.124794 0.147379 0.416015 0.510390 0.162764 0.340419
4.000000 0.183821 0.376139 0.124629 0.147035 0.414994 0.510181 0.162507 0.339352
4.200000 0.183796 0.375728 0.124458 0.146876 0.413377 0.510024 0.162057 0.338409
4.400000 0.183569 0.375280 0.124547 0.146790 0.412166 0.510001 0.162078 0.337502
4.600000 0.183713 0.374988 0.124532 0.146626 0.411193 0.509926 0.161824 0.336586
4.800000 0.183709 0.374422 0.124422 0.146356 0.409988 0.509808 0.161514 0.335513
5.000000 0.183619 0.373975 0.124429 0.146184 0.408502 0.509747 0.161163 0.334768
5.200000 0.183612 0.373511 0.124291 0.146053 0.407348 0.509588 0.161048 0.333732
5.400000 0.183573 0.372949 0.124367 0.146174 0.406186 0.509617 0.160750 0.332999
5.600000 0.183528 0.372516 0.124322 0.145749 0.404724 0.509422 0.160652 0.332056
5.800000 0.183489 0.372193 0.124271 0.145744 0.403600 0.509270 0.160138 0.331204
6.000000 0.183466 0.371571 0.124227 0.145649 0.402519 0.509258 0.160038 0.330290
6.200000 0.183114 0.371345 0.124197 0.145511 0.401422 0.509033 0.159751 0.329498
6.400000 0.183262 0.370823 0.124352 0.145280 0.400077 0.508988 0.159485 0.328456
6.600000 0.183285 0.370323 0.124090 0.145154 0.398393 0.508856 0.159124 0.327289
6.800000 0.183116 0.369794 0.124062 0.144910 0.397128 0.508688 0.158815 0.326528
7.000000 0.183364 0.369304 0.124034 0.144833 0.395967 0.508430 0.158536 0.325583
7.200000 0.183132 0.369057 0.124047 0.144675 0.394752 0.508714 0.158281 0.324742
7.400000 0.183192 0.369020 0.123802 0.144511 0.393775 0.508310 0.158162 0.323877
7.600000 0.183051 0.368194 0.123792 0.144385 0.392482 0.508323 0.157878 0.323051
7.800000 0.183100 0.367804 0.123758 0.144339 0.391614 0.508217 0.157491 0.322409
8.000000 0.183015 0.367482 0.123896 0.144297 0.390402 0.508003 0.157410 0.321578
8.200000 0.183027 0.367011 0.123639 0.144146 0.389276 0.508040 0.157160 0.320644
8.400000 0.182967 0.366647 0.123795 0.143939 0.388305 0.507828 0.156981 0.319979
8.600000 0.182947 0.366249 0.123670 0.143751 0.387225 0.507736 0.156645 0.319217
8.800000 0.182781 0.366004 0.123841 0.143839 0.386075 0.507557 0.156414 0.318595
9.000000 0.182890 0.365318 0.123535 0.143443 0.385177 0.506949 0.156248 0.317661
9.200000 0.182847 0.365024 0.123629 0.143459 0.384101 0.507490 0.156083 0.316877
9.400000 0.182824 0.364769 0.123640 0.143405 0.383278 0.507391 0.155688 0.316131
9.600000 0.182666 0.364258 0.123544 0.143095 0.382152 0.507283 0.155436 0.315248
9.800000 0.182741 0.363916 0.123594 0.143093 0.381020 0.507066 0.155197 0.314571
10.000000 0.182865 0.363613 0.123491 0.143123 0.380114 0.507038 0.155135 0.313970
10.200000 0.182685 0.363212 0.123525 0.142913 0.379149 0.506747 0.154945 0.313315
10.400000 0.182643 0.362932 0.123526 0.142818 0.378122 0.506892 0.154696 0.312486
10.600000 0.182598 0.362532 0.123436 0.142699 0.377226 0.506624 0.154493 0.311887
10.800000 0.182586 0.362151 0.123345 0.142472 0.375989 0.506362 0.154122 0.310858
11.000000 0.182543 0.361729 0.123525 0.142480 0.375090 0.506399 0.154136 0.310227
11.200000 0.182569 0.361574 0.123382 0.142244 0.374333 0.506288 0.153783 0.309642
11.400000 0.182531 0.361133 0.123141 0.142276 0.373299 0.506179 0.153592 0.308872
11.600000 0.182428 0.360797 0.123147 0.141964 0.372266 0.506254 0.153282 0.308318
11.800000 0.182415 0.360212 0.123144 0.142030 0.371544 0.506129 0.153108 0.307656
12.000000 0.182418 0.360053 0.123186 0.141875 0.370505 0.506103 0.152915 0.306940
12.200000 0.182360 0.359572 0.123153 0.141644 0.369456 0.505810 0.152856 0.306117
12.400000 0.182311 0.359457 0.122716 0.141651 0.368657 0.505638 0.152507 0.305593
12.600000 0.182300 0.358996 0.123088 0.141479 0.367598 0.505564 0.152412 0.304793
12.800000 0.182238 0.358475 0.123036 0.141507 0.366820 0.505331 0.152003 0.304172
13.000000 0.182222 0.358325 0.122854 0.141321 0.366032 0.505346 0.151916 0.303549
13.200000 0.182216 0.358064 0.123104 0.141260 0.365012 0.505174 0.151763 0.302976
13.400000 0.182174 0.357811 0.123069 0.141201 0.364246 0.505369 0.151563 0.302549
13.600000 0.182172 0.357466 0.123034 0.140762 0.363547 0.504914 0.151336 0.301771
13.800000 0.182120 0.357182 0.122845 0.140992 0.362850 0.504837 0.151079 0.301346
14.000000 0.182106 0.356818 0.122837 0.140979 0.361948 0.505020 0.151103 0.300644
14.200000 0.182031 0.356380 0.122830 0.140722 0.361059 0.504685 0.150783 0.300123
14.400000 0.182112 0.356187 0.122922 0.140564 0.360342 0.504472 0.150694 0.299425
14.600000 0.182022 0.356129 0.122885 0.140572 0.359582 0.504504 0.150505 0.298971
14.800000 0.182026 0.355811 0.122710 0.140518 0.358875 0.504541 0.150420 0.298373
15.000000 0.182014 0.355341 0.122632 0.140446 0.357994 0.504419 0.150092 0.297700
15.200000 0.181909 0.355221 0.122917 0.140302 0.357308 0.504443 0.149861 0.297110
15.400000 0.181935 0.354911 0.122541 0.140291 0.356584 0.504254 0.149799 0.296835
15.600000 0.181924 0.354542 0.122771 0.140206 0.355777 0.503919 0.149630 0.296043
15.800000 0.181760 0.354213 0.122660 0.140145 0.354935 0.503865 0.149426 0.295656
16.000000 0.181865 0.354073 0.122553 0.140002 0.354338 0.503881 0.149285 0.295076
16.200000 0.181832 0.353849 0.122328 0.139985 0.353642 0.503765 0.149136 0.294522
16.400000 0.181860 0.353503 0.122532 0.139902 0.352792 0.503703 0.149043 0.293978
16.600000 0.181797 0.352963 0.122537 0.139884 0.352147 0.503691 0.148643 0.293564
16.800000 0.181803 0.352993 0.122435 0.139734 0.351499 0.503650 0.148635 0.292954
17.000000 0.181751 0.352768 0.122670 0.139609 0.350726 0.503258 0.148579 0.292364
17.200000 0.181716 0.352523 0.122395 0.139554 0.349938 0.503258 0.148342 0.292006
17.400000 0.181700 0.352202 0.122347 0.139596 0.349381 0.503119 0.148299 0.291350
17.600000 0.181677 0.351898 0.122113 0.139475 0.348629 0.502812 0.147936 0.290762
17.800000 0.181664 0.351703 0.122451 0.139248 0.347946 0.503023 0.147869 0.290228
18.000000 0.181633 0.351300 0.122391 0.139133 0.347219 0.502731 0.147702 0.289717
18.200000 0.181592 0.350967 0.122358 0.139058 0.346475 0.502632 0.147406 0.289410
18.400000 0.181597 0.350772 0.122300 0.139025 0.345795 0.502654 0.147366 0.288819
18.600000 0.181573 0.350320 0.122229 0.139005 0.345076 0.502404 0.147216 0.288370
18.800000 0.181465 0.350356 0.122350 0.138774 0.344391 0.502583 0.146964 0.287696
19.000000 0.181477 0.349960 0.122502 0.138716 0.343549 0.502327 0.146862 0.287309
19.200000 0.181493 0.349556 0.122170 0.138655 0.342834 0.502283 0.146604 0.286591
19.400000 0.181569 0.349276 0.122107 0.138572 0.342227 0.502022 0.146591 0.286089
19.600000 0.181556 0.349218 0.122104 0.138403 0.341387 0.501930 0.146399 0.285620
19.800000 0.181381 0.348917 0.122176 0.138408 0.340998 0.501766 0.146461 0.285251
20.000000 0.181286 0.349072 0.122230 0.138296 0.340188 0.501747 0.146050 0.284675
20.200000 0.181400 0.348561 0.122172 0.138349 0.339657 0.501836 0.145997 0.284241
20.400000 0.181292 0.348233 0.122194 0.138226 0.339002 0.501620 0.145755 0.283962
20.600000 0.181328 0.347917 0.122110 0.138170 0.338361 0.501446 0.145711 0.283179
20.800000 0.181357 0.347886 0.122139 0.137967 0.337665 0.501354 0.145644 0.282870
21.000000 0.181245 0.347346 0.122190 0.137659 0.337058 0.501149 0.145342 0.282295
21.200000 0.181400 0.347163 0.122053 0.138053 0.336654 0.501221 0.145298 0.281832
21.400000 0.181216 0.347015 0.121936 0.137851 0.335714 0.501125 0.145113 0.281442
21.600000 0.181200 0.346739 0.122057 0.137775 0.335196 0.500871 0.145097 0.281019
21.800000 0.181193 0.346531 0.121828 0.137752 0.334725 0.500927 0.144852 0.280556
22.000000 0.180988 0.346314 0.121949 0.137633 0.333923 0.500650 0.144738 0.280150
22.200000 0.181161 0.345921 0.121838 0.137763 0.333286 0.500555 0.144616 0.279762
22.400000 0.181159 0.345890 0.121972 0.137510 0.332833 0.500574 0.144438 0.279318
22.600000 0.181084 0.345840 0.121876 0.137431 0.332194 0.500443 0.144441 0.278928
22.800000 0.181040 0.345396 0.121890 0.137451 0.331571 0.500334 0.144157 0.278465
23.000000 0.181041 0.345271 0.121840 0.137253 0.331068 0.500221 0.144081 0.277977
23.200000 0.181007 0.344875 0.121850 0.137190 0.330420 0.500085 0.143761 0.277536
23.400000 0.181006 0.344724 0.121893 0.137182 0.329866 0.500020 0.143801 0.277199
23.600000 0.181001 0.344392 0.121824 0.136890 0.329152 0.499982 0.143687 0.276555
23.800000 0.180964 0.344348 0.121877 0.137153 0.328743 0.499956 0.143574 0.276275
24.000000 0.180936 0.343958 0.121894 0.136967 0.328181 0.499645 0.143577 0.275795
24.200000 0.180941 0.343819 0.121623 0.136889 0.327706 0.499622 0.143430 0.275565
24.400000 0.180958 0.343556 0.121627 0.136844 0.327110 0.499522 0.143116 0.274941
24.600000 0.180853 0.343175 0.121641 0.136775 0.326316 0.499557 0.143171 0.274609
24.800000 0.180718 0.343100 0.121682 0.136864 0.325911 0.499362 0.142851 0.274059
25.000000 0.180848 0.342898 0.121728 0.136642 0.325574 0.499169 0.142800 0.273846
25.200000 0.180711 0.342824 0.121659 0.136635 0.324797 0.499200 0.142738 0.312389
25.400000 0.180782 0.342479 0.121510 0.136512 0.324006 0.498982 0.142406 0.272850
25.600000 0.180727 0.342174 0.121593 0.136406 0.323469 0.498892 0.142471 0.272306
25.800000 0.180705 0.342235 0.121540 0.136291 0.322946 0.498796 0.142298 0.272092
26.000000 0.180691 0.341941 0.121558 0.136295 0.322315 0.498678 0.142072 0.271688
26.200000 0.180691 0.341603 0.121572 0.136287 0.321817 0.498654 0.142018 0.271291
26.400000 0.180555 0.341358 0.121661 0.136110 0.321400 0.498651 0.141794 0.270786
26.600000 0.180657 0.341088 0.121428 0.136111 0.320852 0.498440 0.141853 0.270485
26.800000 0.180515 0.340917 0.121523 0.136012 0.320294 0.498332 0.141715 0.269946
27.000000 0.180609 0.340878 0.121326 0.135686 0.319782 0.498326 0.141588 0.269678
27.200000 0.180605 0.340594 0.121384 0.135933 0.319448 0.498064 0.141586 0.269309
27.400000 0.180305 0.340384 0.121359 0.135866 0.318695 0.497570 0.141035 0.268527
27.600000 0.180315 0.339915 0.121271 0.135597 0.317754 0.497541 0.141023 0.268115
27.800000 0.180343 0.339682 0.121292 0.135416 0.317293 0.497738 0.140868 0.267766
28.000000 0.180651 0.339699 0.121344 0.135672 0.317058 0.497605 0.140859 0.267636
28.200000 0.180555 0.339466 0.121391 0.135518 0.316383 0.497494 0.140980 0.267197
28.400000 0.180433 0.339276 0.121422 0.135378 0.315941 0.497425 0.140725 0.266821
28.600000 0.180398 0.339127 0.121158 0.135618 0.315426 0.497292 0.140542 0.266528
28.800000 0.180408 0.338889 0.121409 0.135235 0.314978 0.497246 0.140660 0.266011
29.000000 0.180394 0.338711 0.121158 0.135054 0.314401 0.497106 0.140430 0.265796
29.200000 0.180379 0.338471 0.121270 0.135297 0.313900 0.497014 0.140374 0.265433
29.400000 0.180341 0.338349 0.121194 0.135260 0.313704 0.496902 0.140197 0.265088
29.600000 0.180317 0.338116 0.121245 0.135333 0.313016 0.496725 0.140119 0.264602
29.800000 0.180312 0.337916 0.121136 0.135149 0.312578 0.496727 0.140167 0.264295
30.000000 0.180263 0.337814 0.121286 0.135063 0.312147 0.496610 0.140029 0.264052
30.200000 0.180247 0.337468 0.120975 0.135074 0.311525 0.496428 0.139716 0.263444
30.400000 0.180198 0.337258 0.121188 0.134956 0.310988 0.496224 0.139716 0.263166
30.600000 0.180605 0.337096 0.121183 0.134821 0.310605 0.496187 0.139520 0.262944
30.800000 0.182745 0.336921 0.121130 0.134602 0.310141 0.496167 0.139483 0.262479
31.000000 0.186648 0.336809 0.121065 0.134949 0.309708 0.496113 0.139589 0.262163
31.200000 0.192366 0.336749 0.121030 0.134807 0.309321 0.495972 0.139598 0.262030
31.400000 0.203398 0.336434 0.121149 0.134873 0.309049 0.495796 0.139277 0.261986
31.600000 0.213572 0.336064 0.121250 0.134591 0.309232 0.495878 0.139340 0.261983
31.800000 0.225007 0.336400 0.121184 0.134816 0.309705 0.495820 0.139581 0.262269
32.000000 0.236760 0.336396 0.121246 0.134949 0.310407 0.495639 0.139632 0.262844
32.200000 0.248526 0.336587 0.121167 0.135024 0.311587 0.495684 0.139703 0.263725
32.400000 0.259713 0.336984 0.121405 0.135064 0.313348 0.495700 0.140103 0.264924
32.600000 0.270148 0.337565 0.121566 0.135632 0.315497 0.495625 0.140383 0.266390
32.800000 0.279921 0.338762 0.121521 0.136043 0.318347 0.495535 0.140947 0.268317
33.000000 0.288792 0.340071 0.121870 0.136617 0.321065 0.495668 0.141430 0.270477
33.200000 0.296486 0.341665 0.121978 0.137432 0.324615 0.495709 0.141961 0.272992
33.400000 0.303781 0.344008 0.122525 0.138495 0.328537 0.495719 0.142655 0.275784
33.600000 0.310053 0.346457 0.122923 0.138731 0.332943 0.495743 0.142995 0.278838
33.800000 0.315516 0.349597 0.123323 0.139852 0.337622 0.495732 0.143810 0.282360
34.000000 0.320247 0.353036 0.123878 0.140926 0.342488 0.495465 0.144576 0.285803
34.200000 0.324591 0.357011 0.124586 0.142103 0.347691 0.495857 0.145393 0.289848
34.400000 0.328071 0.361317 0.125141 0.143328 0.353155 0.495848 0.146142 0.293954
34.600000 0.331433 0.366030 0.125979 0.144584 0.359054 0.495760 0.146877 0.298295
34.800000 0.334169 0.371013 0.126776 0.145739 0.365036 0.495979 0.147576 0.302796
35.000000 0.336581 0.376518 0.127277 0.147324 0.371126 0.496005 0.148566 0.307418
35.200000 0.338694 0.382249 0.128276 0.148590 0.377500 0.496001 0.149573 0.312183
35.400000 0.340241 0.387912 0.128841 0.150056 0.383281 0.496172 0.150403 0.316674
35.600000 0.341530 0.393720 0.129547 0.151249 0.389493 0.496203 0.151123 0.321463
35.800000 0.342814 0.399926 0.130234 0.152597 0.395570 0.496128 0.151876 0.326253
36.000000 0.343670 0.406059 0.130638 0.154108 0.402017 0.496356 0.152749 0.331240
36.200000 0.344686 0.412688 0.131390 0.155342 0.408240 0.496488 0.153685 0.336285
36.400000 0.345376 0.419580 0.132157 0.156983 0.414882 0.496482 0.154443 0.341198
36.600000 0.345987 0.426302 0.132896 0.158328 0.421435 0.496557 0.155324 0.346435
36.800000 0.346226 0.433182 0.133494 0.159690 0.427827 0.496221 0.156185 0.351670
37.000000 0.346804 0.440296 0.134189 0.161002 0.434654 0.496614 0.157071 0.357000
37.200000 0.347079 0.447546 0.134815 0.162373 0.441133 0.496767 0.157800 0.362104
37.400000 0.347254 0.455339 0.135636 0.163985 0.448423 0.496935 0.158939 0.368079
37.600000 0.347404 0.466044 0.136315 0.166081 0.457814 0.496830 0.159927 0.375480
37.800000 0.347421 0.473600 0.137122 0.167416 0.464556 0.497117 0.160853 0.380849
38.000000 0.347580 0.481147 0.137623 0.168703 0.471268 0.497126 0.162024 0.386345
38.200000 0.347515 0.488796 0.138322 0.170281 0.478188 0.497185 0.162721 0.391766
38.400000 0.347480 0.496660 0.138995 0.171309 0.485013 0.497357 0.163624 0.397081
38.600000 0.347366 0.504155 0.139546 0.172809 0.491866 0.497294 0.164341 0.402586
38.800000 0.347352 0.512024 0.140141 0.174254 0.498795 0.497320 0.165368 0.408189
39.000000 0.347246 0.519663 0.140837 0.175489 0.505670 0.497517 0.166311 0.413375
39.200000 0.347209 0.527296 0.141270 0.176785 0.512493 0.497637 0.167210 0.419092
39.400000 0.347098 0.534837 0.141816 0.178163 0.519367 0.497801 0.167953 0.424592
39.600000 0.347134 0.542635 0.142462 0.179347 0.526347 0.497743 0.168795 0.429843
39.800000 0.346891 0.550002 0.142822 0.180548 0.533224 0.497823 0.169672 0.435418
40.000000 0.346705 0.557491 0.143318 0.181921 0.539954 0.497848 0.170446 0.440833
40.200000 0.346739 0.564889 0.144042 0.183215 0.547018 0.498060 0.171324 0.446448
40.400000 0.346679 0.572605 0.144507 0.184405 0.554452 0.498063 0.172009 0.452151
40.600000 0.346561 0.579885 0.145173 0.185629 0.561257 0.498259 0.173062 0.457829
40.800000 0.346373 0.586865 0.145646 0.186815 0.568032 0.498260 0.173841 0.463017
41.000000 0.346331 0.594196 0.146170 0.188186 0.575317 0.498443 0.174766 0.468688
41.200000 0.346199 0.601055 0.146682 0.189343 0.582340 0.498468 0.175582 0.474109
41.400000 0.346086 0.607939 0.147136 0.190538 0.589191 0.498630 0.176170 0.479426
41.600000 0.345929 0.614624 0.147622 0.191602 0.595864 0.498228 0.177034 0.485047
41.800000 0.345876 0.621182 0.148258 0.192729 0.603110 0.498737 0.178012 0.490493
42.000000 0.345654 0.627371 0.148600 0.193874 0.610002 0.498946 0.178740 0.495834
42.200000 0.345566 0.633641 0.148973 0.194929 0.616651 0.498865 0.179802 0.501165
42.400000 0.345434 0.639898 0.149490 0.196224 0.623552 0.499075 0.180454 0.506331
42.600000 0.345231 0.645520 0.149643 0.197109 0.629968 0.499219 0.181220 0.511719
42.800000 0.345039 0.651404 0.150395 0.198107 0.636774 0.498987 0.181940 0.516921
43.000000 0.344940 0.656949 0.150746 0.199239 0.643351 0.499286 0.182930 0.521970
43.200000 0.344592 0.662299 0.150993 0.200301 0.649868 0.499300 0.183498 0.527257
43.400000 0.344577 0.667731 0.151567 0.201152 0.656543 0.499452 0.184194 0.532384
43.600000 0.344449 0.672844 0.151912 0.202392 0.662726 0.499617 0.185093 0.537356
43.800000 0.344297 0.677894 0.152333 0.203276 0.669417 0.499616 0.185865 0.543013
44.000000 0.344207 0.684725 0.152910 0.204644 0.677986 0.499860 0.186792 0.549656
44.200000 0.343816 0.689226 0.153214 0.205707 0.684058 0.499848 0.187679 0.554605
44.400000 0.343913 0.693585 0.153610 0.206461 0.690010 0.500183 0.188329 0.559368
44.600000 0.343788 0.697796 0.153825 0.207568 0.696409 0.500144 0.188951 0.564219
44.800000 0.343700 0.701778 0.154345 0.208735 0.702073 0.500258 0.189729 0.568759
45.000000 0.343607 0.705722 0.154674 0.209491 0.707898 0.500312 0.190542 0.573190
45.200000 0.343516 0.709788 0.154918 0.210359 0.713813 0.500222 0.191141 0.577935
45.400000 0.343398 0.713084 0.155436 0.211257 0.719256 0.500481 0.191735 0.582335
45.600000 0.343301 0.716767 0.155714 0.211967 0.724934 0.500596 0.192694 0.586704
45.800000 0.343197 0.720041 0.156029 0.212909 0.730267 0.500580 0.193075 0.591376
46.000000 0.343104 0.723245 0.156130 0.213820 0.735384 0.500740 0.193871 0.595676
46.200000 0.343130 0.726373 0.156581 0.214578 0.740915 0.500799 0.194427 0.599898
46.400000 0.342918 0.729117 0.156993 0.215555 0.746021 0.501013 0.195013 0.604084
46.600000 0.342838 0.732260 0.157058 0.216310 0.750860 0.501075 0.195884 0.608132
46.800000 0.342696 0.735002 0.157605 0.217006 0.756169 0.501159 0.196464 0.612233
47.000000 0.342574 0.737459 0.157636 0.217959 0.761156 0.501162 0.197037 0.616243
47.200000 0.342526 0.740191 0.158019 0.218675 0.765759 0.501134 0.197676 0.620264
47.400000 0.342330 0.742656 0.158130 0.219706 0.770575 0.501243 0.198215 0.624206
47.600000 0.342404 0.744878 0.158476 0.220250 0.775251 0.501292 0.198820 0.627732
47.800000 0.342256 0.747326 0.158820 0.220915 0.779848 0.501667 0.199712 0.631620
48.000000 0.342190 0.749034 0.159090 0.221780 0.784345 0.501697 0.200124 0.635277
48.200000 0.342006 0.751393 0.159284 0.222355 0.788694 0.501703 0.200676 0.639035
48.400000 0.341997 0.753367 0.159471 0.223302 0.792937 0.501825 0.201217 0.642274
48.600000 0.341911 0.755415 0.159745 0.223939 0.797147 0.501962 0.201839 0.645886
48.800000 0.341863 0.757197 0.159917 0.224725 0.801366 0.502023 0.202473 0.649213
49.000000 0.341730 0.758928 0.160202 0.225512 0.805653 0.502057 0.203004 0.652667
49.200000 0.341660 0.760616 0.160490 0.226001 0.809248 0.502241 0.203513 0.655952
49.400000 0.341604 0.762312 0.160638 0.226814 0.813286 0.502309 0.203871 0.659053
49.600000 0.341501 0.763626 0.160946 0.227438 0.817399 0.502290 0.204572 0.662476
49.800000 0.341592 0.765487 0.161093 0.228080 0.821080 0.502622 0.205151 0.665788
50.000000 0.341197 0.767010 0.161198 0.228823 0.824742 0.502520 0.205587 0.668885
50.200000 0.341267 0.768370 0.161492 0.229547 0.828889 0.502588 0.206298 0.672279
50.400000 0.341061 0.769739 0.161800 0.230224 0.832439 0.502657 0.206823 0.675191
50.600000 0.341096 0.771080 0.161942 0.230745 0.836086 0.502798 0.207309 0.678213
50.800000 0.340927 0.772288 0.162182 0.231490 0.839246 0.503010 0.207774 0.680853
51.000000 0.340880 0.773574 0.162232 0.232021 0.842877 0.502994 0.208215 0.683795
51.200000 0.340758 0.774791 0.162387 0.232998 0.846066 0.503170 0.208832 0.686363
51.400000 0.340725 0.775668 0.162544 0.233441 0.849168 0.503113 0.209326 0.689454
51.600000 0.340567 0.776785 0.162933 0.234048 0.852341 0.503257 0.209879 0.691862
51.800000 0.340475 0.777862 0.163054 0.234655 0.855389 0.503246 0.210161 0.694466
52.000000 0.340332 0.778932 0.163199 0.235266 0.858333 0.503405 0.210717 0.696983
52.200000 0.340018 0.779960 0.163392 0.235754 0.861319 0.503542 0.211286 0.699311
52.400000 0.340179 0.780736 0.163541 0.236455 0.863826 0.503561 0.211608 0.701663
52.600000 0.340002 0.781472 0.163734 0.236982 0.866733 0.503796 0.212026 0.704076
52.800000 0.339897 0.782240 0.163829 0.237672 0.869361 0.503704 0.212273 0.706353
53.000000 0.339822 0.783051 0.163921 0.238139 0.871889 0.503975 0.212799 0.708740
53.200000 0.339703 0.783720 0.164055 0.238618 0.874685 0.504101 0.213203 0.710864
53.400000 0.339801 0.784491 0.164439 0.239257 0.877131 0.504181 0.213625 0.713005
53.600000 0.339620 0.785407 0.164460 0.239720 0.879839 0.504216 0.214183 0.715309
53.800000 0.339654 0.785978 0.164687 0.240047 0.882404 0.504366 0.214643 0.717070
54.000000 0.339507 0.786663 0.164800 0.240750 0.884419 0.504361 0.215020 0.719434
54.200000 0.339385 0.787332 0.164996 0.241437 0.886761 0.504698 0.215397 0.721245
54.400000 0.339267 0.787743 0.165038 0.241709 0.888833 0.504555 0.215911 0.723263
54.600000 0.339306 0.788304 0.165222 0.242416 0.891317 0.504648 0.216248 0.725126
54.800000 0.339336 0.789040 0.165350 0.242797 0.893254 0.504871 0.216628 0.727025
55.000000 0.339112 0.789576 0.165447 0.243419 0.895112 0.504835 0.216934 0.728748
55.200000 0.339004 0.790117 0.165682 0.243900 0.897275 0.505218 0.217317 0.730671
55.400000 0.338993 0.790690 0.165821 0.244155 0.899516 0.505150 0.217866 0.732325
55.600000 0.338884 0.790949 0.165833 0.244884 0.901368 0.505092 0.218048 0.733993
55.800000 0.338803 0.791513 0.165902 0.245268 0.903453 0.505183 0.218408 0.735529
56.000000 0.338675 0.791532 0.166148 0.245787 0.905213 0.505326 0.218664 0.737122
56.200000 0.338629 0.792376 0.165902 0.246366 0.907261 0.505267 0.219210 0.739129
56.400000 0.338440 0.792708 0.166444 0.246658 0.909386 0.505670 0.219519 0.740748
56.600000 0.338553 0.793179 0.166448 0.247293 0.911111 0.505619 0.219891 0.742086
56.800000 0.338385 0.793310 0.166493 0.247551 0.912731 0.505788 0.220050 0.743836
57.000000 0.338180 0.793780 0.166644 0.248145 0.914402 0.505809 0.220506 0.745218
57.200000 0.338437 0.793939 0.166698 0.248709 0.916076 0.505940 0.220767 0.746564
57.400000 0.338149 0.794412 0.166903 0.248950 0.917541 0.505861 0.221224 0.747907
57.600000 0.338129 0.794889 0.166899 0.249308 0.919083 0.506099 0.221327 0.749316
57.800000 0.338090 0.795193 0.166896 0.249842 0.920584 0.505997 0.221459 0.750688
58.000000 0.337839 0.795438 0.167174 0.250140 0.922188 0.506200 0.222070 0.751832
58.200000 0.337992 0.795891 0.167232 0.250582 0.923753 0.506308 0.222451 0.753126
58.400000 0.337905 0.795996 0.167363 0.251053 0.924960 0.506239 0.222748 0.754288
58.600000 0.337890 0.796312 0.167422 0.251616 0.926584 0.506470 0.222992 0.755698
58.800000 0.337794 0.796371 0.167400 0.251780 0.928074 0.506481 0.223216 0.756793
59.000000 0.337734 0.796639 0.167583 0.252275 0.929285 0.506783 0.223687 0.758029
59.200000 0.337669 0.796704 0.167592 0.252613 0.930587 0.506595 0.223793 0.759196
59.400000 0.337610 0.797171 0.167753 0.253037 0.931963 0.506842 0.224083 0.760381
59.600000 0.337468 0.797548 0.167888 0.253321 0.933355 0.506807 0.224330 0.761549
59.800000 0.337444 0.797676 0.167950 0.254013 0.934144 0.506991 0.224602 0.762612
60.000000 0.337347 0.797584 0.168104 0.254211 0.935650 0.506958 0.224822 0.763410
60.200000 0.337087 0.797793 0.168117 0.254436 0.936858 0.506777 0.225054 0.764522
60.400000 0.337179 0.798039 0.168456 0.254846 0.938085 0.507199 0.225271 0.765547
60.600000 0.337107 0.798375 0.168270 0.255314 0.939179 0.507329 0.225614 0.766625
60.800000 0.336995 0.798469 0.168400 0.255694 0.940483 0.507451 0.225685 0.767570
61.000000 0.336869 0.798607 0.168310 0.255953 0.941241 0.507224 0.226176 0.768321
61.200000 0.336900 0.798826 0.168578 0.256497 0.942419 0.507438 0.226307 0.769421
61.400000 0.336861 0.798919 0.168680 0.256895 0.943491 0.507530 0.226616 0.770416
61.600000 0.336863 0.799325 0.168552 0.257173 0.944628 0.507762 0.226880 0.771240
61.800000 0.336723 0.799269 0.168777 0.257461 0.945606 0.507944 0.226834 0.772325
62.000000 0.336722 0.799388 0.168790 0.257773 0.946724 0.546841 0.227355 0.773103
62.200000 0.336615 0.799587 0.168877 0.258313 0.947698 0.508098 0.227408 0.773950
62.400000 0.336579 0.799587 0.169050 0.258628 0.948491 0.507972 0.227839 0.774901
62.600000 0.336427 0.799612 0.169216 0.259047 0.949984 0.508213 0.228093 0.775879
62.800000 0.336375 0.799949 0.169032 0.259360 0.950819 0.508182 0.228202 0.776717
63.000000 0.336322 0.800085 0.169135 0.259615 0.951749 0.508398 0.228282 0.777470
63.200000 0.336150 0.800156 0.169326 0.259939 0.952858 0.508535 0.228665 0.778325
63.400000 0.336139 0.800220 0.169243 0.260409 0.953462 0.508569 0.228877 0.778977
63.600000 0.336100 0.800229 0.169408 0.260503 0.954569 0.508832 0.229120 0.779780
63.800000 0.336061 0.800470 0.169482 0.260791 0.955079 0.508656 0.229237 0.780633
64.000000 0.335982 0.800440 0.169559 0.261298 0.955926 0.508584 0.229456 0.781235
64.200000 0.335835 0.800597 0.169461 0.261644 0.956683 0.508654 0.229530 0.781835
64.400000 0.335838 0.800778 0.169674 0.261844 0.957637 0.509014 0.229936 0.782585
64.600000 0.335769 0.800633 0.170029 0.262200 0.958371 0.509010 0.230037 0.783317
64.800000 0.335658 0.800658 0.169759 0.262440 0.959060 0.508921 0.230241 0.783983
65.000000 0.335437 0.800645 0.169890 0.262727 0.959731 0.509138 0.230390 0.784381
65.200000 0.335336 0.800890 0.169948 0.263062 0.960152 0.509445 0.230626 0.785204
65.400000 0.335358 0.800665 0.169971 0.263237 0.961167 0.509459 0.230778 0.785634
65.600000 0.335241 0.800923 0.170022 0.263798 0.961846 0.509345 0.230884 0.786195
65.800000 0.335230 0.801073 0.169860 0.263920 0.962397 0.509487 0.231041 0.786936
66.000000 0.335189 0.800811 0.170003 0.264192 0.963223 0.509597 0.231265 0.787421
66.200000 0.335127 0.801063 0.170179 0.264553 0.963822 0.509545 0.231327 0.788087
66.400000 0.334950 0.801140 0.170185 0.264700 0.964213 0.509589 0.231420 0.788286
66.600000 0.335049 0.801227 0.170325 0.265004 0.965083 0.509948 0.231636 0.788896
66.800000 0.334708 0.801087 0.170156 0.265295 0.965642 0.509962 0.231565 0.789773
67.000000 0.335077 0.801309 0.170393 0.265646 0.966103 0.509969 0.232060 0.790034
67.200000 0.335072 0.801200 0.170495 0.265731 0.966829 0.510097 0.232101 0.790580
67.400000 0.334997 0.801197 0.170445 0.266061 0.967496 0.510048 0.232333 0.791016
67.600000 0.334638 0.801150 0.170474 0.266125 0.967876 0.510281 0.232469 0.791599
67.800000 0.334928 0.801298 0.170689 0.266473 0.968583 0.510212 0.232506 0.792170
68.000000 0.334904 0.801164 0.170656 0.266773 0.968822 0.510258 0.232656 0.792419
68.200000 0.334790 0.801306 0.170697 0.267108 0.969553 0.510492 0.232886 0.793029
68.400000 0.334845 0.801274 0.170789 0.267476 0.970111 0.510418 0.233057 0.793603
68.600000 0.334827 0.801312 0.170755 0.267515 0.970658 0.510526 0.233295 0.793961
68.800000 0.334758 0.801251 0.170840 0.267879 0.971327 0.510463 0.233201 0.794524
69.000000 0.334722 0.801197 0.170855 0.268040 0.971776 0.510716 0.233581 0.794976
69.200000 0.334772 0.801357 0.170777 0.268338 0.972441 0.510820 0.233705 0.795346
69.400000 0.334509 0.801120 0.170944 0.268568 0.973034 0.510784 0.233707 0.795825
69.600000 0.334660 0.801522 0.171038 0.268875 0.973207 0.511084 0.233809 0.796247
69.800000 0.334738 0.801501 0.170916 0.269091 0.973742 0.511048 0.233998 0.796723
70.000000 0.334532 0.801351 0.171101 0.269381 0.974313 0.511124 0.233923 0.796815
70.200000 0.334552 0.801294 0.171315 0.269588 0.974554 0.511279 0.234281 0.797325
70.400000 0.334490 0.801498 0.171310 0.269730 0.974894 0.511192 0.234292 0.797652
70.600000 0.334455 0.801465 0.171295 0.269930 0.975602 0.511391 0.234237 0.798155
70.800000 0.334339 0.801142 0.171133 0.270318 0.975676 0.511444 0.234512 0.798464
71.000000 0.334395 0.801469 0.171334 0.270510 0.976393 0.511608 0.234427 0.798941
71.200000 0.334259 0.801385 0.171233 0.270790 0.976814 0.511480 0.234735 0.799245
71.400000 0.334212 0.801365 0.171393 0.270983 0.977311 0.511648 0.234808 0.799537
71.600000 0.334026 0.801266 0.171394 0.271048 0.977531 0.511775 0.234886 0.799639
71.800000 0.334110 0.801662 0.171371 0.271419 0.978199 0.512004 0.234990 0.800252
72.000000 0.333948 0.801828 0.171639 0.271687 0.978521 0.512046 0.235159 0.800675
72.200000 0.333937 0.801411 0.171551 0.271668 0.978620 0.511783 0.235234 0.800915
72.400000 0.333981 0.801251 0.171596 0.272026 0.979210 0.512005 0.235307 0.801351
72.600000 0.333844 0.801253 0.171794 0.272460 0.979605 0.512222 0.235409 0.801407
72.800000 0.333570 0.801346 0.171527 0.272424 0.979855 0.512284 0.235508 0.801761
73.000000 0.333668 0.801528 0.171770 0.272691 0.980159 0.512269 0.235614 0.802295
73.200000 0.333411 0.801154 0.171745 0.272857 0.980508 0.512339 0.235636 0.802739
73.400000 0.333511 0.801292 0.171793 0.273043 0.980820 0.512270 0.235655 0.802674
73.600000 0.333489 0.801374 0.171910 0.272994 0.980904 0.512420 0.235860 0.802999
73.800000 0.333265 0.801182 0.171577 0.273161 0.981201 0.512670 0.235767 0.803292
74.000000 0.333325 0.801159 0.171950 0.273448 0.981573 0.512680 0.236002 0.803481
74.200000 0.333404 0.801105 0.171865 0.273853 0.981941 0.512565 0.235912 0.803688
74.400000 0.333347 0.801134 0.171873 0.274111 0.982255 0.512811 0.236139 0.803961
74.600000 0.333247 0.801138 0.172021 0.274072 0.982686 0.512905 0.236185 0.804354
74.800000 0.333418 0.801241 0.172061 0.274373 0.983002 0.512925 0.236431 0.804710
75.000000 0.333475 0.801135 0.172142 0.274763 0.983474 0.513210 0.236480 0.805004
75.200000 0.333486 0.801287 0.172247 0.274870 0.983506 0.512992 0.236491 0.805139
75.400000 0.333556 0.801159 0.172165 0.275164 0.983980 0.513095 0.236602 0.805470
75.600000 0.333261 0.801168 0.172153 0.275381 0.984181 0.513229 0.236565 0.805644
75.800000 0.333368 0.801212 0.172154 0.275723 0.984364 0.513179 0.236706 0.805744
76.000000 0.333378 0.801146 0.172161 0.275726 0.984661 0.513396 0.236796 0.806254
76.200000 0.333383 0.801200 0.172237 0.275753 0.984851 0.513339 0.236900 0.806397
76.400000 0.333312 0.801063 0.172333 0.276050 0.985232 0.513687 0.236924 0.806812
76.600000 0.333272 0.801039 0.172377 0.276319 0.985462 0.513527 0.237003 0.806558
76.800000 0.333246 0.800993 0.172414 0.276362 0.985758 0.513519 0.237113 0.806888
77.000000 0.333104 0.800995 0.172380 0.276549 0.985965 0.513743 0.237109 0.807308
77.200000 0.333104 0.800799 0.172378 0.276597 0.986468 0.513881 0.237159 0.807324
77.400000 0.333186 0.800805 0.172553 0.276918 0.986611 0.513832 0.237123 0.807761
77.600000 0.333142 0.800821 0.172484 0.277228 0.986794 0.513999 0.237328 0.807951
77.800000 0.333172 0.801091 0.172563 0.277232 0.987074 0.514063 0.237389 0.808159
78.000000 0.333106 0.801033 0.172467 0.277613 0.987330 0.513959 0.237307 0.808332
78.200000 0.333082 0.801050 0.172595 0.277708 0.987610 0.514158 0.237534 0.808488
78.400000 0.333079 0.800996 0.172625 0.277778 0.987588 0.514104 0.237675 0.808783
78.600000 0.333043 0.800935 0.172728 0.277821 0.987867 0.514360 0.237547 0.808888
78.800000 0.332974 0.800966 0.172819 0.278108 0.988243 0.514454 0.237653 0.809157
79.000000 0.332957 0.800923 0.172719 0.278435 0.988317 0.514445 0.237626 0.809253
79.200000 0.333089 0.800806 0.172832 0.278466 0.988482 0.514422 0.237671 0.809441
79.400000 0.332832 0.801036 0.172517 0.278567 0.988718 0.514324 0.237777 0.809488
79.600000 0.332924 0.801060 0.172806 0.278842 0.989053 0.514461 0.237841 0.809892
79.800000 0.332649 0.801211 0.172761 0.278986 0.989159 0.514577 0.237923 0.809987
80.000000 0.332758 0.801056 0.172977 0.279082 0.989530 0.514775 0.238031 0.810139
80.200000 0.332671 0.800994 0.172987 0.279267 0.989835 0.514852 0.238026 0.810296
80.400000 0.332660 0.800819 0.172844 0.279375 0.989675 0.514794 0.237898 0.810412
80.600000 0.332858 0.801108 0.173020 0.279595 0.990055 0.515135 0.237901 0.810701
80.800000 0.332755 0.800999 0.172951 0.279706 0.990387 0.515084 0.238260 0.811117
81.000000 0.332532 0.800988 0.173095 0.279869 0.990406 0.514988 0.238317 0.811080
81.200000 0.332379 0.800969 0.173106 0.279908 0.990507 0.515110 0.238321 0.811236
81.400000 0.332710 0.801203 0.173184 0.280278 0.990782 0.515219 0.238190 0.811411
81.600000 0.332789 0.800982 0.173147 0.280368 0.990990 0.515168 0.238644 0.811479
81.800000 0.332742 0.801025 0.173125 0.280471 0.991309 0.515437 0.238406 0.811833
82.000000 0.332678 0.801060 0.173152 0.280538 0.991463 0.515014 0.238217 0.811973
82.200000 0.332690 0.801054 0.173324 0.280660 0.991368 0.515341 0.238460 0.812042
82.400000 0.332606 0.800951 0.173124 0.280776 0.991610 0.515451 0.238640 0.812273
82.600000 0.332629 0.800950 0.173277 0.281171 0.992121 0.515478 0.238218 0.812298
82.800000 0.332391 0.800964 0.173290 0.281069 0.991934 0.515698 0.238497 0.812432
83.000000 0.332375 0.800979 0.173258 0.281403 0.992165 0.515687 0.238609 0.812631
83.200000 0.332348 0.801197 0.173323 0.281464 0.992535 0.515813 0.238797 0.812928
83.400000 0.332439 0.801126 0.173366 0.281669 0.992603 0.516030 0.238678 0.812917
83.600000 0.332311 0.800941 0.173348 0.281743 0.992718 0.515966 0.238675 0.813136
83.800000 0.332036 0.800917 0.173301 0.281708 0.992770 0.515913 0.238647 0.813138
84.000000 0.332265 0.800939 0.173223 0.281992 0.992892 0.515930 0.238683 0.813247
84.200000 0.332227 0.801085 0.173195 0.282111 0.992995 0.516177 0.238763 0.813322
84.400000 0.332062 0.801180 0.173491 0.282226 0.992963 0.516260 0.238655 0.813457
84.600000 0.332145 0.800921 0.173584 0.282550 0.993391 0.516061 0.238797 0.813580
84.800000 0.332097 0.801072 0.173484 0.282560 0.993198 0.516334 0.238695 0.813651
85.000000 0.332078 0.801013 0.173549 0.282696 0.993527 0.516270 0.238830 0.813835
85.200000 0.331984 0.800837 0.173230 0.282772 0.993758 0.516405 0.238884 0.813855
85.400000 0.332156 0.801007 0.173716 0.282779 0.994091 0.516421 0.238842 0.814082
85.600000 0.331900 0.800993 0.173588 0.282946 0.993672 0.516402 0.238916 0.814165
85.800000 0.331903 0.800834 0.173628 0.283176 0.994299 0.516445 0.238899 0.814477
86.000000 0.331867 0.800823 0.173568 0.283286 0.994151 0.516515 0.239045 0.814504
86.200000 0.331825 0.800800 0.173662 0.283389 0.994325 0.516709 0.238971 0.814532
86.400000 0.331824 0.800982 0.173630 0.283558 0.994521 0.516566 0.238882 0.814810
86.600000 0.331756 0.800922 0.173666 0.283663 0.994630 0.516886 0.239102 0.815014
86.800000 0.331605 0.800901 0.173741 0.283759 0.994580 0.516855 0.238958 0.814962
87.000000 0.331737 0.800840 0.173737 0.283845 0.994724 0.516832 0.239177 0.815112
87.200000 0.331560 0.800473 0.173554 0.284003 0.994598 0.516901 0.239032 0.814880
87.400000 0.331637 0.800656 0.173669 0.284162 0.994902 0.517072 0.239152 0.815150
87.600000 0.331445 0.800518 0.173809 0.284112 0.995071 0.517192 0.239192 0.815145
87.800000 0.331625 0.800573 0.173668 0.284338 0.995215 0.517258 0.239238 0.815297
88.000000 0.331449 0.800506 0.173770 0.284438 0.995305 0.517148 0.239272 0.815486
88.200000 0.331441 0.800499 0.173852 0.284304 0.995331 0.517354 0.239130 0.815500
88.400000 0.331460 0.800573 0.173724 0.284587 0.995429 0.517424 0.239253 0.815626
88.600000 0.331517 0.800392 0.173886 0.284805 0.995350 0.517433 0.239404 0.815854
88.800000 0.331519 0.800530 0.174100 0.284994 0.995846 0.517516 0.239304 0.815858
89.000000 0.331460 0.800534 0.173800 0.285112 0.995891 0.517485 0.239277 0.816017
89.200000 0.331383 0.800035 0.173970 0.285164 0.995880 0.517481 0.239388 0.815744
89.400000 0.331274 0.800178 0.174090 0.285149 0.995880 0.517467 0.239389 0.815970
89.600000 0.331382 0.800189 0.173974 0.285291 0.995866 0.517725 0.239301 0.816112
89.800000 0.331409 0.800331 0.173849 0.285357 0.996089 0.517592 0.239266 0.816128
90.000000 0.331315 0.800274 0.174048 0.285515 0.996076 0.517592 0.239351 0.816205
