0.200000 0.278940 0.431716 0.232781 0.258082 0.433773 0.477030 0.248382 0.378532
0.400000 0.278857 0.430112 0.232641 0.257584 0.431188 0.476624 0.248122 0.376387
0.600000 0.278862 0.429723 0.232689 0.257580 0.430462 0.476741 0.247991 0.376036
0.800000 0.278861 0.429561 0.232619 0.257716 0.429968 0.476829 0.247970 0.375723
1.000000 0.278903 0.429170 0.232701 0.257624 0.429521 0.476921 0.248029 0.375362
1.200000 0.278652 0.428827 0.232601 0.257587 0.428837 0.476732 0.247821 0.375037
1.400000 0.278741 0.428661 0.232547 0.257499 0.428324 0.476778 0.248094 0.374540
1.600000 0.278711 0.428617 0.232572 0.257444 0.427689 0.476673 0.247947 0.374149
1.800000 0.278675 0.428313 0.232468 0.257563 0.427284 0.476595 0.247906 0.373868
2.000000 0.278664 0.427821 0.232331 0.257356 0.426751 0.476686 0.247885 0.373369
2.200000 0.278598 0.427650 0.232533 0.257319 0.426187 0.476560 0.247791 0.372898
2.400000 0.278580 0.427298 0.232634 0.257178 0.425687 0.476663 0.247936 0.372548
2.600000 0.278485 0.427070 0.232416 0.257098 0.425113 0.476531 0.247837 0.372055
2.800000 0.278513 0.426865 0.232609 0.257059 0.424685 0.476550 0.247674 0.371797
3.000000 0.278478 0.426744 0.232448 0.257028 0.424149 0.476601 0.247628 0.371425
3.200000 0.278454 0.426461 0.232449 0.256906 0.423655 0.476477 0.247701 0.371057
3.400000 0.278324 0.426295 0.232395 0.256732 0.423090 0.476410 0.247641 0.370776
3.600000 0.278388 0.425578 0.232545 0.256893 0.422602 0.476393 0.247704 0.370344
3.800000 0.278202 0.425853 0.232692 0.256726 0.422083 0.476478 0.247587 0.370008
4.000000 0.278351 0.425294 0.232432 0.256468 0.421502 0.476518 0.247635 0.369573
4.200000 0.278246 0.425214 0.232531 0.256581 0.421097 0.476430 0.247582 0.369214
4.400000 0.278339 0.424876 0.232695 0.256773 0.420626 0.476409 0.247352 0.368704
4.600000 0.278260 0.424508 0.232497 0.256558 0.420193 0.476364 0.247591 0.368347
4.800000 0.278239 0.424407 0.232415 0.256361 0.419465 0.476254 0.247647 0.368127
5.000000 0.278237 0.424287 0.232689 0.256624 0.419103 0.476238 0.247447 0.367870
5.200000 0.278184 0.423970 0.232502 0.256426 0.418492 0.476304 0.247356 0.367339
5.400000 0.278152 0.423714 0.232498 0.256441 0.418128 0.476313 0.247395 0.366913
5.600000 0.278017 0.423311 0.232471 0.256367 0.417764 0.476269 0.247439 0.366738
5.800000 0.278086 0.423185 0.232505 0.256269 0.416970 0.476140 0.247434 0.366362
6.000000 0.278069 0.422877 0.232525 0.256115 0.416504 0.476148 0.247393 0.365768
6.200000 0.277925 0.422738 0.232503 0.256112 0.416142 0.476185 0.247312 0.365549
6.400000 0.277876 0.422447 0.232430 0.256119 0.415578 0.476077 0.247239 0.365192
6.600000 0.277967 0.422413 0.232513 0.256093 0.414949 0.476172 0.247240 0.364918
6.800000 0.277958 0.422048 0.232673 0.255936 0.414596 0.476207 0.247325 0.364395
7.000000 0.277956 0.421755 0.232532 0.255966 0.414031 0.476208 0.247068 0.364003
7.200000 0.277966 0.421680 0.232394 0.255854 0.413688 0.476206 0.247167 0.363821
7.400000 0.277879 0.421358 0.232484 0.255876 0.413249 0.476131 0.247092 0.363452
7.600000 0.277837 0.421015 0.232464 0.255798 0.412666 0.476202 0.247016 0.362878
7.800000 0.277843 0.420929 0.232485 0.255593 0.412272 0.475973 0.247062 0.362796
8.000000 0.277815 0.420511 0.232438 0.255630 0.411831 0.475971 0.247183 0.362326
8.200000 0.277712 0.420407 0.232402 0.255639 0.411362 0.475994 0.246916 0.362212
8.400000 0.277858 0.420144 0.232403 0.255670 0.410835 0.475954 0.247000 0.361775
8.600000 0.277580 0.419974 0.232492 0.255562 0.410240 0.475813 0.246917 0.361355
8.800000 0.277681 0.419695 0.232421 0.255447 0.409865 0.475977 0.246906 0.361108
9.000000 0.277625 0.419571 0.232363 0.255281 0.409524 0.475862 0.246875 0.360802
9.200000 0.277624 0.419183 0.232364 0.255374 0.408940 0.475721 0.246785 0.360292
9.400000 0.277414 0.419187 0.232363 0.255384 0.408623 0.475843 0.246854 0.360132
9.600000 0.277549 0.419117 0.232347 0.255210 0.408120 0.476056 0.246755 0.359660
9.800000 0.277405 0.418819 0.232275 0.255184 0.407645 0.475894 0.246810 0.359443
10.000000 0.277479 0.418667 0.232327 0.255053 0.407358 0.475841 0.246594 0.359096
10.200000 0.277513 0.418363 0.232344 0.255093 0.406765 0.475802 0.246692 0.358782
10.400000 0.277459 0.418083 0.232345 0.254856 0.406409 0.475786 0.246701 0.358424
10.600000 0.277457 0.417663 0.232256 0.255107 0.405959 0.475739 0.246669 0.358378
10.800000 0.277426 0.417733 0.232254 0.254961 0.405524 0.475689 0.246612 0.357873
11.000000 0.277392 0.417515 0.232307 0.254920 0.405086 0.475705 0.246539 0.357390
11.200000 0.277350 0.417314 0.232338 0.254872 0.404406 0.475673 0.246516 0.357327
11.400000 0.277345 0.416945 0.232281 0.254671 0.404224 0.475580 0.246478 0.356775
11.600000 0.277337 0.416725 0.232054 0.254779 0.403642 0.475475 0.246526 0.356541
11.800000 0.277275 0.416815 0.232202 0.254606 0.403335 0.475490 0.246568 0.356197
12.000000 0.277265 0.416488 0.232256 0.254591 0.402910 0.475524 0.246354 0.355962
12.200000 0.277211 0.416307 0.232238 0.254611 0.402430 0.475436 0.246335 0.355681
12.400000 0.277173 0.415918 0.232365 0.254312 0.402027 0.475374 0.246174 0.355338
12.600000 0.277184 0.415899 0.232142 0.254466 0.401641 0.475403 0.246338 0.355012
12.800000 0.276976 0.415601 0.232205 0.254459 0.401283 0.475339 0.246349 0.354713
13.000000 0.276971 0.415375 0.232146 0.254197 0.400838 0.475367 0.246156 0.354364
13.200000 0.277079 0.415271 0.232161 0.254288 0.400262 0.475345 0.246170 0.354149
13.400000 0.277045 0.415112 0.232151 0.254105 0.400000 0.475180 0.246125 0.353786
13.600000 0.277000 0.414907 0.231971 0.254170 0.399594 0.475273 0.245972 0.353658
13.800000 0.276968 0.414795 0.232139 0.254194 0.399440 0.475315 0.246006 0.353357
14.000000 0.276991 0.414438 0.232106 0.254096 0.398933 0.475295 0.246100 0.353044
14.200000 0.276980 0.414467 0.232120 0.254132 0.398577 0.475284 0.246054 0.352548
14.400000 0.276911 0.414128 0.232106 0.253933 0.398234 0.475147 0.246100 0.352331
14.600000 0.276882 0.414109 0.232140 0.254038 0.397909 0.475024 0.245959 0.352225
14.800000 0.276825 0.413725 0.231972 0.254030 0.397472 0.475065 0.245906 0.351873
15.000000 0.276457 0.413625 0.232034 0.253868 0.397017 0.475400 0.245913 0.351754
15.200000 0.276852 0.413590 0.232138 0.253827 0.396755 0.475065 0.246049 0.351543
15.400000 0.276530 0.413182 0.231732 0.253581 0.396218 0.474944 0.245715 0.350971
15.600000 0.276602 0.412949 0.231932 0.253369 0.395683 0.474703 0.245653 0.350644
15.800000 0.276563 0.412679 0.231871 0.253469 0.395465 0.474791 0.245615 0.350472
16.000000 0.276698 0.412821 0.231976 0.253518 0.395131 0.474913 0.245786 0.350261
16.200000 0.276637 0.412633 0.232016 0.253461 0.394718 0.474854 0.245776 0.349972
16.400000 0.276725 0.412388 0.231984 0.253526 0.394409 0.475025 0.245760 0.349867
16.600000 0.276522 0.412307 0.231956 0.253361 0.394051 0.474929 0.245699 0.349389
16.800000 0.276731 0.412185 0.231997 0.253747 0.393786 0.474930 0.245568 0.349225
17.000000 0.276621 0.411879 0.232000 0.253429 0.393523 0.474933 0.245638 0.348898
17.200000 0.276620 0.411820 0.231947 0.253398 0.393003 0.474899 0.245593 0.348795
17.400000 0.276593 0.411738 0.232067 0.253241 0.392653 0.474769 0.245534 0.348425
17.600000 0.276548 0.411416 0.231786 0.253044 0.392278 0.474775 0.245618 0.348170
17.800000 0.276518 0.411304 0.231822 0.253187 0.391985 0.474767 0.245228 0.348036
18.000000 0.276484 0.411211 0.232070 0.253012 0.391679 0.474710 0.245537 0.347644
18.200000 0.276376 0.411063 0.232117 0.253074 0.391304 0.474778 0.245504 0.347222
18.400000 0.276470 0.410894 0.231914 0.253066 0.390595 0.474550 0.245461 0.347013
18.600000 0.276420 0.410747 0.231792 0.253070 0.390396 0.474718 0.245388 0.346811
18.800000 0.276432 0.410609 0.231878 0.252956 0.390139 0.474604 0.245368 0.346554
19.000000 0.276391 0.410403 0.231906 0.252982 0.389749 0.474692 0.245290 0.346330
19.200000 0.276376 0.410141 0.231929 0.252715 0.389312 0.474697 0.245288 0.346021
19.400000 0.276444 0.409887 0.231904 0.252840 0.388972 0.474695 0.245335 0.345860
19.600000 0.276197 0.409704 0.232077 0.252717 0.388672 0.474641 0.245416 0.345563
19.800000 0.276274 0.409573 0.231866 0.252665 0.388347 0.474554 0.245242 0.345444
20.000000 0.276302 0.409510 0.231915 0.252751 0.388316 0.474449 0.245206 0.345141
20.200000 0.276265 0.409388 0.231869 0.252743 0.387833 0.474433 0.245150 0.344716
20.400000 0.276235 0.409166 0.231836 0.252601 0.387479 0.474641 0.245057 0.344583
20.600000 0.276197 0.408976 0.231742 0.252576 0.387216 0.474498 0.245157 0.344391
20.800000 0.276192 0.408878 0.231745 0.252593 0.386919 0.474475 0.245017 0.344166
21.000000 0.276206 0.408768 0.231702 0.252481 0.386487 0.474502 0.245157 0.343916
21.200000 0.276137 0.408758 0.231920 0.252495 0.386146 0.474469 0.244972 0.343460
21.400000 0.276060 0.408469 0.231830 0.252469 0.385872 0.474384 0.245044 0.343437
21.600000 0.276128 0.408199 0.231878 0.252365 0.385560 0.474318 0.244980 0.343202
21.800000 0.276098 0.408173 0.231828 0.252487 0.385203 0.474296 0.244995 0.342978
22.000000 0.276058 0.407906 0.231658 0.252498 0.384932 0.474292 0.244940 0.342570
22.200000 0.275911 0.407879 0.231815 0.252111 0.384441 0.474363 0.244969 0.342421
22.400000 0.276124 0.407761 0.231636 0.252082 0.384319 0.474099 0.244784 0.342226
22.600000 0.276025 0.407581 0.231763 0.252309 0.383995 0.474196 0.244603 0.342085
22.800000 0.275888 0.407544 0.231819 0.252154 0.383591 0.474262 0.244756 0.341817
23.000000 0.275998 0.407407 0.231660 0.252156 0.383307 0.474303 0.244870 0.341621
23.200000 0.275959 0.407134 0.231637 0.252039 0.382919 0.474221 0.244797 0.341393
23.400000 0.275963 0.407088 0.231617 0.252010 0.382717 0.474205 0.244795 0.341181
23.600000 0.275921 0.406933 0.231695 0.251838 0.382314 0.473961 0.244891 0.340879
23.800000 0.276029 0.406730 0.231743 0.251973 0.382057 0.474106 0.244712 0.340736
24.000000 0.275922 0.406612 0.231670 0.251905 0.381827 0.473719 0.244705 0.340478
24.200000 0.275835 0.406466 0.231491 0.251826 0.381419 0.474082 0.244676 0.340234
24.400000 0.275852 0.406065 0.231709 0.251659 0.381224 0.474027 0.244742 0.340081
24.600000 0.275785 0.406138 0.231479 0.251778 0.380850 0.473979 0.244453 0.339743
24.800000 0.275663 0.406020 0.231591 0.251677 0.380548 0.474018 0.244558 0.339391
25.000000 0.275740 0.405893 0.231567 0.251696 0.380397 0.473841 0.244536 0.339257
25.200000 0.275877 0.405794 0.231698 0.251641 0.380060 0.474027 0.244576 0.339159
25.400000 0.275689 0.405688 0.231696 0.251641 0.379640 0.473905 0.244487 0.338829
25.600000 0.275704 0.405558 0.231478 0.251513 0.379378 0.473911 0.244510 0.338689
25.800000 0.275695 0.405293 0.231529 0.251539 0.379149 0.473786 0.244574 0.338573
26.000000 0.275632 0.404996 0.231587 0.251474 0.378844 0.473666 0.244341 0.338219
26.200000 0.275647 0.405015 0.231686 0.251461 0.378498 0.473819 0.244375 0.337862
26.400000 0.275656 0.405072 0.231750 0.251418 0.378388 0.473805 0.244431 0.337855
26.600000 0.275639 0.404867 0.231621 0.251436 0.377819 0.473782 0.244206 0.337526
26.800000 0.275562 0.404810 0.231659 0.251338 0.377634 0.473811 0.244173 0.337511
27.000000 0.275655 0.404587 0.231484 0.251305 0.377430 0.473697 0.244287 0.337180
27.200000 0.275468 0.404400 0.231478 0.251219 0.377125 0.473622 0.244167 0.336850
27.400000 0.275323 0.404415 0.231711 0.251205 0.376863 0.473531 0.244055 0.336657
27.600000 0.275498 0.403887 0.231573 0.251076 0.376505 0.473679 0.244034 0.336517
27.800000 0.275434 0.403956 0.231613 0.251151 0.376211 0.473483 0.244182 0.336357
28.000000 0.275489 0.403854 0.231626 0.251057 0.375740 0.473464 0.243979 0.336007
28.200000 0.275329 0.403814 0.231571 0.251082 0.375804 0.473544 0.244129 0.335913
28.400000 0.275446 0.403695 0.231574 0.251154 0.375228 0.473570 0.244057 0.335766
28.600000 0.275294 0.403507 0.231562 0.250864 0.375064 0.473539 0.244097 0.335565
28.800000 0.275295 0.403527 0.231561 0.250899 0.374907 0.473557 0.244131 0.335241
29.000000 0.275388 0.403166 0.231378 0.250939 0.374327 0.473513 0.244132 0.335202
29.200000 0.275494 0.403221 0.231573 0.250978 0.374416 0.473585 0.244042 0.335004
29.400000 0.275419 0.403003 0.231469 0.250731 0.373978 0.473282 0.244039 0.334830
29.600000 0.275317 0.402874 0.231572 0.250919 0.373815 0.473513 0.243873 0.334611
29.800000 0.275321 0.402809 0.231553 0.250702 0.373639 0.473393 0.243940 0.334371
30.000000 0.275417 0.402699 0.231424 0.250699 0.373377 0.473346 0.244077 0.334221
30.200000 0.275117 0.402557 0.231541 0.250767 0.372813 0.473141 0.243744 0.333822
30.400000 0.275263 0.402504 0.231420 0.250686 0.372684 0.473213 0.243866 0.333822
30.600000 0.275344 0.402253 0.231761 0.250686 0.372362 0.473355 0.243937 0.333628
30.800000 0.276476 0.402328 0.231484 0.250643 0.372058 0.473461 0.243951 0.333349
31.000000 0.277743 0.402218 0.231368 0.250608 0.371637 0.473262 0.243690 0.333130
31.200000 0.279732 0.401959 0.231487 0.250475 0.371304 0.473249 0.243983 0.333033
31.400000 0.282306 0.401510 0.231411 0.250475 0.371339 0.473309 0.243520 0.332823
31.600000 0.285810 0.401709 0.231571 0.250582 0.371293 0.473294 0.243823 0.332750
31.800000 0.290270 0.401695 0.231401 0.250623 0.371307 0.473255 0.243806 0.332747
32.000000 0.295059 0.401517 0.231483 0.250583 0.371386 0.473200 0.243689 0.332847
32.200000 0.300103 0.401512 0.231180 0.250648 0.371373 0.472893 0.243768 0.332994
32.400000 0.305235 0.401599 0.231546 0.250758 0.371962 0.473220 0.243792 0.333236
32.600000 0.310428 0.401555 0.231618 0.250415 0.372531 0.473235 0.243598 0.333685
32.800000 0.315579 0.401831 0.231661 0.250991 0.373254 0.473259 0.243977 0.334051
33.000000 0.320551 0.401917 0.231717 0.251073 0.374354 0.473253 0.243830 0.335041
33.200000 0.325229 0.402164 0.231760 0.251116 0.375547 0.473270 0.243695 0.335889
33.400000 0.329581 0.403012 0.231746 0.251467 0.377199 0.473277 0.243931 0.336959
33.600000 0.333704 0.403723 0.231721 0.251887 0.378708 0.472958 0.243458 0.338209
33.800000 0.337452 0.404621 0.231929 0.252100 0.380994 0.473320 0.243946 0.339515
34.000000 0.340859 0.405763 0.231832 0.252431 0.383116 0.473327 0.244030 0.341227
34.200000 0.343968 0.407014 0.231840 0.252828 0.385661 0.473300 0.244030 0.342967
34.400000 0.346879 0.408742 0.231841 0.253381 0.388305 0.473320 0.244105 0.344703
34.600000 0.349495 0.410485 0.231976 0.253709 0.391177 0.473344 0.244265 0.346837
34.800000 0.351963 0.412880 0.232080 0.254330 0.394237 0.473222 0.244176 0.349048
35.000000 0.354165 0.415067 0.232216 0.254766 0.397508 0.473252 0.244212 0.312609
35.200000 0.356208 0.417660 0.232088 0.255139 0.401045 0.473214 0.244287 0.354059
35.400000 0.358032 0.420456 0.232371 0.255886 0.404604 0.473437 0.244411 0.356589
35.600000 0.359620 0.423644 0.232168 0.256472 0.408201 0.473426 0.244501 0.359079
35.800000 0.361247 0.426983 0.232104 0.257224 0.412046 0.473478 0.244467 0.361797
36.000000 0.362427 0.430301 0.232542 0.257666 0.415659 0.473346 0.244308 0.364621
36.200000 0.363669 0.434197 0.232617 0.258074 0.419676 0.473472 0.244467 0.367523
36.400000 0.364989 0.438202 0.232622 0.258849 0.423937 0.473333 0.244704 0.370507
36.600000 0.365952 0.442427 0.232798 0.259504 0.428163 0.473521 0.244703 0.373545
36.800000 0.366867 0.447089 0.232748 0.260032 0.432982 0.473583 0.244844 0.377478
37.000000 0.368240 0.453659 0.232993 0.260981 0.439218 0.473684 0.245025 0.381510
37.200000 0.369060 0.458612 0.233135 0.261619 0.443829 0.473682 0.245005 0.385042
37.400000 0.369847 0.463959 0.232891 0.262055 0.448469 0.473513 0.244940 0.388542
37.600000 0.370522 0.468983 0.233021 0.262666 0.453411 0.473719 0.245127 0.392068
37.800000 0.371237 0.474621 0.233149 0.263228 0.458521 0.473918 0.245161 0.395755
38.000000 0.371850 0.480091 0.233271 0.263739 0.463391 0.473891 0.245244 0.399554
38.200000 0.372422 0.485889 0.233250 0.264389 0.468666 0.473915 0.245261 0.403391
38.400000 0.372967 0.491774 0.233423 0.265003 0.473911 0.473846 0.245431 0.407170
38.600000 0.373421 0.497867 0.233475 0.265501 0.479077 0.473931 0.245519 0.411205
38.800000 0.373936 0.503828 0.233496 0.266005 0.484489 0.473802 0.245576 0.415152
39.000000 0.374206 0.509799 0.233614 0.266476 0.489808 0.474036 0.245662 0.419134
39.200000 0.374726 0.516112 0.233755 0.267118 0.495480 0.473998 0.245717 0.423083
39.400000 0.375121 0.522392 0.233846 0.267678 0.501042 0.474027 0.245834 0.427246
39.600000 0.375401 0.528680 0.233871 0.268313 0.506679 0.474214 0.245823 0.431585
39.800000 0.375756 0.535089 0.233931 0.268750 0.512517 0.473982 0.246033 0.435720
40.000000 0.376026 0.541480 0.234005 0.269267 0.518293 0.474234 0.246003 0.439968
40.200000 0.376405 0.548247 0.234100 0.269786 0.524409 0.474221 0.246211 0.444725
40.400000 0.376583 0.554761 0.233919 0.270326 0.530235 0.474212 0.246148 0.449120
40.600000 0.376806 0.561094 0.234227 0.270759 0.536345 0.474377 0.246409 0.453593
40.800000 0.377159 0.567840 0.234329 0.271338 0.542229 0.474471 0.246496 0.457989
41.000000 0.377494 0.574203 0.234345 0.271860 0.548473 0.474426 0.246590 0.462593
41.200000 0.377517 0.580573 0.234420 0.272222 0.554572 0.474302 0.246693 0.467142
41.400000 0.377777 0.587261 0.234659 0.272912 0.560702 0.474677 0.246781 0.471731
41.600000 0.377881 0.593526 0.234542 0.273358 0.567007 0.474662 0.246747 0.476329
41.800000 0.378149 0.599679 0.234581 0.273857 0.573148 0.474699 0.246925 0.480917
42.000000 0.378252 0.606124 0.234621 0.274358 0.579385 0.474569 0.247074 0.485528
42.200000 0.378422 0.612401 0.234945 0.274874 0.585766 0.474750 0.247043 0.490018
42.400000 0.378650 0.618290 0.234794 0.275331 0.592162 0.474842 0.247304 0.494738
42.600000 0.378754 0.624459 0.234948 0.275797 0.598401 0.474573 0.247416 0.499408
42.800000 0.378809 0.630076 0.234965 0.276089 0.604615 0.474763 0.247492 0.503952
43.000000 0.378991 0.636277 0.234721 0.276929 0.611085 0.474904 0.247547 0.508632
43.200000 0.378916 0.641797 0.234978 0.277234 0.617432 0.475276 0.247788 0.513744
43.400000 0.379195 0.649389 0.235036 0.277755 0.625494 0.475082 0.247700 0.519198
43.600000 0.379280 0.654773 0.235401 0.278357 0.631751 0.475085 0.247939 0.523905
43.800000 0.379386 0.660184 0.235234 0.278862 0.638266 0.475061 0.247949 0.528281
44.000000 0.379503 0.665298 0.235334 0.279211 0.644459 0.475218 0.248101 0.532906
44.200000 0.379517 0.670744 0.235428 0.279645 0.650910 0.475238 0.248154 0.537695
44.400000 0.379666 0.675491 0.235551 0.280066 0.657208 0.475286 0.248334 0.542234
44.600000 0.379702 0.680286 0.235488 0.280502 0.663399 0.475189 0.248451 0.546845
44.800000 0.379733 0.685166 0.235592 0.280811 0.669543 0.475595 0.248655 0.551251
45.000000 0.379897 0.690002 0.235615 0.281522 0.675839 0.475512 0.248642 0.555685
45.200000 0.379802 0.694204 0.235713 0.281942 0.681881 0.475331 0.248681 0.560284
45.400000 0.379987 0.698666 0.235630 0.282276 0.688101 0.475507 0.248784 0.564674
45.600000 0.380172 0.702957 0.235785 0.282735 0.694048 0.475760 0.248882 0.569044
45.800000 0.380021 0.706869 0.235785 0.282973 0.700020 0.475730 0.248937 0.573575
46.000000 0.380201 0.710768 0.235969 0.283497 0.706057 0.475712 0.249164 0.577899
46.200000 0.380068 0.714684 0.235772 0.283910 0.711851 0.475622 0.249292 0.582371
46.400000 0.380144 0.718395 0.235953 0.284253 0.717848 0.475687 0.249323 0.586665
46.600000 0.380213 0.722125 0.236155 0.284697 0.723783 0.475829 0.249513 0.590860
46.800000 0.380279 0.725492 0.236120 0.285137 0.729496 0.475980 0.249633 0.595221
47.000000 0.380245 0.728740 0.236284 0.285471 0.735150 0.475971 0.249690 0.599324
47.200000 0.380096 0.732053 0.236237 0.285916 0.740517 0.476044 0.249655 0.603516
47.400000 0.380262 0.735076 0.236209 0.286138 0.746177 0.475985 0.249915 0.607742
47.600000 0.380271 0.737969 0.236314 0.286642 0.751512 0.476179 0.250005 0.611619
47.800000 0.380538 0.740754 0.236239 0.286866 0.757130 0.476086 0.250058 0.615816
48.000000 0.380489 0.743590 0.236278 0.287411 0.762198 0.476369 0.250183 0.619773
48.200000 0.380453 0.746311 0.236496 0.287746 0.767589 0.476098 0.250123 0.623648
48.400000 0.380617 0.748813 0.236588 0.288196 0.772620 0.476101 0.250375 0.627500
48.600000 0.380663 0.751224 0.236383 0.288529 0.777686 0.476249 0.250530 0.631466
48.800000 0.380853 0.753537 0.236660 0.289000 0.782495 0.476248 0.250270 0.635082
49.000000 0.380747 0.755876 0.236552 0.289127 0.787504 0.476492 0.250577 0.638926
49.200000 0.380735 0.757986 0.236743 0.289635 0.792347 0.476649 0.250853 0.642768
49.400000 0.380740 0.760155 0.236716 0.289764 0.797016 0.476640 0.250860 0.646337
49.600000 0.380782 0.762314 0.236669 0.290132 0.802112 0.476632 0.251016 0.650570
49.800000 0.380845 0.764708 0.236865 0.290787 0.807945 0.476675 0.251059 0.654616
50.000000 0.380827 0.766478 0.236713 0.291052 0.812110 0.476810 0.251269 0.658127
50.200000 0.380579 0.768533 0.236943 0.291487 0.816770 0.476786 0.251409 0.661773
50.400000 0.380999 0.770227 0.236845 0.291815 0.821164 0.476986 0.251592 0.665109
50.600000 0.380720 0.771939 0.236999 0.292084 0.825442 0.476859 0.251666 0.668453
50.800000 0.380953 0.773343 0.236982 0.292409 0.829509 0.476934 0.251474 0.671744
51.000000 0.380904 0.774723 0.236882 0.292782 0.833682 0.476987 0.251831 0.675072
51.200000 0.380925 0.776423 0.237189 0.293132 0.837678 0.476994 0.252072 0.678390
51.400000 0.380951 0.777700 0.237151 0.293385 0.841513 0.477098 0.252050 0.681513
51.600000 0.380868 0.779160 0.237222 0.293741 0.845432 0.476993 0.252149 0.684475
51.800000 0.381051 0.780365 0.237152 0.293937 0.849164 0.477273 0.252279 0.687476
52.000000 0.381039 0.781615 0.237407 0.294322 0.852699 0.477181 0.252394 0.690350
52.200000 0.381149 0.782817 0.237339 0.294504 0.856439 0.477307 0.252483 0.693377
52.400000 0.381078 0.784031 0.237399 0.295100 0.859926 0.477411 0.252607 0.696214
52.600000 0.381036 0.784867 0.237339 0.295263 0.863491 0.477406 0.252798 0.699079
52.800000 0.381194 0.786126 0.237287 0.295600 0.866739 0.477308 0.252789 0.701812
53.000000 0.381222 0.787106 0.237567 0.295931 0.869989 0.477323 0.253042 0.704379
53.200000 0.381263 0.788101 0.237496 0.296161 0.873250 0.477308 0.253030 0.707121
53.400000 0.381465 0.788912 0.237467 0.296362 0.876169 0.477714 0.253069 0.709699
53.600000 0.381171 0.789546 0.237555 0.296730 0.879467 0.477743 0.253229 0.712374
53.800000 0.381246 0.790909 0.237433 0.297135 0.882283 0.477652 0.253320 0.714817
54.000000 0.381181 0.791776 0.237467 0.297404 0.885213 0.477738 0.253298 0.717132
54.200000 0.381457 0.792406 0.237603 0.297551 0.888089 0.477616 0.253525 0.719340
54.400000 0.381426 0.793263 0.237712 0.297921 0.890890 0.477730 0.253636 0.721887
54.600000 0.381419 0.793982 0.237609 0.298055 0.893678 0.477782 0.253741 0.724242
54.800000 0.381403 0.794579 0.237696 0.298581 0.896562 0.477872 0.253856 0.726396
55.000000 0.381376 0.795371 0.237802 0.298818 0.899033 0.477952 0.253761 0.728670
55.200000 0.381441 0.795992 0.237785 0.298975 0.901566 0.478051 0.253938 0.730786
55.400000 0.381410 0.796627 0.237837 0.299342 0.904005 0.477938 0.254162 0.732855
55.600000 0.381439 0.797237 0.237762 0.299659 0.906659 0.477914 0.254353 0.734938
55.800000 0.381457 0.797945 0.237742 0.300092 0.909175 0.478102 0.254434 0.737189
56.000000 0.381402 0.798620 0.238004 0.300249 0.911904 0.478159 0.254573 0.739580
56.200000 0.381193 0.798941 0.237749 0.300497 0.914245 0.478092 0.254442 0.741568
56.400000 0.381409 0.799608 0.238026 0.300964 0.916498 0.478251 0.254742 0.743256
56.600000 0.381360 0.800175 0.237943 0.300924 0.918592 0.478278 0.254958 0.745132
56.800000 0.381368 0.800746 0.237845 0.301290 0.920783 0.478286 0.254855 0.746782
57.000000 0.381360 0.800998 0.238161 0.301572 0.922873 0.478515 0.255043 0.748627
57.200000 0.381346 0.801470 0.237906 0.301768 0.924685 0.478425 0.255147 0.750392
57.400000 0.381420 0.801749 0.238122 0.302063 0.926712 0.478419 0.255276 0.752074
57.600000 0.381416 0.802232 0.238158 0.302361 0.928698 0.478512 0.255317 0.753722
57.800000 0.381423 0.802687 0.238112 0.302528 0.930469 0.478424 0.255313 0.755115
58.000000 0.381455 0.802797 0.238263 0.302784 0.932263 0.478395 0.255441 0.756761
58.200000 0.381339 0.803235 0.238046 0.303090 0.934004 0.478557 0.255705 0.758259
58.400000 0.381379 0.803639 0.238223 0.303295 0.935937 0.478541 0.255803 0.759713
58.600000 0.381367 0.803843 0.238234 0.303562 0.976458 0.478604 0.255965 0.760976
58.800000 0.381423 0.804192 0.238282 0.303763 0.939113 0.478553 0.256017 0.762581
59.000000 0.381360 0.804525 0.238208 0.304020 0.940854 0.478738 0.256081 0.763883
59.200000 0.381309 0.804728 0.238332 0.304320 0.942352 0.478782 0.256323 0.765380
59.400000 0.381212 0.805134 0.238304 0.304410 0.944025 0.478954 0.256270 0.766735
59.600000 0.381260 0.805164 0.238252 0.304643 0.945314 0.478948 0.256318 0.767674
59.800000 0.381385 0.805630 0.238360 0.304863 0.947026 0.478852 0.256622 0.769057
60.000000 0.381367 0.805783 0.238430 0.305179 0.948574 0.478903 0.256636 0.770274
60.200000 0.381329 0.805978 0.238398 0.305546 0.949991 0.479116 0.256731 0.771497
60.400000 0.381243 0.806226 0.238383 0.305519 0.951240 0.479113 0.256823 0.772766
60.600000 0.381193 0.806365 0.238394 0.305814 0.952751 0.479102 0.257084 0.773841
60.800000 0.381358 0.806527 0.238482 0.305880 0.954104 0.479006 0.257002 0.775096
61.000000 0.381321 0.806681 0.238639 0.306318 0.955449 0.479128 0.257193 0.776159
61.200000 0.381356 0.806776 0.238524 0.306515 0.956481 0.479079 0.257210 0.777131
61.400000 0.381460 0.806967 0.238519 0.306793 0.958043 0.479132 0.257393 0.778489
61.600000 0.381346 0.807145 0.238540 0.307130 0.959171 0.479214 0.257347 0.779560
61.800000 0.381425 0.807459 0.238562 0.307460 0.960453 0.479392 0.257516 0.780471
62.000000 0.381321 0.807524 0.238652 0.307519 0.961567 0.479457 0.257584 0.781649
62.200000 0.381447 0.807648 0.238719 0.307674 0.962848 0.479328 0.257766 0.782529
62.400000 0.381462 0.807920 0.238714 0.307997 0.964179 0.479438 0.257900 0.783407
62.600000 0.381417 0.808090 0.238761 0.308211 0.965214 0.479446 0.258086 0.784202
62.800000 0.381252 0.808156 0.238681 0.308517 0.966240 0.479632 0.258152 0.785191
63.000000 0.381365 0.808187 0.238681 0.308485 0.967374 0.479631 0.258239 0.786156
63.200000 0.381317 0.808120 0.238937 0.308927 0.968230 0.479733 0.258203 0.787158
63.400000 0.381209 0.808408 0.238906 0.309143 0.969439 0.479772 0.258437 0.787944
63.600000 0.381293 0.808321 0.238848 0.309178 0.970103 0.479544 0.258580 0.788706
63.800000 0.381179 0.808626 0.238884 0.309417 0.971103 0.479803 0.258646 0.789618
64.000000 0.381231 0.808593 0.238837 0.309461 0.972157 0.479885 0.258898 0.790350
64.200000 0.381435 0.808849 0.238835 0.309771 0.972962 0.479915 0.259026 0.791159
64.400000 0.381063 0.808799 0.238976 0.309854 0.973736 0.479832 0.259084 0.791726
64.600000 0.381122 0.808819 0.238844 0.310267 0.974659 0.479809 0.259083 0.792257
64.800000 0.381167 0.808826 0.238921 0.310263 0.975629 0.479991 0.259081 0.793030
65.000000 0.381184 0.808794 0.238909 0.310528 0.976291 0.479921 0.259330 0.793772
65.200000 0.381180 0.808951 0.239051 0.310727 0.977026 0.480118 0.259212 0.794385
65.400000 0.381216 0.808891 0.239022 0.310892 0.977799 0.480101 0.259406 0.794901
65.600000 0.381289 0.808620 0.238966 0.311252 0.978552 0.480111 0.259406 0.795781
65.800000 0.381164 0.809009 0.238971 0.311143 0.979407 0.480142 0.259697 0.796304
66.000000 0.381023 0.809004 0.239044 0.311474 0.980155 0.480270 0.259703 0.796825
66.200000 0.381119 0.808933 0.239084 0.311419 0.980608 0.480163 0.259706 0.797514
66.400000 0.381051 0.808904 0.239016 0.311855 0.981674 0.480303 0.259905 0.798075
66.600000 0.381172 0.809037 0.238974 0.312053 0.982309 0.480265 0.259951 0.798643
66.800000 0.381268 0.809254 0.239173 0.312417 0.983051 0.480533 0.260222 0.799289
67.000000 0.381289 0.809099 0.239410 0.273510 0.983639 0.480356 0.260456 0.800013
67.200000 0.381290 0.809189 0.239273 0.312695 0.984312 0.480426 0.260563 0.800545
67.400000 0.381253 0.809431 0.239283 0.313042 0.985038 0.480518 0.260481 0.800924
67.600000 0.381221 0.809265 0.239260 0.313036 0.985628 0.480521 0.260662 0.801477
67.800000 0.381447 0.809123 0.239313 0.313244 0.986441 0.480739 0.260726 0.801886
68.000000 0.381202 0.809175 0.239306 0.313368 0.986731 0.480776 0.260852 0.802399
68.200000 0.381188 0.809270 0.239466 0.313508 0.987471 0.480800 0.261006 0.803070
68.400000 0.381371 0.809212 0.239323 0.313997 0.987739 0.480571 0.261227 0.803651
68.600000 0.381315 0.809245 0.239284 0.313970 0.988556 0.480849 0.261148 0.803833
68.800000 0.381165 0.809267 0.239475 0.314123 0.988968 0.480869 0.261262 0.804164
69.000000 0.381324 0.809317 0.239484 0.314457 0.989637 0.480882 0.261265 0.804604
69.200000 0.381240 0.809271 0.239483 0.314481 0.990173 0.481045 0.261434 0.805104
69.400000 0.381328 0.809184 0.239437 0.314781 0.990374 0.481035 0.261645 0.805603
69.600000 0.381385 0.809245 0.239416 0.314683 0.990934 0.481008 0.261690 0.805946
69.800000 0.381370 0.809033 0.239678 0.315164 0.991365 0.481246 0.261741 0.806518
70.000000 0.381441 0.809226 0.239590 0.315180 0.992206 0.481131 0.261694 0.806798
70.200000 0.381473 0.809299 0.239643 0.315270 0.992327 0.481210 0.261967 0.807169
70.400000 0.381464 0.809102 0.239669 0.315379 0.992922 0.481107 0.261959 0.807412
70.600000 0.381400 0.808984 0.239423 0.315602 0.993291 0.481141 0.262046 0.807587
70.800000 0.381339 0.809098 0.239447 0.315784 0.993529 0.481262 0.262174 0.808122
71.000000 0.381200 0.809164 0.239620 0.315914 0.993981 0.481294 0.262288 0.808563
71.200000 0.381407 0.809034 0.239633 0.316035 0.994425 0.481317 0.262406 0.808855
71.400000 0.381395 0.808880 0.239772 0.316169 0.995172 0.481356 0.262592 0.809026
71.600000 0.381198 0.808950 0.239452 0.316423 0.995250 0.481381 0.262483 0.809493
71.800000 0.381374 0.808906 0.239475 0.316547 0.995768 0.481305 0.262650 0.809809
72.000000 0.381180 0.808948 0.239627 0.316735 0.996004 0.481288 0.262721 0.810112
72.200000 0.381212 0.808922 0.239654 0.316803 0.996503 0.481461 0.262838 0.810440
72.400000 0.381330 0.808984 0.239760 0.317219 0.996922 0.481416 0.262988 0.810817
72.600000 0.381286 0.809047 0.239575 0.317315 0.996891 0.481550 0.263104 0.810865
72.800000 0.381270 0.808798 0.239673 0.317497 0.997602 0.481515 0.263099 0.811221
73.000000 0.381401 0.809068 0.239762 0.317397 0.997858 0.481508 0.263101 0.811488
73.200000 0.381404 0.809082 0.239738 0.317741 0.998100 0.481588 0.263510 0.811839
73.400000 0.381398 0.808950 0.239686 0.317971 0.998468 0.481677 0.263485 0.811823
73.600000 0.381399 0.808733 0.239742 0.318067 0.998886 0.481872 0.263584 0.812240
73.800000 0.381350 0.808693 0.239804 0.318219 0.999204 0.481868 0.263751 0.812680
74.000000 0.381409 0.808867 0.239926 0.318301 0.999473 0.481818 0.263707 0.812807
74.200000 0.381616 0.808731 0.239839 0.318575 0.999791 0.481721 0.263702 0.813282
74.400000 0.381593 0.808866 0.240020 0.318733 1.000170 0.481974 0.263948 0.813462
74.600000 0.381325 0.808768 0.239931 0.319018 1.000564 0.482149 0.264199 0.813662
74.800000 0.381585 0.808632 0.239977 0.319017 1.000540 0.482136 0.264187 0.814042
75.000000 0.381532 0.808757 0.239912 0.319299 1.001216 0.482153 0.264335 0.814135
75.200000 0.381543 0.808821 0.240052 0.319415 1.001559 0.482325 0.264300 0.814390
75.400000 0.381556 0.808745 0.239913 0.319554 1.001682 0.482001 0.264477 0.814663
75.600000 0.381489 0.808655 0.240076 0.319653 1.001863 0.482118 0.264618 0.814683
75.800000 0.381482 0.808798 0.240173 0.319694 1.002314 0.482193 0.264599 0.814990
76.000000 0.381619 0.808600 0.239900 0.320004 1.002419 0.482220 0.264795 0.815213
76.200000 0.381364 0.808832 0.240068 0.320005 1.002511 0.482236 0.264880 0.815407
76.400000 0.381323 0.808719 0.240104 0.320144 1.002808 0.482360 0.265003 0.815562
76.600000 0.381343 0.808565 0.240138 0.320410 1.003078 0.482332 0.265090 0.815884
76.800000 0.381429 0.808691 0.240063 0.320522 1.003054 0.482479 0.265197 0.815889
77.000000 0.381416 0.808496 0.240157 0.320613 1.003382 0.482384 0.265316 0.816133
77.200000 0.381433 0.808455 0.240070 0.320627 1.003465 0.482467 0.265257 0.816177
77.400000 0.381297 0.808547 0.240063 0.320964 1.003645 0.482396 0.265318 0.816361
77.600000 0.381230 0.808463 0.239901 0.321063 1.003985 0.482353 0.265395 0.816382
77.800000 0.381314 0.808288 0.240170 0.321105 1.004033 0.482492 0.265540 0.816614
78.000000 0.381315 0.808332 0.239946 0.321257 1.004134 0.482532 0.265570 0.816763
78.200000 0.381275 0.808141 0.240301 0.321403 1.004331 0.482732 0.265709 0.816932
78.400000 0.381262 0.808328 0.240029 0.321588 1.004581 0.482525 0.265862 0.816828
78.600000 0.381296 0.808127 0.240250 0.321676 1.004925 0.482707 0.265821 0.817247
78.800000 0.381277 0.808349 0.240214 0.321958 1.004742 0.482755 0.266106 0.817170
79.000000 0.381275 0.808130 0.240054 0.321915 1.004976 0.482727 0.266073 0.817461
79.200000 0.381163 0.807944 0.240213 0.321981 1.005044 0.482519 0.266062 0.817114
79.400000 0.381174 0.808085 0.240321 0.322143 1.005302 0.482674 0.266231 0.817696
79.600000 0.381233 0.808141 0.240328 0.322560 1.005483 0.482925 0.266545 0.817838
79.800000 0.381194 0.808254 0.240431 0.322457 1.005556 0.483044 0.266486 0.817739
80.000000 0.381315 0.808014 0.240356 0.322596 1.005978 0.483097 0.266524 0.817935
80.200000 0.381316 0.807941 0.240367 0.322814 1.006070 0.483077 0.266816 0.818099
80.400000 0.381249 0.807877 0.240352 0.323160 1.006081 0.482897 0.266820 0.818337
80.600000 0.381205 0.807707 0.240474 0.323043 1.006222 0.483157 0.266918 0.818432
80.800000 0.381220 0.807886 0.240527 0.323094 1.006304 0.483180 0.266919 0.818428
81.000000 0.381237 0.807682 0.240330 0.323355 1.006419 0.483214 0.267050 0.818516
81.200000 0.381231 0.807787 0.240445 0.323575 1.006570 0.483094 0.267135 0.818575
81.400000 0.381212 0.807750 0.240496 0.323696 1.006694 0.483328 0.267231 0.818495
81.600000 0.381239 0.807796 0.240455 0.323777 1.006483 0.483270 0.267277 0.818676
81.800000 0.381264 0.807636 0.240598 0.323827 1.006634 0.483269 0.267368 0.818656
82.000000 0.381270 0.807488 0.240544 0.324007 1.006702 0.483267 0.267451 0.818736
82.200000 0.381302 0.807384 0.240586 0.324249 1.006694 0.483436 0.267588 0.819072
82.400000 0.381277 0.807369 0.240631 0.324241 1.006811 0.483339 0.267619 0.818887
82.600000 0.381181 0.807219 0.240558 0.324252 1.007085 0.483398 0.267520 0.818964
82.800000 0.381358 0.807254 0.240626 0.324451 1.007054 0.483444 0.267810 0.819124
83.000000 0.381262 0.807213 0.240590 0.324605 1.007284 0.483626 0.267842 0.819199
83.200000 0.381376 0.807250 0.240600 0.324556 1.007276 0.483656 0.267949 0.819149
83.400000 0.381454 0.806980 0.240763 0.324751 1.007347 0.483664 0.267992 0.819313
83.600000 0.381532 0.807179 0.240652 0.324956 1.007448 0.483642 0.268140 0.819279
83.800000 0.381187 0.806918 0.240491 0.324892 1.007514 0.483624 0.268202 0.819311
84.000000 0.381495 0.807035 0.240771 0.325129 1.007660 0.483556 0.268278 0.819527
84.200000 0.381323 0.806751 0.240729 0.325186 1.007668 0.483667 0.268264 0.819506
84.400000 0.381464 0.806993 0.240721 0.325196 1.007676 0.483787 0.268465 0.819428
84.600000 0.381465 0.806786 0.240700 0.325413 1.007637 0.483832 0.268403 0.819633
84.800000 0.381575 0.806847 0.240933 0.325489 1.007803 0.483972 0.268519 0.819492
85.000000 0.381498 0.806918 0.240640 0.325753 1.007723 0.483909 0.268647 0.819605
85.200000 0.381414 0.806728 0.240699 0.325792 1.007917 0.483633 0.268723 0.819740
85.400000 0.381355 0.806809 0.240762 0.325874 1.007775 0.483993 0.268745 0.819694
85.600000 0.381542 0.806671 0.240755 0.325698 1.007905 0.483898 0.268887 0.819765
85.800000 0.381479 0.806722 0.240804 0.326226 1.008093 0.483987 0.268772 0.819808
86.000000 0.381419 0.806510 0.240688 0.326114 1.007991 0.483974 0.268860 0.819956
86.200000 0.381548 0.806644 0.240682 0.326324 1.008029 0.484116 0.269079 0.819749
86.400000 0.381704 0.806618 0.240847 0.326334 1.008146 0.484088 0.269284 0.819995
86.600000 0.381604 0.806650 0.240988 0.326474 1.008340 0.484286 0.269212 0.819979
86.800000 0.381482 0.806437 0.240977 0.326755 1.008198 0.484183 0.269426 0.820154
87.000000 0.381551 0.806589 0.241030 0.326772 1.008234 0.484237 0.269400 0.820149
87.200000 0.381540 0.806462 0.241081 0.326805 1.008304 0.484304 0.269547 0.820081
87.400000 0.381712 0.806554 0.240963 0.327103 1.008440 0.484206 0.269753 0.820245
87.600000 0.381653 0.806602 0.240840 0.327086 1.008613 0.484179 0.269724 0.820157
87.800000 0.381727 0.806461 0.240859 0.327206 1.008440 0.484328 0.269771 0.820197
88.000000 0.381626 0.806549 0.240970 0.327183 1.008517 0.484367 0.269838 0.820118
88.200000 0.381776 0.806292 0.240962 0.327467 1.008443 0.484458 0.270008 0.820239
88.400000 0.381923 0.806409 0.240936 0.327550 1.008679 0.484361 0.270156 0.820404
88.600000 0.381874 0.806492 0.240976 0.327663 1.008606 0.484542 0.270221 0.820336
88.800000 0.381650 0.806409 0.241034 0.327665 1.008673 0.484577 0.270221 0.820357
89.000000 0.381638 0.805865 0.240963 0.327765 1.008528 0.484521 0.270069 0.820178
89.200000 0.381707 0.806148 0.240851 0.327863 1.008563 0.484574 0.270188 0.820162
89.400000 0.381675 0.806193 0.240975 0.327945 1.008788 0.484532 0.270098 0.859298
89.600000 0.381675 0.806305 0.240946 0.327991 1.008861 0.484505 0.270369 0.820355
89.800000 0.381665 0.806335 0.241033 0.328153 1.008777 0.484542 0.270460 0.820478
90.000000 0.381919 0.806242 0.241196 0.328298 1.008834 0.484713 0.270574 0.820507
