0.200000 0.052111 0.415395 0.186123 0.207309 0.400422 0.357418 0.209973 0.347102
0.400000 0.052021 0.414711 0.186067 0.207197 0.399294 0.357559 0.210049 0.345981
0.600000 0.052031 0.414146 0.186144 0.207059 0.398416 0.357487 0.210051 0.345533
0.800000 0.052001 0.413900 0.185796 0.206801 0.397736 0.357509 0.209955 0.344925
1.000000 0.051883 0.413613 0.186034 0.207038 0.397033 0.357463 0.209893 0.344406
1.200000 0.051995 0.413303 0.186007 0.206812 0.396392 0.357398 0.209863 0.343968
1.400000 0.051928 0.413008 0.185621 0.206703 0.395770 0.357437 0.209958 0.343300
1.600000 0.051997 0.412513 0.185919 0.206693 0.394918 0.357413 0.209780 0.343017
1.800000 0.052013 0.412214 0.185992 0.206627 0.394163 0.357253 0.209513 0.342349
2.000000 0.052162 0.411915 0.185916 0.206533 0.393602 0.357463 0.209703 0.341864
2.200000 0.051979 0.411406 0.185876 0.206175 0.392841 0.357481 0.209507 0.341292
2.400000 0.051982 0.411376 0.185918 0.206320 0.392296 0.357337 0.209551 0.340760
2.600000 0.051974 0.410851 0.185935 0.206299 0.391498 0.357346 0.209352 0.340240
2.800000 0.051937 0.410522 0.185913 0.206226 0.390922 0.357214 0.209484 0.339714
3.000000 0.051970 0.410453 0.185878 0.206193 0.390065 0.357426 0.209454 0.339202
3.200000 0.051964 0.409996 0.185930 0.206128 0.389451 0.357095 0.209203 0.338672
3.400000 0.051950 0.409678 0.185990 0.206029 0.388803 0.357241 0.209346 0.338098
3.600000 0.051889 0.409340 0.185704 0.205719 0.388331 0.357260 0.209299 0.337648
3.800000 0.051950 0.408992 0.185887 0.205892 0.387589 0.357286 0.209279 0.337126
4.000000 0.051962 0.408639 0.185905 0.205880 0.386825 0.357181 0.209339 0.336651
4.200000 0.051953 0.408372 0.185893 0.205739 0.386313 0.357093 0.209103 0.336224
4.400000 0.051970 0.408023 0.185744 0.205777 0.385636 0.357265 0.209124 0.335579
4.600000 0.051957 0.407829 0.185896 0.205636 0.384682 0.357240 0.209017 0.335175
4.800000 0.051948 0.407505 0.185643 0.205548 0.384497 0.357195 0.208825 0.334668
5.000000 0.051923 0.407168 0.185942 0.205472 0.383738 0.357197 0.208958 0.334038
5.200000 0.051962 0.407095 0.185999 0.205535 0.383134 0.357253 0.208805 0.333815
5.400000 0.051931 0.406618 0.185728 0.205507 0.382404 0.357120 0.208826 0.333234
5.600000 0.051916 0.406358 0.185788 0.205357 0.381605 0.357171 0.208789 0.332750
5.800000 0.051935 0.405985 0.185828 0.205275 0.381260 0.357076 0.208709 0.332290
6.000000 0.051913 0.405750 0.185792 0.205104 0.380672 0.357067 0.208741 0.331787
6.200000 0.051908 0.405387 0.185739 0.205149 0.380003 0.357029 0.208644 0.331295
6.400000 0.051940 0.405235 0.185766 0.205134 0.379395 0.357139 0.208572 0.330665
6.600000 0.051998 0.404871 0.185735 0.205029 0.378479 0.357020 0.208530 0.330294
6.800000 0.051892 0.404364 0.185720 0.204980 0.377869 0.356976 0.208461 0.329825
7.000000 0.051923 0.404178 0.185750 0.204892 0.377482 0.357015 0.208321 0.329141
7.200000 0.051886 0.403896 0.185772 0.204874 0.376662 0.356928 0.208568 0.328683
7.400000 0.051761 0.403716 0.185735 0.204846 0.376258 0.356848 0.208346 0.328415
7.600000 0.051907 0.403343 0.185707 0.204600 0.375601 0.356960 0.208167 0.328003
7.800000 0.051919 0.403243 0.185692 0.204635 0.375056 0.357069 0.208247 0.327666
8.000000 0.051884 0.402845 0.185569 0.204504 0.374512 0.356843 0.208227 0.327247
8.200000 0.051733 0.402427 0.185615 0.204484 0.373889 0.356807 0.208147 0.326650
8.400000 0.051875 0.402339 0.185685 0.204448 0.373324 0.356804 0.207982 0.326120
8.600000 0.051855 0.402058 0.185654 0.204565 0.372725 0.356905 0.207949 0.325761
8.800000 0.051787 0.401678 0.185772 0.204358 0.372186 0.356754 0.208012 0.325416
9.000000 0.051798 0.401465 0.185664 0.204194 0.371641 0.356849 0.207980 0.324902
9.200000 0.051821 0.401113 0.185761 0.204231 0.370961 0.356850 0.207921 0.324498
9.400000 0.051814 0.400981 0.185608 0.204251 0.370535 0.356831 0.207858 0.324098
9.600000 0.051834 0.400704 0.185608 0.204044 0.369875 0.356514 0.207793 0.323665
9.800000 0.051864 0.400403 0.185847 0.204076 0.369347 0.356629 0.207782 0.323219
10.000000 0.051856 0.400389 0.185639 0.203896 0.369077 0.356765 0.207700 0.322797
10.200000 0.051901 0.399699 0.185664 0.203977 0.368416 0.356606 0.207698 0.322445
10.400000 0.051852 0.399717 0.185689 0.203908 0.367861 0.356872 0.207605 0.321950
10.600000 0.051842 0.399213 0.185690 0.203978 0.367315 0.356818 0.207599 0.321656
10.800000 0.051827 0.399097 0.185573 0.203914 0.366711 0.356737 0.207428 0.321112
11.000000 0.051793 0.398991 0.185840 0.203759 0.366266 0.356709 0.207473 0.320833
11.200000 0.051838 0.398576 0.185651 0.203415 0.365778 0.356718 0.207448 0.320420
11.400000 0.051836 0.398569 0.185621 0.203684 0.365302 0.356604 0.207423 0.319901
11.600000 0.051813 0.398109 0.185645 0.203630 0.364890 0.356671 0.207298 0.319623
11.800000 0.051802 0.398031 0.185580 0.203509 0.364387 0.356490 0.207298 0.319355
12.000000 0.051826 0.397672 0.185579 0.203432 0.363763 0.356478 0.207260 0.318826
12.200000 0.051817 0.397577 0.185400 0.203283 0.363184 0.356503 0.207102 0.318447
12.400000 0.051776 0.397037 0.185787 0.203295 0.362673 0.356460 0.206925 0.317800
12.600000 0.051854 0.397108 0.185420 0.203360 0.362202 0.356470 0.207100 0.317561
12.800000 0.051792 0.396777 0.185402 0.203355 0.361623 0.356713 0.207056 0.316939
13.000000 0.051777 0.396466 0.185483 0.203112 0.361162 0.356516 0.206956 0.316859
13.200000 0.051793 0.396334 0.185664 0.203160 0.360856 0.356368 0.206955 0.316617
13.400000 0.051823 0.395989 0.185405 0.203079 0.360121 0.356334 0.206938 0.316426
13.600000 0.051774 0.395905 0.185440 0.203068 0.359685 0.356395 0.206909 0.315831
13.800000 0.051801 0.395658 0.185416 0.202972 0.359355 0.356337 0.206952 0.315477
14.000000 0.051765 0.395514 0.185500 0.202850 0.358747 0.356512 0.206898 0.315193
14.200000 0.051740 0.395231 0.185403 0.202891 0.358445 0.356408 0.206893 0.314807
14.400000 0.051797 0.395176 0.185479 0.202895 0.358082 0.356518 0.206702 0.314438
14.600000 0.051780 0.394943 0.185506 0.202940 0.357615 0.356326 0.206358 0.314167
14.800000 0.051798 0.394637 0.185467 0.202779 0.357308 0.356537 0.206674 0.313801
15.000000 0.051820 0.394520 0.185483 0.202777 0.356776 0.356374 0.206576 0.313485
15.200000 0.051764 0.394340 0.185432 0.202866 0.356358 0.356439 0.206580 0.313224
15.400000 0.051743 0.394219 0.185496 0.202659 0.355886 0.356349 0.206481 0.312851
15.600000 0.051633 0.393869 0.185491 0.202633 0.355590 0.356151 0.206690 0.273585
15.800000 0.051600 0.393711 0.185246 0.202570 0.355002 0.356154 0.206370 0.312231
16.000000 0.051761 0.393522 0.185254 0.202559 0.354512 0.356404 0.206308 0.311763
16.200000 0.051746 0.393521 0.185445 0.202397 0.354292 0.356299 0.206435 0.311447
16.400000 0.051755 0.393074 0.185469 0.202434 0.353955 0.356172 0.206425 0.311136
16.600000 0.051766 0.393004 0.185425 0.202242 0.353456 0.356467 0.206167 0.310923
16.800000 0.051749 0.392802 0.185392 0.202353 0.353232 0.356144 0.206067 0.310557
17.000000 0.051742 0.392492 0.185429 0.202186 0.352585 0.356250 0.206149 0.310270
17.200000 0.051759 0.392342 0.185274 0.202283 0.352285 0.356302 0.206202 0.309980
17.400000 0.051763 0.392224 0.185494 0.202266 0.351846 0.356258 0.206108 0.309708
17.600000 0.051857 0.392034 0.185295 0.202038 0.351528 0.356191 0.206088 0.309372
17.800000 0.051764 0.391826 0.185353 0.202155 0.351030 0.356199 0.206130 0.309068
18.000000 0.051762 0.391745 0.185408 0.202063 0.350617 0.356253 0.205986 0.308828
18.200000 0.051864 0.391658 0.185491 0.202130 0.350177 0.356249 0.205932 0.308442
18.400000 0.051741 0.391371 0.185332 0.201957 0.349783 0.355989 0.205970 0.308096
18.600000 0.051863 0.391145 0.185350 0.201883 0.349360 0.356223 0.205913 0.307855
18.800000 0.051744 0.390860 0.185347 0.201740 0.349067 0.356117 0.205802 0.307496
19.000000 0.051613 0.390848 0.185278 0.201790 0.348528 0.356287 0.205714 0.307292
19.200000 0.051589 0.390331 0.185380 0.201859 0.347932 0.356068 0.205761 0.306776
19.400000 0.051576 0.390387 0.185368 0.201639 0.347697 0.356122 0.205646 0.306524
19.600000 0.051630 0.390077 0.185329 0.201764 0.347273 0.356174 0.205781 0.306230
19.800000 0.051695 0.389978 0.185188 0.201573 0.346888 0.356005 0.205579 0.305961
20.000000 0.051712 0.389789 0.185046 0.201625 0.346611 0.356022 0.205573 0.305551
20.200000 0.051686 0.389599 0.185280 0.201612 0.346103 0.356004 0.205396 0.305373
20.400000 0.051665 0.389471 0.185308 0.201578 0.345887 0.356112 0.205407 0.305098
20.600000 0.051697 0.389307 0.185257 0.201505 0.345348 0.356107 0.205385 0.304785
20.800000 0.051700 0.388963 0.185291 0.201486 0.345148 0.356033 0.205481 0.304492
21.000000 0.051699 0.388817 0.185314 0.201316 0.344440 0.355849 0.205263 0.304232
21.200000 0.051684 0.388777 0.185303 0.201380 0.344299 0.355971 0.205382 0.303809
21.400000 0.051622 0.388618 0.185317 0.201339 0.344080 0.355999 0.205131 0.303526
21.600000 0.051696 0.388364 0.185256 0.201146 0.343323 0.355977 0.205201 0.303233
21.800000 0.051674 0.388262 0.185109 0.201143 0.343062 0.355870 0.205200 0.303135
22.000000 0.051667 0.388324 0.185358 0.201113 0.342667 0.355952 0.205211 0.302858
22.200000 0.051684 0.388027 0.185334 0.201169 0.342462 0.355908 0.205104 0.302505
22.400000 0.051713 0.387735 0.185257 0.201132 0.342153 0.355893 0.205110 0.302419
22.600000 0.051685 0.387588 0.185278 0.201215 0.341784 0.355967 0.205068 0.302008
22.800000 0.051659 0.387391 0.185531 0.201060 0.341372 0.355945 0.205075 0.301582
23.000000 0.051653 0.387129 0.185264 0.201004 0.341178 0.355802 0.204858 0.301470
23.200000 0.051659 0.387108 0.185252 0.200837 0.340694 0.355687 0.205044 0.301202
23.400000 0.051667 0.386916 0.185176 0.200930 0.340309 0.355776 0.204922 0.300769
23.600000 0.051529 0.386761 0.185196 0.201004 0.340007 0.355793 0.204853 0.300630
23.800000 0.051823 0.386517 0.185354 0.200832 0.339772 0.355776 0.204838 0.300431
24.000000 0.051668 0.386438 0.185215 0.200890 0.339224 0.355785 0.204659 0.300127
24.200000 0.051673 0.386346 0.185236 0.200695 0.339047 0.355612 0.204728 0.299913
24.400000 0.051653 0.386111 0.185204 0.200581 0.338718 0.355803 0.204723 0.299681
24.600000 0.051674 0.385949 0.185137 0.200698 0.338415 0.355757 0.204680 0.299431
24.800000 0.051802 0.385879 0.185277 0.200698 0.338028 0.355734 0.204667 0.299214
25.000000 0.051665 0.385675 0.185200 0.200763 0.337815 0.355549 0.204460 0.298812
25.200000 0.051671 0.385622 0.185320 0.200617 0.337272 0.355739 0.204611 0.298470
25.400000 0.051671 0.385376 0.185195 0.200408 0.336964 0.355653 0.204493 0.298300
25.600000 0.051490 0.385145 0.185189 0.200647 0.336515 0.355672 0.204614 0.298097
25.800000 0.051581 0.384964 0.185038 0.200598 0.336115 0.355667 0.204389 0.297679
26.000000 0.051471 0.384831 0.185153 0.200498 0.335726 0.355580 0.204169 0.297459
26.200000 0.051612 0.384732 0.185125 0.200446 0.335248 0.355632 0.204400 0.297250
26.400000 0.051521 0.384564 0.185187 0.200407 0.335177 0.355578 0.204331 0.297020
26.600000 0.051666 0.384425 0.185216 0.200453 0.334856 0.355603 0.204440 0.296931
26.800000 0.051644 0.384221 0.185242 0.200300 0.334614 0.355526 0.204225 0.296328
27.000000 0.051638 0.384133 0.185218 0.200337 0.334272 0.355420 0.204263 0.296240
27.200000 0.051606 0.383884 0.185235 0.200226 0.333908 0.355499 0.204226 0.296099
27.400000 0.051638 0.383902 0.185170 0.200303 0.333625 0.355457 0.204179 0.295767
27.600000 0.051669 0.383635 0.185186 0.200145 0.333466 0.355518 0.204076 0.295554
27.800000 0.051593 0.383555 0.185168 0.200087 0.333051 0.355665 0.204062 0.295275
28.000000 0.051638 0.383396 0.185099 0.200073 0.332670 0.355383 0.204075 0.295098
28.200000 0.051643 0.383282 0.185175 0.200108 0.332537 0.355518 0.204068 0.294927
28.400000 0.051590 0.383063 0.185111 0.199891 0.332165 0.355471 0.203897 0.294618
28.600000 0.051607 0.383077 0.185157 0.199938 0.331734 0.355516 0.203861 0.294428
28.800000 0.051607 0.382872 0.185156 0.199939 0.331475 0.355443 0.203881 0.294056
29.000000 0.051461 0.382717 0.185027 0.199935 0.330991 0.355399 0.204006 0.293940
29.200000 0.051605 0.382630 0.185132 0.199709 0.330704 0.355470 0.203729 0.293677
29.400000 0.051610 0.382493 0.185095 0.199904 0.330593 0.355431 0.203811 0.293508
29.600000 0.051711 0.382111 0.184981 0.199781 0.330265 0.355510 0.203752 0.293242
29.800000 0.051611 0.382209 0.185059 0.199829 0.330129 0.355279 0.203749 0.293042
30.000000 0.051433 0.381895 0.185107 0.199785 0.329697 0.355325 0.203584 0.292696
30.200000 0.051634 0.381865 0.184986 0.199588 0.329290 0.355349 0.203417 0.292461
30.400000 0.051723 0.381708 0.185220 0.199504 0.329104 0.355076 0.203635 0.292348
30.600000 0.051588 0.381590 0.184968 0.199602 0.328933 0.355171 0.203593 0.292148
30.800000 0.051659 0.381492 0.185015 0.199679 0.328457 0.355250 0.203611 0.291879
31.000000 0.051867 0.381374 0.185218 0.199591 0.328232 0.355144 0.203413 0.291657
31.200000 0.051872 0.381206 0.184971 0.199440 0.327771 0.355113 0.203401 0.291589
31.400000 0.051930 0.381119 0.185167 0.199646 0.327729 0.355359 0.203534 0.291427
31.600000 0.052198 0.380892 0.185146 0.199577 0.327438 0.355287 0.203498 0.291073
31.800000 0.052527 0.380561 0.184967 0.199437 0.327199 0.355146 0.203428 0.291031
32.000000 0.052871 0.380818 0.184938 0.199433 0.327295 0.355377 0.203276 0.290895
32.200000 0.053242 0.380593 0.185096 0.199497 0.327289 0.355353 0.203310 0.290962
32.400000 0.053456 0.380598 0.185058 0.199562 0.327445 0.355076 0.203414 0.291094
32.600000 0.053748 0.380665 0.185151 0.199590 0.327753 0.355120 0.203416 0.291203
32.800000 0.054075 0.380868 0.184794 0.199375 0.328085 0.355116 0.203385 0.291494
33.000000 0.054374 0.380956 0.185127 0.199474 0.328567 0.355139 0.203521 0.291777
33.200000 0.054569 0.381234 0.185162 0.199794 0.329219 0.355341 0.203320 0.292293
33.400000 0.054854 0.381250 0.185164 0.199862 0.329798 0.355206 0.203280 0.292811
33.600000 0.055016 0.381917 0.185206 0.200089 0.330566 0.355217 0.203461 0.293369
33.800000 0.055295 0.382454 0.185127 0.200084 0.331501 0.355191 0.203447 0.294027
34.000000 0.055482 0.383081 0.185171 0.200206 0.332575 0.355120 0.203313 0.294761
34.200000 0.055683 0.383723 0.184973 0.200298 0.333667 0.355153 0.203308 0.295569
34.400000 0.055698 0.384612 0.185242 0.200605 0.334645 0.355337 0.203407 0.296466
34.600000 0.055994 0.385488 0.185303 0.200735 0.335847 0.355217 0.203427 0.297437
34.800000 0.056130 0.386608 0.185370 0.200886 0.337415 0.355212 0.203620 0.298435
35.000000 0.056204 0.387594 0.185246 0.201126 0.338746 0.355133 0.203609 0.299667
35.200000 0.056033 0.389011 0.185284 0.201265 0.340322 0.355167 0.203774 0.300685
35.400000 0.056395 0.390221 0.185245 0.201476 0.341849 0.355159 0.203629 0.301666
35.600000 0.056459 0.391626 0.185258 0.201502 0.343184 0.355094 0.203596 0.302887
35.800000 0.056575 0.393177 0.185142 0.201838 0.344932 0.355085 0.203723 0.303852
36.000000 0.056640 0.394627 0.185514 0.202142 0.346442 0.355027 0.203882 0.305195
36.200000 0.056688 0.396277 0.185394 0.202203 0.348187 0.355170 0.203722 0.306597
36.400000 0.056735 0.398074 0.185646 0.202450 0.350027 0.355208 0.203846 0.307930
36.600000 0.056785 0.399849 0.185586 0.202783 0.390498 0.355171 0.203680 0.309275
36.800000 0.056852 0.401624 0.185590 0.203047 0.353348 0.355118 0.203861 0.310720
37.000000 0.056826 0.403767 0.185672 0.203166 0.355011 0.355163 0.203957 0.312102
37.200000 0.056966 0.405606 0.185668 0.203396 0.356954 0.355194 0.203991 0.313453
37.400000 0.056998 0.407760 0.185519 0.203565 0.358849 0.355108 0.204047 0.314999
37.600000 0.057036 0.409712 0.185719 0.203898 0.360909 0.355167 0.204135 0.316770
37.800000 0.057065 0.413047 0.185844 0.204104 0.363607 0.355145 0.204013 0.318751
38.000000 0.056924 0.415070 0.185862 0.204262 0.365516 0.355188 0.204015 0.320224
38.200000 0.057108 0.417416 0.185894 0.204748 0.367502 0.355154 0.204228 0.321947
38.400000 0.057130 0.419798 0.185885 0.204873 0.369529 0.355311 0.204232 0.323425
38.600000 0.057155 0.422162 0.185956 0.205022 0.371562 0.355111 0.204262 0.325134
38.800000 0.057170 0.424573 0.186044 0.205247 0.373570 0.355218 0.204170 0.326563
39.000000 0.057112 0.427048 0.186042 0.205303 0.375515 0.355008 0.204288 0.328333
39.200000 0.057201 0.429412 0.185839 0.205674 0.377645 0.355099 0.204377 0.329770
39.400000 0.057072 0.432106 0.186018 0.205988 0.379658 0.355148 0.204436 0.331625
39.600000 0.057227 0.434550 0.186095 0.206089 0.381790 0.355116 0.204491 0.333358
39.800000 0.057094 0.436886 0.186226 0.206433 0.384070 0.355344 0.204576 0.335050
40.000000 0.057263 0.439577 0.186274 0.206500 0.386073 0.355309 0.204587 0.336661
40.200000 0.057284 0.441913 0.186352 0.206722 0.388234 0.355108 0.204747 0.338537
40.400000 0.057257 0.444652 0.186188 0.206834 0.390617 0.355164 0.204662 0.340354
40.600000 0.057277 0.447353 0.186392 0.207099 0.392714 0.355152 0.204634 0.341991
40.800000 0.057300 0.449925 0.186420 0.207266 0.394853 0.355181 0.204660 0.343977
41.000000 0.057342 0.452495 0.186324 0.207477 0.397149 0.355153 0.204819 0.345717
41.200000 0.057311 0.454756 0.186474 0.207724 0.399454 0.355099 0.204864 0.347554
41.400000 0.057319 0.457545 0.186405 0.207834 0.401489 0.355149 0.205031 0.349324
41.600000 0.057337 0.460071 0.186518 0.208110 0.403758 0.355217 0.204941 0.350974
41.800000 0.057349 0.462672 0.186556 0.208249 0.405964 0.355208 0.205029 0.352799
42.000000 0.057224 0.465187 0.186588 0.208530 0.408295 0.355356 0.205055 0.354816
42.200000 0.057480 0.467673 0.186673 0.208511 0.410382 0.354952 0.205110 0.356585
42.400000 0.057316 0.470091 0.186615 0.208702 0.412743 0.355120 0.205087 0.358402
42.600000 0.057385 0.472693 0.186471 0.208769 0.415009 0.355173 0.205131 0.360357
42.800000 0.057388 0.475113 0.186698 0.209215 0.417252 0.355241 0.205281 0.362026
43.000000 0.057428 0.477511 0.186627 0.209313 0.419414 0.355361 0.205320 0.364050
43.200000 0.057229 0.479748 0.186918 0.209493 0.421545 0.355299 0.205615 0.365702
43.400000 0.057385 0.482085 0.186768 0.209537 0.423748 0.355105 0.205429 0.367433
43.600000 0.057386 0.484515 0.186842 0.209819 0.426289 0.355341 0.205508 0.369361
43.800000 0.057457 0.486659 0.186848 0.209880 0.428225 0.355302 0.205497 0.371330
44.000000 0.057373 0.489472 0.186804 0.210146 0.430761 0.355294 0.205631 0.373464
44.200000 0.057324 0.492137 0.187019 0.210180 0.433435 0.355271 0.205621 0.375506
44.400000 0.057433 0.494315 0.187025 0.210285 0.435362 0.355247 0.205541 0.377216
44.600000 0.057429 0.496265 0.186903 0.210500 0.437697 0.355287 0.205736 0.378969
44.800000 0.057439 0.498575 0.186843 0.210852 0.439838 0.355317 0.205910 0.380771
45.000000 0.057449 0.500782 0.187052 0.210726 0.441984 0.355168 0.205829 0.382469
45.200000 0.057503 0.502676 0.186946 0.211164 0.443998 0.354937 0.205874 0.384313
45.400000 0.057470 0.504804 0.187044 0.211331 0.445930 0.355296 0.205903 0.385924
45.600000 0.057085 0.506563 0.187058 0.211483 0.448303 0.355278 0.205942 0.387781
45.800000 0.057507 0.508661 0.187016 0.211433 0.450291 0.355248 0.205861 0.389414
46.000000 0.057478 0.510680 0.187098 0.211627 0.452462 0.355306 0.206080 0.391321
46.200000 0.057505 0.512537 0.187173 0.211728 0.454511 0.355228 0.206131 0.393004
46.400000 0.057490 0.514454 0.187222 0.211934 0.456562 0.355367 0.206186 0.394732
46.600000 0.057495 0.516322 0.187178 0.211993 0.458552 0.355229 0.206231 0.396300
46.800000 0.057524 0.518161 0.187241 0.212141 0.460522 0.355231 0.206243 0.398002
47.000000 0.057653 0.519652 0.187345 0.212398 0.462634 0.355296 0.206351 0.399748
47.200000 0.057501 0.521467 0.187361 0.212535 0.464674 0.355362 0.206376 0.401374
47.400000 0.057535 0.523372 0.187387 0.212575 0.466586 0.355368 0.206386 0.403021
47.600000 0.057426 0.525025 0.187498 0.212571 0.468559 0.355395 0.206494 0.404634
47.800000 0.057542 0.526484 0.187312 0.212831 0.470523 0.355332 0.206505 0.406100
48.000000 0.057541 0.528161 0.187308 0.212867 0.472375 0.355392 0.206499 0.407812
48.200000 0.057522 0.529856 0.187408 0.213065 0.474164 0.355253 0.206657 0.409427
48.400000 0.057541 0.531262 0.187172 0.213136 0.476112 0.355511 0.206695 0.411052
48.600000 0.057545 0.532799 0.187377 0.213285 0.478129 0.355424 0.206858 0.412586
48.800000 0.057549 0.534455 0.187403 0.213367 0.479915 0.355520 0.206614 0.413993
49.000000 0.057653 0.535635 0.187487 0.213437 0.481687 0.355511 0.206826 0.415566
49.200000 0.057511 0.536952 0.187368 0.213522 0.483401 0.355227 0.206851 0.417028
49.400000 0.057564 0.538560 0.187470 0.213743 0.485415 0.355471 0.206927 0.418449
49.600000 0.057562 0.539737 0.187478 0.213907 0.487070 0.355634 0.207022 0.420200
49.800000 0.057592 0.541158 0.187516 0.213787 0.488826 0.355466 0.207015 0.421640
50.000000 0.057589 0.542526 0.187492 0.214000 0.490713 0.355438 0.207078 0.423057
50.200000 0.057592 0.543685 0.187674 0.214201 0.492446 0.355627 0.207029 0.424428
50.400000 0.057607 0.545124 0.187430 0.214265 0.494601 0.355394 0.207173 0.426453
50.600000 0.057610 0.546516 0.187402 0.214477 0.496176 0.355527 0.207298 0.427668
50.800000 0.057526 0.547883 0.187588 0.214661 0.497934 0.355564 0.207337 0.429175
51.000000 0.057586 0.549080 0.187429 0.214673 0.499696 0.355578 0.207150 0.430574
51.200000 0.057619 0.550194 0.187554 0.214766 0.501331 0.355595 0.207418 0.431834
51.400000 0.057579 0.551022 0.187634 0.214828 0.502777 0.355554 0.207467 0.433106
51.600000 0.057622 0.552431 0.187644 0.215108 0.504469 0.355637 0.207528 0.434642
51.800000 0.057592 0.553536 0.187541 0.215281 0.506208 0.355587 0.207590 0.436086
52.000000 0.057600 0.554654 0.187822 0.214997 0.507775 0.355288 0.207469 0.437424
52.200000 0.057602 0.555583 0.187691 0.215246 0.509387 0.355623 0.207699 0.438674
52.400000 0.057592 0.556713 0.187553 0.215400 0.510781 0.355557 0.207759 0.439842
52.600000 0.057594 0.557739 0.187752 0.215437 0.512513 0.355658 0.207683 0.441181
52.800000 0.057626 0.558809 0.187703 0.215587 0.513990 0.355815 0.208123 0.442499
53.000000 0.057631 0.559647 0.187801 0.215682 0.515508 0.355558 0.207552 0.443674
53.200000 0.057628 0.560581 0.187727 0.215905 0.516940 0.355672 0.207960 0.444823
53.400000 0.057634 0.561261 0.187733 0.215834 0.518205 0.355810 0.207889 0.445917
53.600000 0.057635 0.562424 0.187765 0.215992 0.519866 0.355590 0.208029 0.447303
53.800000 0.057628 0.563291 0.187709 0.216002 0.521129 0.355703 0.208051 0.448401
54.000000 0.057653 0.564122 0.187708 0.216150 0.522351 0.355734 0.207974 0.449424
54.200000 0.057636 0.565009 0.187802 0.216262 0.524136 0.355809 0.208238 0.450695
54.400000 0.057660 0.565708 0.187696 0.216321 0.525410 0.355715 0.208227 0.451842
54.600000 0.057817 0.566590 0.187926 0.216222 0.526711 0.355716 0.208249 0.452914
54.800000 0.057644 0.567455 0.187956 0.216458 0.527969 0.355697 0.208559 0.454096
55.000000 0.057635 0.568230 0.187886 0.216439 0.529392 0.355787 0.208182 0.455136
55.200000 0.057657 0.568829 0.187922 0.216754 0.530570 0.355740 0.208585 0.456113
55.400000 0.057657 0.569185 0.187860 0.216700 0.531822 0.355780 0.208315 0.457237
55.600000 0.057659 0.570268 0.187876 0.216924 0.533077 0.355713 0.208520 0.458311
55.800000 0.057644 0.571033 0.187917 0.216926 0.534447 0.355740 0.208483 0.459179
56.000000 0.057775 0.571705 0.187886 0.217029 0.535694 0.355799 0.208318 0.460343
56.200000 0.057532 0.572324 0.187925 0.217095 0.536931 0.355787 0.208691 0.461176
56.400000 0.057698 0.573046 0.187951 0.217426 0.538198 0.355906 0.208843 0.462354
56.600000 0.057548 0.573844 0.187889 0.217261 0.539747 0.355543 0.208769 0.463608
56.800000 0.057819 0.574473 0.187891 0.217347 0.540820 0.355598 0.208963 0.464537
57.000000 0.057679 0.574996 0.187922 0.217303 0.542053 0.355861 0.208865 0.465662
57.200000 0.057670 0.575646 0.188078 0.217539 0.543135 0.355880 0.208979 0.466394
57.400000 0.057791 0.576220 0.187867 0.217573 0.544256 0.355772 0.208930 0.467292
57.600000 0.057684 0.576708 0.187931 0.217662 0.545409 0.355914 0.208958 0.468196
57.800000 0.057679 0.577460 0.188126 0.217750 0.546565 0.355820 0.209083 0.469101
58.000000 0.057541 0.577850 0.187987 0.217847 0.547532 0.355960 0.209096 0.470049
58.200000 0.057392 0.578408 0.187963 0.217879 0.548664 0.355867 0.209270 0.470741
58.400000 0.057828 0.579100 0.188040 0.217926 0.549697 0.355891 0.209228 0.471780
58.600000 0.057828 0.579445 0.187947 0.218159 0.550565 0.355951 0.209259 0.472635
58.800000 0.057710 0.579949 0.188128 0.218158 0.551412 0.355892 0.209476 0.473338
59.000000 0.057694 0.580551 0.187884 0.218096 0.552635 0.356006 0.209488 0.474111
59.200000 0.057659 0.580826 0.188025 0.218382 0.553720 0.355883 0.209426 0.475071
59.400000 0.057709 0.581383 0.188112 0.218253 0.554550 0.355901 0.209467 0.475817
59.600000 0.057700 0.581969 0.188100 0.218297 0.555553 0.356006 0.209460 0.476621
59.800000 0.057547 0.582210 0.188107 0.218360 0.556623 0.355864 0.209440 0.477386
60.000000 0.057702 0.582612 0.187976 0.218633 0.557470 0.356104 0.209601 0.478103
60.200000 0.057544 0.582919 0.187925 0.218377 0.558187 0.355654 0.209451 0.478532
60.400000 0.057583 0.583386 0.188099 0.218579 0.559331 0.355778 0.209442 0.479348
60.600000 0.057727 0.584077 0.188131 0.218672 0.560570 0.355848 0.209677 0.480614
60.800000 0.057694 0.584551 0.188056 0.218893 0.561389 0.355904 0.209871 0.481352
61.000000 0.057721 0.584926 0.188040 0.219069 0.562065 0.356106 0.209845 0.482042
61.200000 0.057719 0.585234 0.188189 0.219008 0.563228 0.356104 0.209919 0.482785
61.400000 0.057758 0.585737 0.188025 0.218934 0.564002 0.355931 0.209983 0.483412
61.600000 0.057704 0.586373 0.188084 0.219125 0.564982 0.356099 0.210010 0.484182
61.800000 0.057717 0.586431 0.188147 0.219258 0.565677 0.356123 0.210032 0.484719
62.000000 0.057606 0.586842 0.188214 0.219286 0.566568 0.356022 0.209975 0.485302
62.200000 0.057707 0.587157 0.188211 0.219412 0.567369 0.356135 0.210160 0.486119
62.400000 0.057622 0.587462 0.188090 0.219263 0.568119 0.356092 0.210189 0.486740
62.600000 0.057691 0.587905 0.188053 0.219589 0.568786 0.356117 0.210231 0.487367
62.800000 0.057709 0.588140 0.188156 0.219454 0.569846 0.356103 0.210382 0.488108
63.000000 0.057748 0.588460 0.188278 0.219724 0.570630 0.356276 0.210299 0.488690
63.200000 0.057728 0.588747 0.188204 0.219873 0.571362 0.356281 0.210274 0.489110
63.400000 0.057715 0.589012 0.188268 0.219891 0.572069 0.355989 0.210401 0.489877
63.600000 0.057736 0.589327 0.188164 0.219965 0.572940 0.356258 0.210313 0.490559
63.800000 0.057766 0.589579 0.188260 0.219969 0.573501 0.356031 0.210522 0.491160
64.000000 0.057749 0.589911 0.188331 0.219990 0.574290 0.356286 0.210480 0.491568
64.200000 0.057729 0.590162 0.188232 0.220025 0.574839 0.356027 0.210507 0.491924
64.400000 0.057748 0.590658 0.188286 0.219957 0.575075 0.356096 0.210588 0.492452
64.600000 0.057734 0.590882 0.188230 0.220129 0.576312 0.356150 0.210637 0.493225
64.800000 0.057685 0.590981 0.188293 0.220214 0.576938 0.356140 0.210684 0.493653
65.000000 0.057740 0.591174 0.188186 0.220271 0.577755 0.356160 0.210438 0.494313
65.200000 0.057739 0.591514 0.188351 0.220441 0.578182 0.356216 0.210806 0.494712
65.400000 0.057775 0.591754 0.188303 0.220399 0.578767 0.356254 0.210980 0.495255
65.600000 0.057728 0.591979 0.188161 0.220625 0.579434 0.356141 0.210848 0.495717
65.800000 0.057738 0.592272 0.188165 0.220200 0.580218 0.356258 0.210946 0.496330
66.000000 0.057777 0.592197 0.188240 0.220591 0.580885 0.356260 0.210934 0.496696
66.200000 0.057750 0.592794 0.188342 0.220777 0.581456 0.356234 0.211169 0.497169
66.400000 0.057735 0.592827 0.188375 0.220715 0.581873 0.356267 0.211093 0.497684
66.600000 0.057749 0.593250 0.188298 0.220685 0.582573 0.356188 0.211275 0.498114
66.800000 0.057791 0.593371 0.188578 0.220854 0.583228 0.356248 0.211290 0.498494
67.000000 0.057772 0.593651 0.188327 0.220878 0.583704 0.356180 0.211046 0.498939
67.200000 0.057759 0.593692 0.188326 0.220912 0.584115 0.356167 0.211082 0.499460
67.400000 0.057794 0.594096 0.188375 0.221036 0.584796 0.356217 0.211249 0.499811
67.600000 0.057784 0.594247 0.188167 0.221046 0.585244 0.356160 0.211182 0.500284
67.800000 0.057786 0.594423 0.188362 0.221079 0.585792 0.356159 0.211476 0.500681
68.000000 0.057607 0.594608 0.188329 0.221235 0.586344 0.356407 0.211403 0.501115
68.200000 0.057728 0.594686 0.188393 0.221143 0.587092 0.356315 0.211440 0.501266
68.400000 0.057772 0.595037 0.188407 0.221155 0.587415 0.356432 0.211357 0.501864
68.600000 0.057830 0.595164 0.188450 0.221290 0.587968 0.356408 0.211543 0.502398
68.800000 0.057734 0.594963 0.188385 0.221393 0.588565 0.356281 0.211360 0.502610
69.000000 0.057770 0.595405 0.188421 0.221449 0.589107 0.356362 0.211639 0.503162
69.200000 0.057777 0.595638 0.188426 0.221461 0.589487 0.356368 0.211788 0.503422
69.400000 0.057643 0.595417 0.188149 0.221640 0.590109 0.356205 0.211710 0.503888
69.600000 0.057773 0.596045 0.188431 0.221461 0.590786 0.356429 0.211723 0.504291
69.800000 0.057763 0.596275 0.188362 0.221674 0.591102 0.356393 0.211656 0.504462
70.000000 0.057789 0.596101 0.188596 0.221598 0.591458 0.356401 0.211806 0.504985
70.200000 0.057789 0.596605 0.188431 0.221721 0.592015 0.356256 0.211843 0.505222
70.400000 0.057759 0.596716 0.188704 0.221815 0.592281 0.356349 0.211800 0.505531
70.600000 0.057793 0.596872 0.188254 0.221938 0.592829 0.356336 0.211847 0.505843
70.800000 0.057762 0.596510 0.188298 0.221895 0.593284 0.356410 0.211997 0.506320
71.000000 0.057774 0.597094 0.188420 0.221869 0.593645 0.356434 0.211982 0.506649
71.200000 0.057757 0.597109 0.188482 0.221832 0.594074 0.356351 0.212238 0.506986
71.400000 0.057766 0.597369 0.188439 0.222163 0.594616 0.356379 0.212108 0.507271
71.600000 0.057803 0.597521 0.188347 0.222086 0.594890 0.356435 0.212246 0.507639
71.800000 0.057778 0.597672 0.188476 0.222058 0.595234 0.356332 0.212140 0.507958
72.000000 0.057781 0.597906 0.188352 0.222274 0.595736 0.356548 0.212097 0.508177
72.200000 0.057914 0.597726 0.188584 0.222289 0.596240 0.356323 0.212262 0.508567
72.400000 0.057799 0.597881 0.188707 0.222390 0.596536 0.356345 0.212340 0.508781
72.600000 0.057797 0.598134 0.188498 0.222327 0.596847 0.356419 0.212358 0.509132
72.800000 0.057802 0.598315 0.188539 0.222473 0.597513 0.356583 0.212408 0.509451
73.000000 0.057806 0.598388 0.188510 0.222383 0.597780 0.356550 0.212467 0.509726
73.200000 0.057813 0.598522 0.188536 0.222647 0.598227 0.356529 0.212458 0.509957
73.400000 0.057813 0.598487 0.188524 0.222487 0.598600 0.356507 0.212689 0.510399
73.600000 0.057801 0.598680 0.188544 0.222691 0.598829 0.356477 0.212359 0.510625
73.800000 0.057752 0.598841 0.188371 0.222721 0.599400 0.356487 0.212626 0.510783
74.000000 0.057918 0.598822 0.188519 0.222710 0.599649 0.356541 0.212683 0.510870
74.200000 0.057781 0.599085 0.188510 0.222685 0.599940 0.356413 0.212439 0.511404
74.400000 0.057784 0.599155 0.188530 0.222731 0.600242 0.356557 0.212684 0.511536
74.600000 0.057863 0.599110 0.188682 0.222983 0.600734 0.356517 0.212762 0.511932
74.800000 0.057787 0.599265 0.188701 0.222784 0.601130 0.356467 0.212797 0.512074
75.000000 0.057801 0.599452 0.188483 0.223038 0.601247 0.356576 0.212584 0.512366
75.200000 0.057785 0.599588 0.188468 0.222951 0.601711 0.356326 0.212840 0.512470
75.400000 0.057784 0.599732 0.188597 0.223131 0.602012 0.356469 0.213081 0.512726
75.600000 0.057980 0.599550 0.188464 0.223163 0.602127 0.356597 0.213057 0.513046
75.800000 0.057694 0.599907 0.188557 0.223129 0.602783 0.356598 0.212903 0.513449
76.000000 0.057800 0.599825 0.188505 0.223118 0.602966 0.356608 0.213001 0.513603
76.200000 0.057900 0.599831 0.188451 0.223295 0.603237 0.356458 0.213072 0.513677
76.400000 0.057828 0.599989 0.188475 0.223340 0.603540 0.356591 0.213078 0.513985
76.600000 0.057818 0.600148 0.188682 0.223292 0.603855 0.356589 0.212821 0.513986
76.800000 0.057799 0.600151 0.188679 0.223675 0.604193 0.356639 0.213141 0.514501
77.000000 0.057683 0.600147 0.188558 0.223495 0.604428 0.356517 0.213306 0.514585
77.200000 0.057683 0.600491 0.188460 0.223607 0.604765 0.356619 0.213233 0.514745
77.400000 0.057848 0.600286 0.188479 0.223610 0.605094 0.356656 0.213296 0.514941
77.600000 0.057693 0.600534 0.188637 0.223666 0.605229 0.356460 0.213306 0.515162
77.800000 0.057824 0.600435 0.188901 0.223556 0.605480 0.356703 0.213426 0.515339
78.000000 0.057769 0.600611 0.188678 0.223722 0.605714 0.356786 0.213401 0.515504
78.200000 0.057817 0.600485 0.188708 0.223581 0.606067 0.356676 0.213457 0.515601
78.400000 0.057960 0.600804 0.188586 0.223697 0.606116 0.356657 0.212951 0.515849
78.600000 0.057802 0.600989 0.188746 0.223706 0.606574 0.356665 0.213329 0.515954
78.800000 0.057816 0.600977 0.188729 0.223737 0.606895 0.356736 0.213386 0.516236
79.000000 0.057683 0.600893 0.188685 0.223975 0.606943 0.356708 0.213536 0.516499
79.200000 0.057832 0.601102 0.188652 0.223926 0.607282 0.356777 0.213578 0.516561
79.400000 0.057974 0.601073 0.188697 0.223870 0.607575 0.356644 0.213646 0.516521
79.600000 0.057690 0.601146 0.188626 0.224047 0.607699 0.356730 0.213667 0.516959
79.800000 0.057815 0.601109 0.188849 0.224075 0.608016 0.356707 0.213676 0.516985
80.000000 0.057687 0.601313 0.188690 0.224137 0.608173 0.356659 0.213676 0.517223
80.200000 0.057826 0.601468 0.188562 0.224276 0.608559 0.356730 0.213733 0.517380
80.400000 0.057685 0.601248 0.188640 0.224204 0.608645 0.356731 0.213806 0.517429
80.600000 0.057893 0.601444 0.188624 0.224278 0.609051 0.356822 0.213783 0.517641
80.800000 0.057812 0.601423 0.188639 0.224394 0.609234 0.356804 0.213689 0.517898
81.000000 0.057845 0.601377 0.188684 0.224376 0.609415 0.356821 0.213839 0.518115
81.200000 0.057975 0.601590 0.188711 0.224388 0.609335 0.356643 0.213958 0.518067
81.400000 0.057683 0.601581 0.188742 0.224375 0.609804 0.356814 0.214015 0.518224
81.600000 0.057838 0.601722 0.188581 0.224427 0.609913 0.356783 0.213929 0.518355
81.800000 0.057702 0.601744 0.188609 0.224319 0.610232 0.356891 0.214043 0.518608
82.000000 0.057691 0.601803 0.188599 0.224561 0.610386 0.356818 0.213952 0.518723
82.200000 0.057970 0.601854 0.188684 0.224574 0.610642 0.356585 0.214110 0.518740
82.400000 0.057855 0.601933 0.188865 0.224750 0.610911 0.356762 0.214173 0.518999
82.600000 0.057706 0.601912 0.188853 0.224731 0.611082 0.356892 0.214222 0.519033
82.800000 0.057959 0.601986 0.188613 0.224727 0.611372 0.356438 0.213940 0.519298
83.000000 0.057700 0.602218 0.188698 0.224845 0.611125 0.356889 0.214095 0.519347
83.200000 0.057706 0.602257 0.188782 0.224798 0.611506 0.356882 0.214131 0.519502
83.400000 0.057709 0.601987 0.188766 0.224894 0.611583 0.356857 0.214332 0.519590
83.600000 0.057865 0.602214 0.188699 0.224786 0.611951 0.356854 0.214342 0.519589
83.800000 0.057842 0.602382 0.188784 0.224897 0.612041 0.356777 0.214255 0.519943
84.000000 0.057835 0.602354 0.188618 0.224863 0.612302 0.357028 0.214378 0.519895
84.200000 0.057844 0.602275 0.188792 0.224916 0.612446 0.357015 0.214239 0.520089
84.400000 0.057866 0.602378 0.188894 0.224919 0.612735 0.356818 0.214403 0.520296
84.600000 0.057692 0.602357 0.188613 0.225052 0.612665 0.356860 0.214411 0.520210
84.800000 0.057983 0.602374 0.188642 0.225039 0.612914 0.356870 0.214503 0.520451
85.000000 0.057857 0.602495 0.188799 0.225111 0.613209 0.356791 0.214391 0.520502
85.200000 0.057833 0.602511 0.188848 0.225133 0.613205 0.356756 0.214489 0.520705
85.400000 0.057848 0.602456 0.188819 0.225150 0.613346 0.356974 0.214631 0.520649
85.600000 0.057719 0.602720 0.188756 0.225081 0.613559 0.356951 0.214610 0.520886
85.800000 0.057967 0.602688 0.188819 0.225341 0.613775 0.356919 0.214579 0.521030
86.000000 0.057885 0.602655 0.188880 0.225302 0.614003 0.356944 0.214557 0.521123
86.200000 0.057845 0.602752 0.188803 0.225243 0.614092 0.356900 0.214603 0.521117
86.400000 0.057874 0.602872 0.188512 0.225137 0.614315 0.356935 0.214764 0.521247
86.600000 0.057831 0.602739 0.188807 0.225354 0.614400 0.356772 0.214754 0.521506
86.800000 0.057890 0.602784 0.188812 0.225433 0.614600 0.356913 0.214812 0.521489
87.000000 0.057883 0.602753 0.188888 0.225481 0.614802 0.356990 0.214893 0.521666
87.200000 0.057898 0.602897 0.188843 0.225452 0.615054 0.356958 0.214872 0.521623
87.400000 0.057851 0.603116 0.188773 0.225517 0.614945 0.356988 0.214902 0.521998
87.600000 0.057857 0.603098 0.188891 0.225564 0.615299 0.356984 0.214900 0.521996
87.800000 0.057886 0.603028 0.188826 0.225443 0.615352 0.356776 0.214910 0.522130
88.000000 0.057862 0.602991 0.188827 0.225609 0.615396 0.357024 0.214983 0.522008
88.200000 0.057878 0.603171 0.188651 0.225574 0.615490 0.357031 0.214867 0.522300
88.400000 0.057872 0.603061 0.188838 0.225796 0.615770 0.356913 0.215063 0.522455
88.600000 0.057725 0.603237 0.188847 0.225553 0.615992 0.357041 0.215122 0.522467
88.800000 0.057896 0.603260 0.188844 0.225731 0.616200 0.356931 0.215071 0.522559
89.000000 0.057894 0.603287 0.188829 0.225779 0.616029 0.357179 0.215110 0.522761
89.200000 0.057889 0.603405 0.188839 0.225963 0.616391 0.357050 0.215148 0.522694
89.400000 0.057809 0.603368 0.189016 0.225921 0.616311 0.357004 0.215265 0.522723
89.600000 0.057896 0.603373 0.188764 0.225877 0.616705 0.356887 0.215043 0.523067
89.800000 0.057899 0.603367 0.188933 0.225942 0.616717 0.356987 0.215220 0.523002
90.000000 0.057737 0.603509 0.188780 0.225932 0.616767 0.357196 0.215201 0.523068
