0.200000 0.201106 0.441604 0.173710 0.245803 0.557545 0.422115 0.225253 0.463883
0.400000 0.200917 0.440368 0.173556 0.245138 0.554159 0.422097 0.224917 0.461610
0.600000 0.200884 0.439633 0.173466 0.244719 0.552249 0.422114 0.224742 0.460164
0.800000 0.200902 0.439135 0.173261 0.244429 0.550796 0.422170 0.224528 0.458965
1.000000 0.200905 0.438596 0.173467 0.243762 0.549052 0.421963 0.224367 0.457569
1.200000 0.200816 0.437989 0.173324 0.243519 0.547413 0.421947 0.224091 0.456185
1.400000 0.200851 0.437601 0.173407 0.243459 0.545769 0.421959 0.223967 0.454889
1.600000 0.200656 0.436865 0.173295 0.242615 0.544199 0.422044 0.223548 0.453607
1.800000 0.200802 0.436366 0.173006 0.242314 0.542561 0.421970 0.223459 0.452511
2.000000 0.200738 0.435840 0.173138 0.241994 0.540888 0.421780 0.223332 0.451232
2.200000 0.200678 0.435213 0.173197 0.241851 0.539359 0.421758 0.223108 0.450007
2.400000 0.200712 0.434635 0.173171 0.241298 0.537645 0.421848 0.222878 0.448722
2.600000 0.200372 0.433978 0.173169 0.241016 0.536022 0.421816 0.222738 0.447465
2.800000 0.200633 0.433571 0.172997 0.240540 0.534654 0.421795 0.222538 0.446243
3.000000 0.200610 0.433068 0.172883 0.240217 0.532761 0.421863 0.222243 0.445250
3.200000 0.200602 0.432738 0.173035 0.239965 0.531250 0.421802 0.222100 0.444020
3.400000 0.200502 0.432014 0.172732 0.239495 0.529698 0.421702 0.221881 0.442549
3.600000 0.200359 0.431620 0.172840 0.239339 0.528182 0.421880 0.221562 0.441453
3.800000 0.200485 0.431080 0.172685 0.238787 0.526616 0.421798 0.221523 0.440344
4.000000 0.200490 0.430558 0.172731 0.238545 0.525059 0.421638 0.221293 0.439225
4.200000 0.200448 0.430041 0.172678 0.238171 0.523710 0.421727 0.220713 0.437815
4.400000 0.200418 0.429459 0.172624 0.237848 0.522235 0.421624 0.220926 0.436718
4.600000 0.200380 0.428677 0.172470 0.237654 0.520755 0.421749 0.220751 0.435876
4.800000 0.200480 0.428618 0.172429 0.237182 0.519315 0.421570 0.220542 0.434575
5.000000 0.200278 0.428062 0.172554 0.236685 0.517800 0.421716 0.220255 0.433651
5.200000 0.200102 0.427553 0.172487 0.236649 0.516288 0.421617 0.220133 0.432006
5.400000 0.200267 0.427349 0.172566 0.236219 0.514923 0.421599 0.219932 0.431244
5.600000 0.200044 0.426653 0.172154 0.235765 0.513524 0.421591 0.219802 0.430026
5.800000 0.200160 0.426293 0.172346 0.235586 0.512021 0.421594 0.219521 0.429044
6.000000 0.200046 0.425724 0.172172 0.235264 0.510605 0.421518 0.219271 0.427946
6.200000 0.200067 0.425426 0.172228 0.234955 0.509064 0.421571 0.219180 0.426824
6.400000 0.200097 0.424871 0.172306 0.234633 0.507726 0.421498 0.218847 0.425761
6.600000 0.200020 0.424313 0.172207 0.234262 0.505780 0.421311 0.218667 0.424464
6.800000 0.200021 0.423802 0.172127 0.233961 0.504309 0.421298 0.218383 0.423336
7.000000 0.200003 0.423590 0.172082 0.233637 0.503206 0.421447 0.218204 0.422280
7.200000 0.200034 0.423068 0.172081 0.233440 0.501751 0.421332 0.218122 0.421291
7.400000 0.199946 0.422704 0.172020 0.233090 0.500609 0.421377 0.217866 0.420259
7.600000 0.199837 0.422334 0.171977 0.232741 0.499098 0.421355 0.217639 0.419225
7.800000 0.199686 0.421602 0.171920 0.232470 0.497851 0.421346 0.217558 0.418215
8.000000 0.199849 0.421158 0.171959 0.232158 0.496655 0.421174 0.217338 0.417096
8.200000 0.199710 0.420879 0.172008 0.231848 0.494888 0.421274 0.217208 0.416115
8.400000 0.199678 0.420675 0.171856 0.231532 0.493816 0.421234 0.217108 0.415341
8.600000 0.199644 0.420156 0.171843 0.231179 0.492698 0.421200 0.216660 0.414210
8.800000 0.199441 0.419699 0.171769 0.231099 0.491479 0.421293 0.216537 0.413454
9.000000 0.199526 0.419449 0.171795 0.230799 0.490327 0.421181 0.216427 0.412428
9.200000 0.199465 0.418879 0.171699 0.230541 0.488885 0.421132 0.216284 0.411488
9.400000 0.199397 0.418610 0.171810 0.230293 0.487823 0.421181 0.216183 0.410596
9.600000 0.199395 0.418170 0.171754 0.230049 0.486538 0.421137 0.215781 0.409635
9.800000 0.199513 0.417855 0.171561 0.229749 0.485259 0.421100 0.215846 0.408703
10.000000 0.199378 0.417330 0.171552 0.229509 0.484262 0.421065 0.215551 0.407731
10.200000 0.199324 0.417163 0.171657 0.229110 0.483038 0.421043 0.215353 0.406615
10.400000 0.199131 0.416635 0.171384 0.228950 0.481628 0.421047 0.215057 0.405972
10.600000 0.199430 0.416313 0.171599 0.228667 0.480401 0.421092 0.215107 0.405091
10.800000 0.199253 0.415849 0.171376 0.228574 0.479428 0.421047 0.214705 0.404139
11.000000 0.198885 0.415085 0.171391 0.228012 0.478113 0.420943 0.214580 0.403175
11.200000 0.198867 0.415224 0.171422 0.227952 0.476922 0.420823 0.214146 0.402165
11.400000 0.199016 0.414812 0.171405 0.227660 0.475845 0.420687 0.214214 0.401428
11.600000 0.199079 0.414555 0.171416 0.227382 0.474716 0.420758 0.214079 0.400603
11.800000 0.199019 0.414186 0.171188 0.227137 0.473505 0.420871 0.213815 0.399798
12.000000 0.198985 0.413868 0.171288 0.226791 0.472635 0.420911 0.213665 0.398905
12.200000 0.198902 0.413430 0.171261 0.226622 0.471355 0.420753 0.213598 0.397934
12.400000 0.198919 0.413098 0.171224 0.226306 0.470315 0.420709 0.213422 0.397075
12.600000 0.198972 0.412695 0.171219 0.226145 0.469163 0.420823 0.213220 0.396147
12.800000 0.198700 0.412367 0.171321 0.226082 0.467992 0.420770 0.212935 0.395609
13.000000 0.198638 0.412117 0.171173 0.225682 0.467200 0.420724 0.212899 0.394843
13.200000 0.198782 0.411822 0.171114 0.225384 0.466144 0.420560 0.212627 0.394052
13.400000 0.198764 0.411410 0.171115 0.225264 0.465180 0.420731 0.212300 0.393276
13.600000 0.198731 0.411091 0.170931 0.224949 0.464043 0.420824 0.212433 0.392461
13.800000 0.198531 0.410683 0.171058 0.224876 0.463241 0.420412 0.212311 0.391844
14.000000 0.198561 0.410693 0.171173 0.224689 0.462106 0.420581 0.212393 0.391122
14.200000 0.198637 0.410088 0.170960 0.224383 0.461119 0.420588 0.212096 0.390359
14.400000 0.198560 0.409713 0.170777 0.224027 0.460113 0.420393 0.211782 0.389449
14.600000 0.198632 0.409614 0.170914 0.224141 0.459400 0.420467 0.211641 0.388899
14.800000 0.198401 0.409376 0.170910 0.223780 0.458237 0.420618 0.211550 0.388330
15.000000 0.198372 0.408865 0.170825 0.223606 0.457310 0.420560 0.211338 0.387480
15.200000 0.198650 0.408745 0.170919 0.223246 0.456759 0.420607 0.211244 0.386841
15.400000 0.198441 0.408412 0.170948 0.223096 0.455648 0.420523 0.211086 0.386199
15.600000 0.198373 0.408064 0.170793 0.222995 0.454768 0.420538 0.210942 0.385448
15.800000 0.198252 0.407886 0.170860 0.222847 0.453929 0.420446 0.210598 0.384780
16.000000 0.198354 0.407461 0.170862 0.222617 0.452908 0.420431 0.210705 0.383955
16.200000 0.198256 0.407187 0.170693 0.222414 0.452128 0.420449 0.210477 0.383418
16.400000 0.198325 0.407096 0.170833 0.222026 0.451170 0.419877 0.209962 0.382661
16.600000 0.198248 0.406719 0.170766 0.221986 0.450062 0.420277 0.210028 0.382003
16.800000 0.197962 0.406377 0.170456 0.221775 0.449301 0.420386 0.210061 0.381198
17.000000 0.198194 0.406114 0.170797 0.221589 0.448545 0.420240 0.210086 0.380698
17.200000 0.197908 0.405802 0.170681 0.221354 0.447401 0.420313 0.209755 0.380025
17.400000 0.198184 0.405546 0.170738 0.221143 0.446706 0.420368 0.209574 0.379378
17.600000 0.198119 0.405305 0.170541 0.220827 0.445889 0.420317 0.209441 0.378686
17.800000 0.198081 0.404831 0.170597 0.220712 0.444812 0.420282 0.209333 0.378088
18.000000 0.197941 0.404762 0.170519 0.220577 0.444168 0.420094 0.209180 0.377401
18.200000 0.197924 0.404594 0.170448 0.220450 0.443312 0.420352 0.208890 0.376835
18.400000 0.197993 0.404306 0.170510 0.220261 0.442414 0.420140 0.208861 0.376020
18.600000 0.198026 0.404077 0.170472 0.220149 0.441661 0.420181 0.208619 0.375442
18.800000 0.197958 0.403514 0.170522 0.219893 0.440890 0.420201 0.208445 0.374839
19.000000 0.197980 0.403436 0.170542 0.219697 0.439937 0.420357 0.208339 0.374205
19.200000 0.197890 0.403065 0.170309 0.219474 0.439018 0.420323 0.208152 0.373452
19.400000 0.197890 0.402782 0.170304 0.219174 0.438092 0.420155 0.208132 0.372775
19.600000 0.197844 0.402403 0.170391 0.219075 0.437391 0.420088 0.208127 0.372232
19.800000 0.197769 0.402288 0.170393 0.218942 0.436668 0.419940 0.207827 0.371562
20.000000 0.197744 0.402067 0.170357 0.218777 0.435728 0.420010 0.207821 0.371081
20.200000 0.197735 0.401738 0.170305 0.218629 0.434988 0.420046 0.207523 0.370429
20.400000 0.197720 0.401450 0.170203 0.218333 0.434215 0.420025 0.207457 0.369737
20.600000 0.197693 0.401164 0.170297 0.218265 0.433418 0.419840 0.207292 0.369297
20.800000 0.197699 0.400925 0.170281 0.218054 0.432689 0.419982 0.207067 0.368673
21.000000 0.197660 0.400646 0.170022 0.217885 0.431682 0.420021 0.206991 0.368133
21.200000 0.197575 0.400297 0.170259 0.217513 0.430998 0.419903 0.206842 0.367183
21.400000 0.197580 0.400215 0.170157 0.217463 0.430316 0.419806 0.206813 0.366843
21.600000 0.197567 0.399810 0.170142 0.217243 0.429587 0.419853 0.206589 0.366359
21.800000 0.197538 0.399681 0.170085 0.217171 0.428865 0.419884 0.206519 0.365653
22.000000 0.197527 0.399499 0.169988 0.216870 0.428019 0.419952 0.206369 0.365230
22.200000 0.197363 0.399276 0.170000 0.216910 0.427440 0.419785 0.206277 0.364738
22.400000 0.197497 0.399073 0.170040 0.216813 0.426737 0.419803 0.205997 0.364176
22.600000 0.197479 0.398824 0.170012 0.216616 0.425938 0.419879 0.206097 0.363736
22.800000 0.197447 0.398527 0.170120 0.216235 0.425219 0.419641 0.205787 0.362977
23.000000 0.197529 0.398170 0.170042 0.216359 0.424593 0.419643 0.205706 0.362414
23.200000 0.197378 0.398023 0.169919 0.216010 0.423598 0.419763 0.205609 0.361983
23.400000 0.197344 0.397661 0.169878 0.215889 0.423043 0.419633 0.205451 0.361441
23.600000 0.197325 0.397532 0.170068 0.215834 0.422312 0.419888 0.205352 0.360891
23.800000 0.197416 0.397297 0.169950 0.215576 0.421724 0.419695 0.205189 0.360401
24.000000 0.197281 0.396915 0.169902 0.215548 0.420827 0.419753 0.205098 0.359861
24.200000 0.197281 0.396822 0.170061 0.215139 0.420179 0.419550 0.205045 0.359339
24.400000 0.197084 0.396532 0.169734 0.215067 0.419521 0.419709 0.204839 0.358736
24.600000 0.197071 0.396197 0.169825 0.214757 0.418946 0.419558 0.204738 0.358267
24.800000 0.197215 0.396178 0.169860 0.214976 0.418261 0.419509 0.204608 0.357913
25.000000 0.197155 0.395957 0.169576 0.214621 0.417588 0.419527 0.204378 0.357131
25.200000 0.197127 0.395785 0.169805 0.214457 0.416843 0.419545 0.204173 0.356667
25.400000 0.197085 0.395546 0.169827 0.214282 0.416076 0.419574 0.204049 0.356121
25.600000 0.197029 0.395177 0.169602 0.214221 0.415238 0.419523 0.204024 0.355591
25.800000 0.197043 0.394917 0.169705 0.214078 0.414697 0.419553 0.203874 0.355184
26.000000 0.196997 0.394731 0.169739 0.213881 0.414028 0.419485 0.203852 0.354682
26.200000 0.196849 0.394507 0.169795 0.213681 0.413373 0.419536 0.203558 0.353932
26.400000 0.196989 0.394433 0.169662 0.213503 0.412807 0.419453 0.203630 0.353592
26.600000 0.196887 0.394142 0.169539 0.213345 0.412129 0.419539 0.203490 0.353118
26.800000 0.196865 0.393866 0.169674 0.213245 0.411450 0.419431 0.203348 0.352714
27.000000 0.196801 0.393584 0.169595 0.213118 0.410796 0.419312 0.203199 0.352108
27.200000 0.196776 0.393497 0.169619 0.212903 0.410237 0.419453 0.203195 0.312578
27.400000 0.196787 0.393230 0.169585 0.212742 0.409560 0.419384 0.202985 0.351220
27.600000 0.196766 0.392736 0.169571 0.212659 0.408766 0.419159 0.202852 0.350754
27.800000 0.196745 0.392625 0.169587 0.212515 0.408270 0.419176 0.202668 0.350235
28.000000 0.196680 0.392606 0.169500 0.212324 0.407677 0.419189 0.202759 0.349869
28.200000 0.196546 0.392407 0.169441 0.212220 0.407074 0.419194 0.202279 0.349514
28.400000 0.196669 0.392093 0.169667 0.212136 0.406233 0.419254 0.202382 0.348704
28.600000 0.196652 0.391736 0.169519 0.211966 0.405850 0.419194 0.202237 0.348236
28.800000 0.196596 0.391685 0.169386 0.211664 0.404916 0.419210 0.201967 0.347552
29.000000 0.196422 0.391454 0.169518 0.211559 0.404578 0.419179 0.202023 0.347295
29.200000 0.196381 0.390962 0.169466 0.211588 0.404013 0.419131 0.201989 0.346947
29.400000 0.196513 0.391058 0.169455 0.211434 0.403393 0.419174 0.201849 0.346644
29.600000 0.196465 0.390846 0.169441 0.211263 0.402688 0.419065 0.201846 0.346118
29.800000 0.196451 0.390648 0.169387 0.211055 0.402185 0.418965 0.201721 0.345556
30.000000 0.196435 0.390466 0.169417 0.211014 0.401594 0.419126 0.201612 0.345231
30.200000 0.196409 0.390050 0.169287 0.210612 0.400856 0.419155 0.201257 0.344631
30.400000 0.196505 0.390079 0.169331 0.210642 0.400360 0.419154 0.201116 0.344092
30.600000 0.196617 0.389814 0.169338 0.210525 0.399849 0.418879 0.201114 0.344044
30.800000 0.197986 0.389443 0.169177 0.210373 0.399211 0.418962 0.200969 0.343347
31.000000 0.200949 0.389384 0.169314 0.210257 0.398526 0.418979 0.200820 0.342964
31.200000 0.204710 0.388994 0.169197 0.210013 0.398243 0.418727 0.200741 0.342415
31.400000 0.210444 0.389038 0.169305 0.210032 0.397933 0.418896 0.200655 0.342541
31.600000 0.217257 0.388815 0.169275 0.210076 0.397870 0.418965 0.200741 0.342144
31.800000 0.224515 0.388917 0.169284 0.210060 0.398305 0.419005 0.200573 0.342566
32.000000 0.232615 0.388785 0.169398 0.209985 0.398984 0.418941 0.200521 0.343059
32.200000 0.240503 0.389059 0.169292 0.210313 0.400096 0.418882 0.200642 0.343881
32.400000 0.248669 0.389491 0.169401 0.210478 0.401867 0.418901 0.200455 0.345032
32.600000 0.256298 0.390235 0.169336 0.210983 0.404012 0.418882 0.200487 0.346581
32.800000 0.263509 0.391297 0.169526 0.211564 0.406585 0.418993 0.200400 0.348414
33.000000 0.270202 0.392722 0.169821 0.212334 0.409668 0.418882 0.200653 0.350682
33.200000 0.276547 0.394465 0.169881 0.213200 0.413093 0.419043 0.200644 0.353094
33.400000 0.282162 0.397142 0.170188 0.214334 0.417242 0.418986 0.200610 0.355929
33.600000 0.287287 0.400019 0.170525 0.215744 0.421591 0.418954 0.200834 0.359244
33.800000 0.291870 0.403109 0.170780 0.217002 0.426266 0.418909 0.200952 0.362696
34.000000 0.296117 0.407072 0.171211 0.218682 0.431227 0.418984 0.201108 0.366445
34.200000 0.299690 0.411490 0.171801 0.220213 0.436555 0.418932 0.201240 0.370405
34.400000 0.303156 0.416403 0.172202 0.222250 0.442448 0.418888 0.201228 0.374436
34.600000 0.305944 0.421306 0.172640 0.224067 0.448235 0.419033 0.201499 0.378999
34.800000 0.308808 0.427101 0.173097 0.226150 0.454555 0.418980 0.201497 0.383610
35.000000 0.311270 0.433351 0.173793 0.228397 0.461234 0.418980 0.201885 0.388534
35.200000 0.313565 0.439866 0.174189 0.230376 0.467764 0.418953 0.202112 0.393677
35.400000 0.315173 0.446267 0.174422 0.232391 0.474150 0.419062 0.202363 0.398602
35.600000 0.316631 0.452702 0.174961 0.234302 0.480663 0.419056 0.202502 0.403470
35.800000 0.318267 0.459212 0.175411 0.236222 0.487390 0.418974 0.202743 0.408537
36.000000 0.319254 0.466244 0.175707 0.238113 0.494068 0.419036 0.202796 0.413702
36.200000 0.320550 0.473881 0.176260 0.240175 0.501031 0.419102 0.202944 0.419422
36.400000 0.321575 0.481284 0.176679 0.242155 0.508416 0.419021 0.203416 0.424867
36.600000 0.322518 0.488960 0.177006 0.243973 0.515492 0.418895 0.203620 0.430396
36.800000 0.323222 0.496885 0.177533 0.246015 0.522960 0.419105 0.203844 0.436056
37.000000 0.323954 0.505077 0.177793 0.247963 0.530654 0.419083 0.204092 0.442121
37.200000 0.324778 0.513476 0.178231 0.249742 0.538101 0.419089 0.204211 0.447891
37.400000 0.325429 0.522072 0.178803 0.251944 0.546796 0.419272 0.204669 0.455067
37.600000 0.326128 0.533941 0.179360 0.254426 0.557526 0.419023 0.204818 0.462722
37.800000 0.326657 0.542488 0.179688 0.256091 0.565240 0.419157 0.205107 0.468879
38.000000 0.326965 0.551196 0.180067 0.258082 0.573307 0.419206 0.205271 0.475223
38.200000 0.327331 0.560137 0.180521 0.259914 0.581453 0.419192 0.205683 0.481488
38.400000 0.327729 0.568923 0.181035 0.261683 0.589904 0.419113 0.205837 0.487741
38.600000 0.327966 0.577591 0.181525 0.263465 0.597861 0.419214 0.206178 0.494139
38.800000 0.328306 0.586646 0.181922 0.265061 0.606288 0.419438 0.206571 0.500457
39.000000 0.328455 0.595463 0.182128 0.266958 0.614708 0.419450 0.206701 0.507062
39.200000 0.328722 0.603969 0.182676 0.268607 0.623166 0.419189 0.206991 0.513490
39.400000 0.328863 0.612651 0.183020 0.270327 0.631335 0.419189 0.207328 0.520012
39.600000 0.329053 0.621580 0.183550 0.272025 0.639641 0.419298 0.207471 0.526716
39.800000 0.329245 0.630338 0.183820 0.273869 0.648446 0.419084 0.207873 0.533145
40.000000 0.329424 0.638821 0.184134 0.275420 0.656990 0.419350 0.207992 0.539825
40.200000 0.329505 0.647427 0.184616 0.276940 0.665167 0.419450 0.208417 0.546482
40.400000 0.329543 0.655720 0.184847 0.278493 0.674088 0.419235 0.208439 0.553203
40.600000 0.329597 0.664320 0.185367 0.280420 0.682762 0.419421 0.208876 0.560122
40.800000 0.329624 0.672383 0.185564 0.282127 0.691318 0.419418 0.209175 0.566843
41.000000 0.329777 0.680553 0.185982 0.283618 0.699816 0.419420 0.209271 0.573564
41.200000 0.329763 0.688676 0.186366 0.285271 0.708436 0.419351 0.209546 0.580204
41.400000 0.329958 0.696686 0.186818 0.286859 0.717167 0.419336 0.209841 0.587461
41.600000 0.330029 0.703929 0.187267 0.288506 0.725485 0.419494 0.210170 0.593785
41.800000 0.329914 0.711596 0.187565 0.290168 0.734006 0.419679 0.210534 0.600661
42.000000 0.330032 0.718234 0.187718 0.291587 0.703243 0.419533 0.210736 0.607153
42.200000 0.330108 0.725553 0.188192 0.293033 0.750659 0.419651 0.211153 0.613779
42.400000 0.330188 0.732438 0.188494 0.294614 0.758408 0.419520 0.211281 0.620149
42.600000 0.330119 0.739096 0.188829 0.296164 0.766510 0.419623 0.211595 0.626773
42.800000 0.330071 0.745364 0.189193 0.297634 0.774355 0.419576 0.211710 0.633032
43.000000 0.330168 0.751474 0.189511 0.298999 0.781869 0.419710 0.212153 0.639321
43.200000 0.330062 0.757346 0.189680 0.300528 0.789544 0.419751 0.212423 0.645550
43.400000 0.330237 0.763043 0.190034 0.301912 0.797058 0.419704 0.212634 0.651563
43.600000 0.330263 0.768754 0.190474 0.303484 0.804674 0.419773 0.212937 0.657877
43.800000 0.330271 0.774182 0.190921 0.304966 0.812605 0.419682 0.213320 0.664858
44.000000 0.330077 0.781124 0.191328 0.306879 0.821806 0.419808 0.213602 0.672219
44.200000 0.330216 0.785939 0.191355 0.308173 0.828818 0.419965 0.213888 0.678086
44.400000 0.330498 0.790823 0.191715 0.309668 0.835882 0.419878 0.214182 0.683845
44.600000 0.330060 0.795081 0.191954 0.310887 0.842498 0.419859 0.214245 0.689222
44.800000 0.330275 0.799572 0.192349 0.312393 0.849421 0.419940 0.214792 0.694857
45.000000 0.330183 0.803779 0.192702 0.313653 0.855644 0.419952 0.215029 0.700249
45.200000 0.330059 0.807685 0.193001 0.315043 0.861845 0.419982 0.215211 0.705702
45.400000 0.330108 0.811479 0.193048 0.316209 0.868132 0.420041 0.215582 0.711058
45.600000 0.329942 0.815178 0.193393 0.317665 0.874176 0.420033 0.215876 0.715999
45.800000 0.330028 0.818898 0.193753 0.318719 0.880140 0.419955 0.216146 0.721165
46.000000 0.329969 0.822431 0.193902 0.320134 0.885853 0.419941 0.216356 0.725916
46.200000 0.329701 0.825535 0.193986 0.321519 0.891559 0.419984 0.216594 0.730744
46.400000 0.329772 0.828616 0.194478 0.322712 0.897072 0.420228 0.216901 0.735769
46.600000 0.329845 0.831577 0.194631 0.323871 0.902290 0.420156 0.217124 0.740244
46.800000 0.329633 0.834243 0.194736 0.325018 0.907743 0.420166 0.217438 0.744910
47.000000 0.329771 0.837181 0.195056 0.326531 0.912948 0.420119 0.217648 0.749474
47.200000 0.329725 0.839737 0.195189 0.327476 0.917826 0.420036 0.218176 0.753847
47.400000 0.329711 0.842383 0.195552 0.328773 0.922855 0.420253 0.218104 0.758197
47.600000 0.329475 0.844811 0.195643 0.329937 0.927479 0.420316 0.218449 0.762233
47.800000 0.329515 0.847045 0.196070 0.331099 0.932281 0.420191 0.218738 0.766435
48.000000 0.329380 0.849437 0.196234 0.332226 0.936650 0.420194 0.218899 0.770384
48.200000 0.329414 0.851683 0.196261 0.333372 0.941070 0.420376 0.219229 0.774261
48.400000 0.329394 0.853815 0.196620 0.334558 0.945715 0.420230 0.219498 0.778164
48.600000 0.329361 0.856007 0.196798 0.335810 0.949912 0.420420 0.219754 0.781730
48.800000 0.329376 0.857564 0.196853 0.336870 0.953960 0.420424 0.219964 0.785574
49.000000 0.329133 0.859580 0.197123 0.337973 0.958012 0.420429 0.220298 0.789072
49.200000 0.329350 0.861334 0.197323 0.338903 0.962057 0.420463 0.220516 0.792600
49.400000 0.329161 0.862970 0.197305 0.340038 0.965633 0.420384 0.220754 0.796061
49.600000 0.329360 0.864433 0.197703 0.341107 0.969142 0.420556 0.220991 0.799484
49.800000 0.329417 0.866188 0.197874 0.342141 0.972769 0.420331 0.221084 0.802462
50.000000 0.329265 0.867649 0.198065 0.343178 0.976471 0.420606 0.221406 0.805909
50.200000 0.329330 0.869160 0.198257 0.344345 0.980380 0.420740 0.221850 0.809764
50.400000 0.329155 0.871358 0.198391 0.345935 0.985524 0.420716 0.222064 0.814012
50.600000 0.329240 0.872752 0.198783 0.346888 0.988873 0.420649 0.222456 0.816879
50.800000 0.329248 0.873966 0.198792 0.348086 0.992270 0.420731 0.222710 0.819977
51.000000 0.329188 0.875320 0.199025 0.349110 0.995404 0.420822 0.223077 0.822905
51.200000 0.329186 0.876315 0.199279 0.350096 0.998350 0.420571 0.223164 0.825601
51.400000 0.329158 0.877600 0.199337 0.351024 1.001398 0.420729 0.223459 0.828347
51.600000 0.329154 0.878882 0.199582 0.352029 1.004289 0.420817 0.223652 0.831036
51.800000 0.329229 0.880020 0.199460 0.352969 1.007219 0.420800 0.223879 0.833708
52.000000 0.328995 0.881124 0.199531 0.354101 1.010057 0.420929 0.224258 0.836257
52.200000 0.329015 0.882023 0.199952 0.354891 1.013012 0.420955 0.224361 0.838919
52.400000 0.329057 0.882956 0.199920 0.355945 1.015552 0.420861 0.224608 0.841163
52.600000 0.329090 0.883854 0.200273 0.357004 1.018128 0.420983 0.224836 0.843555
52.800000 0.329028 0.884957 0.200335 0.357884 1.020873 0.421113 0.225200 0.845974
53.000000 0.329060 0.885846 0.200639 0.358832 1.023453 0.421013 0.225233 0.848283
53.200000 0.328975 0.886674 0.200564 0.359881 1.025448 0.421051 0.225422 0.850237
53.400000 0.328835 0.887345 0.200729 0.360725 1.028021 0.421091 0.225694 0.852695
53.600000 0.328762 0.888287 0.200789 0.361615 1.030400 0.421005 0.226125 0.854768
53.800000 0.328854 0.889093 0.200941 0.362587 1.032644 0.421071 0.226334 0.856909
54.000000 0.328894 0.889690 0.201069 0.363562 1.034873 0.421089 0.226588 0.858633
54.200000 0.328832 0.890779 0.201212 0.364474 1.037220 0.421192 0.226799 0.861204
54.400000 0.328741 0.891228 0.201290 0.365323 1.039378 0.421172 0.226967 0.862910
54.600000 0.328798 0.892022 0.201443 0.366105 1.041372 0.421346 0.227242 0.864968
54.800000 0.328747 0.892436 0.201589 0.367081 1.043527 0.421149 0.227597 0.866718
55.000000 0.328569 0.893092 0.201823 0.367898 1.045527 0.421293 0.227746 0.868716
55.200000 0.328587 0.893969 0.201821 0.368552 1.047397 0.421330 0.228113 0.870363
55.400000 0.328562 0.894449 0.202011 0.369712 1.049441 0.421373 0.228215 0.872204
55.600000 0.328540 0.894804 0.201911 0.370407 1.051307 0.421542 0.228349 0.873774
55.800000 0.328637 0.895525 0.202191 0.371314 1.053105 0.421552 0.228715 0.875470
56.000000 0.328607 0.895876 0.202222 0.372117 1.054620 0.421589 0.228859 0.877109
56.200000 0.328670 0.896409 0.202380 0.373012 1.056442 0.421587 0.229111 0.878490
56.400000 0.328570 0.897184 0.202463 0.373932 1.058432 0.421562 0.229327 0.880569
56.600000 0.328435 0.897452 0.202523 0.374809 1.060225 0.421564 0.229571 0.882161
56.800000 0.328441 0.898028 0.202485 0.375670 1.061561 0.421309 0.229653 0.883685
57.000000 0.328662 0.937318 0.202697 0.376373 1.063410 0.421513 0.230015 0.885079
57.200000 0.328512 0.898817 0.202826 0.377194 1.065062 0.421466 0.230218 0.886414
57.400000 0.328480 0.899202 0.202791 0.377925 1.066572 0.421653 0.230351 0.887970
57.600000 0.328431 0.899691 0.203080 0.378726 1.067957 0.421638 0.230662 0.889288
57.800000 0.328490 0.900099 0.203146 0.379590 1.069658 0.421506 0.230859 0.890775
58.000000 0.328364 0.900180 0.203144 0.380163 1.070728 0.421618 0.230986 0.891757
58.200000 0.328235 0.901095 0.203437 0.381024 1.072657 0.421674 0.231181 0.893425
58.400000 0.328369 0.901166 0.203450 0.381666 1.073787 0.421622 0.231527 0.894544
58.600000 0.328356 0.901567 0.203443 0.382614 1.075398 0.421784 0.231517 0.895969
58.800000 0.328328 0.901866 0.203503 0.383229 1.076602 0.421866 0.231914 0.896832
59.000000 0.328101 0.902075 0.203627 0.384049 1.077824 0.421794 0.232086 0.898093
59.200000 0.328350 0.902295 0.203472 0.384802 1.079202 0.421769 0.232320 0.899258
59.400000 0.328072 0.902782 0.203815 0.385478 1.080172 0.421859 0.232490 0.900325
59.600000 0.328261 0.903188 0.203867 0.386098 1.081712 0.421981 0.232753 0.901746
59.800000 0.328205 0.903535 0.203788 0.386946 1.083014 0.422018 0.232926 0.902813
60.000000 0.328093 0.903511 0.204064 0.387670 1.083849 0.421956 0.233274 0.903781
60.200000 0.328106 0.903803 0.204098 0.388309 1.085132 0.422036 0.233308 0.904735
60.400000 0.327914 0.904265 0.204129 0.389175 1.086481 0.422204 0.233530 0.906062
60.600000 0.328042 0.904394 0.204261 0.389733 1.087400 0.421940 0.233626 0.906971
60.800000 0.327975 0.904633 0.204295 0.390510 1.088500 0.422069 0.234057 0.907803
61.000000 0.327882 0.904946 0.204215 0.391217 1.089551 0.422179 0.234110 0.908949
61.200000 0.327761 0.905196 0.204352 0.391956 1.090558 0.422110 0.234286 0.909693
61.400000 0.327706 0.905248 0.204476 0.392593 1.091526 0.422188 0.234433 0.910764
61.600000 0.327660 0.905559 0.204595 0.393137 1.092469 0.422276 0.234737 0.911638
61.800000 0.327640 0.905676 0.204714 0.393879 1.093632 0.421997 0.234849 0.912515
62.000000 0.327596 0.905898 0.204756 0.394454 1.094539 0.422170 0.235108 0.913344
62.200000 0.327503 0.906165 0.204657 0.395209 1.095586 0.422398 0.235174 0.914231
62.400000 0.327565 0.906515 0.204862 0.395925 1.096583 0.422356 0.235530 0.914950
62.600000 0.327448 0.906505 0.205036 0.396702 1.097227 0.422497 0.235616 0.916253
62.800000 0.327336 0.906612 0.204827 0.397380 1.098588 0.422488 0.235922 0.916943
63.000000 0.327194 0.906525 0.205047 0.398076 1.099537 0.422219 0.236175 0.917760
63.200000 0.327234 0.906691 0.205498 0.398821 1.100383 0.422238 0.236329 0.918549
63.400000 0.327206 0.906901 0.205210 0.399243 1.100977 0.422412 0.236456 0.919203
63.600000 0.327139 0.906999 0.205225 0.400047 1.101943 0.422365 0.236369 0.919989
63.800000 0.326998 0.907243 0.205520 0.400668 1.102623 0.422504 0.236948 0.920576
64.000000 0.327295 0.907324 0.205241 0.401260 1.103493 0.422494 0.237080 0.921625
64.200000 0.327124 0.907510 0.205422 0.401686 1.104265 0.422545 0.237199 0.922053
64.400000 0.327102 0.907393 0.205418 0.402521 1.104930 0.422601 0.237471 0.922691
64.600000 0.327015 0.907335 0.205420 0.402838 1.105631 0.422503 0.237544 0.923278
64.800000 0.327039 0.907503 0.205479 0.403586 1.106177 0.422427 0.237631 0.923896
65.000000 0.327112 0.907735 0.205403 0.404315 1.106728 0.422573 0.237945 0.924372
65.200000 0.327069 0.908012 0.205632 0.404799 1.107542 0.422571 0.237949 0.925255
65.400000 0.327063 0.907788 0.205656 0.405392 1.108047 0.422804 0.238330 0.925628
65.600000 0.327060 0.907617 0.205814 0.405968 1.109153 0.422710 0.238452 0.926378
65.800000 0.327106 0.908043 0.205757 0.406391 1.109728 0.422738 0.238656 0.926961
66.000000 0.327092 0.908163 0.205837 0.407126 1.110363 0.422741 0.238922 0.927383
66.200000 0.327102 0.908187 0.205873 0.407692 1.111037 0.422792 0.238844 0.927950
66.400000 0.327129 0.908051 0.205991 0.408205 1.111422 0.422878 0.238939 0.928489
66.600000 0.327113 0.908412 0.205970 0.408799 1.112315 0.422892 0.239390 0.929064
66.800000 0.326920 0.908234 0.206046 0.409257 1.112778 0.422846 0.239431 0.929660
67.000000 0.327077 0.908541 0.206022 0.409846 1.113269 0.422965 0.239664 0.930147
67.200000 0.327098 0.908349 0.206120 0.410432 1.113746 0.422885 0.239854 0.930523
67.400000 0.326889 0.908622 0.206281 0.410790 1.114470 0.422972 0.239968 0.931095
67.600000 0.327026 0.908681 0.206190 0.411522 1.115005 0.423109 0.240040 0.931730
67.800000 0.326988 0.908934 0.206211 0.412069 1.115328 0.423081 0.240317 0.932067
68.000000 0.327107 0.908747 0.206366 0.412446 1.115945 0.423113 0.240469 0.932613
68.200000 0.326939 0.908814 0.206229 0.413227 1.116627 0.422967 0.240420 0.932820
68.400000 0.326991 0.908544 0.206355 0.413683 1.117081 0.423038 0.240647 0.933514
68.600000 0.326890 0.908918 0.206338 0.414239 1.117417 0.423092 0.240957 0.933797
68.800000 0.326974 0.909067 0.206582 0.414860 1.118088 0.423039 0.241123 0.934465
69.000000 0.326991 0.908972 0.206479 0.415210 1.118570 0.423031 0.241274 0.934898
69.200000 0.326697 0.909269 0.206523 0.415568 1.119203 0.423016 0.241426 0.935319
69.400000 0.326644 0.909103 0.206460 0.416476 1.119416 0.423120 0.241376 0.935420
69.600000 0.326631 0.909128 0.206726 0.416843 1.120039 0.423222 0.241702 0.936024
69.800000 0.326473 0.909333 0.206591 0.417215 1.120364 0.423042 0.241873 0.936307
70.000000 0.326473 0.909123 0.206620 0.417486 1.120571 0.423126 0.242124 0.936610
70.200000 0.326421 0.909186 0.206690 0.418361 1.120941 0.423400 0.242160 0.937055
70.400000 0.326322 0.909270 0.206710 0.418892 1.121637 0.423319 0.242301 0.937452
70.600000 0.326361 0.909326 0.206785 0.419304 1.121848 0.423355 0.242550 0.937763
70.800000 0.326325 0.909295 0.206789 0.419647 1.122179 0.423371 0.242487 0.938219
71.000000 0.326301 0.909311 0.206887 0.420294 1.122761 0.423283 0.242905 0.938273
71.200000 0.326287 0.909545 0.206865 0.420826 1.122905 0.423356 0.242795 0.938819
71.400000 0.326309 0.909485 0.206946 0.421237 1.123330 0.423417 0.243092 0.938966
71.600000 0.326107 0.909553 0.207034 0.421823 1.123874 0.423572 0.243267 0.939449
71.800000 0.326363 0.909559 0.206988 0.422325 1.124141 0.423562 0.243512 0.939741
72.000000 0.326285 0.909290 0.207003 0.422778 1.124515 0.423684 0.243381 0.939968
72.200000 0.326215 0.909500 0.206929 0.423110 1.124655 0.423548 0.243496 0.940486
72.400000 0.326220 0.909360 0.206917 0.423736 1.125064 0.423733 0.243785 0.940560
72.600000 0.326126 0.909359 0.207115 0.423992 1.125220 0.423677 0.243955 0.940734
72.800000 0.326203 0.909362 0.207176 0.424487 1.125497 0.423716 0.244088 0.941092
73.000000 0.326121 0.909405 0.207100 0.424944 1.125815 0.423474 0.244214 0.941405
73.200000 0.326283 0.909342 0.207213 0.425379 1.126234 0.423433 0.244343 0.941761
73.400000 0.326307 0.909466 0.207302 0.425645 1.126728 0.423817 0.244547 0.942077
73.600000 0.326273 0.909478 0.207087 0.426280 1.126892 0.423784 0.244601 0.942084
73.800000 0.326341 0.909317 0.207354 0.426593 1.127093 0.423545 0.244743 0.942375
74.000000 0.326334 0.909313 0.207292 0.427204 1.127434 0.423824 0.244923 0.942643
74.200000 0.326474 0.909333 0.207157 0.427261 1.127333 0.423867 0.245028 0.943107
74.400000 0.326086 0.909274 0.207321 0.427752 1.128047 0.423586 0.245011 0.943102
74.600000 0.326292 0.909444 0.207496 0.428571 1.128524 0.424041 0.245357 0.943610
74.800000 0.326315 0.909543 0.207392 0.428890 1.128443 0.423870 0.245383 0.943653
75.000000 0.326270 0.909559 0.207496 0.429381 1.128958 0.423850 0.245588 0.944001
75.200000 0.326328 0.909694 0.207664 0.390719 1.129018 0.423976 0.245854 0.944308
75.400000 0.326309 0.909673 0.207566 0.430224 1.129422 0.423743 0.245835 0.944476
75.600000 0.326298 0.909351 0.207393 0.430619 1.129400 0.423667 0.245916 0.944530
75.800000 0.326264 0.909662 0.207531 0.430987 1.129859 0.423986 0.246061 0.944953
76.000000 0.326266 0.909770 0.207646 0.431495 1.130149 0.424155 0.246208 0.945237
76.200000 0.326088 0.909677 0.207521 0.431926 1.130502 0.424101 0.246338 0.945312
76.400000 0.326294 0.909595 0.207665 0.432262 1.130427 0.424177 0.246571 0.945379
76.600000 0.326253 0.909729 0.207658 0.432678 1.130726 0.424175 0.246567 0.945926
76.800000 0.326245 0.909612 0.207780 0.433089 1.131023 0.423898 0.246587 0.945954
77.000000 0.326092 0.909814 0.207943 0.433602 1.131147 0.424173 0.246776 0.946083
77.200000 0.326116 0.909848 0.207812 0.433915 1.131545 0.424091 0.246998 0.946482
77.400000 0.326191 0.910018 0.207973 0.434377 1.131513 0.424174 0.247179 0.946396
77.600000 0.326000 0.909810 0.207747 0.434644 1.131860 0.424059 0.247146 0.946754
77.800000 0.325932 0.909729 0.207964 0.435125 1.132165 0.424295 0.247469 0.947025
78.000000 0.326039 0.909919 0.207931 0.435601 1.132328 0.424334 0.247400 0.947020
78.200000 0.325988 0.910233 0.207912 0.435836 1.132530 0.424284 0.247540 0.947273
78.400000 0.325921 0.910009 0.207838 0.436124 1.132643 0.424261 0.247788 0.947338
78.600000 0.325996 0.910156 0.208046 0.436789 1.133083 0.424179 0.247917 0.947616
78.800000 0.325868 0.910037 0.208024 0.437140 1.132855 0.424242 0.247828 0.947862
79.000000 0.325884 0.910127 0.208089 0.437322 1.133036 0.424230 0.247737 0.947901
79.200000 0.325872 0.910124 0.208272 0.437807 1.133286 0.424318 0.248257 0.948157
79.400000 0.325766 0.909978 0.208086 0.438138 1.133343 0.424317 0.248179 0.948289
79.600000 0.325714 0.910176 0.208049 0.438459 1.133531 0.424453 0.248355 0.948390
79.800000 0.325688 0.909979 0.208010 0.438901 1.133737 0.424465 0.248485 0.948586
80.000000 0.325664 0.910115 0.208191 0.439290 1.133828 0.424380 0.248504 0.948660
80.200000 0.325647 0.909897 0.208114 0.439487 1.134184 0.424481 0.248661 0.948584
80.400000 0.325629 0.909999 0.208244 0.439891 1.133962 0.424396 0.248757 0.948664
80.600000 0.325713 0.910136 0.208426 0.440253 1.134380 0.424633 0.248901 0.949104
80.800000 0.325616 0.909830 0.208156 0.440732 1.134423 0.424593 0.248888 0.949144
81.000000 0.325499 0.909829 0.208196 0.441088 1.134354 0.424581 0.249026 0.949275
81.200000 0.325506 0.909901 0.208359 0.441298 1.134606 0.424626 0.249200 0.949308
81.400000 0.325492 0.910046 0.208284 0.441853 1.134536 0.424587 0.249327 0.949523
81.600000 0.325613 0.909925 0.208425 0.441970 1.134818 0.424505 0.249301 0.949625
81.800000 0.325480 0.909977 0.208367 0.442461 1.134812 0.424695 0.249331 0.949729
82.000000 0.325621 0.909923 0.208179 0.442603 1.135072 0.424541 0.249540 0.949726
82.200000 0.325558 0.909894 0.208410 0.443095 1.135148 0.424678 0.249677 0.949838
82.400000 0.325595 0.909799 0.208284 0.443178 1.135486 0.424816 0.249780 0.950115
82.600000 0.325606 0.910012 0.208557 0.443698 1.135401 0.424755 0.249881 0.950121
82.800000 0.325497 0.910016 0.208421 0.443937 1.135280 0.424780 0.249984 0.950129
83.000000 0.325567 0.909971 0.208485 0.444269 1.135669 0.424839 0.250027 0.950615
83.200000 0.325384 0.909957 0.208533 0.444257 1.134902 0.424869 0.249954 0.950406
83.400000 0.325503 0.910103 0.208499 0.444886 1.135730 0.424877 0.250234 0.950571
83.600000 0.325351 0.909744 0.208522 0.445195 1.135621 0.424919 0.250381 0.950519
83.800000 0.325481 0.909827 0.208520 0.445554 1.136075 0.424783 0.250154 0.950594
84.000000 0.325437 0.909771 0.208563 0.445643 1.135964 0.424917 0.250450 0.950844
84.200000 0.325382 0.909450 0.208539 0.445945 1.135321 0.424796 0.250504 0.950697
84.400000 0.325425 0.909958 0.208453 0.446463 1.136022 0.424926 0.250587 0.951070
84.600000 0.325447 0.909816 0.208522 0.446650 1.136269 0.425001 0.250719 0.951009
84.800000 0.325359 0.909644 0.208674 0.446894 1.136293 0.425026 0.250765 0.951133
85.000000 0.325353 0.909485 0.208442 0.447195 1.136198 0.425031 0.250745 0.950995
85.200000 0.325517 0.909864 0.208665 0.447397 1.135745 0.424662 0.250953 0.951195
85.400000 0.325332 0.909549 0.208784 0.447835 1.136196 0.425034 0.251138 0.951119
85.600000 0.325531 0.909849 0.208705 0.448048 1.136580 0.425093 0.251063 0.951483
85.800000 0.325463 0.909495 0.208678 0.448223 1.136339 0.425255 0.251241 0.951532
86.000000 0.325341 0.909622 0.208691 0.448582 1.136513 0.425091 0.251342 0.951688
86.200000 0.325539 0.909580 0.208744 0.448828 1.136891 0.425123 0.251341 0.951594
86.400000 0.325455 0.909664 0.208644 0.449225 1.136708 0.425248 0.251471 0.951678
86.600000 0.325372 0.909451 0.208631 0.449497 1.136925 0.425114 0.251607 0.951814
86.800000 0.325325 0.909879 0.208768 0.449786 1.136894 0.425111 0.251642 0.951921
87.000000 0.325498 0.909838 0.208850 0.450119 1.137167 0.425359 0.251921 0.951904
87.200000 0.325351 0.909594 0.208818 0.450473 1.136821 0.425212 0.251663 0.951848
87.400000 0.325331 0.909580 0.208740 0.450847 1.137010 0.425156 0.251961 0.952045
87.600000 0.325201 0.909546 0.208742 0.451196 1.137135 0.425342 0.252020 0.952296
87.800000 0.325369 0.909674 0.208766 0.451293 1.137306 0.425267 0.252165 0.952219
88.000000 0.325403 0.909696 0.208817 0.451752 1.137373 0.425347 0.252188 0.952399
88.200000 0.325369 0.909600 0.208976 0.451948 1.137411 0.425384 0.252251 0.952452
88.400000 0.325317 0.909596 0.208930 0.452163 1.137416 0.425330 0.252349 0.952533
88.600000 0.325325 0.909650 0.208837 0.452288 1.137505 0.425370 0.252429 0.952489
88.800000 0.325171 0.909760 0.208965 0.452685 1.137393 0.425285 0.252457 0.952551
89.000000 0.325301 0.909823 0.209021 0.453087 1.137765 0.425441 0.252415 0.952698
89.200000 0.325301 0.909659 0.208954 0.453203 1.137595 0.425495 0.252587 0.952547
89.400000 0.325276 0.909643 0.209194 0.453507 1.137650 0.425281 0.252731 0.952864
89.600000 0.325216 0.909801 0.209126 0.453711 1.137632 0.425565 0.252762 0.952735
89.800000 0.325183 0.909647 0.209103 0.453917 1.137770 0.425429 0.252986 0.952798
90.000000 0.325080 0.909661 0.208920 0.454251 1.137786 0.425263 0.252897 0.952898
