0.200000 0.051871 0.429164 0.175676 0.217088 0.457596 0.412801 0.211777 0.388902
0.400000 0.051677 0.428099 0.175634 0.216465 0.455107 0.412571 0.211465 0.387251
0.600000 0.051669 0.427606 0.175678 0.216424 0.454350 0.412745 0.211340 0.386446
0.800000 0.051625 0.427036 0.175591 0.216350 0.453104 0.412532 0.211286 0.385507
1.000000 0.051664 0.426490 0.175505 0.215952 0.451973 0.412525 0.210894 0.384722
1.200000 0.051640 0.425997 0.175367 0.215673 0.450960 0.412318 0.211006 0.383875
1.400000 0.051627 0.425613 0.175430 0.215623 0.449693 0.412440 0.210904 0.382992
1.600000 0.051623 0.425208 0.175470 0.215347 0.448610 0.412352 0.211133 0.382155
1.800000 0.051461 0.424705 0.175512 0.215274 0.447723 0.412211 0.210593 0.381174
2.000000 0.051642 0.424311 0.175537 0.215066 0.446541 0.412177 0.210583 0.380434
2.200000 0.051568 0.423725 0.175355 0.214811 0.445550 0.412206 0.210417 0.379577
2.400000 0.051592 0.423319 0.175335 0.214672 0.444627 0.412282 0.210367 0.378767
2.600000 0.051467 0.422946 0.175449 0.214466 0.443562 0.412279 0.210218 0.378045
2.800000 0.051575 0.422445 0.175188 0.214244 0.442243 0.412287 0.210248 0.377337
3.000000 0.051714 0.422051 0.175353 0.214102 0.441461 0.412206 0.210030 0.376566
3.200000 0.051719 0.421357 0.175176 0.213938 0.440610 0.412111 0.209992 0.375621
3.400000 0.051423 0.421083 0.175242 0.213908 0.439393 0.412030 0.209678 0.374824
3.600000 0.051571 0.420576 0.175222 0.213606 0.438461 0.412120 0.209753 0.374112
3.800000 0.051563 0.419933 0.175257 0.213379 0.437425 0.412124 0.209649 0.373327
4.000000 0.051540 0.419776 0.175191 0.213257 0.436495 0.412015 0.209636 0.372585
4.200000 0.051547 0.419558 0.175039 0.213076 0.435602 0.412042 0.209352 0.371749
4.400000 0.051529 0.418972 0.175191 0.212726 0.434491 0.411871 0.209260 0.370988
4.600000 0.051528 0.418621 0.175145 0.212542 0.433520 0.411875 0.209197 0.370283
4.800000 0.051528 0.418114 0.175405 0.212510 0.432476 0.411947 0.209069 0.369483
5.000000 0.051525 0.417735 0.175034 0.212532 0.431445 0.411927 0.209000 0.368744
5.200000 0.051489 0.417384 0.175133 0.212042 0.430455 0.411983 0.209037 0.367923
5.400000 0.051519 0.416904 0.175054 0.212038 0.429605 0.411940 0.208629 0.367236
5.600000 0.051454 0.416347 0.175135 0.211737 0.428670 0.411816 0.208594 0.366485
5.800000 0.051495 0.416176 0.174960 0.211713 0.427783 0.411695 0.208665 0.365874
6.000000 0.051488 0.415741 0.174941 0.211486 0.426808 0.411718 0.208293 0.365183
6.200000 0.051497 0.415287 0.174897 0.211232 0.425788 0.411761 0.208334 0.364435
6.400000 0.051532 0.414969 0.174950 0.211189 0.425016 0.411792 0.208258 0.363651
6.600000 0.051500 0.414358 0.174864 0.210950 0.423678 0.411434 0.208128 0.362597
6.800000 0.051464 0.413890 0.174918 0.210728 0.422869 0.411644 0.207926 0.361977
7.000000 0.051459 0.413772 0.175074 0.210626 0.421880 0.411688 0.207912 0.361313
7.200000 0.051446 0.413299 0.174834 0.210274 0.420873 0.411605 0.207819 0.360609
7.400000 0.051534 0.412921 0.174940 0.210285 0.420139 0.411644 0.207810 0.359987
7.600000 0.051421 0.412574 0.174567 0.210003 0.419191 0.411558 0.207616 0.359252
7.800000 0.051395 0.412182 0.174775 0.209839 0.418281 0.411463 0.207378 0.358581
8.000000 0.051333 0.411781 0.174820 0.209785 0.417380 0.411381 0.207243 0.357912
8.200000 0.051300 0.411506 0.174733 0.209767 0.416715 0.411457 0.207303 0.357065
8.400000 0.051121 0.411031 0.174716 0.209524 0.415714 0.411463 0.207184 0.356507
8.600000 0.051498 0.410826 0.174572 0.209353 0.414813 0.411279 0.207092 0.355843
8.800000 0.051413 0.410389 0.174668 0.209088 0.413936 0.411360 0.206897 0.355097
9.000000 0.051422 0.410014 0.174714 0.209165 0.413295 0.411360 0.206902 0.354683
9.200000 0.051389 0.409733 0.174658 0.208975 0.412323 0.411260 0.206781 0.353848
9.400000 0.051403 0.409333 0.174601 0.208765 0.411436 0.411207 0.206702 0.353366
9.600000 0.051408 0.408885 0.174647 0.208669 0.410725 0.411308 0.206585 0.352781
9.800000 0.051381 0.408776 0.174449 0.208474 0.409988 0.411276 0.206473 0.352267
10.000000 0.051444 0.408357 0.174780 0.208300 0.409213 0.411363 0.206458 0.351612
10.200000 0.051461 0.408081 0.174631 0.208406 0.408474 0.411243 0.206395 0.351011
10.400000 0.051313 0.407416 0.174410 0.208014 0.407691 0.411299 0.206269 0.350198
10.600000 0.051442 0.407266 0.174640 0.208050 0.406843 0.411093 0.206193 0.349611
10.800000 0.051574 0.407100 0.174647 0.207701 0.405869 0.411224 0.205879 0.349124
11.000000 0.051528 0.406672 0.174297 0.207791 0.405145 0.411163 0.205956 0.348501
11.200000 0.051289 0.406395 0.174588 0.207446 0.404458 0.411205 0.205978 0.348037
11.400000 0.051437 0.405995 0.174408 0.207469 0.403681 0.410972 0.205832 0.347399
11.600000 0.051273 0.405808 0.174658 0.207393 0.402983 0.411064 0.205820 0.346871
11.800000 0.051197 0.405172 0.174271 0.206919 0.401963 0.410954 0.205416 0.346069
12.000000 0.051351 0.404986 0.174395 0.206969 0.401158 0.410861 0.205338 0.345509
12.200000 0.051305 0.404732 0.174257 0.206793 0.400542 0.410954 0.205306 0.344918
12.400000 0.051298 0.404292 0.174391 0.206693 0.399683 0.410677 0.205228 0.344287
12.600000 0.051339 0.404112 0.174277 0.206577 0.399166 0.410849 0.204994 0.343708
12.800000 0.051332 0.403665 0.174373 0.206365 0.398053 0.410651 0.204934 0.343023
13.000000 0.051314 0.403415 0.174372 0.206350 0.397508 0.410834 0.204865 0.342637
13.200000 0.051295 0.403019 0.174310 0.206198 0.396585 0.410759 0.204678 0.342020
13.400000 0.051309 0.402890 0.174386 0.206122 0.396014 0.410689 0.204749 0.341475
13.600000 0.051315 0.402409 0.174007 0.205979 0.395398 0.410702 0.204737 0.341030
13.800000 0.051147 0.402321 0.174200 0.205766 0.394657 0.410737 0.204478 0.340507
14.000000 0.051287 0.402105 0.174090 0.205620 0.394189 0.410522 0.204267 0.340111
14.200000 0.051295 0.401788 0.174201 0.205535 0.393401 0.410721 0.204349 0.339364
14.400000 0.051295 0.401542 0.174139 0.205517 0.392773 0.410584 0.204303 0.338759
14.600000 0.051235 0.401185 0.174150 0.205306 0.392227 0.410563 0.204209 0.338527
14.800000 0.051255 0.400892 0.174104 0.205061 0.391398 0.410382 0.204099 0.337833
15.000000 0.051387 0.400674 0.174148 0.205030 0.390841 0.410398 0.203933 0.337375
15.200000 0.051256 0.400325 0.174037 0.204933 0.390271 0.410327 0.203739 0.337192
15.400000 0.051119 0.400078 0.174003 0.204866 0.389709 0.410359 0.203850 0.336555
15.600000 0.051198 0.399906 0.174119 0.204647 0.389088 0.410461 0.203425 0.336020
15.800000 0.051256 0.399646 0.174195 0.204592 0.388404 0.410370 0.203635 0.335658
16.000000 0.051243 0.399592 0.173956 0.204530 0.387808 0.410360 0.203515 0.335034
16.200000 0.051236 0.399312 0.174027 0.204408 0.387244 0.410230 0.203515 0.334478
16.400000 0.051247 0.398723 0.173950 0.204291 0.386410 0.410180 0.203360 0.334135
16.600000 0.051227 0.398618 0.174016 0.204435 0.385812 0.410115 0.203288 0.333820
16.800000 0.051194 0.398269 0.173998 0.204091 0.385324 0.410286 0.203156 0.333158
17.000000 0.051218 0.397959 0.173842 0.203959 0.384690 0.410183 0.203155 0.332720
17.200000 0.051209 0.397946 0.174096 0.203674 0.384125 0.410208 0.202986 0.332266
17.400000 0.051212 0.397629 0.173889 0.203834 0.383484 0.410015 0.202965 0.331834
17.600000 0.051211 0.397354 0.174000 0.203545 0.382897 0.410184 0.202842 0.331363
17.800000 0.051183 0.397118 0.173901 0.203657 0.382369 0.410112 0.202822 0.330942
18.000000 0.051196 0.396906 0.174014 0.203263 0.381732 0.410104 0.202921 0.330475
18.200000 0.051203 0.396646 0.173936 0.203302 0.381208 0.410067 0.202781 0.330041
18.400000 0.051162 0.396439 0.173930 0.203220 0.380645 0.410095 0.202502 0.329592
18.600000 0.051157 0.396173 0.173854 0.203139 0.380060 0.410039 0.202426 0.328997
18.800000 0.051155 0.395891 0.173746 0.203001 0.379351 0.409879 0.202388 0.328558
19.000000 0.051185 0.395623 0.173829 0.202681 0.378777 0.409942 0.202209 0.328088
19.200000 0.051202 0.395461 0.173709 0.202699 0.377983 0.409816 0.202032 0.327655
19.400000 0.050970 0.395091 0.173770 0.202490 0.377434 0.409717 0.202101 0.327210
19.600000 0.051138 0.395020 0.173797 0.202374 0.376759 0.409778 0.202120 0.326745
19.800000 0.051142 0.394429 0.173796 0.202377 0.376350 0.409819 0.202148 0.326344
20.000000 0.050988 0.394567 0.173742 0.202298 0.375821 0.409798 0.201747 0.325908
20.200000 0.051150 0.394234 0.173691 0.202185 0.375357 0.410000 0.201752 0.325397
20.400000 0.051158 0.393939 0.173895 0.202090 0.374607 0.409771 0.201854 0.325161
20.600000 0.051146 0.393725 0.173847 0.201928 0.374231 0.409544 0.201694 0.324667
20.800000 0.051255 0.393462 0.173689 0.201920 0.373775 0.409684 0.201493 0.324397
21.000000 0.051133 0.393139 0.173760 0.201754 0.373164 0.409654 0.201362 0.323901
21.200000 0.051143 0.393056 0.173727 0.201695 0.372488 0.409611 0.201353 0.323449
21.400000 0.051264 0.392770 0.173528 0.201454 0.372143 0.409617 0.201159 0.323145
21.600000 0.050979 0.392704 0.173761 0.201557 0.371473 0.409578 0.201215 0.322562
21.800000 0.051110 0.392204 0.173565 0.201346 0.371008 0.409434 0.201088 0.322157
22.000000 0.050994 0.391934 0.173616 0.201245 0.370439 0.409524 0.201056 0.321704
22.200000 0.051101 0.391944 0.173631 0.201227 0.369859 0.409395 0.200856 0.321418
22.400000 0.050982 0.391699 0.173618 0.201001 0.369326 0.409418 0.200909 0.321010
22.600000 0.051098 0.391399 0.173597 0.201094 0.368877 0.409318 0.200784 0.320442
22.800000 0.050969 0.391222 0.173535 0.201000 0.368200 0.409545 0.200708 0.320243
23.000000 0.051091 0.391126 0.173565 0.200878 0.367882 0.409263 0.200623 0.319886
23.200000 0.051064 0.390866 0.173632 0.200751 0.367420 0.409264 0.200573 0.319445
23.400000 0.051097 0.351654 0.173551 0.200791 0.366854 0.409366 0.200354 0.318942
23.600000 0.051053 0.390463 0.173393 0.200592 0.366331 0.409101 0.200424 0.318736
23.800000 0.050910 0.390253 0.173345 0.200132 0.365866 0.409238 0.200397 0.318279
24.000000 0.051070 0.389896 0.173394 0.200335 0.365422 0.409235 0.200322 0.317689
24.200000 0.051066 0.389718 0.173511 0.200228 0.364848 0.409259 0.200089 0.317684
24.400000 0.051057 0.389577 0.173460 0.200295 0.364234 0.408993 0.200130 0.317144
24.600000 0.051060 0.389451 0.173472 0.200146 0.363806 0.409242 0.200081 0.316900
24.800000 0.051091 0.389310 0.173466 0.200108 0.363418 0.409213 0.199986 0.316487
25.000000 0.051064 0.389175 0.173371 0.199962 0.362946 0.409236 0.199873 0.316120
25.200000 0.051071 0.388836 0.173385 0.199742 0.362510 0.409015 0.199788 0.315639
25.400000 0.050976 0.388578 0.173228 0.199794 0.361835 0.409074 0.199611 0.315303
25.600000 0.051017 0.388185 0.173196 0.199713 0.361328 0.408962 0.199710 0.314847
25.800000 0.051041 0.388317 0.173377 0.199685 0.360919 0.408957 0.199581 0.314556
26.000000 0.051034 0.387985 0.173270 0.199539 0.360443 0.409008 0.199493 0.314201
26.200000 0.051011 0.387784 0.173405 0.199331 0.360201 0.409070 0.199360 0.313569
26.400000 0.051007 0.387368 0.173166 0.199335 0.359524 0.408823 0.199304 0.313430
26.600000 0.051035 0.387443 0.173306 0.199305 0.359144 0.408899 0.199299 0.312988
26.800000 0.051028 0.387177 0.173202 0.199234 0.358500 0.408900 0.199170 0.312694
27.000000 0.051041 0.387061 0.173254 0.199065 0.358175 0.408902 0.199249 0.312458
27.200000 0.051047 0.386694 0.173290 0.198883 0.357683 0.408837 0.198858 0.312128
27.400000 0.051020 0.386576 0.173351 0.198939 0.357329 0.408756 0.198953 0.311669
27.600000 0.050867 0.386477 0.173198 0.198939 0.356866 0.408673 0.198880 0.311385
27.800000 0.051016 0.386273 0.173284 0.198811 0.356453 0.408750 0.198966 0.311016
28.000000 0.051022 0.386137 0.173211 0.198731 0.355942 0.408742 0.198815 0.310776
28.200000 0.050984 0.385945 0.173449 0.198591 0.355507 0.408523 0.198770 0.310441
28.400000 0.050991 0.385613 0.173237 0.198393 0.354969 0.408499 0.198677 0.310123
28.600000 0.050843 0.385581 0.173205 0.198510 0.354645 0.408548 0.198566 0.309725
28.800000 0.051009 0.385503 0.173272 0.198229 0.354278 0.408728 0.198480 0.309407
29.000000 0.051094 0.385428 0.173324 0.198310 0.353741 0.408719 0.198422 0.309116
29.200000 0.050840 0.384843 0.173201 0.198083 0.353392 0.408603 0.198248 0.308697
29.400000 0.050970 0.384861 0.173306 0.197982 0.353078 0.408557 0.198212 0.308418
29.600000 0.051107 0.384824 0.173124 0.198210 0.352596 0.408484 0.198233 0.308123
29.800000 0.050964 0.384590 0.173188 0.197968 0.352162 0.408543 0.198095 0.307835
30.000000 0.050984 0.384328 0.173045 0.197835 0.351711 0.408475 0.198072 0.307418
30.200000 0.050827 0.384039 0.172953 0.197899 0.351140 0.408474 0.197902 0.306891
30.400000 0.050827 0.384014 0.173097 0.197740 0.350794 0.408344 0.197958 0.306805
30.600000 0.050970 0.383797 0.173209 0.197627 0.350402 0.408410 0.198047 0.306521
30.800000 0.051103 0.383459 0.173075 0.197387 0.349951 0.408250 0.197820 0.306228
31.000000 0.051315 0.383585 0.173141 0.197501 0.349549 0.408299 0.197628 0.305808
31.200000 0.051688 0.383219 0.173137 0.197511 0.349147 0.408174 0.197709 0.305578
31.400000 0.051990 0.383039 0.173085 0.197354 0.348963 0.408268 0.197658 0.305401
31.600000 0.052460 0.383116 0.172998 0.197341 0.348806 0.408175 0.197638 0.305247
31.800000 0.052934 0.382860 0.173106 0.197346 0.348788 0.408203 0.197529 0.305258
32.000000 0.053557 0.382818 0.173118 0.197306 0.348919 0.408290 0.197572 0.305424
32.200000 0.054110 0.382818 0.173044 0.197169 0.349177 0.408081 0.197586 0.305564
32.400000 0.054732 0.382928 0.173143 0.197318 0.349924 0.408173 0.197550 0.306174
32.600000 0.055315 0.383202 0.173023 0.197428 0.350882 0.408060 0.197015 0.306429
32.800000 0.055900 0.383399 0.173277 0.197601 0.352037 0.408208 0.197522 0.307474
33.000000 0.056413 0.383993 0.173268 0.197865 0.353466 0.408157 0.197480 0.308594
33.200000 0.056770 0.384781 0.173263 0.198150 0.355130 0.408036 0.197532 0.309740
33.400000 0.057236 0.385819 0.173491 0.198499 0.357131 0.408215 0.197704 0.311359
33.600000 0.057708 0.386940 0.173365 0.198961 0.359229 0.408220 0.197587 0.312886
33.800000 0.058177 0.388446 0.173445 0.199145 0.361702 0.408120 0.197651 0.314570
34.000000 0.058514 0.390292 0.173473 0.199616 0.364338 0.408027 0.197669 0.316520
34.200000 0.058987 0.392461 0.173607 0.200282 0.367302 0.408040 0.197905 0.318793
34.400000 0.059140 0.394782 0.173749 0.200847 0.370194 0.408045 0.197695 0.320916
34.600000 0.059403 0.397538 0.173687 0.201429 0.373244 0.408189 0.197794 0.323632
34.800000 0.059626 0.400509 0.173941 0.202110 0.376682 0.407873 0.197920 0.325937
35.000000 0.059863 0.403866 0.174178 0.202844 0.380012 0.408202 0.198100 0.328783
35.200000 0.060014 0.407424 0.174314 0.203596 0.383816 0.408200 0.197971 0.331561
35.400000 0.060189 0.411112 0.174464 0.204078 0.387149 0.408248 0.198240 0.334069
35.600000 0.060313 0.414875 0.174621 0.204914 0.390727 0.408263 0.198296 0.337286
35.800000 0.060439 0.418901 0.174918 0.205665 0.394305 0.408319 0.198384 0.340087
36.000000 0.060446 0.423192 0.175139 0.206385 0.398059 0.408454 0.198454 0.342875
36.200000 0.060701 0.427697 0.175317 0.207269 0.401948 0.408275 0.198396 0.346098
36.400000 0.060786 0.432092 0.175533 0.207692 0.405885 0.408244 0.198814 0.349245
36.600000 0.060730 0.436883 0.175744 0.208455 0.409801 0.408295 0.198761 0.352592
36.800000 0.060979 0.441862 0.175943 0.209070 0.413939 0.408348 0.198891 0.355830
37.000000 0.061181 0.446782 0.176209 0.209909 0.418034 0.408385 0.198987 0.358929
37.200000 0.061086 0.451919 0.176311 0.210645 0.422117 0.408449 0.199090 0.362527
37.400000 0.061177 0.457263 0.176538 0.211433 0.426197 0.408344 0.199171 0.366012
37.600000 0.061250 0.463708 0.176736 0.212360 0.431616 0.408341 0.199363 0.370287
37.800000 0.061267 0.468962 0.177023 0.212752 0.435841 0.408340 0.199379 0.373864
38.000000 0.061365 0.474371 0.177009 0.213559 0.440365 0.408550 0.199577 0.377396
38.200000 0.061428 0.479801 0.177309 0.214205 0.444496 0.408549 0.199636 0.381115
38.400000 0.061300 0.485303 0.177496 0.214846 0.449099 0.408611 0.199861 0.384691
38.600000 0.061468 0.490819 0.177735 0.215580 0.453246 0.408534 0.199748 0.388597
38.800000 0.061350 0.496073 0.177867 0.216129 0.457915 0.408564 0.199958 0.392254
39.000000 0.061514 0.501637 0.178000 0.216932 0.462334 0.408601 0.199928 0.395989
39.200000 0.061547 0.507142 0.178111 0.217487 0.466625 0.408760 0.200065 0.399841
39.400000 0.061616 0.512427 0.178171 0.218180 0.471192 0.408610 0.200277 0.403566
39.600000 0.061596 0.518015 0.178543 0.218673 0.475755 0.408481 0.200403 0.407379
39.800000 0.061647 0.523338 0.178713 0.219378 0.480274 0.408766 0.200257 0.411232
40.000000 0.061665 0.528499 0.178847 0.220000 0.484721 0.408679 0.200516 0.415036
40.200000 0.061520 0.533800 0.179080 0.220493 0.489059 0.408758 0.200751 0.418943
40.400000 0.061744 0.539073 0.179248 0.221114 0.493963 0.408799 0.200806 0.422798
40.600000 0.061591 0.544141 0.179310 0.221822 0.498514 0.408846 0.201097 0.426488
40.800000 0.061734 0.549458 0.179570 0.222235 0.503076 0.408878 0.201214 0.430451
41.000000 0.061737 0.554200 0.179667 0.222894 0.507358 0.408856 0.201144 0.434464
41.200000 0.061770 0.559095 0.179961 0.223438 0.511958 0.409085 0.201376 0.438289
41.400000 0.061671 0.564122 0.179974 0.224010 0.516461 0.408803 0.201556 0.442080
41.600000 0.061775 0.568931 0.180177 0.224531 0.521076 0.408996 0.201311 0.445995
41.800000 0.061858 0.573645 0.180247 0.225354 0.525391 0.409082 0.201761 0.449473
42.000000 0.061843 0.578455 0.180390 0.225715 0.530006 0.409008 0.201746 0.453555
42.200000 0.061849 0.582736 0.180555 0.226283 0.534597 0.409060 0.201918 0.457410
42.400000 0.061812 0.587303 0.180658 0.226861 0.538386 0.408953 0.202121 0.461081
42.600000 0.061895 0.591794 0.180673 0.227248 0.542963 0.409051 0.202253 0.464895
42.800000 0.061811 0.595954 0.181034 0.227836 0.547113 0.409051 0.202368 0.468532
43.000000 0.061882 0.600085 0.181146 0.228365 0.551586 0.409119 0.202500 0.472120
43.200000 0.061941 0.604162 0.181382 0.228732 0.555637 0.409196 0.202486 0.475842
43.400000 0.061952 0.608071 0.181348 0.229218 0.560004 0.409094 0.202725 0.479478
43.600000 0.061936 0.612043 0.181451 0.229872 0.564019 0.409253 0.202929 0.482975
43.800000 0.062010 0.616047 0.181863 0.230483 0.568506 0.409377 0.203000 0.487096
44.000000 0.061882 0.621512 0.181905 0.231205 0.574436 0.409339 0.203139 0.491881
44.200000 0.061995 0.625184 0.181872 0.231634 0.578380 0.409321 0.203326 0.495363
44.400000 0.062022 0.628581 0.182066 0.232182 0.582421 0.409349 0.203440 0.498788
44.600000 0.062037 0.632182 0.182062 0.232636 0.586491 0.409435 0.203438 0.502024
44.800000 0.062013 0.635676 0.182223 0.233160 0.590362 0.409431 0.203680 0.505387
45.000000 0.062047 0.638735 0.182390 0.233594 0.594208 0.409288 0.203749 0.508797
45.200000 0.062045 0.642032 0.182493 0.233964 0.597891 0.409504 0.203949 0.511889
45.400000 0.062065 0.645017 0.182593 0.234076 0.601761 0.409505 0.204087 0.515214
45.600000 0.062068 0.648154 0.182869 0.234719 0.605350 0.409660 0.204273 0.518528
45.800000 0.062063 0.650944 0.182820 0.235395 0.609187 0.409560 0.204267 0.521582
46.000000 0.061798 0.653904 0.182795 0.235710 0.612671 0.409687 0.204424 0.524474
46.200000 0.062085 0.656648 0.183051 0.236324 0.616444 0.409639 0.204740 0.527506
46.400000 0.061952 0.659360 0.183142 0.236748 0.619850 0.409696 0.204626 0.530583
46.600000 0.062127 0.661943 0.183296 0.237172 0.623536 0.409583 0.204787 0.533595
46.800000 0.062239 0.664514 0.183368 0.237440 0.626935 0.409567 0.204913 0.536572
47.000000 0.062137 0.666899 0.183312 0.237997 0.630231 0.409602 0.205010 0.539314
47.200000 0.062134 0.669406 0.183515 0.238394 0.633603 0.409848 0.204968 0.541995
47.400000 0.062140 0.671976 0.183609 0.238726 0.637040 0.409778 0.205314 0.544977
47.600000 0.062138 0.674108 0.183747 0.239428 0.640127 0.409983 0.205429 0.547757
47.800000 0.062159 0.676206 0.183834 0.239573 0.643340 0.409865 0.205402 0.550287
48.000000 0.062138 0.678312 0.183980 0.240136 0.646604 0.409736 0.205765 0.552892
48.200000 0.062177 0.680538 0.184012 0.240485 0.649732 0.409939 0.205787 0.555575
48.400000 0.062142 0.682401 0.184048 0.240794 0.652922 0.409945 0.205908 0.558097
48.600000 0.062168 0.684421 0.184109 0.241368 0.655924 0.410113 0.206069 0.560679
48.800000 0.062172 0.686331 0.184031 0.241619 0.658910 0.409954 0.206008 0.563377
49.000000 0.062215 0.688103 0.184234 0.242130 0.662041 0.410022 0.206276 0.565572
49.200000 0.062140 0.689771 0.184243 0.242553 0.664729 0.410045 0.206420 0.568047
49.400000 0.062193 0.691591 0.184334 0.242648 0.667708 0.410112 0.206472 0.570305
49.600000 0.062374 0.693234 0.184428 0.243354 0.670576 0.410143 0.206755 0.572693
49.800000 0.062220 0.694758 0.184575 0.243828 0.673262 0.410155 0.206613 0.574894
50.000000 0.062211 0.696412 0.184683 0.243907 0.675986 0.410128 0.206890 0.577117
50.200000 0.062206 0.698100 0.184730 0.244548 0.679197 0.410025 0.207039 0.579824
50.400000 0.062252 0.699733 0.184799 0.244876 0.681981 0.410237 0.206953 0.582258
50.600000 0.062252 0.701130 0.184848 0.245262 0.684796 0.410200 0.207295 0.584082
50.800000 0.062246 0.702514 0.184800 0.245569 0.687304 0.410377 0.207263 0.586254
51.000000 0.062104 0.703817 0.185044 0.246035 0.689941 0.410293 0.207476 0.588110
51.200000 0.062249 0.705420 0.185196 0.246334 0.692381 0.410201 0.207799 0.590515
51.400000 0.062252 0.706337 0.185220 0.246663 0.694706 0.410388 0.207762 0.592128
51.600000 0.062232 0.707670 0.185092 0.246938 0.697191 0.410438 0.207716 0.594300
51.800000 0.062376 0.708789 0.185156 0.247254 0.699762 0.410460 0.207862 0.596042
52.000000 0.062309 0.709988 0.185388 0.247720 0.702068 0.410367 0.208082 0.598034
52.200000 0.062398 0.710970 0.185272 0.248165 0.704416 0.410430 0.208212 0.599826
52.400000 0.062273 0.711981 0.185319 0.248551 0.706587 0.410436 0.208303 0.601575
52.600000 0.062270 0.713128 0.185422 0.248804 0.708932 0.410466 0.208486 0.603551
52.800000 0.062267 0.713986 0.185469 0.249129 0.711072 0.410558 0.208346 0.605230
53.000000 0.062403 0.715094 0.185615 0.249591 0.713253 0.410585 0.208620 0.607098
53.200000 0.062302 0.715988 0.185664 0.249659 0.715212 0.410467 0.208817 0.608583
53.400000 0.062370 0.716992 0.185622 0.250142 0.717368 0.410714 0.208927 0.610249
53.600000 0.062124 0.717738 0.185805 0.250461 0.719493 0.410588 0.209000 0.611790
53.800000 0.062310 0.718485 0.185762 0.250750 0.721319 0.410761 0.209060 0.613433
54.000000 0.062292 0.719281 0.185828 0.251014 0.723368 0.410673 0.209266 0.614863
54.200000 0.062303 0.720144 0.185864 0.251321 0.725266 0.410738 0.209461 0.616601
54.400000 0.062326 0.720775 0.185949 0.251632 0.727122 0.410751 0.209654 0.617879
54.600000 0.062301 0.721372 0.185913 0.252004 0.729261 0.410743 0.209633 0.619366
54.800000 0.062300 0.722174 0.186154 0.252237 0.731019 0.410842 0.209745 0.620839
55.000000 0.062125 0.722628 0.185723 0.252464 0.732697 0.410686 0.209602 0.622146
55.200000 0.062150 0.723566 0.185994 0.252933 0.734845 0.410599 0.209812 0.623739
55.400000 0.062349 0.724611 0.186007 0.253493 0.737138 0.410879 0.210156 0.625700
55.600000 0.062338 0.725066 0.186215 0.253730 0.738770 0.410983 0.210128 0.626928
55.800000 0.062339 0.725665 0.186165 0.254031 0.740472 0.410908 0.210378 0.628266
56.000000 0.062320 0.726311 0.186169 0.254408 0.741955 0.411053 0.210562 0.629559
56.200000 0.062370 0.726881 0.186395 0.254765 0.743568 0.410937 0.210577 0.630881
56.400000 0.062323 0.727604 0.186402 0.255125 0.745733 0.411014 0.210728 0.632329
56.600000 0.062356 0.727969 0.186341 0.255536 0.747424 0.411056 0.210857 0.633636
56.800000 0.062355 0.728546 0.186525 0.255639 0.748775 0.410929 0.210975 0.634717
57.000000 0.062329 0.729151 0.186494 0.256007 0.750355 0.411247 0.211070 0.635776
57.200000 0.062277 0.729410 0.186572 0.256308 0.751959 0.411170 0.211055 0.637005
57.400000 0.062357 0.729882 0.186554 0.256761 0.753318 0.411140 0.211310 0.638103
57.600000 0.062335 0.730375 0.186613 0.256918 0.754367 0.411212 0.211300 0.639038
57.800000 0.062342 0.730862 0.186687 0.257145 0.756158 0.411288 0.211639 0.640209
58.000000 0.062329 0.731217 0.186883 0.257475 0.757398 0.411156 0.211617 0.641027
58.200000 0.062381 0.731616 0.186632 0.257768 0.758901 0.411349 0.211713 0.641946
58.400000 0.062380 0.732184 0.186689 0.258169 0.760025 0.411263 0.211665 0.643294
58.600000 0.062321 0.732308 0.186831 0.258256 0.761354 0.411248 0.211967 0.644208
58.800000 0.062373 0.732858 0.186840 0.258548 0.762560 0.411314 0.212054 0.645250
59.000000 0.062346 0.732915 0.186828 0.258707 0.763591 0.411335 0.211961 0.645813
59.200000 0.062342 0.733358 0.186912 0.259200 0.764974 0.411266 0.212357 0.646930
59.400000 0.062367 0.733779 0.186836 0.259540 0.766183 0.411468 0.212348 0.647760
59.600000 0.062356 0.734034 0.187070 0.259661 0.767302 0.411356 0.212459 0.648753
59.800000 0.062364 0.734418 0.186930 0.259901 0.768284 0.411489 0.212413 0.649557
60.000000 0.062180 0.734642 0.187011 0.260233 0.769203 0.411505 0.212593 0.650359
60.200000 0.062368 0.735042 0.186808 0.260408 0.770466 0.411379 0.212794 0.651270
60.400000 0.062370 0.735234 0.187055 0.260808 0.771615 0.411610 0.212914 0.652203
60.600000 0.062345 0.735560 0.187066 0.261046 0.772650 0.411394 0.213011 0.652980
60.800000 0.062381 0.735873 0.187162 0.261349 0.773656 0.411534 0.212900 0.653801
61.000000 0.062386 0.736224 0.187185 0.261431 0.774542 0.411596 0.213057 0.654401
61.200000 0.062370 0.736385 0.187166 0.261829 0.775625 0.411402 0.213172 0.655041
61.400000 0.062398 0.736616 0.187371 0.261946 0.776743 0.411570 0.213355 0.655890
61.600000 0.062354 0.736618 0.187106 0.262170 0.777730 0.411682 0.213506 0.656561
61.800000 0.062369 0.737091 0.187111 0.262491 0.778513 0.411634 0.213658 0.657492
62.000000 0.062382 0.737004 0.187202 0.262717 0.779474 0.411678 0.213687 0.657966
62.200000 0.062373 0.737376 0.187238 0.262942 0.780524 0.411725 0.213908 0.658718
62.400000 0.062287 0.737608 0.187235 0.263293 0.781447 0.411815 0.213981 0.659597
62.600000 0.062385 0.737916 0.187496 0.263632 0.782712 0.411796 0.213963 0.660456
62.800000 0.062367 0.738118 0.187461 0.263835 0.783402 0.411784 0.214106 0.660999
63.000000 0.062179 0.738492 0.187393 0.264141 0.784230 0.411841 0.214248 0.661689
63.200000 0.062332 0.738381 0.187278 0.264133 0.785186 0.411813 0.214254 0.662306
63.400000 0.062537 0.738565 0.187468 0.264612 0.786013 0.411760 0.214490 0.662853
63.600000 0.062394 0.738857 0.187433 0.264817 0.786837 0.411752 0.214391 0.663571
63.800000 0.062390 0.739016 0.187490 0.265018 0.787551 0.411909 0.214652 0.664116
64.000000 0.062546 0.739243 0.187393 0.265319 0.788288 0.411919 0.214748 0.664522
64.200000 0.062407 0.739397 0.187533 0.265618 0.789158 0.411839 0.214856 0.664856
64.400000 0.062402 0.739569 0.187433 0.265753 0.789890 0.411962 0.214884 0.665887
64.600000 0.062236 0.739444 0.187573 0.266055 0.790669 0.412005 0.214878 0.666229
64.800000 0.062403 0.739842 0.187567 0.266252 0.791313 0.411990 0.215136 0.666930
65.000000 0.062278 0.740044 0.187613 0.266520 0.791997 0.412038 0.215272 0.667567
65.200000 0.062420 0.739945 0.187764 0.266427 0.792621 0.412051 0.215358 0.667772
65.400000 0.062437 0.740175 0.187590 0.267027 0.793429 0.412116 0.215355 0.668425
65.600000 0.062557 0.740270 0.187727 0.267127 0.794104 0.412129 0.215459 0.668948
65.800000 0.062421 0.740500 0.187532 0.267450 0.794731 0.412270 0.215604 0.669414
66.000000 0.062402 0.740652 0.187591 0.267636 0.795370 0.412158 0.215635 0.669924
66.200000 0.062271 0.740615 0.187575 0.267514 0.796028 0.412136 0.215868 0.670237
66.400000 0.062422 0.740784 0.187715 0.268010 0.796604 0.412172 0.215770 0.670834
66.600000 0.062430 0.740953 0.187612 0.268164 0.797079 0.412200 0.215961 0.671231
66.800000 0.062398 0.740894 0.187724 0.268552 0.797758 0.412241 0.215934 0.671454
67.000000 0.062424 0.741000 0.187959 0.268611 0.798224 0.412254 0.216206 0.672109
67.200000 0.062272 0.741142 0.187770 0.268915 0.798844 0.412149 0.216268 0.672413
67.400000 0.062400 0.741381 0.187866 0.268869 0.799297 0.412364 0.216218 0.672631
67.600000 0.062394 0.741377 0.187704 0.269284 0.799831 0.412145 0.216444 0.673289
67.800000 0.062418 0.741280 0.187821 0.269563 0.800614 0.412449 0.216375 0.673704
68.000000 0.062270 0.741351 0.187898 0.269643 0.801014 0.412404 0.216612 0.674068
68.200000 0.062380 0.741595 0.187916 0.269806 0.801686 0.412347 0.216711 0.674521
68.400000 0.062389 0.741587 0.187923 0.270005 0.801718 0.412306 0.216692 0.674748
68.600000 0.062386 0.741731 0.187836 0.270240 0.802690 0.412319 0.216563 0.675324
68.800000 0.062363 0.741578 0.187920 0.270484 0.803021 0.412399 0.216891 0.675355
69.000000 0.062475 0.742015 0.187892 0.270538 0.803629 0.412442 0.217040 0.675979
69.200000 0.062388 0.741904 0.188025 0.270990 0.804110 0.412353 0.217157 0.676394
69.400000 0.062400 0.741963 0.188134 0.271295 0.804722 0.412578 0.217404 0.676809
69.600000 0.062417 0.781105 0.187745 0.271567 0.804935 0.412463 0.217395 0.677172
69.800000 0.062429 0.703151 0.187992 0.271578 0.805489 0.412594 0.217574 0.677400
70.000000 0.062419 0.742334 0.188108 0.271749 0.805740 0.412480 0.217574 0.677523
70.200000 0.062556 0.703176 0.188028 0.271839 0.806287 0.412529 0.217720 0.677991
70.400000 0.062445 0.742332 0.188035 0.272141 0.806871 0.412664 0.217732 0.678358
70.600000 0.062431 0.742464 0.188130 0.272371 0.807241 0.412638 0.217876 0.678682
70.800000 0.062442 0.742345 0.188129 0.272458 0.807701 0.412709 0.217746 0.678938
71.000000 0.062285 0.742499 0.188034 0.272797 0.807972 0.412620 0.217900 0.679191
71.200000 0.062528 0.742563 0.188093 0.272991 0.808429 0.412820 0.217938 0.679765
71.400000 0.062439 0.742629 0.188142 0.273275 0.808806 0.412467 0.218136 0.679832
71.600000 0.062455 0.742753 0.188187 0.273361 0.809367 0.412715 0.218187 0.680189
71.800000 0.062423 0.742922 0.188008 0.273579 0.809713 0.412805 0.218151 0.680496
72.000000 0.062364 0.742658 0.188115 0.273662 0.809816 0.412749 0.218152 0.680690
72.200000 0.062539 0.742819 0.188167 0.273918 0.810452 0.412890 0.218446 0.680875
72.400000 0.062455 0.742945 0.188272 0.274090 0.810762 0.413037 0.218654 0.681225
72.600000 0.062460 0.742923 0.188164 0.274276 0.811184 0.412821 0.218392 0.681502
72.800000 0.062442 0.743008 0.188158 0.274599 0.811653 0.412821 0.218707 0.681805
73.000000 0.062407 0.743093 0.188218 0.274584 0.812051 0.412970 0.218695 0.682151
73.200000 0.062438 0.742968 0.188239 0.274681 0.812181 0.413033 0.218830 0.682042
73.400000 0.062419 0.743145 0.188247 0.275005 0.812577 0.412967 0.218814 0.682426
73.600000 0.062464 0.743041 0.188242 0.275242 0.812862 0.412983 0.219041 0.682718
73.800000 0.062453 0.743234 0.188444 0.275388 0.813288 0.413026 0.219087 0.682891
74.000000 0.062428 0.743182 0.188320 0.275638 0.813614 0.413051 0.219208 0.683169
74.200000 0.062513 0.743329 0.188212 0.275812 0.813769 0.413129 0.219138 0.683529
74.400000 0.062438 0.743547 0.188386 0.276180 0.814306 0.413079 0.219289 0.683607
74.600000 0.062418 0.743253 0.188330 0.276214 0.814646 0.413078 0.219467 0.684033
74.800000 0.062525 0.743391 0.188336 0.276390 0.815021 0.413154 0.219494 0.684216
75.000000 0.062442 0.743293 0.188391 0.276452 0.814982 0.413154 0.219578 0.684451
75.200000 0.062538 0.743317 0.188271 0.276511 0.815287 0.413061 0.219625 0.684502
75.400000 0.062441 0.743316 0.188382 0.276973 0.815853 0.413087 0.219767 0.684937
75.600000 0.062302 0.743437 0.188406 0.277045 0.815854 0.413297 0.219868 0.684968
75.800000 0.062422 0.743355 0.188392 0.277010 0.816339 0.413190 0.219727 0.685133
76.000000 0.062549 0.743491 0.188431 0.277296 0.816643 0.413322 0.219921 0.685312
76.200000 0.062439 0.743384 0.188340 0.277599 0.816700 0.413315 0.220057 0.685563
76.400000 0.062408 0.743687 0.188351 0.277788 0.817075 0.413275 0.220103 0.685668
76.600000 0.062445 0.743434 0.188429 0.277857 0.817385 0.413330 0.220223 0.685793
76.800000 0.062268 0.743613 0.188368 0.278139 0.817627 0.413356 0.220287 0.686040
77.000000 0.062258 0.743589 0.188457 0.278255 0.817864 0.413235 0.220473 0.686281
77.200000 0.062280 0.743436 0.188371 0.278243 0.818057 0.413412 0.220413 0.686372
77.400000 0.062422 0.743416 0.188478 0.278579 0.818305 0.413354 0.220501 0.686751
77.600000 0.062559 0.743607 0.188460 0.278689 0.818360 0.413460 0.220599 0.686763
77.800000 0.062409 0.743498 0.188509 0.278893 0.818699 0.413509 0.220592 0.686928
78.000000 0.062417 0.743620 0.188567 0.279045 0.818964 0.413445 0.220670 0.687254
78.200000 0.062453 0.743660 0.188460 0.279160 0.819184 0.413393 0.220781 0.686986
78.400000 0.062554 0.743425 0.188450 0.279381 0.819340 0.413469 0.220643 0.687108
78.600000 0.062470 0.743660 0.188566 0.279480 0.819565 0.413362 0.220855 0.687419
78.800000 0.062458 0.743694 0.188474 0.279669 0.819563 0.413621 0.221021 0.687800
79.000000 0.062463 0.743585 0.188551 0.279720 0.819993 0.413520 0.221049 0.687716
79.200000 0.062325 0.743694 0.188571 0.280113 0.820428 0.413605 0.221132 0.687994
79.400000 0.062467 0.743650 0.188448 0.280096 0.820469 0.413577 0.221172 0.688183
79.600000 0.062507 0.743699 0.188524 0.280296 0.820630 0.413602 0.221298 0.688179
79.800000 0.062519 0.743439 0.188418 0.280437 0.821053 0.413657 0.221339 0.688378
80.000000 0.062457 0.743677 0.188589 0.280565 0.821215 0.413528 0.221403 0.688611
80.200000 0.062305 0.743618 0.188525 0.280746 0.821359 0.413647 0.221273 0.688769
80.400000 0.062439 0.743727 0.188522 0.280885 0.821534 0.413492 0.221439 0.688961
80.600000 0.062501 0.743845 0.188651 0.280977 0.821824 0.413781 0.221654 0.688976
80.800000 0.062464 0.743713 0.188590 0.281077 0.822038 0.413689 0.221677 0.689139
81.000000 0.062482 0.743888 0.188457 0.281242 0.822263 0.413755 0.221847 0.689276
81.200000 0.062469 0.743880 0.188709 0.281507 0.822424 0.413682 0.221691 0.688961
81.400000 0.062466 0.744063 0.188700 0.281627 0.822398 0.413756 0.221892 0.689593
81.600000 0.062494 0.744165 0.188640 0.281552 0.822643 0.413955 0.221929 0.689720
81.800000 0.062460 0.744005 0.188527 0.281913 0.823002 0.413733 0.221984 0.689986
82.000000 0.062486 0.744039 0.188486 0.282030 0.822912 0.413820 0.222046 0.689923
82.200000 0.062637 0.744090 0.188697 0.282258 0.823253 0.413855 0.222287 0.690082
82.400000 0.062510 0.744284 0.188676 0.282058 0.823414 0.413848 0.222243 0.690239
82.600000 0.062479 0.744187 0.188655 0.282341 0.823647 0.413873 0.222286 0.690157
82.800000 0.062476 0.744027 0.188603 0.282626 0.823857 0.413882 0.222278 0.690321
83.000000 0.062498 0.744115 0.188706 0.282707 0.823860 0.413829 0.222206 0.690594
83.200000 0.062465 0.744220 0.188884 0.282793 0.824096 0.413957 0.222170 0.690509
83.400000 0.062478 0.744220 0.188680 0.282968 0.824221 0.413954 0.222607 0.690754
83.600000 0.062504 0.744041 0.188736 0.283064 0.824322 0.413818 0.222489 0.691009
83.800000 0.062455 0.744269 0.188602 0.283320 0.824218 0.414013 0.222548 0.690950
84.000000 0.062363 0.744466 0.188759 0.283483 0.824603 0.414085 0.222753 0.691188
84.200000 0.062479 0.744199 0.188756 0.283386 0.824868 0.413972 0.222716 0.691166
84.400000 0.062469 0.744202 0.188749 0.283789 0.824861 0.414025 0.222741 0.691118
84.600000 0.062495 0.744227 0.188803 0.283813 0.824902 0.414058 0.222833 0.691348
84.800000 0.062465 0.744433 0.188626 0.283953 0.825174 0.414023 0.222927 0.691516
85.000000 0.062460 0.744333 0.188772 0.284000 0.825215 0.413987 0.222920 0.691173
85.200000 0.062440 0.744228 0.188862 0.284050 0.825313 0.414022 0.222790 0.691424
85.400000 0.062451 0.744362 0.188733 0.284189 0.825529 0.414240 0.222958 0.691604
85.600000 0.062460 0.744405 0.188639 0.284566 0.825625 0.414273 0.223025 0.691809
85.800000 0.062467 0.744446 0.188616 0.284709 0.825658 0.414026 0.223172 0.691698
86.000000 0.062478 0.744245 0.188892 0.284690 0.825883 0.414214 0.223110 0.691950
86.200000 0.062307 0.744263 0.188611 0.284777 0.826026 0.413991 0.223095 0.692109
86.400000 0.062703 0.744255 0.188823 0.284908 0.826230 0.414208 0.223256 0.692051
86.600000 0.062474 0.744321 0.188813 0.285186 0.826178 0.413986 0.223339 0.692061
86.800000 0.062554 0.744342 0.188848 0.285237 0.826456 0.414426 0.223426 0.692405
87.000000 0.062521 0.744420 0.188844 0.285477 0.826416 0.414167 0.223460 0.692312
87.200000 0.062474 0.744395 0.188843 0.285407 0.826480 0.414338 0.223519 0.692313
87.400000 0.062521 0.744175 0.188786 0.285503 0.826599 0.413990 0.223416 0.692495
87.600000 0.062483 0.744453 0.188836 0.285694 0.826855 0.414295 0.223566 0.692372
87.800000 0.062522 0.744172 0.188862 0.285814 0.826882 0.414188 0.223809 0.692690
88.000000 0.062463 0.744246 0.188894 0.285904 0.826948 0.414407 0.223744 0.692685
88.200000 0.062506 0.744261 0.188978 0.286048 0.827049 0.414329 0.223933 0.692781
88.400000 0.062493 0.744259 0.188762 0.286123 0.827306 0.414239 0.223790 0.692896
88.600000 0.062439 0.744242 0.188831 0.286396 0.827470 0.414421 0.223694 0.692999
88.800000 0.062488 0.744220 0.188848 0.286266 0.827573 0.414394 0.223915 0.692910
89.000000 0.062478 0.744298 0.188867 0.286478 0.827596 0.414173 0.223974 0.693202
89.200000 0.062477 0.744398 0.188971 0.286608 0.827738 0.414494 0.223705 0.693193
89.400000 0.062475 0.744359 0.188875 0.286813 0.827840 0.414554 0.224096 0.693330
89.600000 0.062559 0.744498 0.188869 0.287004 0.827896 0.414493 0.224301 0.693265
89.800000 0.062484 0.744356 0.188769 0.287053 0.827960 0.414543 0.224366 0.693377
90.000000 0.062475 0.744329 0.188879 0.287157 0.828019 0.414512 0.224252 0.693460
