0.200000 0.217208 0.393349 0.129123 0.183128 0.511106 0.543795 0.189264 0.417231
0.400000 0.216991 0.392449 0.129061 0.182421 0.507995 0.543576 0.188447 0.414916
0.600000 0.216947 0.391820 0.129042 0.182163 0.506000 0.543486 0.188105 0.413646
0.800000 0.216849 0.391188 0.128900 0.181825 0.504136 0.543366 0.187688 0.412282
1.000000 0.216680 0.390509 0.128693 0.181467 0.502463 0.543312 0.187296 0.410659
1.200000 0.216717 0.389870 0.128686 0.181071 0.500368 0.543254 0.186964 0.409329
1.400000 0.216690 0.389481 0.128705 0.180765 0.498655 0.542783 0.186613 0.407894
1.600000 0.216618 0.388835 0.128601 0.180349 0.496702 0.542910 0.186016 0.406598
1.800000 0.216596 0.388387 0.128557 0.179985 0.494931 0.542783 0.185846 0.405210
2.000000 0.216504 0.387666 0.128354 0.179755 0.493113 0.542901 0.185145 0.403820
2.200000 0.216471 0.387073 0.128383 0.179367 0.491391 0.542595 0.184844 0.402483
2.400000 0.216455 0.386543 0.128345 0.178838 0.489453 0.542590 0.184588 0.400956
2.600000 0.216142 0.386038 0.128285 0.178546 0.487494 0.542524 0.183910 0.399694
2.800000 0.216271 0.385384 0.128035 0.178211 0.485901 0.542159 0.183709 0.398174
3.000000 0.216084 0.384826 0.128098 0.177840 0.484097 0.542220 0.183350 0.396956
3.200000 0.216109 0.384154 0.128077 0.177597 0.482086 0.541917 0.182741 0.395556
3.400000 0.216126 0.383804 0.128039 0.177289 0.480802 0.542007 0.182469 0.394289
3.600000 0.215919 0.383184 0.128133 0.176886 0.478923 0.541946 0.182129 0.393049
3.800000 0.216002 0.382576 0.127891 0.176672 0.477144 0.541808 0.181716 0.391800
4.000000 0.216048 0.381969 0.127724 0.176294 0.475562 0.541602 0.181404 0.390579
4.200000 0.215764 0.381547 0.127779 0.176044 0.474045 0.541673 0.180879 0.389203
4.400000 0.215825 0.381092 0.127670 0.175548 0.472237 0.541391 0.180498 0.388050
4.600000 0.215800 0.380446 0.127819 0.175256 0.470494 0.541433 0.180150 0.386762
4.800000 0.215754 0.380222 0.127853 0.175086 0.468918 0.541290 0.179703 0.385470
5.000000 0.215659 0.379539 0.127528 0.174707 0.467263 0.541011 0.179404 0.384225
5.200000 0.215680 0.379166 0.127427 0.174271 0.465746 0.541021 0.178958 0.383084
5.400000 0.215594 0.378860 0.127486 0.173963 0.464025 0.540898 0.178614 0.381799
5.600000 0.215509 0.378049 0.127509 0.173923 0.462376 0.540780 0.178003 0.380842
5.800000 0.215488 0.377622 0.127367 0.173340 0.461032 0.540671 0.177851 0.379581
6.000000 0.215431 0.376941 0.127375 0.173237 0.459468 0.540721 0.177578 0.378432
6.200000 0.215399 0.376598 0.127330 0.172930 0.457948 0.540617 0.177242 0.377275
6.400000 0.215378 0.376078 0.127161 0.172640 0.456207 0.540440 0.176791 0.375857
6.600000 0.215240 0.375620 0.127240 0.172176 0.454674 0.540311 0.176355 0.374637
6.800000 0.215191 0.375053 0.127256 0.172100 0.453149 0.540155 0.176066 0.373560
7.000000 0.215024 0.374684 0.127076 0.171709 0.451691 0.540146 0.175617 0.372722
7.200000 0.215096 0.374110 0.126848 0.171204 0.450269 0.539711 0.175180 0.371305
7.400000 0.215057 0.373603 0.127015 0.171124 0.448710 0.539802 0.174911 0.370253
7.600000 0.214955 0.373297 0.126928 0.170752 0.447133 0.539664 0.174608 0.369131
7.800000 0.214947 0.372732 0.126761 0.170658 0.445709 0.539671 0.174148 0.367941
8.000000 0.214811 0.372302 0.126588 0.170367 0.444270 0.539464 0.173912 0.367121
8.200000 0.214835 0.371850 0.126671 0.170071 0.442755 0.539323 0.173383 0.365854
8.400000 0.214803 0.371438 0.126725 0.169529 0.441434 0.539052 0.173047 0.364789
8.600000 0.214730 0.370964 0.126773 0.169393 0.440015 0.539076 0.172793 0.363755
8.800000 0.214719 0.370718 0.126782 0.169082 0.438640 0.539018 0.172562 0.362838
9.000000 0.214567 0.370157 0.126610 0.168932 0.437277 0.539053 0.172265 0.361723
9.200000 0.214602 0.369856 0.126647 0.168781 0.435994 0.538863 0.171863 0.360646
9.400000 0.214524 0.369408 0.126409 0.168207 0.434685 0.538719 0.171548 0.359752
9.600000 0.214390 0.368872 0.126413 0.168399 0.433335 0.538485 0.171217 0.358722
9.800000 0.214280 0.368434 0.126200 0.167905 0.431930 0.538473 0.170823 0.357547
10.000000 0.214430 0.368132 0.126465 0.167837 0.430665 0.538265 0.170719 0.356640
10.200000 0.214359 0.367639 0.126404 0.167552 0.429380 0.538086 0.170266 0.355827
10.400000 0.214222 0.367381 0.126307 0.167278 0.428273 0.538018 0.169932 0.354820
10.600000 0.214375 0.366936 0.126051 0.166947 0.426816 0.537945 0.169624 0.353767
10.800000 0.214224 0.366399 0.126196 0.166795 0.425469 0.537878 0.169346 0.352835
11.000000 0.214202 0.365968 0.126061 0.166594 0.424296 0.537610 0.169167 0.351848
11.200000 0.214179 0.365716 0.126133 0.166370 0.423274 0.537597 0.168716 0.350860
11.400000 0.214111 0.365173 0.125920 0.166269 0.421695 0.537558 0.168371 0.350056
11.600000 0.214207 0.364952 0.126129 0.165722 0.420548 0.537267 0.168117 0.349162
11.800000 0.214015 0.364404 0.125994 0.165583 0.419576 0.537353 0.167850 0.348355
12.000000 0.214010 0.364215 0.125937 0.165415 0.418148 0.536985 0.167498 0.347248
12.200000 0.213951 0.363842 0.125753 0.165149 0.416909 0.536902 0.167168 0.346399
12.400000 0.213925 0.363410 0.125861 0.164874 0.415633 0.536876 0.166881 0.345336
12.600000 0.213822 0.362904 0.125690 0.164657 0.414412 0.536680 0.166544 0.344254
12.800000 0.213814 0.362639 0.125864 0.164616 0.413166 0.536722 0.166277 0.343539
13.000000 0.213728 0.361976 0.125597 0.164301 0.411969 0.536539 0.165882 0.342584
13.200000 0.213693 0.361810 0.125858 0.164081 0.411038 0.536490 0.165794 0.341971
13.400000 0.213693 0.361387 0.125695 0.163932 0.410043 0.536444 0.165283 0.341041
13.600000 0.213743 0.361298 0.125607 0.163789 0.408845 0.536278 0.165251 0.340391
13.800000 0.213473 0.360824 0.125653 0.163555 0.407965 0.536218 0.164658 0.339534
14.000000 0.213698 0.360708 0.125536 0.163344 0.406863 0.536080 0.164713 0.338770
14.200000 0.213578 0.360344 0.125570 0.162977 0.405759 0.535442 0.164391 0.338113
14.400000 0.213540 0.359916 0.125541 0.162854 0.404759 0.535829 0.164180 0.337330
14.600000 0.213479 0.359461 0.125517 0.162795 0.403774 0.535610 0.163952 0.336582
14.800000 0.213330 0.359287 0.125468 0.162658 0.402867 0.535688 0.163618 0.335817
15.000000 0.213101 0.358971 0.125312 0.162389 0.401862 0.535516 0.163388 0.334967
15.200000 0.213363 0.358732 0.125139 0.162346 0.400783 0.535495 0.163119 0.334345
15.400000 0.213359 0.358321 0.125320 0.162088 0.399925 0.535211 0.162923 0.333625
15.600000 0.213290 0.357893 0.125418 0.161874 0.398981 0.535382 0.162722 0.332873
15.800000 0.213259 0.357809 0.125314 0.161684 0.397870 0.535107 0.162418 0.332043
16.000000 0.213224 0.357277 0.125127 0.161486 0.396982 0.534926 0.162119 0.331313
16.200000 0.213177 0.357102 0.125167 0.161327 0.395815 0.534886 0.161966 0.330704
16.400000 0.213024 0.356774 0.125230 0.161261 0.395055 0.534737 0.161608 0.329896
16.600000 0.213107 0.356560 0.125136 0.161000 0.394182 0.534646 0.161545 0.329379
16.800000 0.213115 0.356106 0.125101 0.160795 0.393211 0.534617 0.161158 0.328596
17.000000 0.213087 0.356008 0.125012 0.160459 0.392163 0.534590 0.160874 0.327989
17.200000 0.212889 0.355513 0.125054 0.160458 0.391243 0.534278 0.160604 0.327089
17.400000 0.213006 0.355358 0.124931 0.160313 0.390481 0.534276 0.160608 0.326597
17.600000 0.212946 0.354711 0.124852 0.160161 0.389479 0.534098 0.160339 0.325893
17.800000 0.212952 0.354688 0.124955 0.159787 0.388669 0.534206 0.160149 0.325033
18.000000 0.212890 0.354417 0.124901 0.159828 0.387760 0.533941 0.159843 0.324630
18.200000 0.213008 0.354062 0.124940 0.159522 0.386952 0.533735 0.159636 0.323811
18.400000 0.212851 0.353798 0.124838 0.159470 0.385937 0.533628 0.159575 0.323088
18.600000 0.212699 0.353600 0.124728 0.159211 0.385261 0.533550 0.159271 0.322532
18.800000 0.212833 0.353299 0.124692 0.159055 0.384318 0.533561 0.158926 0.321918
19.000000 0.212739 0.352843 0.124774 0.158902 0.383114 0.533312 0.158550 0.321180
19.200000 0.212583 0.352753 0.124735 0.158765 0.382287 0.533271 0.158486 0.320391
19.400000 0.212695 0.352385 0.124674 0.158691 0.381591 0.533120 0.158285 0.319820
19.600000 0.212646 0.352117 0.124695 0.158471 0.380612 0.532993 0.158038 0.319135
19.800000 0.212598 0.351781 0.124576 0.158360 0.379733 0.532919 0.157633 0.318319
20.000000 0.212513 0.351421 0.124561 0.158125 0.378887 0.532717 0.157535 0.317978
20.200000 0.212446 0.350958 0.124434 0.157888 0.378107 0.532830 0.157321 0.317318
20.400000 0.212510 0.350817 0.124547 0.157815 0.377290 0.532525 0.157240 0.316923
20.600000 0.212497 0.350580 0.124549 0.157517 0.376507 0.532500 0.156901 0.315868
20.800000 0.212439 0.350215 0.124473 0.157512 0.375534 0.532456 0.156840 0.315467
21.000000 0.212461 0.350056 0.124509 0.157384 0.374892 0.532135 0.156643 0.314685
21.200000 0.212395 0.350029 0.124324 0.157136 0.374095 0.532116 0.156435 0.314093
21.400000 0.212327 0.349698 0.124294 0.157138 0.373225 0.531934 0.156134 0.313693
21.600000 0.212346 0.349316 0.124332 0.156912 0.372716 0.531944 0.156007 0.313040
21.800000 0.212338 0.349202 0.124220 0.156778 0.371724 0.531775 0.155654 0.312349
22.000000 0.212281 0.348841 0.124219 0.156839 0.370941 0.531806 0.155614 0.311966
22.200000 0.212250 0.348522 0.124288 0.156508 0.370063 0.531522 0.155202 0.311408
22.400000 0.212101 0.348377 0.124280 0.156335 0.369552 0.531440 0.155112 0.310782
22.600000 0.212230 0.348129 0.124320 0.195267 0.368897 0.531445 0.155093 0.310067
22.800000 0.212205 0.347873 0.124105 0.156075 0.367797 0.531256 0.154791 0.309497
23.000000 0.212159 0.347573 0.124061 0.156087 0.367104 0.531030 0.154687 0.309032
23.200000 0.212070 0.347043 0.123951 0.155717 0.366444 0.530986 0.154335 0.308526
23.400000 0.212079 0.347127 0.124224 0.155612 0.365784 0.531049 0.154367 0.308092
23.600000 0.212040 0.346869 0.123810 0.155560 0.364907 0.530916 0.154217 0.307331
23.800000 0.212013 0.346600 0.124118 0.155455 0.364364 0.530644 0.154017 0.306823
24.000000 0.211985 0.346510 0.124119 0.155245 0.363484 0.530666 0.153716 0.306439
24.200000 0.211825 0.346124 0.123876 0.155181 0.362902 0.530418 0.153561 0.305890
24.400000 0.211920 0.345943 0.124040 0.155162 0.362123 0.530278 0.153492 0.305314
24.600000 0.211838 0.345620 0.124019 0.154878 0.361564 0.530264 0.153284 0.304725
24.800000 0.211875 0.345476 0.123756 0.154701 0.360806 0.530106 0.153043 0.303980
25.000000 0.211852 0.345155 0.123901 0.154678 0.360126 0.530042 0.152973 0.303690
25.200000 0.211681 0.344852 0.123829 0.154362 0.359201 0.529977 0.152672 0.303149
25.400000 0.211926 0.344676 0.123985 0.154372 0.358728 0.529857 0.152572 0.302673
25.600000 0.211790 0.344393 0.123774 0.154179 0.357838 0.529833 0.152367 0.302127
25.800000 0.211737 0.344267 0.123950 0.154257 0.357261 0.529723 0.152199 0.301569
26.000000 0.211704 0.344067 0.123780 0.153975 0.356621 0.529755 0.152067 0.301299
26.200000 0.211626 0.343655 0.123795 0.153871 0.355959 0.529387 0.151688 0.300652
26.400000 0.211605 0.343504 0.123829 0.153801 0.355408 0.529230 0.151733 0.300280
26.600000 0.211617 0.343465 0.123823 0.153555 0.354496 0.529246 0.151468 0.299542
26.800000 0.211565 0.343182 0.123670 0.153444 0.353910 0.528966 0.151388 0.299084
27.000000 0.211552 0.342947 0.123797 0.153213 0.353096 0.528650 0.151208 0.298327
27.200000 0.211533 0.342665 0.123655 0.153164 0.352587 0.529004 0.151208 0.298153
27.400000 0.211468 0.342282 0.123619 0.153063 0.352038 0.528719 0.151033 0.297560
27.600000 0.211464 0.342140 0.123593 0.152961 0.351418 0.528565 0.150744 0.297383
27.800000 0.211418 0.342006 0.123552 0.152844 0.350715 0.528591 0.150715 0.296738
28.000000 0.211388 0.341751 0.123451 0.152705 0.350184 0.528659 0.150452 0.296173
28.200000 0.211403 0.341531 0.123546 0.152547 0.349481 0.528371 0.150214 0.295956
28.400000 0.211188 0.341272 0.123558 0.152320 0.348822 0.528161 0.150180 0.295302
28.600000 0.211309 0.341045 0.123581 0.152406 0.348305 0.528240 0.150003 0.294868
28.800000 0.211276 0.340986 0.123494 0.152386 0.347743 0.528047 0.149966 0.294433
29.000000 0.211282 0.340711 0.123481 0.152254 0.346907 0.527896 0.149825 0.293909
29.200000 0.211254 0.340455 0.123503 0.152084 0.346242 0.527934 0.149412 0.293474
29.400000 0.211218 0.340313 0.123560 0.151862 0.345966 0.527693 0.149279 0.292975
29.600000 0.211194 0.339998 0.123391 0.151854 0.345229 0.527497 0.149322 0.292583
29.800000 0.211132 0.339848 0.123370 0.151819 0.344543 0.527367 0.149031 0.292056
30.000000 0.211172 0.339686 0.123213 0.151631 0.344051 0.527220 0.149055 0.291707
30.200000 0.211104 0.339361 0.123227 0.151514 0.343555 0.527164 0.148744 0.291168
30.400000 0.211070 0.339301 0.123370 0.151420 0.342921 0.527159 0.148694 0.290828
30.600000 0.211811 0.338931 0.123192 0.151182 0.342140 0.526896 0.148574 0.290363
30.800000 0.215461 0.338783 0.123355 0.151184 0.341793 0.526769 0.148401 0.289906
31.000000 0.222213 0.338655 0.123296 0.151148 0.341289 0.526864 0.148200 0.289625
31.200000 0.233178 0.338374 0.123258 0.150999 0.340759 0.526735 0.148247 0.289214
31.400000 0.245897 0.338389 0.123327 0.151003 0.340816 0.526730 0.148057 0.289416
31.600000 0.261050 0.338367 0.123402 0.151138 0.341194 0.526691 0.148065 0.289691
31.800000 0.277059 0.338379 0.123458 0.151123 0.342597 0.526433 0.148389 0.290594
32.000000 0.293410 0.338743 0.123511 0.151391 0.344173 0.526440 0.148569 0.291836
32.200000 0.309221 0.339070 0.123470 0.151897 0.346823 0.526546 0.148846 0.293731
32.400000 0.324212 0.340141 0.123918 0.152550 0.350081 0.526517 0.149320 0.296144
32.600000 0.337939 0.341542 0.124465 0.153503 0.354305 0.526277 0.149905 0.299069
32.800000 0.350534 0.343592 0.124601 0.154594 0.358967 0.526362 0.150492 0.302505
33.000000 0.361752 0.346108 0.125236 0.155958 0.364438 0.526434 0.151250 0.306669
33.200000 0.371849 0.349563 0.125675 0.157648 0.370646 0.526447 0.152055 0.311248
33.400000 0.380814 0.353465 0.126965 0.159840 0.377636 0.526286 0.152892 0.316259
33.600000 0.388525 0.358220 0.127968 0.162097 0.384902 0.526481 0.153804 0.321721
33.800000 0.395417 0.363751 0.128865 0.164632 0.392631 0.526465 0.154781 0.327500
34.000000 0.401335 0.369833 0.129991 0.167151 0.400558 0.526699 0.155822 0.333596
34.200000 0.406668 0.376409 0.130780 0.169847 0.409064 0.526468 0.156840 0.339901
34.400000 0.411180 0.383650 0.132039 0.172876 0.417896 0.526599 0.158032 0.346909
34.600000 0.415053 0.391454 0.133144 0.175921 0.426999 0.526651 0.159060 0.353975
34.800000 0.418425 0.399988 0.134272 0.179082 0.436289 0.526605 0.160177 0.361279
35.000000 0.421573 0.408788 0.135328 0.182230 0.446074 0.526788 0.161376 0.368756
35.200000 0.423633 0.418530 0.136238 0.185431 0.455852 0.526851 0.162414 0.376529
35.400000 0.425872 0.427482 0.137174 0.188735 0.465239 0.527114 0.163671 0.383884
35.600000 0.427496 0.437021 0.138368 0.191758 0.474805 0.527027 0.164846 0.391402
35.800000 0.428930 0.447062 0.139352 0.194869 0.484279 0.527188 0.165940 0.398894
36.000000 0.430062 0.457333 0.140022 0.198032 0.494257 0.527084 0.167182 0.406688
36.200000 0.430973 0.467777 0.141078 0.201205 0.504416 0.527221 0.168238 0.414501
36.400000 0.431857 0.478783 0.142092 0.204375 0.514451 0.527225 0.169382 0.422570
36.600000 0.432644 0.489968 0.143104 0.207648 0.524828 0.527398 0.170733 0.430691
36.800000 0.433292 0.501318 0.144120 0.210867 0.535492 0.527484 0.171823 0.439025
37.000000 0.433660 0.512919 0.145089 0.213945 0.546071 0.527478 0.173003 0.447334
37.200000 0.434001 0.525014 0.146053 0.217454 0.557793 0.527725 0.174230 0.457090
37.400000 0.434496 0.543022 0.147277 0.222161 0.574015 0.527757 0.176025 0.468993
37.600000 0.434706 0.554702 0.148391 0.225388 0.584984 0.527689 0.177135 0.477681
37.800000 0.435020 0.566678 0.149351 0.228471 0.595861 0.527839 0.178475 0.486413
38.000000 0.435019 0.578344 0.150222 0.231510 0.607213 0.527887 0.179521 0.495070
38.200000 0.434885 0.590290 0.150934 0.234745 0.618271 0.528061 0.180694 0.503780
38.400000 0.435051 0.601934 0.151880 0.237860 0.629566 0.528186 0.181985 0.512639
38.600000 0.435283 0.613548 0.152721 0.240884 0.640998 0.528151 0.183098 0.521364
38.800000 0.435292 0.624878 0.153566 0.243815 0.652093 0.528292 0.184265 0.530354
39.000000 0.435158 0.636585 0.154485 0.247082 0.663534 0.528491 0.185408 0.539329
39.200000 0.435191 0.647541 0.155345 0.249945 0.674539 0.528643 0.186689 0.547978
39.400000 0.435282 0.658276 0.156108 0.252987 0.685834 0.528607 0.187858 0.556904
39.600000 0.435236 0.669012 0.156939 0.255806 0.696782 0.528803 0.189018 0.565344
39.800000 0.435085 0.679381 0.157810 0.258763 0.707564 0.528697 0.190150 0.574043
40.000000 0.435154 0.690131 0.158675 0.261774 0.719124 0.529137 0.191435 0.583257
40.200000 0.435085 0.700175 0.159376 0.264666 0.730056 0.529055 0.192417 0.591897
40.400000 0.434975 0.709703 0.160176 0.267393 0.740886 0.528961 0.193893 0.600734
40.600000 0.434903 0.719423 0.160925 0.270443 0.751562 0.529249 0.194863 0.609239
40.800000 0.434815 0.728201 0.161670 0.273137 0.762004 0.529458 0.195940 0.617780
41.000000 0.434923 0.737224 0.162414 0.276027 0.772523 0.529332 0.197020 0.625989
41.200000 0.434770 0.745600 0.163238 0.278660 0.782842 0.529497 0.198283 0.634369
41.400000 0.434700 0.753652 0.163750 0.281426 0.792972 0.529509 0.199466 0.642762
41.600000 0.434627 0.761815 0.164573 0.284143 0.802814 0.529690 0.200535 0.650799
41.800000 0.434568 0.769296 0.165146 0.286813 0.812568 0.529737 0.201628 0.658603
42.000000 0.434473 0.776554 0.165747 0.289516 0.822069 0.529828 0.202660 0.666639
42.200000 0.434145 0.783191 0.166383 0.292073 0.831392 0.530047 0.203711 0.674152
42.400000 0.434256 0.790069 0.166999 0.294756 0.840471 0.530049 0.205005 0.681765
42.600000 0.434140 0.796464 0.167646 0.297147 0.849509 0.530106 0.206054 0.689412
42.800000 0.434160 0.802444 0.168418 0.299714 0.858181 0.530264 0.207327 0.696532
43.000000 0.434111 0.808377 0.168913 0.302350 0.866839 0.530517 0.208039 0.703870
43.200000 0.433891 0.813807 0.169386 0.304672 0.874904 0.530416 0.209200 0.710849
43.400000 0.433716 0.819025 0.170086 0.307069 0.883416 0.530678 0.210174 0.717719
43.600000 0.433670 0.824556 0.170738 0.309840 0.892097 0.530796 0.211580 0.725840
43.800000 0.433798 0.831241 0.171455 0.312964 0.902509 0.530725 0.212756 0.734103
44.000000 0.433352 0.835623 0.171832 0.315449 0.909945 0.531123 0.213857 0.740765
44.200000 0.433359 0.840061 0.172429 0.317776 0.917294 0.530883 0.214808 0.747007
44.400000 0.433318 0.844047 0.172902 0.320007 0.924513 0.531193 0.215793 0.753081
44.600000 0.433165 0.848147 0.173445 0.322391 0.931457 0.531361 0.216693 0.759249
44.800000 0.433049 0.851845 0.173845 0.324579 0.938251 0.531438 0.217768 0.764958
45.000000 0.432968 0.855428 0.174469 0.326837 0.944799 0.531504 0.218960 0.770669
45.200000 0.432788 0.858892 0.174736 0.328838 0.951153 0.531681 0.219585 0.776519
45.400000 0.432674 0.862040 0.175191 0.331087 0.957399 0.531629 0.220711 0.781829
45.600000 0.432528 0.865229 0.175729 0.333177 0.963087 0.531628 0.221504 0.787086
45.800000 0.432432 0.868316 0.176001 0.335133 0.968946 0.531695 0.222553 0.792147
46.000000 0.432147 0.871156 0.176684 0.337265 0.975049 0.531876 0.223405 0.797345
46.200000 0.432056 0.873916 0.177110 0.339414 0.980582 0.532132 0.224344 0.802360
46.400000 0.432120 0.876364 0.177391 0.341387 0.985925 0.532337 0.225102 0.807142
46.600000 0.431864 0.878958 0.177636 0.343396 0.991144 0.532376 0.226140 0.811867
46.800000 0.431895 0.881223 0.178181 0.345372 0.996141 0.532439 0.226999 0.816248
47.000000 0.431786 0.883405 0.178762 0.347146 1.000856 0.532482 0.227859 0.820821
47.200000 0.431755 0.885902 0.178935 0.349214 1.005852 0.532474 0.228623 0.825135
47.400000 0.431528 0.887968 0.179138 0.351110 1.010522 0.532575 0.229523 0.829383
47.600000 0.431478 0.889936 0.179521 0.353038 1.014978 0.532806 0.230269 0.833578
47.800000 0.431229 0.891836 0.179998 0.354729 1.019461 0.532797 0.231266 0.837438
48.000000 0.431246 0.893675 0.180266 0.356628 1.023772 0.533072 0.232053 0.841434
48.200000 0.431132 0.895485 0.180652 0.358499 1.027890 0.533059 0.232727 0.845050
48.400000 0.430975 0.896965 0.180941 0.360162 1.032043 0.533066 0.233668 0.848726
48.600000 0.430860 0.898792 0.181210 0.362076 1.036046 0.533215 0.234461 0.852502
48.800000 0.430672 0.900264 0.181516 0.363755 1.039721 0.533327 0.235223 0.856003
49.000000 0.430514 0.901585 0.181845 0.365308 1.043546 0.533352 0.235902 0.820370
49.200000 0.430411 0.903136 0.182046 0.367090 1.046967 0.533537 0.236771 0.862609
49.400000 0.430255 0.904282 0.182466 0.368654 1.050452 0.533657 0.237519 0.865935
49.600000 0.430094 0.905798 0.182660 0.370371 1.054047 0.533832 0.238439 0.869252
49.800000 0.429933 0.906874 0.183094 0.371875 1.057135 0.533831 0.239024 0.872172
50.000000 0.390663 0.908406 0.183317 0.374135 1.061044 0.533807 0.239719 0.875662
50.200000 0.468608 0.909705 0.183537 0.375495 1.064365 0.534197 0.240486 0.878698
50.400000 0.429523 0.910629 0.183911 0.377069 1.067296 0.534158 0.241162 0.881481
50.600000 0.429416 0.911787 0.184261 0.378646 1.070548 0.533916 0.242060 0.884150
50.800000 0.429257 0.912855 0.184406 0.380104 1.073418 0.534263 0.242791 0.887130
51.000000 0.428929 0.913591 0.184547 0.381771 1.076062 0.534388 0.243470 0.889732
51.200000 0.429000 0.914518 0.184927 0.383235 1.078845 0.534369 0.244102 0.892322
51.400000 0.428812 0.915253 0.185033 0.384741 1.081397 0.534535 0.244844 0.894717
51.600000 0.428848 0.916174 0.185272 0.386352 1.084284 0.534939 0.245562 0.897234
51.800000 0.428863 0.917145 0.185520 0.387722 1.086758 0.535066 0.246270 0.899638
52.000000 0.428736 0.917584 0.185767 0.388967 1.089307 0.535035 0.246843 0.902048
52.200000 0.428685 0.918875 0.185859 0.390565 1.091910 0.535027 0.247469 0.904353
52.400000 0.428461 0.919105 0.186110 0.391995 1.094182 0.535204 0.247987 0.906566
52.600000 0.428225 0.919867 0.186344 0.393310 1.096335 0.535240 0.248504 0.908561
52.800000 0.428254 0.920528 0.186317 0.394511 1.098436 0.535291 0.249306 0.910713
53.000000 0.428140 0.921316 0.186487 0.395486 1.100663 0.535312 0.249801 0.912799
53.200000 0.428073 0.921732 0.186939 0.397464 1.103051 0.535618 0.250549 0.914896
53.400000 0.427861 0.922179 0.187126 0.398848 1.105001 0.535640 0.251115 0.916691
53.600000 0.427761 0.922752 0.187291 0.399974 1.107115 0.535866 0.251527 0.918626
53.800000 0.427777 0.923307 0.187458 0.401195 1.109036 0.535742 0.252249 0.920376
54.000000 0.427524 0.923550 0.187596 0.402508 1.110706 0.535898 0.252814 0.922058
54.200000 0.427299 0.923783 0.187792 0.403724 1.112710 0.535917 0.253398 0.923799
54.400000 0.427353 0.924648 0.187850 0.404913 1.114622 0.536064 0.253933 0.925810
54.600000 0.427345 0.925066 0.188135 0.405973 1.116442 0.536218 0.254401 0.927381
54.800000 0.427116 0.925720 0.188217 0.407615 1.118078 0.536226 0.255030 0.929334
55.000000 0.427176 0.925827 0.188324 0.408493 1.119805 0.536578 0.255562 0.930721
55.200000 0.427129 0.926312 0.188631 0.409756 1.121293 0.536407 0.256113 0.932447
55.400000 0.427123 0.926543 0.188657 0.410962 1.123186 0.536638 0.256552 0.933914
55.600000 0.427202 0.926965 0.188985 0.412010 1.124605 0.536743 0.257069 0.935207
55.800000 0.427181 0.927334 0.189096 0.413284 1.126237 0.536795 0.257706 0.936915
56.000000 0.427201 0.927745 0.189318 0.414506 1.128038 0.537090 0.258312 0.938530
56.200000 0.427139 0.927920 0.189394 0.415860 1.129496 0.537019 0.258685 0.939991
56.400000 0.427133 0.928236 0.189569 0.416908 1.130999 0.537121 0.259156 0.941315
56.600000 0.426821 0.928483 0.189549 0.417885 1.132100 0.537029 0.259621 0.942682
56.800000 0.426953 0.928738 0.189798 0.418909 1.133810 0.537363 0.260074 0.943762
57.000000 0.426824 0.929374 0.189954 0.419958 1.135025 0.537350 0.260494 0.945372
57.200000 0.427088 0.929685 0.190032 0.421286 1.136487 0.537490 0.260963 0.946806
57.400000 0.426695 0.929631 0.190185 0.422363 1.137965 0.537447 0.261530 0.947883
57.600000 0.426769 0.929890 0.190409 0.423394 1.139089 0.537655 0.261974 0.949229
57.800000 0.426650 0.930305 0.190495 0.424394 1.140337 0.537741 0.262259 0.950425
58.000000 0.426560 0.930622 0.190250 0.425117 1.141231 0.537791 0.262846 0.951370
58.200000 0.426567 0.930572 0.190675 0.426356 1.142855 0.537968 0.263097 0.952503
58.400000 0.426349 0.930893 0.190946 0.427547 1.144106 0.537961 0.263727 0.953737
58.600000 0.426396 0.931044 0.190914 0.428410 1.144970 0.538043 0.264167 0.954566
58.800000 0.426292 0.931391 0.191295 0.429130 1.146134 0.538102 0.264412 0.955751
59.000000 0.426169 0.931748 0.191232 0.430326 1.147613 0.538235 0.264954 0.957053
59.200000 0.426008 0.931631 0.191414 0.431227 1.148525 0.538375 0.265305 0.958042
59.400000 0.425778 0.932134 0.191628 0.432361 1.149484 0.538364 0.265727 0.958827
59.600000 0.425812 0.932069 0.191646 0.433264 1.150621 0.538498 0.265976 0.959912
59.800000 0.425718 0.932341 0.191515 0.434189 1.151673 0.538697 0.266709 0.960955
60.000000 0.425467 0.932343 0.191884 0.434907 1.152421 0.538650 0.266929 0.961871
60.200000 0.425600 0.932652 0.191981 0.436029 1.153329 0.538918 0.267248 0.962592
60.400000 0.425457 0.932685 0.192071 0.436897 1.154341 0.538795 0.267631 0.963677
60.600000 0.425393 0.932853 0.192153 0.437664 1.155405 0.539241 0.268041 0.964536
60.800000 0.425172 0.932844 0.192111 0.438631 1.156223 0.539212 0.268347 0.965315
61.000000 0.425216 0.933017 0.192273 0.439537 1.157092 0.539306 0.268636 0.966484
61.200000 0.425171 0.933277 0.192326 0.440172 1.157820 0.539349 0.269068 0.966985
61.400000 0.425218 0.933146 0.192548 0.441176 1.158623 0.539458 0.269402 0.967954
61.600000 0.425019 0.933308 0.192654 0.442030 1.159583 0.539398 0.269651 0.968534
61.800000 0.425069 0.933294 0.192581 0.442828 1.160262 0.539594 0.269996 0.969330
62.000000 0.425054 0.933429 0.192761 0.443641 1.161122 0.539563 0.270379 0.970115
62.200000 0.424991 0.933492 0.192977 0.444713 1.161983 0.539756 0.270814 0.971093
62.400000 0.424914 0.933714 0.193003 0.445452 1.162962 0.539959 0.271127 0.971792
62.600000 0.424895 0.933834 0.193074 0.446351 1.163539 0.539724 0.271351 0.972629
62.800000 0.424864 0.933754 0.193217 0.447160 1.164289 0.540078 0.271636 0.973371
63.000000 0.424711 0.933710 0.193222 0.447902 1.164953 0.540077 0.272043 0.973836
63.200000 0.424532 0.933663 0.193310 0.448487 1.165772 0.540226 0.272297 0.974723
63.400000 0.424739 0.933868 0.193445 0.449241 1.166496 0.540324 0.272639 0.975318
63.600000 0.424591 0.934082 0.193622 0.450184 1.167175 0.540280 0.272955 0.975939
63.800000 0.424382 0.933969 0.193605 0.451002 1.167703 0.540403 0.272857 1.015490
64.000000 0.424430 0.934131 0.193684 0.451718 1.168204 0.540548 0.273505 0.977073
64.200000 0.424381 0.934228 0.193772 0.452501 1.168918 0.540469 0.273715 0.977916
64.400000 0.424293 0.934005 0.193868 0.453118 1.169694 0.540735 0.274138 0.978360
64.600000 0.424302 0.933992 0.193892 0.453839 1.169980 0.540791 0.274246 0.979077
64.800000 0.424238 0.934276 0.193958 0.454795 1.170900 0.540685 0.274516 0.979474
65.000000 0.424154 0.934405 0.194002 0.455341 1.171228 0.540776 0.274834 0.980037
65.200000 0.424063 0.934360 0.194373 0.456005 1.171705 0.540946 0.275101 0.980698
65.400000 0.424305 0.934394 0.194301 0.456482 1.172173 0.541229 0.275344 0.981156
65.600000 0.424148 0.934309 0.194523 0.457610 1.172946 0.541208 0.275664 0.981678
65.800000 0.424224 0.934549 0.194253 0.458079 1.173589 0.541234 0.275734 0.982483
66.000000 0.424108 0.934528 0.194500 0.458912 1.174224 0.541514 0.276173 0.982868
66.200000 0.424153 0.934327 0.194660 0.459535 1.174739 0.541496 0.276282 0.983287
66.400000 0.423868 0.934036 0.194465 0.459939 1.174789 0.541453 0.276369 0.983470
66.600000 0.424162 0.934551 0.194592 0.460826 1.175544 0.541675 0.276750 0.984369
66.800000 0.423951 0.934358 0.194843 0.461429 1.175974 0.541536 0.277089 0.984732
67.000000 0.424019 0.934347 0.194764 0.462116 1.176528 0.541707 0.277215 0.985119
67.200000 0.423914 0.934315 0.194865 0.462664 1.176921 0.541856 0.277485 0.985588
67.400000 0.423976 0.934741 0.194802 0.463361 1.177541 0.542091 0.277715 0.985743
67.600000 0.423842 0.934767 0.195110 0.464169 1.177901 0.542087 0.277914 0.986713
67.800000 0.423737 0.934567 0.195207 0.464631 1.178360 0.542157 0.278085 0.987063
68.000000 0.423849 0.934655 0.195284 0.465329 1.178782 0.542309 0.278336 0.987422
68.200000 0.423706 0.934696 0.195182 0.465944 1.179317 0.542409 0.278385 0.988016
68.400000 0.423697 0.934748 0.195202 0.466482 1.179618 0.542313 0.278731 0.988574
68.600000 0.423655 0.934373 0.195411 0.467128 1.179969 0.542309 0.279194 0.988995
68.800000 0.423672 0.934700 0.195589 0.467793 1.180537 0.542491 0.279160 0.989246
69.000000 0.423541 0.934680 0.195502 0.468307 1.180981 0.542501 0.279383 0.989559
69.200000 0.423495 0.934819 0.195597 0.468918 1.180880 0.542846 0.279533 0.990140
69.400000 0.423314 0.934923 0.195470 0.469368 1.181498 0.542829 0.279834 0.990397
69.600000 0.423227 0.934976 0.195619 0.470176 1.181759 0.542802 0.279752 0.990698
69.800000 0.423222 0.934964 0.195699 0.470797 1.182526 0.542969 0.280041 0.991449
70.000000 0.422999 0.934813 0.195741 0.471447 1.182556 0.543001 0.280209 0.991386
70.200000 0.422696 0.935057 0.195689 0.471706 1.182997 0.543127 0.280498 0.991803
70.400000 0.422568 0.934771 0.195826 0.472556 1.183214 0.543109 0.280621 0.992158
70.600000 0.422754 0.935194 0.195925 0.473011 1.183745 0.543230 0.280760 0.992433
70.800000 0.422571 0.934776 0.196032 0.473328 1.184028 0.543237 0.281037 0.992647
71.000000 0.422530 0.934867 0.196034 0.473881 1.184223 0.543261 0.280961 0.993062
71.200000 0.422506 0.934613 0.195988 0.474465 1.184281 0.543418 0.281202 0.993049
71.400000 0.422177 0.934841 0.196174 0.474915 1.184734 0.543581 0.281395 0.993713
71.600000 0.422159 0.934814 0.196163 0.475477 1.185091 0.543611 0.281571 0.993831
71.800000 0.422318 0.934621 0.196340 0.476023 1.185202 0.543816 0.281718 0.994114
72.000000 0.422223 0.934807 0.196284 0.476434 1.185725 0.544052 0.281976 0.994580
72.200000 0.422181 0.934689 0.196530 0.476855 1.185621 0.544080 0.282106 0.994917
72.400000 0.422144 0.934737 0.196502 0.477750 1.186083 0.544038 0.282192 0.995298
72.600000 0.421993 0.934544 0.196392 0.478039 1.186488 0.544062 0.282314 0.995353
72.800000 0.422011 0.934442 0.196560 0.478367 1.186228 0.544140 0.282539 0.995783
73.000000 0.422054 0.934505 0.196598 0.478819 1.186660 0.544224 0.282670 0.995835
73.200000 0.421982 0.934473 0.196650 0.479559 1.187240 0.544370 0.282803 0.995969
73.400000 0.422052 0.934283 0.196601 0.479898 1.187242 0.544389 0.282855 0.996514
73.600000 0.421997 0.934208 0.196757 0.480388 1.187656 0.544570 0.283114 0.996717
73.800000 0.421957 0.934200 0.196708 0.480737 1.187561 0.544543 0.283178 0.996918
74.000000 0.421964 0.934475 0.196873 0.481399 1.187909 0.544550 0.283260 0.997298
74.200000 0.421947 0.934071 0.196810 0.482007 1.188187 0.544728 0.283412 0.997417
74.400000 0.421971 0.934279 0.196922 0.482404 1.188359 0.544780 0.283541 0.997622
74.600000 0.421850 0.934024 0.197059 0.482637 1.188530 0.544951 0.283811 0.997871
74.800000 0.421981 0.934094 0.196915 0.482876 1.188391 0.544828 0.283965 0.997984
75.000000 0.422016 0.933879 0.197123 0.483620 1.188985 0.544902 0.283991 0.998237
75.200000 0.421910 0.934149 0.197024 0.484220 1.189218 0.545063 0.283957 0.998596
75.400000 0.422092 0.933736 0.197212 0.484608 1.189369 0.545336 0.284184 0.998824
75.600000 0.422091 0.933904 0.197244 0.484785 1.189470 0.545266 0.284126 0.998984
75.800000 0.421988 0.934034 0.197300 0.485496 1.190010 0.545410 0.284485 0.999238
76.000000 0.422126 0.933996 0.197437 0.485900 1.189795 0.545468 0.284506 0.999366
76.200000 0.422065 0.933653 0.197328 0.486169 1.190044 0.545458 0.284473 0.999529
76.400000 0.422010 0.933894 0.197296 0.486730 1.190108 0.545614 0.284858 0.999665
76.600000 0.422204 0.934218 0.197498 0.487140 1.190785 0.545788 0.284615 1.000027
76.800000 0.422114 0.933684 0.197547 0.487588 1.190710 0.545555 0.284919 1.000103
77.000000 0.422056 0.933856 0.197707 0.488001 1.191160 0.545679 0.285139 1.000425
77.200000 0.422110 0.934097 0.197628 0.488560 1.191217 0.545831 0.285154 1.000688
77.400000 0.421916 0.933998 0.197616 0.488755 1.191467 0.546079 0.285245 1.000763
77.600000 0.421821 0.934045 0.197609 0.489301 1.191442 0.545947 0.285299 1.001034
77.800000 0.421815 0.934108 0.197898 0.489558 1.191645 0.545977 0.285219 1.001285
78.000000 0.421740 0.934031 0.197620 0.489969 1.191721 0.546212 0.285589 1.001327
78.200000 0.421467 0.933947 0.197762 0.490559 1.192132 0.546115 0.285789 1.001739
78.400000 0.421577 0.933961 0.197831 0.490918 1.192198 0.546231 0.285573 1.001687
78.600000 0.421341 0.934007 0.197946 0.491394 1.192593 0.546523 0.285683 1.002089
78.800000 0.421161 0.934209 0.197904 0.491639 1.192762 0.546278 0.286089 1.001982
79.000000 0.421053 0.934140 0.197960 0.492107 1.192700 0.546544 0.285671 1.002200
79.200000 0.420998 0.934128 0.197949 0.492463 1.192619 0.546440 0.285960 1.002432
79.400000 0.421004 0.933898 0.198073 0.492765 1.192881 0.546649 0.286236 1.002563
79.600000 0.420821 0.933586 0.198070 0.493144 1.192835 0.546711 0.286077 1.002648
79.800000 0.421122 0.933541 0.197913 0.493514 1.193162 0.546861 0.286192 1.002672
80.000000 0.420896 0.933901 0.198112 0.493937 1.193291 0.546913 0.286477 1.002967
80.200000 0.421118 0.933862 0.198032 0.494232 1.193338 0.546967 0.286548 1.003155
80.400000 0.421077 0.933836 0.198075 0.494671 1.193450 0.546917 0.286539 1.003147
80.600000 0.420861 0.933846 0.198383 0.494693 1.193447 0.547085 0.286632 1.003388
80.800000 0.420991 0.933583 0.198274 0.495241 1.193672 0.547096 0.286711 1.003300
81.000000 0.421275 0.933728 0.198313 0.495468 1.193952 0.547171 0.286750 1.003748
81.200000 0.421038 0.933696 0.198318 0.495956 1.193971 0.547189 0.286788 1.003816
81.400000 0.421263 0.933631 0.198199 0.496451 1.194125 0.547252 0.286751 1.004087
81.600000 0.421110 0.933438 0.198467 0.496552 1.194389 0.547565 0.287166 1.004133
81.800000 0.421097 0.933622 0.198462 0.496927 1.194279 0.547442 0.286894 1.004130
82.000000 0.421076 0.933588 0.198515 0.497139 1.194397 0.547624 0.287132 1.004315
82.200000 0.420977 0.933597 0.198654 0.497671 1.194520 0.547487 0.287023 1.004568
82.400000 0.421047 0.933536 0.198429 0.497793 1.194608 0.547512 0.287302 1.004395
82.600000 0.420799 0.933241 0.198560 0.498164 1.194479 0.547721 0.287315 1.004396
82.800000 0.420661 0.933542 0.198547 0.498400 1.194899 0.547739 0.287190 1.004730
83.000000 0.420677 0.933715 0.198646 0.498742 1.195033 0.547744 0.287430 1.004815
83.200000 0.420410 0.933356 0.198649 0.498887 1.194908 0.547661 0.287201 1.004851
83.400000 0.420476 0.933392 0.198555 0.499293 1.194888 0.548024 0.287442 1.004808
83.600000 0.420516 0.933634 0.198798 0.499646 1.195119 0.548074 0.287537 1.005232
83.800000 0.420240 0.933609 0.198795 0.500165 1.195367 0.548168 0.287565 1.005134
84.000000 0.420489 0.933273 0.198806 0.500302 1.195210 0.548245 0.287638 1.005390
84.200000 0.420111 0.933311 0.198676 0.500425 1.195111 0.548372 0.287628 1.005440
84.400000 0.420225 0.933478 0.198797 0.500872 1.195222 0.548059 0.287481 1.005202
84.600000 0.420201 0.933446 0.198903 0.500979 1.195378 0.548461 0.287835 1.005594
84.800000 0.420137 0.933117 0.198944 0.501323 1.195548 0.548131 0.287880 1.005266
85.000000 0.420150 0.933098 0.198861 0.501658 1.195317 0.548314 0.287756 1.005851
85.200000 0.419998 0.932986 0.198932 0.501791 1.195443 0.548567 0.287980 1.005740
85.400000 0.420215 0.933206 0.198938 0.501959 1.195579 0.548499 0.287973 1.005713
85.600000 0.419983 0.932862 0.198854 0.502152 1.195466 0.548687 0.288068 1.005903
85.800000 0.420440 0.932971 0.199016 0.502700 1.195774 0.548660 0.288089 1.006084
86.000000 0.420424 0.932814 0.199101 0.503002 1.195924 0.548732 0.288139 1.006016
86.200000 0.420497 0.933139 0.199046 0.503374 1.195849 0.548968 0.288280 1.006220
86.400000 0.420614 0.932827 0.199063 0.503545 1.195938 0.548909 0.288007 1.006016
86.600000 0.420448 0.932865 0.199186 0.503827 1.196004 0.549020 0.288396 1.006322
86.800000 0.420449 0.932909 0.199260 0.504114 1.196083 0.549031 0.288459 1.006510
87.000000 0.420396 0.932844 0.199237 0.504409 1.196266 0.549049 0.288370 1.006751
87.200000 0.420520 0.932066 0.199133 0.504658 1.196190 0.549194 0.288526 1.006663
87.400000 0.420646 0.932728 0.199347 0.505020 1.196370 0.549181 0.288512 1.006868
87.600000 0.420635 0.932827 0.199361 0.505215 1.196366 0.549258 0.288418 1.006688
87.800000 0.420610 0.932810 0.199285 0.505311 1.196538 0.549417 0.288594 1.006932
88.000000 0.420602 0.932830 0.199391 0.505691 1.196453 0.549363 0.288347 1.006937
88.200000 0.420507 0.932859 0.199355 0.505969 1.196679 0.549353 0.288388 1.007075
88.400000 0.420705 0.932893 0.199471 0.506278 1.196836 0.549527 0.288730 1.007217
88.600000 0.420573 0.932943 0.199522 0.506426 1.197026 0.549710 0.288544 1.007326
88.800000 0.420831 0.932720 0.199463 0.507047 1.197025 0.549707 0.288621 1.007242
89.000000 0.420539 0.932845 0.199538 0.507003 1.197009 0.549874 0.288761 1.007556
89.200000 0.420657 0.932823 0.199552 0.507373 1.196975 0.549851 0.288832 1.007493
89.400000 0.420581 0.932937 0.199717 0.507556 1.196905 0.549634 0.288724 1.007629
89.600000 0.420455 0.932967 0.199733 0.468852 1.197282 0.549852 0.288839 1.007657
89.800000 0.420151 0.932848 0.199829 0.508010 1.197379 0.549994 0.288920 1.007906
90.000000 0.420238 0.933153 0.199626 0.508159 1.197074 0.549917 0.288770 1.008106
