0.200000 0.060057 0.451940 0.232758 0.254294 0.458860 0.475982 0.258857 0.398390
0.400000 0.059919 0.451005 0.232499 0.253911 0.457212 0.475683 0.258752 0.397109
0.600000 0.059925 0.450700 0.232679 0.253923 0.456415 0.475708 0.258780 0.396388
0.800000 0.059914 0.450338 0.232654 0.253824 0.455619 0.475725 0.258727 0.395798
1.000000 0.059903 0.449740 0.232422 0.253873 0.454788 0.475526 0.258568 0.395132
1.200000 0.059887 0.449379 0.232610 0.253627 0.453902 0.475504 0.258474 0.394516
1.400000 0.059848 0.448924 0.232529 0.253461 0.453020 0.475569 0.258300 0.393828
1.600000 0.059858 0.448754 0.232523 0.253565 0.451990 0.475599 0.258309 0.393176
1.800000 0.059866 0.448406 0.232692 0.253523 0.451161 0.475230 0.258276 0.392490
2.000000 0.059866 0.448089 0.232447 0.253221 0.450448 0.475534 0.258088 0.391979
2.200000 0.059888 0.447644 0.232609 0.253294 0.449550 0.475458 0.258116 0.391350
2.400000 0.059848 0.447205 0.231930 0.253164 0.448899 0.475560 0.258090 0.390741
2.600000 0.059845 0.446969 0.232624 0.253046 0.447962 0.475410 0.257886 0.390058
2.800000 0.059828 0.446606 0.232443 0.253052 0.446971 0.475529 0.257968 0.389307
3.000000 0.059898 0.446241 0.232443 0.252895 0.446261 0.475382 0.257888 0.388928
3.200000 0.059824 0.445731 0.232335 0.252882 0.445517 0.475448 0.257790 0.388216
3.400000 0.059820 0.445499 0.232497 0.252720 0.444745 0.475168 0.257589 0.387721
3.600000 0.059943 0.445294 0.232446 0.252823 0.443752 0.475216 0.257710 0.386838
3.800000 0.059667 0.444850 0.232391 0.252391 0.442993 0.475307 0.257716 0.386431
4.000000 0.059811 0.444562 0.232292 0.252540 0.442228 0.475258 0.257506 0.385807
4.200000 0.059810 0.444062 0.232364 0.252389 0.441483 0.475309 0.257433 0.385346
4.400000 0.059925 0.443799 0.232385 0.252367 0.440825 0.475144 0.257363 0.384541
4.600000 0.059775 0.443460 0.232265 0.252354 0.440046 0.475212 0.257408 0.384026
4.800000 0.059811 0.443153 0.232343 0.252262 0.439110 0.475038 0.257257 0.383567
5.000000 0.059773 0.442950 0.232477 0.252178 0.438441 0.475022 0.257216 0.383025
5.200000 0.059783 0.442448 0.232292 0.252020 0.437591 0.475149 0.257250 0.382369
5.400000 0.059768 0.442075 0.232373 0.251992 0.436770 0.474942 0.257070 0.381916
5.600000 0.059881 0.441672 0.232341 0.251846 0.436293 0.474948 0.257036 0.381254
5.800000 0.059777 0.441310 0.232222 0.251844 0.435438 0.474858 0.256912 0.380606
6.000000 0.059748 0.441011 0.232098 0.251788 0.434722 0.475000 0.256857 0.380172
6.200000 0.059748 0.440892 0.232321 0.251697 0.434040 0.474923 0.256956 0.379617
6.400000 0.059913 0.440544 0.232356 0.251737 0.433273 0.474881 0.256749 0.378998
6.600000 0.059726 0.439998 0.232153 0.251358 0.432174 0.474829 0.256524 0.378407
6.800000 0.059725 0.439865 0.232106 0.251534 0.431507 0.475004 0.256579 0.377774
7.000000 0.059714 0.439345 0.232007 0.251405 0.430681 0.474870 0.256538 0.377320
7.200000 0.059783 0.439280 0.232129 0.251160 0.429876 0.474786 0.256388 0.376698
7.400000 0.059740 0.438936 0.232327 0.251248 0.429268 0.474757 0.256410 0.376203
7.600000 0.059689 0.438531 0.232152 0.251133 0.428757 0.474679 0.256252 0.375577
7.800000 0.059584 0.438052 0.231771 0.250949 0.427812 0.473907 0.256107 0.374975
8.000000 0.059556 0.437710 0.231802 0.250854 0.426912 0.474464 0.255963 0.374276
8.200000 0.059534 0.437329 0.231966 0.250988 0.426222 0.474666 0.256062 0.373751
8.400000 0.059693 0.437405 0.232154 0.250869 0.425401 0.474586 0.255947 0.373271
8.600000 0.059689 0.437124 0.232232 0.250743 0.424949 0.474667 0.255895 0.372829
8.800000 0.059662 0.436816 0.232081 0.250797 0.424289 0.474602 0.255961 0.372351
9.000000 0.059519 0.436501 0.232197 0.250695 0.423449 0.474699 0.255913 0.371742
9.200000 0.059674 0.436198 0.232229 0.250584 0.423122 0.474570 0.255765 0.371461
9.400000 0.059692 0.435795 0.231984 0.250499 0.422298 0.474410 0.255852 0.370979
9.600000 0.059691 0.435731 0.232197 0.250530 0.421670 0.474494 0.255720 0.370424
9.800000 0.059670 0.435400 0.231937 0.250456 0.421069 0.474510 0.255652 0.369757
10.000000 0.059802 0.435161 0.231957 0.250532 0.420433 0.474441 0.255709 0.369284
10.200000 0.059520 0.434734 0.232085 0.250300 0.419689 0.474393 0.255495 0.368999
10.400000 0.059532 0.434485 0.232013 0.250136 0.419216 0.474317 0.255481 0.368545
10.600000 0.059659 0.434117 0.232077 0.250201 0.418485 0.474349 0.255402 0.368100
10.800000 0.059536 0.434038 0.231882 0.250127 0.417959 0.474470 0.255339 0.367619
11.000000 0.059624 0.433791 0.231799 0.250226 0.417204 0.474256 0.255245 0.367115
11.200000 0.059607 0.433430 0.231876 0.249981 0.416483 0.474106 0.255128 0.366562
11.400000 0.059642 0.433275 0.232075 0.249915 0.415981 0.474157 0.255243 0.366097
11.600000 0.059618 0.432970 0.232153 0.250031 0.415238 0.474224 0.255029 0.365887
11.800000 0.059609 0.432882 0.231939 0.249647 0.414827 0.474207 0.255016 0.365375
12.000000 0.059624 0.432476 0.232013 0.249773 0.414128 0.474182 0.254862 0.364760
12.200000 0.059605 0.432268 0.231921 0.249679 0.413665 0.473973 0.254712 0.364411
12.400000 0.059653 0.432044 0.231974 0.249549 0.413128 0.474168 0.254828 0.364071
12.600000 0.059614 0.431562 0.231838 0.249495 0.412238 0.473957 0.254792 0.363333
12.800000 0.059590 0.431376 0.231914 0.249397 0.411725 0.474072 0.254535 0.362855
13.000000 0.059568 0.431327 0.232053 0.249451 0.411189 0.474039 0.254629 0.362642
13.200000 0.059587 0.430997 0.231906 0.249356 0.410652 0.473921 0.254529 0.362316
13.400000 0.059565 0.430886 0.231819 0.249299 0.410141 0.473814 0.254470 0.361637
13.600000 0.059592 0.430461 0.231842 0.249226 0.409680 0.473850 0.254464 0.361388
13.800000 0.059557 0.430390 0.231861 0.249224 0.408992 0.473929 0.254418 0.361123
14.000000 0.059562 0.430189 0.231900 0.249046 0.408606 0.473837 0.254062 0.360518
14.200000 0.059556 0.429960 0.231746 0.249094 0.408093 0.473872 0.254487 0.360397
14.400000 0.059568 0.429832 0.231822 0.249062 0.407462 0.473809 0.254256 0.359839
14.600000 0.059591 0.429356 0.231671 0.248968 0.407062 0.473741 0.254208 0.359567
14.800000 0.059562 0.429263 0.231925 0.249023 0.406560 0.473762 0.254138 0.359182
15.000000 0.059385 0.429165 0.231785 0.248935 0.405998 0.473850 0.254126 0.358850
15.200000 0.059556 0.428779 0.231802 0.248860 0.405598 0.473749 0.253914 0.358504
15.400000 0.059562 0.428531 0.231874 0.248870 0.405087 0.473750 0.254037 0.358098
15.600000 0.059536 0.428469 0.231866 0.248952 0.404592 0.473694 0.253972 0.357730
15.800000 0.059548 0.428228 0.231898 0.248578 0.404109 0.473630 0.253955 0.357353
16.000000 0.059558 0.428016 0.231922 0.248620 0.403516 0.473622 0.253668 0.356973
16.200000 0.059524 0.427848 0.231753 0.248622 0.402989 0.473505 0.253848 0.356561
16.400000 0.059557 0.427814 0.231794 0.248292 0.402703 0.473607 0.253784 0.356250
16.600000 0.059360 0.427415 0.231653 0.248414 0.402203 0.473583 0.253747 0.355940
16.800000 0.059421 0.427233 0.231705 0.248408 0.401563 0.473415 0.253667 0.355508
17.000000 0.059503 0.427039 0.231777 0.248561 0.401172 0.473480 0.253737 0.355201
17.200000 0.059553 0.426663 0.231603 0.248366 0.400739 0.473353 0.253550 0.354783
17.400000 0.059518 0.426557 0.231717 0.248268 0.400085 0.473469 0.253599 0.354356
17.600000 0.059601 0.426384 0.231667 0.248109 0.399540 0.473293 0.253296 0.354092
17.800000 0.059364 0.426294 0.231675 0.248154 0.399262 0.473286 0.253243 0.353760
18.000000 0.059361 0.426004 0.231726 0.248143 0.398963 0.473334 0.253167 0.353456
18.200000 0.059363 0.425792 0.231624 0.247907 0.398510 0.473313 0.253220 0.353096
18.400000 0.059475 0.425574 0.231594 0.247961 0.397837 0.473428 0.253207 0.352748
18.600000 0.059478 0.425450 0.231754 0.248063 0.397419 0.473371 0.253252 0.352371
18.800000 0.059505 0.425437 0.231684 0.247966 0.397168 0.473439 0.253221 0.352249
19.000000 0.059495 0.425059 0.231692 0.247951 0.396296 0.473399 0.253069 0.351641
19.200000 0.059332 0.424836 0.231622 0.247701 0.396034 0.473203 0.252997 0.351355
19.400000 0.059413 0.424779 0.231515 0.247818 0.395519 0.473217 0.253007 0.351036
19.600000 0.059451 0.424389 0.231606 0.247659 0.395163 0.473306 0.252938 0.350717
19.800000 0.059489 0.424255 0.231530 0.247724 0.394864 0.473154 0.252883 0.350209
20.000000 0.059462 0.424097 0.231586 0.247763 0.394306 0.473085 0.252949 0.350003
20.200000 0.059455 0.423791 0.231501 0.247517 0.393645 0.472998 0.252739 0.349726
20.400000 0.059447 0.423681 0.231333 0.247533 0.393339 0.472905 0.252403 0.349382
20.600000 0.059442 0.423433 0.231492 0.247540 0.393057 0.473087 0.252569 0.349005
20.800000 0.059370 0.423489 0.231570 0.247352 0.392464 0.473034 0.252643 0.348795
21.000000 0.059444 0.423285 0.231555 0.247363 0.392182 0.473101 0.252666 0.348442
21.200000 0.059429 0.423045 0.231523 0.247467 0.391828 0.473006 0.252501 0.347940
21.400000 0.059449 0.423062 0.231550 0.247476 0.391355 0.472929 0.252449 0.347873
21.600000 0.059396 0.422787 0.231567 0.247096 0.390816 0.472785 0.252298 0.347478
21.800000 0.059406 0.422659 0.231483 0.247104 0.390585 0.472890 0.252237 0.347137
22.000000 0.059406 0.422351 0.231572 0.247170 0.390077 0.472830 0.252486 0.346704
22.200000 0.059422 0.422251 0.231386 0.247282 0.389643 0.472730 0.252295 0.346647
22.400000 0.059447 0.422041 0.231560 0.247160 0.389163 0.472785 0.252374 0.346296
22.600000 0.059414 0.421792 0.231433 0.247069 0.388787 0.472589 0.252206 0.345973
22.800000 0.059417 0.421672 0.231615 0.246919 0.388354 0.472775 0.252090 0.345643
23.000000 0.059414 0.421498 0.231453 0.246975 0.388027 0.472760 0.252138 0.345246
23.200000 0.059366 0.421394 0.231446 0.246756 0.387711 0.472440 0.251979 0.344893
23.400000 0.059490 0.421257 0.231450 0.246881 0.387129 0.472589 0.251954 0.344780
23.600000 0.059346 0.421082 0.231380 0.246748 0.386678 0.472711 0.251827 0.344250
23.800000 0.059423 0.420817 0.231400 0.246835 0.386406 0.472603 0.252045 0.344114
24.000000 0.059401 0.420690 0.231388 0.246789 0.386167 0.472676 0.251854 0.343883
24.200000 0.059384 0.420626 0.231424 0.246592 0.385711 0.472630 0.251862 0.343505
24.400000 0.059367 0.420333 0.231430 0.246456 0.385272 0.472453 0.251721 0.343189
24.600000 0.059423 0.420213 0.231411 0.246729 0.384952 0.472519 0.251739 0.343157
24.800000 0.059386 0.420067 0.231395 0.246489 0.384479 0.472451 0.251758 0.342860
25.000000 0.059373 0.419990 0.231465 0.246542 0.384090 0.472484 0.251598 0.342492
25.200000 0.059388 0.419685 0.231375 0.246527 0.383579 0.472311 0.251333 0.342085
25.400000 0.059464 0.419493 0.231405 0.246579 0.383217 0.472301 0.251502 0.341855
25.600000 0.059215 0.419164 0.231233 0.246343 0.382708 0.472302 0.251454 0.341404
25.800000 0.059237 0.419105 0.231369 0.246512 0.382506 0.472306 0.251444 0.341255
26.000000 0.059211 0.419135 0.231398 0.246293 0.382119 0.472356 0.251374 0.340988
26.200000 0.059212 0.418819 0.231199 0.246162 0.381746 0.472407 0.251382 0.340706
26.400000 0.059215 0.418696 0.231326 0.246249 0.381439 0.472391 0.251321 0.340456
26.600000 0.059334 0.418464 0.231253 0.246156 0.381134 0.472154 0.251238 0.340129
26.800000 0.059323 0.418265 0.231243 0.246198 0.380660 0.472394 0.251191 0.339881
27.000000 0.059267 0.418221 0.231249 0.246140 0.380274 0.472245 0.251084 0.339605
27.200000 0.059217 0.418100 0.231430 0.246271 0.380029 0.472186 0.251067 0.339370
27.400000 0.059209 0.417892 0.231260 0.246117 0.379585 0.472218 0.251033 0.338928
27.600000 0.059304 0.417703 0.231241 0.245857 0.379260 0.471973 0.251144 0.338848
27.800000 0.059322 0.417483 0.231290 0.246035 0.379021 0.472004 0.250862 0.338555
28.000000 0.059338 0.417341 0.231345 0.245957 0.378483 0.471975 0.251096 0.338168
28.200000 0.059211 0.417316 0.231360 0.245876 0.378004 0.472074 0.250815 0.338098
28.400000 0.059313 0.417270 0.231218 0.245889 0.377933 0.472225 0.250851 0.337774
28.600000 0.059342 0.417149 0.231211 0.245674 0.377471 0.472032 0.250843 0.337527
28.800000 0.059330 0.416985 0.231088 0.245748 0.377103 0.471964 0.250760 0.337199
29.000000 0.059293 0.416791 0.231208 0.245947 0.376837 0.471959 0.250738 0.336991
29.200000 0.059337 0.416565 0.231230 0.245727 0.376459 0.471976 0.250783 0.336628
29.400000 0.059320 0.416512 0.231290 0.245804 0.376099 0.471999 0.250598 0.336533
29.600000 0.059302 0.416395 0.231319 0.245588 0.375724 0.471842 0.250594 0.336195
29.800000 0.059296 0.416158 0.231307 0.245609 0.375285 0.471831 0.250397 0.335810
30.000000 0.059386 0.416095 0.231191 0.245576 0.374968 0.471758 0.250540 0.335632
30.200000 0.059310 0.415875 0.231085 0.245600 0.374633 0.472596 0.251442 0.335913
30.400000 0.059209 0.415940 0.231361 0.245618 0.374470 0.471825 0.250679 0.334976
30.600000 0.059236 0.415659 0.231239 0.245554 0.374113 0.471923 0.250515 0.335075
30.800000 0.059184 0.415572 0.231287 0.245617 0.373825 0.471916 0.250443 0.334627
31.000000 0.059414 0.415625 0.231268 0.245509 0.373285 0.471702 0.250520 0.334502
31.200000 0.059599 0.415339 0.231245 0.245425 0.373059 0.471754 0.250374 0.334300
31.400000 0.059864 0.415233 0.231369 0.245456 0.372772 0.471932 0.250514 0.334100
31.600000 0.060145 0.414955 0.231186 0.245437 0.372599 0.471687 0.250339 0.333917
31.800000 0.060553 0.415027 0.231266 0.245504 0.372457 0.471764 0.250294 0.333805
32.000000 0.060763 0.414880 0.231176 0.245231 0.372414 0.471695 0.250369 0.333906
32.200000 0.061371 0.414748 0.231359 0.245510 0.372367 0.471795 0.250212 0.333711
32.400000 0.061838 0.414831 0.231322 0.245643 0.372651 0.471735 0.250102 0.333962
32.600000 0.062265 0.414829 0.231058 0.245506 0.373016 0.471636 0.250214 0.334032
32.800000 0.062704 0.414920 0.231256 0.245608 0.373426 0.471714 0.250220 0.334476
33.000000 0.063140 0.415059 0.231431 0.245528 0.374059 0.471569 0.250362 0.334906
33.200000 0.063719 0.415437 0.231386 0.245668 0.374840 0.471695 0.250286 0.335404
33.400000 0.063960 0.415688 0.231553 0.245910 0.375684 0.471691 0.250392 0.336068
33.600000 0.064267 0.416228 0.231426 0.246082 0.376994 0.471516 0.250312 0.336909
33.800000 0.064611 0.416595 0.231428 0.246248 0.378156 0.471554 0.250151 0.337454
34.000000 0.064893 0.417444 0.231325 0.246534 0.379533 0.471512 0.250297 0.338637
34.200000 0.065039 0.418388 0.231436 0.246722 0.381252 0.471647 0.250245 0.339615
34.400000 0.065424 0.419375 0.231503 0.246906 0.382745 0.471610 0.250388 0.340844
34.600000 0.065655 0.420457 0.231624 0.247204 0.384376 0.471603 0.250505 0.342081
34.800000 0.065828 0.421636 0.231584 0.247269 0.386386 0.471648 0.250542 0.343446
35.000000 0.066019 0.423089 0.231727 0.247929 0.388386 0.471780 0.250478 0.344821
35.200000 0.066177 0.424827 0.231617 0.247976 0.390576 0.471637 0.250500 0.346243
35.400000 0.066317 0.426507 0.231702 0.248443 0.392661 0.471706 0.250545 0.347893
35.600000 0.066457 0.428464 0.231658 0.248863 0.394890 0.471715 0.250456 0.349402
35.800000 0.066575 0.430168 0.231891 0.248935 0.397227 0.471780 0.250642 0.351080
36.000000 0.066652 0.432284 0.231894 0.249270 0.399327 0.471762 0.250639 0.352662
36.200000 0.066717 0.434536 0.231874 0.249537 0.401884 0.471618 0.250759 0.354316
36.400000 0.066978 0.436986 0.232021 0.249876 0.404401 0.471669 0.250800 0.356395
36.600000 0.066928 0.439410 0.231689 0.250196 0.406908 0.471728 0.250841 0.358119
36.800000 0.067024 0.442037 0.231978 0.250587 0.409565 0.471662 0.250921 0.359973
37.000000 0.067079 0.444530 0.232096 0.250806 0.412189 0.471817 0.250964 0.362148
37.200000 0.067273 0.447439 0.232223 0.251175 0.415033 0.471658 0.250995 0.364155
37.400000 0.067205 0.451058 0.232356 0.251607 0.418468 0.471948 0.250859 0.366560
37.600000 0.067247 0.454204 0.232086 0.252070 0.421338 0.471880 0.251148 0.368782
37.800000 0.067292 0.457177 0.232298 0.252241 0.424259 0.471919 0.251214 0.370907
38.000000 0.067339 0.460389 0.232446 0.252541 0.427362 0.471820 0.251251 0.373169
38.200000 0.067402 0.463815 0.232529 0.252714 0.430265 0.471925 0.251293 0.375354
38.400000 0.067429 0.466931 0.232654 0.253069 0.433251 0.471862 0.251417 0.377542
38.600000 0.067588 0.470438 0.232598 0.253426 0.436257 0.471860 0.251594 0.380082
38.800000 0.067508 0.474080 0.232815 0.253611 0.439416 0.471894 0.251479 0.382090
39.000000 0.067680 0.477438 0.232592 0.254074 0.442604 0.471990 0.251496 0.384395
39.200000 0.067560 0.480942 0.232862 0.254338 0.445696 0.471938 0.251728 0.386958
39.400000 0.067631 0.484492 0.232919 0.254548 0.448850 0.472074 0.251700 0.389443
39.600000 0.067612 0.488073 0.232779 0.254938 0.452117 0.472180 0.251625 0.391817
39.800000 0.067634 0.491634 0.233117 0.255247 0.455293 0.472065 0.251872 0.394070
40.000000 0.067684 0.495166 0.233012 0.255452 0.458498 0.471968 0.251992 0.396656
40.200000 0.067679 0.498827 0.232902 0.255706 0.461813 0.471898 0.252020 0.399212
40.400000 0.067722 0.502442 0.233250 0.255955 0.465063 0.472104 0.252128 0.401618
40.600000 0.067731 0.505999 0.233030 0.256396 0.468414 0.471975 0.252122 0.404293
40.800000 0.067738 0.509807 0.233207 0.256448 0.471632 0.472259 0.252077 0.406681
41.000000 0.067763 0.513209 0.233157 0.256671 0.475046 0.472061 0.252329 0.409426
41.200000 0.067877 0.516927 0.233457 0.257080 0.478314 0.472360 0.252344 0.412027
41.400000 0.067807 0.520366 0.233358 0.257289 0.481694 0.472218 0.252449 0.414481
41.600000 0.067796 0.523931 0.233427 0.257708 0.485047 0.472239 0.252443 0.417285
41.800000 0.067828 0.527391 0.233508 0.257884 0.488285 0.472356 0.252633 0.419804
42.000000 0.067861 0.530938 0.233532 0.258129 0.491681 0.472062 0.252440 0.422346
42.200000 0.067867 0.534450 0.233469 0.258209 0.494973 0.472294 0.252763 0.424835
42.400000 0.067872 0.537666 0.233464 0.258584 0.498128 0.472049 0.252837 0.427499
42.600000 0.068053 0.541136 0.233703 0.258911 0.501422 0.472415 0.252906 0.430034
42.800000 0.067776 0.544336 0.233626 0.259081 0.504841 0.472478 0.252579 0.432695
43.000000 0.067908 0.547754 0.233796 0.259398 0.508187 0.472515 0.253069 0.435400
43.200000 0.067770 0.550737 0.233725 0.259525 0.511367 0.472390 0.253035 0.437855
43.400000 0.068051 0.554009 0.233907 0.259740 0.514665 0.472479 0.253106 0.440400
43.600000 0.067981 0.557224 0.233968 0.260087 0.518178 0.472705 0.253342 0.443416
43.800000 0.067915 0.561309 0.233952 0.260257 0.522232 0.472417 0.253360 0.446551
44.000000 0.067966 0.564288 0.233962 0.260460 0.525412 0.472438 0.253308 0.449185
44.200000 0.067959 0.567274 0.234037 0.260673 0.528442 0.472647 0.253491 0.451425
44.400000 0.067998 0.570183 0.234100 0.260800 0.531706 0.472574 0.253658 0.453956
44.600000 0.067998 0.572825 0.234304 0.261225 0.534734 0.472645 0.253730 0.456382
44.800000 0.068031 0.575677 0.233991 0.261346 0.537560 0.472695 0.253873 0.458890
45.000000 0.068000 0.578423 0.234162 0.261446 0.540585 0.472578 0.253978 0.461267
45.200000 0.068023 0.581033 0.234336 0.261713 0.543523 0.472702 0.253901 0.463643
45.400000 0.068019 0.583617 0.234203 0.261862 0.546649 0.472786 0.253927 0.466076
45.600000 0.068187 0.586010 0.234364 0.261847 0.549647 0.472788 0.254033 0.468398
45.800000 0.068203 0.588616 0.234325 0.262311 0.552518 0.472807 0.254119 0.470677
46.000000 0.068076 0.591005 0.234314 0.262601 0.555394 0.472859 0.254201 0.473117
46.200000 0.068085 0.593434 0.234424 0.262599 0.558172 0.472918 0.254304 0.475205
46.400000 0.067918 0.595758 0.234486 0.262859 0.561113 0.472982 0.254092 0.477691
46.600000 0.067908 0.598164 0.234439 0.263034 0.563906 0.472981 0.254589 0.479865
46.800000 0.067908 0.600425 0.234413 0.262986 0.566648 0.472918 0.254424 0.482173
47.000000 0.068085 0.602604 0.234381 0.263215 0.569586 0.472984 0.254623 0.484334
47.200000 0.067981 0.604706 0.234579 0.263597 0.572149 0.473023 0.254619 0.486421
47.400000 0.068108 0.607113 0.234572 0.263648 0.574561 0.472890 0.254890 0.488461
47.600000 0.068093 0.609215 0.234420 0.263934 0.577415 0.472919 0.254908 0.490579
47.800000 0.068093 0.611167 0.234594 0.263987 0.580075 0.473095 0.254849 0.492855
48.000000 0.068129 0.613225 0.234649 0.264267 0.582725 0.473257 0.255021 0.494942
48.200000 0.068120 0.615048 0.234704 0.264433 0.585124 0.473025 0.255101 0.496920
48.400000 0.068140 0.617017 0.234693 0.264560 0.587634 0.473079 0.255125 0.498820
48.600000 0.068157 0.618639 0.234800 0.264593 0.589935 0.473138 0.255145 0.500842
48.800000 0.068161 0.620588 0.234928 0.265029 0.592766 0.473327 0.255341 0.502968
49.000000 0.068172 0.622321 0.234828 0.265088 0.595068 0.473183 0.255286 0.504866
49.200000 0.068153 0.624086 0.234723 0.265203 0.597620 0.473207 0.255477 0.506834
49.400000 0.068173 0.625839 0.234963 0.265409 0.599830 0.473208 0.255499 0.508627
49.600000 0.068191 0.627473 0.234693 0.265588 0.602254 0.473110 0.255440 0.510610
49.800000 0.068188 0.629148 0.234856 0.265618 0.604613 0.473179 0.255631 0.512528
50.000000 0.068333 0.630845 0.235016 0.265864 0.607114 0.473478 0.255683 0.514827
50.200000 0.068203 0.632998 0.234899 0.266109 0.610201 0.473388 0.256017 0.517118
50.400000 0.068160 0.634427 0.234815 0.265979 0.612223 0.473396 0.255833 0.518665
50.600000 0.068230 0.635840 0.234697 0.266386 0.614747 0.473455 0.255934 0.520674
50.800000 0.068069 0.637409 0.235016 0.266342 0.616817 0.473391 0.256090 0.522175
51.000000 0.068305 0.638755 0.235060 0.266438 0.619012 0.473588 0.256124 0.524012
51.200000 0.068235 0.640110 0.235043 0.266751 0.621284 0.473525 0.256320 0.525674
51.400000 0.068228 0.641438 0.235286 0.266883 0.623397 0.473261 0.256289 0.527431
51.600000 0.068253 0.642990 0.235103 0.267162 0.625525 0.473630 0.256414 0.529137
51.800000 0.068116 0.644223 0.235290 0.267211 0.627446 0.473674 0.256483 0.530562
52.000000 0.068243 0.645159 0.235202 0.267319 0.629454 0.473677 0.256546 0.532338
52.200000 0.068345 0.646514 0.235189 0.267406 0.631417 0.473643 0.256717 0.533766
52.400000 0.068254 0.647861 0.235103 0.267587 0.633658 0.473783 0.256586 0.535300
52.600000 0.068257 0.648810 0.235271 0.267690 0.635490 0.473766 0.256658 0.536938
52.800000 0.068274 0.649992 0.235048 0.267825 0.637430 0.473633 0.256882 0.538431
53.000000 0.068291 0.651216 0.235158 0.268083 0.639265 0.473774 0.256953 0.539962
53.200000 0.068289 0.652199 0.235207 0.267959 0.641164 0.473772 0.257104 0.541397
53.400000 0.068280 0.653336 0.235151 0.268186 0.642974 0.473653 0.257107 0.542650
53.600000 0.068311 0.654218 0.235385 0.268415 0.644823 0.473836 0.257205 0.544202
53.800000 0.068293 0.655045 0.235278 0.268250 0.646336 0.473773 0.257099 0.545504
54.000000 0.068312 0.656169 0.235219 0.268583 0.648416 0.473893 0.257127 0.546884
54.200000 0.068275 0.657190 0.235292 0.268824 0.650100 0.473786 0.257309 0.548261
54.400000 0.068337 0.658199 0.235406 0.268711 0.651948 0.473982 0.257449 0.549700
54.600000 0.068312 0.659155 0.235317 0.268998 0.653423 0.474017 0.257555 0.551086
54.800000 0.068305 0.660073 0.235434 0.269120 0.654909 0.473982 0.257706 0.552514
55.000000 0.068208 0.660788 0.235384 0.269193 0.656950 0.473797 0.257661 0.553713
55.200000 0.068259 0.661526 0.235416 0.269203 0.658624 0.474033 0.257587 0.554841
55.400000 0.068331 0.662434 0.235531 0.269389 0.660209 0.473950 0.257869 0.556216
55.600000 0.068234 0.663430 0.235542 0.269621 0.661916 0.473982 0.257887 0.557291
55.800000 0.068361 0.664212 0.235519 0.269588 0.663186 0.474079 0.257938 0.558565
56.000000 0.068364 0.664865 0.235485 0.269883 0.664936 0.474151 0.257922 0.559776
56.200000 0.068496 0.665634 0.235586 0.270029 0.666796 0.474168 0.258168 0.561147
56.400000 0.068502 0.666814 0.235452 0.270074 0.668528 0.474106 0.258188 0.562530
56.600000 0.068506 0.667498 0.235522 0.269991 0.670127 0.474173 0.258329 0.563781
56.800000 0.068228 0.668261 0.235654 0.270283 0.671571 0.474324 0.258188 0.564792
57.000000 0.068359 0.668879 0.235642 0.270445 0.673183 0.474357 0.258448 0.565838
57.200000 0.068390 0.669561 0.235608 0.270676 0.674538 0.474241 0.258354 0.567067
57.400000 0.068399 0.670167 0.235662 0.270609 0.675834 0.474285 0.258588 0.567948
57.600000 0.068367 0.670859 0.235670 0.270804 0.677228 0.474144 0.258780 0.569080
57.800000 0.068233 0.671449 0.235596 0.270935 0.678567 0.474364 0.258781 0.570182
58.000000 0.068386 0.671970 0.235597 0.270920 0.680032 0.474380 0.258648 0.571206
58.200000 0.068389 0.672488 0.235735 0.271097 0.681445 0.474287 0.258818 0.572072
58.400000 0.068218 0.673226 0.235876 0.271177 0.682653 0.474285 0.258904 0.573176
58.600000 0.068380 0.673696 0.235696 0.271180 0.684146 0.474531 0.258729 0.574089
58.800000 0.068390 0.674326 0.235714 0.271351 0.685127 0.474525 0.259019 0.574970
59.000000 0.068384 0.674941 0.235478 0.271565 0.686486 0.474411 0.259142 0.575982
59.200000 0.068382 0.675388 0.235612 0.271598 0.687841 0.474457 0.258955 0.576828
59.400000 0.068262 0.676043 0.235863 0.271720 0.688955 0.474418 0.259289 0.577995
59.600000 0.068422 0.676714 0.235843 0.271850 0.690291 0.474627 0.259377 0.578622
59.800000 0.068402 0.676892 0.235940 0.271995 0.691226 0.474641 0.259419 0.579617
60.000000 0.068417 0.677442 0.235885 0.271668 0.692359 0.474646 0.259468 0.580293
60.200000 0.068424 0.678085 0.235792 0.271916 0.693795 0.474684 0.259541 0.581221
60.400000 0.068297 0.678542 0.235783 0.272107 0.694801 0.474613 0.259506 0.582177
60.600000 0.068381 0.678978 0.235885 0.272238 0.696038 0.474742 0.259754 0.582905
60.800000 0.068387 0.679445 0.235828 0.272239 0.697137 0.474765 0.259735 0.583929
61.000000 0.068398 0.679733 0.235932 0.272427 0.698221 0.474848 0.259781 0.584693
61.200000 0.068410 0.680100 0.236013 0.272589 0.699261 0.474754 0.259899 0.585448
61.400000 0.068423 0.680549 0.235913 0.272822 0.700456 0.474745 0.259966 0.586100
61.600000 0.068226 0.680887 0.235929 0.272746 0.701151 0.474808 0.260043 0.586859
61.800000 0.068429 0.681306 0.235881 0.272948 0.702366 0.474436 0.259921 0.587833
62.000000 0.068431 0.681828 0.235837 0.272964 0.703445 0.474994 0.260035 0.588662
62.200000 0.068430 0.682148 0.236030 0.273126 0.704370 0.474919 0.260265 0.589398
62.400000 0.068464 0.682631 0.236049 0.273164 0.705610 0.474953 0.260346 0.589987
62.600000 0.068436 0.683013 0.236004 0.273165 0.707046 0.474961 0.260394 0.590857
62.800000 0.068398 0.683161 0.235969 0.273346 0.707994 0.474974 0.260448 0.591868
63.000000 0.068442 0.683559 0.236102 0.234430 0.708985 0.474997 0.260529 0.592430
63.200000 0.068408 0.684048 0.236044 0.273547 0.709854 0.475006 0.260604 0.592991
63.400000 0.068429 0.684313 0.235970 0.273685 0.710711 0.474996 0.260479 0.593583
63.600000 0.068414 0.684434 0.235930 0.273611 0.711409 0.474624 0.260471 0.594309
63.800000 0.068443 0.684887 0.236018 0.273640 0.712509 0.475067 0.260627 0.594802
64.000000 0.068426 0.685027 0.236189 0.273837 0.713382 0.474900 0.260828 0.595627
64.200000 0.068414 0.685562 0.236027 0.273964 0.714226 0.475147 0.261041 0.596213
64.400000 0.068425 0.685784 0.236101 0.274073 0.715173 0.475105 0.260929 0.596885
64.600000 0.068434 0.686189 0.235951 0.274071 0.716091 0.475161 0.261025 0.597413
64.800000 0.068468 0.686422 0.235964 0.274215 0.716801 0.475221 0.261089 0.598039
65.000000 0.068436 0.686386 0.236179 0.274334 0.717616 0.475081 0.261127 0.598470
65.200000 0.068432 0.686827 0.236105 0.274360 0.718501 0.475184 0.261220 0.599343
65.400000 0.068433 0.687018 0.236091 0.274369 0.719208 0.475223 0.261082 0.599759
65.600000 0.068458 0.687552 0.236201 0.274605 0.719925 0.475236 0.261327 0.600415
65.800000 0.068441 0.687623 0.236169 0.274782 0.720787 0.475192 0.261356 0.600872
66.000000 0.068446 0.687752 0.236079 0.274674 0.721351 0.475013 0.261397 0.601208
66.200000 0.068413 0.688161 0.236343 0.274685 0.722287 0.475278 0.261414 0.601854
66.400000 0.068448 0.688437 0.236127 0.274843 0.723000 0.475165 0.261402 0.602369
66.600000 0.068477 0.688588 0.236166 0.274900 0.723614 0.475307 0.261603 0.602937
66.800000 0.068458 0.688638 0.236068 0.275024 0.724462 0.475331 0.261645 0.603399
67.000000 0.068390 0.688732 0.236067 0.274993 0.724966 0.475293 0.261770 0.604068
67.200000 0.068507 0.689115 0.236091 0.275161 0.725719 0.475402 0.261852 0.604521
67.400000 0.068407 0.689182 0.236158 0.275277 0.726176 0.475315 0.261918 0.604957
67.600000 0.068377 0.689451 0.236321 0.275272 0.727136 0.475398 0.261892 0.605313
67.800000 0.068600 0.689840 0.236214 0.275527 0.727756 0.475237 0.262003 0.605795
68.000000 0.068235 0.689793 0.236331 0.275506 0.728422 0.475373 0.262055 0.606307
68.200000 0.068467 0.690128 0.236254 0.275448 0.729089 0.475539 0.262055 0.606766
68.400000 0.068485 0.690342 0.236243 0.275651 0.729758 0.475264 0.262083 0.607274
68.600000 0.068462 0.690756 0.236327 0.275849 0.730637 0.475473 0.262265 0.607960
68.800000 0.068487 0.690785 0.236271 0.275804 0.731126 0.475574 0.262187 0.608226
69.000000 0.068418 0.690883 0.236328 0.275870 0.731643 0.475662 0.262436 0.608739
69.200000 0.068467 0.691115 0.236310 0.276012 0.732309 0.475602 0.262314 0.609118
69.400000 0.068482 0.691317 0.236390 0.275967 0.732944 0.475752 0.262537 0.609523
69.600000 0.068467 0.691477 0.236321 0.276098 0.733419 0.475560 0.262521 0.609849
69.800000 0.068476 0.691466 0.236280 0.276146 0.734237 0.475692 0.262514 0.610350
70.000000 0.068463 0.691547 0.236245 0.276226 0.734698 0.475644 0.262657 0.610685
70.200000 0.068446 0.691813 0.236450 0.276298 0.735181 0.475654 0.262690 0.611022
70.400000 0.068480 0.691885 0.236490 0.276392 0.735839 0.475721 0.262716 0.611520
70.600000 0.068491 0.692044 0.236381 0.276457 0.736312 0.475677 0.262763 0.611824
70.800000 0.068481 0.692308 0.236399 0.276509 0.736725 0.475693 0.263022 0.612230
71.000000 0.068441 0.692372 0.236495 0.276527 0.737459 0.475665 0.262882 0.612628
71.200000 0.068502 0.692531 0.236213 0.276564 0.737839 0.475628 0.263017 0.612807
71.400000 0.068509 0.692642 0.236405 0.276686 0.738267 0.475816 0.262978 0.613377
71.600000 0.068482 0.693001 0.236449 0.276875 0.739040 0.475853 0.263110 0.613742
71.800000 0.068479 0.693194 0.236396 0.276868 0.739459 0.475730 0.263186 0.613989
72.000000 0.068489 0.693317 0.236263 0.276816 0.739961 0.475913 0.263180 0.614452
72.200000 0.068493 0.693383 0.236510 0.277021 0.740505 0.475897 0.263250 0.614688
72.400000 0.068482 0.693407 0.236434 0.277083 0.740922 0.475791 0.263242 0.615081
72.600000 0.068395 0.693492 0.236424 0.277195 0.741445 0.475965 0.263501 0.615475
72.800000 0.068488 0.693736 0.236476 0.277243 0.741983 0.476070 0.263435 0.615617
73.000000 0.068479 0.693738 0.236412 0.277312 0.742229 0.476044 0.263482 0.616080
73.200000 0.068473 0.693941 0.236398 0.277389 0.742683 0.475835 0.263485 0.616345
73.400000 0.068326 0.693941 0.236412 0.277285 0.742816 0.475863 0.263376 0.616604
73.600000 0.068362 0.694217 0.236367 0.277530 0.743746 0.475942 0.263566 0.617018
73.800000 0.068497 0.694071 0.236418 0.277504 0.743899 0.475999 0.263690 0.617215
74.000000 0.068504 0.694118 0.236501 0.277666 0.744532 0.475934 0.263716 0.617510
74.200000 0.068482 0.694298 0.236530 0.277731 0.745032 0.476154 0.263796 0.617940
74.400000 0.068488 0.694288 0.236496 0.277714 0.745254 0.476067 0.263934 0.618215
74.600000 0.068408 0.694508 0.236374 0.277710 0.745763 0.476121 0.263926 0.618405
74.800000 0.068476 0.694598 0.236379 0.277864 0.746296 0.476126 0.263945 0.618715
75.000000 0.068495 0.694795 0.236577 0.277883 0.746697 0.476127 0.263935 0.619084
75.200000 0.068498 0.694749 0.236411 0.277885 0.747048 0.476061 0.264077 0.619290
75.400000 0.068387 0.694851 0.236563 0.278285 0.747355 0.476169 0.264120 0.619633
75.600000 0.068361 0.695134 0.236571 0.278056 0.747784 0.476260 0.264177 0.619915
75.800000 0.068447 0.695128 0.236559 0.278394 0.748265 0.476339 0.264248 0.620264
76.000000 0.068473 0.695230 0.236556 0.278170 0.748533 0.476256 0.264353 0.620349
76.200000 0.068482 0.695416 0.236576 0.278376 0.749074 0.476369 0.264251 0.620688
76.400000 0.068501 0.695231 0.236560 0.278459 0.749171 0.476342 0.264325 0.620747
76.600000 0.068462 0.695483 0.236633 0.278325 0.749142 0.476213 0.264313 0.620926
76.800000 0.068477 0.695580 0.236644 0.278555 0.749836 0.476288 0.264401 0.621312
77.000000 0.068468 0.695382 0.236606 0.278746 0.750384 0.476363 0.264523 0.621528
77.200000 0.068480 0.695678 0.236660 0.278640 0.750545 0.476351 0.264393 0.621661
77.400000 0.068500 0.695775 0.236545 0.278649 0.750904 0.476503 0.264620 0.621924
77.600000 0.068629 0.695928 0.236812 0.278923 0.751513 0.476338 0.264597 0.622212
77.800000 0.068361 0.695845 0.236524 0.278788 0.751717 0.476438 0.264758 0.622457
78.000000 0.068489 0.695686 0.236536 0.278890 0.751941 0.476318 0.264773 0.622698
78.200000 0.068370 0.695847 0.236571 0.279012 0.752048 0.476373 0.264890 0.622749
78.400000 0.068481 0.696140 0.236678 0.279016 0.752488 0.476509 0.264838 0.623040
78.600000 0.068501 0.696281 0.236816 0.279232 0.752837 0.476409 0.265013 0.623325
78.800000 0.068498 0.696361 0.236608 0.279186 0.753053 0.476449 0.264979 0.623480
79.000000 0.068491 0.696268 0.236759 0.279141 0.753437 0.476511 0.264968 0.623518
79.200000 0.068517 0.696371 0.236765 0.279208 0.753622 0.476504 0.264900 0.623865
79.400000 0.068492 0.696318 0.236775 0.279213 0.753788 0.476514 0.265136 0.624001
79.600000 0.068498 0.696566 0.236776 0.279354 0.754351 0.476440 0.264984 0.624324
79.800000 0.068657 0.696477 0.236513 0.279329 0.754542 0.476435 0.265169 0.624425
80.000000 0.068492 0.696682 0.236650 0.279454 0.754998 0.476371 0.265309 0.624590
80.200000 0.068664 0.696663 0.236744 0.279602 0.755131 0.476568 0.265335 0.624951
80.400000 0.068557 0.696738 0.236710 0.279692 0.755344 0.476602 0.265225 0.586077
80.600000 0.068376 0.696879 0.236751 0.279642 0.755759 0.476741 0.265386 0.625279
80.800000 0.068658 0.696916 0.236769 0.279750 0.755873 0.476760 0.265442 0.625607
81.000000 0.068373 0.696738 0.236762 0.279831 0.756314 0.476651 0.265498 0.625482
81.200000 0.068491 0.696958 0.236667 0.279919 0.756488 0.476479 0.265456 0.625805
81.400000 0.068583 0.697055 0.236719 0.279878 0.756812 0.476736 0.265579 0.625832
81.600000 0.068543 0.697147 0.236751 0.279954 0.756900 0.476756 0.265591 0.626103
81.800000 0.068373 0.697280 0.236768 0.279883 0.757361 0.476797 0.265552 0.626332
82.000000 0.068549 0.697129 0.236806 0.279914 0.757324 0.476817 0.265690 0.626466
82.200000 0.068534 0.697311 0.236785 0.279872 0.757551 0.476770 0.265798 0.626672
82.400000 0.068540 0.697399 0.236672 0.280138 0.757782 0.476933 0.265767 0.626829
82.600000 0.068653 0.697243 0.236812 0.280215 0.758106 0.476799 0.265588 0.626983
82.800000 0.068530 0.697334 0.236735 0.280207 0.758222 0.476838 0.265895 0.627020
83.000000 0.068547 0.697605 0.236893 0.280296 0.758316 0.476850 0.265821 0.627367
83.200000 0.068460 0.697437 0.236769 0.280268 0.758670 0.476716 0.265843 0.627340
83.400000 0.068543 0.697367 0.236669 0.280418 0.758916 0.476896 0.265817 0.627554
83.600000 0.068530 0.697637 0.236697 0.280436 0.759413 0.476953 0.265972 0.627632
83.800000 0.068371 0.697643 0.236950 0.280331 0.759549 0.476852 0.266023 0.627834
84.000000 0.068520 0.697799 0.236726 0.280542 0.759677 0.476961 0.266064 0.628184
84.200000 0.068522 0.698039 0.236918 0.280561 0.759780 0.476852 0.266154 0.627983
84.400000 0.068542 0.697960 0.236884 0.280660 0.760161 0.476883 0.266234 0.628346
84.600000 0.068367 0.697969 0.236840 0.280719 0.760210 0.476952 0.266198 0.628350
84.800000 0.068561 0.698164 0.236732 0.280755 0.760367 0.476896 0.266187 0.628506
85.000000 0.068499 0.698383 0.236840 0.280680 0.760685 0.477113 0.266278 0.628738
85.200000 0.068379 0.698139 0.236996 0.280826 0.760645 0.476943 0.266281 0.628774
85.400000 0.068519 0.698519 0.236672 0.280908 0.760976 0.476932 0.266342 0.628918
85.600000 0.068539 0.698364 0.236748 0.280880 0.761185 0.477054 0.266383 0.629063
85.800000 0.068657 0.698263 0.236867 0.280976 0.761389 0.477107 0.266460 0.629174
86.000000 0.068402 0.698499 0.236899 0.280991 0.761597 0.477049 0.266465 0.629377
86.200000 0.068392 0.698589 0.236884 0.281217 0.761734 0.477112 0.266463 0.629326
86.400000 0.068535 0.698512 0.236950 0.281198 0.761899 0.477141 0.266476 0.629475
86.600000 0.068516 0.698655 0.236940 0.281153 0.762086 0.477020 0.266680 0.629705
86.800000 0.068592 0.698578 0.236928 0.281081 0.762312 0.477161 0.266664 0.629826
87.000000 0.068561 0.698643 0.236921 0.281278 0.762574 0.477201 0.266669 0.629740
87.200000 0.068541 0.698356 0.236886 0.281249 0.762839 0.477226 0.266708 0.630083
87.400000 0.068527 0.698711 0.236853 0.281403 0.763075 0.477200 0.266798 0.630064
87.600000 0.068533 0.698751 0.236861 0.281398 0.763079 0.477180 0.266798 0.630333
87.800000 0.068396 0.698701 0.236914 0.281506 0.763266 0.477197 0.266783 0.630482
88.000000 0.068564 0.698938 0.236929 0.281385 0.763330 0.477191 0.266998 0.630614
88.200000 0.068567 0.698925 0.236931 0.281455 0.763531 0.477161 0.266744 0.630570
88.400000 0.068545 0.699130 0.236939 0.281674 0.763617 0.477364 0.267016 0.630655
88.600000 0.068520 0.699083 0.236948 0.281638 0.764033 0.477265 0.267022 0.630831
88.800000 0.068530 0.699073 0.236900 0.281632 0.763879 0.477279 0.266984 0.631042
89.000000 0.068559 0.699010 0.236916 0.281627 0.763860 0.477147 0.267054 0.631016
89.200000 0.068532 0.699220 0.236958 0.281698 0.764327 0.477303 0.267010 0.631145
89.400000 0.068560 0.699425 0.236804 0.281749 0.764549 0.477338 0.267096 0.631312
89.600000 0.068559 0.699368 0.236927 0.281785 0.764701 0.477341 0.267077 0.631328
89.800000 0.068419 0.699436 0.236944 0.281689 0.764839 0.477352 0.267069 0.631542
90.000000 0.068526 0.699225 0.236877 0.281913 0.764981 0.477240 0.267050 0.631297
