0.200000 0.208238 0.334535 0.165118 0.167866 0.224605 0.536065 0.185941 0.198399
0.400000 0.207933 0.334270 0.165011 0.167825 0.224104 0.535915 0.185738 0.198113
0.600000 0.207944 0.334060 0.165032 0.167478 0.223652 0.536005 0.185701 0.198157
0.800000 0.207932 0.334032 0.165030 0.167934 0.223721 0.535916 0.185574 0.198116
1.000000 0.207972 0.333993 0.164976 0.167807 0.223820 0.535631 0.185455 0.198034
1.200000 0.207921 0.333688 0.164977 0.167801 0.223610 0.535673 0.185609 0.198032
1.400000 0.207892 0.333706 0.164953 0.167689 0.223455 0.535661 0.185407 0.197812
1.600000 0.207901 0.333599 0.164869 0.167546 0.223296 0.535690 0.185516 0.197613
1.800000 0.207892 0.333480 0.164823 0.167641 0.223236 0.535452 0.185401 0.197730
2.000000 0.207970 0.333374 0.165093 0.167623 0.222942 0.535563 0.185267 0.197477
2.200000 0.207860 0.333174 0.165089 0.167715 0.222879 0.535449 0.185302 0.197490
2.400000 0.207697 0.333101 0.165045 0.167565 0.222728 0.535365 0.185186 0.197441
2.600000 0.207946 0.332967 0.165023 0.167547 0.222479 0.535296 0.185283 0.197220
2.800000 0.207813 0.333049 0.165007 0.167667 0.222502 0.535224 0.185110 0.197169
3.000000 0.207756 0.332677 0.164821 0.167607 0.222333 0.535091 0.184959 0.197105
3.200000 0.207759 0.332560 0.164928 0.167607 0.222206 0.535189 0.185087 0.197057
3.400000 0.207822 0.332495 0.164998 0.167492 0.222093 0.535250 0.185060 0.196893
3.600000 0.207709 0.332379 0.165014 0.167632 0.221919 0.535097 0.185015 0.196945
3.800000 0.207763 0.332384 0.164839 0.167652 0.221745 0.535089 0.185010 0.196711
4.000000 0.207745 0.332302 0.165020 0.167605 0.221680 0.534990 0.184923 0.196746
4.200000 0.207744 0.332050 0.164987 0.167680 0.221373 0.534979 0.185084 0.196665
4.400000 0.207717 0.331982 0.165033 0.167642 0.221372 0.534828 0.184792 0.196602
4.600000 0.207723 0.332009 0.164991 0.167820 0.221118 0.534908 0.184890 0.196636
4.800000 0.207541 0.331751 0.164959 0.167422 0.221025 0.534765 0.184802 0.196498
5.000000 0.207815 0.331782 0.164974 0.167689 0.220973 0.534818 0.184659 0.196428
5.200000 0.207671 0.331495 0.164993 0.167484 0.220842 0.534886 0.184703 0.196282
5.400000 0.207665 0.331667 0.164966 0.167441 0.220609 0.534794 0.184672 0.196289
5.600000 0.207640 0.331356 0.164936 0.167403 0.220608 0.534453 0.184611 0.196224
5.800000 0.207630 0.331361 0.164910 0.167431 0.220369 0.534531 0.184523 0.196140
6.000000 0.207588 0.331173 0.165091 0.167552 0.220327 0.534385 0.184580 0.195875
6.200000 0.207617 0.331095 0.164949 0.167309 0.220176 0.534435 0.184581 0.196001
6.400000 0.207565 0.330994 0.164797 0.167549 0.220033 0.534421 0.184357 0.195797
6.600000 0.207572 0.330895 0.165052 0.167446 0.219762 0.534504 0.184572 0.195646
6.800000 0.207580 0.330758 0.165110 0.167395 0.219861 0.534505 0.184329 0.195702
7.000000 0.207602 0.330663 0.164908 0.167668 0.219553 0.534342 0.184183 0.195511
7.200000 0.207561 0.330561 0.164936 0.167573 0.219486 0.534193 0.184295 0.195485
7.400000 0.207381 0.330550 0.164985 0.167686 0.219374 0.534111 0.184286 0.195470
7.600000 0.207396 0.330381 0.164951 0.167422 0.219169 0.534138 0.184227 0.195324
7.800000 0.207670 0.329996 0.165023 0.167469 0.219244 0.534177 0.184214 0.195323
8.000000 0.207501 0.330195 0.164920 0.167398 0.219019 0.533934 0.184062 0.195259
8.200000 0.207505 0.329874 0.165029 0.167622 0.218874 0.533948 0.184095 0.195170
8.400000 0.207456 0.329973 0.164989 0.167643 0.218756 0.534057 0.184032 0.195099
8.600000 0.207459 0.329752 0.164965 0.167627 0.218604 0.534000 0.183882 0.195113
8.800000 0.207471 0.329792 0.165087 0.167555 0.218614 0.533707 0.183999 0.194967
9.000000 0.207446 0.329735 0.164980 0.167453 0.218354 0.533878 0.184013 0.194875
9.200000 0.207403 0.329849 0.165069 0.167483 0.218204 0.533648 0.183735 0.194830
9.400000 0.207419 0.329458 0.165100 0.167395 0.218306 0.533611 0.183837 0.194742
9.600000 0.207431 0.329404 0.164913 0.167469 0.218043 0.533494 0.183829 0.194668
9.800000 0.207462 0.329384 0.164990 0.167389 0.218045 0.533501 0.183990 0.194614
10.000000 0.207407 0.329133 0.165015 0.167459 0.217757 0.533468 0.183770 0.194644
10.200000 0.207399 0.329037 0.164804 0.167462 0.217726 0.533533 0.183778 0.194420
10.400000 0.207407 0.329014 0.165010 0.167490 0.217724 0.533557 0.183562 0.194486
10.600000 0.207368 0.328870 0.164910 0.167480 0.217403 0.533364 0.183697 0.194436
10.800000 0.207355 0.328910 0.164951 0.167404 0.217382 0.533421 0.183646 0.194246
11.000000 0.207357 0.328796 0.164809 0.167327 0.217230 0.533266 0.183467 0.194092
11.200000 0.207348 0.328765 0.164872 0.167244 0.217128 0.533269 0.183460 0.194128
11.400000 0.207314 0.328396 0.164848 0.167364 0.216848 0.533232 0.183426 0.194072
11.600000 0.207329 0.328512 0.164923 0.167513 0.216773 0.532855 0.183439 0.194045
11.800000 0.207316 0.328220 0.164922 0.167339 0.216402 0.533044 0.183446 0.193802
12.000000 0.207317 0.328335 0.165098 0.167252 0.216678 0.533102 0.183399 0.193834
12.200000 0.207287 0.328333 0.164911 0.167291 0.216658 0.533063 0.183439 0.193842
12.400000 0.207324 0.328075 0.164851 0.167465 0.216396 0.533028 0.183530 0.193761
12.600000 0.207300 0.328054 0.164903 0.167254 0.216333 0.532893 0.183353 0.193744
12.800000 0.207168 0.328060 0.164899 0.167295 0.216154 0.532841 0.183280 0.193554
13.000000 0.207262 0.327787 0.165074 0.167430 0.216134 0.532982 0.183336 0.193569
13.200000 0.207247 0.327711 0.164982 0.167474 0.216006 0.532568 0.183236 0.193498
13.400000 0.207262 0.327895 0.164899 0.167086 0.215855 0.532677 0.183105 0.193449
13.600000 0.207226 0.327765 0.164977 0.167525 0.215617 0.532639 0.183328 0.193371
13.800000 0.207087 0.327324 0.164851 0.167269 0.215687 0.532599 0.183074 0.193313
14.000000 0.207101 0.327483 0.164892 0.167359 0.215461 0.532511 0.183120 0.193155
14.200000 0.207062 0.327447 0.165008 0.167429 0.215486 0.532430 0.183095 0.193227
14.400000 0.207359 0.327132 0.165012 0.167364 0.215696 0.532605 0.183172 0.193089
14.600000 0.207238 0.327233 0.165058 0.167510 0.215215 0.532479 0.183012 0.193151
14.800000 0.207086 0.327098 0.164825 0.167491 0.215229 0.532379 0.182994 0.193023
15.000000 0.207202 0.327135 0.164988 0.167413 0.215109 0.532357 0.183029 0.192997
15.200000 0.207098 0.327004 0.165068 0.167327 0.215091 0.532247 0.182934 0.192955
15.400000 0.207198 0.326918 0.164829 0.167390 0.214880 0.532379 0.182905 0.192870
15.600000 0.207168 0.326785 0.165090 0.167228 0.214784 0.532104 0.182850 0.192769
15.800000 0.207146 0.326740 0.164917 0.167248 0.214554 0.532225 0.182873 0.192591
16.000000 0.207122 0.326819 0.164866 0.167284 0.214653 0.532072 0.182671 0.192693
16.200000 0.207150 0.326552 0.164942 0.167312 0.214356 0.531969 0.182507 0.192605
16.400000 0.207126 0.326392 0.165042 0.167499 0.214458 0.531878 0.182900 0.192521
16.600000 0.207117 0.326346 0.164901 0.167189 0.214192 0.531771 0.182766 0.192418
16.800000 0.207170 0.326422 0.164810 0.167831 0.214195 0.531902 0.182747 0.192416
17.000000 0.207092 0.326281 0.164867 0.167324 0.214060 0.531632 0.182686 0.192401
17.200000 0.207109 0.326229 0.164905 0.167432 0.214043 0.531774 0.182701 0.192345
17.400000 0.207120 0.326371 0.165090 0.167381 0.214061 0.531918 0.182708 0.192297
17.600000 0.207083 0.326079 0.164936 0.167332 0.213810 0.531623 0.182583 0.192221
17.800000 0.207006 0.325781 0.164732 0.167182 0.213718 0.531640 0.182533 0.192007
18.000000 0.207067 0.325969 0.164978 0.167342 0.213772 0.531648 0.182529 0.192066
18.200000 0.207032 0.325850 0.164812 0.167383 0.213562 0.531487 0.182430 0.192246
18.400000 0.206959 0.325742 0.164579 0.167250 0.213569 0.531483 0.182477 0.191981
18.600000 0.207052 0.325624 0.164897 0.167336 0.213366 0.531546 0.182629 0.191943
18.800000 0.207195 0.325754 0.164763 0.167335 0.213298 0.531328 0.182387 0.191922
19.000000 0.207056 0.325569 0.164928 0.167342 0.213171 0.531408 0.182464 0.191702
19.200000 0.207030 0.325506 0.164908 0.167289 0.212951 0.531311 0.182357 0.191941
19.400000 0.207019 0.325449 0.164869 0.167310 0.212919 0.531346 0.182342 0.191707
19.600000 0.206932 0.325390 0.164807 0.167310 0.212969 0.531167 0.182341 0.191518
19.800000 0.207018 0.325434 0.164775 0.167311 0.212802 0.531212 0.182203 0.191569
20.000000 0.207019 0.325251 0.164731 0.167283 0.212683 0.531142 0.182473 0.191577
20.200000 0.206999 0.325298 0.165079 0.167246 0.212628 0.531122 0.182235 0.191649
20.400000 0.207009 0.325128 0.165097 0.167244 0.212641 0.531016 0.182102 0.191485
20.600000 0.206994 0.324957 0.164823 0.167272 0.212501 0.530952 0.182341 0.191374
20.800000 0.206975 0.324999 0.164816 0.167289 0.212169 0.531119 0.182216 0.191226
21.000000 0.206990 0.324784 0.164931 0.167252 0.212235 0.530954 0.182163 0.191330
21.200000 0.206972 0.324711 0.165055 0.167269 0.212026 0.530895 0.182049 0.191267
21.400000 0.206980 0.324634 0.164862 0.167320 0.212043 0.530889 0.182088 0.191223
21.600000 0.206983 0.324627 0.164706 0.167224 0.211954 0.530846 0.182049 0.191164
21.800000 0.206951 0.324701 0.164863 0.167163 0.211927 0.530778 0.182159 0.191153
22.000000 0.206951 0.324442 0.164915 0.167265 0.211661 0.530837 0.181935 0.190803
22.200000 0.206948 0.324428 0.164877 0.167244 0.211711 0.530685 0.182179 0.191026
22.400000 0.206902 0.324341 0.164710 0.167092 0.211572 0.530518 0.182018 0.190908
22.600000 0.206780 0.324394 0.164934 0.166820 0.211542 0.530577 0.181961 0.190915
22.800000 0.206772 0.324154 0.164682 0.167311 0.211348 0.530618 0.181894 0.190878
23.000000 0.206767 0.324193 0.164873 0.167338 0.211357 0.530368 0.181959 0.190709
23.200000 0.206765 0.324097 0.164873 0.167312 0.211262 0.530316 0.182022 0.190585
23.400000 0.206733 0.323962 0.164840 0.167226 0.211161 0.530381 0.181899 0.190742
23.600000 0.206853 0.323861 0.164916 0.167364 0.211123 0.530189 0.182024 0.190852
23.800000 0.206845 0.324089 0.164920 0.167211 0.211176 0.530117 0.181770 0.190692
24.000000 0.206895 0.323923 0.164551 0.167370 0.210965 0.530339 0.181834 0.190561
24.200000 0.206875 0.323919 0.165057 0.167098 0.210867 0.530122 0.181819 0.190431
24.400000 0.207008 0.323858 0.164926 0.167097 0.210750 0.529949 0.181972 0.190524
24.600000 0.206888 0.323681 0.164841 0.167179 0.210720 0.530143 0.181782 0.190403
24.800000 0.206849 0.323386 0.164832 0.167248 0.210686 0.530078 0.181758 0.190371
25.000000 0.206836 0.323576 0.164927 0.167288 0.210504 0.530050 0.181695 0.190340
25.200000 0.206843 0.323481 0.164808 0.167181 0.210202 0.529993 0.181653 0.190397
25.400000 0.206862 0.323358 0.164901 0.167354 0.210336 0.529957 0.181623 0.190183
25.600000 0.206873 0.323377 0.164872 0.167115 0.210243 0.529838 0.181701 0.190131
25.800000 0.206805 0.323380 0.164859 0.167261 0.210205 0.529831 0.181611 0.189973
26.000000 0.206674 0.322956 0.164846 0.167280 0.209843 0.529773 0.181609 0.190089
26.200000 0.206650 0.323102 0.164838 0.167363 0.209983 0.529559 0.181432 0.190046
26.400000 0.206901 0.323150 0.164858 0.167193 0.209920 0.529584 0.181347 0.189916
26.600000 0.206818 0.323013 0.165135 0.167164 0.209920 0.529652 0.181530 0.189751
26.800000 0.206805 0.322999 0.164665 0.167178 0.209756 0.529548 0.181499 0.189955
27.000000 0.206787 0.322924 0.164909 0.167106 0.209513 0.529554 0.181429 0.189868
27.200000 0.206643 0.322753 0.164809 0.167192 0.209556 0.529326 0.181469 0.189955
27.400000 0.206758 0.323036 0.164870 0.167204 0.209626 0.529404 0.181426 0.189793
27.600000 0.206784 0.322711 0.164659 0.167313 0.209561 0.529299 0.181400 0.189705
27.800000 0.206773 0.322815 0.164940 0.167220 0.209339 0.529310 0.181275 0.189681
28.000000 0.206793 0.322449 0.164742 0.167140 0.209303 0.529250 0.181485 0.189657
28.200000 0.206875 0.322504 0.164864 0.167202 0.209286 0.529142 0.181321 0.189452
28.400000 0.206752 0.322548 0.164924 0.167183 0.209121 0.529167 0.181173 0.189500
28.600000 0.206739 0.322457 0.164942 0.167198 0.208922 0.528895 0.181425 0.189510
28.800000 0.206733 0.322391 0.164832 0.167145 0.209149 0.529139 0.181180 0.189451
29.000000 0.206705 0.322568 0.164890 0.167117 0.208763 0.529073 0.181147 0.189437
29.200000 0.206726 0.322172 0.164984 0.167156 0.208862 0.529022 0.181288 0.189425
29.400000 0.206617 0.322412 0.164930 0.167034 0.208790 0.529089 0.181128 0.189295
29.600000 0.206731 0.322074 0.164797 0.167120 0.208700 0.528803 0.181204 0.189288
29.800000 0.206726 0.322201 0.164987 0.167193 0.208663 0.528861 0.181173 0.189124
30.000000 0.206699 0.322084 0.164777 0.167212 0.208557 0.528854 0.181248 0.189104
30.200000 0.206724 0.321859 0.164784 0.167168 0.208483 0.528724 0.181001 0.189081
30.400000 0.206683 0.321950 0.164839 0.167210 0.208334 0.528752 0.181147 0.189112
30.600000 0.206625 0.321950 0.164922 0.166981 0.208307 0.528571 0.181158 0.188910
30.800000 0.207206 0.321664 0.165069 0.167174 0.208418 0.528570 0.180999 0.188906
31.000000 0.207315 0.321662 0.164909 0.167164 0.208203 0.528548 0.181255 0.188992
31.200000 0.207818 0.321671 0.164957 0.167177 0.208002 0.528660 0.181128 0.189037
31.400000 0.208569 0.321553 0.164802 0.167090 0.207984 0.528446 0.181054 0.188863
31.600000 0.209050 0.321589 0.164906 0.167211 0.207762 0.528501 0.181227 0.188828
31.800000 0.209934 0.321367 0.164886 0.166956 0.207778 0.528413 0.180973 0.188614
32.000000 0.210780 0.321212 0.164706 0.167225 0.207655 0.528429 0.181210 0.188785
32.200000 0.211501 0.321294 0.164845 0.167190 0.207629 0.528270 0.181234 0.188717
32.400000 0.212634 0.321326 0.164886 0.167128 0.207521 0.528514 0.181115 0.188671
32.600000 0.213608 0.321067 0.164884 0.167189 0.207620 0.528257 0.181177 0.188651
32.800000 0.214632 0.321202 0.164852 0.167165 0.207533 0.528159 0.180970 0.188457
33.000000 0.215705 0.321115 0.164933 0.167103 0.207514 0.528139 0.181246 0.188653
33.200000 0.216770 0.321040 0.164934 0.167304 0.207483 0.528193 0.181292 0.188727
33.400000 0.217866 0.320923 0.164889 0.167100 0.207434 0.528215 0.181044 0.188516
33.600000 0.218883 0.321014 0.164921 0.167248 0.207379 0.528216 0.181559 0.188726
33.800000 0.219789 0.320935 0.164886 0.167237 0.207219 0.528111 0.181360 0.188559
34.000000 0.220856 0.320965 0.164842 0.167257 0.207481 0.528212 0.181453 0.188569
34.200000 0.221939 0.321039 0.164810 0.167286 0.207369 0.528148 0.181624 0.188707
34.400000 0.222872 0.320740 0.164863 0.167243 0.207464 0.527979 0.181623 0.188568
34.600000 0.223772 0.320953 0.164880 0.167378 0.207479 0.528118 0.181824 0.188593
34.800000 0.224607 0.320939 0.164995 0.167325 0.207357 0.528084 0.181876 0.188460
35.000000 0.225446 0.320967 0.165001 0.167370 0.207504 0.528157 0.181946 0.188651
35.200000 0.226190 0.320889 0.165054 0.167390 0.207437 0.528150 0.182027 0.188453
35.400000 0.226841 0.320885 0.165066 0.167458 0.207427 0.528247 0.182133 0.188700
35.600000 0.227495 0.320941 0.164917 0.167243 0.207483 0.528073 0.182159 0.188659
35.800000 0.227971 0.320963 0.165095 0.167282 0.207604 0.528171 0.182326 0.188638
36.000000 0.228675 0.320819 0.164965 0.167454 0.207405 0.528008 0.182321 0.188702
36.200000 0.229128 0.321035 0.164912 0.167417 0.207532 0.528032 0.182360 0.188708
36.400000 0.229661 0.321111 0.164968 0.167430 0.207643 0.528134 0.182538 0.188446
36.600000 0.230199 0.321100 0.164929 0.167558 0.207538 0.528182 0.182608 0.188756
36.800000 0.230411 0.321109 0.164810 0.167548 0.207771 0.528022 0.182784 0.188882
37.000000 0.231023 0.321154 0.165077 0.167502 0.207827 0.528176 0.182821 0.188868
37.200000 0.231403 0.321386 0.164987 0.167655 0.207958 0.528112 0.182874 0.188929
37.400000 0.231815 0.321745 0.164818 0.167709 0.208056 0.528191 0.182953 0.189069
37.600000 0.232323 0.321359 0.164807 0.167841 0.208135 0.528192 0.183225 0.189068
37.800000 0.232481 0.321466 0.164893 0.167832 0.208238 0.528326 0.183298 0.189132
38.000000 0.232866 0.321778 0.165045 0.167809 0.208271 0.528340 0.183331 0.189328
38.200000 0.233060 0.321944 0.164970 0.167813 0.208389 0.528310 0.183374 0.189207
38.400000 0.233289 0.321824 0.164855 0.167761 0.208459 0.528230 0.183274 0.189348
38.600000 0.233527 0.321962 0.164994 0.167705 0.208512 0.528363 0.183609 0.189413
38.800000 0.233761 0.322219 0.165001 0.167719 0.208617 0.528380 0.183699 0.189507
39.000000 0.233901 0.322287 0.164847 0.167994 0.208651 0.528382 0.183769 0.189657
39.200000 0.233927 0.322302 0.164972 0.168124 0.208878 0.528535 0.183760 0.189565
39.400000 0.234339 0.322422 0.164970 0.167938 0.209017 0.528414 0.183869 0.189614
39.600000 0.234199 0.322664 0.165050 0.167905 0.209083 0.528359 0.183951 0.189804
39.800000 0.234563 0.322769 0.164946 0.168009 0.209231 0.528053 0.184131 0.189843
40.000000 0.234636 0.323023 0.165017 0.168145 0.209236 0.528532 0.184175 0.189881
40.200000 0.234737 0.323072 0.165015 0.168105 0.209450 0.528491 0.184258 0.189998
40.400000 0.234939 0.323279 0.165026 0.168068 0.209576 0.528154 0.184507 0.190064
40.600000 0.235028 0.323393 0.164951 0.168296 0.209755 0.528450 0.184606 0.190132
40.800000 0.235083 0.323245 0.164977 0.168020 0.209856 0.528624 0.184491 0.190235
41.000000 0.235204 0.323651 0.164949 0.168271 0.209841 0.528605 0.184767 0.190300
41.200000 0.235294 0.323854 0.164974 0.168255 0.210121 0.528684 0.184877 0.190397
41.400000 0.235426 0.323933 0.165060 0.168259 0.210193 0.528844 0.184914 0.190458
41.600000 0.235475 0.324227 0.164961 0.168222 0.210406 0.528643 0.185127 0.190482
41.800000 0.235571 0.324464 0.165099 0.168415 0.210580 0.528634 0.185164 0.190699
42.000000 0.235624 0.324541 0.165000 0.168403 0.210634 0.528806 0.185125 0.190827
42.200000 0.235660 0.324667 0.165064 0.168408 0.210826 0.528646 0.185277 0.190914
42.400000 0.235769 0.325012 0.165027 0.168524 0.210958 0.528795 0.185439 0.191054
42.600000 0.235788 0.325085 0.165197 0.168408 0.211084 0.528722 0.185519 0.191097
42.800000 0.235859 0.325431 0.165011 0.168374 0.211300 0.528830 0.185838 0.191197
43.000000 0.235783 0.325473 0.165012 0.168382 0.211414 0.528928 0.185578 0.191225
43.200000 0.235827 0.325523 0.165022 0.168609 0.211536 0.528908 0.185813 0.191392
43.400000 0.236017 0.325648 0.164974 0.168310 0.211839 0.529172 0.185918 0.191355
43.600000 0.236005 0.325950 0.165207 0.168570 0.211902 0.529109 0.186042 0.191770
43.800000 0.236127 0.326385 0.165126 0.168458 0.212203 0.529165 0.186188 0.191798
44.000000 0.236155 0.326306 0.165057 0.168491 0.212390 0.529049 0.186178 0.191877
44.200000 0.236067 0.326647 0.164968 0.168487 0.212659 0.529215 0.186438 0.191836
44.400000 0.236084 0.326856 0.164968 0.168630 0.212639 0.529277 0.186497 0.192230
44.600000 0.236220 0.326914 0.165207 0.168525 0.212979 0.529278 0.186597 0.192187
44.800000 0.236263 0.327121 0.165097 0.168690 0.213008 0.529263 0.186703 0.192287
45.000000 0.236286 0.327391 0.165193 0.168675 0.213166 0.529179 0.186504 0.192452
45.200000 0.236328 0.327643 0.165212 0.168896 0.213450 0.529197 0.186836 0.192496
45.400000 0.236327 0.327660 0.165078 0.168713 0.213542 0.529476 0.186963 0.192698
45.600000 0.236339 0.327950 0.165086 0.168699 0.213684 0.529459 0.187126 0.192581
45.800000 0.236223 0.328189 0.165045 0.168853 0.213861 0.529618 0.187221 0.192962
46.000000 0.236402 0.328222 0.164975 0.168914 0.214070 0.529509 0.187271 0.192999
46.200000 0.236483 0.328503 0.164952 0.168526 0.214334 0.529587 0.187250 0.193092
46.400000 0.236404 0.328733 0.164987 0.168661 0.214247 0.529365 0.187228 0.193118
46.600000 0.236451 0.329039 0.165076 0.168905 0.214634 0.529598 0.187417 0.193288
46.800000 0.236372 0.329195 0.165211 0.168838 0.214644 0.529689 0.187653 0.193415
47.000000 0.236530 0.329325 0.164976 0.168785 0.214848 0.529730 0.187764 0.193570
47.200000 0.236545 0.329481 0.165088 0.168878 0.215050 0.529801 0.187696 0.193692
47.400000 0.236535 0.329753 0.164975 0.168783 0.215355 0.529853 0.187933 0.193687
47.600000 0.236555 0.330169 0.165043 0.168842 0.215571 0.529913 0.187865 0.194051
47.800000 0.236625 0.330312 0.165153 0.169051 0.215380 0.530061 0.188048 0.194076
48.000000 0.236564 0.330792 0.165206 0.168979 0.215879 0.529942 0.187941 0.194229
48.200000 0.236610 0.330505 0.165138 0.169118 0.215936 0.530065 0.188060 0.194387
48.400000 0.236580 0.330707 0.165104 0.168939 0.216253 0.529970 0.188378 0.194271
48.600000 0.236516 0.331069 0.165053 0.169006 0.216454 0.529980 0.188560 0.194514
48.800000 0.236602 0.331133 0.165243 0.168932 0.216730 0.530121 0.188479 0.194633
49.000000 0.236656 0.331464 0.165319 0.168936 0.216879 0.530151 0.188775 0.194756
49.200000 0.236629 0.331643 0.165201 0.169217 0.217039 0.530185 0.188648 0.194972
49.400000 0.236525 0.331792 0.165244 0.169065 0.217371 0.530189 0.188808 0.194941
49.600000 0.236641 0.332004 0.165250 0.169027 0.217568 0.530182 0.189031 0.195019
49.800000 0.236611 0.332279 0.165153 0.168989 0.217578 0.530125 0.188810 0.195146
50.000000 0.236653 0.332487 0.164957 0.169039 0.217474 0.530271 0.189049 0.195444
50.200000 0.236655 0.332754 0.165138 0.169045 0.217898 0.530439 0.189163 0.195463
50.400000 0.236657 0.332801 0.165212 0.169013 0.218210 0.530483 0.189124 0.195532
50.600000 0.236621 0.333011 0.165184 0.168943 0.218298 0.530525 0.189324 0.195514
50.800000 0.236568 0.333264 0.165228 0.168955 0.218625 0.530551 0.189410 0.195847
51.000000 0.236537 0.333406 0.165230 0.169098 0.218779 0.530401 0.189467 0.195995
51.200000 0.236676 0.333810 0.165156 0.169219 0.218924 0.530428 0.189561 0.196217
51.400000 0.236642 0.333751 0.165195 0.169101 0.219063 0.530559 0.189729 0.196202
51.600000 0.236803 0.334070 0.165181 0.168967 0.219398 0.530437 0.189724 0.196228
51.800000 0.236723 0.334198 0.165246 0.169159 0.219455 0.530825 0.189968 0.196458
52.000000 0.236571 0.334624 0.164995 0.169320 0.219709 0.530587 0.189956 0.196645
52.200000 0.236521 0.334771 0.165180 0.169165 0.219978 0.530809 0.189993 0.196534
52.400000 0.236635 0.334844 0.165160 0.169208 0.220111 0.530787 0.189990 0.196875
52.600000 0.236547 0.335029 0.165162 0.169139 0.220270 0.530892 0.190108 0.196944
52.800000 0.236560 0.335348 0.165009 0.169114 0.220575 0.530952 0.190257 0.197056
53.000000 0.236647 0.335273 0.165399 0.169213 0.220675 0.531035 0.190225 0.197212
53.200000 0.236513 0.335749 0.165190 0.169145 0.220883 0.530879 0.190299 0.197435
53.400000 0.236635 0.335738 0.165125 0.169207 0.220996 0.531113 0.190483 0.197535
53.600000 0.236623 0.336001 0.165244 0.169069 0.221117 0.531148 0.190436 0.197546
53.800000 0.236421 0.336043 0.165049 0.168973 0.221486 0.530977 0.190505 0.197507
54.000000 0.236480 0.336387 0.164984 0.169006 0.221320 0.530942 0.190468 0.197503
54.200000 0.236393 0.336527 0.164815 0.169209 0.221522 0.531045 0.190683 0.197677
54.400000 0.236652 0.336816 0.165131 0.169322 0.222237 0.531193 0.191032 0.198156
54.600000 0.236599 0.337141 0.165233 0.169274 0.222393 0.531187 0.190927 0.198268
54.800000 0.236642 0.337297 0.165164 0.169243 0.222657 0.531499 0.191104 0.198219
55.000000 0.236620 0.337660 0.165196 0.169083 0.222626 0.531495 0.191123 0.198462
55.200000 0.236591 0.337665 0.165304 0.169351 0.222821 0.531449 0.191214 0.198616
55.400000 0.236582 0.337614 0.165374 0.169297 0.223085 0.531499 0.191277 0.198560
55.600000 0.236604 0.338051 0.165223 0.169312 0.223364 0.531555 0.191346 0.198798
55.800000 0.236626 0.338158 0.165115 0.169491 0.223557 0.531592 0.191599 0.198986
56.000000 0.236660 0.338576 0.164986 0.169349 0.223724 0.531765 0.191391 0.199119
56.200000 0.236665 0.338656 0.164999 0.169329 0.223929 0.531687 0.191569 0.199398
56.400000 0.236598 0.338928 0.165156 0.169385 0.224258 0.531669 0.191653 0.199415
56.600000 0.236620 0.339125 0.165291 0.169273 0.224308 0.531682 0.191683 0.199217
56.800000 0.236610 0.339345 0.165110 0.169236 0.224625 0.531837 0.191873 0.199630
57.000000 0.236584 0.339380 0.165273 0.169471 0.224875 0.532039 0.191857 0.199585
57.200000 0.236531 0.339509 0.165182 0.169521 0.225032 0.532064 0.191854 0.199887
57.400000 0.236610 0.339838 0.165179 0.169225 0.225070 0.531944 0.192069 0.199949
57.600000 0.236595 0.340065 0.165111 0.169510 0.225292 0.531819 0.192067 0.200152
57.800000 0.236579 0.340217 0.165185 0.169421 0.225512 0.532014 0.192145 0.200228
58.000000 0.236591 0.340367 0.165217 0.169505 0.225707 0.532107 0.192212 0.200393
58.200000 0.236618 0.340574 0.165139 0.169241 0.226036 0.532066 0.192172 0.200349
58.400000 0.236611 0.340865 0.165184 0.169405 0.226101 0.532104 0.192404 0.200568
58.600000 0.236555 0.340778 0.165202 0.169394 0.226390 0.532111 0.192313 0.200488
58.800000 0.236570 0.341166 0.165210 0.169464 0.226479 0.532134 0.192437 0.200704
59.000000 0.236552 0.341280 0.165229 0.169392 0.226809 0.532340 0.192522 0.200896
59.200000 0.236554 0.341634 0.165194 0.169492 0.226781 0.532443 0.192702 0.201089
59.400000 0.236592 0.341619 0.165221 0.169523 0.227100 0.532482 0.192648 0.201138
59.600000 0.236567 0.341942 0.165204 0.169466 0.227175 0.532323 0.192443 0.201207
59.800000 0.236573 0.342065 0.164933 0.169450 0.227386 0.532486 0.192570 0.201314
60.000000 0.236552 0.342168 0.165129 0.169446 0.227533 0.532302 0.192807 0.201382
60.200000 0.236611 0.342349 0.165154 0.169665 0.227591 0.532644 0.192745 0.201574
60.400000 0.236593 0.342423 0.165263 0.169482 0.228077 0.532630 0.192959 0.201796
60.600000 0.236613 0.342671 0.165249 0.169532 0.228215 0.532428 0.192987 0.201873
60.800000 0.236561 0.342814 0.165233 0.169435 0.228284 0.532382 0.192908 0.201942
61.000000 0.236392 0.342825 0.165223 0.169593 0.228431 0.532617 0.193122 0.202050
61.200000 0.236573 0.343106 0.165201 0.169596 0.228865 0.532776 0.193143 0.202115
61.400000 0.236529 0.343252 0.165163 0.169620 0.229001 0.532833 0.193065 0.202268
61.600000 0.236539 0.343667 0.165228 0.169628 0.229095 0.532818 0.193471 0.202338
61.800000 0.236551 0.343585 0.165404 0.169653 0.229273 0.532773 0.193338 0.202598
62.000000 0.236532 0.343699 0.165130 0.169491 0.229348 0.532965 0.193357 0.202509
62.200000 0.236568 0.343979 0.165244 0.169408 0.229645 0.532920 0.193361 0.202678
62.400000 0.236586 0.344229 0.165209 0.169567 0.229801 0.533024 0.193587 0.202912
62.600000 0.236378 0.344406 0.165207 0.169500 0.230043 0.533089 0.193570 0.202996
62.800000 0.236570 0.344842 0.165249 0.169461 0.230126 0.533246 0.193691 0.203060
63.000000 0.236559 0.344785 0.165211 0.169530 0.230402 0.533224 0.193734 0.202974
63.200000 0.236551 0.344908 0.165136 0.169537 0.230599 0.533398 0.193684 0.203260
63.400000 0.236552 0.344982 0.165120 0.169598 0.230777 0.533266 0.193769 0.203368
63.600000 0.236546 0.345049 0.165325 0.169663 0.230930 0.533373 0.193806 0.203405
63.800000 0.236576 0.345163 0.165240 0.169433 0.231034 0.533421 0.193841 0.203618
64.000000 0.236559 0.345586 0.165226 0.169561 0.231282 0.533307 0.193813 0.203748
64.200000 0.236380 0.345584 0.165204 0.169542 0.231462 0.533559 0.194057 0.203815
64.400000 0.236577 0.345743 0.165213 0.169632 0.231476 0.533435 0.194030 0.203892
64.600000 0.236653 0.346013 0.165357 0.169569 0.231696 0.533584 0.193978 0.203961
64.800000 0.236568 0.345959 0.165215 0.169604 0.231969 0.533514 0.194128 0.204142
65.000000 0.236661 0.346196 0.165233 0.169673 0.232171 0.533602 0.194235 0.204228
65.200000 0.236552 0.346282 0.165275 0.169598 0.232239 0.533703 0.194210 0.204330
65.400000 0.236394 0.346524 0.165244 0.169658 0.232484 0.533586 0.194383 0.204423
65.600000 0.236561 0.346551 0.165162 0.169564 0.232418 0.533764 0.194511 0.204416
65.800000 0.236365 0.346880 0.165157 0.169512 0.232714 0.533631 0.194340 0.204660
66.000000 0.236526 0.346692 0.165213 0.169488 0.233079 0.533763 0.194373 0.204769
66.200000 0.236352 0.346898 0.165162 0.169439 0.233012 0.533603 0.194421 0.204893
66.400000 0.236504 0.347238 0.165153 0.169642 0.233320 0.533883 0.194399 0.204923
66.600000 0.236467 0.347191 0.165192 0.169737 0.233565 0.533847 0.194533 0.204961
66.800000 0.236366 0.347680 0.165145 0.169793 0.233758 0.533992 0.194551 0.205133
67.000000 0.236480 0.347720 0.165243 0.169589 0.233847 0.534048 0.194815 0.205165
67.200000 0.236646 0.347603 0.165387 0.169794 0.234027 0.533729 0.194560 0.205293
67.400000 0.236371 0.347902 0.165166 0.169580 0.234187 0.533994 0.194608 0.205336
67.600000 0.236461 0.348097 0.165393 0.169596 0.234310 0.533947 0.194780 0.205598
67.800000 0.236502 0.348257 0.165195 0.169649 0.234503 0.534161 0.194989 0.205625
68.000000 0.236459 0.348387 0.165201 0.169543 0.234826 0.534280 0.194808 0.205559
68.200000 0.236507 0.348339 0.165147 0.169642 0.234484 0.534195 0.194896 0.205774
68.400000 0.236461 0.348489 0.165392 0.169800 0.234891 0.534062 0.195004 0.205913
68.600000 0.236450 0.348738 0.165352 0.169541 0.235177 0.534270 0.195026 0.206130
68.800000 0.236404 0.348958 0.165211 0.169625 0.235308 0.534219 0.195154 0.206095
69.000000 0.236475 0.349150 0.165240 0.169671 0.235299 0.534414 0.195076 0.206040
69.200000 0.236456 0.349327 0.165318 0.169821 0.235727 0.534477 0.195106 0.206252
69.400000 0.236448 0.349424 0.165340 0.169675 0.235759 0.534559 0.195300 0.206347
69.600000 0.236411 0.349540 0.164990 0.169645 0.235916 0.534632 0.195251 0.206601
69.800000 0.236417 0.350090 0.165131 0.169827 0.235975 0.534417 0.195099 0.206525
70.000000 0.236337 0.349476 0.165139 0.169705 0.236091 0.533997 0.195173 0.206747
70.200000 0.236231 0.350025 0.165308 0.169564 0.236213 0.534586 0.195174 0.206720
70.400000 0.236426 0.350170 0.165338 0.169546 0.236614 0.534760 0.234283 0.206811
70.600000 0.236360 0.350319 0.165304 0.169550 0.236360 0.534761 0.195240 0.206853
70.800000 0.236349 0.350465 0.165377 0.169694 0.236880 0.534715 0.195335 0.207022
71.000000 0.236430 0.350304 0.165401 0.169746 0.236963 0.534808 0.195489 0.207027
71.200000 0.236344 0.350551 0.165280 0.169733 0.237123 0.534692 0.195356 0.207129
71.400000 0.236234 0.350521 0.165352 0.169727 0.237336 0.534903 0.195569 0.207266
71.600000 0.236340 0.350655 0.165397 0.169819 0.237476 0.534933 0.195574 0.207329
71.800000 0.236134 0.350849 0.165253 0.169817 0.237635 0.535015 0.195624 0.207247
72.000000 0.236334 0.351009 0.165359 0.169700 0.237747 0.534843 0.195650 0.207499
72.200000 0.236293 0.351285 0.165303 0.169570 0.237994 0.534951 0.195646 0.207565
72.400000 0.236334 0.351111 0.165385 0.169824 0.238006 0.534986 0.195729 0.207802
72.600000 0.236297 0.351287 0.165335 0.169804 0.238040 0.535228 0.195704 0.207711
72.800000 0.236171 0.351430 0.165280 0.169765 0.238366 0.534999 0.195897 0.207836
73.000000 0.236353 0.351681 0.165370 0.169742 0.238552 0.535317 0.195795 0.207936
73.200000 0.236291 0.351820 0.165185 0.169711 0.238609 0.535042 0.195884 0.207883
73.400000 0.236312 0.352001 0.165038 0.169791 0.238948 0.535324 0.195932 0.208278
73.600000 0.236281 0.351924 0.165222 0.169701 0.238858 0.535408 0.195909 0.208042
73.800000 0.236236 0.352166 0.165397 0.169721 0.238839 0.535330 0.195927 0.208368
74.000000 0.236251 0.352182 0.165145 0.169721 0.239171 0.535376 0.195999 0.208338
74.200000 0.236264 0.352364 0.165128 0.169731 0.239127 0.535466 0.196059 0.208394
74.400000 0.236259 0.352795 0.165372 0.169733 0.239555 0.535566 0.196091 0.208514
74.600000 0.236236 0.352719 0.165181 0.169756 0.239577 0.535627 0.196227 0.208642
74.800000 0.236284 0.352580 0.165302 0.169798 0.239773 0.535466 0.195965 0.208635
75.000000 0.236245 0.352923 0.165401 0.169804 0.239832 0.535643 0.196303 0.208733
75.200000 0.236283 0.352837 0.165399 0.169914 0.239975 0.535759 0.196493 0.208746
75.400000 0.236055 0.353181 0.165195 0.169875 0.240293 0.535751 0.196376 0.208966
75.600000 0.236063 0.353329 0.165399 0.169768 0.240305 0.535716 0.196298 0.208971
75.800000 0.236096 0.353281 0.165247 0.169827 0.240500 0.535882 0.196320 0.209054
76.000000 0.236219 0.353347 0.165116 0.169782 0.240707 0.535765 0.196165 0.208968
76.200000 0.236231 0.353676 0.165058 0.169913 0.240720 0.535749 0.196305 0.209203
76.400000 0.236105 0.353740 0.165355 0.169700 0.240909 0.535830 0.196379 0.209320
76.600000 0.236250 0.353778 0.165187 0.169790 0.240880 0.535963 0.196395 0.209378
76.800000 0.236227 0.353719 0.165278 0.169691 0.241239 0.536012 0.196499 0.209451
77.000000 0.236086 0.353970 0.165374 0.169790 0.241185 0.535994 0.196533 0.209430
77.200000 0.236241 0.353869 0.165394 0.169565 0.241262 0.536050 0.196498 0.209577
77.400000 0.236242 0.354161 0.165370 0.169818 0.241508 0.536189 0.196487 0.209585
77.600000 0.236216 0.354249 0.165275 0.169807 0.241656 0.536293 0.196520 0.209735
77.800000 0.236205 0.354455 0.165316 0.169712 0.241564 0.536164 0.196557 0.209929
78.000000 0.236250 0.354369 0.165382 0.169834 0.241886 0.536276 0.196463 0.209706
78.200000 0.236233 0.354580 0.165319 0.169709 0.241912 0.536218 0.196620 0.210054
78.400000 0.236069 0.354512 0.165263 0.169880 0.241973 0.536278 0.196630 0.210013
78.600000 0.236190 0.354626 0.165237 0.169782 0.242201 0.536213 0.196647 0.210045
78.800000 0.236188 0.355040 0.165337 0.170108 0.242175 0.536410 0.196595 0.210261
79.000000 0.236179 0.355026 0.165144 0.169767 0.242417 0.536640 0.196717 0.210217
79.200000 0.236158 0.354979 0.165336 0.169857 0.242723 0.536372 0.196714 0.210392
79.400000 0.236218 0.355106 0.165279 0.169863 0.242705 0.536374 0.196717 0.210537
79.600000 0.236157 0.355104 0.165314 0.169913 0.242796 0.536560 0.196817 0.210288
79.800000 0.236056 0.355306 0.165159 0.169967 0.243019 0.536599 0.196965 0.210501
80.000000 0.236187 0.355274 0.165300 0.169950 0.243210 0.536532 0.196792 0.210535
80.200000 0.236158 0.355310 0.165344 0.169633 0.243138 0.536630 0.196592 0.210601
80.400000 0.236182 0.355631 0.165324 0.169686 0.243337 0.536636 0.196975 0.210847
80.600000 0.236152 0.355771 0.165256 0.169679 0.243236 0.536718 0.196867 0.210696
80.800000 0.236130 0.355870 0.165302 0.169752 0.243427 0.536736 0.196866 0.210815
81.000000 0.236166 0.356180 0.165315 0.169864 0.243589 0.536887 0.196975 0.210981
81.200000 0.236132 0.355781 0.165341 0.169893 0.243670 0.536836 0.196954 0.210971
81.400000 0.236180 0.356075 0.165311 0.169941 0.243861 0.536918 0.196976 0.210961
81.600000 0.236186 0.356033 0.165191 0.169924 0.243914 0.536654 0.197102 0.211014
81.800000 0.236172 0.356209 0.165100 0.169811 0.243973 0.536851 0.197037 0.211167
82.000000 0.236080 0.356168 0.165290 0.169743 0.244082 0.537052 0.197040 0.211104
82.200000 0.236181 0.356399 0.165357 0.169897 0.244075 0.536974 0.197004 0.211289
82.400000 0.236138 0.356554 0.165101 0.169934 0.244222 0.536890 0.197004 0.211166
82.600000 0.236164 0.356627 0.165317 0.169870 0.244381 0.537097 0.197140 0.211299
82.800000 0.236055 0.356781 0.165538 0.169771 0.244578 0.536971 0.197054 0.211481
83.000000 0.236171 0.356639 0.165338 0.169704 0.244727 0.537123 0.197140 0.211425
83.200000 0.236172 0.356835 0.165362 0.169852 0.244649 0.537150 0.197026 0.211410
83.400000 0.236149 0.357030 0.165355 0.169992 0.244697 0.537203 0.197153 0.211610
83.600000 0.236141 0.357156 0.165378 0.169842 0.244811 0.537273 0.197265 0.211552
83.800000 0.236137 0.357195 0.165291 0.169754 0.245028 0.537114 0.197222 0.211489
84.000000 0.236129 0.357082 0.165266 0.169966 0.245000 0.537282 0.197387 0.211664
84.200000 0.236107 0.357090 0.165315 0.169932 0.245166 0.537282 0.197154 0.211653
84.400000 0.236112 0.357309 0.165260 0.169904 0.245338 0.537317 0.197187 0.211641
84.600000 0.236166 0.357579 0.165191 0.169924 0.245376 0.537540 0.197160 0.211879
84.800000 0.236201 0.357492 0.165296 0.169868 0.245397 0.537441 0.197169 0.211857
85.000000 0.236105 0.357522 0.165257 0.169756 0.245548 0.537385 0.197352 0.211928
85.200000 0.236076 0.357531 0.165362 0.169883 0.245646 0.537471 0.197446 0.211981
85.400000 0.236072 0.357546 0.165338 0.169954 0.245748 0.537646 0.197420 0.212039
85.600000 0.236148 0.357718 0.165338 0.170034 0.245966 0.537542 0.197117 0.212237
85.800000 0.236102 0.357716 0.165297 0.169840 0.245923 0.537587 0.197378 0.212141
86.000000 0.236114 0.357862 0.165314 0.170108 0.245932 0.537816 0.197443 0.212161
86.200000 0.236185 0.358103 0.165306 0.169954 0.245910 0.537713 0.197360 0.212221
86.400000 0.236087 0.358193 0.165511 0.169852 0.246006 0.537756 0.197420 0.212141
86.600000 0.236102 0.358211 0.165135 0.169861 0.246182 0.537590 0.197334 0.212311
86.800000 0.236141 0.358141 0.165364 0.170572 0.246283 0.537745 0.197527 0.212252
87.000000 0.235934 0.358359 0.165183 0.169954 0.246514 0.537946 0.197368 0.212536
87.200000 0.236106 0.358399 0.165280 0.169923 0.246576 0.537959 0.197523 0.212487
87.400000 0.236105 0.358484 0.165328 0.169964 0.246649 0.537937 0.197500 0.212441
87.600000 0.236018 0.358406 0.165414 0.169929 0.246742 0.537955 0.197517 0.212559
87.800000 0.235912 0.358586 0.165302 0.169965 0.246823 0.538107 0.197681 0.212646
88.000000 0.235949 0.358729 0.165395 0.169943 0.247033 0.538028 0.197509 0.212683
88.200000 0.236120 0.358800 0.165408 0.169868 0.246977 0.537980 0.197452 0.212734
88.400000 0.236071 0.358738 0.165312 0.169858 0.247041 0.538105 0.197647 0.212881
88.600000 0.235931 0.358934 0.165298 0.169910 0.247233 0.537896 0.197596 0.212859
88.800000 0.236105 0.358987 0.165297 0.169862 0.247321 0.538057 0.197467 0.212982
89.000000 0.236032 0.359037 0.165362 0.169915 0.247404 0.538269 0.197605 0.212717
89.200000 0.236037 0.359120 0.165318 0.169972 0.247216 0.538328 0.197641 0.212724
89.400000 0.236093 0.359144 0.165331 0.169694 0.247477 0.538273 0.197631 0.212917
89.600000 0.236075 0.359378 0.165549 0.169874 0.247614 0.538240 0.197662 0.213014
89.800000 0.235921 0.359330 0.165379 0.169905 0.247498 0.538248 0.197697 0.213071
90.000000 0.236044 0.359431 0.165484 0.169846 0.247800 0.538475 0.197725 0.213151
