0.200000 0.208097 0.337306 0.165177 0.167885 0.227165 0.548139 0.187038 0.199817
0.400000 0.208016 0.337094 0.165136 0.167816 0.226610 0.548174 0.186911 0.199863
0.600000 0.207979 0.336984 0.164914 0.167854 0.226589 0.548061 0.186740 0.199451
0.800000 0.208123 0.336833 0.165187 0.167782 0.226403 0.547991 0.186860 0.199280
1.000000 0.207943 0.336629 0.164990 0.167720 0.226249 0.547814 0.186778 0.199205
1.200000 0.207955 0.336584 0.164951 0.167918 0.226045 0.547861 0.186618 0.199225
1.400000 0.207932 0.336576 0.165191 0.167787 0.225937 0.547652 0.186720 0.199104
1.600000 0.207831 0.336152 0.165006 0.167808 0.225890 0.547835 0.186598 0.198702
1.800000 0.207875 0.336127 0.164987 0.167475 0.225397 0.547645 0.186565 0.198888
2.000000 0.207887 0.336277 0.165051 0.167761 0.225437 0.547514 0.186504 0.198952
2.200000 0.207927 0.336148 0.165090 0.167636 0.225222 0.547574 0.186541 0.198792
2.400000 0.207872 0.335963 0.164976 0.167857 0.224947 0.547574 0.186247 0.198811
2.600000 0.207854 0.335619 0.165097 0.167804 0.225045 0.547553 0.186369 0.198556
2.800000 0.207893 0.335607 0.165097 0.167744 0.224762 0.547420 0.186390 0.198376
3.000000 0.207853 0.335476 0.164965 0.167714 0.224723 0.547478 0.186238 0.198280
3.200000 0.207855 0.335416 0.164814 0.167753 0.224546 0.547320 0.186220 0.198296
3.400000 0.207822 0.335226 0.165237 0.167622 0.224336 0.547217 0.186263 0.198199
3.600000 0.207818 0.335165 0.165063 0.167912 0.224327 0.547290 0.186013 0.197998
3.800000 0.207810 0.334971 0.165093 0.167567 0.224116 0.547078 0.186021 0.197861
4.000000 0.207788 0.334883 0.165080 0.167759 0.223988 0.547136 0.186012 0.197969
4.200000 0.207801 0.334829 0.165046 0.167826 0.223936 0.547047 0.186144 0.197771
4.400000 0.207791 0.334728 0.165065 0.167727 0.223638 0.547120 0.186142 0.197815
4.600000 0.207779 0.334522 0.165080 0.167605 0.223610 0.585885 0.185905 0.197878
4.800000 0.207754 0.334404 0.165100 0.167578 0.223435 0.546976 0.185702 0.197517
5.000000 0.207707 0.334238 0.165166 0.167738 0.223345 0.546880 0.185903 0.197497
5.200000 0.207658 0.334015 0.165041 0.167664 0.222931 0.546871 0.185788 0.197371
5.400000 0.207748 0.334110 0.164993 0.167820 0.223113 0.585821 0.185748 0.197374
5.600000 0.207386 0.333676 0.164851 0.167502 0.222711 0.546286 0.185525 0.197055
5.800000 0.207496 0.333606 0.164866 0.167338 0.222349 0.546367 0.185375 0.197077
6.000000 0.207447 0.333412 0.165022 0.167771 0.222347 0.546495 0.185423 0.197018
6.200000 0.207595 0.333856 0.165085 0.167676 0.222227 0.546366 0.185584 0.197027
6.400000 0.207648 0.333393 0.165036 0.167547 0.222144 0.546370 0.185524 0.196921
6.600000 0.207638 0.333522 0.164971 0.167682 0.221878 0.546415 0.185464 0.196709
6.800000 0.207605 0.333215 0.165008 0.167647 0.221871 0.546380 0.185437 0.196732
7.000000 0.207629 0.332951 0.164984 0.167441 0.221770 0.546389 0.185277 0.196689
7.200000 0.207593 0.332845 0.165068 0.167667 0.221590 0.546155 0.185325 0.196628
7.400000 0.207602 0.332917 0.165054 0.167801 0.221478 0.546236 0.185117 0.196644
7.600000 0.207567 0.332775 0.164973 0.167614 0.221315 0.546051 0.185278 0.196270
7.800000 0.207571 0.332742 0.165033 0.167642 0.221149 0.546001 0.185240 0.196340
8.000000 0.207530 0.332609 0.165007 0.167673 0.221030 0.546010 0.185147 0.196323
8.200000 0.207574 0.332441 0.165055 0.167581 0.220678 0.546030 0.185148 0.196323
8.400000 0.207493 0.332238 0.165221 0.167666 0.220774 0.545920 0.185092 0.196118
8.600000 0.207531 0.332263 0.164989 0.167656 0.220506 0.545850 0.185082 0.195925
8.800000 0.207500 0.332106 0.164967 0.167577 0.220623 0.545759 0.185057 0.195950
9.000000 0.207495 0.331941 0.164801 0.167571 0.220396 0.545900 0.185083 0.196074
9.200000 0.207437 0.331829 0.164976 0.167360 0.220249 0.545534 0.185065 0.195840
9.400000 0.207486 0.331797 0.165094 0.167570 0.220137 0.545572 0.184723 0.195777
9.600000 0.207477 0.331858 0.165218 0.167578 0.219997 0.545609 0.184854 0.195828
9.800000 0.207511 0.331709 0.165041 0.167615 0.219911 0.545571 0.184857 0.195411
10.000000 0.207471 0.331478 0.165090 0.167599 0.219821 0.545432 0.184878 0.195516
10.200000 0.207414 0.331130 0.164983 0.167682 0.219668 0.545451 0.184780 0.195586
10.400000 0.207440 0.331187 0.165215 0.167549 0.219486 0.545290 0.184673 0.195349
10.600000 0.207392 0.331180 0.165042 0.167556 0.219276 0.545213 0.184641 0.195330
10.800000 0.207403 0.330923 0.165055 0.167516 0.219154 0.545235 0.184643 0.195293
11.000000 0.207413 0.331056 0.164908 0.167580 0.218989 0.545297 0.184623 0.156399
11.200000 0.207418 0.331015 0.164949 0.167676 0.219023 0.545151 0.184538 0.195119
11.400000 0.207356 0.330790 0.165018 0.167505 0.218834 0.544741 0.184585 0.195050
11.600000 0.207231 0.330590 0.164965 0.167445 0.218570 0.544844 0.184420 0.194780
11.800000 0.207509 0.330552 0.164965 0.167511 0.218636 0.545040 0.184448 0.194943
12.000000 0.207345 0.330641 0.164868 0.167505 0.218487 0.544786 0.184431 0.194823
12.200000 0.207361 0.330062 0.164741 0.167424 0.218292 0.544993 0.184358 0.194635
12.400000 0.207313 0.330297 0.165060 0.167674 0.218467 0.544865 0.184382 0.194680
12.600000 0.207241 0.330312 0.164980 0.167426 0.218019 0.544593 0.184276 0.194604
12.800000 0.207307 0.330062 0.165015 0.167680 0.218017 0.544646 0.184440 0.194417
13.000000 0.207335 0.330019 0.164959 0.167405 0.217889 0.544629 0.184256 0.194447
13.200000 0.207304 0.329971 0.165062 0.167659 0.217596 0.544597 0.184287 0.194474
13.400000 0.207285 0.329866 0.165076 0.167655 0.217650 0.544481 0.184175 0.194351
13.600000 0.207288 0.329791 0.165096 0.167398 0.217554 0.544454 0.184055 0.194105
13.800000 0.207340 0.329686 0.165024 0.167406 0.217585 0.544540 0.184114 0.194383
14.000000 0.207353 0.329520 0.165043 0.167433 0.217397 0.544455 0.184086 0.194122
14.200000 0.207269 0.329576 0.165033 0.167455 0.217183 0.544350 0.183982 0.194226
14.400000 0.207273 0.329445 0.165018 0.167397 0.217068 0.544274 0.184041 0.193987
14.600000 0.207253 0.329191 0.164994 0.167486 0.216914 0.544364 0.183896 0.193920
14.800000 0.207244 0.329250 0.165021 0.167326 0.216933 0.544145 0.183989 0.193818
15.000000 0.207199 0.329421 0.165013 0.167434 0.216730 0.544103 0.183806 0.193657
15.200000 0.207283 0.328862 0.164997 0.167483 0.216527 0.543990 0.183951 0.193861
15.400000 0.207365 0.329035 0.165083 0.167456 0.216454 0.544115 0.183983 0.193731
15.600000 0.207260 0.328959 0.165063 0.167453 0.216628 0.543953 0.183737 0.193675
15.800000 0.207205 0.328960 0.164801 0.167374 0.216409 0.543904 0.183799 0.193613
16.000000 0.207211 0.328707 0.165030 0.167287 0.216221 0.543847 0.183820 0.193536
16.200000 0.207197 0.328631 0.165059 0.167418 0.216125 0.543851 0.183779 0.193352
16.400000 0.207183 0.328569 0.164986 0.167471 0.216064 0.543813 0.183578 0.193247
16.600000 0.207136 0.328442 0.165002 0.167472 0.216064 0.543823 0.183768 0.193370
16.800000 0.207174 0.328534 0.165142 0.167429 0.215794 0.543726 0.183867 0.193465
17.000000 0.207160 0.328336 0.165065 0.167493 0.215761 0.543372 0.183675 0.193226
17.200000 0.207142 0.328297 0.164996 0.167515 0.215548 0.543374 0.183630 0.193049
17.400000 0.207136 0.328280 0.164987 0.167540 0.215542 0.543226 0.183567 0.193122
17.600000 0.207166 0.328121 0.165005 0.167426 0.215436 0.543521 0.183671 0.193162
17.800000 0.207127 0.327923 0.165006 0.167408 0.215272 0.543419 0.183553 0.193001
18.000000 0.207149 0.327886 0.165000 0.167426 0.215160 0.543443 0.183519 0.192915
18.200000 0.207153 0.327880 0.165014 0.167449 0.215022 0.543286 0.183440 0.193009
18.400000 0.207098 0.327852 0.165010 0.167511 0.215002 0.543221 0.183470 0.192820
18.600000 0.207117 0.327685 0.164958 0.167399 0.214838 0.543337 0.183471 0.192862
18.800000 0.207137 0.327542 0.165086 0.167449 0.214795 0.543202 0.183302 0.192733
19.000000 0.207042 0.327312 0.165258 0.167416 0.214638 0.542933 0.183302 0.192715
19.200000 0.207053 0.327338 0.164969 0.167426 0.214496 0.543033 0.183001 0.192428
19.400000 0.206926 0.327309 0.164830 0.167526 0.214267 0.543040 0.183240 0.192497
19.600000 0.206928 0.327279 0.164982 0.167314 0.214370 0.542989 0.183218 0.192270
19.800000 0.207030 0.327024 0.164866 0.167373 0.214297 0.542785 0.183380 0.192353
20.000000 0.207036 0.327181 0.165038 0.167276 0.214122 0.542829 0.183189 0.192322
20.200000 0.206912 0.327038 0.165004 0.167264 0.214025 0.542766 0.183226 0.192314
20.400000 0.207057 0.326989 0.164995 0.167427 0.213976 0.542730 0.183159 0.192215
20.600000 0.206994 0.326973 0.164999 0.167527 0.213907 0.542670 0.183167 0.191963
20.800000 0.207036 0.326958 0.165027 0.167499 0.213631 0.542479 0.182976 0.192109
21.000000 0.206968 0.326609 0.165022 0.167418 0.213724 0.542579 0.183210 0.192056
21.200000 0.206948 0.326811 0.164900 0.167254 0.213606 0.542589 0.182977 0.192083
21.400000 0.207055 0.326590 0.165014 0.167529 0.213322 0.542511 0.182995 0.192089
21.600000 0.206982 0.326538 0.165021 0.167403 0.213416 0.542356 0.182830 0.191693
21.800000 0.206889 0.326353 0.165064 0.167312 0.213044 0.542162 0.182952 0.191758
22.000000 0.207002 0.326374 0.164874 0.167318 0.213230 0.542222 0.182962 0.191877
22.200000 0.207018 0.326378 0.164894 0.167334 0.213155 0.542324 0.182917 0.191668
22.400000 0.206794 0.326130 0.165094 0.167272 0.213145 0.542266 0.182864 0.191690
22.600000 0.206958 0.326110 0.165012 0.167450 0.212903 0.542122 0.182861 0.191641
22.800000 0.206925 0.325953 0.165081 0.167351 0.212732 0.542097 0.182965 0.191553
23.000000 0.206962 0.325928 0.164967 0.167363 0.212736 0.542211 0.182908 0.191494
23.200000 0.206900 0.326029 0.165003 0.167336 0.212619 0.542001 0.182826 0.191554
23.400000 0.206787 0.325871 0.164812 0.167267 0.212578 0.541840 0.182933 0.191377
23.600000 0.206929 0.325777 0.164965 0.167411 0.212460 0.541842 0.182756 0.191205
23.800000 0.206898 0.325713 0.164859 0.167333 0.212287 0.541861 0.182683 0.191245
24.000000 0.206894 0.325530 0.165036 0.167316 0.212197 0.541807 0.182569 0.191308
24.200000 0.207049 0.325633 0.165095 0.167335 0.212199 0.541799 0.182700 0.191041
24.400000 0.206907 0.325511 0.164877 0.167372 0.212107 0.541688 0.182695 0.191129
24.600000 0.206835 0.325462 0.164934 0.167323 0.212073 0.541461 0.182622 0.191188
24.800000 0.206882 0.325233 0.165038 0.167323 0.211886 0.541449 0.182608 0.191009
25.000000 0.206611 0.325296 0.165026 0.167289 0.211874 0.541149 0.182596 0.190919
25.200000 0.206892 0.325747 0.164816 0.167347 0.211746 0.541304 0.182599 0.190944
25.400000 0.206845 0.325137 0.164808 0.167444 0.211459 0.541251 0.182564 0.190886
25.600000 0.206854 0.325158 0.165035 0.167262 0.211341 0.541272 0.182517 0.190772
25.800000 0.206872 0.324909 0.165011 0.167241 0.211434 0.541322 0.182677 0.190773
26.000000 0.206843 0.324946 0.164502 0.167289 0.211462 0.541368 0.182444 0.190780
26.200000 0.206875 0.324801 0.165030 0.167288 0.211265 0.541208 0.182473 0.190509
26.400000 0.206842 0.324709 0.165036 0.167353 0.211036 0.541136 0.182451 0.190703
26.600000 0.206850 0.324670 0.164805 0.167324 0.211111 0.541007 0.182453 0.190446
26.800000 0.206833 0.324670 0.165082 0.167356 0.210964 0.541224 0.182370 0.190434
27.000000 0.206832 0.324652 0.164995 0.167352 0.210781 0.541037 0.182385 0.190532
27.200000 0.206811 0.324550 0.164840 0.167235 0.210945 0.540839 0.182138 0.190425
27.400000 0.206785 0.324296 0.164896 0.167255 0.210726 0.540783 0.182211 0.190344
27.600000 0.206876 0.324345 0.165084 0.167375 0.210574 0.540849 0.182244 0.190362
27.800000 0.206800 0.324256 0.165093 0.167350 0.210675 0.540791 0.182325 0.190342
28.000000 0.206761 0.324252 0.164941 0.167378 0.210451 0.540644 0.182226 0.190205
28.200000 0.206790 0.324390 0.164974 0.167272 0.210407 0.540573 0.182268 0.190217
28.400000 0.206724 0.324085 0.164914 0.167147 0.210409 0.540549 0.182188 0.189999
28.600000 0.206769 0.324070 0.164988 0.167294 0.210258 0.540377 0.182188 0.190111
28.800000 0.206891 0.323920 0.164849 0.167372 0.210205 0.540444 0.182046 0.190019
29.000000 0.206831 0.323898 0.164818 0.167382 0.210151 0.540487 0.182158 0.190040
29.200000 0.206608 0.323840 0.165045 0.166944 0.209998 0.540354 0.182101 0.190085
29.400000 0.206783 0.323862 0.164809 0.167319 0.209867 0.540386 0.182133 0.189917
29.600000 0.206754 0.323907 0.164949 0.167184 0.209727 0.540406 0.182158 0.189891
29.800000 0.206646 0.323709 0.165013 0.167139 0.209786 0.540191 0.182083 0.189757
30.000000 0.206726 0.323580 0.164837 0.167232 0.209698 0.540230 0.181998 0.189819
30.200000 0.206748 0.323352 0.164511 0.167000 0.210050 0.540555 0.182309 0.190214
30.400000 0.207123 0.323995 0.165392 0.167686 0.209928 0.540540 0.182458 0.190027
30.600000 0.207254 0.323892 0.165330 0.167650 0.209863 0.540500 0.182421 0.190105
30.800000 0.207495 0.323927 0.165157 0.167656 0.209696 0.540327 0.182382 0.190047
31.000000 0.207874 0.323874 0.165393 0.167593 0.209752 0.540453 0.182403 0.190042
31.200000 0.208405 0.323790 0.165403 0.167643 0.209628 0.540192 0.182050 0.189803
31.400000 0.209020 0.323607 0.165387 0.167682 0.209595 0.540271 0.182207 0.189965
31.600000 0.209650 0.323545 0.165364 0.167643 0.209430 0.540111 0.182199 0.189872
31.800000 0.210392 0.323401 0.165383 0.167619 0.209256 0.540298 0.182309 0.189773
32.000000 0.211141 0.323396 0.165501 0.167637 0.209236 0.540111 0.182295 0.189763
32.200000 0.212119 0.323252 0.165304 0.167655 0.209055 0.540089 0.182227 0.189719
32.400000 0.213208 0.323241 0.165371 0.167285 0.209170 0.540076 0.182353 0.189525
32.600000 0.214340 0.323244 0.165374 0.167831 0.209186 0.540030 0.182413 0.189576
32.800000 0.215496 0.323089 0.165388 0.167639 0.208975 0.540072 0.182480 0.189615
33.000000 0.216644 0.322951 0.165333 0.167671 0.208934 0.539947 0.182344 0.189600
33.200000 0.217856 0.323004 0.165339 0.167674 0.208989 0.539912 0.182620 0.189576
33.400000 0.218995 0.322991 0.165333 0.167611 0.208900 0.539945 0.182485 0.189570
33.600000 0.220048 0.322896 0.165366 0.167822 0.208883 0.540002 0.182545 0.189371
33.800000 0.221311 0.322886 0.165337 0.167712 0.208836 0.539913 0.182602 0.189563
34.000000 0.222164 0.322328 0.164809 0.167350 0.208374 0.539538 0.182389 0.189176
34.200000 0.223148 0.322309 0.164936 0.167283 0.208409 0.539525 0.182533 0.189102
34.400000 0.224246 0.322392 0.164967 0.167535 0.208403 0.539483 0.182545 0.189118
34.600000 0.225253 0.322278 0.165077 0.167353 0.208252 0.539447 0.182746 0.189123
34.800000 0.226198 0.322157 0.165175 0.167469 0.208444 0.539447 0.182661 0.189115
35.000000 0.227053 0.322303 0.165092 0.167459 0.208514 0.539514 0.182856 0.189199
35.200000 0.227965 0.322372 0.165090 0.167488 0.208574 0.539501 0.183015 0.189192
35.400000 0.228586 0.322338 0.165047 0.167688 0.208566 0.539302 0.183210 0.189257
35.600000 0.229459 0.322485 0.165021 0.167503 0.208522 0.539283 0.183129 0.189090
35.800000 0.229968 0.322474 0.165088 0.167491 0.208614 0.539537 0.183144 0.189347
36.000000 0.230613 0.322704 0.164844 0.167547 0.208641 0.539368 0.183390 0.189292
36.200000 0.231314 0.322678 0.164980 0.167633 0.208711 0.539436 0.183395 0.189497
36.400000 0.231834 0.322486 0.164911 0.167586 0.208800 0.539429 0.183486 0.189491
36.600000 0.232112 0.322791 0.165050 0.167609 0.209039 0.539641 0.183624 0.189462
36.800000 0.232716 0.322583 0.165040 0.167604 0.208776 0.539475 0.183736 0.189608
37.000000 0.233166 0.322744 0.165070 0.167841 0.208955 0.539638 0.183743 0.189403
37.200000 0.233693 0.322959 0.165051 0.167940 0.209107 0.539518 0.183986 0.189651
37.400000 0.234209 0.323005 0.165069 0.167773 0.209057 0.539621 0.183887 0.189648
37.600000 0.234383 0.323058 0.165032 0.167729 0.209254 0.539543 0.183936 0.189731
37.800000 0.234890 0.323283 0.165026 0.167917 0.209232 0.539560 0.184228 0.189971
38.000000 0.235176 0.323467 0.164955 0.167935 0.209366 0.539656 0.184383 0.189888
38.200000 0.235416 0.323354 0.165203 0.167951 0.209380 0.539556 0.184336 0.189791
38.400000 0.235617 0.323494 0.165011 0.167954 0.209572 0.539413 0.184521 0.190027
38.600000 0.235918 0.323764 0.165069 0.168022 0.209822 0.539814 0.184554 0.190049
38.800000 0.236152 0.323656 0.164956 0.168042 0.209919 0.539696 0.184667 0.190002
39.000000 0.236495 0.323939 0.165065 0.168105 0.209922 0.539796 0.185031 0.190204
39.200000 0.236557 0.324138 0.165170 0.168139 0.210084 0.539775 0.185151 0.190347
39.400000 0.236728 0.324284 0.164841 0.168046 0.210203 0.539771 0.185143 0.190447
39.600000 0.236939 0.324512 0.165042 0.168422 0.210561 0.539765 0.185207 0.190372
39.800000 0.236842 0.324634 0.164984 0.168217 0.210570 0.539824 0.185350 0.190554
40.000000 0.237204 0.324771 0.165116 0.168015 0.210649 0.539967 0.185384 0.190601
40.200000 0.237311 0.324836 0.164973 0.168426 0.210782 0.539903 0.185552 0.190771
40.400000 0.237459 0.325142 0.165237 0.168297 0.211138 0.539916 0.185656 0.190870
40.600000 0.237625 0.325277 0.165199 0.168372 0.211127 0.539859 0.185720 0.190945
40.800000 0.237690 0.325357 0.165145 0.168397 0.211291 0.539996 0.185736 0.190963
41.000000 0.237833 0.325574 0.165027 0.168342 0.211419 0.539981 0.185921 0.190985
41.200000 0.237919 0.325824 0.165201 0.168186 0.211563 0.540141 0.186073 0.191240
41.400000 0.238022 0.326219 0.165225 0.168394 0.211681 0.540069 0.186249 0.191235
41.600000 0.238086 0.326097 0.165252 0.168414 0.211930 0.539992 0.186315 0.191474
41.800000 0.238135 0.326486 0.165039 0.168404 0.211970 0.540065 0.186378 0.191456
42.000000 0.238249 0.326636 0.165214 0.168558 0.212305 0.540114 0.186504 0.191692
42.200000 0.238335 0.326808 0.165128 0.168600 0.212256 0.540229 0.186752 0.191721
42.400000 0.238236 0.326982 0.165125 0.168753 0.212590 0.540217 0.186639 0.191842
42.600000 0.238417 0.327255 0.165152 0.168735 0.212985 0.540431 0.186868 0.192032
42.800000 0.238457 0.327321 0.165125 0.168519 0.212898 0.540280 0.186999 0.192229
43.000000 0.238544 0.327691 0.165101 0.168830 0.213125 0.540428 0.187095 0.192137
43.200000 0.238593 0.327761 0.165173 0.168746 0.213215 0.540438 0.187346 0.192381
43.400000 0.238581 0.327924 0.165213 0.168729 0.213497 0.540327 0.187325 0.192545
43.600000 0.238560 0.327990 0.165173 0.168663 0.213694 0.540372 0.187423 0.192620
43.800000 0.238639 0.328618 0.165182 0.168652 0.213868 0.540589 0.187551 0.192639
44.000000 0.238513 0.328681 0.165049 0.168728 0.214015 0.540605 0.187645 0.192506
44.200000 0.238714 0.329127 0.165164 0.168685 0.214365 0.540582 0.187753 0.192822
44.400000 0.238742 0.329011 0.165151 0.168824 0.214269 0.540595 0.187832 0.193093
44.600000 0.238729 0.329357 0.165166 0.169033 0.214570 0.540659 0.187966 0.193212
44.800000 0.238817 0.329660 0.165122 0.169065 0.214909 0.540709 0.188263 0.193396
45.000000 0.238735 0.330017 0.165102 0.168915 0.215133 0.540727 0.188154 0.193445
45.200000 0.238780 0.329898 0.165203 0.168865 0.215026 0.540720 0.188261 0.193492
45.400000 0.238889 0.330313 0.165305 0.169002 0.215572 0.540865 0.188313 0.193740
45.600000 0.238848 0.330654 0.165216 0.168940 0.215530 0.540869 0.188388 0.193846
45.800000 0.238885 0.330668 0.165126 0.169013 0.215849 0.540806 0.188613 0.194050
46.000000 0.238926 0.331056 0.165105 0.169030 0.216177 0.541070 0.188699 0.194122
46.200000 0.238924 0.331347 0.165120 0.168957 0.216181 0.541071 0.188810 0.194241
46.400000 0.238896 0.331452 0.165243 0.168918 0.216422 0.540961 0.188969 0.194407
46.600000 0.238905 0.331652 0.165144 0.168932 0.216744 0.540931 0.188936 0.194534
46.800000 0.238918 0.331950 0.165215 0.168990 0.216843 0.541219 0.189145 0.194666
47.000000 0.239000 0.332150 0.165321 0.169073 0.217004 0.541100 0.189263 0.194761
47.200000 0.238820 0.332338 0.165355 0.169148 0.217428 0.541228 0.189217 0.194998
47.400000 0.239013 0.332676 0.165398 0.169100 0.217568 0.541467 0.189468 0.194914
47.600000 0.238969 0.332916 0.165131 0.169160 0.217646 0.541264 0.189536 0.195310
47.800000 0.239008 0.333239 0.165128 0.169126 0.218012 0.541254 0.189599 0.195327
48.000000 0.238956 0.333374 0.165154 0.169107 0.218077 0.541365 0.189669 0.195444
48.200000 0.238692 0.333508 0.165297 0.169247 0.218395 0.541511 0.189820 0.195612
48.400000 0.238995 0.333818 0.165173 0.169182 0.218534 0.541508 0.189916 0.195691
48.600000 0.238923 0.334083 0.165202 0.169204 0.218554 0.541573 0.189836 0.195850
48.800000 0.239077 0.334446 0.165507 0.169238 0.219013 0.541563 0.189972 0.196028
49.000000 0.238950 0.334504 0.165226 0.169280 0.219053 0.541645 0.190169 0.196095
49.200000 0.238987 0.334723 0.165258 0.169476 0.219392 0.541557 0.190147 0.196366
49.400000 0.238945 0.335028 0.165104 0.169350 0.219673 0.541560 0.190405 0.196432
49.600000 0.238989 0.335245 0.165238 0.169348 0.219849 0.541806 0.190513 0.196563
49.800000 0.238865 0.335464 0.165276 0.169271 0.220155 0.541793 0.190702 0.196595
50.000000 0.239093 0.335806 0.165278 0.169277 0.220253 0.541770 0.190698 0.196946
50.200000 0.239087 0.336092 0.165105 0.169712 0.220527 0.541903 0.190969 0.197125
50.400000 0.239013 0.336452 0.165297 0.169380 0.220724 0.541864 0.190889 0.197056
50.600000 0.239100 0.336468 0.165402 0.169325 0.220972 0.541841 0.190963 0.197160
50.800000 0.238968 0.336675 0.165357 0.169259 0.221244 0.541988 0.191191 0.197201
51.000000 0.239018 0.337064 0.165353 0.169235 0.221294 0.542026 0.191163 0.197532
51.200000 0.238990 0.337216 0.165371 0.169374 0.221804 0.542124 0.191460 0.197689
51.400000 0.239053 0.337672 0.165352 0.169497 0.222014 0.541891 0.191366 0.197785
51.600000 0.238994 0.337652 0.165287 0.169282 0.222060 0.542049 0.191435 0.198009
51.800000 0.238993 0.337917 0.165226 0.169482 0.222223 0.542417 0.191531 0.198128
52.000000 0.238897 0.337949 0.165116 0.169465 0.222524 0.542016 0.191576 0.198339
52.200000 0.238974 0.338336 0.165252 0.169395 0.222800 0.542132 0.191771 0.198361
52.400000 0.238944 0.338732 0.165361 0.169373 0.223131 0.542341 0.191874 0.198522
52.600000 0.238887 0.338843 0.165485 0.169455 0.223240 0.542331 0.191985 0.198545
52.800000 0.238983 0.339136 0.165322 0.169646 0.223503 0.542550 0.192020 0.198752
53.000000 0.238922 0.339310 0.165136 0.169524 0.223729 0.542535 0.192086 0.198920
53.200000 0.238948 0.339575 0.165277 0.169510 0.223920 0.542455 0.192132 0.199102
53.400000 0.238892 0.339758 0.165396 0.169522 0.224007 0.542505 0.192114 0.199187
53.600000 0.238928 0.339828 0.165200 0.169626 0.224313 0.542511 0.192505 0.199366
53.800000 0.238827 0.340277 0.165181 0.169389 0.224477 0.542802 0.192461 0.199537
54.000000 0.238804 0.340463 0.165175 0.169521 0.224802 0.542648 0.192506 0.199599
54.200000 0.238915 0.340582 0.165392 0.169455 0.224933 0.542678 0.192394 0.199841
54.400000 0.238920 0.340959 0.165136 0.169547 0.225346 0.542843 0.192716 0.199921
54.600000 0.238882 0.341002 0.165146 0.169653 0.225483 0.542812 0.192635 0.199929
54.800000 0.238893 0.341204 0.165361 0.169603 0.225742 0.542789 0.192845 0.200329
55.000000 0.238944 0.341548 0.165316 0.169666 0.225953 0.542849 0.192902 0.200330
55.200000 0.238887 0.341771 0.165360 0.169581 0.226041 0.542989 0.192816 0.200472
55.400000 0.238883 0.341960 0.165251 0.169495 0.226411 0.543079 0.193127 0.200551
55.600000 0.238937 0.342140 0.165297 0.169609 0.226698 0.543132 0.193144 0.200712
55.800000 0.238809 0.342440 0.165290 0.169666 0.226895 0.543180 0.193230 0.200886
56.000000 0.238952 0.342617 0.165328 0.169600 0.227055 0.543101 0.193264 0.200998
56.200000 0.238807 0.342903 0.165376 0.169551 0.227288 0.543514 0.193405 0.201195
56.400000 0.238863 0.343226 0.165297 0.169545 0.227585 0.543305 0.193429 0.201235
56.600000 0.238906 0.343357 0.165277 0.169647 0.227956 0.543504 0.193557 0.201298
56.800000 0.238389 0.343707 0.165241 0.169717 0.228092 0.543260 0.193617 0.201507
57.000000 0.238916 0.343838 0.164911 0.169538 0.228251 0.543385 0.193684 0.201596
57.200000 0.238851 0.344088 0.165308 0.169659 0.228551 0.543490 0.193819 0.201892
57.400000 0.238916 0.344119 0.165344 0.169583 0.228712 0.543594 0.193782 0.202021
57.600000 0.238922 0.344459 0.165268 0.169733 0.228848 0.543506 0.193931 0.202147
57.800000 0.238922 0.344498 0.165336 0.169792 0.228972 0.543535 0.193940 0.202305
58.000000 0.238907 0.344921 0.165386 0.169805 0.229232 0.543627 0.194045 0.202416
58.200000 0.238928 0.345137 0.165519 0.169682 0.229625 0.543765 0.194001 0.202549
58.400000 0.238944 0.345175 0.165360 0.169885 0.229765 0.543687 0.194036 0.202657
58.600000 0.238914 0.345588 0.165293 0.169719 0.229945 0.543799 0.194169 0.202785
58.800000 0.238811 0.345706 0.165350 0.169738 0.230240 0.543975 0.194374 0.202826
59.000000 0.238885 0.345904 0.165296 0.169720 0.230345 0.544117 0.194432 0.203055
59.200000 0.238878 0.346200 0.165393 0.169789 0.230639 0.543947 0.194461 0.203199
59.400000 0.238872 0.346519 0.165329 0.169696 0.230650 0.543985 0.194443 0.203325
59.600000 0.238901 0.346651 0.165510 0.169604 0.231095 0.544092 0.194564 0.203481
59.800000 0.238845 0.346692 0.165187 0.169813 0.231253 0.544133 0.194677 0.203567
60.000000 0.238869 0.347019 0.165274 0.169974 0.231383 0.544049 0.194750 0.203765
60.200000 0.238915 0.347016 0.165390 0.169636 0.231756 0.544369 0.194930 0.203834
60.400000 0.238696 0.347422 0.165330 0.169812 0.232055 0.544128 0.194913 0.203941
60.600000 0.238831 0.347712 0.165377 0.169680 0.232185 0.544350 0.194877 0.204069
60.800000 0.238653 0.347833 0.165306 0.169810 0.232097 0.544264 0.195004 0.204279
61.000000 0.238924 0.347941 0.165329 0.169709 0.232593 0.544413 0.195052 0.204345
61.200000 0.238653 0.348344 0.165352 0.169948 0.232816 0.544462 0.195231 0.204375
61.400000 0.238665 0.348431 0.165218 0.169730 0.232989 0.544480 0.195181 0.204493
61.600000 0.238763 0.348513 0.165401 0.169953 0.233303 0.544543 0.195249 0.204753
61.800000 0.238658 0.348705 0.165517 0.169878 0.233443 0.544623 0.195442 0.204799
62.000000 0.238748 0.349025 0.165153 0.169907 0.233575 0.544477 0.195209 0.204913
62.200000 0.238701 0.349326 0.165393 0.169945 0.233865 0.544638 0.195473 0.204956
62.400000 0.238732 0.349578 0.165401 0.170025 0.234208 0.544635 0.195496 0.205173
62.600000 0.238716 0.349727 0.165356 0.169874 0.234357 0.544722 0.195582 0.205448
62.800000 0.238685 0.349591 0.165343 0.169919 0.234671 0.544587 0.195674 0.205631
63.000000 0.238692 0.350007 0.165349 0.169438 0.234789 0.544645 0.195740 0.205677
63.200000 0.238709 0.350336 0.165555 0.170053 0.235094 0.544761 0.195711 0.205764
63.400000 0.238743 0.350423 0.165118 0.169715 0.235021 0.544989 0.195879 0.205951
63.600000 0.238689 0.350610 0.165387 0.169895 0.235433 0.544908 0.196010 0.206143
63.800000 0.238748 0.350726 0.165421 0.169952 0.235543 0.544963 0.196047 0.206094
64.000000 0.238693 0.350928 0.165361 0.169903 0.235772 0.545035 0.195903 0.206380
64.200000 0.238678 0.351238 0.165273 0.169863 0.235969 0.545143 0.196043 0.206364
64.400000 0.238556 0.351360 0.165372 0.169872 0.236102 0.545295 0.196156 0.206334
64.600000 0.238789 0.351422 0.165354 0.169963 0.236415 0.545168 0.196146 0.206553
64.800000 0.238519 0.351689 0.165308 0.169884 0.236407 0.545281 0.196347 0.206683
65.000000 0.238663 0.351954 0.165342 0.169914 0.236769 0.545297 0.196361 0.206886
65.200000 0.238529 0.352011 0.165466 0.169716 0.236911 0.545116 0.196372 0.206907
65.400000 0.238501 0.352225 0.165342 0.169910 0.237333 0.545262 0.196500 0.206940
65.600000 0.238586 0.352393 0.165349 0.169889 0.237324 0.545472 0.196421 0.207034
65.800000 0.238775 0.352610 0.165335 0.169839 0.237569 0.545523 0.196500 0.207326
66.000000 0.238536 0.352541 0.165395 0.169872 0.237669 0.545476 0.196531 0.207392
66.200000 0.238603 0.352852 0.165263 0.169907 0.237903 0.545805 0.196617 0.207419
66.400000 0.238565 0.353007 0.165553 0.169989 0.238111 0.545662 0.196676 0.207614
66.600000 0.238567 0.353110 0.165367 0.169950 0.238045 0.545560 0.196674 0.207784
66.800000 0.238580 0.353261 0.165344 0.169951 0.238470 0.545749 0.196741 0.207962
67.000000 0.238541 0.353583 0.165431 0.169945 0.238787 0.545569 0.196759 0.207906
67.200000 0.238556 0.353678 0.165460 0.169919 0.238859 0.545667 0.196686 0.207911
67.400000 0.238586 0.353857 0.165376 0.170091 0.239052 0.545741 0.196846 0.208263
67.600000 0.238576 0.353827 0.165358 0.169858 0.239249 0.545728 0.196914 0.208274
67.800000 0.238557 0.354281 0.165305 0.169855 0.239393 0.545737 0.196986 0.208339
68.000000 0.238565 0.354152 0.165526 0.169935 0.239510 0.545958 0.197084 0.208426
68.200000 0.238590 0.354533 0.165274 0.169936 0.239818 0.545928 0.197136 0.208586
68.400000 0.238503 0.354694 0.165314 0.169853 0.239930 0.545870 0.196869 0.208656
68.600000 0.238537 0.354832 0.165254 0.169952 0.240021 0.545973 0.197248 0.208812
68.800000 0.238569 0.355207 0.165267 0.170018 0.240464 0.546260 0.197192 0.208910
69.000000 0.238556 0.355176 0.165322 0.170265 0.240626 0.546084 0.197250 0.209003
69.200000 0.238542 0.355129 0.165354 0.169529 0.240744 0.545867 0.197288 0.209152
69.400000 0.238511 0.355409 0.165212 0.170043 0.240843 0.546157 0.197174 0.209067
69.600000 0.238568 0.355641 0.165275 0.169683 0.240964 0.546190 0.197379 0.209230
69.800000 0.238531 0.355746 0.165319 0.170005 0.241378 0.546178 0.197408 0.209405
70.000000 0.238558 0.355731 0.165297 0.170088 0.241545 0.546321 0.197299 0.209628
70.200000 0.238516 0.355999 0.165261 0.169840 0.241432 0.546320 0.197324 0.209727
70.400000 0.238633 0.356171 0.165280 0.170010 0.241711 0.546347 0.197456 0.209666
70.600000 0.238551 0.356384 0.165384 0.170020 0.241944 0.546439 0.197555 0.209927
70.800000 0.238535 0.356476 0.165524 0.169873 0.242085 0.546542 0.197470 0.209920
71.000000 0.238369 0.356677 0.165357 0.170174 0.242133 0.546431 0.197635 0.209962
71.200000 0.238517 0.356819 0.165510 0.169894 0.242384 0.546677 0.197685 0.209975
71.400000 0.238494 0.356930 0.165501 0.170069 0.242552 0.546443 0.197668 0.210192
71.600000 0.238494 0.356994 0.165371 0.169886 0.242749 0.546577 0.197906 0.210252
71.800000 0.238486 0.357117 0.165272 0.169984 0.242912 0.546508 0.197619 0.210345
72.000000 0.238481 0.357398 0.165545 0.169986 0.243151 0.546756 0.197876 0.210581
72.200000 0.238352 0.357474 0.165358 0.170118 0.243282 0.546825 0.197845 0.210443
72.400000 0.238488 0.357651 0.165522 0.169913 0.243452 0.546773 0.197816 0.210606
72.600000 0.238580 0.357768 0.165449 0.170068 0.243815 0.546967 0.197948 0.210806
72.800000 0.238486 0.358027 0.165335 0.170046 0.243775 0.507883 0.197967 0.210817
73.000000 0.238438 0.358080 0.165340 0.170065 0.243920 0.546914 0.197820 0.210934
73.200000 0.238472 0.358231 0.165413 0.170036 0.244083 0.547081 0.197946 0.210897
73.400000 0.238400 0.357934 0.165426 0.170102 0.244263 0.547317 0.198115 0.211133
73.600000 0.238246 0.358538 0.165349 0.170016 0.244416 0.547041 0.198147 0.210894
73.800000 0.238379 0.358598 0.165392 0.170283 0.244495 0.547321 0.198135 0.211270
74.000000 0.238377 0.358687 0.165375 0.169985 0.244705 0.547222 0.198292 0.211369
74.200000 0.238382 0.358863 0.165388 0.170109 0.244678 0.547490 0.198243 0.211516
74.400000 0.238233 0.359176 0.165391 0.170075 0.245042 0.547146 0.198265 0.211610
74.600000 0.238199 0.359125 0.165284 0.169997 0.245216 0.547307 0.198264 0.211791
74.800000 0.238251 0.359061 0.165314 0.169988 0.245287 0.547260 0.198231 0.211682
75.000000 0.238187 0.359446 0.165355 0.170215 0.245379 0.547484 0.198494 0.211929
75.200000 0.238206 0.359612 0.165256 0.170068 0.245522 0.547426 0.198397 0.211852
75.400000 0.238447 0.359687 0.165433 0.170003 0.245723 0.547516 0.198455 0.212045
75.600000 0.238334 0.359839 0.165375 0.170282 0.245852 0.547476 0.198505 0.212128
75.800000 0.238324 0.359963 0.165695 0.170073 0.246107 0.547577 0.198634 0.212177
76.000000 0.238319 0.360206 0.165427 0.170284 0.246152 0.547488 0.198404 0.212286
76.200000 0.238078 0.360118 0.165506 0.170013 0.246388 0.547665 0.198664 0.212099
76.400000 0.238292 0.360408 0.165421 0.170126 0.246567 0.547649 0.198621 0.212476
76.600000 0.238305 0.360375 0.165495 0.170204 0.246734 0.547712 0.198537 0.212466
76.800000 0.238337 0.360509 0.165324 0.170146 0.246759 0.547937 0.198519 0.212419
77.000000 0.238338 0.360624 0.165444 0.170011 0.246983 0.547855 0.198557 0.212653
77.200000 0.238284 0.360807 0.165322 0.170015 0.247156 0.547838 0.198771 0.212734
77.400000 0.238304 0.360895 0.165330 0.169989 0.247224 0.547921 0.198759 0.212840
77.600000 0.238272 0.360994 0.165436 0.170266 0.247242 0.548093 0.198961 0.212861
77.800000 0.238307 0.361230 0.165440 0.169985 0.247542 0.548081 0.198926 0.212997
78.000000 0.238292 0.361145 0.165535 0.169857 0.247635 0.548021 0.198777 0.212976
78.200000 0.238303 0.361384 0.165498 0.170090 0.247676 0.548062 0.198823 0.213093
78.400000 0.238276 0.361486 0.165643 0.170025 0.247949 0.548096 0.198849 0.213209
78.600000 0.238261 0.361747 0.165434 0.170178 0.247822 0.548182 0.198837 0.213220
78.800000 0.238234 0.361695 0.165444 0.170258 0.248069 0.548216 0.198925 0.213197
79.000000 0.238212 0.361843 0.165427 0.170001 0.248120 0.548222 0.198864 0.213349
79.200000 0.238258 0.361963 0.165291 0.170174 0.248432 0.548201 0.198902 0.213432
79.400000 0.238181 0.361890 0.165412 0.170228 0.248717 0.548139 0.199009 0.213403
79.600000 0.238221 0.361968 0.165266 0.169932 0.248870 0.548275 0.198904 0.213608
79.800000 0.238061 0.362110 0.165478 0.170229 0.248838 0.548455 0.198906 0.213514
80.000000 0.238173 0.362287 0.165551 0.170028 0.249003 0.548273 0.199025 0.213904
80.200000 0.238219 0.362543 0.165420 0.170135 0.249082 0.548545 0.199127 0.213835
80.400000 0.238166 0.362430 0.165442 0.170016 0.249251 0.548614 0.199088 0.213797
80.600000 0.238127 0.362586 0.165395 0.170088 0.249450 0.548685 0.199008 0.213645
80.800000 0.238159 0.362559 0.165445 0.169992 0.249420 0.548521 0.199001 0.214056
81.000000 0.238130 0.362946 0.165432 0.170135 0.249512 0.548583 0.198992 0.214008
81.200000 0.238099 0.363084 0.165526 0.170146 0.249699 0.548499 0.199143 0.214053
81.400000 0.238155 0.363035 0.165140 0.169871 0.249794 0.548422 0.199155 0.214204
81.600000 0.238069 0.363301 0.165433 0.170229 0.250002 0.548702 0.199196 0.214204
81.800000 0.237978 0.363185 0.165436 0.170202 0.250218 0.548720 0.199237 0.214328
82.000000 0.238121 0.363218 0.165412 0.170233 0.250149 0.548714 0.199302 0.214257
82.200000 0.238124 0.363320 0.165529 0.170176 0.250384 0.548804 0.199303 0.214406
82.400000 0.238072 0.363517 0.165410 0.169894 0.250255 0.548816 0.199302 0.214448
82.600000 0.238080 0.363759 0.165471 0.170206 0.250490 0.548942 0.199204 0.214493
82.800000 0.238100 0.363742 0.165542 0.170239 0.250549 0.548944 0.199348 0.214387
83.000000 0.238096 0.363824 0.165557 0.170233 0.250629 0.548918 0.199367 0.214648
83.200000 0.238082 0.363831 0.165453 0.170237 0.250662 0.548301 0.199332 0.214821
83.400000 0.238048 0.363962 0.165328 0.170135 0.250999 0.548893 0.199351 0.214756
83.600000 0.238077 0.364006 0.165122 0.169988 0.250953 0.548946 0.199377 0.214816
83.800000 0.238068 0.364195 0.165632 0.170244 0.251105 0.549113 0.199285 0.214975
84.000000 0.237937 0.364133 0.165505 0.169914 0.251200 0.549294 0.199448 0.214919
84.200000 0.238058 0.364530 0.165492 0.170233 0.251280 0.549136 0.199432 0.215055
84.400000 0.237989 0.364370 0.165551 0.170172 0.251258 0.549081 0.199477 0.214922
84.600000 0.238053 0.364347 0.165339 0.170165 0.251341 0.549193 0.199554 0.215193
84.800000 0.237982 0.364380 0.165310 0.170109 0.251517 0.548773 0.199541 0.215008
85.000000 0.238008 0.364653 0.165538 0.170213 0.251674 0.549215 0.199423 0.215083
85.200000 0.237891 0.364758 0.165486 0.170036 0.251768 0.549378 0.199505 0.215253
85.400000 0.237969 0.364656 0.165290 0.170099 0.251797 0.549169 0.199468 0.215255
85.600000 0.238032 0.364912 0.165395 0.170187 0.252013 0.549405 0.199448 0.215344
85.800000 0.238012 0.364886 0.165448 0.170012 0.252180 0.549193 0.199605 0.215382
86.000000 0.237995 0.364915 0.165269 0.170218 0.252182 0.549346 0.199659 0.215403
86.200000 0.237969 0.365119 0.165553 0.170311 0.252298 0.549525 0.199590 0.215588
86.400000 0.237972 0.365264 0.165223 0.169991 0.252376 0.549619 0.199656 0.215531
86.600000 0.238009 0.365209 0.165272 0.170187 0.252498 0.549572 0.199594 0.215618
86.800000 0.238010 0.365539 0.165417 0.170174 0.252565 0.549573 0.199689 0.215708
87.000000 0.237971 0.365588 0.165303 0.170197 0.252819 0.549588 0.199823 0.215643
87.200000 0.238010 0.365604 0.165432 0.170167 0.252723 0.549635 0.199701 0.215863
87.400000 0.237927 0.365547 0.165345 0.170189 0.252786 0.549657 0.199600 0.215773
87.600000 0.238016 0.365695 0.165448 0.170143 0.252930 0.549752 0.199766 0.215843
87.800000 0.237990 0.365882 0.165443 0.170185 0.253008 0.549555 0.199648 0.215867
88.000000 0.237990 0.365886 0.165285 0.170284 0.253131 0.549755 0.199817 0.215821
88.200000 0.237764 0.365797 0.165161 0.170268 0.253270 0.549764 0.199618 0.216042
88.400000 0.238119 0.366147 0.165404 0.170164 0.253394 0.549860 0.199782 0.215974
88.600000 0.237962 0.366156 0.165390 0.170286 0.253385 0.549879 0.199797 0.215930
88.800000 0.237958 0.366288 0.165259 0.170170 0.253333 0.549938 0.199820 0.216194
89.000000 0.237952 0.366363 0.165425 0.170212 0.253543 0.550020 0.199760 0.216076
89.200000 0.237961 0.366343 0.165381 0.170201 0.253616 0.550036 0.199807 0.216181
89.400000 0.237966 0.366368 0.165468 0.170161 0.253729 0.550067 0.199804 0.216204
89.600000 0.237958 0.366440 0.165508 0.170233 0.253822 0.549985 0.199860 0.216311
89.800000 0.237960 0.366491 0.165527 0.170171 0.253861 0.550073 0.199746 0.216254
90.000000 0.237971 0.366430 0.165460 0.170066 0.253847 0.550110 0.199782 0.216506
