0.200000 0.052179 0.446124 0.193934 0.297669 0.509573 0.655568 0.291789 0.425152
0.400000 0.051988 0.444729 0.193697 0.296783 0.506815 0.655214 0.291307 0.423542
0.600000 0.052176 0.444341 0.193718 0.296633 0.505515 0.655485 0.291216 0.422497
0.800000 0.052059 0.443839 0.193571 0.296271 0.503839 0.655321 0.290874 0.421168
1.000000 0.052052 0.443391 0.193582 0.295918 0.502322 0.655320 0.290533 0.420135
1.200000 0.051895 0.442777 0.193627 0.295507 0.500742 0.655060 0.290468 0.418860
1.400000 0.052028 0.442255 0.193533 0.295031 0.499040 0.655127 0.290188 0.418008
1.600000 0.051991 0.441856 0.193391 0.294912 0.497760 0.655032 0.289985 0.416826
1.800000 0.051995 0.441248 0.193509 0.294594 0.496276 0.654903 0.289771 0.415664
2.000000 0.052004 0.440716 0.193375 0.294139 0.494829 0.654867 0.289525 0.414450
2.200000 0.052015 0.440174 0.193197 0.293852 0.493373 0.654824 0.289171 0.413451
2.400000 0.051951 0.439732 0.193297 0.293401 0.491831 0.654667 0.289072 0.412374
2.600000 0.051979 0.439177 0.193279 0.293086 0.490509 0.654305 0.288592 0.410933
2.800000 0.052006 0.438545 0.193048 0.292808 0.488908 0.654232 0.288646 0.410200
3.000000 0.051968 0.438091 0.193035 0.292461 0.487551 0.654399 0.288317 0.409146
3.200000 0.051984 0.437688 0.193141 0.291930 0.486262 0.654434 0.288202 0.408027
3.400000 0.051951 0.437453 0.193051 0.291858 0.484835 0.654171 0.287985 0.407037
3.600000 0.051929 0.436767 0.193150 0.291521 0.483477 0.654019 0.287745 0.405991
3.800000 0.051945 0.436184 0.193101 0.290992 0.482002 0.653930 0.287397 0.404768
4.000000 0.051914 0.435833 0.193151 0.290806 0.480866 0.653918 0.287327 0.403926
4.200000 0.051939 0.435335 0.193008 0.290400 0.479287 0.653583 0.287093 0.403093
4.400000 0.051917 0.434468 0.192747 0.290189 0.478020 0.653740 0.286862 0.401927
4.600000 0.051939 0.434676 0.192746 0.289912 0.476698 0.653780 0.286697 0.400932
4.800000 0.051922 0.434076 0.192868 0.289546 0.475414 0.653647 0.286558 0.400072
5.000000 0.051888 0.433570 0.192944 0.289198 0.474147 0.653600 0.286206 0.398948
5.200000 0.051923 0.432904 0.192850 0.288860 0.472843 0.653258 0.285988 0.398035
5.400000 0.051904 0.432628 0.192715 0.288470 0.471537 0.653501 0.285721 0.396913
5.600000 0.051993 0.432198 0.192691 0.288389 0.470136 0.653267 0.285606 0.396053
5.800000 0.051856 0.431747 0.192691 0.288001 0.469002 0.653202 0.285395 0.395125
6.000000 0.051879 0.431379 0.192552 0.287682 0.467677 0.653173 0.285063 0.394138
6.200000 0.051846 0.431138 0.192522 0.287421 0.466232 0.653115 0.284783 0.393155
6.400000 0.051746 0.430574 0.192438 0.287027 0.465189 0.652812 0.284653 0.392183
6.600000 0.051821 0.429786 0.192378 0.286756 0.463128 0.652728 0.284012 0.390795
6.800000 0.051822 0.429429 0.192428 0.286381 0.462156 0.652648 0.284225 0.389999
7.000000 0.051817 0.429173 0.192562 0.286005 0.460827 0.652592 0.283726 0.389031
7.200000 0.051821 0.428761 0.192370 0.285747 0.459832 0.652577 0.283732 0.388170
7.400000 0.051703 0.427918 0.192308 0.285393 0.458454 0.652378 0.283507 0.387282
7.600000 0.051831 0.427669 0.192256 0.285057 0.457295 0.652451 0.283322 0.386391
7.800000 0.051811 0.427514 0.192248 0.284860 0.456153 0.652366 0.283154 0.385461
8.000000 0.051801 0.427027 0.192198 0.284450 0.454970 0.652149 0.282789 0.384670
8.200000 0.051782 0.426579 0.192095 0.284111 0.453874 0.652216 0.282704 0.383630
8.400000 0.051814 0.426044 0.191990 0.283899 0.452682 0.651874 0.282552 0.382965
8.600000 0.051612 0.425869 0.192245 0.283753 0.451657 0.651959 0.282270 0.382056
8.800000 0.051779 0.425466 0.191973 0.283459 0.450394 0.651811 0.282210 0.381171
9.000000 0.051773 0.425053 0.192019 0.283057 0.449258 0.651625 0.281863 0.380396
9.200000 0.051781 0.424720 0.192087 0.282864 0.448254 0.651590 0.281627 0.379584
9.400000 0.051769 0.424441 0.191990 0.282726 0.447192 0.651610 0.281409 0.378826
9.600000 0.051762 0.424159 0.191803 0.282424 0.446079 0.651450 0.281326 0.377848
9.800000 0.051763 0.423732 0.191882 0.282112 0.445023 0.651536 0.281112 0.377005
10.000000 0.051745 0.423389 0.191892 0.281947 0.443914 0.651389 0.280897 0.376293
10.200000 0.051749 0.422753 0.191890 0.281423 0.442968 0.651314 0.280697 0.375663
10.400000 0.051715 0.422515 0.191529 0.281205 0.441767 0.650965 0.280574 0.374697
10.600000 0.051708 0.422155 0.191590 0.281102 0.440732 0.651168 0.280332 0.374075
10.800000 0.051724 0.421813 0.191748 0.280826 0.439868 0.650969 0.280013 0.373350
11.000000 0.051728 0.421698 0.191628 0.280607 0.438725 0.651212 0.280151 0.372535
11.200000 0.051714 0.421228 0.191470 0.280252 0.437912 0.650920 0.279807 0.371774
11.400000 0.051812 0.420848 0.191499 0.280109 0.436709 0.650829 0.279292 0.371047
11.600000 0.051704 0.420523 0.191516 0.279653 0.435764 0.650596 0.279402 0.370200
11.800000 0.051695 0.420125 0.191628 0.279625 0.434702 0.650588 0.279211 0.369448
12.000000 0.051671 0.419856 0.191565 0.279232 0.433905 0.650528 0.279042 0.368766
12.200000 0.051674 0.419495 0.191615 0.279038 0.432825 0.650585 0.278713 0.368115
12.400000 0.051672 0.419132 0.191407 0.278645 0.431743 0.650370 0.278496 0.367390
12.600000 0.051664 0.418770 0.191401 0.278399 0.430597 0.650230 0.278356 0.366523
12.800000 0.051677 0.418385 0.191567 0.278016 0.429698 0.650128 0.278214 0.365758
13.000000 0.051580 0.418201 0.191457 0.277854 0.429030 0.650128 0.278121 0.365226
13.200000 0.051653 0.418006 0.191204 0.277756 0.428143 0.650075 0.277923 0.364651
13.400000 0.051640 0.417584 0.191377 0.277419 0.427229 0.649808 0.277742 0.363788
13.600000 0.051640 0.417445 0.191252 0.277104 0.426411 0.649899 0.277648 0.363241
13.800000 0.051620 0.416952 0.191280 0.277002 0.425550 0.649796 0.277273 0.362815
14.000000 0.051650 0.416846 0.191077 0.276894 0.424730 0.649756 0.277258 0.361963
14.200000 0.051616 0.416538 0.191222 0.276580 0.423676 0.649858 0.277145 0.361394
14.400000 0.051641 0.416095 0.191113 0.276404 0.423123 0.649473 0.276822 0.360861
14.600000 0.051774 0.415815 0.191090 0.276318 0.422255 0.649485 0.276853 0.360192
14.800000 0.051626 0.415501 0.191274 0.275888 0.421224 0.649288 0.276517 0.359363
15.000000 0.051697 0.415212 0.191072 0.275613 0.420661 0.649371 0.276456 0.358858
15.200000 0.051627 0.414971 0.191175 0.275511 0.419549 0.649158 0.276302 0.358161
15.400000 0.051618 0.414593 0.191023 0.275167 0.418787 0.649188 0.276221 0.357629
15.600000 0.051424 0.414333 0.190880 0.275030 0.418050 0.649107 0.275891 0.357136
15.800000 0.051594 0.414243 0.191005 0.274828 0.417280 0.648838 0.275809 0.356507
16.000000 0.051553 0.413957 0.190943 0.274701 0.416468 0.648968 0.275707 0.355960
16.200000 0.051726 0.413537 0.190800 0.274332 0.415676 0.648682 0.275541 0.355312
16.400000 0.051588 0.413639 0.190828 0.274125 0.414929 0.648711 0.275407 0.354711
16.600000 0.051524 0.413183 0.190815 0.273984 0.414130 0.648752 0.275236 0.354012
16.800000 0.051722 0.412834 0.190891 0.273801 0.413341 0.648518 0.275106 0.353674
17.000000 0.051593 0.412567 0.190834 0.273655 0.412564 0.648261 0.274826 0.352970
17.200000 0.051554 0.412305 0.190659 0.273429 0.411766 0.648494 0.274689 0.352384
17.400000 0.051560 0.412126 0.190838 0.272844 0.411199 0.648348 0.274565 0.351865
17.600000 0.051436 0.411814 0.190884 0.272892 0.410088 0.648227 0.274452 0.351380
17.800000 0.051563 0.411561 0.190858 0.272713 0.409626 0.648053 0.274284 0.350770
18.000000 0.051427 0.411289 0.190800 0.272580 0.408824 0.648282 0.274162 0.350096
18.200000 0.051560 0.410992 0.190666 0.272265 0.408153 0.648069 0.274070 0.349678
18.400000 0.051544 0.410681 0.190609 0.272297 0.407270 0.647824 0.274006 0.349000
18.600000 0.051519 0.410559 0.190628 0.272021 0.406778 0.647954 0.273712 0.348655
18.800000 0.051544 0.410202 0.190445 0.272006 0.405923 0.647987 0.273544 0.347927
19.000000 0.051528 0.409988 0.190552 0.271507 0.404993 0.647804 0.273295 0.347232
19.200000 0.051479 0.409762 0.190530 0.271238 0.404309 0.647719 0.273141 0.346972
19.400000 0.051535 0.409260 0.190644 0.271004 0.403597 0.647462 0.273078 0.346360
19.600000 0.051535 0.409384 0.190471 0.270941 0.402984 0.647545 0.272939 0.345659
19.800000 0.051535 0.408967 0.190372 0.270702 0.402262 0.647427 0.272734 0.345191
20.000000 0.051500 0.408730 0.190319 0.270521 0.401592 0.647343 0.272589 0.344840
20.200000 0.051456 0.408493 0.190383 0.270253 0.400851 0.647273 0.272449 0.344319
20.400000 0.051517 0.408235 0.190419 0.270198 0.400168 0.647213 0.272180 0.343754
20.600000 0.051456 0.407922 0.190288 0.269961 0.399395 0.647102 0.272185 0.343319
20.800000 0.051511 0.407626 0.190316 0.269735 0.398817 0.647026 0.272206 0.342609
21.000000 0.051503 0.407580 0.190297 0.269553 0.398184 0.646969 0.271975 0.342120
21.200000 0.051494 0.407489 0.190162 0.269426 0.397542 0.646890 0.271769 0.341748
21.400000 0.051493 0.407022 0.190229 0.269265 0.396813 0.646788 0.271625 0.341299
21.600000 0.051512 0.406938 0.190216 0.268986 0.396158 0.646414 0.271359 0.340759
21.800000 0.051455 0.406750 0.190181 0.268655 0.395424 0.646602 0.271437 0.340149
22.000000 0.051494 0.406436 0.190121 0.268593 0.394849 0.646536 0.271282 0.339826
22.200000 0.051486 0.406063 0.190163 0.268439 0.394281 0.646383 0.271071 0.339345
22.400000 0.051473 0.405996 0.190020 0.268275 0.393561 0.646437 0.270914 0.338799
22.600000 0.051435 0.405651 0.190117 0.268236 0.392774 0.646356 0.270995 0.338357
22.800000 0.051456 0.405454 0.190091 0.267931 0.392329 0.646131 0.270714 0.337895
23.000000 0.051300 0.405262 0.190107 0.267727 0.391551 0.646110 0.270515 0.337451
23.200000 0.051485 0.404980 0.189862 0.267513 0.391002 0.645998 0.270406 0.336962
23.400000 0.051566 0.404671 0.190092 0.267191 0.390571 0.645959 0.270305 0.336478
23.600000 0.051423 0.404593 0.189961 0.267152 0.390012 0.645863 0.270211 0.335880
23.800000 0.051292 0.404441 0.189923 0.267008 0.389334 0.645703 0.270004 0.335605
24.000000 0.051270 0.404156 0.189949 0.266849 0.388733 0.645838 0.269903 0.335192
24.200000 0.051285 0.403889 0.189688 0.266274 0.387940 0.645464 0.269713 0.334694
24.400000 0.051281 0.403864 0.189935 0.266553 0.387279 0.645557 0.269625 0.334218
24.600000 0.051432 0.403724 0.189884 0.266406 0.386697 0.645454 0.269557 0.333844
24.800000 0.051383 0.403366 0.189878 0.266036 0.386266 0.645513 0.269390 0.333526
25.000000 0.051452 0.403237 0.189866 0.266098 0.385815 0.645564 0.269253 0.333092
25.200000 0.051384 0.402895 0.189872 0.265708 0.385089 0.645162 0.269079 0.332360
25.400000 0.051412 0.402573 0.189741 0.265641 0.384403 0.645199 0.268970 0.331907
25.600000 0.051415 0.402376 0.189697 0.265373 0.383758 0.645166 0.268590 0.331504
25.800000 0.051405 0.402305 0.189810 0.265254 0.383220 0.645046 0.268734 0.331097
26.000000 0.051421 0.402041 0.189539 0.265006 0.382466 0.644940 0.268676 0.330793
26.200000 0.051398 0.401785 0.189668 0.264939 0.382074 0.644739 0.268461 0.330349
26.400000 0.051261 0.401524 0.189518 0.264724 0.381485 0.644700 0.268208 0.329831
26.600000 0.051379 0.401451 0.189519 0.264428 0.380949 0.644617 0.268302 0.329442
26.800000 0.051388 0.401169 0.189566 0.264311 0.380399 0.644605 0.268041 0.329028
27.000000 0.051397 0.400910 0.189585 0.264158 0.379895 0.644564 0.268046 0.328587
27.200000 0.051353 0.400727 0.189391 0.263863 0.379036 0.644468 0.267942 0.328186
27.400000 0.051384 0.400796 0.189390 0.263907 0.378619 0.644400 0.267762 0.327805
27.600000 0.051366 0.400367 0.189397 0.263751 0.378224 0.644270 0.267581 0.327365
27.800000 0.051376 0.400097 0.189458 0.263453 0.377799 0.644299 0.267512 0.327123
28.000000 0.051351 0.400125 0.189507 0.263310 0.377280 0.644200 0.267274 0.326572
28.200000 0.051369 0.399846 0.189491 0.263291 0.376680 0.643951 0.267314 0.326214
28.400000 0.051336 0.399619 0.189435 0.263110 0.376102 0.644013 0.267242 0.325848
28.600000 0.051349 0.399516 0.189292 0.262917 0.375609 0.643997 0.266923 0.325455
28.800000 0.051365 0.399284 0.189379 0.262786 0.374947 0.643869 0.267042 0.325033
29.000000 0.051332 0.399082 0.189312 0.262752 0.374526 0.643771 0.266801 0.324658
29.200000 0.051312 0.399039 0.189436 0.262476 0.373774 0.643718 0.266711 0.324370
29.400000 0.051293 0.398735 0.189219 0.262235 0.373504 0.643480 0.266553 0.323877
29.600000 0.051304 0.398672 0.189301 0.262092 0.373067 0.643615 0.266449 0.323551
29.800000 0.051349 0.398399 0.189353 0.262026 0.372583 0.643410 0.266268 0.323094
30.000000 0.051315 0.398232 0.189301 0.261791 0.371920 0.643459 0.266205 0.322855
30.200000 0.051321 0.397980 0.188941 0.261676 0.371503 0.643253 0.265965 0.322150
30.400000 0.051336 0.397831 0.189101 0.261504 0.370973 0.643306 0.266046 0.321967
30.600000 0.051364 0.397638 0.189211 0.261318 0.370500 0.643139 0.265939 0.321544
30.800000 0.051476 0.397388 0.189028 0.261213 0.370141 0.643098 0.265703 0.321291
31.000000 0.051718 0.397315 0.189258 0.261099 0.369706 0.643122 0.265734 0.320908
31.200000 0.052085 0.397121 0.189096 0.261018 0.369133 0.642957 0.265652 0.320494
31.400000 0.052698 0.396861 0.189289 0.260857 0.368725 0.642980 0.265531 0.320339
31.600000 0.053329 0.396578 0.189328 0.260882 0.368605 0.642594 0.265653 0.320188
31.800000 0.054089 0.396635 0.189323 0.260887 0.368714 0.642986 0.265647 0.320311
32.000000 0.054837 0.396654 0.189250 0.260796 0.369043 0.642797 0.265673 0.320536
32.200000 0.055814 0.396879 0.189333 0.260964 0.369879 0.642743 0.265512 0.321149
32.400000 0.056514 0.397008 0.189396 0.261073 0.370962 0.642673 0.265669 0.321989
32.600000 0.057263 0.397457 0.189473 0.261155 0.372778 0.642624 0.265693 0.323332
32.800000 0.058141 0.398118 0.189260 0.261445 0.374837 0.642250 0.266073 0.324971
33.000000 0.058885 0.399237 0.189523 0.261865 0.377876 0.642567 0.266000 0.326949
33.200000 0.059581 0.400645 0.189630 0.262496 0.381566 0.642496 0.266336 0.329312
33.400000 0.060225 0.402585 0.189721 0.263105 0.385575 0.642624 0.266469 0.332447
33.600000 0.060780 0.405071 0.189692 0.263923 0.390353 0.642423 0.266732 0.335538
33.800000 0.061308 0.408174 0.189896 0.264765 0.395976 0.642608 0.266932 0.339602
34.000000 0.061822 0.412028 0.190113 0.265815 0.402048 0.642571 0.267067 0.343784
34.200000 0.062227 0.416696 0.190252 0.266969 0.408700 0.642658 0.267599 0.348679
34.400000 0.062567 0.422166 0.190214 0.268260 0.415995 0.642631 0.267742 0.353708
34.600000 0.062961 0.428575 0.189989 0.269598 0.423963 0.642679 0.268024 0.359499
34.800000 0.063266 0.435904 0.190418 0.270934 0.432355 0.642600 0.268282 0.365643
35.000000 0.063531 0.444096 0.190542 0.272383 0.441542 0.642563 0.268698 0.372068
35.200000 0.063776 0.453287 0.190706 0.273991 0.450776 0.642699 0.268977 0.378869
35.400000 0.064018 0.462402 0.190635 0.275485 0.459960 0.642607 0.269236 0.385541
35.600000 0.064155 0.472502 0.190840 0.276895 0.469031 0.642617 0.269493 0.392382
35.800000 0.064359 0.482876 0.190905 0.278403 0.478851 0.642409 0.269707 0.399373
36.000000 0.064410 0.494145 0.191046 0.279914 0.488616 0.642820 0.270399 0.406687
36.200000 0.064653 0.505799 0.191278 0.281500 0.499043 0.642839 0.270635 0.414145
36.400000 0.064734 0.518029 0.191383 0.283037 0.509442 0.642713 0.270963 0.422122
36.600000 0.064902 0.530325 0.191569 0.284389 0.520132 0.642909 0.271184 0.429745
36.800000 0.064985 0.542960 0.191554 0.285866 0.530841 0.643052 0.271667 0.437902
37.000000 0.065089 0.555765 0.191759 0.287169 0.541118 0.642765 0.271850 0.445799
37.200000 0.065173 0.568921 0.191880 0.288417 0.552204 0.643025 0.272352 0.454251
37.400000 0.065174 0.583149 0.192032 0.290225 0.564813 0.643027 0.272783 0.464015
37.600000 0.065351 0.599549 0.191961 0.291824 0.577927 0.643138 0.273175 0.473440
37.800000 0.065319 0.612584 0.192292 0.293403 0.588954 0.643085 0.273490 0.481768
38.000000 0.065485 0.625565 0.192305 0.294485 0.599858 0.643056 0.273860 0.490227
38.200000 0.065522 0.638337 0.192535 0.295882 0.611081 0.643260 0.274086 0.498638
38.400000 0.065571 0.650873 0.192590 0.297313 0.621767 0.643166 0.274571 0.506766
38.600000 0.065469 0.662699 0.192574 0.298393 0.632535 0.643444 0.274967 0.515196
38.800000 0.065619 0.675041 0.192807 0.299568 0.643461 0.643436 0.275276 0.523617
39.000000 0.065761 0.686458 0.192761 0.300778 0.653940 0.643404 0.275646 0.531831
39.200000 0.065725 0.697473 0.192862 0.301982 0.664396 0.643438 0.276164 0.540124
39.400000 0.065862 0.708087 0.193028 0.303354 0.674819 0.643540 0.276377 0.548001
39.600000 0.065786 0.718395 0.193265 0.304490 0.685056 0.643559 0.276763 0.556117
39.800000 0.065817 0.728568 0.193409 0.305759 0.695160 0.643572 0.277107 0.563853
40.000000 0.065849 0.737985 0.193543 0.306752 0.705098 0.643635 0.277329 0.571776
40.200000 0.065861 0.747120 0.193623 0.308066 0.714783 0.643512 0.277723 0.579533
40.400000 0.065854 0.756214 0.193529 0.309010 0.724619 0.643613 0.278115 0.587340
40.600000 0.065885 0.764534 0.193664 0.310279 0.734362 0.643778 0.278519 0.595119
40.800000 0.065873 0.772608 0.193809 0.311227 0.743659 0.643631 0.278924 0.602579
41.000000 0.065888 0.779946 0.193995 0.312387 0.752651 0.643635 0.279120 0.610083
41.200000 0.065811 0.787203 0.194094 0.313509 0.761961 0.643776 0.279476 0.617487
41.400000 0.066059 0.794168 0.194165 0.314348 0.771126 0.643874 0.279979 0.624799
41.600000 0.065952 0.800763 0.194356 0.315700 0.779584 0.643774 0.280386 0.631896
41.800000 0.065979 0.806838 0.194367 0.316472 0.788200 0.643844 0.280704 0.639064
42.000000 0.066067 0.812578 0.194536 0.317406 0.796644 0.644019 0.281022 0.645819
42.200000 0.066015 0.818220 0.194523 0.318542 0.804606 0.643931 0.281193 0.652779
42.400000 0.066031 0.823544 0.194497 0.319483 0.812427 0.644021 0.281724 0.659484
42.600000 0.065991 0.828518 0.194615 0.320532 0.820420 0.644168 0.282072 0.666022
42.800000 0.066026 0.832941 0.194970 0.321573 0.828042 0.644124 0.282336 0.672500
43.000000 0.066062 0.837449 0.194772 0.322474 0.835393 0.644139 0.282665 0.678637
43.200000 0.066009 0.841526 0.194911 0.323217 0.842659 0.644289 0.282986 0.684892
43.400000 0.065942 0.845692 0.195062 0.324169 0.849472 0.644339 0.283419 0.690941
43.600000 0.065933 0.849312 0.195150 0.325279 0.856415 0.644432 0.283763 0.696877
43.800000 0.066127 0.853078 0.195265 0.326204 0.863992 0.644452 0.284265 0.704116
44.000000 0.065919 0.857574 0.234277 0.327426 0.872488 0.644518 0.284674 0.711195
44.200000 0.066077 0.860679 0.195447 0.328311 0.878588 0.644466 0.285001 0.716700
44.400000 0.066054 0.863612 0.195522 0.329043 0.884414 0.644611 0.285451 0.722021
44.600000 0.066125 0.866325 0.195703 0.329766 0.890604 0.644589 0.285700 0.727269
44.800000 0.066189 0.868907 0.195677 0.330768 0.896244 0.644605 0.286067 0.732555
45.000000 0.066113 0.871555 0.195712 0.331286 0.901824 0.644561 0.286477 0.737578
45.200000 0.066154 0.874000 0.195906 0.332435 0.907229 0.644749 0.286577 0.742791
45.400000 0.066109 0.876024 0.195889 0.333248 0.912422 0.644719 0.286999 0.747389
45.600000 0.066131 0.878264 0.195928 0.334014 0.917396 0.644743 0.287201 0.752106
45.800000 0.066133 0.880270 0.195952 0.334687 0.922264 0.644869 0.287880 0.756793
46.000000 0.066155 0.882247 0.196137 0.335651 0.927033 0.644565 0.287662 0.761013
46.200000 0.066218 0.883792 0.196211 0.336286 0.931722 0.644854 0.288377 0.765682
46.400000 0.066112 0.885680 0.196326 0.336793 0.935998 0.644934 0.288566 0.769823
46.600000 0.066133 0.887306 0.196363 0.337766 0.940626 0.645024 0.288852 0.773982
46.800000 0.066116 0.889075 0.196403 0.338523 0.945026 0.645099 0.289313 0.778062
47.000000 0.066134 0.890457 0.196469 0.339099 0.948892 0.645000 0.289675 0.782105
47.200000 0.066150 0.891702 0.196463 0.339773 0.952734 0.644932 0.289698 0.785455
47.400000 0.066148 0.893378 0.196455 0.340622 0.956714 0.645017 0.290257 0.789341
47.600000 0.066156 0.894641 0.196702 0.341481 0.960391 0.645171 0.290622 0.793191
47.800000 0.066172 0.895867 0.196748 0.341988 0.963605 0.645368 0.290744 0.796663
48.000000 0.066142 0.897040 0.196828 0.342677 0.967658 0.645319 0.291245 0.800044
48.200000 0.066020 0.898123 0.196896 0.343422 0.970909 0.645331 0.291561 0.803629
48.400000 0.066174 0.899098 0.196978 0.344061 0.974396 0.645303 0.291836 0.806836
48.600000 0.066155 0.900200 0.197124 0.344715 0.977534 0.645467 0.292201 0.809834
48.800000 0.066127 0.901290 0.196978 0.345346 0.980718 0.645521 0.292482 0.812872
49.000000 0.066133 0.901967 0.197018 0.346063 0.983685 0.645521 0.292810 0.815939
49.200000 0.066169 0.902757 0.197151 0.346821 0.986357 0.645744 0.293000 0.818812
49.400000 0.066149 0.903649 0.197350 0.347263 0.989383 0.645737 0.293386 0.821625
49.600000 0.066181 0.904583 0.197246 0.347819 0.992004 0.645495 0.293645 0.824204
49.800000 0.066166 0.905163 0.197362 0.348492 0.994787 0.645886 0.294024 0.826997
50.000000 0.066146 0.906007 0.197428 0.349013 0.997649 0.645655 0.294324 0.829484
50.200000 0.066165 0.907061 0.197533 0.349779 1.000586 0.645886 0.294566 0.832383
50.400000 0.066140 0.907468 0.197682 0.350428 1.003131 0.645852 0.294820 0.834912
50.600000 0.066138 0.907932 0.197576 0.350928 1.005411 0.645779 0.295180 0.837638
50.800000 0.066190 0.908733 0.197754 0.312600 1.007924 0.646116 0.295435 0.840071
51.000000 0.066193 0.909277 0.197619 0.352176 1.010229 0.646203 0.295738 0.842260
51.200000 0.066106 0.909908 0.198012 0.352732 1.012694 0.646189 0.296112 0.844401
51.400000 0.066185 0.910391 0.197803 0.353365 1.014688 0.646130 0.296353 0.846567
51.600000 0.066178 0.910921 0.197958 0.354083 1.016715 0.646109 0.296583 0.848835
51.800000 0.066163 0.911276 0.197809 0.354590 1.018814 0.646119 0.297083 0.850676
52.000000 0.066220 0.911721 0.197987 0.354928 1.020965 0.646074 0.297175 0.852785
52.200000 0.066158 0.912241 0.197983 0.355610 1.022932 0.646150 0.297504 0.854585
52.400000 0.066193 0.912749 0.198132 0.356006 1.024584 0.646222 0.297775 0.856271
52.600000 0.066184 0.912933 0.198360 0.356521 1.026523 0.646077 0.298183 0.858244
52.800000 0.066149 0.913298 0.198087 0.357165 1.028440 0.646074 0.298279 0.859712
53.000000 0.066187 0.913751 0.198234 0.357673 1.029668 0.646289 0.298527 0.861384
53.200000 0.066183 0.913984 0.198321 0.358270 1.031524 0.646440 0.298845 0.863156
53.400000 0.066174 0.914451 0.198457 0.358682 1.033279 0.646500 0.299125 0.864745
53.600000 0.066332 0.914626 0.198498 0.359215 1.034980 0.646426 0.299510 0.866379
53.800000 0.066184 0.914797 0.198432 0.359649 1.036306 0.646495 0.299410 0.867767
54.000000 0.066182 0.915271 0.198696 0.360122 1.038180 0.646640 0.299854 0.869413
54.200000 0.066219 0.915070 0.198517 0.360638 1.039609 0.646641 0.299990 0.870669
54.400000 0.066201 0.915917 0.198683 0.361239 1.040976 0.646538 0.300408 0.872245
54.600000 0.066187 0.916002 0.198804 0.361785 1.042359 0.646697 0.300702 0.873525
54.800000 0.066341 0.916048 0.198747 0.362173 1.043989 0.646716 0.300763 0.874806
55.000000 0.066213 0.916495 0.198938 0.362656 1.045092 0.646679 0.301217 0.876025
55.200000 0.066090 0.916578 0.198824 0.363036 1.046549 0.646854 0.301437 0.877448
55.400000 0.066211 0.916804 0.199019 0.363683 1.047555 0.646844 0.301874 0.878500
55.600000 0.066221 0.916999 0.199106 0.363877 1.048969 0.647013 0.301854 0.879846
55.800000 0.066211 0.917597 0.199002 0.364518 1.050336 0.646851 0.302162 0.880966
56.000000 0.066348 0.917376 0.199089 0.364907 1.051456 0.646898 0.302547 0.881987
56.200000 0.066249 0.917778 0.199328 0.365502 1.052777 0.647225 0.302830 0.883433
56.400000 0.066159 0.918040 0.199164 0.366039 1.054224 0.647236 0.303078 0.884616
56.600000 0.066205 0.918330 0.199156 0.366474 1.055188 0.646722 0.303274 0.885827
56.800000 0.066193 0.918208 0.199308 0.366889 1.056329 0.647140 0.303584 0.886713
57.000000 0.066209 0.918392 0.199134 0.367127 1.057190 0.647237 0.303706 0.887684
57.200000 0.066109 0.918450 0.199229 0.367440 1.058163 0.647037 0.304021 0.888283
57.400000 0.066187 0.918622 0.199314 0.368042 1.059381 0.647399 0.304286 0.889197
57.600000 0.066168 0.918861 0.199515 0.368624 1.060047 0.647392 0.304578 0.890221
57.800000 0.066129 0.918666 0.199337 0.368871 1.061111 0.647362 0.304757 0.891180
58.000000 0.066167 0.918821 0.199584 0.369382 1.061840 0.647383 0.304989 0.891966
58.200000 0.066136 0.919135 0.199669 0.369645 1.063069 0.647405 0.305062 0.892742
58.400000 0.066183 0.919013 0.199708 0.370233 1.063823 0.647360 0.305542 0.893591
58.600000 0.066128 0.919278 0.199627 0.370490 1.064546 0.647428 0.305710 0.894172
58.800000 0.066167 0.919183 0.199625 0.371063 1.065318 0.647516 0.305912 0.895151
59.000000 0.066022 0.919294 0.199755 0.371417 1.065982 0.647661 0.306202 0.895837
59.200000 0.066164 0.919399 0.199780 0.371917 1.066861 0.647597 0.306351 0.896596
59.400000 0.066177 0.919060 0.199767 0.372289 1.067489 0.647700 0.306662 0.896945
59.600000 0.066169 0.919290 0.199875 0.372486 1.068142 0.647627 0.306705 0.897691
59.800000 0.066153 0.919393 0.199850 0.372871 1.069152 0.647875 0.307031 0.898337
60.000000 0.066166 0.919463 0.200027 0.373338 1.069696 0.647611 0.307230 0.898600
60.200000 0.066182 0.919273 0.199835 0.373543 1.070256 0.647873 0.307444 0.899651
60.400000 0.066195 0.919592 0.199978 0.374014 1.071058 0.647957 0.307875 0.900308
60.600000 0.066146 0.919442 0.200312 0.374442 1.071922 0.647853 0.307955 0.900835
60.800000 0.066201 0.919420 0.199991 0.374634 1.072104 0.647897 0.308029 0.901367
61.000000 0.066201 0.919375 0.200273 0.375109 1.072855 0.648170 0.308530 0.901884
61.200000 0.066158 0.919373 0.200102 0.375477 1.073442 0.647967 0.308543 0.902256
61.400000 0.066167 0.919423 0.200316 0.375776 1.074049 0.648022 0.308608 0.902858
61.600000 0.066096 0.919379 0.200202 0.375991 1.074548 0.648120 0.308877 0.903584
61.800000 0.066150 0.919250 0.200399 0.376551 1.075191 0.647924 0.309109 0.903700
62.000000 0.066142 0.919363 0.200379 0.376858 1.075645 0.648129 0.309311 0.904310
62.200000 0.066105 0.919158 0.200229 0.376961 1.076313 0.648151 0.309587 0.904830
62.400000 0.066211 0.919408 0.200493 0.377570 1.076753 0.648317 0.309827 0.905122
62.600000 0.065845 0.919337 0.200427 0.377812 1.077380 0.648207 0.310202 0.905854
62.800000 0.065986 0.919151 0.200393 0.378352 1.077771 0.648187 0.310360 0.906103
63.000000 0.066150 0.919434 0.200627 0.378764 1.078332 0.648350 0.310404 0.906431
63.200000 0.066218 0.919278 0.200512 0.378999 1.078780 0.648295 0.310664 0.906874
63.400000 0.066078 0.919473 0.200729 0.379289 1.079004 0.648464 0.310925 0.907180
63.600000 0.066141 0.919294 0.200726 0.379734 1.079370 0.648362 0.310981 0.907713
63.800000 0.066141 0.919332 0.200763 0.379869 1.079812 0.648402 0.311257 0.907679
64.000000 0.066128 0.919314 0.200687 0.380349 1.080205 0.648611 0.311581 0.908287
64.200000 0.066133 0.918987 0.200538 0.380361 1.080576 0.648648 0.311461 0.908388
64.400000 0.066159 0.919047 0.200703 0.380898 1.080847 0.648638 0.311772 0.908910
64.600000 0.066149 0.918957 0.200918 0.381173 1.081415 0.648626 0.311983 0.909243
64.800000 0.065957 0.918943 0.200776 0.381554 1.081497 0.648658 0.312041 0.909440
65.000000 0.066125 0.918775 0.200859 0.381835 1.081861 0.648737 0.312324 0.909622
65.200000 0.066131 0.918945 0.200892 0.382096 1.082456 0.648944 0.312499 0.910000
65.400000 0.066100 0.918796 0.201073 0.382316 1.082622 0.648874 0.312729 0.910130
65.600000 0.066123 0.918610 0.200963 0.382586 1.082951 0.648833 0.312833 0.910379
65.800000 0.065961 0.918686 0.201111 0.382997 1.083179 0.648724 0.313102 0.910565
66.000000 0.066130 0.918463 0.201086 0.383403 1.083390 0.648897 0.313244 0.910738
66.200000 0.066102 0.918173 0.201213 0.383474 1.083662 0.648820 0.313525 0.910810
66.400000 0.066127 0.918477 0.201258 0.383911 1.083919 0.648938 0.313446 0.910956
66.600000 0.066178 0.918267 0.200998 0.384041 1.084272 0.648833 0.313740 0.911162
66.800000 0.066103 0.918394 0.201228 0.384481 1.084352 0.649027 0.313942 0.911103
67.000000 0.066031 0.918006 0.201143 0.384586 1.084265 0.648959 0.313919 0.911533
67.200000 0.066034 0.918030 0.201238 0.384941 1.084773 0.649078 0.314245 0.911722
67.400000 0.066081 0.917988 0.201288 0.385257 1.085125 0.649166 0.314376 0.911872
67.600000 0.066093 0.917968 0.201407 0.385304 1.085191 0.649260 0.314375 0.911902
67.800000 0.066065 0.917860 0.201262 0.385643 1.085212 0.649245 0.314706 0.912230
68.000000 0.066087 0.917658 0.201276 0.385996 1.085462 0.649226 0.314919 0.912284
68.200000 0.066041 0.917806 0.201475 0.386211 1.085602 0.649352 0.315065 0.912033
68.400000 0.066206 0.917660 0.201713 0.386473 1.085736 0.649270 0.315323 0.912538
68.600000 0.065928 0.917269 0.201462 0.386698 1.086069 0.649163 0.315251 0.912708
68.800000 0.066029 0.917254 0.201533 0.387011 1.085969 0.649169 0.315702 0.912745
69.000000 0.066025 0.917192 0.201660 0.387407 1.086216 0.649314 0.315685 0.912839
69.200000 0.066118 0.916994 0.201692 0.387443 1.086439 0.649449 0.315964 0.912963
69.400000 0.065920 0.917117 0.201648 0.387872 1.086544 0.649400 0.315890 0.913032
69.600000 0.066063 0.916622 0.201660 0.388011 1.086760 0.649499 0.316116 0.913016
69.800000 0.066043 0.916597 0.201653 0.388283 1.086801 0.649426 0.316309 0.913047
70.000000 0.065947 0.916519 0.201774 0.388356 1.086871 0.649448 0.316399 0.913160
70.200000 0.065880 0.916098 0.201479 0.388363 1.086553 0.649363 0.316178 0.912866
70.400000 0.065842 0.915841 0.201575 0.388820 1.086823 0.649154 0.316526 0.912821
70.600000 0.066042 0.916173 0.201765 0.389316 1.087124 0.649562 0.317019 0.913255
70.800000 0.066060 0.915880 0.201807 0.389508 1.087319 0.649598 0.316953 0.913184
71.000000 0.066031 0.915873 0.201783 0.389719 1.087194 0.649572 0.317364 0.913239
71.200000 0.065995 0.915815 0.201943 0.389872 1.087496 0.649529 0.317114 0.913381
71.400000 0.066016 0.915775 0.201889 0.390297 1.087386 0.649807 0.317422 0.913322
71.600000 0.066037 0.915667 0.201938 0.390440 1.087614 0.649852 0.317647 0.913617
71.800000 0.066007 0.915407 0.201911 0.390746 1.087670 0.649610 0.317798 0.913336
72.000000 0.066044 0.915342 0.202144 0.390862 1.087728 0.649726 0.317955 0.913504
72.200000 0.066028 0.915477 0.202052 0.391158 1.087657 0.650009 0.318114 0.913421
72.400000 0.066031 0.915164 0.202095 0.391331 1.087848 0.650166 0.318179 0.913624
72.600000 0.065983 0.915217 0.202066 0.391429 1.087818 0.650020 0.318308 0.913485
72.800000 0.066090 0.915085 0.202447 0.391872 1.088039 0.650150 0.318461 0.913668
73.000000 0.066112 0.914915 0.202308 0.392102 1.087957 0.650103 0.318489 0.913605
73.200000 0.066116 0.915048 0.202377 0.392301 1.088228 0.650129 0.318693 0.913663
73.400000 0.066088 0.914537 0.202248 0.392436 1.087837 0.650150 0.318993 0.913559
73.600000 0.066140 0.914538 0.202191 0.392639 1.088129 0.650073 0.318943 0.913652
73.800000 0.066116 0.914405 0.202413 0.392955 1.088338 0.650157 0.318965 0.913595
74.000000 0.066136 0.914443 0.202707 0.393101 1.088209 0.650274 0.319489 0.913545
74.200000 0.066101 0.914355 0.202453 0.393225 1.088514 0.650455 0.319461 0.913526
74.400000 0.066021 0.914323 0.202631 0.393608 1.088382 0.650259 0.319525 0.913575
74.600000 0.066161 0.914347 0.202471 0.393818 1.088437 0.650380 0.319576 0.913586
74.800000 0.066147 0.914273 0.202419 0.393735 1.088470 0.650381 0.319682 0.913609
75.000000 0.066037 0.913866 0.202523 0.394002 1.088480 0.650344 0.319848 0.913649
75.200000 0.066125 0.913960 0.202586 0.394404 1.088539 0.650458 0.320060 0.913563
75.400000 0.066107 0.913922 0.202763 0.394534 1.088708 0.650432 0.320227 0.913576
75.600000 0.066111 0.913617 0.202738 0.394627 1.088730 0.650455 0.320359 0.913561
75.800000 0.066147 0.913938 0.202684 0.394892 1.088795 0.650628 0.320358 0.913612
76.000000 0.066108 0.913574 0.202747 0.394939 1.088852 0.650562 0.320611 0.913510
76.200000 0.066040 0.913532 0.202523 0.395213 1.088754 0.650569 0.320665 0.913541
76.400000 0.065984 0.913649 0.202518 0.395342 1.088718 0.650622 0.320662 0.913415
76.600000 0.065987 0.913247 0.202497 0.395649 1.088363 0.650560 0.320588 0.913514
76.800000 0.066034 0.913435 0.202684 0.395707 1.088708 0.650509 0.320775 0.913448
77.000000 0.066024 0.913369 0.202768 0.395907 1.088752 0.650668 0.321017 0.913432
77.200000 0.066040 0.913155 0.202666 0.396087 1.088417 0.650767 0.321164 0.913276
77.400000 0.066034 0.913446 0.202810 0.396177 1.088859 0.650702 0.321244 0.913413
77.600000 0.065991 0.913293 0.202652 0.396532 1.088650 0.650650 0.321258 0.913302
77.800000 0.066032 0.913186 0.202692 0.396676 1.088730 0.650902 0.321469 0.913360
78.000000 0.065990 0.912966 0.202898 0.396999 1.088760 0.650703 0.321485 0.913375
78.200000 0.066057 0.913226 0.202832 0.396943 1.088755 0.650882 0.321507 0.913361
78.400000 0.066103 0.913019 0.202907 0.397112 1.088795 0.650502 0.321779 0.913537
78.600000 0.066087 0.913009 0.202987 0.397553 1.088808 0.651004 0.321966 0.913268
78.800000 0.066128 0.912827 0.203095 0.397559 1.088910 0.650996 0.322030 0.913461
79.000000 0.066120 0.913127 0.203084 0.397682 1.088877 0.651010 0.322177 0.913367
79.200000 0.066208 0.912716 0.203158 0.398040 1.088879 0.650973 0.322238 0.913250
79.400000 0.066138 0.913016 0.203165 0.398107 1.088913 0.650942 0.322364 0.913285
79.600000 0.066113 0.912756 0.203126 0.398277 1.088911 0.651022 0.322534 0.913105
79.800000 0.066051 0.912501 0.203069 0.398496 1.088836 0.650988 0.322502 0.913062
80.000000 0.066177 0.912769 0.203183 0.398410 1.088836 0.651099 0.322681 0.913195
80.200000 0.066167 0.912663 0.203224 0.398935 1.088969 0.651311 0.322792 0.913064
80.400000 0.066103 0.912392 0.203260 0.399125 1.088748 0.651096 0.322844 0.913012
80.600000 0.066096 0.912427 0.203224 0.399219 1.088764 0.651298 0.322848 0.913103
80.800000 0.066113 0.912467 0.203213 0.399593 1.088764 0.651297 0.323012 0.912871
81.000000 0.066108 0.912366 0.203177 0.399445 1.088702 0.651338 0.323134 0.912777
81.200000 0.066178 0.912295 0.203312 0.399519 1.088866 0.651186 0.323032 0.912799
81.400000 0.066112 0.912286 0.203181 0.399829 1.088861 0.651348 0.323222 0.912925
81.600000 0.066084 0.912060 0.203278 0.399793 1.088812 0.651350 0.323238 0.912747
81.800000 0.066087 0.912083 0.203248 0.400018 1.088588 0.651279 0.323364 0.912707
82.000000 0.065956 0.911962 0.203270 0.400224 1.088430 0.651513 0.323432 0.912725
82.200000 0.066108 0.911874 0.203338 0.400318 1.088614 0.651358 0.323589 0.912696
82.400000 0.065932 0.911806 0.203490 0.400507 1.088595 0.651537 0.323643 0.912598
82.600000 0.066068 0.911813 0.203409 0.400577 1.088739 0.651672 0.323390 0.912483
82.800000 0.066201 0.911784 0.203421 0.400551 1.088684 0.651529 0.323820 0.912538
83.000000 0.066118 0.911439 0.203435 0.400946 1.088444 0.651605 0.323871 0.912411
83.200000 0.066054 0.911566 0.203266 0.401096 1.088507 0.651488 0.323938 0.912191
83.400000 0.065944 0.911517 0.203477 0.400860 1.088437 0.651615 0.324081 0.912377
83.600000 0.066071 0.911586 0.203546 0.401456 1.088370 0.651669 0.323962 0.912267
83.800000 0.065948 0.911554 0.203637 0.401534 1.088532 0.651581 0.324214 0.912235
84.000000 0.066174 0.911415 0.203576 0.401535 1.088309 0.651691 0.324106 0.912274
84.200000 0.065943 0.911297 0.203632 0.401629 1.088613 0.651786 0.324360 0.912160
84.400000 0.066118 0.911111 0.203537 0.401911 1.088361 0.651819 0.324305 0.912020
84.600000 0.066103 0.911200 0.203425 0.401955 1.088431 0.651795 0.324539 0.912037
84.800000 0.066082 0.911053 0.203680 0.402150 1.088527 0.651620 0.324507 0.911704
85.000000 0.066012 0.910893 0.203663 0.402205 1.088209 0.651587 0.324672 0.911848
85.200000 0.065985 0.910838 0.203593 0.402352 1.088159 0.651593 0.324648 0.911814
85.400000 0.066035 0.910799 0.203592 0.402436 1.088170 0.651707 0.324668 0.911571
85.600000 0.065884 0.910985 0.203698 0.402376 1.088034 0.651588 0.324555 0.911585
85.800000 0.066048 0.910934 0.203649 0.402738 1.088210 0.651836 0.324648 0.911434
86.000000 0.066034 0.910843 0.203649 0.402831 1.087998 0.651719 0.324867 0.911578
86.200000 0.065991 0.910886 0.203597 0.402935 1.088063 0.651577 0.324885 0.911542
86.400000 0.066042 0.910731 0.203564 0.403127 1.088044 0.651785 0.324984 0.911536
86.600000 0.065931 0.910627 0.203816 0.402876 1.087810 0.651820 0.324988 0.911304
86.800000 0.066020 0.910561 0.203558 0.403404 1.088143 0.651862 0.325043 0.911482
87.000000 0.066040 0.910495 0.203592 0.403495 1.087954 0.651973 0.325079 0.911255
87.200000 0.065987 0.910544 0.203730 0.403541 1.088005 0.651990 0.325195 0.911388
87.400000 0.066035 0.910573 0.203710 0.403729 1.087999 0.651860 0.325252 0.911368
87.600000 0.066057 0.910584 0.203780 0.403774 1.088163 0.651875 0.325426 0.911394
87.800000 0.066040 0.910633 0.203832 0.404030 1.087840 0.652099 0.325172 0.911405
88.000000 0.066021 0.910532 0.203735 0.404141 1.088014 0.651867 0.325614 0.911247
88.200000 0.066025 0.910384 0.203792 0.404221 1.087878 0.652054 0.325592 0.911202
88.400000 0.066056 0.910441 0.203834 0.404308 1.087778 0.652006 0.325664 0.911199
88.600000 0.066038 0.910521 0.203990 0.404542 1.087843 0.652052 0.325720 0.911117
88.800000 0.066047 0.910389 0.203838 0.404616 1.088047 0.652077 0.325923 0.911057
89.000000 0.066041 0.910339 0.203717 0.404713 1.087954 0.652086 0.325832 0.911127
89.200000 0.066040 0.910496 0.204085 0.404810 1.087920 0.652017 0.325877 0.910928
89.400000 0.065978 0.910373 0.203993 0.404974 1.087788 0.652273 0.325927 0.911052
89.600000 0.065968 0.910359 0.203829 0.405104 1.087820 0.652216 0.326019 0.911070
89.800000 0.066042 0.910387 0.203957 0.405246 1.087927 0.652171 0.325989 0.910887
90.000000 0.065923 0.910146 0.203722 0.405184 1.087705 0.652308 0.326064 0.910670
