0.200000 0.181016 0.364289 0.117553 0.134549 0.385470 0.549877 0.156708 0.313155
0.400000 0.180990 0.363061 0.117283 0.133978 0.382728 0.549393 0.156238 0.311141
0.600000 0.180928 0.362676 0.117282 0.133995 0.381473 0.549343 0.155913 0.310428
0.800000 0.180871 0.362179 0.117244 0.133786 0.380282 0.549369 0.155581 0.309380
1.000000 0.180845 0.361760 0.117235 0.133724 0.379093 0.549287 0.155384 0.308582
1.200000 0.180775 0.361137 0.117127 0.133640 0.377693 0.549278 0.155084 0.307745
1.400000 0.180709 0.360836 0.117126 0.133511 0.376585 0.548912 0.154962 0.306712
1.600000 0.180708 0.360471 0.116906 0.133417 0.375214 0.548923 0.154423 0.305787
1.800000 0.180689 0.359815 0.117149 0.133342 0.374180 0.548738 0.154338 0.304998
2.000000 0.180607 0.359416 0.116987 0.133159 0.372787 0.548596 0.154073 0.304102
2.200000 0.180554 0.358924 0.116991 0.133057 0.371764 0.548806 0.153753 0.303227
2.400000 0.180371 0.358594 0.117030 0.132969 0.370397 0.548404 0.153556 0.302306
2.600000 0.180471 0.357967 0.116889 0.132855 0.369212 0.548222 0.153289 0.301445
2.800000 0.180392 0.357543 0.116852 0.132785 0.367750 0.548213 0.153095 0.300552
3.000000 0.180361 0.357335 0.116817 0.132681 0.366854 0.547948 0.152763 0.299658
3.200000 0.180360 0.356649 0.116789 0.132564 0.365788 0.547806 0.152670 0.298891
3.400000 0.180239 0.356284 0.116608 0.132414 0.364593 0.547942 0.152391 0.297870
3.600000 0.180279 0.356107 0.116688 0.132215 0.363347 0.547707 0.152178 0.297192
3.800000 0.180209 0.355501 0.116582 0.132272 0.362309 0.547612 0.151930 0.296307
4.000000 0.180354 0.354999 0.116577 0.131989 0.361220 0.547454 0.151801 0.295432
4.200000 0.180134 0.354570 0.116721 0.132064 0.359964 0.547196 0.151473 0.294669
4.400000 0.180058 0.354024 0.116683 0.131930 0.358868 0.547275 0.151169 0.293757
4.600000 0.179904 0.353559 0.116460 0.131772 0.357788 0.547312 0.150841 0.293147
4.800000 0.179996 0.353339 0.116481 0.131803 0.356681 0.547085 0.150725 0.292395
5.000000 0.180005 0.352931 0.116430 0.131561 0.355389 0.546892 0.150536 0.291690
5.200000 0.180002 0.352144 0.116383 0.131652 0.354447 0.546852 0.150309 0.290732
5.400000 0.179757 0.352043 0.116494 0.131466 0.353425 0.546597 0.150068 0.289896
5.600000 0.179873 0.351864 0.116378 0.131344 0.352244 0.546589 0.149944 0.289208
5.800000 0.179853 0.351375 0.116382 0.131152 0.351356 0.546514 0.149545 0.288398
6.000000 0.179772 0.350869 0.116177 0.131084 0.350332 0.546390 0.149387 0.287725
6.200000 0.179800 0.350548 0.116217 0.130941 0.349243 0.546115 0.149217 0.286837
6.400000 0.179746 0.349939 0.116308 0.130801 0.348048 0.546044 0.148881 0.285839
6.600000 0.179668 0.349471 0.116216 0.130870 0.346893 0.545809 0.148749 0.285220
6.800000 0.179601 0.349203 0.116169 0.130894 0.345624 0.545688 0.148454 0.284517
7.000000 0.179589 0.348690 0.116073 0.130656 0.344762 0.545754 0.148172 0.283693
7.200000 0.179629 0.348504 0.116216 0.130534 0.343748 0.545648 0.148047 0.283126
7.400000 0.179470 0.347905 0.116024 0.130347 0.342917 0.545349 0.147743 0.282258
7.600000 0.179304 0.347884 0.116181 0.130448 0.341877 0.545336 0.147616 0.281619
7.800000 0.179433 0.347181 0.115975 0.130250 0.340748 0.545256 0.147336 0.281056
8.000000 0.179375 0.346856 0.115847 0.130167 0.339829 0.545265 0.147176 0.280251
8.200000 0.179370 0.346617 0.115867 0.130048 0.338773 0.544986 0.146824 0.279611
8.400000 0.179306 0.346196 0.115815 0.130110 0.337856 0.544849 0.146766 0.278886
8.600000 0.179290 0.345864 0.115839 0.129919 0.336951 0.544642 0.146635 0.278130
8.800000 0.179276 0.345504 0.115934 0.129935 0.336195 0.544680 0.146366 0.277461
9.000000 0.179256 0.345276 0.115746 0.129597 0.335140 0.544571 0.146316 0.276850
9.200000 0.179160 0.344724 0.115668 0.129651 0.334379 0.544390 0.145965 0.276045
9.400000 0.179168 0.344686 0.115798 0.129477 0.333530 0.544291 0.145801 0.275479
9.600000 0.178986 0.344079 0.115803 0.129454 0.332606 0.544143 0.145586 0.274928
9.800000 0.179111 0.343826 0.115668 0.129329 0.331659 0.544012 0.145386 0.274342
10.000000 0.179067 0.343340 0.115731 0.129285 0.330725 0.543846 0.145244 0.273714
10.200000 0.179027 0.343068 0.115556 0.129206 0.329827 0.543814 0.145015 0.272970
10.400000 0.178861 0.342853 0.115752 0.129219 0.329005 0.543723 0.144870 0.272316
10.600000 0.178984 0.342498 0.115540 0.128939 0.328090 0.543666 0.144621 0.271691
10.800000 0.178918 0.342197 0.115585 0.128820 0.327282 0.543430 0.144490 0.271128
11.000000 0.178891 0.341798 0.115363 0.128953 0.326133 0.543343 0.144303 0.270501
11.200000 0.178844 0.341515 0.115635 0.128864 0.325676 0.543287 0.144119 0.269893
11.400000 0.178701 0.341049 0.115470 0.128926 0.324752 0.543196 0.143915 0.269264
11.600000 0.178707 0.340790 0.115356 0.128552 0.323849 0.542626 0.143839 0.268601
11.800000 0.178782 0.340504 0.115420 0.128668 0.323046 0.542703 0.143716 0.268245
12.000000 0.178788 0.340358 0.115404 0.128753 0.322428 0.542703 0.143565 0.267398
12.200000 0.178750 0.339843 0.115389 0.128512 0.321612 0.542484 0.143061 0.266949
12.400000 0.178714 0.339567 0.115426 0.128451 0.320647 0.542589 0.143030 0.266386
12.600000 0.178630 0.339500 0.115447 0.128242 0.319887 0.542202 0.142813 0.265674
12.800000 0.178620 0.338939 0.115207 0.128239 0.319161 0.542296 0.142764 0.265272
13.000000 0.178557 0.338650 0.115246 0.128115 0.318330 0.542128 0.142506 0.264437
13.200000 0.178605 0.338535 0.115256 0.127962 0.317591 0.542049 0.142339 0.263979
13.400000 0.178658 0.338119 0.115278 0.128086 0.317165 0.541917 0.142263 0.263667
13.600000 0.178392 0.337935 0.115200 0.127970 0.316417 0.541780 0.142079 0.262962
13.800000 0.178509 0.337777 0.115100 0.127892 0.315623 0.541710 0.142034 0.262755
14.000000 0.178482 0.337247 0.115088 0.127852 0.314701 0.541520 0.141766 0.262078
14.200000 0.178411 0.337137 0.115200 0.127825 0.314330 0.541407 0.141627 0.261577
14.400000 0.178249 0.336657 0.115122 0.127613 0.313416 0.541213 0.141526 0.261154
14.600000 0.178264 0.336577 0.115090 0.127696 0.312767 0.541266 0.141495 0.260654
14.800000 0.178348 0.336426 0.115197 0.127655 0.312341 0.540965 0.141184 0.260161
15.000000 0.178310 0.336020 0.115100 0.127504 0.311455 0.541052 0.141023 0.259665
15.200000 0.178317 0.335817 0.115117 0.127344 0.310817 0.540893 0.140954 0.259197
15.400000 0.178310 0.335494 0.114980 0.127333 0.310228 0.540804 0.140681 0.258702
15.600000 0.178231 0.335360 0.115247 0.127389 0.309449 0.540603 0.140574 0.258160
15.800000 0.178252 0.334982 0.115058 0.127317 0.308852 0.540460 0.140454 0.257636
16.000000 0.178079 0.334675 0.115038 0.127276 0.308349 0.540390 0.140476 0.257394
16.200000 0.178177 0.334551 0.114985 0.127005 0.307571 0.540307 0.140185 0.256532
16.400000 0.178188 0.334253 0.114952 0.127055 0.306867 0.540226 0.139923 0.256236
16.600000 0.178153 0.333892 0.114901 0.127096 0.306335 0.540049 0.139936 0.255752
16.800000 0.177972 0.333624 0.115044 0.127051 0.305628 0.540099 0.139800 0.255324
17.000000 0.177972 0.333547 0.114854 0.126954 0.305006 0.540002 0.139893 0.254824
17.200000 0.177918 0.333390 0.114830 0.126837 0.304341 0.539571 0.139601 0.254447
17.400000 0.177918 0.332989 0.114965 0.126838 0.303739 0.539618 0.139408 0.253990
17.600000 0.178003 0.332740 0.114797 0.126738 0.303079 0.539557 0.139385 0.253507
17.800000 0.177991 0.332651 0.114723 0.126570 0.302449 0.539506 0.139044 0.252998
18.000000 0.177973 0.332278 0.114653 0.126738 0.301762 0.539310 0.139127 0.252662
18.200000 0.177950 0.332097 0.114881 0.126598 0.301309 0.539104 0.138816 0.252120
18.400000 0.177806 0.332024 0.114800 0.126591 0.300887 0.539128 0.138805 0.251893
18.600000 0.177766 0.331692 0.114715 0.126646 0.300267 0.539007 0.138615 0.251375
18.800000 0.178039 0.331298 0.114665 0.126455 0.299560 0.539001 0.138469 0.250981
19.000000 0.177825 0.330985 0.114610 0.126356 0.298718 0.538732 0.138391 0.250413
19.200000 0.177838 0.330886 0.114600 0.126328 0.298173 0.538581 0.138395 0.250025
19.400000 0.177781 0.330619 0.114702 0.126287 0.297430 0.538410 0.138093 0.249538
19.600000 0.177622 0.330433 0.114515 0.126293 0.296970 0.538213 0.137926 0.249147
19.800000 0.177681 0.330100 0.114589 0.126163 0.296499 0.538161 0.137668 0.248602
20.000000 0.177720 0.329962 0.114717 0.126151 0.295988 0.538309 0.137703 0.248360
20.200000 0.177704 0.329474 0.114518 0.126073 0.295312 0.538096 0.137590 0.247952
20.400000 0.177668 0.329294 0.114586 0.125949 0.294710 0.537984 0.137541 0.247374
20.600000 0.177611 0.329165 0.114480 0.125997 0.294259 0.537795 0.137419 0.246943
20.800000 0.177635 0.328960 0.114527 0.125780 0.293639 0.537583 0.137280 0.246708
21.000000 0.177581 0.328680 0.114486 0.125834 0.293081 0.537435 0.137211 0.246192
21.200000 0.177566 0.328558 0.114507 0.125591 0.292640 0.537633 0.137116 0.246007
21.400000 0.177554 0.328499 0.114515 0.125720 0.291985 0.537497 0.136924 0.245503
21.600000 0.177514 0.328106 0.114425 0.125715 0.291468 0.537360 0.136810 0.245330
21.800000 0.177530 0.328027 0.114385 0.125535 0.290985 0.537146 0.136867 0.244750
22.000000 0.177490 0.327709 0.114425 0.125577 0.290353 0.537105 0.136667 0.244402
22.200000 0.177352 0.327488 0.114295 0.125513 0.289867 0.537007 0.136488 0.244100
22.400000 0.177315 0.327207 0.114397 0.125542 0.289382 0.536811 0.136275 0.243600
22.600000 0.177406 0.327080 0.114431 0.125442 0.288909 0.536738 0.136113 0.243220
22.800000 0.177395 0.326867 0.114319 0.125420 0.288335 0.536718 0.136194 0.242840
23.000000 0.177387 0.326747 0.114394 0.125316 0.287634 0.536641 0.135974 0.242394
23.200000 0.177379 0.326662 0.114437 0.125195 0.287243 0.536261 0.135897 0.242012
23.400000 0.177375 0.326359 0.114352 0.125140 0.286741 0.536313 0.135830 0.241580
23.600000 0.177171 0.326175 0.114261 0.125176 0.286155 0.536087 0.135744 0.241364
23.800000 0.177164 0.325896 0.114129 0.125273 0.285735 0.536178 0.135615 0.240960
24.000000 0.177270 0.325741 0.114145 0.125022 0.285187 0.535932 0.135576 0.240622
24.200000 0.177223 0.325485 0.114227 0.125039 0.284873 0.535750 0.135256 0.240228
24.400000 0.177196 0.325255 0.114083 0.124968 0.284245 0.535841 0.135267 0.240016
24.600000 0.177256 0.325211 0.114245 0.125041 0.283548 0.535711 0.135233 0.239525
24.800000 0.177193 0.324944 0.114245 0.124841 0.283265 0.535712 0.135124 0.239158
25.000000 0.177029 0.324702 0.114284 0.124952 0.282843 0.535366 0.135167 0.238859
25.200000 0.177210 0.324442 0.114180 0.124918 0.282335 0.535298 0.134941 0.238364
25.400000 0.177120 0.324160 0.114138 0.124738 0.281661 0.535171 0.134830 0.238011
25.600000 0.177106 0.324020 0.114135 0.124664 0.280963 0.535231 0.134707 0.237731
25.800000 0.177088 0.323840 0.114075 0.124632 0.280637 0.534979 0.134585 0.237310
26.000000 0.177022 0.323511 0.114285 0.124596 0.280282 0.534902 0.134471 0.236855
26.200000 0.176855 0.323368 0.114139 0.124571 0.279729 0.534750 0.134429 0.236656
26.400000 0.177131 0.323384 0.114088 0.124524 0.279333 0.534536 0.134183 0.236281
26.600000 0.176980 0.323116 0.114042 0.124466 0.278781 0.534570 0.134331 0.235774
26.800000 0.176852 0.322897 0.114132 0.124360 0.278427 0.534448 0.134113 0.235456
27.000000 0.176950 0.322608 0.113842 0.124283 0.277897 0.534242 0.134079 0.235326
27.200000 0.176912 0.322498 0.113845 0.124320 0.277481 0.534253 0.133916 0.234890
27.400000 0.176911 0.322666 0.113866 0.124244 0.277019 0.534139 0.133879 0.234590
27.600000 0.176904 0.322204 0.113799 0.124210 0.276656 0.534056 0.133520 0.234371
27.800000 0.176841 0.321963 0.113919 0.124338 0.276079 0.533764 0.133545 0.233946
28.000000 0.176843 0.321766 0.114132 0.124351 0.275646 0.533647 0.133534 0.233495
28.200000 0.176844 0.321590 0.113933 0.124069 0.275365 0.533680 0.133629 0.233327
28.400000 0.176800 0.321490 0.113823 0.124086 0.274806 0.533533 0.133389 0.233024
28.600000 0.176443 0.321057 0.113923 0.124183 0.274161 0.533590 0.133505 0.232692
28.800000 0.176788 0.321099 0.113844 0.123990 0.273896 0.533373 0.133224 0.232265
29.000000 0.176730 0.320864 0.113862 0.124027 0.273554 0.533220 0.133293 0.232064
29.200000 0.176736 0.320651 0.113851 0.123889 0.273061 0.533063 0.133114 0.231656
29.400000 0.176725 0.320702 0.113961 0.123956 0.272729 0.533037 0.133011 0.231350
29.600000 0.176727 0.320430 0.113922 0.123830 0.272233 0.532975 0.132809 0.231099
29.800000 0.176675 0.320236 0.113899 0.123785 0.271833 0.532725 0.132832 0.230779
30.000000 0.176636 0.319971 0.113822 0.123706 0.271415 0.532661 0.132871 0.230526
30.200000 0.176651 0.319921 0.113755 0.123894 0.271078 0.532747 0.132849 0.230083
30.400000 0.176647 0.319706 0.113691 0.123693 0.270816 0.532417 0.132614 0.229767
30.600000 0.176978 0.319603 0.113736 0.123684 0.270141 0.532302 0.132521 0.229587
30.800000 0.178812 0.319243 0.113760 0.123557 0.269715 0.532252 0.132433 0.229290
31.000000 0.182125 0.319139 0.113773 0.123463 0.269359 0.532150 0.132383 0.228962
31.200000 0.186770 0.319022 0.113886 0.123615 0.269163 0.532055 0.132409 0.228818
31.400000 0.195349 0.318790 0.113731 0.123529 0.268707 0.531976 0.132328 0.228657
31.600000 0.204518 0.318717 0.113781 0.123342 0.269004 0.531839 0.132362 0.228621
31.800000 0.215037 0.318633 0.113792 0.123559 0.269029 0.531893 0.132456 0.228806
32.000000 0.226512 0.318641 0.113691 0.123589 0.269532 0.531750 0.132652 0.229152
32.200000 0.237935 0.318638 0.113880 0.123893 0.270391 0.531678 0.132729 0.229707
32.400000 0.249247 0.319098 0.113972 0.124138 0.271667 0.531636 0.133231 0.230680
32.600000 0.259916 0.319555 0.114108 0.124433 0.273364 0.531765 0.133567 0.231761
32.800000 0.269772 0.320156 0.114254 0.125266 0.275543 0.531493 0.134079 0.233011
33.000000 0.278747 0.321339 0.114557 0.125358 0.278062 0.531498 0.134442 0.234749
33.200000 0.286587 0.322539 0.114746 0.125891 0.280812 0.531553 0.135337 0.236743
33.400000 0.294001 0.324382 0.114981 0.126792 0.284174 0.531532 0.135830 0.239044
33.600000 0.300343 0.326694 0.115329 0.127509 0.287805 0.531650 0.136606 0.241640
33.800000 0.305831 0.328756 0.115804 0.128201 0.291714 0.531495 0.137251 0.244200
34.000000 0.310528 0.331427 0.116305 0.129430 0.295752 0.531733 0.138019 0.247307
34.200000 0.314922 0.334771 0.116884 0.130420 0.300596 0.531530 0.138805 0.250487
34.400000 0.318430 0.338332 0.117545 0.131636 0.305170 0.531527 0.139593 0.254047
34.600000 0.321779 0.342229 0.118255 0.132783 0.310350 0.531863 0.140430 0.257568
34.800000 0.324245 0.346823 0.118894 0.134035 0.315474 0.531838 0.141374 0.261474
35.000000 0.326760 0.351173 0.119528 0.135329 0.320795 0.532008 0.142238 0.265152
35.200000 0.328726 0.356262 0.120384 0.136457 0.326389 0.531812 0.143181 0.269500
35.400000 0.330230 0.361052 0.120823 0.137739 0.332118 0.532016 0.144033 0.273650
35.600000 0.331597 0.366648 0.121749 0.139043 0.337516 0.532067 0.145072 0.277829
35.800000 0.332760 0.371969 0.122091 0.140504 0.343154 0.532105 0.145789 0.282215
36.000000 0.334010 0.377553 0.122893 0.141759 0.348830 0.532169 0.146711 0.286320
36.200000 0.334635 0.383430 0.123447 0.143033 0.354736 0.532239 0.147614 0.290915
36.400000 0.335248 0.389129 0.124140 0.144123 0.360498 0.532140 0.148601 0.295267
36.600000 0.335897 0.395559 0.124665 0.145687 0.366727 0.532499 0.149458 0.300125
36.800000 0.336266 0.401871 0.125465 0.147004 0.372513 0.532529 0.150190 0.304818
37.000000 0.336676 0.408198 0.126142 0.148203 0.378618 0.532441 0.151340 0.309587
37.200000 0.337055 0.414919 0.126910 0.149451 0.384879 0.532551 0.152300 0.314446
37.400000 0.337113 0.421845 0.127503 0.151048 0.391564 0.532896 0.153295 0.320120
37.600000 0.337220 0.431405 0.128301 0.152829 0.400024 0.532966 0.154493 0.326476
37.800000 0.337462 0.438305 0.128898 0.154107 0.406207 0.532760 0.155338 0.331548
38.000000 0.337499 0.445288 0.129319 0.155252 0.412514 0.533128 0.195237 0.336517
38.200000 0.337237 0.452368 0.129921 0.156820 0.418819 0.533123 0.157307 0.341573
38.400000 0.337452 0.459443 0.130759 0.157879 0.425102 0.533072 0.158128 0.346375
38.600000 0.337430 0.466470 0.131332 0.158999 0.431474 0.533363 0.159087 0.312552
38.800000 0.337427 0.473480 0.131710 0.160270 0.437536 0.533392 0.160045 0.356594
39.000000 0.337307 0.480614 0.132310 0.161458 0.444017 0.533334 0.160871 0.361630
39.200000 0.337186 0.487794 0.132771 0.162637 0.450306 0.533581 0.161788 0.366632
39.400000 0.336947 0.494785 0.133220 0.163905 0.456779 0.533732 0.162547 0.371637
39.600000 0.336786 0.501844 0.133902 0.165028 0.462887 0.533706 0.163471 0.376729
39.800000 0.336752 0.508744 0.134338 0.166073 0.469269 0.533674 0.164451 0.381549
40.000000 0.336581 0.515902 0.135323 0.167331 0.475521 0.533973 0.165105 0.386955
40.200000 0.336487 0.523039 0.135403 0.168271 0.482124 0.534006 0.166233 0.391967
40.400000 0.336186 0.529935 0.135820 0.169492 0.488491 0.533955 0.167120 0.396953
40.600000 0.336122 0.536506 0.136352 0.170441 0.494928 0.534348 0.168056 0.401927
40.800000 0.335730 0.543575 0.136712 0.171965 0.501356 0.534390 0.168966 0.407062
41.000000 0.335739 0.550370 0.137320 0.172627 0.507544 0.534497 0.169790 0.411981
41.200000 0.335729 0.556842 0.137723 0.173814 0.514211 0.534399 0.170686 0.417005
41.400000 0.335661 0.563624 0.138159 0.174804 0.520904 0.534681 0.171582 0.422015
41.600000 0.335238 0.570006 0.138648 0.175920 0.527004 0.534756 0.172373 0.426991
41.800000 0.335106 0.576240 0.139120 0.176781 0.533124 0.534946 0.173261 0.431997
42.000000 0.335030 0.582308 0.139329 0.177899 0.539449 0.534880 0.174071 0.436849
42.200000 0.334880 0.588596 0.139849 0.178822 0.545628 0.535052 0.174968 0.441595
42.400000 0.334699 0.594362 0.140314 0.179603 0.551895 0.535039 0.175692 0.446428
42.600000 0.334349 0.600246 0.140759 0.180359 0.558162 0.535318 0.176416 0.451399
42.800000 0.334274 0.605854 0.140973 0.181482 0.564401 0.535393 0.177326 0.456235
43.000000 0.334122 0.611246 0.141361 0.182309 0.570297 0.535532 0.178115 0.460923
43.200000 0.333918 0.616502 0.141830 0.183254 0.576192 0.535555 0.178773 0.465688
43.400000 0.333667 0.621936 0.142068 0.184070 0.582346 0.535746 0.179665 0.470185
43.600000 0.333447 0.627128 0.142398 0.184689 0.588479 0.535990 0.180457 0.474859
43.800000 0.333372 0.632055 0.142757 0.185716 0.594528 0.536060 0.181336 0.480194
44.000000 0.332996 0.638824 0.143234 0.186808 0.602297 0.536056 0.182278 0.485888
44.200000 0.332649 0.643363 0.143551 0.187666 0.608189 0.536255 0.182974 0.490483
44.400000 0.332598 0.647788 0.143770 0.188203 0.613779 0.536314 0.183713 0.494696
44.600000 0.332435 0.652121 0.144249 0.189073 0.619373 0.536447 0.184438 0.499274
44.800000 0.332235 0.656403 0.144494 0.189785 0.585989 0.536572 0.185226 0.503596
45.000000 0.331894 0.660345 0.144728 0.190480 0.630589 0.536559 0.185843 0.507862
45.200000 0.331759 0.664263 0.144985 0.191258 0.635973 0.536836 0.186570 0.512112
45.400000 0.331591 0.667949 0.145172 0.191929 0.641124 0.536812 0.187255 0.516285
45.600000 0.331447 0.671474 0.145515 0.192723 0.646466 0.537075 0.187846 0.520439
45.800000 0.331417 0.674939 0.145794 0.193157 0.651635 0.536987 0.188517 0.524575
46.000000 0.331165 0.678354 0.146135 0.193915 0.656741 0.537235 0.189359 0.528570
46.200000 0.331106 0.681508 0.146146 0.194440 0.661963 0.537222 0.189738 0.532728
46.400000 0.330814 0.684605 0.146406 0.195293 0.666850 0.537336 0.190480 0.536353
46.600000 0.330529 0.687453 0.146595 0.195640 0.671656 0.537269 0.191019 0.540214
46.800000 0.330638 0.690490 0.147035 0.196231 0.676613 0.537637 0.191760 0.544211
47.000000 0.330461 0.693280 0.147099 0.196844 0.681437 0.537586 0.192369 0.548166
47.200000 0.330269 0.696067 0.147442 0.197628 0.686171 0.537842 0.192954 0.551766
47.400000 0.330148 0.698553 0.147802 0.198188 0.690668 0.537757 0.193416 0.555326
47.600000 0.329958 0.701130 0.147839 0.198783 0.695215 0.538079 0.194210 0.558951
47.800000 0.329809 0.703364 0.147916 0.199325 0.700026 0.538229 0.194578 0.562719
48.000000 0.329720 0.705603 0.148263 0.199953 0.704336 0.538188 0.195452 0.566398
48.200000 0.329500 0.707947 0.148505 0.200442 0.708494 0.538420 0.195860 0.569590
48.400000 0.329309 0.710139 0.148680 0.201017 0.712674 0.538576 0.196445 0.573025
48.600000 0.329288 0.711956 0.148854 0.201641 0.717114 0.538534 0.197092 0.576471
48.800000 0.328993 0.713728 0.149053 0.201972 0.721005 0.538687 0.197585 0.579678
49.000000 0.329036 0.715901 0.149347 0.202515 0.725213 0.538720 0.197982 0.582655
49.200000 0.328885 0.717324 0.149606 0.202985 0.728949 0.538848 0.198386 0.585831
49.400000 0.328708 0.719072 0.149625 0.203487 0.732437 0.538840 0.199214 0.589054
49.600000 0.328649 0.720608 0.149748 0.203910 0.736543 0.539147 0.199448 0.592127
49.800000 0.328628 0.722160 0.149942 0.204421 0.740270 0.539200 0.200067 0.595152
50.000000 0.328314 0.723536 0.149881 0.204843 0.743862 0.539311 0.200575 0.597974
50.200000 0.328319 0.725383 0.150319 0.205525 0.748209 0.539528 0.201237 0.601595
50.400000 0.328127 0.727117 0.150403 0.206133 0.752447 0.539587 0.201789 0.605106
50.600000 0.328001 0.728061 0.150619 0.206383 0.756121 0.539807 0.202296 0.607846
50.800000 0.327880 0.729308 0.150834 0.206906 0.759546 0.539997 0.202783 0.610550
51.000000 0.327770 0.730702 0.151039 0.207220 0.762749 0.539907 0.203236 0.613313
51.200000 0.327663 0.732094 0.151053 0.207750 0.765775 0.539936 0.203415 0.615949
51.400000 0.327526 0.732752 0.151143 0.208098 0.769191 0.540065 0.204126 0.618362
51.600000 0.327485 0.733702 0.151343 0.208550 0.772294 0.540167 0.204619 0.620969
51.800000 0.327358 0.734724 0.151378 0.208966 0.775170 0.540425 0.204935 0.623347
52.000000 0.327190 0.735756 0.151529 0.209358 0.778234 0.540582 0.205379 0.625863
52.200000 0.327188 0.736547 0.151802 0.209668 0.781115 0.540530 0.205783 0.628270
52.400000 0.327297 0.737381 0.151911 0.210125 0.783986 0.540510 0.206149 0.630377
52.600000 0.327001 0.738500 0.151858 0.210518 0.786737 0.540807 0.206668 0.632914
52.800000 0.326981 0.739312 0.152103 0.210843 0.789623 0.541005 0.207053 0.635160
53.000000 0.326838 0.739918 0.152139 0.211259 0.791944 0.540953 0.207381 0.637314
53.200000 0.326791 0.740636 0.152231 0.211763 0.794955 0.541130 0.207776 0.639355
53.400000 0.326632 0.741153 0.152351 0.211953 0.797170 0.541226 0.208018 0.641593
53.600000 0.326518 0.742000 0.152540 0.212225 0.799845 0.541269 0.208405 0.643546
53.800000 0.326476 0.742587 0.152695 0.212804 0.802363 0.541427 0.208902 0.645686
54.000000 0.326271 0.743169 0.152799 0.213151 0.804368 0.541101 0.208936 0.647791
54.200000 0.326096 0.743778 0.152754 0.213354 0.806946 0.541574 0.209688 0.649473
54.400000 0.326113 0.744332 0.152990 0.213746 0.809521 0.541626 0.210072 0.651493
54.600000 0.325998 0.744892 0.153119 0.213809 0.811603 0.541729 0.210326 0.653258
54.800000 0.325791 0.745343 0.152920 0.214304 0.813756 0.541879 0.210687 0.655062
55.000000 0.325761 0.745844 0.153186 0.214828 0.816025 0.542100 0.211165 0.656917
55.200000 0.325660 0.746195 0.153225 0.215035 0.817906 0.542286 0.211484 0.658866
55.400000 0.325588 0.746757 0.153445 0.215240 0.820116 0.542224 0.211675 0.660362
55.600000 0.325412 0.747212 0.153435 0.215410 0.822019 0.542393 0.212024 0.662043
55.800000 0.325337 0.747604 0.153504 0.215909 0.823993 0.542588 0.212348 0.663642
56.000000 0.325245 0.747911 0.153725 0.216211 0.825847 0.542579 0.212604 0.665198
56.200000 0.325048 0.748324 0.153947 0.216430 0.827862 0.542498 0.212778 0.666793
56.400000 0.325028 0.748842 0.154050 0.216857 0.829995 0.542790 0.213285 0.668789
56.600000 0.324873 0.749176 0.154210 0.217227 0.832316 0.542963 0.213678 0.670655
56.800000 0.324981 0.749480 0.154004 0.217471 0.834101 0.543000 0.213813 0.671873
57.000000 0.324730 0.749807 0.154185 0.217714 0.835487 0.543193 0.214167 0.673477
57.200000 0.324773 0.749922 0.154393 0.218093 0.837390 0.543085 0.214477 0.674681
57.400000 0.324693 0.750231 0.154442 0.218281 0.838991 0.543148 0.214811 0.676012
57.600000 0.324442 0.750565 0.154433 0.218389 0.840654 0.543360 0.215105 0.677425
57.800000 0.324490 0.750599 0.154512 0.218914 0.842110 0.543554 0.215287 0.678790
58.000000 0.324352 0.751000 0.154573 0.218989 0.843508 0.543409 0.215584 0.679782
58.200000 0.324246 0.751168 0.154647 0.219167 0.844899 0.543568 0.215631 0.681114
58.400000 0.323968 0.751402 0.154746 0.219491 0.846306 0.543713 0.216028 0.682232
58.600000 0.324017 0.751455 0.154495 0.219840 0.847855 0.543823 0.216228 0.683504
58.800000 0.323970 0.751934 0.155002 0.220116 0.849304 0.544120 0.216603 0.684692
59.000000 0.323863 0.751865 0.154933 0.220190 0.850644 0.544069 0.216651 0.685706
59.200000 0.323761 0.752103 0.154907 0.220272 0.851846 0.544227 0.216858 0.686846
59.400000 0.323528 0.752012 0.155053 0.220934 0.853145 0.544248 0.217180 0.687904
59.600000 0.323556 0.752387 0.155086 0.220781 0.854396 0.544397 0.217359 0.688956
59.800000 0.323499 0.752451 0.155206 0.221149 0.855847 0.544585 0.217674 0.690056
60.000000 0.323485 0.752590 0.155271 0.221286 0.856701 0.544704 0.217689 0.690956
60.200000 0.323263 0.752599 0.155351 0.221688 0.857920 0.544702 0.218053 0.691695
60.400000 0.323238 0.752799 0.155454 0.221951 0.859028 0.544751 0.218319 0.692974
60.600000 0.323156 0.752923 0.155299 0.222278 0.860409 0.544813 0.218517 0.693810
60.800000 0.323083 0.753096 0.155529 0.222363 0.861470 0.545068 0.218698 0.694858
61.000000 0.322908 0.752949 0.155550 0.222520 0.862510 0.545071 0.218841 0.695698
61.200000 0.322841 0.753241 0.155618 0.222645 0.863664 0.545144 0.219080 0.696607
61.400000 0.322809 0.753347 0.155700 0.222932 0.864730 0.545139 0.219311 0.697438
61.600000 0.322841 0.753386 0.155696 0.223383 0.865720 0.545467 0.219218 0.698437
61.800000 0.322660 0.753455 0.155678 0.223689 0.866566 0.545361 0.219675 0.699021
62.000000 0.322552 0.753436 0.155875 0.223453 0.867574 0.545589 0.219791 0.699769
62.200000 0.322506 0.753462 0.155720 0.223784 0.868386 0.545592 0.220040 0.700703
62.400000 0.322462 0.753628 0.155941 0.223971 0.869432 0.545673 0.220059 0.701182
62.600000 0.322344 0.753496 0.155815 0.224171 0.870530 0.545812 0.220410 0.702149
62.800000 0.322259 0.753635 0.156038 0.224207 0.871309 0.545732 0.220556 0.702942
63.000000 0.322228 0.753524 0.156056 0.224469 0.872200 0.546140 0.220736 0.703675
63.200000 0.322063 0.753588 0.117334 0.224482 0.872836 0.546187 0.220874 0.704415
63.400000 0.322049 0.753736 0.155987 0.224767 0.873889 0.546297 0.220921 0.704666
63.600000 0.321951 0.753825 0.156187 0.224954 0.874688 0.546271 0.221182 0.705833
63.800000 0.321879 0.753931 0.156079 0.225231 0.875613 0.546348 0.221263 0.706400
64.000000 0.321738 0.753657 0.117268 0.225315 0.876166 0.546541 0.221483 0.707032
64.200000 0.321592 0.753778 0.156289 0.225459 0.877006 0.546652 0.221597 0.707465
64.400000 0.321534 0.753665 0.156400 0.225681 0.877796 0.546292 0.221822 0.708388
64.600000 0.321464 0.753771 0.156439 0.225841 0.878465 0.546855 0.221891 0.708841
64.800000 0.321317 0.753537 0.156459 0.226019 0.879015 0.546739 0.221869 0.709077
65.000000 0.321289 0.753588 0.156484 0.226200 0.879879 0.547140 0.222180 0.710009
65.200000 0.321214 0.753642 0.156670 0.226120 0.880556 0.546962 0.222104 0.710386
65.400000 0.321068 0.753508 0.156457 0.226473 0.881070 0.547180 0.222415 0.710813
65.600000 0.321122 0.753529 0.156608 0.226606 0.881803 0.547282 0.222676 0.711457
65.800000 0.320783 0.753487 0.156667 0.226777 0.882399 0.547471 0.222479 0.711864
66.000000 0.320972 0.753356 0.156499 0.226910 0.883026 0.547461 0.222859 0.712472
66.200000 0.320768 0.753567 0.156659 0.227195 0.883388 0.547526 0.223072 0.712910
66.400000 0.321036 0.753548 0.156779 0.227231 0.883824 0.547634 0.223034 0.713382
66.600000 0.320802 0.753625 0.156755 0.227352 0.884866 0.547903 0.223184 0.714045
66.800000 0.320601 0.753251 0.156811 0.227555 0.885323 0.547895 0.223293 0.714508
67.000000 0.320581 0.753477 0.157006 0.227653 0.885993 0.547971 0.223272 0.714813
67.200000 0.320600 0.753195 0.156911 0.227959 0.886467 0.547944 0.223435 0.715197
67.400000 0.320540 0.753373 0.156974 0.227820 0.887017 0.548158 0.223590 0.715638
67.600000 0.320432 0.753290 0.156947 0.228086 0.887351 0.548161 0.223634 0.716139
67.800000 0.320361 0.753120 0.157009 0.228126 0.887917 0.548349 0.223815 0.716302
68.000000 0.320316 0.752972 0.157113 0.228292 0.888314 0.548372 0.223745 0.716938
68.200000 0.320198 0.753104 0.157075 0.228303 0.888942 0.548545 0.223975 0.717359
68.400000 0.319998 0.753129 0.157059 0.228559 0.889379 0.548698 0.224149 0.717766
68.600000 0.320037 0.753243 0.157188 0.228811 0.889984 0.548595 0.224296 0.718173
68.800000 0.320099 0.752990 0.157222 0.228932 0.890646 0.548711 0.224354 0.718631
69.000000 0.319883 0.752798 0.157203 0.228894 0.890818 0.548918 0.224556 0.718956
69.200000 0.319778 0.752741 0.157289 0.229179 0.891425 0.548977 0.224332 0.719294
69.400000 0.319711 0.752521 0.157265 0.229310 0.891739 0.548965 0.224615 0.719599
69.600000 0.319598 0.752481 0.157374 0.229222 0.891765 0.548939 0.224552 0.719632
69.800000 0.319557 0.752523 0.157225 0.229422 0.892608 0.549066 0.224702 0.720180
70.000000 0.319494 0.752479 0.157447 0.229691 0.892975 0.549228 0.224776 0.720490
70.200000 0.319454 0.752562 0.157385 0.229655 0.893421 0.549240 0.224786 0.720813
70.400000 0.319483 0.752193 0.157358 0.229766 0.893902 0.549462 0.225003 0.720770
70.600000 0.319290 0.752403 0.157423 0.229801 0.894013 0.549634 0.224925 0.721519
70.800000 0.319325 0.752346 0.157450 0.230068 0.894607 0.549509 0.224968 0.721535
71.000000 0.319288 0.751946 0.157582 0.230022 0.894727 0.549670 0.225150 0.721861
71.200000 0.318912 0.751808 0.157487 0.230203 0.895064 0.549622 0.225170 0.722092
71.400000 0.319139 0.751818 0.157573 0.230398 0.895445 0.549840 0.225517 0.722373
71.600000 0.319178 0.751931 0.157574 0.230457 0.895781 0.550008 0.225242 0.722602
71.800000 0.319037 0.751603 0.157762 0.230629 0.896222 0.550197 0.225384 0.722956
72.000000 0.318967 0.751611 0.157621 0.230669 0.896278 0.549973 0.225467 0.723103
72.200000 0.318780 0.751582 0.157740 0.230734 0.896652 0.550229 0.225632 0.723360
72.400000 0.318815 0.751464 0.157471 0.230861 0.897123 0.550299 0.225611 0.723674
72.600000 0.318824 0.751410 0.157295 0.230939 0.897014 0.550343 0.225527 0.723590
72.800000 0.318713 0.751154 0.157646 0.231085 0.897417 0.550523 0.225737 0.723957
73.000000 0.318649 0.751102 0.157926 0.231153 0.898035 0.550413 0.225695 0.724248
73.200000 0.318506 0.751236 0.157701 0.231244 0.898218 0.550587 0.225780 0.724412
73.400000 0.318511 0.750986 0.157757 0.231414 0.898323 0.550551 0.225843 0.724669
73.600000 0.318437 0.750998 0.157682 0.231395 0.898569 0.550771 0.225942 0.724695
73.800000 0.318456 0.750846 0.157843 0.231462 0.899032 0.550709 0.226004 0.724993
74.000000 0.318359 0.750780 0.157902 0.231477 0.899177 0.550973 0.226058 0.725250
74.200000 0.318379 0.750748 0.158071 0.231497 0.899243 0.551038 0.226117 0.725367
74.400000 0.318355 0.750661 0.157919 0.231629 0.899597 0.551046 0.226120 0.725673
74.600000 0.318176 0.750514 0.157979 0.231861 0.900078 0.551356 0.226250 0.725939
74.800000 0.318223 0.750424 0.157930 0.231995 0.900406 0.551437 0.226436 0.726152
75.000000 0.318157 0.750413 0.158016 0.231935 0.900238 0.551384 0.226338 0.726212
75.200000 0.317999 0.750403 0.158025 0.231977 0.900502 0.551493 0.226174 0.726449
75.400000 0.318112 0.749889 0.158026 0.232174 0.900979 0.551521 0.226420 0.726423
75.600000 0.317982 0.750034 0.158078 0.232373 0.900892 0.551485 0.226380 0.726649
75.800000 0.317966 0.750021 0.158174 0.232316 0.901272 0.551708 0.226463 0.726639
76.000000 0.317921 0.750008 0.158066 0.232089 0.901383 0.551722 0.226403 0.726847
76.200000 0.317916 0.749873 0.158122 0.232667 0.901596 0.551896 0.226504 0.726953
76.400000 0.317948 0.749717 0.158089 0.232635 0.901821 0.551966 0.226503 0.727216
76.600000 0.317835 0.749244 0.158200 0.232689 0.901790 0.551637 0.226448 0.727441
76.800000 0.317770 0.749550 0.158035 0.232779 0.902251 0.551992 0.226625 0.727565
77.000000 0.317752 0.749487 0.158147 0.232962 0.902301 0.552105 0.226648 0.727613
77.200000 0.317752 0.749416 0.158015 0.232950 0.902448 0.552279 0.226684 0.727848
77.400000 0.317814 0.749375 0.158088 0.232857 0.902557 0.552322 0.226600 0.727800
77.600000 0.317631 0.749269 0.158256 0.232744 0.902839 0.552304 0.226587 0.728021
77.800000 0.317681 0.749306 0.158302 0.233029 0.903086 0.552397 0.226631 0.728249
78.000000 0.317497 0.749235 0.158319 0.233184 0.903176 0.552384 0.226761 0.728337
78.200000 0.317612 0.749081 0.158244 0.233282 0.903577 0.552660 0.226755 0.728353
78.400000 0.317504 0.748932 0.158182 0.233349 0.903343 0.552653 0.226835 0.728462
78.600000 0.317528 0.748891 0.158357 0.233326 0.903887 0.552756 0.226706 0.728397
78.800000 0.317522 0.748925 0.158494 0.233534 0.903925 0.552859 0.226817 0.728757
79.000000 0.317386 0.748704 0.158312 0.233551 0.903913 0.552718 0.226851 0.728875
79.200000 0.317299 0.748765 0.158348 0.233710 0.904113 0.552895 0.226879 0.728858
79.400000 0.317458 0.748800 0.158418 0.233684 0.904512 0.553100 0.226789 0.729172
79.600000 0.317444 0.748654 0.158546 0.233624 0.904496 0.553107 0.226979 0.729204
79.800000 0.317535 0.748498 0.158353 0.233851 0.904418 0.553275 0.227023 0.729240
80.000000 0.317235 0.748338 0.158396 0.233943 0.904718 0.553416 0.227161 0.729369
80.200000 0.317361 0.748555 0.158390 0.233959 0.905087 0.553382 0.226917 0.729531
80.400000 0.317369 0.748443 0.158597 0.233936 0.905025 0.553237 0.226907 0.729413
80.600000 0.317382 0.748386 0.158755 0.234178 0.905191 0.553441 0.227134 0.729905
80.800000 0.317160 0.748212 0.158555 0.234296 0.905607 0.553669 0.227042 0.729928
81.000000 0.317147 0.748170 0.158584 0.234303 0.905562 0.553684 0.226959 0.729885
81.200000 0.317090 0.748086 0.158650 0.234364 0.905730 0.553611 0.227122 0.729819
81.400000 0.317206 0.748054 0.158809 0.234392 0.905873 0.553742 0.227203 0.730091
81.600000 0.317174 0.748132 0.158619 0.234425 0.905617 0.553832 0.227084 0.730216
81.800000 0.317153 0.747956 0.158671 0.234423 0.905944 0.553976 0.227087 0.730426
82.000000 0.316809 0.747854 0.158738 0.234425 0.906284 0.554028 0.227111 0.730404
82.200000 0.316926 0.747966 0.158724 0.234581 0.906354 0.554066 0.227202 0.730582
82.400000 0.317030 0.747892 0.158765 0.234716 0.906281 0.554117 0.227072 0.730484
82.600000 0.316886 0.747820 0.158550 0.234760 0.906516 0.554137 0.227166 0.730724
82.800000 0.317060 0.747807 0.158789 0.234886 0.906576 0.554332 0.227066 0.730673
83.000000 0.316880 0.747966 0.158811 0.234905 0.906786 0.554428 0.227264 0.730788
83.200000 0.316878 0.747714 0.158772 0.234922 0.906719 0.554500 0.227192 0.730887
83.400000 0.316914 0.747808 0.158991 0.235047 0.906534 0.554370 0.227245 0.730903
83.600000 0.316753 0.747814 0.158858 0.234990 0.907114 0.554366 0.227290 0.730966
83.800000 0.316755 0.747613 0.158761 0.235259 0.907020 0.554576 0.227351 0.731198
84.000000 0.316811 0.747558 0.158914 0.235236 0.907306 0.554636 0.227405 0.731239
84.200000 0.316740 0.747540 0.158914 0.235261 0.907434 0.554520 0.227258 0.731295
84.400000 0.316678 0.747512 0.158986 0.235405 0.907300 0.554885 0.227352 0.731397
84.600000 0.316702 0.747451 0.159025 0.235389 0.907564 0.554727 0.227261 0.731483
84.800000 0.316497 0.747494 0.158954 0.235362 0.907409 0.555089 0.227188 0.731452
85.000000 0.316699 0.747407 0.158852 0.235444 0.907809 0.554971 0.227124 0.731396
85.200000 0.316498 0.747246 0.159125 0.235567 0.907874 0.555020 0.227328 0.731536
85.400000 0.316618 0.747270 0.158972 0.235735 0.907854 0.555075 0.227115 0.731657
85.600000 0.316612 0.747280 0.159093 0.235726 0.907820 0.555127 0.227294 0.731666
85.800000 0.316553 0.747190 0.159116 0.235733 0.907863 0.555224 0.227308 0.731798
86.000000 0.316435 0.746850 0.159126 0.235731 0.907903 0.555232 0.227150 0.731694
86.200000 0.316508 0.746994 0.159071 0.235807 0.908137 0.555373 0.227269 0.731890
86.400000 0.316514 0.747013 0.159187 0.235975 0.908240 0.555559 0.227327 0.731990
86.600000 0.316392 0.746774 0.159102 0.235887 0.908322 0.555535 0.227307 0.731957
86.800000 0.316449 0.746957 0.159083 0.235921 0.908450 0.555712 0.227245 0.731983
87.000000 0.316364 0.747004 0.159298 0.235921 0.908658 0.555847 0.227360 0.732125
87.200000 0.316312 0.747037 0.158943 0.235906 0.908432 0.555760 0.227345 0.732036
87.400000 0.316380 0.746805 0.159290 0.236186 0.908741 0.555858 0.227318 0.732415
87.600000 0.316356 0.746765 0.159341 0.236086 0.908777 0.555869 0.227429 0.732353
87.800000 0.316278 0.746804 0.159014 0.236105 0.909005 0.555918 0.227317 0.732391
88.000000 0.316258 0.746621 0.159153 0.236184 0.908707 0.555966 0.227256 0.732326
88.200000 0.316210 0.746710 0.159175 0.236446 0.908956 0.556026 0.227318 0.732507
88.400000 0.316033 0.746723 0.159241 0.236373 0.908960 0.556049 0.227295 0.732485
88.600000 0.316132 0.746665 0.159245 0.236412 0.909263 0.556223 0.227186 0.732649
88.800000 0.315910 0.746569 0.159157 0.236449 0.909097 0.556234 0.227290 0.732591
89.000000 0.316005 0.746492 0.159252 0.236323 0.909084 0.556265 0.227348 0.732487
89.200000 0.316002 0.746393 0.159162 0.236633 0.909217 0.556400 0.227260 0.732709
89.400000 0.315706 0.746205 0.159336 0.236652 0.908988 0.556312 0.227118 0.732426
89.600000 0.315731 0.746343 0.159227 0.236573 0.909407 0.556632 0.227302 0.732655
89.800000 0.315935 0.746249 0.159454 0.236591 0.909067 0.556591 0.227349 0.732758
90.000000 0.315786 0.746014 0.159403 0.236701 0.909537 0.556700 0.227367 0.732971
