0.200000 0.232707 0.385621 0.207300 0.210593 0.287121 0.557162 0.223876 0.252923
0.400000 0.232791 0.385140 0.207323 0.210360 0.286571 0.557056 0.223898 0.252748
0.600000 0.232794 0.385268 0.207325 0.210506 0.286474 0.556968 0.223723 0.252631
0.800000 0.232553 0.385434 0.207300 0.210721 0.286242 0.556888 0.223696 0.252403
1.000000 0.232725 0.385089 0.207309 0.210660 0.286040 0.556911 0.223749 0.252357
1.200000 0.232688 0.384621 0.207381 0.210693 0.285949 0.556754 0.223678 0.252245
1.400000 0.232555 0.384393 0.207447 0.210617 0.285443 0.556708 0.223826 0.251969
1.600000 0.232678 0.384364 0.207479 0.210623 0.285454 0.556782 0.223575 0.251998
1.800000 0.232681 0.383925 0.207376 0.210611 0.285294 0.556766 0.223597 0.251917
2.000000 0.232611 0.383791 0.207224 0.210717 0.285114 0.556570 0.223491 0.251718
2.200000 0.232652 0.383725 0.207337 0.210456 0.284821 0.556390 0.223560 0.251753
2.400000 0.232627 0.383587 0.207317 0.210465 0.284646 0.556485 0.223401 0.251368
2.600000 0.232559 0.383375 0.207124 0.210551 0.284541 0.556471 0.223320 0.251356
2.800000 0.232571 0.383216 0.207146 0.210533 0.284220 0.556324 0.223307 0.251182
3.000000 0.232592 0.382915 0.207269 0.210696 0.283988 0.556299 0.223266 0.251112
3.200000 0.232687 0.382631 0.207316 0.210676 0.283842 0.556239 0.223375 0.250978
3.400000 0.232530 0.382834 0.207330 0.210471 0.283586 0.556215 0.223314 0.250708
3.600000 0.232548 0.382537 0.207402 0.210031 0.283428 0.556063 0.223097 0.250734
3.800000 0.232532 0.382335 0.207273 0.210445 0.283259 0.556105 0.223104 0.250592
4.000000 0.232465 0.382091 0.207295 0.210497 0.283008 0.555907 0.223053 0.250502
4.200000 0.232435 0.381892 0.207195 0.210571 0.282767 0.555976 0.222978 0.250253
4.400000 0.232477 0.381962 0.207329 0.210561 0.282470 0.555880 0.222992 0.250293
4.600000 0.232266 0.381575 0.207278 0.210485 0.282411 0.555952 0.222879 0.250107
4.800000 0.232497 0.381515 0.207257 0.210478 0.282152 0.555826 0.222878 0.249983
5.000000 0.232423 0.381194 0.207335 0.210449 0.282036 0.555607 0.222824 0.249880
5.200000 0.232457 0.381121 0.207365 0.210423 0.281866 0.555644 0.222905 0.249802
5.400000 0.232261 0.381042 0.207278 0.210488 0.281806 0.555642 0.222754 0.249677
5.600000 0.232381 0.380802 0.207622 0.210484 0.281516 0.555536 0.222656 0.249519
5.800000 0.232390 0.380696 0.207233 0.210708 0.281296 0.555483 0.222500 0.249631
6.000000 0.232311 0.380583 0.207511 0.210556 0.280933 0.555559 0.222555 0.249473
6.200000 0.232163 0.380353 0.207248 0.210294 0.280877 0.555545 0.222578 0.249318
6.400000 0.232363 0.380133 0.207290 0.210321 0.280694 0.555477 0.222559 0.249122
6.600000 0.232321 0.379999 0.207336 0.210434 0.280432 0.555008 0.222589 0.248957
6.800000 0.232289 0.379887 0.207281 0.210344 0.280276 0.555149 0.222406 0.248755
7.000000 0.232241 0.379643 0.207194 0.210409 0.280063 0.555000 0.222333 0.248739
7.200000 0.232354 0.379528 0.207341 0.210331 0.279801 0.555065 0.222309 0.248426
7.400000 0.232233 0.379382 0.207189 0.210337 0.279560 0.554814 0.222152 0.248389
7.600000 0.232108 0.379215 0.207229 0.210387 0.279482 0.554860 0.222226 0.248350
7.800000 0.232381 0.379122 0.207139 0.210467 0.279327 0.554981 0.222247 0.248256
8.000000 0.232089 0.378979 0.207418 0.210342 0.279043 0.554667 0.222111 0.248074
8.200000 0.232181 0.378842 0.207143 0.210415 0.279077 0.554847 0.222105 0.248070
8.400000 0.232099 0.378808 0.207335 0.210391 0.278714 0.554945 0.222107 0.247904
8.600000 0.232174 0.378510 0.207288 0.210394 0.278603 0.554775 0.222136 0.247659
8.800000 0.232145 0.378528 0.207134 0.210283 0.278273 0.554637 0.221965 0.247654
9.000000 0.232143 0.378416 0.207354 0.210301 0.278043 0.554479 0.221930 0.247589
9.200000 0.232106 0.378129 0.207294 0.210341 0.278151 0.554488 0.221886 0.247571
9.400000 0.232155 0.377992 0.207365 0.210262 0.277676 0.554403 0.221848 0.247387
9.600000 0.232086 0.377764 0.207241 0.210332 0.277684 0.554267 0.221731 0.247273
9.800000 0.232221 0.377505 0.207307 0.210278 0.277530 0.554301 0.221769 0.247097
10.000000 0.231937 0.377569 0.207275 0.210357 0.277515 0.554292 0.221592 0.247172
10.200000 0.232081 0.377438 0.207342 0.210282 0.277103 0.554203 0.221649 0.247035
10.400000 0.232051 0.377073 0.207228 0.210413 0.277005 0.554320 0.221740 0.246778
10.600000 0.231953 0.377275 0.207315 0.210146 0.276822 0.554251 0.221638 0.246693
10.800000 0.231833 0.377140 0.207267 0.210244 0.276787 0.553930 0.221583 0.246655
11.000000 0.232042 0.376793 0.206925 0.210171 0.276418 0.554034 0.221704 0.246576
11.200000 0.232001 0.376879 0.207137 0.210246 0.276247 0.553888 0.221326 0.246565
11.400000 0.232021 0.376660 0.207287 0.210257 0.276114 0.553758 0.221513 0.246339
11.600000 0.232036 0.376465 0.207008 0.210372 0.275743 0.553845 0.221469 0.246250
11.800000 0.232024 0.376409 0.207228 0.210140 0.275965 0.553806 0.221389 0.246080
12.000000 0.231996 0.376255 0.207119 0.210210 0.275655 0.553851 0.221325 0.245985
12.200000 0.231953 0.376049 0.207287 0.210224 0.275299 0.553685 0.221311 0.245926
12.400000 0.231946 0.376046 0.207231 0.210102 0.275329 0.553489 0.221316 0.245685
12.600000 0.231795 0.375774 0.207116 0.210235 0.275056 0.553462 0.221233 0.245534
12.800000 0.231916 0.375721 0.207214 0.210223 0.274931 0.553378 0.221187 0.245580
13.000000 0.231782 0.375731 0.207078 0.210143 0.274865 0.553362 0.221191 0.245370
13.200000 0.231921 0.375579 0.207236 0.210208 0.274605 0.553304 0.221248 0.245252
13.400000 0.231919 0.375381 0.207181 0.210205 0.274454 0.553364 0.221108 0.245188
13.600000 0.231761 0.375284 0.207266 0.210142 0.274305 0.553415 0.221025 0.245099
13.800000 0.231897 0.375310 0.207121 0.210128 0.273906 0.552992 0.221056 0.245191
14.000000 0.231904 0.375199 0.207117 0.210146 0.274095 0.553050 0.220987 0.244947
14.200000 0.231904 0.375010 0.207161 0.210204 0.273864 0.552966 0.221000 0.244966
14.400000 0.231897 0.374857 0.207341 0.210145 0.273862 0.553058 0.220913 0.244868
14.600000 0.231879 0.374693 0.207169 0.210217 0.273666 0.552877 0.220910 0.244865
14.800000 0.231854 0.374666 0.207343 0.210162 0.273421 0.552854 0.220796 0.244669
15.000000 0.231884 0.374485 0.207258 0.210011 0.273327 0.552778 0.220805 0.244721
15.200000 0.231861 0.374414 0.207114 0.210079 0.273190 0.552740 0.220815 0.244526
15.400000 0.231909 0.374450 0.207174 0.210258 0.273104 0.552705 0.220895 0.244276
15.600000 0.231856 0.374196 0.207086 0.210145 0.272939 0.552726 0.220656 0.244424
15.800000 0.231820 0.374162 0.207201 0.209917 0.272505 0.552467 0.220710 0.244257
16.000000 0.231844 0.373874 0.207099 0.210233 0.272636 0.552586 0.220730 0.244043
16.200000 0.231814 0.373748 0.207334 0.209990 0.272245 0.552505 0.220505 0.244011
16.400000 0.231805 0.373743 0.207263 0.210439 0.272265 0.552661 0.220720 0.243861
16.600000 0.231831 0.373688 0.207190 0.209984 0.272175 0.552538 0.220503 0.243870
16.800000 0.231661 0.373567 0.207201 0.210236 0.272061 0.552244 0.220575 0.243809
17.000000 0.231764 0.373273 0.207354 0.210005 0.271742 0.552261 0.220571 0.243685
17.200000 0.231768 0.373313 0.207213 0.210190 0.271634 0.552368 0.220475 0.243669
17.400000 0.231681 0.373243 0.207189 0.209967 0.271516 0.552132 0.220503 0.243455
17.600000 0.231734 0.373067 0.207132 0.210016 0.271377 0.552125 0.220341 0.243642
17.800000 0.231753 0.373157 0.207148 0.210031 0.271179 0.552083 0.220344 0.243514
18.000000 0.231771 0.372790 0.207048 0.210087 0.271233 0.552088 0.220453 0.243473
18.200000 0.231709 0.373061 0.206921 0.210062 0.271075 0.551833 0.220375 0.243351
18.400000 0.231763 0.372745 0.207067 0.210036 0.270968 0.551832 0.220211 0.243142
18.600000 0.231695 0.372692 0.207363 0.209998 0.270963 0.551778 0.220364 0.243141
18.800000 0.231641 0.372602 0.207239 0.210085 0.270571 0.551809 0.220351 0.243005
19.000000 0.231762 0.372427 0.207307 0.210094 0.270482 0.551619 0.220262 0.242875
19.200000 0.231513 0.372250 0.207173 0.209983 0.270366 0.551677 0.220085 0.242794
19.400000 0.231653 0.372096 0.207352 0.210049 0.270175 0.551674 0.220240 0.242712
19.600000 0.231512 0.372119 0.207147 0.210053 0.269963 0.551757 0.220057 0.242690
19.800000 0.231623 0.371962 0.206850 0.210034 0.269963 0.551370 0.220168 0.242545
20.000000 0.231484 0.371883 0.207087 0.210031 0.269927 0.551347 0.220178 0.242494
20.200000 0.231512 0.371842 0.207204 0.210067 0.269690 0.551056 0.220093 0.242379
20.400000 0.231612 0.371618 0.207176 0.210061 0.269578 0.551156 0.220096 0.242292
20.600000 0.231610 0.371548 0.207129 0.210109 0.269021 0.551235 0.220060 0.242248
20.800000 0.231578 0.371305 0.206954 0.209982 0.269257 0.551006 0.220028 0.242017
21.000000 0.231611 0.371441 0.207095 0.210108 0.269085 0.551084 0.219900 0.242010
21.200000 0.231588 0.371120 0.207036 0.210004 0.269008 0.550920 0.219911 0.241787
21.400000 0.231591 0.371272 0.207248 0.209939 0.268714 0.551105 0.220022 0.241942
21.600000 0.231551 0.371031 0.206981 0.209819 0.268740 0.550959 0.219910 0.241798
21.800000 0.231536 0.371026 0.207074 0.209918 0.268440 0.550953 0.219924 0.241722
22.000000 0.231486 0.370824 0.207139 0.209819 0.268480 0.550922 0.219918 0.241675
22.200000 0.231537 0.370644 0.207071 0.210087 0.268286 0.550908 0.219920 0.241566
22.400000 0.231504 0.370750 0.207129 0.209940 0.268365 0.550821 0.219795 0.241513
22.600000 0.231549 0.370514 0.207207 0.209827 0.268214 0.550816 0.219774 0.241422
22.800000 0.231522 0.370686 0.207157 0.210089 0.267997 0.550729 0.219785 0.241389
23.000000 0.231704 0.370346 0.207198 0.210095 0.267860 0.550653 0.219837 0.241305
23.200000 0.231332 0.370418 0.207065 0.209899 0.267760 0.550669 0.219612 0.241118
23.400000 0.231330 0.370223 0.207148 0.209824 0.267574 0.550377 0.219716 0.241165
23.600000 0.231480 0.370244 0.207186 0.209951 0.267406 0.550286 0.219396 0.241033
23.800000 0.231456 0.369902 0.207102 0.209860 0.267357 0.550504 0.219629 0.241081
24.000000 0.231455 0.369632 0.207165 0.209958 0.267201 0.550285 0.219627 0.240878
24.200000 0.231454 0.369939 0.207080 0.209937 0.267113 0.550165 0.219424 0.240836
24.400000 0.231379 0.369744 0.207198 0.209921 0.267012 0.550301 0.219610 0.240712
24.600000 0.231469 0.369678 0.207209 0.209889 0.266914 0.550218 0.219528 0.240533
24.800000 0.231435 0.369507 0.207092 0.209934 0.266823 0.550346 0.219542 0.240546
25.000000 0.231423 0.369527 0.207148 0.209773 0.266692 0.550183 0.219513 0.240642
25.200000 0.231435 0.369441 0.207169 0.209884 0.266541 0.550097 0.219423 0.240498
25.400000 0.231425 0.369433 0.207064 0.209891 0.266539 0.549784 0.219299 0.240431
25.600000 0.231392 0.369377 0.207170 0.210009 0.266264 0.549857 0.219386 0.240395
25.800000 0.231434 0.369118 0.207202 0.209887 0.266079 0.549842 0.219389 0.240128
26.000000 0.231442 0.369142 0.207149 0.209892 0.265996 0.549740 0.219361 0.240203
26.200000 0.231413 0.368991 0.207298 0.209819 0.265896 0.549757 0.219427 0.240182
26.400000 0.231406 0.368931 0.207096 0.209872 0.265779 0.549724 0.219179 0.240095
26.600000 0.231196 0.368825 0.207132 0.209879 0.265628 0.549582 0.219357 0.240009
26.800000 0.231367 0.368662 0.207362 0.209909 0.265737 0.549704 0.219265 0.239928
27.000000 0.231383 0.368770 0.206999 0.209883 0.265602 0.549566 0.219416 0.239868
27.200000 0.231464 0.368574 0.207204 0.209869 0.265247 0.549339 0.219229 0.239763
27.400000 0.231367 0.368484 0.207077 0.209836 0.265115 0.549318 0.219155 0.239571
27.600000 0.231316 0.368284 0.206939 0.209745 0.265052 0.549374 0.219243 0.239708
27.800000 0.231214 0.368291 0.207061 0.209866 0.265018 0.549401 0.219266 0.239430
28.000000 0.231171 0.368214 0.207158 0.209841 0.264854 0.549177 0.219075 0.239423
28.200000 0.231302 0.368049 0.207214 0.209723 0.264866 0.549160 0.218958 0.239542
28.400000 0.231283 0.368073 0.207243 0.209876 0.264668 0.549031 0.219071 0.239378
28.600000 0.231186 0.368021 0.207277 0.209798 0.264539 0.549105 0.219167 0.239315
28.800000 0.231311 0.367587 0.207081 0.209778 0.264088 0.548972 0.218975 0.239115
29.000000 0.231406 0.367758 0.207104 0.209709 0.264320 0.548875 0.219042 0.239187
29.200000 0.231224 0.367716 0.207168 0.209816 0.264135 0.548952 0.218964 0.239154
29.400000 0.231248 0.367658 0.207158 0.209776 0.264097 0.548663 0.219164 0.239031
29.600000 0.231390 0.367623 0.207185 0.209830 0.264070 0.548855 0.219029 0.239016
29.800000 0.231432 0.367569 0.207161 0.209680 0.263898 0.548764 0.218933 0.238926
30.000000 0.231231 0.367287 0.207068 0.209789 0.263730 0.548638 0.219097 0.238814
30.200000 0.231268 0.367445 0.207039 0.209683 0.263547 0.548745 0.219087 0.238934
30.400000 0.231286 0.367126 0.207316 0.209731 0.263626 0.548581 0.218970 0.238772
30.600000 0.231418 0.366988 0.207356 0.209767 0.263261 0.548449 0.218765 0.238652
30.800000 0.231649 0.367055 0.207154 0.209776 0.263116 0.548471 0.218725 0.238518
31.000000 0.232134 0.367093 0.207155 0.209773 0.263065 0.548505 0.218924 0.238352
31.200000 0.232768 0.366918 0.206959 0.209934 0.262952 0.548484 0.218902 0.238457
31.400000 0.233566 0.366702 0.207050 0.209724 0.263047 0.548333 0.218784 0.238327
31.600000 0.234452 0.366697 0.207077 0.209697 0.262831 0.548370 0.218831 0.238434
31.800000 0.235531 0.366682 0.207171 0.209680 0.262762 0.548146 0.218889 0.238229
32.000000 0.236757 0.366507 0.207071 0.209791 0.262677 0.548376 0.218843 0.238313
32.200000 0.238090 0.366550 0.207183 0.209785 0.262439 0.548106 0.218857 0.238339
32.400000 0.239302 0.366371 0.207157 0.209893 0.262509 0.548080 0.218875 0.238134
32.600000 0.241146 0.366359 0.207363 0.209782 0.262321 0.548220 0.218887 0.238177
32.800000 0.242797 0.366315 0.207142 0.209733 0.262450 0.547945 0.218885 0.237752
33.000000 0.244488 0.366256 0.207170 0.209809 0.262168 0.547970 0.218928 0.238031
33.200000 0.246027 0.366162 0.207200 0.210086 0.262266 0.548201 0.219047 0.237942
33.400000 0.247863 0.366076 0.207340 0.209854 0.262204 0.548146 0.219021 0.237914
33.600000 0.249579 0.365965 0.206977 0.209933 0.262242 0.547991 0.219264 0.237942
33.800000 0.251071 0.365931 0.207192 0.210094 0.262209 0.547991 0.219004 0.237825
34.000000 0.252759 0.365917 0.207071 0.209815 0.262166 0.547966 0.219150 0.238000
34.200000 0.254281 0.365928 0.207069 0.209981 0.262276 0.548026 0.219160 0.237817
34.400000 0.255697 0.366035 0.207181 0.209920 0.262146 0.547647 0.219298 0.237992
34.600000 0.257028 0.366046 0.207239 0.210013 0.262216 0.548085 0.219398 0.237990
34.800000 0.258257 0.365844 0.207293 0.210090 0.262374 0.548214 0.219504 0.238004
35.000000 0.259445 0.365809 0.207217 0.210032 0.262255 0.547836 0.219445 0.238007
35.200000 0.260599 0.366011 0.207227 0.210128 0.262421 0.547996 0.219599 0.238162
35.400000 0.261607 0.365993 0.207174 0.210002 0.262048 0.548025 0.219755 0.238103
35.600000 0.262523 0.365917 0.207339 0.210246 0.262300 0.547909 0.219829 0.238037
35.800000 0.263348 0.365865 0.207300 0.209828 0.262548 0.548070 0.219908 0.238041
36.000000 0.264102 0.366090 0.207281 0.210181 0.262576 0.547959 0.219967 0.238253
36.200000 0.264849 0.366296 0.207304 0.210158 0.262604 0.547899 0.220042 0.238214
36.400000 0.265366 0.366282 0.207310 0.210360 0.262625 0.547819 0.220174 0.238479
36.600000 0.266180 0.366487 0.207104 0.209992 0.262945 0.547956 0.220284 0.238415
36.800000 0.266576 0.366397 0.207337 0.210292 0.262954 0.548002 0.220336 0.238428
37.000000 0.267258 0.366650 0.207276 0.210605 0.263169 0.548012 0.220434 0.238591
37.200000 0.267766 0.366803 0.207410 0.210522 0.263267 0.548148 0.220639 0.238565
37.400000 0.268316 0.366826 0.207271 0.210323 0.263479 0.548030 0.220588 0.238684
37.600000 0.268793 0.367080 0.207155 0.210566 0.263422 0.548100 0.220563 0.238829
37.800000 0.269148 0.367246 0.207376 0.210677 0.263706 0.548196 0.220878 0.239002
38.000000 0.269495 0.367311 0.207362 0.210708 0.263956 0.548119 0.220850 0.239048
38.200000 0.269879 0.367690 0.207505 0.210759 0.264028 0.548297 0.221061 0.239210
38.400000 0.270163 0.368005 0.207308 0.210748 0.264266 0.548323 0.221005 0.239389
38.600000 0.270373 0.368047 0.207500 0.210734 0.264412 0.548256 0.221219 0.239268
38.800000 0.270657 0.368320 0.207292 0.210739 0.264672 0.548263 0.221332 0.239443
39.000000 0.270895 0.368437 0.207365 0.210798 0.264614 0.548502 0.221544 0.239602
39.200000 0.271124 0.368644 0.207370 0.210868 0.264598 0.548253 0.221299 0.239568
39.400000 0.271285 0.368831 0.207359 0.211045 0.265135 0.548396 0.221698 0.239798
39.600000 0.271465 0.369233 0.207428 0.210948 0.265463 0.548437 0.221650 0.239992
39.800000 0.271683 0.369337 0.207395 0.211078 0.265538 0.548543 0.221730 0.240114
40.000000 0.271822 0.369551 0.207439 0.211067 0.265729 0.548488 0.221847 0.240251
40.200000 0.271959 0.369799 0.207458 0.210937 0.266218 0.548605 0.222004 0.240346
40.400000 0.271941 0.370162 0.207497 0.211133 0.266231 0.548688 0.222065 0.240539
40.600000 0.272104 0.370201 0.207369 0.211188 0.266299 0.548472 0.222152 0.240678
40.800000 0.272177 0.370368 0.207312 0.211224 0.266670 0.548632 0.222367 0.240789
41.000000 0.272460 0.370804 0.207438 0.211297 0.266857 0.548701 0.222408 0.240986
41.200000 0.272400 0.371141 0.207317 0.211319 0.267132 0.548713 0.222521 0.241110
41.400000 0.272815 0.371432 0.207468 0.211480 0.267292 0.548959 0.222771 0.241290
41.600000 0.272526 0.371617 0.207492 0.211459 0.267532 0.548649 0.222674 0.241252
41.800000 0.272778 0.372062 0.207490 0.211543 0.267843 0.548995 0.222662 0.241549
42.000000 0.272718 0.372289 0.207486 0.211462 0.268003 0.548895 0.222916 0.241745
42.200000 0.272689 0.372494 0.207462 0.211502 0.268373 0.548889 0.223028 0.241892
42.400000 0.272911 0.372600 0.207489 0.211343 0.268596 0.548921 0.223124 0.242021
42.600000 0.272930 0.373138 0.207593 0.211478 0.268883 0.548994 0.223222 0.242207
42.800000 0.272941 0.373551 0.207374 0.211626 0.269052 0.549172 0.223169 0.242395
43.000000 0.272853 0.373796 0.207513 0.211639 0.269441 0.549107 0.223382 0.242574
43.200000 0.273048 0.374034 0.207638 0.211730 0.269631 0.549169 0.223526 0.242743
43.400000 0.273017 0.374404 0.207567 0.211753 0.269992 0.549245 0.223607 0.242925
43.600000 0.273111 0.374773 0.207529 0.211822 0.269959 0.549414 0.223791 0.243184
43.800000 0.273138 0.375172 0.207622 0.211753 0.270638 0.549609 0.223885 0.243228
44.000000 0.273143 0.375381 0.207517 0.211649 0.270866 0.549447 0.224125 0.243409
44.200000 0.273075 0.375917 0.206804 0.211771 0.271136 0.549329 0.224150 0.243532
44.400000 0.273249 0.376174 0.207389 0.211938 0.271536 0.549420 0.224022 0.243893
44.600000 0.273225 0.376508 0.207627 0.211857 0.271522 0.549439 0.224243 0.243868
44.800000 0.273258 0.376749 0.207535 0.211906 0.272180 0.549499 0.224047 0.244210
45.000000 0.273250 0.377193 0.207582 0.211960 0.272516 0.549631 0.224454 0.244422
45.200000 0.273302 0.377383 0.207505 0.211826 0.272581 0.549688 0.224507 0.244542
45.400000 0.273418 0.377825 0.207450 0.212053 0.272948 0.549657 0.224671 0.244880
45.600000 0.273142 0.378056 0.207536 0.211868 0.273003 0.549574 0.224748 0.244954
45.800000 0.273389 0.378452 0.207545 0.212027 0.273495 0.549836 0.224867 0.245188
46.000000 0.273330 0.378805 0.207610 0.211937 0.273871 0.549688 0.224773 0.245312
46.200000 0.273353 0.379183 0.207531 0.211999 0.274174 0.550008 0.224916 0.245658
46.400000 0.273334 0.379501 0.207620 0.212147 0.274473 0.549892 0.225195 0.245708
46.600000 0.312463 0.380042 0.207530 0.212163 0.274884 0.550051 0.225288 0.245926
46.800000 0.273358 0.380332 0.207629 0.212212 0.275068 0.549938 0.225301 0.246095
47.000000 0.273345 0.380293 0.207753 0.212321 0.275356 0.549938 0.225436 0.246398
47.200000 0.273364 0.380923 0.207592 0.212187 0.275658 0.550133 0.225509 0.246333
47.400000 0.273339 0.381290 0.207555 0.212168 0.275818 0.550204 0.225474 0.246685
47.600000 0.273374 0.381615 0.207642 0.212383 0.276335 0.550289 0.225801 0.246768
47.800000 0.273355 0.382007 0.207626 0.212355 0.276602 0.550382 0.225967 0.247127
48.000000 0.273351 0.382092 0.207630 0.212274 0.276917 0.550197 0.225828 0.247224
48.200000 0.273345 0.382806 0.207437 0.212336 0.277252 0.550507 0.226078 0.247511
48.400000 0.273418 0.382909 0.207654 0.212193 0.277417 0.550350 0.226003 0.247511
48.600000 0.273340 0.383432 0.207639 0.212342 0.277784 0.550423 0.226203 0.247842
48.800000 0.273036 0.383688 0.207549 0.212336 0.278156 0.550557 0.226359 0.247995
49.000000 0.273286 0.384044 0.207630 0.212430 0.278338 0.550634 0.226498 0.248228
49.200000 0.273348 0.384345 0.207639 0.212466 0.278688 0.550567 0.226318 0.248438
49.400000 0.273394 0.384757 0.207713 0.212520 0.279014 0.550725 0.226491 0.248622
49.600000 0.273334 0.385109 0.207816 0.212500 0.279307 0.550752 0.226471 0.248858
49.800000 0.273284 0.385434 0.207725 0.212068 0.279729 0.550740 0.226762 0.249077
50.000000 0.273365 0.385761 0.207540 0.212461 0.280052 0.550887 0.226749 0.249196
50.200000 0.273356 0.386152 0.207638 0.212588 0.280418 0.551004 0.226957 0.249516
50.400000 0.273162 0.386502 0.207531 0.212479 0.280727 0.550877 0.226922 0.249490
50.600000 0.273296 0.387070 0.207685 0.212568 0.281090 0.550895 0.227128 0.249894
50.800000 0.273287 0.387133 0.207822 0.212509 0.281394 0.551109 0.227057 0.249872
51.000000 0.273304 0.387505 0.207531 0.212706 0.281575 0.551005 0.227062 0.250144
51.200000 0.273196 0.387832 0.207573 0.212445 0.282037 0.551079 0.227347 0.250431
51.400000 0.273239 0.388277 0.207797 0.212672 0.282408 0.551269 0.227469 0.250497
51.600000 0.273541 0.388572 0.207573 0.212608 0.282745 0.551327 0.227522 0.250884
51.800000 0.273345 0.388856 0.207760 0.212617 0.283044 0.551444 0.227682 0.251070
52.000000 0.273313 0.389546 0.207807 0.212595 0.283306 0.551375 0.227676 0.251219
52.200000 0.273324 0.389623 0.207782 0.212703 0.283670 0.551373 0.227703 0.251336
52.400000 0.273304 0.389951 0.207822 0.212677 0.284024 0.551362 0.227785 0.251678
52.600000 0.273314 0.390235 0.207675 0.212576 0.284172 0.551584 0.227990 0.251831
52.800000 0.273296 0.390704 0.207788 0.212695 0.284458 0.551503 0.228256 0.252219
53.000000 0.273259 0.390797 0.207745 0.212834 0.284932 0.551750 0.227975 0.252219
53.200000 0.273255 0.391297 0.207805 0.212725 0.285329 0.551639 0.228187 0.252508
53.400000 0.273181 0.391423 0.207602 0.212806 0.285568 0.551751 0.228131 0.252659
53.600000 0.273184 0.391741 0.207745 0.212753 0.285892 0.551722 0.228331 0.253139
53.800000 0.273166 0.392289 0.207695 0.212802 0.286326 0.551801 0.228361 0.253043
54.000000 0.273101 0.392668 0.207714 0.212989 0.286521 0.551656 0.228540 0.253213
54.200000 0.273120 0.392971 0.207709 0.212759 0.286648 0.552147 0.228693 0.253453
54.400000 0.272847 0.393158 0.207555 0.212530 0.287100 0.551900 0.228716 0.253502
54.600000 0.273119 0.393666 0.207555 0.212960 0.287533 0.551943 0.228584 0.253853
54.800000 0.273126 0.394108 0.207684 0.213004 0.287702 0.552167 0.229012 0.253956
55.000000 0.273066 0.394111 0.207815 0.213003 0.288132 0.552153 0.228733 0.254082
55.200000 0.272983 0.394609 0.207541 0.212721 0.288500 0.552298 0.229045 0.254365
55.400000 0.273089 0.394782 0.207686 0.212888 0.288798 0.552120 0.229135 0.254524
55.600000 0.273118 0.395139 0.207703 0.213011 0.289220 0.552237 0.229278 0.254801
55.800000 0.273016 0.395569 0.207816 0.212895 0.289453 0.552222 0.229244 0.254986
56.000000 0.273101 0.395920 0.207773 0.212957 0.289695 0.552481 0.229257 0.255235
56.200000 0.272995 0.396375 0.207785 0.212926 0.290057 0.552394 0.229292 0.255558
56.400000 0.273001 0.396442 0.207965 0.212959 0.290396 0.552647 0.229451 0.255652
56.600000 0.272851 0.396732 0.207775 0.212810 0.290647 0.552645 0.229578 0.255805
56.800000 0.272954 0.397313 0.207667 0.212905 0.291074 0.552556 0.229789 0.255895
57.000000 0.272993 0.397213 0.207718 0.213023 0.291374 0.552672 0.229761 0.256208
57.200000 0.272943 0.397753 0.207615 0.212962 0.291636 0.552707 0.229783 0.256442
57.400000 0.272950 0.398063 0.207694 0.212929 0.291958 0.552797 0.229778 0.256230
57.600000 0.272931 0.398350 0.207726 0.213126 0.292074 0.552861 0.229834 0.256914
57.800000 0.272911 0.398711 0.207452 0.212910 0.292454 0.552736 0.229829 0.256844
58.000000 0.272947 0.398886 0.207719 0.213038 0.292845 0.553121 0.230235 0.257151
58.200000 0.272957 0.399261 0.207818 0.213149 0.293030 0.553037 0.230224 0.257366
58.400000 0.272940 0.399531 0.207882 0.213019 0.293322 0.553119 0.230104 0.257466
58.600000 0.272902 0.399687 0.207691 0.212929 0.293605 0.553045 0.230358 0.257686
58.800000 0.272954 0.400153 0.207782 0.212973 0.294101 0.553200 0.230359 0.257900
59.000000 0.272853 0.400400 0.207736 0.213028 0.294314 0.553260 0.230418 0.258116
59.200000 0.272957 0.400764 0.207695 0.213074 0.294617 0.553315 0.230566 0.258322
59.400000 0.272937 0.400865 0.207787 0.213097 0.294952 0.553430 0.230576 0.258432
59.600000 0.272945 0.401215 0.207685 0.213066 0.295391 0.553396 0.230609 0.258620
59.800000 0.272945 0.401695 0.207689 0.213086 0.295365 0.553330 0.230619 0.258827
60.000000 0.272828 0.401802 0.207695 0.213093 0.295807 0.553452 0.230716 0.259092
60.200000 0.272949 0.402161 0.207798 0.213094 0.296102 0.553474 0.230726 0.259140
60.400000 0.272926 0.402324 0.207688 0.212901 0.296422 0.553540 0.230895 0.259357
60.600000 0.272956 0.402677 0.207778 0.213121 0.296668 0.553589 0.230938 0.259512
60.800000 0.272934 0.402933 0.207974 0.213106 0.296995 0.553773 0.231161 0.259586
61.000000 0.272923 0.403380 0.207817 0.213032 0.297331 0.553649 0.231079 0.259855
61.200000 0.272921 0.403700 0.207781 0.213146 0.297571 0.553841 0.231136 0.260077
61.400000 0.272961 0.403759 0.207779 0.213150 0.297972 0.553768 0.231129 0.260277
61.600000 0.272948 0.404072 0.207710 0.213050 0.298038 0.553941 0.231248 0.260316
61.800000 0.272959 0.403920 0.207958 0.213043 0.298345 0.553802 0.231338 0.260468
62.000000 0.272911 0.404535 0.207675 0.213017 0.298704 0.554035 0.231373 0.260729
62.200000 0.272906 0.404864 0.207976 0.213246 0.299191 0.554139 0.231486 0.261019
62.400000 0.272902 0.405325 0.207791 0.213130 0.299392 0.554121 0.231489 0.261306
62.600000 0.272846 0.405299 0.207772 0.213234 0.299644 0.554131 0.231668 0.261488
62.800000 0.272905 0.405795 0.207840 0.213167 0.299851 0.554068 0.231655 0.261572
63.000000 0.272933 0.406004 0.207707 0.213443 0.300250 0.553892 0.231745 0.261732
63.200000 0.272843 0.406194 0.207927 0.213203 0.300486 0.554202 0.231719 0.261955
63.400000 0.272879 0.406545 0.207907 0.213262 0.300859 0.554314 0.231909 0.261964
63.600000 0.272875 0.406806 0.207788 0.213088 0.301095 0.554239 0.231854 0.262172
63.800000 0.272979 0.406969 0.207887 0.213265 0.301318 0.554366 0.231913 0.262269
64.000000 0.272858 0.407294 0.207766 0.213280 0.301548 0.554630 0.232014 0.262515
64.200000 0.272695 0.407410 0.207425 0.213211 0.301873 0.554641 0.232055 0.262823
64.400000 0.272740 0.407752 0.207764 0.213293 0.302012 0.554607 0.232022 0.262823
64.600000 0.272802 0.407887 0.207813 0.213191 0.302389 0.554558 0.232142 0.262991
64.800000 0.272755 0.408467 0.207969 0.213173 0.302594 0.554740 0.232164 0.263313
65.000000 0.272777 0.408378 0.207697 0.213459 0.302893 0.554873 0.232095 0.263453
65.200000 0.272781 0.408914 0.207675 0.213223 0.303049 0.554659 0.232272 0.263376
65.400000 0.272716 0.409235 0.207943 0.213222 0.303490 0.554921 0.232348 0.263540
65.600000 0.272753 0.409315 0.207779 0.213182 0.303763 0.555109 0.232381 0.263962
65.800000 0.272748 0.409454 0.207825 0.213279 0.303937 0.555027 0.232406 0.263876
66.000000 0.272544 0.409673 0.207817 0.213189 0.304239 0.555112 0.232401 0.264111
66.200000 0.272730 0.409832 0.207828 0.213466 0.304430 0.555081 0.232407 0.264282
66.400000 0.272541 0.410304 0.207794 0.213227 0.304748 0.555021 0.232773 0.264482
66.600000 0.272732 0.410413 0.207881 0.213320 0.304941 0.555159 0.232763 0.264465
66.800000 0.272640 0.410602 0.207772 0.213282 0.305368 0.555314 0.232567 0.264617
67.000000 0.272645 0.410849 0.207813 0.213200 0.305473 0.555149 0.232736 0.264769
67.200000 0.272660 0.411038 0.207767 0.213461 0.305687 0.555360 0.232831 0.265100
67.400000 0.272650 0.411088 0.207680 0.213289 0.306001 0.555253 0.232822 0.265340
67.600000 0.272601 0.411392 0.207632 0.213345 0.306241 0.555328 0.232721 0.265206
67.800000 0.272617 0.411642 0.207809 0.213398 0.306483 0.555346 0.233105 0.265642
68.000000 0.272595 0.411895 0.207390 0.213074 0.306590 0.555443 0.232871 0.265796
68.200000 0.272522 0.412188 0.207730 0.213391 0.306855 0.555499 0.233142 0.265784
68.400000 0.272575 0.412219 0.207704 0.213341 0.307293 0.555614 0.233095 0.266017
68.600000 0.272594 0.412618 0.207714 0.213540 0.307189 0.555670 0.233021 0.266017
68.800000 0.272517 0.412793 0.207787 0.213235 0.307627 0.555517 0.233044 0.266249
69.000000 0.272548 0.413141 0.207863 0.213770 0.308000 0.555747 0.233215 0.266518
69.200000 0.272384 0.413377 0.207737 0.213433 0.308268 0.555838 0.233309 0.266582
69.400000 0.272501 0.413370 0.207734 0.213439 0.308417 0.555852 0.233037 0.266822
69.600000 0.272453 0.413755 0.207950 0.213423 0.308669 0.555905 0.233318 0.266744
69.800000 0.272346 0.413982 0.207817 0.213408 0.308929 0.555892 0.233260 0.266984
70.000000 0.272394 0.414172 0.208127 0.213336 0.309001 0.555883 0.233578 0.267041
70.200000 0.272454 0.414349 0.207850 0.213420 0.309395 0.556085 0.233473 0.267274
70.400000 0.272416 0.414452 0.207807 0.213437 0.309505 0.556072 0.233474 0.267389
70.600000 0.272455 0.414630 0.207759 0.213454 0.309520 0.555906 0.233490 0.267562
70.800000 0.272386 0.414916 0.207672 0.213404 0.310029 0.556052 0.233493 0.267686
71.000000 0.272241 0.415168 0.207814 0.213432 0.310277 0.556046 0.233619 0.267841
71.200000 0.272363 0.415440 0.207852 0.213380 0.310459 0.556301 0.233723 0.267810
71.400000 0.272300 0.415509 0.207816 0.213411 0.310546 0.556279 0.233724 0.267993
71.600000 0.272248 0.415764 0.207921 0.213386 0.310945 0.556227 0.233739 0.268168
71.800000 0.272269 0.415946 0.207742 0.213329 0.311045 0.556399 0.233679 0.268328
72.000000 0.272307 0.416099 0.207733 0.213598 0.311327 0.556495 0.233705 0.268524
72.200000 0.272245 0.416343 0.207964 0.213399 0.311537 0.556468 0.233671 0.268583
72.400000 0.272086 0.416464 0.207846 0.213460 0.311877 0.556532 0.233712 0.268748
72.600000 0.272273 0.416949 0.207750 0.213416 0.311934 0.556545 0.234055 0.268953
72.800000 0.272269 0.416944 0.207891 0.213509 0.312156 0.556610 0.233780 0.268925
73.000000 0.272234 0.417219 0.207702 0.213383 0.312408 0.556734 0.233986 0.269147
73.200000 0.272056 0.417056 0.207894 0.213395 0.312554 0.556711 0.234029 0.269235
73.400000 0.272280 0.417330 0.207792 0.213554 0.273521 0.556652 0.234069 0.269213
73.600000 0.272278 0.417520 0.207801 0.213594 0.313105 0.556679 0.234176 0.269438
73.800000 0.272273 0.417513 0.207956 0.213513 0.313116 0.556855 0.234345 0.269491
74.000000 0.272265 0.417901 0.207816 0.213462 0.313335 0.557032 0.234288 0.269706
74.200000 0.272314 0.418157 0.207909 0.213571 0.313616 0.557039 0.234331 0.269902
74.400000 0.272250 0.418277 0.207746 0.213617 0.313910 0.557147 0.234329 0.270017
74.600000 0.272297 0.418517 0.207673 0.213538 0.313915 0.557060 0.234261 0.270131
74.800000 0.272217 0.418752 0.207830 0.213315 0.314313 0.557079 0.273363 0.270274
75.000000 0.272263 0.418927 0.207847 0.213406 0.314494 0.557250 0.195390 0.270356
75.200000 0.272285 0.419017 0.207955 0.213473 0.314595 0.557247 0.234460 0.270430
75.400000 0.272242 0.419262 0.207857 0.213588 0.314818 0.557206 0.234455 0.270594
75.600000 0.272114 0.419214 0.207961 0.213544 0.314998 0.557269 0.234475 0.270678
75.800000 0.272074 0.419407 0.207696 0.213555 0.315203 0.557211 0.234486 0.270693
76.000000 0.272255 0.419699 0.207955 0.213575 0.315361 0.557303 0.234486 0.270965
76.200000 0.272350 0.419865 0.207976 0.213679 0.315599 0.557457 0.234577 0.271238
76.400000 0.272219 0.420168 0.207963 0.213556 0.315783 0.557532 0.234646 0.271188
76.600000 0.272133 0.420115 0.207862 0.213577 0.315903 0.557617 0.234672 0.271350
76.800000 0.272139 0.420378 0.207968 0.213563 0.316116 0.557532 0.234708 0.271369
77.000000 0.272192 0.420648 0.207897 0.213552 0.316433 0.557595 0.234587 0.271570
77.200000 0.272157 0.420668 0.208116 0.213724 0.316378 0.557688 0.234910 0.271403
77.400000 0.272187 0.420977 0.207937 0.213612 0.316644 0.557778 0.234762 0.271722
77.600000 0.272009 0.420961 0.207871 0.213593 0.316475 0.557845 0.234745 0.271826
77.800000 0.272157 0.421032 0.207854 0.213505 0.316984 0.557778 0.234862 0.271779
78.000000 0.272189 0.421286 0.207949 0.213541 0.317184 0.557908 0.234936 0.271973
78.200000 0.272177 0.421420 0.207841 0.213621 0.317332 0.557710 0.234910 0.272080
78.400000 0.272183 0.421571 0.207925 0.213543 0.317484 0.557997 0.234960 0.271930
78.600000 0.272258 0.421727 0.207928 0.213618 0.317826 0.558024 0.234835 0.272316
78.800000 0.272206 0.421810 0.207893 0.213769 0.317848 0.557944 0.234985 0.272448
79.000000 0.272204 0.422127 0.207961 0.213679 0.318133 0.558189 0.235090 0.272388
79.200000 0.272194 0.422117 0.207961 0.213487 0.318126 0.558115 0.235030 0.272540
79.400000 0.272367 0.422276 0.207889 0.213573 0.318164 0.558239 0.235063 0.272748
79.600000 0.272089 0.422364 0.207969 0.213702 0.318506 0.558310 0.235282 0.272832
79.800000 0.272191 0.422596 0.207882 0.213485 0.318875 0.558179 0.235010 0.272968
80.000000 0.272254 0.422908 0.207846 0.213488 0.319045 0.558450 0.235213 0.273045
80.200000 0.272265 0.422922 0.207826 0.213727 0.319041 0.558332 0.235240 0.273153
80.400000 0.272297 0.423098 0.207849 0.213478 0.319207 0.558178 0.235179 0.273156
80.600000 0.272107 0.423155 0.207953 0.213540 0.319396 0.558455 0.235279 0.273330
80.800000 0.272238 0.423408 0.207889 0.213518 0.319412 0.558565 0.235260 0.273572
81.000000 0.272207 0.423339 0.207928 0.213677 0.319603 0.558475 0.235328 0.273507
81.200000 0.272183 0.423533 0.207729 0.213531 0.319726 0.558640 0.235389 0.273508
81.400000 0.272172 0.423619 0.207721 0.213631 0.319924 0.558524 0.235373 0.273640
81.600000 0.272098 0.423781 0.207942 0.213676 0.320050 0.558713 0.235394 0.273607
81.800000 0.272191 0.423791 0.208097 0.213775 0.320162 0.558764 0.235392 0.273821
82.000000 0.272075 0.424122 0.207931 0.213714 0.320407 0.558725 0.235305 0.273960
82.200000 0.272172 0.424322 0.207826 0.213740 0.320357 0.558782 0.235508 0.274032
82.400000 0.272216 0.424303 0.207952 0.213691 0.320720 0.558882 0.235500 0.274118
82.600000 0.272167 0.424392 0.207739 0.213643 0.320819 0.558850 0.235450 0.274345
82.800000 0.272171 0.424622 0.207841 0.213522 0.320898 0.558829 0.235505 0.274243
83.000000 0.272161 0.424557 0.207954 0.213627 0.321026 0.559080 0.235505 0.274257
83.200000 0.272155 0.424849 0.207860 0.213551 0.321220 0.558986 0.235528 0.274435
83.400000 0.272164 0.425073 0.207958 0.213653 0.321252 0.558793 0.235532 0.274394
83.600000 0.272208 0.425052 0.207827 0.213741 0.321380 0.558996 0.235482 0.274578
83.800000 0.272092 0.424828 0.207860 0.213690 0.321649 0.559228 0.235602 0.274669
84.000000 0.272116 0.425359 0.207862 0.213669 0.321717 0.559191 0.235665 0.274759
84.200000 0.272109 0.425414 0.207700 0.213551 0.321605 0.559141 0.235742 0.274802
84.400000 0.272044 0.425159 0.207852 0.213690 0.321698 0.559182 0.235630 0.274866
84.600000 0.272053 0.425451 0.207894 0.213746 0.321863 0.559239 0.235562 0.274938
84.800000 0.272023 0.425594 0.207973 0.213729 0.322135 0.559291 0.235659 0.275126
85.000000 0.272037 0.425870 0.207961 0.213705 0.322294 0.559343 0.235677 0.275114
85.200000 0.272036 0.425987 0.207911 0.213877 0.322381 0.559266 0.235602 0.275223
85.400000 0.271966 0.426170 0.207686 0.213487 0.322387 0.558937 0.235477 0.274975
85.600000 0.271798 0.426008 0.207694 0.213559 0.322614 0.559197 0.235508 0.275177
85.800000 0.271615 0.426053 0.207734 0.213578 0.322664 0.559262 0.235469 0.275232
86.000000 0.271946 0.426454 0.207917 0.213771 0.322977 0.559280 0.235796 0.275548
86.200000 0.272034 0.426476 0.207943 0.213751 0.323224 0.559625 0.235844 0.275604
86.400000 0.271768 0.426512 0.207881 0.213529 0.323217 0.559613 0.235845 0.275575
86.600000 0.272011 0.426763 0.207879 0.213769 0.323461 0.559666 0.235842 0.275831
86.800000 0.271909 0.426790 0.207960 0.213485 0.323577 0.559589 0.236014 0.275801
87.000000 0.271933 0.426813 0.207923 0.213674 0.323662 0.559754 0.235922 0.275902
87.200000 0.271762 0.426909 0.207680 0.213670 0.323645 0.559844 0.235958 0.275867
87.400000 0.271944 0.427208 0.207934 0.213760 0.324020 0.559706 0.235984 0.275999
87.600000 0.271927 0.427119 0.207883 0.213724 0.323999 0.559991 0.235953 0.276259
87.800000 0.271939 0.427370 0.208045 0.213814 0.324205 0.559915 0.236005 0.276162
88.000000 0.271766 0.427488 0.207960 0.213798 0.324256 0.559891 0.235983 0.276117
88.200000 0.271919 0.427417 0.207801 0.213925 0.324482 0.560014 0.236029 0.276302
88.400000 0.271777 0.427565 0.207915 0.213913 0.324472 0.560110 0.236000 0.276399
88.600000 0.271762 0.427617 0.207912 0.213696 0.324453 0.560023 0.235925 0.276375
88.800000 0.271861 0.427753 0.207884 0.213845 0.324695 0.560128 0.236057 0.276354
89.000000 0.271934 0.427982 0.207937 0.213627 0.324622 0.559902 0.235941 0.276499
89.200000 0.271792 0.427969 0.207933 0.213745 0.324916 0.560296 0.236107 0.276665
89.400000 0.271794 0.428088 0.208085 0.213766 0.325019 0.560097 0.236274 0.276655
89.600000 0.271938 0.428129 0.207897 0.213800 0.325248 0.560002 0.236129 0.276752
89.800000 0.271786 0.428237 0.207936 0.213910 0.325173 0.560337 0.236188 0.276697
90.000000 0.271950 0.428287 0.207847 0.213775 0.325376 0.560423 0.236359 0.276805
