0.200000 0.050554 0.400156 0.136824 0.208043 0.476986 0.497418 0.206392 0.395880
0.400000 0.050448 0.399132 0.136569 0.207500 0.474157 0.497359 0.205914 0.393955
0.600000 0.050455 0.398427 0.136650 0.206778 0.472235 0.497295 0.205507 0.392445
0.800000 0.050436 0.397874 0.136476 0.206603 0.470501 0.497204 0.205352 0.391146
1.000000 0.050440 0.397262 0.136490 0.206088 0.468996 0.497263 0.205099 0.389850
1.200000 0.050421 0.396606 0.136524 0.205593 0.467262 0.497143 0.204600 0.388338
1.400000 0.050265 0.396041 0.136533 0.205166 0.465688 0.497041 0.204380 0.387243
1.600000 0.050368 0.395434 0.136337 0.204904 0.463797 0.496871 0.204033 0.385981
1.800000 0.050387 0.395021 0.136380 0.204297 0.462304 0.496751 0.203940 0.384750
2.000000 0.050365 0.394331 0.136125 0.203804 0.460851 0.496734 0.203555 0.383506
2.200000 0.050415 0.393701 0.136068 0.203523 0.459136 0.496678 0.203304 0.382152
2.400000 0.050493 0.393366 0.136160 0.203036 0.457369 0.496619 0.203064 0.380908
2.600000 0.050362 0.392741 0.136002 0.202513 0.455855 0.496763 0.202646 0.379686
2.800000 0.050468 0.392234 0.136111 0.202291 0.454410 0.496557 0.202541 0.378549
3.000000 0.050322 0.391588 0.136003 0.201873 0.452446 0.496610 0.202272 0.377273
3.200000 0.050332 0.391092 0.135812 0.201331 0.451230 0.496453 0.201977 0.376074
3.400000 0.050144 0.429674 0.136083 0.201039 0.449624 0.496310 0.201605 0.374939
3.600000 0.050321 0.389950 0.135888 0.200755 0.448145 0.496378 0.201459 0.373747
3.800000 0.050292 0.389540 0.135742 0.200226 0.446606 0.496134 0.201136 0.372576
4.000000 0.050281 0.388947 0.135745 0.200015 0.445016 0.496105 0.200884 0.371405
4.200000 0.050258 0.388382 0.135694 0.199469 0.443724 0.496192 0.200502 0.370295
4.400000 0.050235 0.387838 0.135486 0.199187 0.442158 0.496060 0.200255 0.368980
4.600000 0.050235 0.387493 0.135652 0.198764 0.440534 0.495964 0.200191 0.367995
4.800000 0.050207 0.386823 0.135594 0.198218 0.438998 0.495822 0.199787 0.366867
5.000000 0.050229 0.386655 0.135544 0.197989 0.437648 0.495884 0.199439 0.365785
5.200000 0.050222 0.385977 0.135452 0.197548 0.436323 0.495618 0.199270 0.364677
5.400000 0.050234 0.385477 0.135449 0.197064 0.434986 0.495463 0.198991 0.363558
5.600000 0.050153 0.384792 0.135055 0.196911 0.433218 0.495373 0.198662 0.362367
5.800000 0.050198 0.384521 0.135195 0.196633 0.432065 0.495527 0.198374 0.361567
6.000000 0.050171 0.384188 0.135353 0.196175 0.430720 0.495319 0.198162 0.360316
6.200000 0.050185 0.383476 0.135304 0.195868 0.429241 0.495271 0.198054 0.359296
6.400000 0.050181 0.383105 0.135227 0.195366 0.427800 0.495443 0.197613 0.358001
6.600000 0.050131 0.382480 0.135184 0.194941 0.425984 0.495055 0.197148 0.356674
6.800000 0.050135 0.381815 0.135131 0.194480 0.424588 0.495126 0.197074 0.355806
7.000000 0.050143 0.381387 0.135180 0.194236 0.423167 0.494883 0.196784 0.354579
7.200000 0.050105 0.380997 0.135161 0.194008 0.422017 0.494989 0.196522 0.353604
7.400000 0.050144 0.380569 0.135031 0.193553 0.420677 0.494875 0.196062 0.352529
7.600000 0.050083 0.380217 0.134955 0.193313 0.419213 0.494726 0.196040 0.351559
7.800000 0.049934 0.379714 0.135022 0.193013 0.418019 0.494755 0.195622 0.350640
8.000000 0.050062 0.379205 0.134905 0.192609 0.416712 0.494719 0.195486 0.349674
8.200000 0.050097 0.378817 0.134960 0.192289 0.415437 0.494624 0.195249 0.348657
8.400000 0.050061 0.378420 0.134814 0.191883 0.414199 0.494629 0.194994 0.347608
8.600000 0.050168 0.378042 0.134751 0.191717 0.413010 0.494404 0.194721 0.346756
8.800000 0.050035 0.377584 0.134622 0.191221 0.411648 0.494279 0.194430 0.345676
9.000000 0.050030 0.377134 0.134661 0.191090 0.410536 0.494282 0.194098 0.344710
9.200000 0.050190 0.376766 0.134701 0.190814 0.409324 0.494270 0.194024 0.344067
9.400000 0.050043 0.376288 0.134317 0.190528 0.408149 0.494146 0.193822 0.342870
9.600000 0.050011 0.375825 0.134579 0.190221 0.406850 0.494135 0.193579 0.341956
9.800000 0.050003 0.375622 0.134463 0.189752 0.405799 0.493950 0.193195 0.341200
10.000000 0.050011 0.375137 0.134463 0.189562 0.404502 0.494031 0.192767 0.340321
10.200000 0.049987 0.374622 0.134491 0.189286 0.403451 0.493794 0.192772 0.339443
10.400000 0.049942 0.374230 0.134466 0.188971 0.402288 0.493916 0.192562 0.338515
10.600000 0.050045 0.373995 0.134366 0.188642 0.401087 0.493909 0.192371 0.337775
10.800000 0.049970 0.373548 0.134337 0.188417 0.400028 0.493707 0.192099 0.336784
11.000000 0.049897 0.373012 0.134376 0.188208 0.398852 0.493618 0.191866 0.335854
11.200000 0.050009 0.372810 0.134305 0.187796 0.397733 0.493618 0.191637 0.335000
11.400000 0.049940 0.372433 0.134142 0.187591 0.396683 0.493494 0.191442 0.334219
11.600000 0.049946 0.372069 0.134231 0.187227 0.395454 0.493524 0.191176 0.333285
11.800000 0.049777 0.371599 0.134196 0.186943 0.394480 0.493193 0.191013 0.332556
12.000000 0.049924 0.371341 0.133983 0.186641 0.393233 0.493233 0.190592 0.331863
12.200000 0.049897 0.370795 0.134081 0.186543 0.392163 0.493290 0.190489 0.330659
12.400000 0.049915 0.370591 0.134070 0.186053 0.391219 0.493097 0.190246 0.330181
12.600000 0.049849 0.370109 0.134025 0.185823 0.389914 0.492883 0.189827 0.328865
12.800000 0.050024 0.369445 0.133919 0.185620 0.388801 0.492948 0.189726 0.328111
13.000000 0.049886 0.369418 0.133977 0.185259 0.388013 0.492741 0.189517 0.327377
13.200000 0.049593 0.368981 0.133824 0.185186 0.387053 0.492852 0.189222 0.326880
13.400000 0.049861 0.368657 0.133923 0.184875 0.386109 0.492795 0.189120 0.326210
13.600000 0.049874 0.368367 0.133798 0.184606 0.385119 0.492705 0.188919 0.325429
13.800000 0.049828 0.368078 0.133838 0.184336 0.384385 0.492604 0.188712 0.324557
14.000000 0.049856 0.367793 0.133700 0.184136 0.383241 0.492435 0.188525 0.323983
14.200000 0.049854 0.367548 0.133693 0.184006 0.382392 0.492553 0.188276 0.323430
14.400000 0.049835 0.366861 0.133548 0.183631 0.381593 0.492537 0.188001 0.322430
14.600000 0.049790 0.366935 0.133606 0.183458 0.380629 0.492265 0.187910 0.321912
14.800000 0.049807 0.366364 0.133781 0.183371 0.379714 0.492215 0.187546 0.321227
15.000000 0.049934 0.366296 0.133784 0.183001 0.379006 0.492184 0.187402 0.320576
15.200000 0.049791 0.365911 0.133660 0.182793 0.377810 0.492010 0.187343 0.319907
15.400000 0.049816 0.365740 0.133641 0.182512 0.377038 0.491845 0.187142 0.319244
15.600000 0.049768 0.365307 0.133526 0.182197 0.376129 0.492171 0.186895 0.318529
15.800000 0.049806 0.364889 0.133526 0.181934 0.375292 0.491917 0.186700 0.317771
16.000000 0.049753 0.364820 0.133650 0.181832 0.374511 0.491927 0.186475 0.317205
16.200000 0.049640 0.364452 0.133445 0.181663 0.373629 0.491853 0.186345 0.316497
16.400000 0.049889 0.364093 0.133426 0.181308 0.372720 0.491773 0.186295 0.315906
16.600000 0.049754 0.363838 0.133468 0.181201 0.371957 0.491738 0.185853 0.315390
16.800000 0.049604 0.363508 0.133454 0.180998 0.371039 0.491549 0.185763 0.314566
17.000000 0.049740 0.363295 0.133513 0.180760 0.370160 0.491551 0.185483 0.313969
17.200000 0.049727 0.362932 0.133235 0.180517 0.369315 0.491417 0.185379 0.313190
17.400000 0.049728 0.362690 0.133250 0.180374 0.368734 0.491428 0.185128 0.312525
17.600000 0.049721 0.362424 0.133314 0.180191 0.367597 0.491334 0.184991 0.312074
17.800000 0.049739 0.362108 0.133063 0.179777 0.366969 0.491256 0.184684 0.311288
18.000000 0.049716 0.361929 0.133297 0.179692 0.366159 0.491234 0.184660 0.310841
18.200000 0.049664 0.361585 0.133065 0.179570 0.364903 0.491060 0.184463 0.310354
18.400000 0.049685 0.361380 0.133085 0.179380 0.364512 0.491055 0.184264 0.309454
18.600000 0.049682 0.361033 0.133144 0.179054 0.363693 0.490913 0.184084 0.309039
18.800000 0.049740 0.360853 0.133097 0.178977 0.362924 0.490905 0.183937 0.308384
19.000000 0.049661 0.360462 0.132964 0.178636 0.361688 0.490820 0.183625 0.307372
19.200000 0.049652 0.360111 0.133190 0.178521 0.361055 0.490774 0.183275 0.306925
19.400000 0.049654 0.359922 0.133007 0.178252 0.360303 0.490628 0.183387 0.306323
19.600000 0.049673 0.359605 0.133020 0.177920 0.359564 0.490710 0.182965 0.305645
19.800000 0.049679 0.359371 0.132990 0.177804 0.358795 0.490660 0.182961 0.305265
20.000000 0.049652 0.358974 0.132941 0.177640 0.358064 0.490504 0.182763 0.304671
20.200000 0.049518 0.358883 0.132965 0.177352 0.357231 0.490509 0.182495 0.303977
20.400000 0.049634 0.358567 0.133013 0.177231 0.356479 0.490377 0.182426 0.303581
20.600000 0.049645 0.358249 0.132881 0.177004 0.355929 0.490323 0.182329 0.302979
20.800000 0.049469 0.358136 0.132778 0.176699 0.355168 0.490366 0.181798 0.302227
21.000000 0.049480 0.357538 0.132992 0.176593 0.354416 0.490238 0.181921 0.301905
21.200000 0.049706 0.357382 0.132838 0.176437 0.353705 0.490061 0.181852 0.301173
21.400000 0.049708 0.357322 0.132811 0.176493 0.353055 0.490005 0.181534 0.300819
21.600000 0.049599 0.357107 0.132818 0.176113 0.352328 0.490000 0.181376 0.300266
21.800000 0.049734 0.356876 0.132697 0.175986 0.351620 0.489910 0.181205 0.299710
22.000000 0.049450 0.356749 0.132706 0.175851 0.350932 0.489879 0.181047 0.299158
22.200000 0.049580 0.356341 0.132692 0.175711 0.350213 0.489712 0.180857 0.298660
22.400000 0.049585 0.356066 0.132664 0.175613 0.349531 0.489761 0.180691 0.298096
22.600000 0.049467 0.355859 0.132681 0.175356 0.348966 0.489749 0.180553 0.297647
22.800000 0.049546 0.355640 0.132732 0.175093 0.348146 0.489508 0.180236 0.297024
23.000000 0.049536 0.355327 0.132577 0.174902 0.347518 0.489572 0.180349 0.296571
23.200000 0.049522 0.355098 0.132446 0.174760 0.346884 0.489361 0.179787 0.296072
23.400000 0.049536 0.354874 0.132507 0.174583 0.346122 0.489388 0.179905 0.295546
23.600000 0.049357 0.354667 0.132550 0.174404 0.345573 0.489319 0.179614 0.294967
23.800000 0.049543 0.354331 0.132464 0.174238 0.344867 0.489239 0.179320 0.294504
24.000000 0.049531 0.354300 0.132449 0.174090 0.344203 0.489198 0.179292 0.294099
24.200000 0.049557 0.353973 0.132299 0.174043 0.343616 0.489159 0.179145 0.293579
24.400000 0.049390 0.353515 0.132355 0.173692 0.342886 0.488902 0.179113 0.292969
24.600000 0.049521 0.353499 0.132456 0.173501 0.342342 0.488760 0.178971 0.292646
24.800000 0.049510 0.352947 0.132443 0.173424 0.341695 0.488914 0.178772 0.292165
25.000000 0.049493 0.353069 0.132304 0.173288 0.340928 0.488821 0.178625 0.291638
25.200000 0.049492 0.352726 0.132318 0.173118 0.340171 0.488817 0.178471 0.291079
25.400000 0.049495 0.352473 0.132332 0.172954 0.339693 0.488729 0.178308 0.290620
25.600000 0.049313 0.352184 0.132279 0.172597 0.338994 0.488522 0.178216 0.290027
25.800000 0.049490 0.352306 0.132413 0.172582 0.338330 0.488616 0.178036 0.289651
26.000000 0.049466 0.351889 0.132413 0.172449 0.337745 0.488472 0.178008 0.289290
26.200000 0.049321 0.351692 0.132142 0.172267 0.337253 0.488460 0.177755 0.288758
26.400000 0.049461 0.351522 0.132180 0.172135 0.336695 0.488408 0.177588 0.288390
26.600000 0.049586 0.351176 0.132242 0.171855 0.336080 0.488375 0.177330 0.287865
26.800000 0.049556 0.351067 0.132151 0.171753 0.335407 0.488188 0.177288 0.287359
27.000000 0.049289 0.350947 0.132146 0.171804 0.334870 0.488021 0.177049 0.286889
27.200000 0.049554 0.350542 0.132157 0.171456 0.334282 0.487993 0.176991 0.286436
27.400000 0.049453 0.350431 0.132234 0.171353 0.333580 0.488063 0.176831 0.286045
27.600000 0.049586 0.350212 0.132272 0.171195 0.333023 0.487940 0.176706 0.285587
27.800000 0.049434 0.350180 0.132051 0.170865 0.332530 0.488033 0.176570 0.285149
28.000000 0.049286 0.349593 0.132055 0.170761 0.331914 0.487801 0.176442 0.284669
28.200000 0.049575 0.349557 0.132123 0.170708 0.331354 0.487761 0.176117 0.284184
28.400000 0.049390 0.349391 0.131924 0.170575 0.330682 0.487636 0.176107 0.283707
28.600000 0.049410 0.349194 0.131910 0.170585 0.330114 0.487662 0.175959 0.283414
28.800000 0.049403 0.348941 0.131800 0.170429 0.329857 0.487421 0.175889 0.283021
29.000000 0.049383 0.348617 0.131976 0.170190 0.329190 0.487371 0.175635 0.282561
29.200000 0.049362 0.348393 0.131871 0.170130 0.328571 0.487512 0.175549 0.282005
29.400000 0.049397 0.348345 0.131891 0.169816 0.328075 0.487356 0.175568 0.281535
29.600000 0.049325 0.348145 0.131684 0.169703 0.327519 0.487278 0.175340 0.281372
29.800000 0.049368 0.347931 0.131868 0.169451 0.326880 0.487352 0.175024 0.280973
30.000000 0.049288 0.347670 0.131809 0.169476 0.326301 0.487081 0.175139 0.280512
30.200000 0.049354 0.347536 0.131732 0.169289 0.325835 0.487171 0.174963 0.280069
30.400000 0.049343 0.347379 0.131637 0.169099 0.325365 0.486952 0.174754 0.279681
30.600000 0.049405 0.347048 0.131759 0.168998 0.324855 0.486928 0.174673 0.279161
30.800000 0.049787 0.347126 0.131745 0.168878 0.323760 0.486720 0.174483 0.278873
31.000000 0.050279 0.346792 0.131709 0.168535 0.323861 0.486855 0.174285 0.278510
31.200000 0.051196 0.346594 0.131699 0.168648 0.323536 0.486929 0.174288 0.278286
31.400000 0.052036 0.346481 0.131699 0.168615 0.323572 0.486613 0.174211 0.278298
31.600000 0.053424 0.346372 0.131789 0.168718 0.324218 0.486677 0.174097 0.278519
31.800000 0.054808 0.346463 0.131706 0.168619 0.325050 0.486710 0.174092 0.279250
32.000000 0.056225 0.346809 0.131732 0.169008 0.326716 0.486512 0.174096 0.280535
32.200000 0.057565 0.347077 0.131929 0.169338 0.329207 0.486563 0.173991 0.282322
32.400000 0.058953 0.348224 0.132073 0.170209 0.332618 0.486729 0.174153 0.284661
32.600000 0.060191 0.349625 0.132222 0.171248 0.336844 0.486506 0.174371 0.287849
32.800000 0.061432 0.351683 0.132515 0.172475 0.341916 0.486582 0.174458 0.291433
33.000000 0.062504 0.354563 0.133004 0.174225 0.347628 0.486472 0.174670 0.295425
33.200000 0.063621 0.358139 0.133556 0.176014 0.354156 0.486410 0.174722 0.300168
33.400000 0.064392 0.362672 0.134255 0.178170 0.361230 0.486598 0.175018 0.305570
33.600000 0.065207 0.368061 0.134591 0.180338 0.369195 0.486552 0.175425 0.311266
33.800000 0.065947 0.374867 0.135620 0.183141 0.377436 0.486574 0.175658 0.317429
34.000000 0.066615 0.382276 0.136303 0.185899 0.386351 0.486506 0.175997 0.323935
34.200000 0.067014 0.390691 0.137011 0.188744 0.395308 0.486614 0.176309 0.330805
34.400000 0.067626 0.399785 0.137641 0.191644 0.404715 0.486682 0.176824 0.338044
34.600000 0.068065 0.409886 0.138469 0.194511 0.414541 0.486693 0.177216 0.345572
34.800000 0.068479 0.420953 0.139161 0.197365 0.424699 0.486721 0.177595 0.353261
35.000000 0.068955 0.432059 0.139928 0.200201 0.435156 0.486812 0.177994 0.361441
35.200000 0.069099 0.444144 0.140681 0.203332 0.445800 0.486779 0.178499 0.369971
35.400000 0.069343 0.455839 0.141324 0.206100 0.456059 0.486888 0.178936 0.377941
35.600000 0.069569 0.467885 0.142139 0.209039 0.466224 0.486892 0.179166 0.385977
35.800000 0.069819 0.480346 0.142792 0.211748 0.476736 0.487021 0.179647 0.394378
36.000000 0.070036 0.493006 0.143350 0.214484 0.487275 0.487033 0.180042 0.402810
36.200000 0.070032 0.505790 0.143908 0.217400 0.498031 0.487006 0.180436 0.411443
36.400000 0.070195 0.518833 0.144701 0.219933 0.508860 0.486938 0.180880 0.420119
36.600000 0.070239 0.532166 0.145436 0.222673 0.519653 0.486928 0.181192 0.428802
36.800000 0.070367 0.545647 0.146092 0.225655 0.530572 0.487164 0.181726 0.437729
37.000000 0.070463 0.558665 0.146691 0.228128 0.541670 0.487070 0.182227 0.446414
37.200000 0.070513 0.572310 0.147474 0.230944 0.552668 0.487351 0.182753 0.455519
37.400000 0.070629 0.587979 0.148034 0.234205 0.565707 0.487399 0.183120 0.465944
37.600000 0.070629 0.601128 0.148859 0.236876 0.576732 0.487499 0.183684 0.474823
37.800000 0.070675 0.614471 0.149475 0.239542 0.587979 0.487481 0.184125 0.483815
38.000000 0.070676 0.627410 0.149933 0.242009 0.599028 0.487399 0.184582 0.492642
38.200000 0.070710 0.640201 0.150614 0.244900 0.609977 0.487589 0.184843 0.501502
38.400000 0.070737 0.652737 0.151124 0.247280 0.621110 0.487543 0.185543 0.510210
38.600000 0.070733 0.664992 0.151923 0.249825 0.631939 0.487767 0.186035 0.518949
38.800000 0.070768 0.677033 0.152336 0.252437 0.642750 0.487762 0.186609 0.527524
39.000000 0.070716 0.688633 0.152795 0.254962 0.653588 0.487976 0.187023 0.536141
39.200000 0.070943 0.700435 0.153512 0.257484 0.664342 0.487841 0.187261 0.544435
39.400000 0.070769 0.711370 0.154052 0.260143 0.675039 0.487824 0.187769 0.553037
39.600000 0.070694 0.722066 0.154429 0.262421 0.685314 0.488052 0.188372 0.561295
39.800000 0.070801 0.732693 0.155078 0.264741 0.695685 0.488007 0.188816 0.569547
40.000000 0.070655 0.742883 0.155610 0.267249 0.706080 0.488007 0.189216 0.577945
40.200000 0.070810 0.752592 0.156361 0.269757 0.716541 0.488223 0.189950 0.624973
40.400000 0.070803 0.762404 0.156616 0.272314 0.726924 0.488145 0.190005 0.594223
40.600000 0.070696 0.771425 0.157065 0.274516 0.736394 0.488036 0.190696 0.602009
40.800000 0.070826 0.779665 0.157606 0.277009 0.746393 0.488378 0.191137 0.610039
41.000000 0.070854 0.788151 0.157943 0.279510 0.755923 0.488488 0.191528 0.617421
41.200000 0.070781 0.796183 0.158408 0.281539 0.765494 0.488435 0.192090 0.625143
41.400000 0.070872 0.803654 0.158995 0.283924 0.774749 0.488586 0.192416 0.632460
41.600000 0.070903 0.810776 0.159441 0.286142 0.783749 0.488492 0.193093 0.639746
41.800000 0.071031 0.817564 0.159757 0.288457 0.792600 0.488615 0.193557 0.646864
42.000000 0.070878 0.823887 0.160165 0.290802 0.801116 0.488828 0.193995 0.653756
42.200000 0.070882 0.829967 0.160574 0.292962 0.809527 0.488848 0.194478 0.660554
42.400000 0.070865 0.835661 0.160914 0.295032 0.817811 0.488817 0.194995 0.667117
42.600000 0.070903 0.841288 0.161425 0.297136 0.825836 0.489011 0.195391 0.673691
42.800000 0.070906 0.846280 0.161702 0.299439 0.833700 0.488991 0.195876 0.680186
43.000000 0.070868 0.851220 0.162053 0.301163 0.841361 0.488903 0.196309 0.686404
43.200000 0.070910 0.856043 0.162343 0.303618 0.848828 0.489024 0.196745 0.692535
43.400000 0.070924 0.860591 0.162786 0.305507 0.855954 0.489058 0.197261 0.698437
43.600000 0.070845 0.864829 0.163026 0.307695 0.863728 0.489223 0.197698 0.705367
43.800000 0.070922 0.870367 0.163559 0.310524 0.873309 0.489443 0.198427 0.713027
44.000000 0.070921 0.874131 0.163766 0.312500 0.879887 0.489259 0.198864 0.718339
44.200000 0.070940 0.877516 0.164104 0.314741 0.886370 0.489374 0.199425 0.723583
44.400000 0.070803 0.880894 0.164436 0.316564 0.892511 0.489645 0.199783 0.728880
44.600000 0.070819 0.883986 0.164770 0.318521 0.898636 0.489511 0.200213 0.734033
44.800000 0.070962 0.886927 0.164951 0.320178 0.904290 0.489721 0.200637 0.739070
45.000000 0.071055 0.889757 0.165161 0.322406 0.910429 0.489711 0.201127 0.743728
45.200000 0.070978 0.892077 0.165450 0.324169 0.916105 0.489848 0.201571 0.748680
45.400000 0.070974 0.894896 0.165771 0.325787 0.921462 0.489839 0.202000 0.753060
45.600000 0.070832 0.897427 0.165959 0.327836 0.926623 0.489839 0.202354 0.757533
45.800000 0.070980 0.899776 0.166441 0.329572 0.931857 0.489988 0.202979 0.761671
46.000000 0.071005 0.901946 0.166586 0.331318 0.936986 0.489976 0.203291 0.766131
46.200000 0.070961 0.903983 0.166655 0.333147 0.941647 0.490159 0.203733 0.770387
46.400000 0.071020 0.905947 0.166972 0.334827 0.946484 0.490235 0.204263 0.774364
46.600000 0.071014 0.907712 0.167217 0.336676 0.951144 0.490257 0.204667 0.778279
46.800000 0.071032 0.909635 0.167469 0.338345 0.955536 0.490258 0.205141 0.782035
47.000000 0.071090 0.911302 0.167646 0.339981 0.959858 0.490406 0.205599 0.785886
47.200000 0.071005 0.912936 0.167743 0.341741 0.964013 0.490452 0.205961 0.789425
47.400000 0.071049 0.914606 0.168052 0.343432 0.968109 0.490474 0.206379 0.792948
47.600000 0.070827 0.916161 0.168118 0.345152 0.972086 0.490704 0.206554 0.796456
47.800000 0.071025 0.917683 0.168424 0.346534 0.975980 0.490614 0.207237 0.799670
48.000000 0.071007 0.918751 0.168606 0.348063 0.979468 0.490707 0.207714 0.802814
48.200000 0.070998 0.920217 0.168819 0.349833 0.983287 0.490632 0.207942 0.805923
48.400000 0.071004 0.921401 0.168979 0.351386 0.986846 0.490812 0.208461 0.809154
48.600000 0.070993 0.922476 0.169140 0.352904 0.990499 0.490862 0.208756 0.811952
48.800000 0.071009 0.923744 0.169259 0.354319 0.993670 0.491023 0.209357 0.814879
49.000000 0.070987 0.924698 0.169406 0.355859 0.997091 0.491164 0.209718 0.817070
49.200000 0.070835 0.925786 0.169624 0.357486 1.000082 0.491005 0.210258 0.820585
49.400000 0.070980 0.926727 0.169911 0.358722 1.003242 0.491061 0.210450 0.823204
49.600000 0.071023 0.927721 0.170134 0.360548 1.006162 0.491168 0.210986 0.825558
49.800000 0.070880 0.928701 0.170115 0.361793 1.009078 0.491176 0.211483 0.828197
50.000000 0.071056 0.929236 0.170375 0.363596 1.012462 0.491059 0.211927 0.831180
50.200000 0.071005 0.930359 0.170402 0.364992 1.054595 0.491359 0.212299 0.834011
50.400000 0.071002 0.931364 0.170594 0.366581 1.018453 0.491346 0.212824 0.836246
50.600000 0.070980 0.931984 0.170679 0.367865 1.021090 0.491569 0.213273 0.838548
50.800000 0.070995 0.932748 0.170813 0.369333 1.023805 0.491575 0.213522 0.840678
51.000000 0.070977 0.933488 0.171000 0.370670 1.026291 0.491599 0.213963 0.842986
51.200000 0.070983 0.933987 0.171263 0.372110 1.028501 0.491719 0.214500 0.844918
51.400000 0.070977 0.934308 0.171235 0.373309 1.030758 0.491694 0.214734 0.846933
51.600000 0.071008 0.934954 0.171354 0.374557 1.033267 0.491771 0.215083 0.848875
51.800000 0.070815 0.935546 0.171430 0.375894 1.035583 0.491889 0.215472 0.850835
52.000000 0.070847 0.936154 0.171537 0.377485 1.037814 0.491931 0.215982 0.852718
52.200000 0.070818 0.936834 0.171742 0.378593 1.039686 0.492004 0.216296 0.854580
52.400000 0.070944 0.937089 0.171964 0.379767 1.041590 0.491932 0.216649 0.856285
52.600000 0.071044 0.898463 0.171957 0.381143 1.043818 0.492196 0.216872 0.858297
52.800000 0.070894 0.938099 0.172099 0.382345 1.045749 0.492193 0.217294 0.859569
53.000000 0.070946 0.938237 0.172203 0.383557 1.047596 0.492179 0.217806 0.861491
53.200000 0.070872 0.938819 0.172421 0.384824 1.049643 0.492320 0.218152 0.862979
53.400000 0.070925 0.938923 0.172371 0.385906 1.051292 0.492304 0.218367 0.864264
53.600000 0.071073 0.939468 0.172294 0.387148 1.053052 0.492365 0.218927 0.866053
53.800000 0.071099 0.939593 0.172429 0.387968 1.054757 0.492436 0.219223 0.867382
54.000000 0.070903 0.940014 0.172637 0.389553 1.056481 0.492519 0.219615 0.868794
54.200000 0.070952 0.940230 0.172809 0.390359 1.058027 0.492656 0.219975 0.870321
54.400000 0.071089 0.940415 0.172818 0.391754 1.059815 0.492549 0.220463 0.871723
54.600000 0.071092 0.940760 0.173000 0.392858 1.061235 0.492854 0.220785 0.872749
54.800000 0.070947 0.940976 0.172990 0.393868 1.062648 0.492587 0.221002 0.874152
55.000000 0.070970 0.941023 0.173060 0.394838 1.064129 0.492765 0.221338 0.875517
55.200000 0.070975 0.941365 0.173173 0.395978 1.065669 0.492799 0.221740 0.876719
55.400000 0.070804 0.941491 0.173281 0.396956 1.067012 0.492931 0.222164 0.877909
55.600000 0.070941 0.941680 0.173398 0.398229 1.068486 0.492995 0.222452 0.878991
55.800000 0.070927 0.941813 0.173484 0.399129 1.069723 0.492986 0.222719 0.880013
56.000000 0.070987 0.942277 0.173596 0.400112 1.071286 0.493137 0.223147 0.881221
56.200000 0.071012 0.942329 0.173520 0.401355 1.072509 0.493062 0.223397 0.882545
56.400000 0.070996 0.942488 0.173714 0.402554 1.074190 0.493289 0.223921 0.883882
56.600000 0.071036 0.942639 0.173788 0.403675 1.075317 0.493253 0.224274 0.884987
56.800000 0.070816 0.942916 0.173877 0.404481 1.076585 0.493428 0.224601 0.885943
57.000000 0.070944 0.943134 0.173824 0.405688 1.077742 0.493451 0.225028 0.887056
57.200000 0.070839 0.943241 0.174000 0.406746 1.078864 0.493333 0.225256 0.887828
57.400000 0.070943 0.943345 0.174142 0.407471 1.080098 0.493482 0.225549 0.888785
57.600000 0.071092 0.943232 0.174136 0.408501 1.081124 0.493772 0.225868 0.889869
57.800000 0.071099 0.943621 0.174213 0.409456 1.082037 0.493724 0.226249 0.890632
58.000000 0.070943 0.943742 0.174117 0.410426 1.083223 0.493590 0.226536 0.891569
58.200000 0.070978 0.943856 0.174328 0.411377 1.084244 0.493747 0.226818 0.892536
58.400000 0.070965 0.943762 0.174375 0.412234 1.085076 0.493649 0.227201 0.893247
58.600000 0.071098 0.944026 0.174500 0.413148 1.086155 0.493858 0.227379 0.894042
58.800000 0.070945 0.943954 0.174691 0.414019 1.087134 0.493565 0.227760 0.894811
59.000000 0.070986 0.944126 0.174588 0.414998 1.087971 0.494171 0.228001 0.895686
59.200000 0.070918 0.944152 0.174592 0.415847 1.088998 0.494063 0.228388 0.896478
59.400000 0.070915 0.944272 0.174797 0.416682 1.089688 0.494133 0.228778 0.897213
59.600000 0.070922 0.944332 0.174807 0.417538 1.090597 0.494164 0.228890 0.897783
59.800000 0.070813 0.944276 0.174818 0.418410 1.091357 0.493995 0.229293 0.898495
60.000000 0.070896 0.944238 0.174918 0.419067 1.092134 0.494316 0.229543 0.899246
60.200000 0.070907 0.944411 0.174926 0.420067 1.093085 0.494331 0.229847 0.899891
60.400000 0.070931 0.944375 0.174872 0.420881 1.093751 0.494489 0.230004 0.900525
60.600000 0.070901 0.944492 0.175055 0.421527 1.094439 0.494472 0.230501 0.901054
60.800000 0.070892 0.944475 0.174882 0.422107 1.095150 0.494509 0.230640 0.901774
61.000000 0.070931 0.944560 0.175020 0.423126 1.095937 0.494385 0.230906 0.902278
61.200000 0.070841 0.944569 0.175307 0.423921 1.096559 0.494607 0.231281 0.902981
61.400000 0.070919 0.944418 0.175290 0.424713 1.097126 0.494711 0.231622 0.903604
61.600000 0.070865 0.944463 0.175371 0.425584 1.097962 0.494762 0.231846 0.904126
61.800000 0.070670 0.944456 0.175365 0.426378 1.098380 0.494752 0.232129 0.904725
62.000000 0.070931 0.944386 0.175390 0.427163 1.099125 0.494792 0.232303 0.905187
62.200000 0.070917 0.944304 0.175612 0.427913 1.099991 0.494897 0.232568 0.905779
62.400000 0.070843 0.944302 0.175484 0.428525 1.100485 0.494859 0.232971 0.906488
62.600000 0.070841 0.944504 0.175558 0.429834 1.101649 0.495056 0.233392 0.907053
62.800000 0.070856 0.944427 0.175546 0.430475 1.102255 0.495031 0.233556 0.907450
63.000000 0.071056 0.944408 0.175690 0.431203 1.102888 0.495209 0.234057 0.908132
63.200000 0.070916 0.944501 0.175747 0.431972 1.103223 0.495249 0.234353 0.908553
63.400000 0.070901 0.944404 0.175914 0.432670 1.103746 0.495158 0.234430 0.908975
63.600000 0.070885 0.944399 0.175812 0.433384 1.104292 0.495411 0.234727 0.909573
63.800000 0.070856 0.944343 0.175855 0.433861 1.104797 0.495319 0.234901 0.909813
64.000000 0.070915 0.944507 0.175729 0.434645 1.105264 0.495358 0.235187 0.910291
64.200000 0.070910 0.944237 0.175801 0.435358 1.105825 0.495350 0.235314 0.910646
64.400000 0.070902 0.944337 0.175983 0.435880 1.106308 0.495476 0.235689 0.910974
64.600000 0.070902 0.944357 0.175957 0.436568 1.106706 0.495456 0.235979 0.911552
64.800000 0.070933 0.944432 0.176077 0.437411 1.107026 0.495595 0.236067 0.911952
65.000000 0.070905 0.944243 0.176122 0.438038 1.107590 0.495721 0.236448 0.912210
65.200000 0.070900 0.944104 0.176206 0.438684 1.108222 0.495802 0.236523 0.912693
65.400000 0.070897 0.944289 0.176182 0.439329 1.108636 0.495823 0.236818 0.913143
65.600000 0.070876 0.944044 0.176182 0.439712 1.108877 0.495866 0.236986 0.912943
65.800000 0.070903 0.943940 0.176246 0.440502 1.109454 0.495781 0.237286 0.913801
66.000000 0.070916 0.943781 0.176225 0.441263 1.109883 0.495988 0.237567 0.914035
66.200000 0.070912 0.944099 0.176241 0.441865 1.110193 0.496007 0.237824 0.914556
66.400000 0.070902 0.943955 0.176388 0.442438 1.110085 0.496020 0.238141 0.914739
66.600000 0.070874 0.944077 0.176239 0.442972 1.110705 0.496131 0.238289 0.914971
66.800000 0.070909 0.943941 0.176212 0.443654 1.110951 0.495936 0.238335 0.915405
67.000000 0.070901 0.943956 0.176475 0.444081 1.111719 0.496016 0.238691 0.915630
67.200000 0.070869 0.943774 0.176570 0.444781 1.111874 0.496116 0.238913 0.915756
67.400000 0.070910 0.943730 0.176679 0.445394 1.112256 0.496278 0.239210 0.916376
67.600000 0.070862 0.943717 0.176600 0.445926 1.112626 0.496357 0.239385 0.916640
67.800000 0.070885 0.943682 0.176611 0.446457 1.112980 0.496422 0.239592 0.916880
68.000000 0.070888 0.943651 0.176705 0.447154 1.113294 0.496504 0.239864 0.917351
68.200000 0.070717 0.943740 0.176807 0.447436 1.113395 0.496447 0.239886 0.917433
68.400000 0.070814 0.943714 0.176730 0.448192 1.113986 0.496389 0.240255 0.917680
68.600000 0.070907 0.943619 0.176798 0.448917 1.114268 0.496652 0.240395 0.918113
68.800000 0.070876 0.943565 0.176711 0.449438 1.114248 0.496640 0.240487 0.918018
69.000000 0.070867 0.943590 0.176880 0.449901 1.115064 0.496913 0.240944 0.918464
69.200000 0.070822 0.943507 0.176896 0.450330 1.115216 0.496747 0.241025 0.918783
69.400000 0.070758 0.943567 0.176897 0.451044 1.115280 0.496709 0.241315 0.919129
69.600000 0.070861 0.943509 0.177044 0.451534 1.115611 0.496879 0.241562 0.919204
69.800000 0.070802 0.943598 0.176882 0.452025 1.116038 0.496951 0.241737 0.919477
70.000000 0.070906 0.943278 0.177027 0.452407 1.116226 0.496977 0.241928 0.919551
70.200000 0.070872 0.943588 0.177069 0.452964 1.116460 0.497078 0.242172 0.919933
70.400000 0.070906 0.943438 0.177008 0.453500 1.116722 0.497065 0.242338 0.920297
70.600000 0.070810 0.943421 0.177006 0.454140 1.116709 0.496996 0.242525 0.920304
70.800000 0.070890 0.943293 0.177267 0.454679 1.117177 0.497268 0.242716 0.920424
71.000000 0.070862 0.943213 0.177301 0.454872 1.117319 0.497248 0.242901 0.920670
71.200000 0.070848 0.943146 0.177223 0.455568 1.117543 0.497088 0.242946 0.920932
71.400000 0.070878 0.943072 0.177433 0.456047 1.117742 0.497246 0.243256 0.921052
71.600000 0.070841 0.943128 0.177169 0.456598 1.117985 0.497279 0.243514 0.921271
71.800000 0.070838 0.943133 0.177328 0.457062 1.118308 0.497369 0.243439 0.921368
72.000000 0.070893 0.943084 0.177316 0.457515 1.118320 0.497522 0.243906 0.921670
72.200000 0.070860 0.942904 0.177439 0.458040 1.118519 0.497535 0.244108 0.921896
72.400000 0.070867 0.942912 0.177569 0.458489 1.118888 0.497555 0.244206 0.921835
72.600000 0.070840 0.942748 0.177351 0.458950 1.118925 0.497661 0.244389 0.922210
72.800000 0.070832 0.942729 0.177591 0.459400 1.119086 0.497735 0.244545 0.922456
73.000000 0.070835 0.942559 0.177504 0.459627 1.119283 0.497612 0.244683 0.922430
73.200000 0.070832 0.942558 0.177341 0.460296 1.119429 0.497669 0.244817 0.922717
73.400000 0.070666 0.942658 0.177684 0.460905 1.119577 0.497845 0.245144 0.922700
73.600000 0.070853 0.942419 0.177757 0.461103 1.119638 0.497884 0.245352 0.922834
73.800000 0.070829 0.942412 0.177543 0.461433 1.119743 0.497888 0.245416 0.922916
74.000000 0.070846 0.942236 0.177649 0.461974 1.119819 0.498008 0.245574 0.923039
74.200000 0.070831 0.942387 0.177634 0.462421 1.120084 0.497948 0.245793 0.923271
74.400000 0.070779 0.942037 0.177593 0.462682 1.120120 0.497863 0.245692 0.923373
74.600000 0.070677 0.941811 0.177539 0.463176 1.120159 0.497809 0.245920 0.923577
74.800000 0.070899 0.942004 0.177754 0.463957 1.120517 0.498179 0.246261 0.923663
75.000000 0.070896 0.941978 0.177797 0.464287 1.120790 0.498166 0.246581 0.923917
75.200000 0.070828 0.941851 0.177639 0.464523 1.120799 0.498160 0.246562 0.923852
75.400000 0.070876 0.941874 0.177888 0.465227 1.120917 0.498221 0.246776 0.924333
75.600000 0.070895 0.941778 0.178051 0.465400 1.121148 0.498354 0.246912 0.924109
75.800000 0.070854 0.941894 0.177783 0.465756 1.121243 0.498133 0.247081 0.924375
76.000000 0.070896 0.941835 0.177921 0.466355 1.121371 0.498413 0.247054 0.924412
76.200000 0.070876 0.941872 0.178039 0.466715 1.121451 0.498502 0.247284 0.924351
76.400000 0.070916 0.941700 0.178000 0.467121 1.121714 0.498510 0.247349 0.924821
76.600000 0.070888 0.941635 0.177945 0.467298 1.121748 0.498352 0.247536 0.924870
76.800000 0.070846 0.941640 0.178051 0.467850 1.122013 0.498599 0.247858 0.924956
77.000000 0.070851 0.941761 0.178093 0.468277 1.121979 0.498652 0.247857 0.925235
77.200000 0.070729 0.941890 0.178151 0.468338 1.122118 0.498533 0.247983 0.925177
77.400000 0.070862 0.941842 0.178129 0.469002 1.122370 0.498737 0.248161 0.925313
77.600000 0.070883 0.941800 0.178217 0.469418 1.122453 0.498946 0.248398 0.925338
77.800000 0.070865 0.941703 0.178086 0.469647 1.122610 0.498744 0.248420 0.925337
78.000000 0.070876 0.941754 0.178353 0.470048 1.122604 0.498800 0.248618 0.925642
78.200000 0.070855 0.941786 0.178260 0.470542 1.122627 0.498899 0.248725 0.925896
78.400000 0.070884 0.941395 0.178292 0.470822 1.123034 0.498689 0.248854 0.925632
78.600000 0.070880 0.941551 0.178331 0.471252 1.123173 0.498823 0.249032 0.926026
78.800000 0.070882 0.941600 0.178302 0.471708 1.123089 0.498889 0.249220 0.926033
79.000000 0.070876 0.941528 0.178109 0.471831 1.123049 0.498885 0.249221 0.926182
79.200000 0.070854 0.941687 0.178515 0.472284 1.123364 0.498833 0.249527 0.926217
79.400000 0.070869 0.941644 0.178255 0.472703 1.123259 0.499203 0.249592 0.926321
79.600000 0.070902 0.941514 0.178429 0.472866 1.123446 0.499036 0.249677 0.926453
79.800000 0.070879 0.941638 0.178469 0.473364 1.123467 0.499250 0.249796 0.926657
80.000000 0.070844 0.941500 0.178388 0.473658 1.123560 0.499172 0.250015 0.926632
80.200000 0.070808 0.941564 0.178661 0.473837 1.123860 0.499282 0.250165 0.926771
80.400000 0.070853 0.941323 0.178458 0.474382 1.123892 0.499252 0.250097 0.926890
80.600000 0.070884 0.941540 0.178567 0.474775 1.124018 0.499495 0.250251 0.926827
80.800000 0.070874 0.941533 0.178612 0.475081 1.123822 0.499453 0.250504 0.927115
81.000000 0.070882 0.941584 0.178585 0.475321 1.124253 0.499573 0.250664 0.927079
81.200000 0.070885 0.941468 0.178532 0.475705 1.124178 0.499533 0.250635 0.927205
81.400000 0.070856 0.941388 0.178639 0.475982 1.124484 0.499719 0.250815 0.927186
81.600000 0.070868 0.941401 0.178800 0.476279 1.124461 0.499588 0.250961 0.927307
81.800000 0.070850 0.941604 0.178610 0.476447 1.124567 0.499699 0.251149 0.927580
82.000000 0.070913 0.941372 0.178722 0.476955 1.124394 0.499697 0.251294 0.927578
82.200000 0.070865 0.941557 0.178767 0.477067 1.124653 0.499699 0.251222 0.927663
82.400000 0.070871 0.941606 0.178748 0.477497 1.124658 0.499824 0.251337 0.927611
82.600000 0.070900 0.941519 0.178763 0.477875 1.124746 0.499873 0.251384 0.927675
82.800000 0.070871 0.941361 0.178783 0.478194 1.124820 0.499736 0.251582 0.927776
83.000000 0.070939 0.941343 0.178686 0.478370 1.124827 0.499937 0.251755 0.928004
83.200000 0.070927 0.941458 0.178770 0.478626 1.124937 0.500020 0.251734 0.927917
83.400000 0.070901 0.941410 0.178760 0.479103 1.124884 0.499904 0.251886 0.928028
83.600000 0.070888 0.941423 0.178903 0.479205 1.125137 0.500003 0.251951 0.928178
83.800000 0.070902 0.941395 0.179010 0.479472 1.125198 0.500093 0.251933 0.928342
84.000000 0.070888 0.941365 0.178949 0.479848 1.125468 0.500023 0.252008 0.928273
84.200000 0.070902 0.941411 0.179122 0.480111 1.125397 0.500240 0.252271 0.928267
84.400000 0.070896 0.941483 0.178851 0.480371 1.125236 0.500080 0.252237 0.928430
84.600000 0.070885 0.941482 0.179059 0.480515 1.125558 0.500280 0.252450 0.928361
84.800000 0.070901 0.941269 0.179032 0.480880 1.125726 0.500315 0.252671 0.928590
85.000000 0.070898 0.941589 0.179043 0.481230 1.125544 0.500212 0.252547 0.928604
85.200000 0.070826 0.941312 0.179007 0.481331 1.125634 0.500322 0.252553 0.928427
85.400000 0.070888 0.941601 0.179267 0.481734 1.125856 0.500417 0.252873 0.928729
85.600000 0.070902 0.941411 0.179228 0.481775 1.125786 0.500405 0.252960 0.928795
85.800000 0.070875 0.941401 0.178705 0.482250 1.125648 0.500397 0.253028 0.928773
86.000000 0.070879 0.941426 0.179281 0.482612 1.126086 0.500410 0.253094 0.928909
86.200000 0.070883 0.941553 0.179163 0.482775 1.125910 0.500385 0.253222 0.929024
86.400000 0.070881 0.941331 0.179142 0.482994 1.126068 0.500573 0.253165 0.929013
86.600000 0.070909 0.941495 0.179290 0.483285 1.126232 0.500671 0.253357 0.929002
86.800000 0.070886 0.941603 0.179269 0.483559 1.125999 0.500733 0.253578 0.929166
87.000000 0.070898 0.941363 0.179389 0.483946 1.126184 0.500537 0.253771 0.929160
87.200000 0.070881 0.941209 0.179197 0.484054 1.126034 0.500650 0.253727 0.929370
87.400000 0.070875 0.941162 0.179318 0.484448 1.126074 0.500903 0.253660 0.929383
87.600000 0.070915 0.941179 0.179302 0.484579 1.126342 0.500923 0.254034 0.929409
87.800000 0.070874 0.941270 0.179360 0.484921 1.126214 0.500745 0.253769 0.929310
88.000000 0.070894 0.941546 0.179368 0.485139 1.126245 0.500876 0.253947 0.929489
88.200000 0.070879 0.941092 0.179390 0.485318 1.126373 0.500821 0.254129 0.929433
88.400000 0.070852 0.941377 0.179362 0.485677 1.126503 0.501020 0.254083 0.929442
88.600000 0.070837 0.941169 0.179493 0.485872 1.126520 0.500872 0.254299 0.929599
88.800000 0.070900 0.941402 0.179480 0.486115 1.126551 0.500839 0.254511 0.929600
89.000000 0.070888 0.941353 0.179495 0.486385 1.126696 0.501102 0.254507 0.929663
89.200000 0.070902 0.941239 0.179580 0.486491 1.126621 0.501121 0.254569 0.929787
89.400000 0.070866 0.941177 0.179546 0.486736 1.126569 0.501179 0.254534 0.929764
89.600000 0.070747 0.941415 0.179532 0.487059 1.126830 0.501124 0.254797 0.930022
89.800000 0.070854 0.941237 0.179590 0.487275 1.126751 0.501157 0.254793 0.929732
90.000000 0.070732 0.941450 0.179561 0.487508 1.126717 0.501262 0.254968 0.929926
