0.200000 0.050532 0.400052 0.136691 0.208073 0.477045 0.498124 0.206563 0.395930
0.400000 0.050443 0.398797 0.136619 0.207464 0.474023 0.498086 0.206075 0.393786
0.600000 0.050422 0.398310 0.136676 0.207032 0.472410 0.498231 0.205801 0.391932
0.800000 0.050249 0.397574 0.136310 0.206345 0.470282 0.498033 0.205131 0.390778
1.000000 0.050226 0.396695 0.136142 0.205829 0.468221 0.497848 0.204957 0.389100
1.200000 0.050234 0.396118 0.136562 0.205530 0.466490 0.497981 0.205045 0.387939
1.400000 0.050257 0.395534 0.136374 0.205210 0.464895 0.498020 0.204619 0.386806
1.600000 0.050386 0.395080 0.136305 0.204657 0.463173 0.497872 0.204123 0.385531
1.800000 0.050354 0.394624 0.136393 0.204184 0.461624 0.497782 0.204144 0.384221
2.000000 0.050358 0.393871 0.136209 0.203829 0.460056 0.497648 0.203560 0.382934
2.200000 0.050360 0.393301 0.136260 0.203474 0.458453 0.497486 0.203273 0.381562
2.400000 0.050330 0.392808 0.136002 0.203093 0.456857 0.497478 0.203179 0.380469
2.600000 0.050312 0.392288 0.136080 0.202566 0.455186 0.497552 0.202912 0.379264
2.800000 0.050284 0.391755 0.135972 0.202146 0.453688 0.497314 0.202600 0.377995
3.000000 0.050304 0.391207 0.135824 0.201786 0.452108 0.497308 0.202312 0.376644
3.200000 0.050299 0.351675 0.135888 0.201315 0.450567 0.497387 0.202091 0.375622
3.400000 0.050275 0.390062 0.135889 0.201095 0.449036 0.497270 0.201756 0.374385
3.600000 0.050241 0.389475 0.135779 0.200348 0.447359 0.496910 0.201424 0.373156
3.800000 0.050174 0.388953 0.135753 0.200056 0.445994 0.497026 0.201219 0.372081
4.000000 0.050272 0.388787 0.135718 0.199766 0.444573 0.496864 0.200971 0.370789
4.200000 0.050226 0.387961 0.135549 0.199453 0.443048 0.496988 0.200741 0.369853
4.400000 0.050224 0.387528 0.135512 0.199077 0.441552 0.496757 0.200452 0.368633
4.600000 0.050257 0.386949 0.135618 0.198631 0.440016 0.496690 0.200148 0.367512
4.800000 0.050053 0.386585 0.135434 0.198323 0.438490 0.496794 0.199767 0.366286
5.000000 0.050176 0.385991 0.135397 0.197985 0.437127 0.496532 0.199727 0.365182
5.200000 0.050053 0.385488 0.135466 0.197474 0.435785 0.496605 0.199323 0.364128
5.400000 0.050164 0.384828 0.135424 0.197293 0.434126 0.496311 0.199035 0.362945
5.600000 0.050177 0.384448 0.135388 0.196709 0.432876 0.496391 0.198692 0.361996
5.800000 0.050000 0.384172 0.135382 0.196416 0.431424 0.496230 0.198503 0.360885
6.000000 0.050149 0.383582 0.135096 0.195888 0.430083 0.496304 0.198222 0.359741
6.200000 0.050090 0.383111 0.135244 0.195631 0.428758 0.496169 0.197984 0.358633
6.400000 0.050128 0.382667 0.135221 0.234262 0.426896 0.496192 0.197694 0.357388
6.600000 0.050128 0.381997 0.135260 0.195111 0.425612 0.496047 0.197310 0.356302
6.800000 0.050128 0.381585 0.135099 0.194619 0.424274 0.496011 0.197152 0.355338
7.000000 0.050086 0.381216 0.134999 0.194343 0.422946 0.495890 0.196838 0.354359
7.200000 0.050084 0.380594 0.134951 0.193963 0.421428 0.495881 0.196801 0.353103
7.400000 0.050072 0.380130 0.134984 0.193509 0.420327 0.495883 0.196462 0.352312
7.600000 0.049916 0.379689 0.134853 0.193307 0.418962 0.495758 0.195933 0.351304
7.800000 0.050082 0.379460 0.134863 0.193151 0.417606 0.495659 0.195863 0.350464
8.000000 0.050033 0.378996 0.134854 0.192595 0.416327 0.495548 0.195658 0.349143
8.200000 0.049896 0.378439 0.134749 0.192172 0.415191 0.495485 0.234282 0.348312
8.400000 0.050035 0.378132 0.134787 0.191978 0.413826 0.495242 0.195048 0.347403
8.600000 0.049911 0.377798 0.134641 0.191598 0.412692 0.495180 0.194998 0.346324
8.800000 0.049910 0.377282 0.134688 0.191449 0.411238 0.495184 0.194557 0.345357
9.000000 0.050033 0.376864 0.134678 0.191013 0.410036 0.495274 0.194325 0.344392
9.200000 0.049999 0.376410 0.134385 0.190640 0.408990 0.495159 0.194104 0.343642
9.400000 0.049962 0.376015 0.134448 0.190437 0.407863 0.495099 0.193901 0.342723
9.600000 0.050013 0.375591 0.134591 0.190271 0.406520 0.495048 0.193717 0.341898
9.800000 0.050014 0.375096 0.134560 0.189884 0.405282 0.494919 0.193316 0.340920
10.000000 0.049959 0.374840 0.134526 0.189554 0.404246 0.494739 0.193121 0.340031
10.200000 0.049775 0.374399 0.134277 0.188934 0.402801 0.494648 0.192833 0.339006
10.400000 0.049990 0.373962 0.134358 0.188977 0.401774 0.494608 0.192654 0.337989
10.600000 0.049981 0.373670 0.134289 0.188630 0.400758 0.494639 0.192380 0.337226
10.800000 0.050040 0.373124 0.134137 0.188206 0.399624 0.494483 0.192084 0.336379
11.000000 0.049947 0.372835 0.134143 0.188080 0.398443 0.494428 0.191930 0.335555
11.200000 0.049941 0.372395 0.134197 0.187945 0.397301 0.494365 0.191695 0.334774
11.400000 0.050042 0.372055 0.134223 0.187657 0.396174 0.494325 0.191392 0.333849
11.600000 0.049927 0.371762 0.134170 0.187097 0.394999 0.494363 0.191324 0.332733
11.800000 0.049907 0.371352 0.134226 0.186994 0.394002 0.494091 0.191002 0.332111
12.000000 0.049880 0.370795 0.134076 0.186664 0.393012 0.494101 0.190763 0.331320
12.200000 0.049893 0.370601 0.134044 0.186425 0.391819 0.494153 0.190539 0.330493
12.400000 0.049859 0.370134 0.133989 0.185719 0.390596 0.493947 0.190269 0.329565
12.600000 0.049833 0.369753 0.134112 0.185813 0.389501 0.493919 0.189992 0.328582
12.800000 0.049870 0.369418 0.133849 0.185691 0.388491 0.493883 0.189555 0.328102
13.000000 0.049843 0.368989 0.133868 0.185296 0.387541 0.493714 0.189582 0.327265
13.200000 0.049821 0.368854 0.133847 0.185214 0.386605 0.493687 0.189439 0.326474
13.400000 0.049835 0.368381 0.133720 0.184811 0.385614 0.493721 0.189320 0.325830
13.600000 0.049780 0.368229 0.133838 0.184523 0.384737 0.493505 0.188861 0.325161
13.800000 0.049819 0.367803 0.133795 0.184350 0.383697 0.493548 0.188779 0.324386
14.000000 0.049770 0.367369 0.133752 0.184103 0.382988 0.493439 0.188573 0.323487
14.200000 0.049814 0.367211 0.133730 0.183966 0.382049 0.493270 0.188376 0.322952
14.400000 0.049829 0.366765 0.133819 0.183653 0.381070 0.493302 0.188232 0.322251
14.600000 0.049779 0.366570 0.133527 0.183425 0.380148 0.493231 0.187966 0.321504
14.800000 0.049659 0.366346 0.133563 0.183231 0.379335 0.493035 0.187929 0.321019
15.000000 0.049787 0.366014 0.133594 0.182951 0.378396 0.493128 0.187625 0.320221
15.200000 0.049745 0.365542 0.133711 0.182693 0.377556 0.492983 0.187451 0.319519
15.400000 0.049602 0.365180 0.133663 0.182394 0.376591 0.492988 0.187159 0.318770
15.600000 0.049773 0.365105 0.133377 0.182319 0.375778 0.492842 0.187046 0.318192
15.800000 0.049757 0.364780 0.133455 0.182075 0.374894 0.492853 0.186789 0.317295
16.000000 0.049880 0.364432 0.133451 0.181790 0.374083 0.492744 0.186600 0.316915
16.200000 0.049753 0.364152 0.133580 0.181599 0.372981 0.492733 0.186439 0.316238
16.400000 0.049613 0.363833 0.133268 0.181295 0.372441 0.492610 0.186265 0.315468
16.600000 0.049739 0.363522 0.133436 0.181167 0.371495 0.492436 0.186019 0.314846
16.800000 0.049716 0.363312 0.133354 0.180976 0.370552 0.492420 0.185700 0.314266
17.000000 0.049684 0.362949 0.133330 0.180649 0.369596 0.492306 0.185617 0.313692
17.200000 0.049601 0.362682 0.133280 0.180647 0.368824 0.492317 0.185452 0.312837
17.400000 0.049695 0.362440 0.133239 0.180342 0.368182 0.492291 0.185097 0.312272
17.600000 0.049713 0.362147 0.133263 0.180080 0.367298 0.492002 0.185087 0.311816
17.800000 0.049710 0.361906 0.133316 0.179901 0.366541 0.492145 0.184860 0.311063
18.000000 0.049669 0.361621 0.133140 0.179731 0.365726 0.492084 0.184765 0.310479
18.200000 0.049680 0.361384 0.133066 0.179327 0.364848 0.492035 0.184581 0.309908
18.400000 0.049627 0.361163 0.133154 0.179150 0.364131 0.492041 0.184460 0.309189
18.600000 0.049686 0.360771 0.132945 0.178986 0.363365 0.491931 0.184152 0.308653
18.800000 0.049629 0.360333 0.133001 0.178604 0.361965 0.491766 0.183727 0.307624
19.000000 0.049630 0.360107 0.133054 0.178561 0.361463 0.491708 0.183687 0.307269
19.200000 0.049455 0.359858 0.132921 0.178512 0.360616 0.491524 0.183530 0.306618
19.400000 0.049620 0.359396 0.132977 0.178179 0.359933 0.491729 0.183380 0.306061
19.600000 0.049605 0.359196 0.132914 0.177963 0.359082 0.491548 0.183171 0.305344
19.800000 0.049618 0.358974 0.132957 0.177625 0.358285 0.491377 0.183101 0.304901
20.000000 0.049631 0.358881 0.133005 0.177671 0.357655 0.491242 0.182778 0.304356
20.200000 0.049605 0.358712 0.132828 0.177331 0.356982 0.491288 0.182511 0.303755
20.400000 0.049453 0.358238 0.132775 0.177225 0.356217 0.491232 0.182353 0.303233
20.600000 0.049299 0.357847 0.132856 0.176868 0.355598 0.491300 0.182294 0.302648
20.800000 0.049713 0.357689 0.132760 0.176854 0.354644 0.491111 0.182089 0.302261
21.000000 0.049563 0.357392 0.132595 0.176564 0.354025 0.491042 0.181918 0.301555
21.200000 0.049565 0.357223 0.132750 0.176491 0.353367 0.490902 0.181776 0.300858
21.400000 0.049582 0.356911 0.132879 0.176340 0.352574 0.490951 0.181621 0.300434
21.600000 0.049657 0.356616 0.132521 0.176122 0.351971 0.490795 0.181310 0.299901
21.800000 0.049565 0.356450 0.132647 0.175824 0.351237 0.490746 0.181238 0.299340
22.000000 0.049566 0.356234 0.132652 0.175899 0.350509 0.490692 0.181069 0.298830
22.200000 0.049564 0.355893 0.132749 0.175720 0.349860 0.490630 0.180881 0.298252
22.400000 0.049561 0.355776 0.132533 0.175384 0.349111 0.490477 0.180733 0.297731
22.600000 0.049497 0.355388 0.132563 0.175182 0.348328 0.490461 0.180560 0.297169
22.800000 0.049531 0.355092 0.132539 0.174888 0.347709 0.490308 0.180467 0.296667
23.000000 0.049489 0.354841 0.132596 0.175002 0.347258 0.490373 0.180258 0.296219
23.200000 0.049527 0.354547 0.132384 0.174677 0.346342 0.490328 0.180073 0.295654
23.400000 0.049544 0.354577 0.132356 0.174540 0.345707 0.490139 0.180016 0.295108
23.600000 0.049475 0.354375 0.132319 0.174401 0.345027 0.490165 0.179868 0.294520
23.800000 0.049495 0.354059 0.132351 0.174111 0.344242 0.490168 0.179444 0.294315
24.000000 0.049347 0.353938 0.132408 0.173975 0.343705 0.489923 0.179523 0.293595
24.200000 0.049484 0.353609 0.132338 0.173947 0.343130 0.489902 0.179273 0.293170
24.400000 0.049480 0.353283 0.132326 0.173704 0.342488 0.489869 0.179006 0.292562
24.600000 0.049487 0.353388 0.132363 0.173594 0.341916 0.489847 0.178971 0.292241
24.800000 0.049323 0.352811 0.132515 0.173400 0.341099 0.489693 0.178947 0.291768
25.000000 0.049330 0.352665 0.132452 0.173145 0.340463 0.489597 0.178664 0.291274
25.200000 0.049475 0.352602 0.132369 0.173008 0.339665 0.489519 0.178466 0.290592
25.400000 0.049456 0.352209 0.132265 0.172784 0.339134 0.489384 0.178377 0.290201
25.600000 0.049294 0.352123 0.132214 0.172633 0.338590 0.489593 0.178208 0.289688
25.800000 0.049455 0.351760 0.132219 0.172628 0.337967 0.489457 0.178032 0.289226
26.000000 0.049589 0.351612 0.132208 0.172323 0.337303 0.489223 0.178049 0.288812
26.200000 0.049294 0.351407 0.131992 0.172222 0.336742 0.489312 0.177756 0.288343
26.400000 0.049567 0.350990 0.132122 0.172015 0.336213 0.489193 0.177756 0.287800
26.600000 0.049309 0.350866 0.132127 0.171898 0.335414 0.489262 0.177330 0.287423
26.800000 0.049378 0.350730 0.132084 0.171742 0.334916 0.488936 0.177424 0.286923
27.000000 0.049387 0.350264 0.132101 0.171542 0.334274 0.488905 0.177118 0.286475
27.200000 0.049363 0.350274 0.132067 0.171416 0.333761 0.488970 0.177016 0.286041
27.400000 0.049376 0.350156 0.132078 0.171301 0.333316 0.488877 0.176708 0.285633
27.600000 0.049301 0.349835 0.132062 0.171139 0.332606 0.488859 0.176837 0.285000
27.800000 0.049367 0.349658 0.132138 0.170794 0.331968 0.488751 0.176556 0.284587
28.000000 0.049372 0.349436 0.132100 0.170790 0.331469 0.488488 0.176445 0.284227
28.200000 0.049385 0.349159 0.131923 0.170730 0.330899 0.488524 0.176374 0.283936
28.400000 0.049378 0.349020 0.131819 0.170174 0.330229 0.488437 0.176134 0.283415
28.600000 0.049376 0.348687 0.131942 0.170299 0.329619 0.488476 0.176187 0.282919
28.800000 0.049363 0.348568 0.131828 0.170180 0.329056 0.488358 0.175843 0.282535
29.000000 0.049365 0.348236 0.131866 0.170115 0.328629 0.488412 0.175680 0.282086
29.200000 0.049342 0.348059 0.131842 0.169776 0.327976 0.488249 0.175593 0.281655
29.400000 0.049349 0.347946 0.131811 0.169764 0.327538 0.488241 0.175272 0.281366
29.600000 0.049341 0.347601 0.131692 0.169569 0.326994 0.487983 0.175439 0.280820
29.800000 0.049267 0.347591 0.131472 0.169379 0.326491 0.488018 0.175297 0.280358
30.000000 0.049312 0.347393 0.131534 0.169310 0.325863 0.487970 0.175042 0.279905
30.200000 0.049322 0.347188 0.131696 0.169218 0.325218 0.487916 0.174940 0.279434
30.400000 0.049167 0.346730 0.131402 0.169141 0.324804 0.487877 0.174794 0.279167
30.600000 0.049390 0.346782 0.131835 0.168766 0.324333 0.487710 0.174662 0.278691
30.800000 0.049710 0.346612 0.131629 0.168620 0.323778 0.487812 0.174479 0.278371
31.000000 0.050357 0.346437 0.131639 0.168574 0.323075 0.487541 0.174325 0.278034
31.200000 0.051149 0.346347 0.131512 0.168542 0.322953 0.487582 0.173983 0.277801
31.400000 0.052161 0.345924 0.131829 0.168516 0.323062 0.487654 0.174222 0.278006
31.600000 0.053436 0.346140 0.131731 0.168493 0.323541 0.487658 0.174212 0.278152
31.800000 0.054634 0.346016 0.131799 0.168656 0.324494 0.487453 0.173962 0.278901
32.000000 0.056451 0.346310 0.131781 0.168928 0.326360 0.487259 0.174083 0.280187
32.200000 0.057617 0.346804 0.131918 0.169423 0.328797 0.487405 0.174243 0.282020
32.400000 0.058942 0.348050 0.131868 0.170184 0.332220 0.487515 0.174207 0.284463
32.600000 0.060262 0.349314 0.132238 0.171030 0.336481 0.487344 0.174324 0.287471
32.800000 0.061440 0.351408 0.132538 0.172518 0.341628 0.487309 0.174425 0.290990
33.000000 0.062498 0.354185 0.133051 0.173961 0.347412 0.487243 0.174613 0.295340
33.200000 0.063525 0.357940 0.133595 0.175794 0.353956 0.487344 0.174997 0.300063
33.400000 0.064428 0.362419 0.134188 0.178178 0.361245 0.487306 0.174993 0.305204
33.600000 0.065229 0.368012 0.134737 0.180609 0.368918 0.487250 0.175463 0.310873
33.800000 0.065929 0.374712 0.135548 0.183176 0.377206 0.487272 0.175735 0.317222
34.000000 0.066614 0.382139 0.136328 0.185944 0.386016 0.487301 0.176119 0.323654
34.200000 0.067015 0.390573 0.136948 0.188610 0.395151 0.487399 0.176541 0.330740
34.400000 0.067681 0.400074 0.137755 0.191515 0.404735 0.487502 0.176736 0.337894
34.600000 0.068097 0.409885 0.138502 0.194430 0.414712 0.487486 0.177289 0.345520
34.800000 0.068645 0.420730 0.139070 0.197500 0.424935 0.487667 0.177482 0.353312
35.000000 0.068846 0.432327 0.140035 0.200245 0.435374 0.487578 0.178017 0.361513
35.200000 0.069104 0.444415 0.140648 0.203486 0.446216 0.487556 0.178286 0.370038
35.400000 0.069374 0.456321 0.141181 0.206273 0.456463 0.487585 0.178837 0.378019
35.600000 0.069560 0.468462 0.141987 0.209047 0.466838 0.487595 0.179339 0.386225
35.800000 0.069795 0.481051 0.142759 0.211794 0.477358 0.487735 0.179683 0.394844
36.000000 0.069892 0.494015 0.143523 0.214759 0.487951 0.487808 0.180131 0.403194
36.200000 0.069900 0.506656 0.144043 0.217443 0.498815 0.487672 0.180525 0.412026
36.400000 0.070077 0.520059 0.144752 0.220203 0.509529 0.487904 0.180969 0.420817
36.600000 0.070279 0.533492 0.145305 0.223109 0.520697 0.487926 0.181479 0.429558
36.800000 0.070373 0.547074 0.146104 0.225968 0.531526 0.487967 0.181848 0.438472
37.000000 0.070478 0.560875 0.146874 0.228766 0.544007 0.488034 0.182409 0.448907
37.200000 0.070498 0.579647 0.147699 0.232533 0.558937 0.488113 0.182828 0.460304
37.400000 0.070573 0.593162 0.148237 0.235235 0.570033 0.488139 0.183460 0.469179
37.600000 0.070616 0.606411 0.148987 0.238026 0.581306 0.488263 0.183883 0.478112
37.800000 0.070679 0.619672 0.149629 0.240536 0.592498 0.488280 0.184238 0.487084
38.000000 0.070698 0.632864 0.150245 0.243280 0.603751 0.488132 0.184876 0.496013
38.200000 0.070720 0.645571 0.150961 0.245899 0.614761 0.488358 0.185339 0.504978
38.400000 0.070728 0.658188 0.151431 0.248418 0.625942 0.488328 0.185781 0.513856
38.600000 0.070768 0.670569 0.151991 0.251169 0.636917 0.488555 0.186282 0.522543
38.800000 0.070756 0.682548 0.152451 0.253693 0.648003 0.488581 0.186733 0.531288
39.000000 0.070823 0.694357 0.153136 0.256335 0.658815 0.488660 0.187159 0.539942
39.200000 0.070819 0.705800 0.153711 0.258883 0.669676 0.488715 0.187653 0.548276
39.400000 0.070860 0.716818 0.154408 0.261342 0.680087 0.488737 0.188051 0.556849
39.600000 0.070733 0.727352 0.154801 0.263799 0.690501 0.488798 0.188584 0.565103
39.800000 0.070866 0.737892 0.155259 0.266240 0.701132 0.489022 0.189043 0.573289
40.000000 0.070797 0.747936 0.155830 0.268428 0.711214 0.488967 0.189521 0.581532
40.200000 0.070860 0.757493 0.156252 0.271138 0.721656 0.488998 0.190196 0.589600
40.400000 0.070660 0.767186 0.156810 0.273582 0.731665 0.489116 0.190561 0.597723
40.600000 0.070848 0.775914 0.157167 0.275730 0.741838 0.489106 0.191002 0.605822
40.800000 0.070851 0.784664 0.157703 0.278196 0.751565 0.489067 0.191259 0.613644
41.000000 0.070879 0.792757 0.158205 0.280746 0.761122 0.489469 0.192075 0.621298
41.200000 0.070874 0.800508 0.158614 0.282996 0.770452 0.489289 0.192320 0.628681
41.400000 0.070900 0.807898 0.158953 0.285212 0.779736 0.489417 0.192722 0.636283
41.600000 0.070723 0.815252 0.159491 0.287523 0.788767 0.489490 0.193392 0.643339
41.800000 0.070924 0.821958 0.159983 0.289862 0.797595 0.489481 0.193840 0.650713
42.000000 0.070905 0.828282 0.160226 0.291958 0.806335 0.489407 0.194314 0.657533
42.200000 0.070929 0.834304 0.160729 0.294262 0.814963 0.489667 0.194692 0.664475
42.400000 0.070908 0.840010 0.161029 0.296575 0.823091 0.489731 0.195134 0.671120
42.600000 0.070939 0.845391 0.161622 0.298693 0.831081 0.489665 0.195819 0.677763
42.800000 0.070921 0.850592 0.161619 0.300894 0.839225 0.489751 0.196193 0.684062
43.000000 0.070894 0.855563 0.162246 0.303019 0.846732 0.489948 0.196650 0.690569
43.200000 0.070801 0.860139 0.162588 0.305033 0.854370 0.489824 0.197132 0.696772
43.400000 0.071002 0.864596 0.162860 0.307117 0.861977 0.489990 0.197654 0.703402
43.600000 0.070862 0.869814 0.163127 0.309831 0.870797 0.490060 0.198163 0.710191
43.800000 0.070839 0.873811 0.163663 0.311970 0.877825 0.490221 0.198757 0.716058
44.000000 0.070820 0.877519 0.163941 0.313973 0.884376 0.490066 0.199014 0.721473
44.200000 0.071082 0.880702 0.164284 0.315728 0.890747 0.490332 0.199724 0.726916
44.400000 0.070834 0.884212 0.164428 0.317839 0.897150 0.490536 0.200090 0.732262
44.600000 0.070969 0.887199 0.164880 0.319746 0.903117 0.490344 0.200548 0.737211
44.800000 0.071068 0.890090 0.165126 0.321871 0.908828 0.490500 0.200996 0.742270
45.000000 0.070820 0.893076 0.165443 0.323736 0.914803 0.490658 0.201460 0.747150
45.200000 0.071087 0.895825 0.165584 0.325481 0.920378 0.490683 0.201902 0.751680
45.400000 0.070977 0.898177 0.165971 0.327369 0.925981 0.490593 0.202386 0.756336
45.600000 0.071105 0.900635 0.166211 0.329261 0.931116 0.490725 0.202697 0.760977
45.800000 0.070967 0.902789 0.166367 0.331032 0.936068 0.491004 0.203251 0.765349
46.000000 0.070977 0.905131 0.166476 0.332796 0.941195 0.490876 0.203713 0.769536
46.200000 0.070978 0.906986 0.166813 0.334521 0.946194 0.491010 0.204035 0.773707
46.400000 0.071005 0.908991 0.167002 0.336268 0.950772 0.491097 0.204545 0.777548
46.600000 0.071017 0.910858 0.167311 0.338203 0.955309 0.490909 0.205203 0.781555
46.800000 0.070971 0.912665 0.167693 0.339752 0.959703 0.491251 0.205686 0.785359
47.000000 0.071003 0.914168 0.167775 0.341486 0.964003 0.491045 0.205891 0.788833
47.200000 0.071020 0.915908 0.168014 0.342911 0.968026 0.490887 0.206338 0.792626
47.400000 0.070996 0.917270 0.168201 0.344811 0.972240 0.491268 0.206791 0.796200
47.600000 0.070984 0.918767 0.168407 0.346478 0.976226 0.491365 0.207221 0.799531
47.800000 0.071031 0.920273 0.168593 0.348119 0.979940 0.491473 0.207631 0.802706
48.000000 0.071033 0.921483 0.168715 0.349473 0.983805 0.491582 0.208082 0.805917
48.200000 0.071024 0.922788 0.168967 0.351241 0.987347 0.491555 0.208466 0.809157
48.400000 0.070976 0.924037 0.169157 0.352646 0.990796 0.491684 0.208823 0.812225
48.600000 0.071139 0.925055 0.169331 0.354423 0.994547 0.491663 0.209192 0.815072
48.800000 0.071044 0.926121 0.169489 0.355803 0.997544 0.491723 0.209785 0.817841
49.000000 0.071051 0.927259 0.169599 0.357265 1.000893 0.491873 0.210032 0.820696
49.200000 0.070962 0.928130 0.169796 0.358830 1.004169 0.491892 0.210447 0.823463
49.400000 0.070974 0.929391 0.169974 0.360348 1.007359 0.491816 0.210898 0.826025
49.600000 0.071006 0.930036 0.170000 0.361881 1.010234 0.492089 0.211419 0.828806
49.800000 0.071054 0.931166 0.170434 0.363540 1.013414 0.492103 0.211973 0.831640
50.000000 0.071045 0.932180 0.170297 0.365637 1.017586 0.492117 0.212338 0.835083
50.200000 0.071087 0.933193 0.170617 0.367063 1.020302 0.492348 0.212892 0.837469
50.400000 0.071002 0.933550 0.170680 0.368482 1.022883 0.492090 0.213244 0.839746
50.600000 0.071024 0.934592 0.170897 0.369854 1.025572 0.492405 0.213690 0.841863
50.800000 0.070961 0.935256 0.170912 0.371175 1.028120 0.492308 0.214221 0.844195
51.000000 0.071055 0.935684 0.171053 0.372597 1.030533 0.492562 0.214478 0.846361
51.200000 0.070915 0.936357 0.171286 0.373851 1.032826 0.492696 0.214934 0.848100
51.400000 0.071014 0.937002 0.171417 0.375230 1.035227 0.492609 0.215170 0.850366
51.600000 0.071014 0.937598 0.171559 0.376458 1.037545 0.492612 0.215655 0.852335
51.800000 0.070966 0.937969 0.171565 0.377818 1.039757 0.492798 0.215921 0.854118
52.000000 0.070958 0.938617 0.171753 0.379218 1.042016 0.492728 0.216428 0.855895
52.200000 0.070989 0.939161 0.171929 0.380440 1.044063 0.492844 0.216678 0.857775
52.400000 0.071055 0.939485 0.172008 0.381695 1.045967 0.492829 0.217175 0.898354
52.600000 0.071010 0.939881 0.172111 0.382918 1.047956 0.492998 0.217536 0.861300
52.800000 0.071008 0.940464 0.172026 0.384265 1.049811 0.493096 0.217933 0.862991
53.000000 0.071011 0.940718 0.172353 0.385377 1.051760 0.493138 0.218264 0.864411
53.200000 0.070986 0.941117 0.172275 0.386619 1.053646 0.493164 0.218755 0.866177
53.400000 0.070972 0.941507 0.172532 0.387810 1.055576 0.493268 0.219039 0.867624
53.600000 0.070987 0.941990 0.172622 0.389000 1.057216 0.493435 0.219467 0.869258
53.800000 0.070990 0.942011 0.172694 0.390176 1.058932 0.493269 0.219821 0.870614
54.000000 0.070995 0.942357 0.172823 0.391374 1.060592 0.493424 0.220158 0.871919
54.200000 0.070982 0.942801 0.172731 0.392534 1.062093 0.493410 0.220637 0.873360
54.400000 0.070807 0.942798 0.172905 0.393503 1.063833 0.493360 0.220886 0.874550
54.600000 0.071094 0.943013 0.173106 0.394688 1.065276 0.493497 0.221382 0.875888
54.800000 0.070965 0.943509 0.173036 0.395699 1.066749 0.493560 0.221636 0.877352
55.000000 0.070957 0.943686 0.173327 0.396943 1.068250 0.493689 0.221986 0.878453
55.200000 0.070935 0.943873 0.173479 0.397800 1.069756 0.493819 0.222175 0.879770
55.400000 0.070903 0.944052 0.173353 0.398894 1.070914 0.493758 0.222673 0.880885
55.600000 0.070981 0.944259 0.173459 0.400019 1.072273 0.493924 0.223008 0.882105
55.800000 0.070968 0.944221 0.173463 0.401105 1.073649 0.493783 0.223241 0.883076
56.000000 0.071032 0.944370 0.173645 0.402338 1.074858 0.494205 0.223821 0.884353
56.200000 0.071073 0.944648 0.173667 0.403741 1.076872 0.494005 0.224223 0.885729
56.400000 0.070972 0.944804 0.173814 0.404571 1.077973 0.494162 0.224492 0.886921
56.600000 0.071009 0.945116 0.173680 0.405718 1.079300 0.494194 0.225042 0.887929
56.800000 0.070995 0.945087 0.174053 0.406501 1.080452 0.494099 0.225330 0.888851
57.000000 0.070821 0.944928 0.174077 0.407435 1.081467 0.494133 0.225478 0.889700
57.200000 0.070828 0.945281 0.174143 0.408504 1.082715 0.494244 0.225980 0.890366
57.400000 0.070981 0.945345 0.174249 0.409564 1.083728 0.494535 0.226169 0.891621
57.600000 0.071016 0.945404 0.174263 0.410322 1.084755 0.494518 0.226558 0.892584
57.800000 0.071001 0.945560 0.174333 0.411525 1.085840 0.494540 0.226824 0.893413
58.000000 0.070975 0.945673 0.174524 0.412172 1.086872 0.494511 0.227209 0.894305
58.200000 0.070968 0.945748 0.174547 0.413289 1.087905 0.494551 0.227375 0.895225
58.400000 0.070973 0.945938 0.174479 0.413991 1.088608 0.494672 0.227795 0.895941
58.600000 0.070816 0.946079 0.174562 0.414997 1.089747 0.494798 0.228057 0.896705
58.800000 0.071062 0.946053 0.174601 0.415807 1.090651 0.494958 0.228410 0.897504
59.000000 0.070969 0.946113 0.174752 0.416841 1.091739 0.494938 0.228725 0.898134
59.200000 0.070991 0.946264 0.174768 0.417756 1.092644 0.495066 0.229023 0.899104
59.400000 0.071081 0.946325 0.174865 0.418684 1.093305 0.494852 0.229255 0.899770
59.600000 0.070975 0.946373 0.175034 0.419311 1.094101 0.495033 0.229664 0.900313
59.800000 0.070851 0.946435 0.174986 0.420235 1.095019 0.495058 0.229875 0.901240
60.000000 0.071017 0.946156 0.175027 0.420978 1.095854 0.495257 0.230072 0.901786
60.200000 0.071006 0.946354 0.175033 0.421817 1.096537 0.495259 0.230312 0.902567
60.400000 0.071095 0.946559 0.175020 0.422713 1.097309 0.495172 0.230588 0.903254
60.600000 0.070997 0.946770 0.175287 0.423502 1.098235 0.495389 0.231099 0.903916
60.800000 0.070977 0.946526 0.175214 0.424327 1.098804 0.495379 0.231184 0.904309
61.000000 0.071023 0.946787 0.175327 0.425122 1.099480 0.495341 0.231479 0.905052
61.200000 0.071009 0.946791 0.175343 0.425963 1.100358 0.495526 0.231897 0.905655
61.400000 0.070963 0.946629 0.175373 0.426651 1.101030 0.495592 0.232108 0.906295
61.600000 0.070961 0.946757 0.175355 0.427498 1.101631 0.495598 0.232433 0.906976
61.800000 0.070858 0.946922 0.175543 0.428445 1.102579 0.495697 0.232450 0.907363
62.000000 0.070831 0.946936 0.175619 0.428960 1.103110 0.495752 0.233080 0.908035
62.200000 0.070872 0.946878 0.175753 0.429925 1.103912 0.495923 0.233428 0.908585
62.400000 0.070814 0.946866 0.175699 0.431040 1.104550 0.495873 0.233740 0.909121
62.600000 0.070955 0.946960 0.175744 0.431679 1.104956 0.495906 0.233940 0.909838
62.800000 0.070978 0.946682 0.175789 0.432312 1.105774 0.496022 0.234217 0.910482
63.000000 0.070951 0.946726 0.175980 0.433161 1.106290 0.495935 0.234478 0.910660
63.200000 0.070809 0.946896 0.176084 0.433874 1.106610 0.495933 0.234778 0.911351
63.400000 0.070845 0.946844 0.175974 0.434719 1.107374 0.496116 0.234992 0.911756
63.600000 0.070949 0.946951 0.176027 0.435315 1.107930 0.496195 0.235238 0.912092
63.800000 0.071103 0.946843 0.176042 0.436083 1.108450 0.496164 0.235504 0.912347
64.000000 0.070802 0.946740 0.176049 0.436643 1.109088 0.496288 0.235804 0.913049
64.200000 0.071105 0.946650 0.176132 0.437451 1.109323 0.496368 0.235958 0.913060
64.400000 0.071100 0.946765 0.176252 0.437978 1.109840 0.496507 0.236264 0.913814
64.600000 0.070961 0.946799 0.176197 0.438792 1.110530 0.496470 0.236570 0.914229
64.800000 0.070975 0.946699 0.176268 0.439293 1.110755 0.496620 0.236780 0.914676
65.000000 0.070995 0.946670 0.176305 0.439858 1.111360 0.496624 0.236867 0.915069
65.200000 0.070816 0.946727 0.176302 0.440555 1.111758 0.496574 0.237273 0.915382
65.400000 0.070935 0.946555 0.176328 0.441169 1.112191 0.496397 0.237530 0.915936
65.600000 0.070944 0.946643 0.176400 0.441993 1.112478 0.496742 0.237792 0.916193
65.800000 0.071094 0.946626 0.176537 0.442433 1.113141 0.496773 0.237989 0.916517
66.000000 0.071103 0.946469 0.176440 0.443030 1.113514 0.496703 0.238183 0.916896
66.200000 0.070938 0.946496 0.176410 0.443738 1.113748 0.496967 0.238266 0.917164
66.400000 0.070942 0.946615 0.176596 0.444383 1.114066 0.496737 0.238517 0.917611
66.600000 0.070921 0.946561 0.176638 0.445014 1.114435 0.496842 0.238836 0.917696
66.800000 0.070906 0.946356 0.176491 0.445317 1.114520 0.496787 0.239037 0.918039
67.000000 0.070899 0.946492 0.176528 0.446160 1.115204 0.497094 0.239345 0.918474
67.200000 0.070913 0.946619 0.176735 0.446727 1.115443 0.497034 0.239527 0.918784
67.400000 0.070845 0.946275 0.176705 0.447347 1.115952 0.497197 0.239745 0.919032
67.600000 0.070927 0.946372 0.176809 0.447715 1.116311 0.497222 0.239961 0.919363
67.800000 0.070910 0.946326 0.176743 0.448364 1.116415 0.497149 0.240075 0.919611
68.000000 0.070914 0.946162 0.176874 0.448937 1.116594 0.497229 0.240371 0.919920
68.200000 0.070934 0.946130 0.176824 0.449553 1.117213 0.497422 0.240607 0.920137
68.400000 0.070804 0.946105 0.176984 0.450146 1.117296 0.497449 0.240815 0.920295
68.600000 0.070770 0.945936 0.176985 0.450615 1.117590 0.497360 0.241048 0.920707
68.800000 0.070894 0.946117 0.176872 0.451169 1.117950 0.497518 0.241262 0.920759
69.000000 0.070812 0.945988 0.177063 0.451937 1.118170 0.497535 0.241492 0.921146
69.200000 0.070926 0.945897 0.177084 0.452362 1.118692 0.497492 0.241609 0.921627
69.400000 0.071017 0.945897 0.177022 0.453029 1.118770 0.497708 0.241866 0.921719
69.600000 0.070925 0.945642 0.177282 0.453422 1.119178 0.497863 0.242044 0.921643
69.800000 0.070920 0.945803 0.177134 0.453839 1.119526 0.497764 0.242395 0.922008
70.000000 0.070907 0.945891 0.177189 0.454308 1.119623 0.497838 0.242562 0.922485
70.200000 0.070753 0.945650 0.177180 0.454918 1.119756 0.497877 0.242502 0.922575
70.400000 0.071091 0.945649 0.177276 0.455328 1.120084 0.497867 0.242814 0.922611
70.600000 0.070886 0.945401 0.177437 0.455788 1.120442 0.498035 0.243072 0.922965
70.800000 0.070933 0.945484 0.177213 0.456452 1.120722 0.497997 0.243270 0.923166
71.000000 0.070947 0.945530 0.177413 0.456947 1.120833 0.498083 0.243287 0.923469
71.200000 0.070907 0.945519 0.177310 0.457526 1.120927 0.498138 0.243669 0.923532
71.400000 0.070928 0.945460 0.177279 0.457791 1.121351 0.498132 0.243710 0.923858
71.600000 0.070877 0.945515 0.177434 0.458251 1.121460 0.498124 0.243844 0.924008
71.800000 0.070938 0.945506 0.177514 0.458930 1.121617 0.498278 0.244190 0.924178
72.000000 0.070949 0.945334 0.177527 0.459232 1.121763 0.498288 0.244340 0.924361
72.200000 0.070904 0.945152 0.177490 0.459837 1.122098 0.498207 0.244485 0.924360
72.400000 0.070871 0.945302 0.177541 0.460302 1.122157 0.498402 0.244601 0.924569
72.600000 0.070928 0.945275 0.177755 0.460697 1.122133 0.498480 0.244893 0.924709
72.800000 0.070916 0.945198 0.177619 0.461069 1.122491 0.498447 0.245050 0.925024
73.000000 0.070939 0.945184 0.177692 0.461503 1.122661 0.498369 0.245257 0.924997
73.200000 0.070934 0.945271 0.177770 0.462260 1.123020 0.498567 0.245415 0.925293
73.400000 0.070952 0.944986 0.177673 0.462552 1.123303 0.498644 0.245546 0.925480
73.600000 0.070931 0.945254 0.177667 0.462844 1.123455 0.498612 0.245779 0.925698
73.800000 0.070940 0.945231 0.177813 0.463321 1.123376 0.498664 0.245565 0.925835
74.000000 0.070931 0.945221 0.177875 0.463815 1.123658 0.498546 0.246096 0.925960
74.200000 0.070989 0.945143 0.177960 0.464473 1.123971 0.498881 0.246226 0.926339
74.400000 0.071094 0.945145 0.177923 0.465069 1.124016 0.498710 0.246495 0.926421
74.600000 0.070841 0.944896 0.177872 0.465254 1.124244 0.498916 0.246491 0.926628
74.800000 0.070952 0.944888 0.178108 0.465741 1.124345 0.499080 0.246844 0.926730
75.000000 0.070957 0.944882 0.178006 0.466239 1.124293 0.498932 0.247038 0.926719
75.200000 0.070852 0.945077 0.177789 0.466749 1.124676 0.498990 0.247062 0.926975
75.400000 0.070947 0.945073 0.178010 0.467095 1.124838 0.499000 0.247241 0.927110
75.600000 0.070931 0.944769 0.177926 0.467279 1.124969 0.498998 0.247409 0.927253
75.800000 0.070919 0.945109 0.178136 0.467929 1.124990 0.499205 0.247551 0.927296
76.000000 0.070905 0.944939 0.178161 0.467990 1.124962 0.499122 0.247735 0.927478
76.200000 0.070904 0.944690 0.178240 0.468618 1.125311 0.499175 0.247882 0.927557
76.400000 0.070947 0.944761 0.178359 0.468777 1.125431 0.499225 0.247982 0.927634
76.600000 0.070919 0.944694 0.178074 0.469467 1.125530 0.499342 0.248183 0.927768
76.800000 0.070896 0.944778 0.178304 0.469673 1.125755 0.499289 0.248274 0.927862
77.000000 0.070916 0.944794 0.178391 0.470038 1.125538 0.499476 0.248446 0.927978
77.200000 0.070912 0.944667 0.178326 0.470432 1.125892 0.499565 0.248588 0.928128
77.400000 0.070805 0.944648 0.178366 0.470951 1.126092 0.499693 0.248575 0.928249
77.600000 0.070906 0.944434 0.178503 0.471382 1.126005 0.499332 0.249012 0.928595
77.800000 0.070914 0.944593 0.178389 0.471575 1.126210 0.499589 0.249008 0.928357
78.000000 0.070927 0.944545 0.178465 0.471811 1.126211 0.499680 0.249316 0.928455
78.200000 0.070924 0.944513 0.178387 0.472477 1.126282 0.499804 0.249048 0.928773
78.400000 0.070904 0.944404 0.178498 0.472843 1.126703 0.499817 0.249451 0.928858
78.600000 0.070874 0.944452 0.178477 0.473053 1.126812 0.499873 0.249549 0.928892
78.800000 0.070939 0.944402 0.178539 0.473684 1.126767 0.500017 0.249611 0.929002
79.000000 0.070805 0.944149 0.178596 0.473933 1.126604 0.500022 0.249642 0.929043
79.200000 0.070923 0.944461 0.178549 0.474345 1.126793 0.500012 0.249981 0.929181
79.400000 0.070902 0.944092 0.178598 0.474699 1.126866 0.500004 0.250112 0.929070
79.600000 0.070890 0.944098 0.178654 0.474743 1.127100 0.500134 0.250094 0.929290
79.800000 0.070913 0.944100 0.178628 0.475175 1.127061 0.500121 0.250378 0.929347
80.000000 0.070896 0.943983 0.178593 0.475578 1.127058 0.500090 0.250441 0.929335
80.200000 0.070912 0.944203 0.178745 0.476013 1.127261 0.500224 0.250594 0.929692
80.400000 0.070902 0.944151 0.178751 0.476097 1.127241 0.500397 0.250763 0.929663
80.600000 0.070900 0.943655 0.178741 0.476556 1.127289 0.500238 0.250825 0.929652
80.800000 0.070909 0.943990 0.178816 0.476986 1.127276 0.500186 0.251003 0.929529
81.000000 0.070894 0.943974 0.178929 0.477075 1.127402 0.500206 0.251032 0.929808
81.200000 0.070915 0.944010 0.178834 0.477459 1.127437 0.500341 0.251009 0.929740
81.400000 0.070922 0.943903 0.178866 0.477785 1.127669 0.500482 0.251277 0.930010
81.600000 0.070946 0.943766 0.178849 0.478330 1.127600 0.500604 0.251403 0.930002
81.800000 0.070923 0.943859 0.178764 0.478515 1.127573 0.500515 0.251355 0.930074
82.000000 0.070900 0.943847 0.178924 0.478767 1.127812 0.500610 0.251491 0.930053
82.200000 0.070856 0.943621 0.178846 0.479075 1.127831 0.500590 0.251740 0.930076
82.400000 0.070919 0.943732 0.178983 0.479046 1.127737 0.500615 0.251857 0.930244
82.600000 0.070907 0.943609 0.178836 0.479728 1.127928 0.500567 0.251992 0.930179
82.800000 0.070921 0.943375 0.179058 0.479759 1.128060 0.500786 0.252053 0.930197
83.000000 0.070882 0.943518 0.179037 0.480171 1.128067 0.500769 0.252157 0.930422
83.200000 0.070875 0.943533 0.179030 0.480251 1.127917 0.500681 0.252237 0.930598
83.400000 0.070909 0.943458 0.179039 0.480643 1.128106 0.500672 0.252378 0.930499
83.600000 0.070894 0.943462 0.179103 0.480917 1.127995 0.500880 0.252433 0.930600
83.800000 0.070882 0.943510 0.179251 0.481142 1.128184 0.500796 0.252676 0.930727
84.000000 0.070890 0.943407 0.179117 0.481548 1.128376 0.500996 0.252625 0.930728
84.200000 0.070912 0.943433 0.179026 0.481941 1.128488 0.500832 0.252715 0.930705
84.400000 0.070862 0.943578 0.179170 0.482001 1.128347 0.500979 0.252864 0.930799
84.600000 0.070903 0.943213 0.179229 0.482035 1.128300 0.501062 0.252963 0.930793
84.800000 0.070901 0.943448 0.179219 0.482357 1.128097 0.501096 0.253094 0.930767
85.000000 0.070924 0.943180 0.179021 0.482521 1.128291 0.500996 0.253121 0.930913
85.200000 0.070874 0.943261 0.179207 0.483053 1.128338 0.501146 0.253214 0.930920
85.400000 0.070859 0.942996 0.179258 0.483369 1.128299 0.501007 0.253162 0.931065
85.600000 0.070909 0.943076 0.179388 0.483663 1.128497 0.501402 0.253512 0.930920
85.800000 0.070753 0.943248 0.179393 0.483871 1.128246 0.501289 0.253499 0.930968
86.000000 0.070924 0.943124 0.179370 0.484049 1.128411 0.501282 0.253738 0.930948
86.200000 0.070906 0.943186 0.179296 0.484380 1.128453 0.501297 0.253707 0.931187
86.400000 0.070985 0.943027 0.179436 0.484663 1.128589 0.501410 0.253801 0.931119
86.600000 0.070859 0.942989 0.179292 0.484872 1.128639 0.501158 0.253900 0.931210
86.800000 0.070863 0.943009 0.179591 0.485085 1.128825 0.501406 0.253958 0.931392
87.000000 0.070807 0.943037 0.179487 0.485298 1.128716 0.501409 0.254059 0.931441
87.200000 0.070925 0.943058 0.179469 0.485776 1.128788 0.501429 0.254155 0.931515
87.400000 0.070929 0.943180 0.179552 0.485990 1.128906 0.501572 0.254251 0.931673
87.600000 0.070916 0.942927 0.179451 0.486279 1.128889 0.501606 0.254306 0.931659
87.800000 0.070921 0.943094 0.179321 0.486325 1.128984 0.501700 0.254386 0.931576
88.000000 0.070804 0.942995 0.179528 0.486839 1.129287 0.501558 0.254496 0.931845
88.200000 0.070969 0.943098 0.179585 0.486970 1.129114 0.501511 0.254591 0.931757
88.400000 0.070961 0.943046 0.179651 0.487127 1.129119 0.501747 0.254638 0.931942
88.600000 0.070931 0.943115 0.179682 0.487458 1.129167 0.501831 0.254775 0.931775
88.800000 0.070943 0.943288 0.179653 0.487563 1.129339 0.501885 0.254683 0.932034
89.000000 0.070944 0.943180 0.179627 0.487785 1.129414 0.501882 0.254952 0.931878
89.200000 0.070935 0.943263 0.179599 0.488185 1.129460 0.501925 0.255054 0.932147
89.400000 0.070934 0.943049 0.179684 0.488576 1.129421 0.501994 0.255092 0.932099
89.600000 0.070941 0.943444 0.179836 0.488722 1.129409 0.502105 0.255163 0.932076
89.800000 0.070975 0.943392 0.179634 0.488934 1.129620 0.501759 0.255079 0.932161
90.000000 0.070881 0.943225 0.179825 0.489101 1.129574 0.502078 0.255327 0.932334
