0.200000 0.050018 0.371802 0.175409 0.201558 0.316465 0.480911 0.216703 0.276786
0.400000 0.049810 0.370839 0.175278 0.201176 0.315753 0.480604 0.216657 0.276051
0.600000 0.049830 0.370750 0.175263 0.201136 0.315349 0.480500 0.216554 0.275673
0.800000 0.049824 0.370586 0.175021 0.201158 0.314847 0.480603 0.216426 0.275552
1.000000 0.049680 0.370426 0.175104 0.201139 0.314443 0.480353 0.216485 0.275116
1.200000 0.049984 0.370226 0.175136 0.201052 0.314125 0.480429 0.216283 0.274953
1.400000 0.049844 0.369808 0.175041 0.200928 0.313520 0.480369 0.216133 0.274521
1.600000 0.049822 0.369682 0.175121 0.200937 0.313180 0.480447 0.216106 0.274182
1.800000 0.049835 0.369432 0.175114 0.200838 0.312527 0.480219 0.215997 0.273761
2.000000 0.049832 0.369249 0.175080 0.200855 0.312293 0.480318 0.215935 0.273640
2.200000 0.049784 0.368866 0.175082 0.200764 0.311787 0.480303 0.215859 0.273207
2.400000 0.049825 0.368838 0.174996 0.200639 0.311198 0.480194 0.215631 0.272847
2.600000 0.049798 0.368351 0.175033 0.200645 0.310892 0.480146 0.215668 0.272522
2.800000 0.049795 0.368306 0.175152 0.200589 0.310366 0.480180 0.215585 0.272281
3.000000 0.049800 0.368173 0.174959 0.200348 0.310133 0.480139 0.215426 0.271958
3.200000 0.049806 0.367933 0.174920 0.200647 0.309745 0.480151 0.215426 0.271623
3.400000 0.049750 0.367637 0.174946 0.200396 0.309261 0.479968 0.215245 0.271151
3.600000 0.049831 0.367455 0.175135 0.200203 0.308893 0.480005 0.215182 0.270900
3.800000 0.049745 0.367239 0.174977 0.200306 0.308263 0.480031 0.215212 0.270591
4.000000 0.049825 0.367197 0.174893 0.200134 0.308030 0.479885 0.215094 0.270449
4.200000 0.049765 0.366698 0.174961 0.200099 0.307296 0.479940 0.214967 0.270050
4.400000 0.049793 0.366551 0.175009 0.200152 0.307219 0.479844 0.214870 0.269868
4.600000 0.049765 0.366446 0.174977 0.200118 0.306731 0.479670 0.214812 0.269393
4.800000 0.049765 0.366104 0.174921 0.199891 0.306280 0.479780 0.214771 0.269300
5.000000 0.049731 0.365906 0.174907 0.199827 0.305934 0.479627 0.214590 0.268711
5.200000 0.049785 0.365836 0.174901 0.199758 0.305751 0.479634 0.214568 0.268593
5.400000 0.049776 0.365745 0.174895 0.199757 0.305254 0.479729 0.214440 0.268126
5.600000 0.049649 0.365334 0.174928 0.199829 0.304856 0.479569 0.214514 0.267872
5.800000 0.049774 0.365399 0.174856 0.199712 0.304482 0.479685 0.214320 0.267724
6.000000 0.049605 0.365005 0.174751 0.199796 0.303982 0.479680 0.214111 0.267369
6.200000 0.049811 0.364826 0.174894 0.199628 0.303773 0.479448 0.213955 0.267170
6.400000 0.049781 0.364561 0.174744 0.199516 0.303223 0.479432 0.214047 0.266860
6.600000 0.049767 0.364420 0.174726 0.199290 0.302836 0.479447 0.213909 0.266219
6.800000 0.049894 0.364279 0.174724 0.199530 0.302388 0.479291 0.213811 0.266001
7.000000 0.049877 0.363859 0.174803 0.199345 0.302041 0.479418 0.213639 0.265849
7.200000 0.049750 0.363842 0.174562 0.199195 0.301572 0.479286 0.213492 0.265559
7.400000 0.049747 0.363470 0.174769 0.199189 0.301161 0.479411 0.213606 0.265081
7.600000 0.049726 0.363354 0.174737 0.199132 0.300884 0.478973 0.213534 0.264940
7.800000 0.049754 0.363213 0.174620 0.199195 0.300489 0.479422 0.213414 0.264876
8.000000 0.049602 0.363060 0.174708 0.199078 0.300264 0.478999 0.213345 0.264301
8.200000 0.049889 0.362963 0.174587 0.199124 0.299730 0.479321 0.213296 0.264196
8.400000 0.049593 0.362672 0.174814 0.199066 0.299283 0.479119 0.213308 0.263928
8.600000 0.049880 0.362512 0.174673 0.198779 0.298989 0.479046 0.213137 0.263624
8.800000 0.049547 0.362251 0.174640 0.198869 0.298746 0.479055 0.212896 0.263231
9.000000 0.049701 0.362228 0.174736 0.198826 0.298338 0.478824 0.212837 0.263143
9.200000 0.049711 0.362072 0.174798 0.198936 0.297965 0.479030 0.212782 0.262992
9.400000 0.049728 0.361905 0.174676 0.198681 0.297647 0.478835 0.212842 0.262561
9.600000 0.049837 0.361610 0.174553 0.198674 0.297315 0.478776 0.212566 0.262319
9.800000 0.049719 0.361403 0.174652 0.198655 0.296878 0.478841 0.212700 0.262082
10.000000 0.049693 0.361286 0.174441 0.198642 0.296500 0.478700 0.212518 0.261771
10.200000 0.049728 0.361069 0.174620 0.198649 0.296226 0.478738 0.212307 0.261597
10.400000 0.049697 0.360922 0.174707 0.198430 0.295969 0.478789 0.212313 0.261267
10.600000 0.049699 0.360717 0.174446 0.198438 0.295497 0.478725 0.212528 0.260954
10.800000 0.049636 0.360413 0.174654 0.198370 0.295187 0.478671 0.212296 0.260828
11.000000 0.049694 0.360315 0.174696 0.198398 0.294853 0.478628 0.212191 0.260475
11.200000 0.049737 0.360242 0.174683 0.198244 0.294505 0.478765 0.212207 0.260182
11.400000 0.049700 0.360171 0.174475 0.198071 0.294042 0.478622 0.212036 0.260077
11.600000 0.049720 0.359888 0.174335 0.198163 0.293747 0.478414 0.211867 0.259796
11.800000 0.049703 0.359747 0.174505 0.197966 0.293502 0.478494 0.211889 0.259414
12.000000 0.049700 0.359504 0.174457 0.198080 0.293263 0.478389 0.211895 0.259132
12.200000 0.049679 0.359418 0.174540 0.198017 0.292879 0.478441 0.211656 0.258991
12.400000 0.049622 0.359215 0.174463 0.198014 0.292512 0.478258 0.211365 0.258861
12.600000 0.049716 0.359158 0.174492 0.198017 0.292441 0.478461 0.211708 0.258634
12.800000 0.049709 0.358772 0.174491 0.197641 0.291898 0.478351 0.211492 0.258324
13.000000 0.049838 0.358591 0.174313 0.197880 0.291835 0.478296 0.211394 0.257950
13.200000 0.049691 0.358790 0.174401 0.197635 0.291221 0.478289 0.211549 0.257782
13.400000 0.049677 0.358540 0.174289 0.197618 0.291011 0.478155 0.211301 0.257695
13.600000 0.049722 0.358331 0.174381 0.197665 0.290539 0.478067 0.211186 0.257487
13.800000 0.049663 0.358097 0.174599 0.197348 0.290314 0.478123 0.211273 0.257251
14.000000 0.049694 0.357934 0.174521 0.197584 0.290179 0.477997 0.211117 0.257025
14.200000 0.049561 0.357698 0.174384 0.197320 0.289841 0.478092 0.211036 0.256713
14.400000 0.049675 0.357780 0.174526 0.197544 0.289579 0.478036 0.210933 0.256600
14.600000 0.049663 0.357625 0.174508 0.197453 0.289289 0.478024 0.210912 0.256215
14.800000 0.049518 0.357462 0.174221 0.197404 0.289062 0.477913 0.211021 0.256178
15.000000 0.049671 0.357313 0.174371 0.197419 0.288705 0.477793 0.210818 0.256019
15.200000 0.049852 0.357325 0.174279 0.197183 0.288439 0.477925 0.210871 0.255560
15.400000 0.049669 0.356947 0.174361 0.197266 0.288072 0.477873 0.210786 0.255547
15.600000 0.049648 0.356839 0.174260 0.197380 0.287882 0.477682 0.210585 0.255386
15.800000 0.049685 0.356839 0.174274 0.197198 0.287780 0.477825 0.210559 0.255007
16.000000 0.049657 0.356645 0.174402 0.197110 0.287312 0.477820 0.210499 0.254752
16.200000 0.049679 0.356505 0.174395 0.197074 0.287113 0.477730 0.210565 0.254707
16.400000 0.049675 0.356341 0.174333 0.197030 0.286845 0.477740 0.210308 0.254516
16.600000 0.049645 0.356264 0.174215 0.196847 0.286707 0.477659 0.210259 0.254321
16.800000 0.049611 0.355890 0.174406 0.196826 0.286006 0.477735 0.210196 0.254098
17.000000 0.049645 0.355716 0.174329 0.196714 0.285757 0.477556 0.210225 0.253809
17.200000 0.049641 0.355806 0.174128 0.196717 0.285789 0.477513 0.210096 0.253726
17.400000 0.049644 0.355679 0.174292 0.196716 0.285413 0.477167 0.210078 0.253579
17.600000 0.049651 0.355398 0.174385 0.196720 0.285196 0.477383 0.209979 0.253150
17.800000 0.049660 0.355397 0.174097 0.196579 0.284972 0.477405 0.209851 0.253009
18.000000 0.049649 0.355442 0.174273 0.196554 0.284823 0.477390 0.209839 0.252946
18.200000 0.049557 0.355150 0.174206 0.196564 0.284339 0.477367 0.209792 0.252789
18.400000 0.049654 0.354976 0.173990 0.196640 0.284035 0.477343 0.209603 0.252234
18.600000 0.049649 0.355160 0.174062 0.196521 0.283962 0.477253 0.209569 0.252286
18.800000 0.049651 0.354786 0.174106 0.196387 0.283673 0.477167 0.209621 0.252220
19.000000 0.049694 0.354707 0.174159 0.196412 0.283306 0.477311 0.209510 0.252012
19.200000 0.049638 0.354419 0.174171 0.196240 0.282961 0.477225 0.209638 0.251663
19.400000 0.049618 0.354303 0.174242 0.196229 0.282615 0.477072 0.209482 0.251602
19.600000 0.049493 0.354332 0.174230 0.196250 0.282565 0.477127 0.209356 0.251182
19.800000 0.049633 0.354038 0.174253 0.196266 0.282154 0.477055 0.209331 0.251017
20.000000 0.049624 0.353960 0.173990 0.196133 0.282061 0.477018 0.209245 0.250948
20.200000 0.049635 0.354002 0.174227 0.196309 0.281763 0.476872 0.209168 0.250700
20.400000 0.049613 0.353794 0.174132 0.196213 0.281444 0.476885 0.209137 0.250601
20.600000 0.049440 0.353833 0.174213 0.196150 0.281158 0.477021 0.209115 0.250514
20.800000 0.049608 0.353518 0.174065 0.196117 0.280975 0.476906 0.208952 0.250179
21.000000 0.049620 0.353260 0.173973 0.195941 0.280774 0.476919 0.208932 0.249981
21.200000 0.049640 0.353314 0.174084 0.196000 0.280563 0.476863 0.208896 0.249934
21.400000 0.049472 0.353228 0.174072 0.196176 0.280269 0.476849 0.208892 0.249676
21.600000 0.049644 0.353046 0.174105 0.195994 0.280126 0.476869 0.208772 0.249489
21.800000 0.049478 0.353048 0.173957 0.195807 0.279707 0.476687 0.208846 0.249313
22.000000 0.049625 0.352716 0.174063 0.196021 0.279570 0.476736 0.208721 0.249016
22.200000 0.049741 0.352501 0.173917 0.195799 0.279266 0.476555 0.208635 0.248928
22.400000 0.049610 0.352583 0.174009 0.195681 0.279176 0.476572 0.208624 0.248764
22.600000 0.049613 0.352433 0.174075 0.195671 0.278801 0.476582 0.208493 0.248627
22.800000 0.049464 0.352405 0.174072 0.195673 0.278705 0.476539 0.208483 0.248269
23.000000 0.049442 0.352323 0.173865 0.195510 0.278459 0.476560 0.208443 0.248267
23.200000 0.049440 0.352054 0.173901 0.195606 0.278311 0.476228 0.208139 0.248083
23.400000 0.049592 0.351903 0.173891 0.195597 0.277873 0.476515 0.208084 0.247718
23.600000 0.049602 0.351870 0.173927 0.195525 0.277740 0.476521 0.208183 0.247676
23.800000 0.049642 0.351586 0.173884 0.195536 0.277405 0.476273 0.208046 0.247581
24.000000 0.049587 0.351704 0.173823 0.195464 0.277287 0.476245 0.208141 0.247452
24.200000 0.049740 0.351532 0.173909 0.195399 0.277047 0.476478 0.208021 0.247109
24.400000 0.049568 0.351467 0.173934 0.195372 0.276846 0.476330 0.207865 0.246888
24.600000 0.049579 0.351360 0.174037 0.195349 0.276613 0.476359 0.207886 0.246888
24.800000 0.049728 0.351215 0.173839 0.156364 0.276060 0.476290 0.207955 0.246876
25.000000 0.049577 0.351103 0.173907 0.195177 0.276073 0.476323 0.207903 0.246602
25.200000 0.049602 0.350956 0.173845 0.195282 0.275803 0.476114 0.207787 0.246400
25.400000 0.049575 0.350822 0.173831 0.194868 0.275717 0.475810 0.207668 0.246269
25.600000 0.049733 0.350911 0.173852 0.195154 0.275504 0.476165 0.207769 0.246059
25.800000 0.049734 0.350468 0.174049 0.195140 0.275161 0.476052 0.207642 0.245896
26.000000 0.049444 0.350584 0.173773 0.194951 0.274859 0.475844 0.207585 0.245753
26.200000 0.049619 0.350427 0.173753 0.195116 0.274703 0.476041 0.207593 0.245541
26.400000 0.049742 0.350222 0.173824 0.195150 0.274634 0.476025 0.207548 0.245473
26.600000 0.049589 0.350267 0.173848 0.194687 0.274376 0.475986 0.207431 0.245281
26.800000 0.049565 0.350094 0.173773 0.194816 0.273988 0.475811 0.207343 0.244915
27.000000 0.049666 0.349945 0.173948 0.194621 0.273982 0.475919 0.207063 0.244870
27.200000 0.049738 0.349920 0.173782 0.194576 0.273618 0.475870 0.207346 0.244751
27.400000 0.049447 0.349836 0.173755 0.194761 0.273553 0.475898 0.207354 0.244602
27.600000 0.049728 0.349621 0.173844 0.194675 0.273290 0.475627 0.207256 0.244366
27.800000 0.049461 0.349619 0.173765 0.194696 0.273050 0.475746 0.207170 0.244419
28.000000 0.049583 0.349685 0.173761 0.194624 0.272912 0.475900 0.207093 0.244172
28.200000 0.049723 0.349413 0.173757 0.194678 0.272694 0.475744 0.207164 0.244074
28.400000 0.049544 0.349171 0.173736 0.194637 0.272534 0.475665 0.207001 0.243898
28.600000 0.049586 0.349221 0.173885 0.194693 0.272350 0.475465 0.207019 0.243518
28.800000 0.049580 0.349173 0.173739 0.194523 0.272147 0.475762 0.206835 0.243627
29.000000 0.049439 0.349072 0.173603 0.194686 0.271993 0.475529 0.206829 0.243470
29.200000 0.049585 0.348894 0.173758 0.194420 0.271660 0.475521 0.206793 0.243253
29.400000 0.049544 0.348880 0.173552 0.194528 0.271677 0.475387 0.206768 0.243189
29.600000 0.049443 0.348719 0.173747 0.194276 0.271224 0.475403 0.206684 0.242942
29.800000 0.049581 0.348570 0.173522 0.194376 0.271112 0.475455 0.206699 0.242834
30.000000 0.049579 0.348507 0.173648 0.194212 0.270941 0.475298 0.206649 0.242699
30.200000 0.049537 0.348371 0.173688 0.194266 0.270725 0.475423 0.206434 0.242333
30.400000 0.049568 0.348073 0.173644 0.194192 0.270528 0.475166 0.206517 0.242322
30.600000 0.049559 0.348257 0.173949 0.194103 0.270116 0.475210 0.206577 0.242226
30.800000 0.049568 0.348197 0.173497 0.194203 0.270214 0.475044 0.206418 0.242080
31.000000 0.049598 0.347962 0.173533 0.194142 0.269889 0.475147 0.206348 0.241884
31.200000 0.049583 0.347241 0.173140 0.193781 0.269519 0.474853 0.206120 0.241563
31.400000 0.049534 0.347675 0.173346 0.193903 0.269311 0.474708 0.206140 0.241308
31.600000 0.049465 0.347539 0.173364 0.193733 0.269120 0.474784 0.205985 0.241012
31.800000 0.049738 0.347421 0.173342 0.193829 0.268992 0.475131 0.206001 0.240946
32.000000 0.049871 0.347083 0.173267 0.193760 0.268517 0.474741 0.205759 0.240790
32.200000 0.050055 0.347278 0.173492 0.193797 0.268538 0.474740 0.206062 0.240833
32.400000 0.050238 0.346989 0.173396 0.193718 0.268517 0.474610 0.206126 0.240635
32.600000 0.050480 0.347118 0.173429 0.193528 0.268493 0.474753 0.206049 0.240695
32.800000 0.050807 0.346935 0.173463 0.193865 0.268490 0.474802 0.205860 0.240634
33.000000 0.050872 0.347272 0.173361 0.194179 0.268506 0.474755 0.206112 0.240758
33.200000 0.050945 0.347203 0.173759 0.194327 0.268824 0.474936 0.206366 0.241107
33.400000 0.051314 0.346885 0.173571 0.194007 0.269283 0.474566 0.206188 0.240940
33.600000 0.051470 0.347345 0.173594 0.194285 0.269135 0.474587 0.206349 0.241156
33.800000 0.051441 0.347319 0.173562 0.194461 0.269561 0.474650 0.206534 0.241363
34.000000 0.051820 0.347502 0.173603 0.194518 0.269527 0.474551 0.206407 0.241409
34.200000 0.051731 0.347649 0.173685 0.194578 0.270085 0.474870 0.206723 0.241740
34.400000 0.052033 0.348182 0.173714 0.194899 0.270600 0.474626 0.206819 0.242113
34.600000 0.052319 0.348337 0.173764 0.195155 0.270857 0.475124 0.206501 0.242677
34.800000 0.052409 0.348787 0.173787 0.194872 0.271487 0.474916 0.206667 0.242954
35.000000 0.052299 0.349036 0.173839 0.195217 0.272075 0.474778 0.207039 0.243225
35.200000 0.052575 0.349438 0.173869 0.195165 0.272952 0.474847 0.206701 0.243561
35.400000 0.052543 0.349613 0.173809 0.195414 0.273356 0.475239 0.206800 0.244084
35.600000 0.052550 0.350278 0.173880 0.195519 0.274038 0.474811 0.206997 0.244481
35.800000 0.052655 0.351193 0.173969 0.195671 0.274706 0.474826 0.207108 0.245338
36.000000 0.052515 0.351686 0.173909 0.195910 0.275525 0.474604 0.207312 0.245773
36.200000 0.052659 0.352378 0.174054 0.196170 0.276343 0.474742 0.207316 0.246302
36.400000 0.052865 0.353165 0.174021 0.196248 0.277187 0.474886 0.207384 0.246938
36.600000 0.052865 0.353956 0.174028 0.196421 0.278109 0.474942 0.207635 0.247636
36.800000 0.052823 0.354915 0.174080 0.196635 0.278815 0.474882 0.207770 0.248283
37.000000 0.052944 0.355443 0.174102 0.196555 0.279752 0.474923 0.207966 0.248953
37.200000 0.053173 0.356486 0.174304 0.197196 0.280892 0.475139 0.207980 0.249678
37.400000 0.053187 0.357359 0.174406 0.197240 0.281682 0.475029 0.208235 0.250079
37.600000 0.053017 0.358027 0.174038 0.197253 0.282493 0.474855 0.208246 0.250872
37.800000 0.053089 0.359026 0.173964 0.197299 0.283507 0.474688 0.208260 0.251570
38.000000 0.053284 0.360039 0.174515 0.197625 0.284706 0.475237 0.208590 0.252643
38.200000 0.053368 0.361152 0.174534 0.197666 0.285629 0.475162 0.208697 0.253206
38.400000 0.053300 0.361668 0.174443 0.197783 0.286559 0.475250 0.208669 0.253860
38.600000 0.053300 0.362774 0.174450 0.198033 0.287347 0.475445 0.208939 0.254535
38.800000 0.053191 0.363863 0.174339 0.198260 0.288418 0.475216 0.208966 0.255232
39.000000 0.053300 0.364775 0.174552 0.198426 0.289505 0.475162 0.208919 0.255972
39.200000 0.053281 0.365833 0.174695 0.198607 0.290266 0.475195 0.208945 0.256602
39.400000 0.053351 0.366741 0.174540 0.198653 0.291362 0.475369 0.209295 0.257418
39.600000 0.053371 0.367854 0.174611 0.198752 0.292291 0.475404 0.209461 0.258105
39.800000 0.053420 0.368956 0.174539 0.198900 0.293298 0.475362 0.209520 0.258904
40.000000 0.053261 0.370070 0.174656 0.199009 0.294482 0.475544 0.209782 0.259680
40.200000 0.053407 0.371096 0.174755 0.199031 0.295552 0.475389 0.209789 0.260388
40.400000 0.053434 0.372238 0.174645 0.199196 0.296529 0.475407 0.209857 0.261232
40.600000 0.053442 0.373397 0.174668 0.199458 0.297667 0.475613 0.209862 0.261877
40.800000 0.053446 0.374540 0.174704 0.199561 0.298661 0.475495 0.210050 0.262763
41.000000 0.053492 0.375612 0.174958 0.199662 0.299934 0.475611 0.210205 0.263634
41.200000 0.053464 0.376849 0.174599 0.199796 0.300984 0.475504 0.210120 0.264587
41.400000 0.053467 0.378222 0.174800 0.199901 0.301869 0.475715 0.210521 0.265444
41.600000 0.053468 0.379384 0.174808 0.200119 0.303372 0.475540 0.210457 0.266202
41.800000 0.053493 0.380592 0.174916 0.200292 0.304465 0.475712 0.210433 0.267089
42.000000 0.053440 0.381877 0.174822 0.200470 0.305599 0.475715 0.210750 0.268074
42.200000 0.053483 0.383027 0.175005 0.200496 0.306939 0.475683 0.210776 0.268850
42.400000 0.053487 0.384308 0.174772 0.200530 0.307923 0.475704 0.210915 0.269717
42.600000 0.053527 0.385295 0.174828 0.200774 0.309081 0.475630 0.210995 0.270547
42.800000 0.053544 0.387080 0.175032 0.200839 0.310484 0.475905 0.211239 0.271719
43.000000 0.053533 0.388541 0.174966 0.200712 0.312029 0.475852 0.211251 0.272614
43.200000 0.053511 0.389786 0.175168 0.201044 0.312985 0.475817 0.211427 0.273513
43.400000 0.053511 0.390935 0.174908 0.201001 0.314597 0.475897 0.211575 0.274466
43.600000 0.053410 0.392171 0.175020 0.201180 0.315481 0.475779 0.211616 0.275284
43.800000 0.053540 0.393650 0.175102 0.201383 0.316731 0.476022 0.211652 0.276327
44.000000 0.053524 0.394751 0.175156 0.201329 0.317692 0.475779 0.211883 0.277159
44.200000 0.053697 0.396147 0.175087 0.201466 0.319085 0.475831 0.211952 0.277891
44.400000 0.053709 0.397221 0.175020 0.201571 0.320149 0.475857 0.211950 0.278804
44.600000 0.053555 0.398977 0.175138 0.201817 0.321599 0.476067 0.212209 0.279895
44.800000 0.053411 0.400084 0.174972 0.201978 0.322793 0.475806 0.212315 0.280760
45.000000 0.053427 0.401251 0.175129 0.201882 0.323815 0.476061 0.212479 0.281680
45.200000 0.053277 0.402465 0.175139 0.202137 0.325093 0.476064 0.212602 0.282735
45.400000 0.053423 0.403581 0.175184 0.202301 0.326434 0.475990 0.212669 0.283607
45.600000 0.053641 0.404933 0.175177 0.202429 0.327493 0.476149 0.212739 0.284492
45.800000 0.053561 0.406265 0.175180 0.202464 0.328882 0.476222 0.212718 0.285408
46.000000 0.053533 0.407383 0.175041 0.202569 0.329953 0.475930 0.212915 0.286257
46.200000 0.053551 0.408588 0.175317 0.202669 0.331325 0.476191 0.213100 0.287264
46.400000 0.053597 0.409811 0.175465 0.202773 0.332426 0.476231 0.213025 0.288127
46.600000 0.053580 0.410829 0.175182 0.202825 0.333737 0.476091 0.213304 0.289093
46.800000 0.053592 0.412083 0.175349 0.202910 0.334821 0.476130 0.213287 0.289945
47.000000 0.053626 0.413311 0.175446 0.203081 0.336048 0.476340 0.213747 0.290970
47.200000 0.053609 0.414642 0.175232 0.203178 0.337325 0.476363 0.213752 0.291809
47.400000 0.053471 0.415661 0.175344 0.203102 0.338558 0.476373 0.213691 0.292747
47.600000 0.053605 0.416991 0.175447 0.203143 0.339899 0.476425 0.213956 0.293603
47.800000 0.053619 0.417979 0.175387 0.203542 0.341003 0.476446 0.213972 0.294606
48.000000 0.053632 0.419084 0.175325 0.203445 0.342017 0.476325 0.214028 0.295426
48.200000 0.053608 0.420184 0.175368 0.203517 0.343367 0.476487 0.214098 0.296459
48.400000 0.053492 0.421363 0.175415 0.203682 0.344409 0.476388 0.214117 0.297350
48.600000 0.053592 0.422376 0.175592 0.203747 0.345723 0.476387 0.214331 0.298290
48.800000 0.053633 0.423513 0.175382 0.203559 0.346911 0.476428 0.214454 0.299211
49.000000 0.053639 0.424654 0.175388 0.203717 0.347780 0.476643 0.214583 0.300090
49.200000 0.053621 0.425943 0.175480 0.203988 0.349532 0.476632 0.214799 0.301160
49.400000 0.053597 0.426912 0.175443 0.204021 0.350587 0.476567 0.214835 0.302072
49.600000 0.053639 0.428112 0.175625 0.204120 0.351897 0.476635 0.214893 0.302916
49.800000 0.053675 0.428962 0.175552 0.204274 0.353028 0.476762 0.214994 0.303809
50.000000 0.053622 0.429946 0.175560 0.204509 0.354012 0.476808 0.215130 0.304722
50.200000 0.053633 0.431160 0.175604 0.204493 0.355325 0.476779 0.215210 0.305532
50.400000 0.053669 0.432007 0.175508 0.204611 0.356369 0.476816 0.215378 0.306426
50.600000 0.053656 0.432974 0.175713 0.204566 0.357580 0.476692 0.215424 0.307378
50.800000 0.053666 0.433841 0.175520 0.204601 0.358726 0.476868 0.215486 0.308254
51.000000 0.053648 0.434732 0.175676 0.204546 0.359870 0.476869 0.215473 0.309007
51.200000 0.053669 0.435671 0.175747 0.204912 0.360933 0.476956 0.215719 0.309984
51.400000 0.053622 0.436843 0.175574 0.204858 0.362064 0.476883 0.215897 0.310859
51.600000 0.053676 0.437660 0.175665 0.205078 0.363252 0.477015 0.215929 0.311695
51.800000 0.053682 0.438579 0.175751 0.204933 0.364224 0.476919 0.215662 0.312472
52.000000 0.053678 0.439432 0.175641 0.205157 0.365217 0.477071 0.216126 0.313375
52.200000 0.053673 0.440248 0.175647 0.205171 0.366661 0.477086 0.216237 0.314270
52.400000 0.053669 0.441154 0.175747 0.205045 0.367519 0.477110 0.216483 0.315111
52.600000 0.053669 0.441992 0.175914 0.205312 0.368618 0.477029 0.216448 0.315923
52.800000 0.053638 0.442771 0.175660 0.205376 0.369614 0.477234 0.216423 0.316574
53.000000 0.053687 0.443603 0.175919 0.205412 0.370745 0.477186 0.216669 0.317562
53.200000 0.053562 0.444371 0.175850 0.205643 0.371773 0.477145 0.216750 0.318381
53.400000 0.053673 0.445262 0.175883 0.205657 0.372577 0.477360 0.216869 0.319318
53.600000 0.053691 0.446163 0.175719 0.205779 0.373959 0.476993 0.216889 0.319985
53.800000 0.053663 0.446809 0.175657 0.205715 0.374844 0.477349 0.217057 0.320728
54.000000 0.053670 0.447394 0.175890 0.205753 0.375996 0.477388 0.217097 0.321530
54.200000 0.053563 0.448342 0.175852 0.205954 0.376967 0.477389 0.217262 0.322356
54.400000 0.053636 0.449024 0.175914 0.205830 0.377877 0.477322 0.217315 0.323162
54.600000 0.053698 0.449918 0.175869 0.206043 0.378670 0.477541 0.217382 0.323907
54.800000 0.053701 0.450308 0.175883 0.206132 0.379939 0.477509 0.217574 0.324661
55.000000 0.053690 0.451256 0.175862 0.206160 0.380880 0.477417 0.217622 0.325437
55.200000 0.053702 0.452241 0.175841 0.206007 0.381545 0.477505 0.217720 0.326218
55.400000 0.053659 0.452561 0.175849 0.206218 0.382848 0.477555 0.218043 0.327139
55.600000 0.053691 0.453578 0.175917 0.206373 0.383908 0.477533 0.217801 0.327782
55.800000 0.053698 0.454186 0.175793 0.206174 0.384525 0.477685 0.217941 0.328478
56.000000 0.053575 0.454688 0.176016 0.206340 0.385695 0.477673 0.218148 0.329279
56.200000 0.053688 0.455383 0.175968 0.206595 0.386796 0.477878 0.218131 0.329967
56.400000 0.053847 0.455914 0.175837 0.206513 0.387669 0.477849 0.218332 0.330818
56.600000 0.053849 0.456676 0.176017 0.206723 0.388351 0.477741 0.218360 0.331354
56.800000 0.053675 0.457289 0.176015 0.206552 0.389260 0.477905 0.218452 0.331933
57.000000 0.053793 0.457882 0.175958 0.206625 0.390198 0.477672 0.218571 0.332670
57.200000 0.053838 0.458480 0.175941 0.206876 0.391234 0.477876 0.218515 0.333501
57.400000 0.053710 0.459072 0.175875 0.206795 0.392034 0.477789 0.218771 0.334098
57.600000 0.053702 0.459567 0.175973 0.206893 0.392748 0.477859 0.218663 0.334840
57.800000 0.053565 0.460081 0.176107 0.206974 0.393632 0.477878 0.218688 0.335261
58.000000 0.053698 0.460426 0.176212 0.206949 0.394540 0.477934 0.218836 0.336145
58.200000 0.053861 0.461259 0.176107 0.207037 0.395396 0.477840 0.219113 0.336747
58.400000 0.053732 0.461832 0.176228 0.206943 0.396176 0.478012 0.219175 0.337375
58.600000 0.053489 0.462281 0.176011 0.207195 0.396772 0.478207 0.219201 0.337879
58.800000 0.053863 0.462774 0.176091 0.207080 0.397866 0.477933 0.219368 0.338559
59.000000 0.053725 0.463245 0.176159 0.207241 0.398625 0.478066 0.219428 0.339267
59.200000 0.053736 0.463711 0.176069 0.207431 0.399250 0.478168 0.219481 0.339764
59.400000 0.053732 0.464112 0.175957 0.207235 0.400230 0.477944 0.219534 0.340372
59.600000 0.053736 0.464537 0.176012 0.207468 0.401000 0.478011 0.219655 0.340989
59.800000 0.053816 0.465006 0.176203 0.207467 0.401622 0.478213 0.219641 0.341687
60.000000 0.053735 0.465527 0.176226 0.207542 0.402499 0.478122 0.219830 0.342242
60.200000 0.053748 0.465929 0.176088 0.207587 0.403284 0.478334 0.219916 0.342743
60.400000 0.053710 0.466583 0.176091 0.207607 0.403774 0.478335 0.219882 0.343381
60.600000 0.053724 0.466948 0.176315 0.207437 0.404645 0.478286 0.220071 0.343976
60.800000 0.053725 0.467414 0.176187 0.207682 0.405443 0.478348 0.220125 0.344448
61.000000 0.053734 0.467753 0.176283 0.207793 0.406060 0.478311 0.220293 0.345131
61.200000 0.053588 0.468254 0.176256 0.207930 0.406954 0.478403 0.220188 0.345743
61.400000 0.053704 0.468742 0.176443 0.207934 0.407599 0.478474 0.220341 0.346389
61.600000 0.053834 0.469246 0.176370 0.207908 0.408454 0.478448 0.220588 0.347028
61.800000 0.053748 0.469636 0.176255 0.208005 0.409320 0.478488 0.220563 0.347464
62.000000 0.053751 0.469872 0.176273 0.208057 0.410126 0.478364 0.220520 0.348108
62.200000 0.053757 0.470488 0.176274 0.208056 0.410581 0.478622 0.220782 0.348538
62.400000 0.053716 0.470781 0.176274 0.208163 0.411272 0.478540 0.220928 0.349025
62.600000 0.053709 0.471051 0.176289 0.208078 0.411905 0.478448 0.220830 0.349606
62.800000 0.053729 0.471628 0.176376 0.208247 0.412704 0.478559 0.221091 0.350217
63.000000 0.053717 0.471863 0.176355 0.208132 0.413249 0.478795 0.221071 0.350767
63.200000 0.053742 0.472122 0.176380 0.208218 0.413957 0.478719 0.221147 0.351213
63.400000 0.053747 0.472530 0.176349 0.208342 0.414445 0.478801 0.221134 0.351771
63.600000 0.053747 0.472983 0.176396 0.208367 0.415066 0.478787 0.221285 0.352193
63.800000 0.053748 0.473244 0.176398 0.208551 0.415657 0.478805 0.221304 0.352752
64.000000 0.053588 0.473589 0.176523 0.208557 0.416398 0.478898 0.221480 0.353215
64.200000 0.053597 0.473825 0.176506 0.208496 0.416966 0.478883 0.221517 0.353630
64.400000 0.053768 0.474233 0.176426 0.208608 0.417576 0.478639 0.221451 0.353957
64.600000 0.053754 0.474474 0.176471 0.208728 0.418091 0.478842 0.221653 0.354537
64.800000 0.053730 0.475028 0.176290 0.208519 0.418788 0.478822 0.221859 0.354810
65.000000 0.053750 0.475272 0.176429 0.208701 0.419318 0.478707 0.221819 0.355480
65.200000 0.053782 0.475437 0.176287 0.208835 0.419794 0.479086 0.221726 0.355978
65.400000 0.053752 0.475763 0.176508 0.208772 0.420392 0.478861 0.221906 0.356274
65.600000 0.053738 0.476048 0.176458 0.208810 0.420933 0.478985 0.221558 0.356705
65.800000 0.053846 0.476287 0.176500 0.208863 0.421453 0.478950 0.222144 0.357075
66.000000 0.053766 0.476415 0.176489 0.208994 0.422005 0.478985 0.222109 0.357398
66.200000 0.053841 0.476945 0.176460 0.208772 0.422577 0.479015 0.222279 0.357949
66.400000 0.053836 0.477011 0.176292 0.208633 0.423257 0.478995 0.222276 0.358373
66.600000 0.053741 0.477299 0.176404 0.208851 0.423585 0.479183 0.222458 0.358719
66.800000 0.053728 0.477600 0.176674 0.208994 0.424272 0.478991 0.222446 0.359162
67.000000 0.053772 0.477917 0.176673 0.209142 0.424649 0.479173 0.222619 0.359583
67.200000 0.053747 0.478068 0.176484 0.209087 0.425221 0.479068 0.222568 0.359891
67.400000 0.053763 0.478380 0.176409 0.209107 0.425680 0.479226 0.222616 0.360384
67.600000 0.053837 0.478587 0.176467 0.209180 0.426288 0.479320 0.222705 0.360808
67.800000 0.053757 0.478903 0.176579 0.209241 0.426832 0.479329 0.222625 0.361030
68.000000 0.053802 0.479080 0.176519 0.209339 0.427356 0.479358 0.222833 0.361495
68.200000 0.053781 0.479285 0.176496 0.209342 0.427848 0.479427 0.222786 0.361912
68.400000 0.053765 0.479609 0.176563 0.209396 0.428181 0.479354 0.223050 0.362267
68.600000 0.053759 0.479851 0.176603 0.209326 0.428741 0.479454 0.222797 0.362263
68.800000 0.053781 0.479937 0.176608 0.209444 0.429285 0.479323 0.223013 0.362987
69.000000 0.053718 0.480225 0.176603 0.209389 0.429583 0.479508 0.223091 0.363390
69.200000 0.053856 0.480398 0.176626 0.209462 0.429860 0.479543 0.223157 0.363752
69.400000 0.053619 0.480627 0.176695 0.209466 0.430145 0.479512 0.223246 0.363999
69.600000 0.053587 0.480903 0.176634 0.209571 0.430961 0.479495 0.223351 0.364501
69.800000 0.053758 0.480958 0.176669 0.209720 0.431365 0.479570 0.223277 0.364574
70.000000 0.053772 0.481145 0.176653 0.209541 0.431720 0.479653 0.223410 0.365029
70.200000 0.053786 0.481420 0.176686 0.209597 0.432267 0.479732 0.223493 0.365313
70.400000 0.053773 0.481428 0.176683 0.209680 0.432541 0.479688 0.223466 0.365691
70.600000 0.053487 0.481977 0.176547 0.209625 0.433037 0.479626 0.223610 0.366002
70.800000 0.053790 0.482056 0.176580 0.209786 0.433351 0.479696 0.223820 0.366228
71.000000 0.053799 0.482268 0.176632 0.209730 0.434086 0.479623 0.223640 0.366632
71.200000 0.053777 0.482413 0.176641 0.209721 0.434261 0.479610 0.223829 0.366941
71.400000 0.053813 0.482571 0.176685 0.209951 0.434685 0.479590 0.223852 0.367279
71.600000 0.053794 0.482817 0.176566 0.209958 0.434876 0.479882 0.223735 0.367521
71.800000 0.053706 0.482724 0.176591 0.209664 0.435442 0.479699 0.223804 0.367490
72.000000 0.053731 0.483141 0.176582 0.209854 0.435747 0.479856 0.223920 0.368142
72.200000 0.053817 0.483152 0.176643 0.210065 0.436190 0.479992 0.223959 0.368255
72.400000 0.053703 0.483344 0.176606 0.209825 0.436314 0.479611 0.223978 0.368564
72.600000 0.053700 0.483630 0.176687 0.209897 0.436731 0.479896 0.224058 0.369005
72.800000 0.053605 0.483739 0.176578 0.209833 0.437192 0.479788 0.224113 0.369213
73.000000 0.053586 0.483975 0.176804 0.210036 0.437731 0.480028 0.224199 0.369508
73.200000 0.053732 0.484121 0.176869 0.210105 0.437984 0.479881 0.224426 0.369828
73.400000 0.053754 0.484266 0.176743 0.210080 0.438519 0.480056 0.224426 0.370197
73.600000 0.053725 0.484256 0.176727 0.210105 0.438857 0.480028 0.224354 0.370373
73.800000 0.053571 0.484549 0.176823 0.210091 0.438918 0.479980 0.224327 0.370704
74.000000 0.053759 0.484697 0.176832 0.210192 0.439558 0.479928 0.224464 0.371051
74.200000 0.053857 0.484682 0.176738 0.210144 0.439755 0.479909 0.224537 0.371240
74.400000 0.053855 0.485156 0.176578 0.210122 0.439823 0.480108 0.224596 0.371469
74.600000 0.053586 0.485223 0.176839 0.210211 0.440552 0.479862 0.224357 0.371604
74.800000 0.053750 0.484869 0.176806 0.210276 0.440872 0.480052 0.224686 0.371907
75.000000 0.053739 0.485276 0.176849 0.210326 0.441152 0.480166 0.224692 0.372049
75.200000 0.053863 0.485519 0.176750 0.210353 0.441573 0.480071 0.224460 0.372428
75.400000 0.053709 0.485670 0.176715 0.210547 0.441878 0.480335 0.224786 0.372707
75.600000 0.053694 0.485693 0.176573 0.210391 0.442135 0.480317 0.224799 0.372911
75.800000 0.053798 0.485765 0.176993 0.210721 0.442392 0.480461 0.224971 0.373235
76.000000 0.053810 0.486133 0.176960 0.210509 0.442519 0.480256 0.224835 0.373429
76.200000 0.053797 0.486178 0.176747 0.210618 0.442885 0.480469 0.225154 0.373510
76.400000 0.053797 0.486252 0.176859 0.210602 0.443357 0.480402 0.225232 0.373946
76.600000 0.053783 0.486462 0.177046 0.210674 0.443610 0.480390 0.225153 0.374094
76.800000 0.053777 0.486571 0.176917 0.210608 0.444030 0.480384 0.225086 0.374327
77.000000 0.053809 0.486722 0.176938 0.210713 0.444085 0.480380 0.225327 0.374476
77.200000 0.053639 0.486663 0.176895 0.210850 0.444432 0.480474 0.225338 0.374734
77.400000 0.053653 0.486684 0.176757 0.210657 0.444707 0.480657 0.225393 0.374929
77.600000 0.053732 0.486796 0.176853 0.210739 0.445067 0.480537 0.225399 0.375122
77.800000 0.053665 0.487016 0.176887 0.210798 0.445122 0.480582 0.225438 0.375352
78.000000 0.053798 0.487131 0.176909 0.210839 0.445647 0.480579 0.225526 0.375572
78.200000 0.053896 0.487084 0.176954 0.210875 0.445712 0.480597 0.225642 0.375679
78.400000 0.053798 0.487218 0.176964 0.210831 0.446013 0.480797 0.225635 0.376067
78.600000 0.053810 0.487441 0.176971 0.211016 0.446268 0.480722 0.225579 0.375995
78.800000 0.053775 0.487463 0.176772 0.210751 0.446335 0.480442 0.225766 0.376254
79.000000 0.053653 0.487532 0.176890 0.210977 0.446643 0.480773 0.225742 0.376470
79.200000 0.053790 0.487782 0.176955 0.210941 0.447010 0.480788 0.225755 0.376636
79.400000 0.053846 0.487797 0.176851 0.210932 0.447370 0.480837 0.225837 0.376961
79.600000 0.053786 0.487958 0.176826 0.210916 0.447683 0.480783 0.225887 0.377152
79.800000 0.053651 0.487959 0.176951 0.210928 0.447800 0.480817 0.225933 0.377214
80.000000 0.053810 0.488020 0.177080 0.211102 0.448052 0.480903 0.226064 0.377463
80.200000 0.053796 0.488262 0.176957 0.211199 0.448311 0.480700 0.225996 0.377557
80.400000 0.053812 0.488308 0.177097 0.211241 0.448481 0.481109 0.226114 0.377675
80.600000 0.053790 0.488431 0.176992 0.211275 0.448638 0.480943 0.226040 0.377815
80.800000 0.053819 0.488385 0.177143 0.211102 0.449005 0.480849 0.226147 0.378259
81.000000 0.053799 0.488523 0.176876 0.211259 0.449253 0.481045 0.226101 0.378229
81.200000 0.053775 0.488588 0.176998 0.211227 0.449297 0.480871 0.226143 0.378271
81.400000 0.053815 0.488479 0.177023 0.211275 0.449458 0.480962 0.226277 0.378602
81.600000 0.053810 0.488588 0.176880 0.211291 0.449823 0.481087 0.226148 0.378757
81.800000 0.053782 0.488974 0.177051 0.211283 0.449978 0.481057 0.226285 0.378785
82.000000 0.053787 0.488882 0.176929 0.211195 0.450146 0.480915 0.226226 0.378957
82.200000 0.053830 0.488825 0.177124 0.211381 0.450348 0.481165 0.226330 0.379180
82.400000 0.053843 0.489045 0.177119 0.211363 0.450586 0.481059 0.226389 0.379412
82.600000 0.053793 0.488987 0.176964 0.211354 0.450724 0.481243 0.226313 0.379461
82.800000 0.053808 0.489192 0.177143 0.211353 0.450751 0.481175 0.226465 0.379280
83.000000 0.053781 0.489142 0.177144 0.211413 0.450993 0.481171 0.226322 0.379740
83.200000 0.053825 0.489274 0.177143 0.211441 0.450994 0.481186 0.226448 0.379804
83.400000 0.053743 0.489260 0.177007 0.211484 0.451374 0.481244 0.226574 0.380055
83.600000 0.053824 0.489298 0.176950 0.211579 0.451614 0.481167 0.226562 0.380018
83.800000 0.053798 0.489402 0.177080 0.211620 0.451797 0.481217 0.226679 0.380313
84.000000 0.053798 0.489385 0.177097 0.211784 0.451961 0.481323 0.226622 0.380454
84.200000 0.053795 0.489638 0.177038 0.211377 0.451980 0.481305 0.226735 0.380511
84.400000 0.053819 0.489758 0.177107 0.211446 0.452345 0.481336 0.226830 0.380653
84.600000 0.053808 0.489698 0.177068 0.211495 0.452511 0.481326 0.226787 0.380797
84.800000 0.053779 0.489657 0.177179 0.211768 0.452624 0.481270 0.226793 0.380934
85.000000 0.053802 0.489833 0.177113 0.211673 0.452758 0.481387 0.226774 0.380948
85.200000 0.053818 0.489683 0.177106 0.211575 0.453010 0.481528 0.226802 0.381146
85.400000 0.053823 0.489972 0.177029 0.211641 0.452955 0.481429 0.226861 0.381293
85.600000 0.053720 0.489960 0.177155 0.211654 0.453284 0.481481 0.226873 0.381407
85.800000 0.053976 0.490109 0.177331 0.211908 0.453543 0.481476 0.227029 0.381553
86.000000 0.053876 0.490143 0.177221 0.211934 0.453733 0.481634 0.227198 0.381693
86.200000 0.053908 0.490131 0.177237 0.211940 0.454010 0.481623 0.226875 0.381780
86.400000 0.053937 0.490196 0.177382 0.211898 0.454226 0.481586 0.227118 0.382066
86.600000 0.053897 0.490485 0.177275 0.212004 0.454159 0.481678 0.227215 0.382197
86.800000 0.053976 0.490370 0.177199 0.212091 0.454397 0.481630 0.227210 0.382367
87.000000 0.053929 0.490486 0.177164 0.211894 0.454611 0.481631 0.227143 0.382344
87.200000 0.054013 0.490524 0.177172 0.211822 0.455001 0.481781 0.227295 0.382500
87.400000 0.053819 0.490631 0.177273 0.212081 0.454781 0.481798 0.227325 0.382616
87.600000 0.053806 0.490467 0.177207 0.211800 0.454924 0.481667 0.227074 0.382658
87.800000 0.053834 0.490540 0.177236 0.211935 0.454963 0.481636 0.227063 0.382555
88.000000 0.053849 0.490483 0.177036 0.211940 0.455215 0.481663 0.227310 0.382811
88.200000 0.053771 0.490628 0.177187 0.211912 0.455217 0.481628 0.227284 0.382868
88.400000 0.053805 0.490918 0.177102 0.211969 0.455365 0.481585 0.227347 0.382956
88.600000 0.053759 0.490657 0.177211 0.211957 0.455651 0.481772 0.227288 0.383108
88.800000 0.053849 0.490614 0.177186 0.211861 0.455751 0.481845 0.227244 0.383139
89.000000 0.053815 0.490818 0.177262 0.212029 0.455692 0.481843 0.227411 0.383252
89.200000 0.053564 0.490621 0.177110 0.212060 0.455768 0.481328 0.227401 0.383356
89.400000 0.053840 0.490897 0.177159 0.211993 0.456056 0.481789 0.227388 0.383575
89.600000 0.053831 0.490944 0.177192 0.212044 0.456153 0.481844 0.227466 0.383555
89.800000 0.053814 0.490987 0.177216 0.211951 0.456367 0.481725 0.227506 0.383704
90.000000 0.053830 0.491126 0.177286 0.212111 0.456434 0.481882 0.227503 0.383734
