0.200000 0.051519 0.440743 0.186722 0.252329 0.499208 0.482626 0.221126 0.413742
0.400000 0.051384 0.440667 0.186873 0.252289 0.497298 0.482748 0.221040 0.412378
0.600000 0.051363 0.439862 0.186482 0.251836 0.495734 0.482782 0.221053 0.411326
0.800000 0.051380 0.440021 0.186867 0.252106 0.495337 0.483214 0.221218 0.411214
1.000000 0.051364 0.439521 0.186952 0.251936 0.494392 0.483198 0.221182 0.410366
1.200000 0.051404 0.439246 0.187011 0.251943 0.493434 0.483364 0.221129 0.409600
1.400000 0.051399 0.438904 0.187001 0.251664 0.492492 0.483490 0.221164 0.408842
1.600000 0.051398 0.438523 0.186934 0.251759 0.491421 0.483648 0.221122 0.408167
1.800000 0.051373 0.437952 0.187023 0.251574 0.490411 0.483565 0.221210 0.407322
2.000000 0.051350 0.437567 0.186930 0.251448 0.489305 0.483618 0.220810 0.406464
2.200000 0.051408 0.437379 0.187369 0.251405 0.488385 0.483995 0.221175 0.405790
2.400000 0.051383 0.436980 0.187067 0.251250 0.487288 0.483975 0.221065 0.405176
2.600000 0.051399 0.436474 0.186929 0.251138 0.486180 0.483857 0.220999 0.404266
2.800000 0.051382 0.436145 0.186995 0.250980 0.485134 0.483783 0.220926 0.403487
3.000000 0.051382 0.435833 0.187116 0.250964 0.484249 0.484312 0.220999 0.402922
3.200000 0.051393 0.435602 0.186966 0.250829 0.483258 0.484182 0.220972 0.402095
3.400000 0.051351 0.435076 0.186936 0.250819 0.482261 0.484332 0.220864 0.401368
3.600000 0.051391 0.434838 0.186982 0.250625 0.481287 0.484607 0.221052 0.400800
3.800000 0.051373 0.434498 0.187145 0.250471 0.480387 0.484507 0.220946 0.400065
4.000000 0.051385 0.434192 0.187149 0.250406 0.479394 0.484703 0.220838 0.399314
4.200000 0.051408 0.433807 0.187110 0.250317 0.478211 0.484754 0.220872 0.398498
4.400000 0.051401 0.433565 0.187147 0.250177 0.477445 0.484668 0.220827 0.397670
4.600000 0.051214 0.432995 0.187120 0.250084 0.476287 0.484843 0.220822 0.396887
4.800000 0.051370 0.432705 0.186982 0.249798 0.475311 0.484787 0.220747 0.396373
5.000000 0.051374 0.432406 0.187079 0.249851 0.474324 0.484963 0.220770 0.395552
5.200000 0.051368 0.431961 0.186954 0.249720 0.473311 0.484819 0.220710 0.394790
5.400000 0.051402 0.431496 0.187036 0.249464 0.472061 0.484985 0.220609 0.394009
5.600000 0.051401 0.430656 0.187086 0.249384 0.471333 0.485123 0.220587 0.393290
5.800000 0.051379 0.430856 0.186928 0.249307 0.470227 0.485100 0.220541 0.392537
6.000000 0.051371 0.430561 0.187157 0.249175 0.469307 0.485225 0.220624 0.391816
6.200000 0.051373 0.430008 0.187129 0.249167 0.468069 0.485210 0.220268 0.391008
6.400000 0.051416 0.390648 0.187190 0.248858 0.466836 0.485077 0.220587 0.390096
6.600000 0.051367 0.429103 0.186924 0.248622 0.465365 0.485201 0.220069 0.389016
6.800000 0.051343 0.428878 0.187002 0.248563 0.464453 0.485349 0.220202 0.388293
7.000000 0.051215 0.428231 0.186931 0.248318 0.463179 0.485182 0.220258 0.387493
7.200000 0.051319 0.428078 0.187068 0.248228 0.462436 0.485186 0.220134 0.386761
7.400000 0.051357 0.427420 0.186839 0.248048 0.461383 0.485144 0.220076 0.385983
7.600000 0.051354 0.427320 0.186998 0.247795 0.460252 0.485089 0.220149 0.385160
7.800000 0.051348 0.426658 0.186769 0.247930 0.459214 0.485141 0.219979 0.384460
8.000000 0.051339 0.426526 0.186779 0.247685 0.458360 0.485231 0.220013 0.383647
8.200000 0.051342 0.426179 0.186937 0.247579 0.457231 0.485252 0.219771 0.383004
8.400000 0.051343 0.425843 0.186830 0.247415 0.456123 0.485300 0.219937 0.382318
8.600000 0.051176 0.425313 0.186856 0.247248 0.455281 0.485335 0.219750 0.381494
8.800000 0.051326 0.425082 0.186986 0.247297 0.454167 0.485495 0.219722 0.380851
9.000000 0.051315 0.424748 0.186867 0.246992 0.453202 0.485406 0.219584 0.380231
9.200000 0.051327 0.424358 0.187061 0.246779 0.452308 0.485322 0.219849 0.379412
9.400000 0.051300 0.424005 0.186881 0.246837 0.451334 0.485306 0.219603 0.378674
9.600000 0.051293 0.423665 0.186884 0.246624 0.450413 0.485482 0.219697 0.377835
9.800000 0.051249 0.423293 0.186844 0.246370 0.449276 0.485252 0.219529 0.377054
10.000000 0.051309 0.423026 0.186824 0.246314 0.448413 0.485398 0.219482 0.376539
10.200000 0.051296 0.422658 0.186788 0.246012 0.447253 0.485305 0.219338 0.375775
10.400000 0.051303 0.422089 0.186695 0.245993 0.446414 0.485315 0.219397 0.375029
10.600000 0.051124 0.421903 0.186765 0.245893 0.445254 0.485365 0.219235 0.374241
10.800000 0.051321 0.421599 0.186756 0.245784 0.444407 0.485289 0.219015 0.373410
11.000000 0.051289 0.421251 0.186754 0.245585 0.443569 0.485376 0.219042 0.372796
11.200000 0.051134 0.420721 0.186722 0.245402 0.442443 0.485110 0.218906 0.372068
11.400000 0.051292 0.420422 0.186706 0.245255 0.441420 0.485302 0.219024 0.371380
11.600000 0.051308 0.419846 0.186647 0.245069 0.440308 0.485238 0.218898 0.370614
11.800000 0.051119 0.419526 0.186625 0.245045 0.439433 0.485207 0.218814 0.369971
12.000000 0.051419 0.419266 0.186676 0.244828 0.438424 0.485143 0.218752 0.369155
12.200000 0.051253 0.418941 0.186589 0.244733 0.437326 0.485172 0.218644 0.368393
12.400000 0.051261 0.418441 0.186400 0.244314 0.436246 0.484974 0.218642 0.367461
12.600000 0.051134 0.418046 0.186592 0.244256 0.435067 0.484744 0.218489 0.366521
12.800000 0.051125 0.417761 0.186390 0.243846 0.433816 0.484567 0.218308 0.365624
13.000000 0.051127 0.417118 0.186354 0.243698 0.432691 0.484393 0.218168 0.364729
13.200000 0.051205 0.416595 0.186443 0.243671 0.431501 0.484395 0.218053 0.363877
13.400000 0.051231 0.416195 0.186434 0.243228 0.430518 0.484374 0.217970 0.363201
13.600000 0.051241 0.415846 0.186252 0.243300 0.429405 0.484229 0.217615 0.362420
13.800000 0.051203 0.415431 0.186162 0.243105 0.428642 0.484043 0.217804 0.361882
14.000000 0.051206 0.415111 0.186414 0.242824 0.427786 0.484288 0.217711 0.361216
14.200000 0.051203 0.414782 0.186265 0.242661 0.426995 0.484031 0.217741 0.360415
14.400000 0.051172 0.414451 0.186222 0.242659 0.426034 0.484155 0.217639 0.359818
14.600000 0.051168 0.414274 0.186194 0.242354 0.425146 0.483918 0.217686 0.359342
14.800000 0.051180 0.413873 0.186232 0.242374 0.424288 0.483888 0.217435 0.358513
15.000000 0.051187 0.413733 0.186178 0.242258 0.423503 0.484086 0.217302 0.358053
15.200000 0.051143 0.413185 0.186174 0.242118 0.422555 0.483609 0.217389 0.357426
15.400000 0.051134 0.412886 0.186105 0.241934 0.421622 0.483727 0.217230 0.356776
15.600000 0.051186 0.412644 0.186405 0.241902 0.421174 0.484102 0.217233 0.356361
15.800000 0.051150 0.412503 0.186195 0.241745 0.420496 0.484092 0.217434 0.355952
16.000000 0.051036 0.412276 0.186124 0.241763 0.419688 0.483961 0.217234 0.355214
16.200000 0.051162 0.411829 0.186191 0.241550 0.418744 0.484123 0.217014 0.354465
16.400000 0.051163 0.411537 0.186219 0.241480 0.418039 0.484151 0.217091 0.353916
16.600000 0.051135 0.411294 0.186146 0.241364 0.417177 0.483923 0.216881 0.353451
16.800000 0.051182 0.411050 0.186149 0.241206 0.416326 0.483925 0.216932 0.352957
17.000000 0.051147 0.410688 0.186095 0.241027 0.415550 0.483760 0.216969 0.352065
17.200000 0.051149 0.410353 0.186092 0.240896 0.414679 0.483569 0.216734 0.351623
17.400000 0.051135 0.410141 0.186015 0.240766 0.413728 0.483596 0.216805 0.350955
17.600000 0.051143 0.409704 0.185918 0.240485 0.413196 0.483537 0.216565 0.350456
17.800000 0.051050 0.409443 0.185868 0.240387 0.412398 0.483550 0.216566 0.349775
18.000000 0.051125 0.409275 0.185887 0.240383 0.411584 0.483631 0.216473 0.349281
18.200000 0.051141 0.408915 0.185895 0.240272 0.410802 0.483521 0.216517 0.348592
18.400000 0.051196 0.408406 0.185940 0.240132 0.410005 0.483113 0.216095 0.348124
18.600000 0.051072 0.408220 0.185971 0.239892 0.409380 0.483353 0.216208 0.347570
18.800000 0.051079 0.408124 0.185975 0.239730 0.408540 0.483415 0.216131 0.347074
19.000000 0.051096 0.407698 0.185747 0.239818 0.407646 0.483365 0.216172 0.346419
19.200000 0.051081 0.407277 0.185718 0.239642 0.407012 0.483118 0.216018 0.345776
19.400000 0.051098 0.407032 0.185846 0.239281 0.406097 0.482872 0.215812 0.345255
19.600000 0.050970 0.406699 0.185845 0.239168 0.405296 0.482961 0.215934 0.344665
19.800000 0.051114 0.406364 0.185786 0.238829 0.404257 0.482484 0.215561 0.343806
20.000000 0.050908 0.406008 0.185553 0.238701 0.403346 0.482250 0.215483 0.342941
20.200000 0.050875 0.405471 0.185336 0.238422 0.402169 0.481871 0.215095 0.342225
20.400000 0.051029 0.404802 0.185104 0.237953 0.400796 0.481059 0.214936 0.341136
20.600000 0.050994 0.404457 0.185227 0.238026 0.399810 0.481094 0.214950 0.340687
20.800000 0.050846 0.403891 0.185031 0.237327 0.398629 0.480679 0.214394 0.339738
21.000000 0.050824 0.403431 0.185019 0.237129 0.397806 0.480213 0.214471 0.338844
21.200000 0.050993 0.402442 0.184616 0.236593 0.395817 0.478936 0.213911 0.337309
21.400000 0.050982 0.403130 0.185035 0.237166 0.396236 0.480095 0.214288 0.337818
21.600000 0.050972 0.402844 0.185149 0.237023 0.395660 0.480630 0.214247 0.337325
21.800000 0.050964 0.402257 0.184841 0.236527 0.394294 0.479961 0.213962 0.335984
22.000000 0.050873 0.401102 0.184420 0.235834 0.392331 0.478466 0.213465 0.334941
22.200000 0.050925 0.400257 0.183900 0.235419 0.391045 0.477532 0.212885 0.333437
22.400000 0.050914 0.400956 0.184714 0.235752 0.391360 0.478836 0.213612 0.333947
22.600000 0.050907 0.400275 0.184526 0.235340 0.390139 0.478435 0.213269 0.332974
22.800000 0.050942 0.400197 0.184667 0.235586 0.389643 0.478418 0.213419 0.332367
23.000000 0.050902 0.399917 0.184761 0.235414 0.388657 0.478239 0.213069 0.331743
23.200000 0.050850 0.398594 0.184213 0.234682 0.387506 0.477742 0.212986 0.331996
23.400000 0.050867 0.398923 0.184349 0.234860 0.386883 0.477672 0.212923 0.330609
23.600000 0.050889 0.398748 0.184624 0.234894 0.386487 0.478063 0.213287 0.330846
23.800000 0.050870 0.398164 0.184211 0.234306 0.384860 0.476885 0.212441 0.328983
24.000000 0.050873 0.398426 0.184569 0.234780 0.385248 0.478392 0.212975 0.329463
24.200000 0.050884 0.398346 0.184580 0.234554 0.384742 0.478405 0.212775 0.329049
24.400000 0.050867 0.397815 0.184350 0.234473 0.383744 0.478191 0.212798 0.328447
24.600000 0.050863 0.397561 0.184213 0.234126 0.382781 0.478073 0.212630 0.327618
24.800000 0.050848 0.396975 0.184106 0.233917 0.382016 0.477396 0.212303 0.326877
25.000000 0.050851 0.396952 0.184341 0.234040 0.381588 0.477386 0.212832 0.326983
25.200000 0.050814 0.395746 0.183657 0.233391 0.380082 0.476044 0.211588 0.324903
25.400000 0.050862 0.397124 0.184692 0.234363 0.381314 0.478544 0.212831 0.326327
25.600000 0.050863 0.396460 0.184363 0.233730 0.379909 0.478027 0.212490 0.325533
25.800000 0.050857 0.396043 0.184476 0.233538 0.378950 0.477488 0.212114 0.324857
26.000000 0.050857 0.395757 0.184598 0.233613 0.379031 0.478165 0.212562 0.325233
26.200000 0.050891 0.396568 0.184987 0.234371 0.379624 0.479522 0.212878 0.325393
26.400000 0.050890 0.396218 0.184875 0.234014 0.378819 0.478977 0.212628 0.324770
26.600000 0.050879 0.395729 0.184754 0.233728 0.377966 0.478811 0.212702 0.324193
26.800000 0.050906 0.395795 0.184694 0.233706 0.377398 0.478918 0.212812 0.324173
27.000000 0.050902 0.395485 0.184701 0.233725 0.376922 0.478578 0.212446 0.323500
27.200000 0.050911 0.395068 0.184537 0.233098 0.376126 0.477875 0.212097 0.322515
27.400000 0.050868 0.394424 0.184197 0.232790 0.374802 0.477033 0.211712 0.321918
27.600000 0.050963 0.393531 0.183826 0.232212 0.373077 0.475886 0.211068 0.320078
27.800000 0.050832 0.394267 0.184632 0.232742 0.374512 0.478158 0.212054 0.321527
28.000000 0.050866 0.394608 0.184878 0.233488 0.374966 0.479564 0.212669 0.322188
28.200000 0.050877 0.394704 0.185038 0.233479 0.374643 0.479447 0.212610 0.321834
28.400000 0.050893 0.394604 0.185122 0.233567 0.374486 0.479785 0.212772 0.321903
28.600000 0.050877 0.394539 0.184995 0.233480 0.374205 0.479988 0.212727 0.321566
28.800000 0.050895 0.394412 0.185170 0.233528 0.373985 0.480112 0.212694 0.321397
29.000000 0.050873 0.394415 0.185148 0.233574 0.373530 0.479977 0.212649 0.320897
29.200000 0.050913 0.394187 0.185202 0.233225 0.373135 0.480086 0.212614 0.320824
29.400000 0.050918 0.394090 0.184993 0.233292 0.372723 0.480019 0.212426 0.320491
29.600000 0.050911 0.393891 0.185192 0.233279 0.372254 0.479900 0.212509 0.320275
29.800000 0.050738 0.393859 0.185087 0.233100 0.372002 0.479814 0.212435 0.319902
30.000000 0.050903 0.393643 0.185111 0.233020 0.371511 0.479919 0.212289 0.319730
30.200000 0.050915 0.393522 0.184935 0.232856 0.371137 0.479974 0.212364 0.319143
30.400000 0.050886 0.393500 0.184765 0.232770 0.370646 0.480130 0.212437 0.319157
30.600000 0.050896 0.393123 0.185203 0.232825 0.370233 0.480168 0.212346 0.318992
30.800000 0.050976 0.393087 0.184797 0.232877 0.370176 0.480042 0.212357 0.318574
31.000000 0.051098 0.392974 0.185032 0.232789 0.369439 0.480192 0.212148 0.318264
31.200000 0.051246 0.392875 0.184984 0.232829 0.369185 0.480088 0.212142 0.318060
31.400000 0.051485 0.392681 0.184817 0.232629 0.368812 0.480041 0.212176 0.317605
31.600000 0.051624 0.392415 0.184860 0.232435 0.368476 0.479968 0.212045 0.317532
31.800000 0.051894 0.392036 0.184642 0.232108 0.368093 0.479754 0.211901 0.317158
32.000000 0.052702 0.392036 0.185044 0.232435 0.368491 0.479861 0.212069 0.317254
32.200000 0.053027 0.391884 0.184727 0.232158 0.367914 0.479388 0.211802 0.317190
32.400000 0.053675 0.391613 0.184563 0.232022 0.368169 0.478616 0.211442 0.317020
32.600000 0.053949 0.391567 0.184500 0.231842 0.368479 0.478290 0.211366 0.317054
32.800000 0.054325 0.391191 0.184088 0.231373 0.368179 0.476759 0.210687 0.316675
33.000000 0.054639 0.390996 0.183902 0.231546 0.369856 0.477701 0.210922 0.318033
33.200000 0.055074 0.392236 0.184207 0.232158 0.371439 0.477825 0.211059 0.318944
33.400000 0.055434 0.392985 0.184470 0.232319 0.372778 0.477691 0.210950 0.320100
33.600000 0.055703 0.393701 0.184221 0.232289 0.374019 0.476725 0.210581 0.320810
33.800000 0.055954 0.394806 0.184191 0.232638 0.377003 0.477349 0.210940 0.323093
34.000000 0.056244 0.396599 0.184384 0.233374 0.380120 0.478191 0.211344 0.325266
34.200000 0.056487 0.398108 0.184459 0.233700 0.382018 0.477998 0.211249 0.326882
34.400000 0.056731 0.400394 0.184393 0.233961 0.384877 0.476992 0.211002 0.328479
34.600000 0.056962 0.403386 0.184896 0.235415 0.389550 0.478540 0.211900 0.332006
34.800000 0.057140 0.406283 0.184669 0.235688 0.392392 0.477554 0.211294 0.333605
35.000000 0.057230 0.408937 0.184388 0.235752 0.395561 0.476556 0.211020 0.335760
35.200000 0.057458 0.413770 0.184884 0.237539 0.401303 0.478382 0.211746 0.339684
35.400000 0.057436 0.417416 0.184929 0.238178 0.405082 0.478285 0.211620 0.342404
35.600000 0.057644 0.420447 0.184357 0.237918 0.407257 0.476083 0.211014 0.344126
35.800000 0.057744 0.425429 0.184697 0.239007 0.412553 0.477763 0.211694 0.348170
36.000000 0.057876 0.431123 0.185089 0.240454 0.418183 0.478841 0.212200 0.351901
36.200000 0.057858 0.436443 0.185297 0.241294 0.422980 0.478863 0.212108 0.355222
36.400000 0.058067 0.441379 0.185199 0.241833 0.427479 0.478516 0.212012 0.358249
36.600000 0.058113 0.447612 0.185313 0.242732 0.432532 0.478575 0.212219 0.361689
36.800000 0.058158 0.453527 0.185195 0.243263 0.437367 0.478817 0.212152 0.365388
37.000000 0.058265 0.460324 0.185350 0.243932 0.442925 0.479083 0.212370 0.369166
37.200000 0.058324 0.467239 0.185435 0.245030 0.448613 0.479310 0.212519 0.373042
37.400000 0.058385 0.474151 0.185585 0.245773 0.454114 0.479199 0.212531 0.376980
37.600000 0.058359 0.481180 0.185528 0.246356 0.459507 0.478827 0.212542 0.380784
37.800000 0.058538 0.489060 0.185558 0.247264 0.465765 0.479474 0.212772 0.385376
38.000000 0.058532 0.499653 0.185603 0.247958 0.473511 0.479141 0.212671 0.390806
38.200000 0.058570 0.507349 0.185541 0.248539 0.479136 0.478949 0.212596 0.394633
38.400000 0.058578 0.514857 0.185570 0.249293 0.485172 0.479109 0.212559 0.398880
38.600000 0.058609 0.522672 0.185547 0.249866 0.491088 0.478901 0.212793 0.403252
38.800000 0.058676 0.530469 0.185750 0.250458 0.496975 0.478897 0.212775 0.407296
39.000000 0.058667 0.537779 0.185652 0.250894 0.502743 0.478525 0.212811 0.411230
39.200000 0.058697 0.545790 0.185560 0.251524 0.508803 0.478687 0.212573 0.415639
39.400000 0.058551 0.553195 0.185789 0.252045 0.514634 0.478562 0.212845 0.419846
39.600000 0.058729 0.560728 0.185654 0.252665 0.520646 0.478538 0.212873 0.424301
39.800000 0.058740 0.568355 0.186000 0.253035 0.526853 0.478736 0.213015 0.428668
40.000000 0.058689 0.575043 0.185293 0.253159 0.532115 0.477634 0.212555 0.432263
40.200000 0.058729 0.582126 0.185435 0.253747 0.537933 0.477560 0.212566 0.436779
40.400000 0.058620 0.589433 0.185531 0.254288 0.544137 0.477561 0.212721 0.440765
40.600000 0.058876 0.595728 0.185522 0.254511 0.549621 0.476900 0.212551 0.444569
40.800000 0.058729 0.602772 0.185353 0.254824 0.555701 0.476744 0.212554 0.448912
41.000000 0.058732 0.607703 0.184913 0.254399 0.559607 0.475024 0.211821 0.451700
41.200000 0.058766 0.616231 0.185573 0.255997 0.568132 0.477178 0.212763 0.458156
41.400000 0.058847 0.623472 0.185896 0.257047 0.575324 0.478219 0.213450 0.463678
41.600000 0.058875 0.630133 0.185999 0.257587 0.581961 0.478270 0.213435 0.468412
41.800000 0.058706 0.635128 0.185695 0.257556 0.586383 0.477045 0.212984 0.471423
42.000000 0.058787 0.639783 0.185363 0.257522 0.591157 0.476162 0.212555 0.475014
42.200000 0.058666 0.647032 0.185986 0.258621 0.599715 0.477810 0.213612 0.481181
42.400000 0.058897 0.652269 0.185743 0.258827 0.604879 0.477304 0.213383 0.485361
42.600000 0.058863 0.657753 0.185923 0.259450 0.611106 0.477340 0.213386 0.489508
42.800000 0.058753 0.662417 0.185741 0.259579 0.616090 0.476617 0.213148 0.492744
43.000000 0.058873 0.667162 0.185941 0.260213 0.623133 0.478088 0.213863 0.499285
43.200000 0.058888 0.671737 0.185744 0.260192 0.627372 0.476455 0.213214 0.501686
43.400000 0.058892 0.675818 0.185903 0.260665 0.632744 0.477553 0.213714 0.507352
43.600000 0.058864 0.680547 0.185903 0.261095 0.639064 0.477092 0.213637 0.510923
43.800000 0.058928 0.685954 0.186271 0.262028 0.646198 0.477982 0.214049 0.516244
44.000000 0.058975 0.690459 0.186318 0.262754 0.652189 0.478303 0.214130 0.520842
44.200000 0.058975 0.693962 0.186212 0.262684 0.657090 0.477561 0.213976 0.525115
44.400000 0.058978 0.699071 0.186120 0.262922 0.664435 0.477278 0.213889 0.530143
44.600000 0.058965 0.702483 0.186315 0.263712 0.670422 0.477870 0.214200 0.535180
44.800000 0.059003 0.705757 0.186211 0.263936 0.675598 0.477564 0.214222 0.539001
45.000000 0.059025 0.709990 0.186540 0.264702 0.681710 0.478185 0.214463 0.543823
45.200000 0.058981 0.713199 0.186499 0.265066 0.687244 0.478514 0.214555 0.548207
45.400000 0.058906 0.715438 0.186457 0.265126 0.691265 0.477949 0.214576 0.551995
45.600000 0.059014 0.717877 0.186220 0.265332 0.695544 0.477336 0.214312 0.554826
45.800000 0.058901 0.721032 0.186180 0.265881 0.701149 0.477607 0.214643 0.559647
46.000000 0.059008 0.722101 0.185916 0.265312 0.703340 0.475636 0.213633 0.560200
46.200000 0.059063 0.726166 0.186721 0.266687 0.711099 0.478081 0.214945 0.567489
46.400000 0.059083 0.729659 0.186493 0.267355 0.716899 0.478867 0.215160 0.572217
46.600000 0.058912 0.729778 0.186227 0.266706 0.718520 0.476868 0.214351 0.573618
46.800000 0.059073 0.733243 0.186623 0.267878 0.725767 0.478790 0.215366 0.579473
47.000000 0.059124 0.736949 0.186965 0.268541 0.731000 0.479176 0.215570 0.583651
47.200000 0.059161 0.738790 0.186783 0.268744 0.734924 0.478901 0.215539 0.587389
47.400000 0.059186 0.741640 0.187303 0.269545 0.741202 0.479878 0.215926 0.592588
47.600000 0.059242 0.744352 0.187228 0.270166 0.746358 0.480279 0.216335 0.596594
47.800000 0.059273 0.746785 0.187639 0.270412 0.750924 0.480457 0.216489 0.600585
48.000000 0.059264 0.748479 0.187378 0.270713 0.755116 0.480340 0.216520 0.603866
48.200000 0.059263 0.750110 0.187370 0.271106 0.759104 0.480218 0.216409 0.607597
48.400000 0.059266 0.751631 0.187374 0.271395 0.762696 0.480107 0.216429 0.610772
48.600000 0.059281 0.753039 0.187297 0.271565 0.766558 0.479836 0.216240 0.613903
48.800000 0.059268 0.753953 0.187190 0.271827 0.769754 0.479789 0.216417 0.616846
49.000000 0.059114 0.755490 0.187005 0.272079 0.773478 0.479783 0.216444 0.620342
49.200000 0.059266 0.757095 0.187309 0.272381 0.777429 0.479959 0.216617 0.623618
49.400000 0.059287 0.757967 0.187236 0.272548 0.780513 0.479835 0.216610 0.626416
49.600000 0.059291 0.759031 0.187139 0.273020 0.783898 0.479803 0.216640 0.629195
49.800000 0.059279 0.759828 0.187156 0.273055 0.786690 0.479412 0.216442 0.631727
50.000000 0.059290 0.760772 0.187305 0.273286 0.789983 0.479304 0.216553 0.634877
50.200000 0.059146 0.762096 0.187324 0.273615 0.793412 0.479581 0.216806 0.638011
50.400000 0.059290 0.763181 0.187190 0.274067 0.796642 0.479666 0.216855 0.640848
50.600000 0.059252 0.763497 0.187143 0.273834 0.799192 0.478916 0.216826 0.643137
50.800000 0.059267 0.765065 0.187242 0.274610 0.802907 0.479404 0.216817 0.646342
51.000000 0.059267 0.764687 0.186996 0.274375 0.804051 0.478585 0.216618 0.648039
51.200000 0.059299 0.766571 0.187119 0.274919 0.808150 0.479345 0.216966 0.651512
51.400000 0.059313 0.767692 0.187331 0.275311 0.811286 0.479459 0.217069 0.654004
51.600000 0.059239 0.767428 0.187125 0.275345 0.813133 0.478881 0.217114 0.656152
51.800000 0.059276 0.767993 0.187114 0.275573 0.814950 0.478627 0.216843 0.658003
52.000000 0.059258 0.769227 0.187261 0.275913 0.818101 0.478978 0.217021 0.661038
52.200000 0.059306 0.769796 0.187253 0.276054 0.820489 0.479041 0.217146 0.663207
52.400000 0.059273 0.769587 0.187063 0.276080 0.821934 0.478602 0.217016 0.664919
52.600000 0.059322 0.772300 0.187784 0.277118 0.826805 0.479952 0.217662 0.669028
52.800000 0.059413 0.771250 0.187348 0.276541 0.827091 0.478774 0.217196 0.669437
53.000000 0.059263 0.772880 0.187651 0.277368 0.830802 0.479518 0.217665 0.672769
53.200000 0.059280 0.772759 0.187344 0.277104 0.831737 0.479047 0.217550 0.674629
53.400000 0.059314 0.773535 0.187502 0.277782 0.834903 0.479577 0.217788 0.677112
53.600000 0.059355 0.775130 0.187627 0.278109 0.837765 0.479586 0.217965 0.679605
53.800000 0.059370 0.776598 0.187868 0.278789 0.841182 0.480562 0.218302 0.682808
54.000000 0.059220 0.777048 0.187787 0.278983 0.843152 0.480610 0.218239 0.684753
54.200000 0.059228 0.777798 0.187871 0.279272 0.845483 0.480438 0.218307 0.686840
54.400000 0.059401 0.778342 0.187803 0.279520 0.847429 0.480518 0.218375 0.688989
54.600000 0.059434 0.779389 0.187882 0.280079 0.849817 0.480768 0.218403 0.691284
54.800000 0.059406 0.780013 0.188007 0.280205 0.851959 0.480951 0.218890 0.692979
55.000000 0.059392 0.780088 0.187765 0.280390 0.853496 0.480642 0.218691 0.694849
55.200000 0.059417 0.780134 0.187704 0.280586 0.854824 0.480486 0.218676 0.696248
55.400000 0.059347 0.779776 0.187650 0.280426 0.855981 0.480160 0.218663 0.697380
55.600000 0.059216 0.779484 0.187563 0.280347 0.856218 0.479375 0.218478 0.698321
55.800000 0.059341 0.779849 0.187563 0.280482 0.857737 0.479330 0.218437 0.699180
56.000000 0.059243 0.779106 0.187241 0.280438 0.859058 0.479183 0.218295 0.700294
56.200000 0.059332 0.780555 0.187973 0.281129 0.861452 0.479698 0.218717 0.703085
56.400000 0.059369 0.780676 0.187677 0.281260 0.862329 0.479336 0.218629 0.703867
56.600000 0.059338 0.779676 0.187296 0.281048 0.863972 0.479640 0.218804 0.705916
56.800000 0.059317 0.780588 0.187673 0.281508 0.864467 0.479184 0.218525 0.706620
57.000000 0.059411 0.782278 0.187607 0.282097 0.868004 0.480117 0.219019 0.709245
57.200000 0.059224 0.781891 0.187739 0.282023 0.868469 0.479631 0.219014 0.710130
57.400000 0.059220 0.781884 0.187692 0.282436 0.869814 0.479764 0.219016 0.711446
57.600000 0.059349 0.782097 0.187827 0.282348 0.870414 0.479399 0.219060 0.713533
57.800000 0.059415 0.783346 0.187930 0.282991 0.872972 0.480012 0.219412 0.714639
58.000000 0.059502 0.782656 0.187854 0.283282 0.874284 0.480176 0.219337 0.715832
58.200000 0.059364 0.783212 0.187807 0.283194 0.874573 0.479720 0.219256 0.716446
58.400000 0.059392 0.783730 0.187778 0.283508 0.876435 0.479938 0.219274 0.717941
58.600000 0.059375 0.783752 0.187905 0.283573 0.877386 0.479652 0.219352 0.718971
58.800000 0.059232 0.783762 0.187920 0.283658 0.878279 0.479605 0.219567 0.719858
59.000000 0.059218 0.782854 0.187572 0.283649 0.878221 0.479152 0.219206 0.720245
59.200000 0.059226 0.783687 0.187774 0.283923 0.879629 0.479266 0.219321 0.721403
59.400000 0.059271 0.782669 0.187454 0.283602 0.879055 0.478390 0.218811 0.721535
59.600000 0.059148 0.781151 0.187624 0.283832 0.880625 0.478754 0.219145 0.722202
59.800000 0.059290 0.780439 0.186976 0.282979 0.880302 0.478189 0.218869 0.722455
60.000000 0.059292 0.782418 0.187758 0.284196 0.881915 0.478585 0.219421 0.724607
60.200000 0.059227 0.779815 0.187065 0.283390 0.879682 0.476756 0.218687 0.723703
60.400000 0.059318 0.782922 0.187657 0.284125 0.883394 0.478653 0.219270 0.726189
60.600000 0.059353 0.783708 0.187798 0.285003 0.885608 0.479019 0.219669 0.727615
60.800000 0.059307 0.782225 0.187503 0.284305 0.884310 0.478035 0.219121 0.726832
61.000000 0.059306 0.782711 0.187570 0.285009 0.886461 0.478715 0.219619 0.729240
61.200000 0.059295 0.783765 0.187581 0.285230 0.887673 0.478743 0.219588 0.729784
61.400000 0.059215 0.784341 0.187988 0.285746 0.889144 0.479041 0.219775 0.731202
61.600000 0.059332 0.784358 0.187730 0.285578 0.889437 0.478949 0.219893 0.731987
61.800000 0.059341 0.784363 0.187786 0.285744 0.890150 0.478445 0.219737 0.732448
62.000000 0.059372 0.785785 0.188130 0.286393 0.892778 0.479518 0.220226 0.734693
62.200000 0.059420 0.787152 0.188354 0.286881 0.895249 0.480464 0.220722 0.737004
62.400000 0.059407 0.787049 0.188442 0.287290 0.896311 0.480341 0.220717 0.737975
62.600000 0.059394 0.785877 0.187926 0.286615 0.894621 0.478985 0.220325 0.736797
62.800000 0.059410 0.785142 0.187814 0.286547 0.894216 0.478898 0.220065 0.737421
63.000000 0.059336 0.783982 0.187516 0.286198 0.893419 0.477689 0.219684 0.735488
63.200000 0.059484 0.786741 0.188015 0.287327 0.898247 0.479606 0.220512 0.739753
63.400000 0.059384 0.787047 0.188332 0.287771 0.899243 0.480146 0.220875 0.741458
63.600000 0.059375 0.787089 0.188226 0.287908 0.900540 0.480173 0.220956 0.742741
63.800000 0.059440 0.788176 0.188313 0.288373 0.901811 0.480371 0.221165 0.743476
64.000000 0.059419 0.787900 0.188214 0.288477 0.902205 0.480163 0.221230 0.743885
64.200000 0.059450 0.788226 0.188133 0.288554 0.902816 0.480072 0.221163 0.744528
64.400000 0.059383 0.786762 0.187879 0.288320 0.901802 0.479423 0.220831 0.743872
64.600000 0.059332 0.785247 0.187581 0.287816 0.900062 0.478250 0.220434 0.742725
64.800000 0.059444 0.787960 0.188200 0.289032 0.904296 0.479969 0.221379 0.746713
65.000000 0.059450 0.787817 0.188255 0.289028 0.904192 0.479473 0.221043 0.745857
65.200000 0.059326 0.786265 0.187687 0.288264 0.902351 0.478393 0.220611 0.745046
65.400000 0.059457 0.788699 0.188409 0.289692 0.906888 0.480488 0.221531 0.748732
65.600000 0.059446 0.789093 0.188372 0.290059 0.907657 0.480412 0.221610 0.749370
65.800000 0.059446 0.788505 0.188443 0.289892 0.907334 0.479916 0.221465 0.749308
66.000000 0.059406 0.788710 0.188338 0.290097 0.908232 0.480048 0.221571 0.750146
66.200000 0.059433 0.788341 0.188157 0.289925 0.908061 0.479868 0.221440 0.750104
66.400000 0.059407 0.788329 0.188371 0.289979 0.908398 0.479794 0.221446 0.750498
66.600000 0.059220 0.788748 0.188351 0.290452 0.909358 0.479627 0.221531 0.751101
66.800000 0.059409 0.787751 0.188274 0.290169 0.909123 0.479734 0.221413 0.751245
67.000000 0.059376 0.787628 0.187860 0.290217 0.908268 0.478824 0.221370 0.750240
67.200000 0.059370 0.786024 0.187930 0.290247 0.908365 0.478949 0.221257 0.750681
67.400000 0.059413 0.787920 0.188157 0.290591 0.909968 0.479394 0.221623 0.751754
67.600000 0.059384 0.787398 0.188085 0.290479 0.909193 0.478859 0.221407 0.751305
67.800000 0.059363 0.787022 0.188061 0.290626 0.909414 0.479289 0.221834 0.752955
68.000000 0.059391 0.787006 0.188060 0.290649 0.909765 0.478806 0.221521 0.752538
68.200000 0.059230 0.785884 0.187888 0.290461 0.909371 0.478642 0.221753 0.753598
68.400000 0.059406 0.787788 0.188237 0.291320 0.911857 0.479285 0.221987 0.753679
68.600000 0.059348 0.786260 0.187837 0.290980 0.909585 0.478277 0.221467 0.751830
68.800000 0.059287 0.784892 0.187835 0.290650 0.909856 0.478203 0.221275 0.752702
69.000000 0.059358 0.788085 0.188404 0.291967 0.913348 0.479782 0.222296 0.755351
69.200000 0.059387 0.787180 0.188221 0.291823 0.912899 0.479127 0.222110 0.755385
69.400000 0.059376 0.787208 0.188369 0.291660 0.912901 0.479047 0.221991 0.754910
69.600000 0.059366 0.788262 0.188444 0.292290 0.914162 0.479574 0.222222 0.755942
69.800000 0.059394 0.787629 0.188282 0.292195 0.913447 0.479087 0.221898 0.755424
70.000000 0.059364 0.788170 0.188555 0.292465 0.914549 0.479326 0.222302 0.756530
70.200000 0.059406 0.787364 0.188260 0.292452 0.914165 0.479098 0.222150 0.756342
70.400000 0.059368 0.786599 0.188066 0.292119 0.913916 0.478770 0.222114 0.755717
70.600000 0.059319 0.783843 0.187665 0.291794 0.911979 0.478019 0.221772 0.754731
70.800000 0.059395 0.787706 0.188379 0.293069 0.916389 0.479946 0.222685 0.758244
71.000000 0.059385 0.787989 0.188453 0.293208 0.916384 0.479465 0.222666 0.758750
71.200000 0.059449 0.788758 0.188627 0.293667 0.917981 0.480317 0.222785 0.759617
71.400000 0.059412 0.788620 0.188494 0.293464 0.917895 0.479757 0.222692 0.759368
71.600000 0.059431 0.787512 0.188332 0.293183 0.916481 0.478933 0.222505 0.758521
71.800000 0.059339 0.785712 0.187930 0.292553 0.913389 0.477608 0.222010 0.756793
72.000000 0.058943 0.783654 0.187459 0.291353 0.910345 0.475954 0.221116 0.753912
72.200000 0.059298 0.784022 0.187391 0.291982 0.910844 0.476663 0.222089 0.757049
72.400000 0.059231 0.782423 0.187302 0.291835 0.910926 0.476043 0.221396 0.753627
72.600000 0.059311 0.785031 0.187864 0.293179 0.915648 0.478303 0.222335 0.757476
72.800000 0.059221 0.786365 0.188274 0.293664 0.916470 0.478741 0.222539 0.758370
73.000000 0.059359 0.786118 0.188182 0.293630 0.916444 0.478392 0.222577 0.758812
73.200000 0.059479 0.787814 0.188561 0.294544 0.919318 0.479879 0.223177 0.761287
73.400000 0.059407 0.787501 0.188448 0.294352 0.918654 0.479295 0.223033 0.760878
73.600000 0.059431 0.788539 0.188743 0.295088 0.920121 0.480340 0.223396 0.762642
73.800000 0.059420 0.788528 0.188604 0.295081 0.920997 0.479751 0.223306 0.762783
74.000000 0.059420 0.789108 0.188600 0.295301 0.921556 0.480028 0.223343 0.763146
74.200000 0.059459 0.789677 0.188752 0.295628 0.922834 0.480354 0.223680 0.764197
74.400000 0.059500 0.790168 0.188867 0.295921 0.923705 0.480755 0.223848 0.765057
74.600000 0.059497 0.790000 0.189021 0.296146 0.924016 0.480512 0.223957 0.765127
74.800000 0.059404 0.789847 0.188869 0.296044 0.923525 0.480269 0.223755 0.764905
75.000000 0.059472 0.788294 0.188482 0.295606 0.921499 0.478992 0.223193 0.762825
75.200000 0.059311 0.784499 0.187634 0.294156 0.915737 0.476198 0.222100 0.756620
75.400000 0.059417 0.788133 0.188569 0.296241 0.923231 0.480183 0.223960 0.765269
75.600000 0.059518 0.790218 0.188926 0.296859 0.925225 0.480869 0.224181 0.766588
75.800000 0.059659 0.790268 0.188963 0.297025 0.925672 0.481046 0.224156 0.766778
76.000000 0.059507 0.789422 0.188875 0.296561 0.924089 0.479952 0.223937 0.765386
76.200000 0.059505 0.789961 0.188983 0.296938 0.925098 0.480459 0.224135 0.766431
76.400000 0.059651 0.789542 0.188866 0.296958 0.925088 0.480342 0.224069 0.766539
76.600000 0.059359 0.789698 0.188802 0.297129 0.924853 0.480113 0.224112 0.766303
76.800000 0.059490 0.788882 0.188667 0.297016 0.924385 0.479685 0.224125 0.766415
77.000000 0.059423 0.787274 0.188370 0.296885 0.923401 0.479243 0.223846 0.764555
77.200000 0.059470 0.788036 0.188360 0.296932 0.922926 0.478675 0.223542 0.763958
77.400000 0.059403 0.785955 0.188130 0.295871 0.919967 0.477670 0.223190 0.763073
77.600000 0.059406 0.786145 0.188192 0.296416 0.922823 0.479021 0.223785 0.764480
77.800000 0.059389 0.788043 0.188577 0.297304 0.923220 0.479143 0.223848 0.764846
78.000000 0.059332 0.784046 0.187541 0.296000 0.918560 0.476509 0.222806 0.760180
78.200000 0.059401 0.785552 0.188231 0.296788 0.920619 0.478465 0.223569 0.763424
78.400000 0.059425 0.786590 0.188363 0.296950 0.921911 0.478612 0.223563 0.763885
78.600000 0.059362 0.786595 0.188552 0.297195 0.922472 0.478684 0.223874 0.764235
78.800000 0.059429 0.787187 0.188527 0.297431 0.924933 0.479865 0.224584 0.766507
79.000000 0.059459 0.788188 0.188827 0.298174 0.924993 0.479794 0.224331 0.766360
79.200000 0.059383 0.787953 0.188735 0.298103 0.924163 0.479395 0.224232 0.765739
79.400000 0.059436 0.786097 0.188254 0.297264 0.921915 0.478150 0.223976 0.764548
79.600000 0.059187 0.780692 0.186906 0.294646 0.912604 0.474273 0.221795 0.756886
79.800000 0.059350 0.784082 0.188023 0.296506 0.917067 0.475892 0.222693 0.759565
80.000000 0.059505 0.785822 0.188486 0.297660 0.921754 0.478136 0.223823 0.762951
80.200000 0.059401 0.785795 0.188745 0.298062 0.922926 0.479061 0.224100 0.764840
80.400000 0.059569 0.787977 0.189036 0.298826 0.925824 0.480136 0.224780 0.766956
80.600000 0.059422 0.787156 0.188716 0.298552 0.924366 0.479397 0.224630 0.766371
80.800000 0.059485 0.787379 0.188813 0.298722 0.924773 0.479873 0.224611 0.766681
81.000000 0.059294 0.784708 0.188058 0.297157 0.919382 0.476508 0.223359 0.761621
81.200000 0.059237 0.781167 0.187461 0.296404 0.915610 0.475102 0.223199 0.762864
81.400000 0.059270 0.783058 0.187355 0.296437 0.917285 0.475735 0.222906 0.758144
81.600000 0.059401 0.788334 0.189146 0.299560 0.927047 0.480453 0.225189 0.768263
81.800000 0.059499 0.788956 0.189063 0.299754 0.927537 0.480348 0.225302 0.769019
82.000000 0.059438 0.788097 0.188756 0.299462 0.926266 0.479710 0.224916 0.767567
82.200000 0.059428 0.787467 0.188791 0.299264 0.925543 0.479326 0.224850 0.767491
82.400000 0.059479 0.788750 0.189019 0.299686 0.927370 0.479970 0.225182 0.768738
82.600000 0.059477 0.788889 0.188913 0.299929 0.927842 0.479915 0.225120 0.768804
82.800000 0.059537 0.789254 0.189094 0.300285 0.928404 0.480267 0.225238 0.769206
83.000000 0.059356 0.788246 0.188794 0.299938 0.927189 0.479730 0.224944 0.768553
83.200000 0.059477 0.788130 0.188679 0.299939 0.926901 0.479158 0.225038 0.768318
83.400000 0.059485 0.787453 0.188487 0.299706 0.926052 0.478973 0.224822 0.767807
83.600000 0.059477 0.787808 0.188618 0.299845 0.926651 0.479583 0.225177 0.768531
83.800000 0.059506 0.788454 0.188906 0.300379 0.927708 0.479502 0.225175 0.768533
84.000000 0.059454 0.787736 0.188887 0.300226 0.926817 0.479119 0.225021 0.768135
84.200000 0.059530 0.788933 0.188975 0.300752 0.928547 0.480012 0.225446 0.769546
84.400000 0.059506 0.787891 0.188639 0.300403 0.926670 0.479125 0.224992 0.767657
84.600000 0.059485 0.786421 0.188316 0.299885 0.924935 0.478004 0.224489 0.766151
84.800000 0.059392 0.786278 0.188350 0.299941 0.924801 0.478305 0.224784 0.766904
85.000000 0.059482 0.787389 0.188735 0.300700 0.926938 0.479181 0.225294 0.768201
85.200000 0.059116 0.787199 0.188817 0.300732 0.926787 0.478995 0.225113 0.767840
85.400000 0.059379 0.787135 0.188832 0.300614 0.926966 0.479149 0.225322 0.768175
85.600000 0.059357 0.787733 0.188869 0.301037 0.927233 0.479316 0.225332 0.768332
85.800000 0.059446 0.787385 0.188824 0.301149 0.927737 0.479441 0.225663 0.769160
86.000000 0.059540 0.790010 0.189323 0.302250 0.930803 0.480861 0.226209 0.771526
86.200000 0.059565 0.790658 0.189422 0.302521 0.931809 0.481039 0.226498 0.772380
86.400000 0.059559 0.790453 0.189430 0.302519 0.931645 0.481260 0.226289 0.771997
86.600000 0.059541 0.790141 0.189201 0.302496 0.931314 0.480843 0.226212 0.771918
86.800000 0.059567 0.789666 0.189088 0.302334 0.930575 0.480432 0.226045 0.771310
87.000000 0.059544 0.790141 0.189288 0.302595 0.931392 0.480681 0.226256 0.771868
87.200000 0.059578 0.790978 0.189402 0.303068 0.932347 0.481261 0.226542 0.772641
87.400000 0.059600 0.790763 0.189365 0.303191 0.932371 0.481132 0.226586 0.772609
87.600000 0.059556 0.790409 0.189333 0.303151 0.932082 0.481039 0.226589 0.772613
87.800000 0.059602 0.789474 0.189108 0.302666 0.930456 0.479937 0.225996 0.770987
88.000000 0.059561 0.789127 0.189021 0.302638 0.929968 0.479898 0.226092 0.770923
88.200000 0.059496 0.789186 0.188915 0.302970 0.930731 0.480203 0.226237 0.771299
88.400000 0.059548 0.788897 0.188994 0.302826 0.929452 0.479491 0.225917 0.769439
88.600000 0.059521 0.788172 0.189001 0.302812 0.929238 0.479840 0.226057 0.770335
88.800000 0.059580 0.789870 0.189503 0.303530 0.931472 0.480689 0.226544 0.771484
89.000000 0.059533 0.788642 0.188779 0.303150 0.929560 0.479888 0.226162 0.769994
89.200000 0.059522 0.784457 0.188435 0.301850 0.924404 0.477620 0.224907 0.765584
89.400000 0.059659 0.786957 0.188637 0.302813 0.927518 0.479083 0.225905 0.768645
89.600000 0.059522 0.787927 0.188908 0.302975 0.928161 0.479317 0.225969 0.768147
89.800000 0.059290 0.781170 0.187763 0.301251 0.921092 0.476137 0.224649 0.762354
90.000000 0.059453 0.784790 0.188512 0.302061 0.923874 0.477210 0.225362 0.764649
