0.200000 0.236133 0.381881 0.214265 0.217798 0.278684 0.633973 0.236256 0.248725
0.400000 0.235879 0.381325 0.214251 0.217602 0.278266 0.633780 0.235923 0.248533
0.600000 0.235898 0.381213 0.214331 0.217692 0.278129 0.633415 0.236037 0.248454
0.800000 0.235812 0.381016 0.214245 0.217627 0.277895 0.633641 0.235954 0.248360
1.000000 0.235878 0.381102 0.214282 0.217633 0.277780 0.633456 0.235988 0.248132
1.200000 0.235816 0.380881 0.214265 0.217737 0.277701 0.633277 0.235826 0.248174
1.400000 0.235782 0.380613 0.214230 0.217500 0.277489 0.633537 0.235782 0.247976
1.600000 0.235812 0.380833 0.214282 0.217508 0.277102 0.633316 0.235617 0.247974
1.800000 0.235795 0.380430 0.214378 0.217479 0.277275 0.633184 0.235716 0.247894
2.000000 0.235829 0.380396 0.214087 0.217528 0.277227 0.633116 0.235640 0.247667
2.200000 0.235671 0.380217 0.214136 0.217444 0.276717 0.632985 0.235538 0.247510
2.400000 0.235749 0.380134 0.214300 0.217742 0.276761 0.633081 0.235548 0.247600
2.600000 0.235725 0.379943 0.214326 0.217647 0.276369 0.632969 0.235341 0.247354
2.800000 0.235772 0.379756 0.213997 0.217654 0.276418 0.632854 0.235410 0.247256
3.000000 0.235779 0.379756 0.214128 0.217609 0.276306 0.632782 0.235392 0.247369
3.200000 0.235724 0.379624 0.214112 0.217664 0.276052 0.632850 0.235349 0.247274
3.400000 0.235600 0.379555 0.214307 0.217552 0.275903 0.632674 0.235208 0.247086
3.600000 0.235676 0.379455 0.214217 0.217616 0.275666 0.632611 0.235274 0.247163
3.800000 0.235739 0.379161 0.214394 0.217568 0.275609 0.632661 0.235195 0.247051
4.000000 0.235633 0.379066 0.214330 0.217549 0.275750 0.632541 0.235158 0.247031
4.200000 0.235714 0.378892 0.214208 0.217603 0.275399 0.632506 0.235074 0.246817
4.400000 0.235673 0.378803 0.214082 0.217555 0.275139 0.632379 0.235065 0.246820
4.600000 0.235676 0.378738 0.214220 0.217561 0.275023 0.632387 0.235108 0.246685
4.800000 0.235643 0.378631 0.214095 0.217539 0.274708 0.632252 0.234963 0.246430
5.000000 0.235739 0.378469 0.214112 0.217481 0.274541 0.632321 0.234935 0.246468
5.200000 0.235587 0.378274 0.214174 0.217517 0.274639 0.632055 0.234751 0.246476
5.400000 0.235695 0.378144 0.214100 0.217516 0.274230 0.632033 0.234848 0.246370
5.600000 0.235514 0.378092 0.213994 0.217374 0.274196 0.631893 0.234725 0.246190
5.800000 0.235603 0.378010 0.214228 0.217590 0.274056 0.632033 0.234615 0.246230
6.000000 0.235576 0.377921 0.214147 0.217362 0.274000 0.631821 0.234718 0.246223
6.200000 0.235457 0.377837 0.214151 0.217531 0.273723 0.631713 0.234640 0.246043
6.400000 0.235687 0.377555 0.214244 0.217467 0.273798 0.631608 0.234413 0.246068
6.600000 0.235531 0.377327 0.214228 0.217323 0.273328 0.631675 0.234655 0.245932
6.800000 0.235485 0.377319 0.214126 0.217515 0.273358 0.631500 0.234416 0.245773
7.000000 0.235466 0.376962 0.214239 0.217574 0.273209 0.631432 0.234403 0.245525
7.200000 0.235305 0.376948 0.214133 0.217459 0.272925 0.631140 0.234419 0.245631
7.400000 0.235305 0.377026 0.213977 0.217482 0.272978 0.631336 0.234368 0.245613
7.600000 0.235305 0.376874 0.214220 0.217365 0.272715 0.631193 0.234273 0.245441
7.800000 0.235319 0.376790 0.214137 0.217379 0.272672 0.631190 0.234262 0.245217
8.000000 0.235451 0.376701 0.214210 0.217553 0.272399 0.631215 0.234293 0.245315
8.200000 0.235292 0.376717 0.214152 0.217357 0.272305 0.631054 0.234141 0.245323
8.400000 0.235396 0.376293 0.213962 0.217417 0.272053 0.631012 0.234155 0.245203
8.600000 0.235420 0.376160 0.214204 0.217420 0.272062 0.630973 0.234151 0.245065
8.800000 0.235357 0.376093 0.214198 0.217335 0.271797 0.630882 0.233923 0.244965
9.000000 0.235423 0.376079 0.214303 0.217340 0.271908 0.630837 0.234010 0.245043
9.200000 0.235379 0.376030 0.214115 0.217421 0.271469 0.630889 0.234016 0.244818
9.400000 0.235378 0.375897 0.214113 0.217315 0.271605 0.630558 0.233958 0.244765
9.600000 0.235376 0.375850 0.214138 0.217357 0.271345 0.630775 0.233948 0.244667
9.800000 0.235356 0.375612 0.214168 0.217304 0.271252 0.630540 0.233868 0.244451
10.000000 0.235347 0.375603 0.214201 0.217321 0.271137 0.630350 0.233824 0.244508
10.200000 0.235360 0.375366 0.214097 0.217329 0.270916 0.630441 0.233799 0.244591
10.400000 0.235313 0.375217 0.214372 0.217127 0.270760 0.630230 0.233763 0.244423
10.600000 0.235179 0.375050 0.214175 0.217354 0.270645 0.630226 0.233672 0.244374
10.800000 0.235416 0.374804 0.214181 0.217291 0.270500 0.630093 0.233764 0.244275
11.000000 0.235147 0.374891 0.214117 0.217306 0.270535 0.630267 0.233641 0.244100
11.200000 0.235148 0.375038 0.214352 0.217367 0.270329 0.630069 0.233490 0.244112
11.400000 0.235276 0.374770 0.214199 0.217210 0.270085 0.629896 0.233587 0.244102
11.600000 0.235280 0.374740 0.214123 0.217198 0.269904 0.630008 0.233312 0.243977
11.800000 0.235230 0.374458 0.214180 0.217372 0.269888 0.629901 0.233490 0.243917
12.000000 0.235089 0.374507 0.214005 0.217235 0.269703 0.629761 0.233465 0.243776
12.200000 0.235164 0.374323 0.214217 0.217313 0.269650 0.629779 0.233334 0.243814
12.400000 0.235183 0.374368 0.214135 0.217310 0.269332 0.629680 0.233374 0.243565
12.600000 0.235340 0.374003 0.214188 0.217260 0.269282 0.629556 0.233435 0.243623
12.800000 0.235203 0.373877 0.213987 0.217071 0.269024 0.629462 0.233296 0.243602
13.000000 0.235220 0.373951 0.214134 0.217400 0.268873 0.629360 0.233289 0.243379
13.200000 0.235220 0.373883 0.214054 0.217361 0.269108 0.629457 0.233215 0.243589
13.400000 0.235196 0.373767 0.214123 0.217221 0.268936 0.629202 0.233021 0.243365
13.600000 0.235032 0.373688 0.214084 0.217178 0.268843 0.629183 0.233157 0.243317
13.800000 0.235150 0.373812 0.214172 0.217179 0.268676 0.629188 0.233203 0.243313
14.000000 0.235260 0.373510 0.214446 0.217234 0.268661 0.629154 0.233082 0.243208
14.200000 0.235111 0.373406 0.214168 0.217354 0.268424 0.629249 0.233126 0.242997
14.400000 0.235144 0.373191 0.214164 0.217268 0.268334 0.629013 0.232890 0.242927
14.600000 0.235096 0.373288 0.214148 0.217226 0.268292 0.629106 0.232925 0.243054
14.800000 0.235112 0.372809 0.213688 0.217186 0.267955 0.628913 0.232874 0.242924
15.000000 0.235094 0.373041 0.214151 0.217136 0.267831 0.628856 0.232813 0.242909
15.200000 0.235105 0.372952 0.214109 0.217314 0.267814 0.628792 0.232923 0.242773
15.400000 0.235084 0.372921 0.214140 0.217041 0.267768 0.628775 0.232704 0.242676
15.600000 0.235101 0.372816 0.214225 0.217189 0.267497 0.628629 0.232974 0.242621
15.800000 0.235083 0.372719 0.214126 0.217139 0.267354 0.628569 0.232789 0.242672
16.000000 0.235086 0.372499 0.214222 0.217037 0.267456 0.628425 0.232815 0.242549
16.200000 0.235034 0.372502 0.214190 0.217165 0.267220 0.628380 0.232814 0.242466
16.400000 0.235041 0.372456 0.213947 0.217123 0.267217 0.628274 0.232757 0.242465
16.600000 0.235000 0.372409 0.214227 0.217032 0.266928 0.628221 0.232574 0.242428
16.800000 0.235010 0.372221 0.214143 0.217310 0.267021 0.628290 0.232620 0.242448
17.000000 0.234888 0.372253 0.214081 0.217260 0.266786 0.628333 0.232644 0.242270
17.200000 0.235035 0.372079 0.214040 0.217260 0.266739 0.628194 0.232576 0.242232
17.400000 0.234856 0.372127 0.214154 0.217054 0.266714 0.627945 0.232592 0.242156
17.600000 0.234888 0.371908 0.214123 0.217246 0.266632 0.628042 0.232598 0.242007
17.800000 0.234836 0.371823 0.214121 0.217098 0.266416 0.627990 0.232630 0.242046
18.000000 0.234852 0.371588 0.214145 0.217057 0.266132 0.627896 0.232438 0.241967
18.200000 0.234848 0.371626 0.214121 0.217145 0.266134 0.627863 0.232455 0.241939
18.400000 0.234956 0.371688 0.214055 0.217097 0.266130 0.627709 0.232536 0.241712
18.600000 0.234953 0.371528 0.213946 0.217081 0.265991 0.627471 0.232360 0.241748
18.800000 0.235109 0.371317 0.214106 0.217120 0.265828 0.627645 0.232371 0.241702
19.000000 0.234935 0.371325 0.214086 0.217120 0.265744 0.627450 0.232298 0.241629
19.200000 0.234923 0.371384 0.213841 0.217102 0.265765 0.627432 0.232254 0.241613
19.400000 0.234945 0.370956 0.214037 0.217065 0.265583 0.627179 0.232295 0.241489
19.600000 0.234926 0.371037 0.213941 0.216947 0.265357 0.627206 0.232189 0.241526
19.800000 0.234914 0.370683 0.214398 0.217060 0.265298 0.627048 0.232130 0.241393
20.000000 0.234906 0.370880 0.214133 0.216987 0.265253 0.627008 0.232171 0.241383
20.200000 0.234916 0.370821 0.214119 0.217127 0.265332 0.627023 0.231959 0.241357
20.400000 0.234901 0.370471 0.214011 0.217041 0.265194 0.627226 0.232087 0.241017
20.600000 0.234917 0.370686 0.214073 0.217077 0.264959 0.627014 0.231966 0.241095
20.800000 0.234886 0.370483 0.213823 0.216861 0.264594 0.626854 0.232058 0.241202
21.000000 0.234876 0.370768 0.214122 0.217084 0.264599 0.626844 0.232000 0.240986
21.200000 0.234935 0.370411 0.214148 0.216908 0.264619 0.626686 0.232039 0.241098
21.400000 0.234969 0.370163 0.213958 0.216952 0.264558 0.626729 0.231948 0.241000
21.600000 0.234957 0.370241 0.213951 0.217103 0.264341 0.626540 0.232048 0.241071
21.800000 0.234844 0.370191 0.214134 0.217055 0.264235 0.626639 0.232185 0.240929
22.000000 0.234886 0.370323 0.214104 0.217174 0.264252 0.626652 0.231785 0.241064
22.200000 0.234641 0.369913 0.214057 0.216856 0.264087 0.626446 0.231714 0.240717
22.400000 0.234829 0.369966 0.213935 0.217021 0.264103 0.626474 0.231821 0.240727
22.600000 0.234725 0.369735 0.213930 0.217012 0.263891 0.626431 0.231863 0.240783
22.800000 0.234686 0.369908 0.214108 0.217030 0.263899 0.625939 0.231629 0.240512
23.000000 0.234855 0.369818 0.214045 0.217030 0.263705 0.626118 0.231817 0.240589
23.200000 0.234946 0.369714 0.214199 0.217004 0.263632 0.626221 0.231732 0.240502
23.400000 0.234807 0.369442 0.214047 0.216975 0.263584 0.626172 0.231563 0.240364
23.600000 0.234817 0.369513 0.214218 0.216986 0.263552 0.626071 0.231705 0.240622
23.800000 0.234825 0.369278 0.214011 0.217108 0.263318 0.626025 0.231358 0.240365
24.000000 0.234816 0.369127 0.214130 0.217103 0.263295 0.625960 0.231666 0.240338
24.200000 0.234807 0.369040 0.213969 0.217017 0.263260 0.625806 0.231661 0.240271
24.400000 0.234789 0.369192 0.213981 0.216948 0.263264 0.625818 0.231492 0.240210
24.600000 0.234730 0.368860 0.214097 0.216991 0.263035 0.625709 0.231584 0.240026
24.800000 0.234772 0.369029 0.213930 0.216947 0.263007 0.625588 0.231519 0.240056
25.000000 0.234708 0.369084 0.214213 0.217119 0.262820 0.625581 0.231581 0.240024
25.200000 0.234753 0.368860 0.214022 0.216837 0.262623 0.625570 0.231616 0.239962
25.400000 0.234741 0.368668 0.213948 0.216830 0.262548 0.625262 0.231342 0.239902
25.600000 0.234748 0.368636 0.214068 0.217121 0.262557 0.625371 0.231405 0.239962
25.800000 0.234755 0.368620 0.214150 0.216928 0.262477 0.625329 0.231427 0.239865
26.000000 0.234714 0.368606 0.214127 0.216791 0.262426 0.625258 0.231465 0.239814
26.200000 0.234740 0.368577 0.214052 0.216841 0.262386 0.625242 0.231372 0.239728
26.400000 0.234711 0.368380 0.213833 0.216830 0.262205 0.625108 0.231305 0.239857
26.600000 0.234531 0.368252 0.213897 0.216908 0.262089 0.663915 0.231257 0.239653
26.800000 0.234722 0.368273 0.214066 0.216915 0.261933 0.624856 0.231303 0.239642
27.000000 0.234542 0.368072 0.214010 0.216894 0.261747 0.624712 0.231305 0.239489
27.200000 0.234643 0.368165 0.214068 0.216889 0.261859 0.624893 0.231252 0.239316
27.400000 0.234530 0.368067 0.214010 0.216828 0.261712 0.624677 0.231186 0.239558
27.600000 0.234828 0.367904 0.213735 0.217034 0.261567 0.624653 0.231091 0.239419
27.800000 0.234540 0.367937 0.214072 0.216728 0.261387 0.624553 0.231049 0.239344
28.000000 0.234678 0.367804 0.213950 0.216884 0.261394 0.624547 0.231236 0.239346
28.200000 0.234662 0.367843 0.214077 0.216875 0.261375 0.624266 0.231113 0.239153
28.400000 0.234816 0.367756 0.214199 0.216942 0.261298 0.624470 0.231082 0.239245
28.600000 0.234637 0.367491 0.213989 0.216899 0.261100 0.624476 0.231068 0.239172
28.800000 0.234590 0.367478 0.213922 0.216721 0.261003 0.624223 0.231017 0.238969
29.000000 0.234654 0.367509 0.213891 0.216862 0.260946 0.624251 0.230891 0.239078
29.200000 0.234482 0.367172 0.213892 0.216796 0.260365 0.623949 0.230728 0.238832
29.400000 0.234441 0.367140 0.213518 0.216796 0.260770 0.623911 0.230688 0.238774
29.600000 0.234444 0.367078 0.213782 0.216667 0.260485 0.623633 0.230662 0.238674
29.800000 0.234631 0.367139 0.214008 0.216866 0.260552 0.624020 0.230967 0.238904
30.000000 0.234635 0.367163 0.214019 0.216734 0.260566 0.623824 0.230723 0.238952
30.200000 0.273367 0.366923 0.213892 0.216963 0.260525 0.623834 0.230756 0.238499
30.400000 0.234609 0.367098 0.214030 0.216846 0.260429 0.623748 0.230728 0.238724
30.600000 0.234768 0.367066 0.214105 0.216922 0.260327 0.623761 0.230889 0.238696
30.800000 0.235028 0.366774 0.214060 0.216954 0.260273 0.623686 0.230923 0.238647
31.000000 0.235460 0.366910 0.213959 0.216880 0.260183 0.623545 0.230860 0.238583
31.200000 0.235963 0.366671 0.214100 0.216730 0.259975 0.623509 0.230796 0.238537
31.400000 0.236631 0.366820 0.214028 0.216901 0.259950 0.623433 0.230741 0.238467
31.600000 0.237345 0.366590 0.213991 0.216850 0.259998 0.623406 0.230768 0.238480
31.800000 0.238148 0.366458 0.214045 0.216686 0.259805 0.623424 0.230828 0.238246
32.000000 0.238968 0.366383 0.214193 0.216877 0.259713 0.623187 0.230752 0.238259
32.200000 0.240153 0.366459 0.214191 0.216882 0.259667 0.623161 0.230502 0.238258
32.400000 0.241102 0.366291 0.214011 0.216886 0.259596 0.623179 0.230848 0.238283
32.600000 0.242378 0.366178 0.213964 0.216842 0.259500 0.623223 0.230868 0.238268
32.800000 0.243684 0.366212 0.214347 0.216876 0.259450 0.623214 0.230787 0.238162
33.000000 0.244979 0.366079 0.214046 0.216901 0.259542 0.622946 0.230998 0.238179
33.200000 0.246205 0.365835 0.213986 0.216846 0.259261 0.623126 0.231055 0.238184
33.400000 0.247628 0.365987 0.214055 0.216924 0.259336 0.623112 0.231066 0.238342
33.600000 0.248571 0.366015 0.213953 0.216978 0.259431 0.623069 0.231192 0.238332
33.800000 0.249811 0.365758 0.214189 0.216932 0.259295 0.623062 0.231290 0.238090
34.000000 0.251050 0.365850 0.213969 0.217041 0.259151 0.623151 0.231457 0.238169
34.200000 0.252323 0.365782 0.213993 0.217109 0.259309 0.622905 0.231571 0.238246
34.400000 0.253332 0.365748 0.214198 0.217049 0.259393 0.623081 0.231613 0.238146
34.600000 0.254270 0.365871 0.213969 0.217103 0.259326 0.623137 0.231749 0.238066
34.800000 0.255296 0.365893 0.214217 0.217129 0.259303 0.623084 0.231810 0.238180
35.000000 0.256335 0.365873 0.214182 0.217004 0.259306 0.623083 0.231925 0.238106
35.200000 0.257261 0.365673 0.214162 0.217214 0.259375 0.623026 0.231977 0.238242
35.400000 0.257921 0.365793 0.214195 0.217233 0.259513 0.623022 0.231952 0.238332
35.600000 0.258659 0.365985 0.214303 0.217347 0.259462 0.623083 0.232138 0.238348
35.800000 0.259342 0.366100 0.214100 0.217432 0.259649 0.623245 0.232305 0.238367
36.000000 0.259939 0.365946 0.214223 0.217307 0.259407 0.623145 0.232273 0.238352
36.200000 0.260567 0.365999 0.214086 0.217226 0.259643 0.623224 0.232411 0.238343
36.400000 0.261102 0.366340 0.214124 0.217501 0.259713 0.623191 0.232669 0.238364
36.600000 0.261582 0.366163 0.214127 0.217432 0.259784 0.623062 0.232748 0.238356
36.800000 0.262041 0.366222 0.214139 0.217503 0.259790 0.623242 0.232828 0.238498
37.000000 0.262334 0.366333 0.214376 0.217453 0.259920 0.623365 0.233149 0.238674
37.200000 0.262992 0.366508 0.214229 0.217603 0.260034 0.623442 0.233133 0.238786
37.400000 0.263315 0.366458 0.214243 0.217737 0.260225 0.623316 0.233253 0.238697
37.600000 0.263692 0.366624 0.213970 0.217680 0.260037 0.623449 0.233401 0.238823
37.800000 0.263840 0.366758 0.214168 0.217612 0.260174 0.623368 0.233486 0.238909
38.000000 0.264144 0.366375 0.214202 0.217892 0.260426 0.623389 0.233679 0.238970
38.200000 0.264580 0.366887 0.214214 0.217878 0.260484 0.623413 0.233653 0.239021
38.400000 0.264886 0.367104 0.214170 0.217825 0.260655 0.623401 0.233826 0.239173
38.600000 0.265017 0.367206 0.214070 0.217801 0.260693 0.623335 0.233729 0.239108
38.800000 0.265299 0.367411 0.214176 0.217811 0.260814 0.623423 0.234004 0.239252
39.000000 0.265364 0.367463 0.214282 0.217773 0.260903 0.623551 0.234205 0.239358
39.200000 0.265511 0.367685 0.214378 0.217969 0.261090 0.623552 0.234471 0.239446
39.400000 0.265853 0.367745 0.214206 0.218048 0.261280 0.623725 0.195363 0.239417
39.600000 0.265993 0.367811 0.214092 0.218017 0.261405 0.623685 0.234555 0.239553
39.800000 0.266153 0.368345 0.214351 0.218263 0.261583 0.623829 0.234655 0.239694
40.000000 0.266290 0.368469 0.214174 0.218086 0.261732 0.623740 0.234777 0.239740
40.200000 0.266299 0.368628 0.214284 0.218115 0.261861 0.623829 0.234910 0.239726
40.400000 0.266542 0.368786 0.214339 0.218303 0.262029 0.623902 0.235105 0.239921
40.600000 0.266641 0.368892 0.214378 0.218236 0.262275 0.623856 0.235152 0.240024
40.800000 0.266871 0.369050 0.214244 0.218325 0.262289 0.623874 0.235344 0.240160
41.000000 0.266753 0.369333 0.214280 0.218466 0.262552 0.623919 0.235381 0.240387
41.200000 0.267004 0.369354 0.214301 0.218329 0.262729 0.623772 0.235561 0.240464
41.400000 0.266975 0.369710 0.214171 0.218409 0.262851 0.624204 0.235619 0.240514
41.600000 0.266904 0.369942 0.214332 0.218476 0.263035 0.624017 0.235672 0.240598
41.800000 0.267055 0.370058 0.214174 0.218487 0.263270 0.624164 0.236029 0.240692
42.000000 0.267180 0.370204 0.214306 0.218536 0.263484 0.624237 0.236031 0.240756
42.200000 0.267211 0.370602 0.214312 0.218594 0.263529 0.623946 0.236137 0.240913
42.400000 0.267270 0.370842 0.214275 0.218642 0.263765 0.624360 0.236306 0.241049
42.600000 0.267206 0.370846 0.214495 0.218796 0.264089 0.624483 0.236404 0.241126
42.800000 0.267223 0.371193 0.214242 0.218706 0.264144 0.624391 0.236375 0.241367
43.000000 0.267364 0.371391 0.214262 0.218723 0.264434 0.624489 0.236614 0.241384
43.200000 0.267435 0.371776 0.214334 0.218709 0.264500 0.624634 0.236702 0.241529
43.400000 0.267366 0.371778 0.214335 0.218712 0.264593 0.624472 0.236945 0.241562
43.600000 0.267350 0.372251 0.214294 0.218686 0.264796 0.624691 0.236994 0.241756
43.800000 0.267622 0.372431 0.214342 0.218780 0.264919 0.624682 0.237114 0.241858
44.000000 0.267550 0.372762 0.214366 0.218750 0.265262 0.586063 0.237175 0.242021
44.200000 0.267541 0.372780 0.214375 0.218938 0.265368 0.624749 0.237372 0.242012
44.400000 0.267549 0.373097 0.214401 0.218890 0.265644 0.624761 0.237484 0.242280
44.600000 0.267381 0.373506 0.214317 0.218905 0.265890 0.624718 0.237552 0.242420
44.800000 0.267522 0.373637 0.214273 0.218873 0.266122 0.624856 0.237694 0.242555
45.000000 0.267561 0.373824 0.214165 0.219016 0.266328 0.624747 0.237782 0.242745
45.200000 0.267546 0.374062 0.214347 0.219105 0.266640 0.624992 0.237890 0.242806
45.400000 0.267543 0.374423 0.214383 0.218970 0.266758 0.624985 0.238100 0.242873
45.600000 0.267576 0.374496 0.214252 0.219085 0.266887 0.624695 0.238173 0.242848
45.800000 0.267556 0.375136 0.214219 0.219058 0.267222 0.625254 0.238229 0.243241
46.000000 0.267569 0.375210 0.214334 0.219131 0.267437 0.625047 0.238470 0.243187
46.200000 0.267590 0.375225 0.214512 0.219085 0.267746 0.625167 0.238354 0.243415
46.400000 0.267504 0.375527 0.214412 0.219160 0.267938 0.625193 0.238662 0.243539
46.600000 0.267348 0.375727 0.214283 0.219319 0.267989 0.625516 0.238575 0.243695
46.800000 0.267659 0.376045 0.214497 0.219222 0.268313 0.625379 0.238836 0.243831
47.000000 0.267515 0.376160 0.214283 0.219207 0.268422 0.625376 0.238850 0.243922
47.200000 0.267680 0.377049 0.214360 0.219207 0.268791 0.625536 0.239078 0.243998
47.400000 0.267540 0.376896 0.214456 0.219187 0.269148 0.625534 0.239017 0.244255
47.600000 0.267670 0.377126 0.214418 0.219420 0.269172 0.625659 0.239342 0.244299
47.800000 0.267643 0.377469 0.214458 0.219362 0.269331 0.625764 0.239538 0.244518
48.000000 0.267535 0.377521 0.214410 0.219356 0.269684 0.625651 0.239547 0.244508
48.200000 0.267502 0.377829 0.214400 0.219541 0.269858 0.625698 0.239651 0.244767
48.400000 0.267693 0.378177 0.214443 0.219150 0.270087 0.625913 0.239792 0.244910
48.600000 0.267707 0.378556 0.214537 0.219504 0.270268 0.626068 0.239857 0.245057
48.800000 0.267643 0.378453 0.214326 0.219501 0.270532 0.626066 0.239797 0.245143
49.000000 0.267697 0.379081 0.214476 0.219520 0.270717 0.626108 0.239930 0.245349
49.200000 0.267494 0.379220 0.214205 0.219399 0.271052 0.626065 0.240105 0.245475
49.400000 0.267671 0.379428 0.214432 0.219335 0.271271 0.626136 0.240220 0.245383
49.600000 0.267692 0.379649 0.214397 0.219719 0.271581 0.626166 0.240188 0.245516
49.800000 0.267507 0.379999 0.214518 0.219492 0.271642 0.626268 0.240395 0.245904
50.000000 0.267665 0.380400 0.214387 0.219524 0.272040 0.626246 0.240539 0.245926
50.200000 0.267515 0.380446 0.214419 0.219376 0.272275 0.626312 0.240340 0.246161
50.400000 0.267633 0.380782 0.214666 0.219708 0.272438 0.626512 0.240713 0.246351
50.600000 0.267677 0.381073 0.214271 0.219720 0.272754 0.626428 0.240917 0.246587
50.800000 0.267630 0.381195 0.214414 0.219488 0.272951 0.626656 0.240788 0.246633
51.000000 0.267673 0.381616 0.214263 0.219637 0.273195 0.626615 0.240937 0.246816
51.200000 0.267635 0.381926 0.214455 0.219677 0.312470 0.626670 0.241144 0.246809
51.400000 0.267654 0.382071 0.214390 0.219526 0.273626 0.626736 0.241383 0.247028
51.600000 0.267675 0.382465 0.214395 0.219640 0.273790 0.626812 0.241363 0.247178
51.800000 0.267507 0.382411 0.214500 0.219589 0.274076 0.626680 0.241426 0.247309
52.000000 0.267626 0.382779 0.214363 0.219696 0.274242 0.626797 0.241519 0.247413
52.200000 0.267781 0.383102 0.214523 0.219689 0.274673 0.626924 0.241595 0.247539
52.400000 0.267618 0.383366 0.214406 0.219725 0.274960 0.627007 0.241590 0.247707
52.600000 0.267630 0.383548 0.214484 0.219681 0.275084 0.626907 0.241821 0.247901
52.800000 0.267626 0.383809 0.214478 0.219780 0.274991 0.627002 0.241920 0.247946
53.000000 0.267613 0.383775 0.214440 0.219669 0.275499 0.627078 0.242065 0.248258
53.200000 0.267557 0.384318 0.214586 0.219392 0.275794 0.627245 0.242110 0.248108
53.400000 0.267617 0.384668 0.214430 0.219581 0.276115 0.627246 0.242139 0.248325
53.600000 0.267579 0.384923 0.214492 0.219754 0.276200 0.627343 0.242041 0.248531
53.800000 0.267609 0.385095 0.214530 0.219766 0.276387 0.627289 0.242251 0.248691
54.000000 0.267545 0.385078 0.214666 0.219766 0.276547 0.627375 0.242324 0.248815
54.200000 0.267590 0.385451 0.214451 0.219746 0.276883 0.627484 0.242473 0.248871
54.400000 0.267611 0.385696 0.214461 0.219854 0.277168 0.627552 0.242518 0.249068
54.600000 0.267615 0.386116 0.214667 0.219799 0.277311 0.627467 0.242482 0.249253
54.800000 0.267765 0.386313 0.214478 0.219876 0.277603 0.627518 0.242729 0.249480
55.000000 0.267591 0.386251 0.214444 0.220030 0.278055 0.627706 0.242855 0.249333
55.200000 0.267594 0.386756 0.214425 0.219917 0.278085 0.627720 0.242692 0.249613
55.400000 0.267614 0.386852 0.214667 0.219865 0.278193 0.627751 0.243062 0.249710
55.600000 0.267552 0.387198 0.214497 0.219919 0.278665 0.627856 0.242964 0.249560
55.800000 0.267560 0.387518 0.214386 0.220014 0.278930 0.627918 0.243129 0.250020
56.000000 0.267628 0.387653 0.214386 0.219893 0.279225 0.627841 0.243343 0.250158
56.200000 0.267531 0.388052 0.214535 0.219994 0.279516 0.628072 0.243350 0.250359
56.400000 0.267672 0.388122 0.214390 0.219840 0.279625 0.627954 0.243396 0.250482
56.600000 0.267732 0.388640 0.214546 0.219947 0.279811 0.628180 0.243475 0.250552
56.800000 0.267526 0.388727 0.214553 0.219975 0.279872 0.628111 0.243580 0.250722
57.000000 0.267689 0.388911 0.214645 0.219817 0.280126 0.628312 0.243385 0.250974
57.200000 0.267690 0.389227 0.214549 0.220073 0.280514 0.628322 0.243735 0.250955
57.400000 0.267678 0.389204 0.214481 0.219997 0.280768 0.628446 0.243745 0.251126
57.600000 0.267704 0.389793 0.214387 0.220143 0.280906 0.628307 0.243841 0.251217
57.800000 0.267643 0.389829 0.214186 0.219978 0.281191 0.628389 0.243912 0.251454
58.000000 0.267719 0.390127 0.214441 0.220150 0.281403 0.628487 0.243709 0.251508
58.200000 0.267734 0.390261 0.214431 0.219910 0.281620 0.628521 0.244111 0.251891
58.400000 0.267679 0.390469 0.214444 0.219979 0.281854 0.628776 0.244187 0.251657
58.600000 0.267512 0.390741 0.214530 0.220113 0.281988 0.628603 0.244226 0.251966
58.800000 0.267611 0.390808 0.214638 0.220136 0.282261 0.628750 0.244463 0.252043
59.000000 0.267580 0.391205 0.214544 0.219973 0.282296 0.628831 0.244404 0.252128
59.200000 0.267600 0.391476 0.214418 0.220141 0.282785 0.628839 0.244389 0.252229
59.400000 0.267617 0.391668 0.214517 0.219898 0.282779 0.628909 0.244522 0.252271
59.600000 0.267531 0.391876 0.214427 0.220051 0.283340 0.628913 0.244648 0.252532
59.800000 0.267623 0.392046 0.214644 0.220048 0.283384 0.629095 0.244694 0.252540
60.000000 0.267562 0.392177 0.214561 0.220155 0.283512 0.629112 0.244664 0.252797
60.200000 0.267529 0.392340 0.214578 0.220128 0.283824 0.629179 0.244840 0.252898
60.400000 0.267351 0.392686 0.214648 0.220091 0.284013 0.629177 0.244845 0.253052
60.600000 0.267561 0.392897 0.214531 0.220129 0.284270 0.629142 0.244936 0.253164
60.800000 0.267577 0.392961 0.214627 0.220097 0.284420 0.629199 0.245003 0.253260
61.000000 0.267509 0.393092 0.214548 0.220264 0.284867 0.629377 0.244965 0.253372
61.200000 0.267535 0.393517 0.214532 0.220094 0.284938 0.629408 0.244937 0.253566
61.400000 0.267355 0.393549 0.214690 0.220125 0.284967 0.629449 0.245296 0.253642
61.600000 0.267477 0.393866 0.214396 0.220080 0.285444 0.629519 0.245188 0.253717
61.800000 0.267631 0.394068 0.214602 0.220121 0.285418 0.629484 0.245295 0.253919
62.000000 0.267485 0.394156 0.214615 0.220155 0.285714 0.629277 0.245342 0.253977
62.200000 0.267371 0.394533 0.214413 0.220113 0.286069 0.629684 0.245413 0.254136
62.400000 0.267543 0.394655 0.214669 0.220321 0.286229 0.629602 0.245500 0.254110
62.600000 0.267544 0.394860 0.214647 0.220183 0.286497 0.629867 0.245516 0.254446
62.800000 0.267398 0.395179 0.214599 0.220163 0.286682 0.629789 0.245587 0.254259
63.000000 0.267577 0.395270 0.214646 0.220140 0.287064 0.629872 0.245525 0.254595
63.200000 0.267525 0.395275 0.214493 0.220127 0.287095 0.629761 0.245730 0.254761
63.400000 0.267553 0.395522 0.214461 0.220168 0.287097 0.629802 0.245692 0.254824
63.600000 0.267566 0.395821 0.214660 0.220289 0.287172 0.630153 0.245950 0.255006
63.800000 0.267608 0.396209 0.214632 0.220329 0.287721 0.629926 0.245844 0.255076
64.000000 0.267594 0.396369 0.214683 0.220261 0.287813 0.630077 0.245883 0.255213
64.200000 0.267624 0.396544 0.214425 0.220187 0.287950 0.630064 0.246123 0.255013
64.400000 0.267617 0.396804 0.214689 0.220194 0.288262 0.630251 0.246050 0.255475
64.600000 0.267400 0.396842 0.214475 0.220086 0.288425 0.630137 0.246112 0.255364
64.800000 0.267592 0.397140 0.214616 0.219939 0.288734 0.630202 0.246046 0.255702
65.000000 0.267557 0.397279 0.214617 0.220234 0.288916 0.630460 0.246172 0.255597
65.200000 0.267553 0.397410 0.214497 0.220147 0.288953 0.630400 0.246004 0.255822
65.400000 0.267581 0.397614 0.214557 0.220259 0.289239 0.630438 0.246394 0.256024
65.600000 0.267652 0.397844 0.214598 0.220248 0.289583 0.630244 0.246384 0.256148
65.800000 0.267625 0.398021 0.214642 0.220227 0.289728 0.630501 0.246125 0.256147
66.000000 0.267575 0.398232 0.214599 0.220191 0.289871 0.630556 0.246478 0.256329
66.200000 0.267546 0.398554 0.214677 0.220274 0.289950 0.630775 0.246497 0.256447
66.400000 0.267566 0.398497 0.214507 0.220186 0.290329 0.630776 0.246561 0.256381
66.600000 0.267510 0.398844 0.214582 0.220224 0.290251 0.630655 0.246489 0.256550
66.800000 0.267518 0.398965 0.214633 0.220194 0.290805 0.630860 0.246697 0.256891
67.000000 0.267537 0.399131 0.214615 0.220394 0.290864 0.630915 0.246689 0.256882
67.200000 0.267347 0.399320 0.214617 0.220339 0.291066 0.630961 0.246874 0.257043
67.400000 0.267463 0.399373 0.214611 0.220259 0.291356 0.630882 0.246651 0.257033
67.600000 0.267413 0.399599 0.214436 0.220246 0.291411 0.631164 0.246808 0.257124
67.800000 0.267407 0.399636 0.214539 0.220272 0.291472 0.631090 0.246815 0.257115
68.000000 0.267405 0.400044 0.214481 0.220334 0.291839 0.630968 0.246935 0.257407
68.200000 0.267391 0.400122 0.214626 0.220271 0.291969 0.631192 0.246890 0.257565
68.400000 0.267344 0.400346 0.214415 0.220286 0.292064 0.631389 0.246975 0.257437
68.600000 0.267221 0.400517 0.214560 0.220336 0.292262 0.631554 0.247085 0.257697
68.800000 0.267373 0.400513 0.214592 0.220221 0.292556 0.631315 0.247086 0.257791
69.000000 0.267223 0.400761 0.214796 0.220419 0.292719 0.631325 0.247061 0.257893
69.200000 0.267328 0.400977 0.214549 0.220358 0.293090 0.631266 0.247076 0.257975
69.400000 0.267321 0.401150 0.214618 0.220394 0.293087 0.631530 0.247191 0.258055
69.600000 0.267375 0.401210 0.214637 0.220255 0.293289 0.631485 0.247313 0.258031
69.800000 0.267211 0.401516 0.214558 0.220357 0.293413 0.631545 0.247263 0.258237
70.000000 0.267307 0.401543 0.214604 0.220372 0.293708 0.631591 0.247296 0.258291
70.200000 0.267482 0.401787 0.214623 0.220382 0.293807 0.631744 0.247400 0.258466
70.400000 0.267182 0.401930 0.214638 0.220220 0.293984 0.631697 0.247472 0.258514
70.600000 0.267349 0.402114 0.214553 0.220306 0.294148 0.631719 0.247468 0.258625
70.800000 0.267385 0.402303 0.214677 0.220332 0.294215 0.631987 0.247510 0.258785
71.000000 0.267350 0.402471 0.214564 0.220390 0.294398 0.631738 0.247645 0.258812
71.200000 0.267355 0.402598 0.214635 0.220349 0.294612 0.631884 0.247378 0.258918
71.400000 0.267414 0.402403 0.214564 0.220191 0.294597 0.631927 0.247632 0.258849
71.600000 0.267481 0.402800 0.214657 0.220402 0.294841 0.632116 0.247553 0.259210
71.800000 0.267407 0.402966 0.214588 0.220404 0.295112 0.632103 0.247698 0.259181
72.000000 0.267376 0.403214 0.214685 0.220378 0.295383 0.632082 0.247762 0.259174
72.200000 0.267399 0.403208 0.214676 0.220425 0.295537 0.632238 0.247725 0.259342
72.400000 0.267258 0.403330 0.214795 0.220397 0.295608 0.632213 0.247662 0.259271
72.600000 0.267385 0.403742 0.214617 0.220474 0.295851 0.632032 0.247877 0.259535
72.800000 0.267366 0.403647 0.214633 0.220401 0.296158 0.632401 0.247879 0.259608
73.000000 0.267412 0.403762 0.214677 0.220589 0.296190 0.632384 0.248054 0.259813
73.200000 0.267416 0.403965 0.214790 0.220344 0.296254 0.632439 0.247867 0.259821
73.400000 0.267388 0.404187 0.214765 0.220570 0.296379 0.632454 0.247825 0.259971
73.600000 0.267431 0.404093 0.214370 0.220225 0.296546 0.632548 0.247997 0.259961
73.800000 0.267395 0.404486 0.214649 0.220369 0.296649 0.632539 0.248094 0.259917
74.000000 0.267465 0.404574 0.214548 0.220360 0.296950 0.632491 0.248128 0.260141
74.200000 0.267417 0.404677 0.214689 0.220453 0.297001 0.632731 0.248150 0.260268
74.400000 0.267387 0.404874 0.214754 0.220361 0.297327 0.632783 0.248145 0.260440
74.600000 0.267407 0.405105 0.214680 0.220404 0.297463 0.632519 0.248211 0.260378
74.800000 0.267389 0.405152 0.214598 0.220428 0.297571 0.632632 0.248227 0.260376
75.000000 0.267391 0.405331 0.214586 0.220343 0.297992 0.632882 0.248328 0.260589
75.200000 0.267431 0.405531 0.214730 0.220583 0.297927 0.632727 0.248273 0.260488
75.400000 0.267413 0.405729 0.214697 0.220454 0.298084 0.633039 0.248284 0.260622
75.600000 0.267218 0.405655 0.214654 0.220354 0.298219 0.633078 0.248379 0.260889
75.800000 0.267420 0.405779 0.214672 0.220602 0.298369 0.632789 0.248380 0.260904
76.000000 0.267424 0.406004 0.214791 0.220367 0.298456 0.633159 0.248488 0.260946
76.200000 0.267393 0.406336 0.214784 0.220602 0.298741 0.633215 0.248446 0.261042
76.400000 0.267417 0.406247 0.214628 0.220483 0.298783 0.633234 0.248492 0.260974
76.600000 0.267416 0.406386 0.214823 0.220373 0.299035 0.633339 0.248525 0.261189
76.800000 0.267415 0.406598 0.214727 0.220534 0.299109 0.633195 0.248435 0.261428
77.000000 0.267422 0.406799 0.214648 0.220385 0.299245 0.633352 0.248562 0.261351
77.200000 0.267456 0.406704 0.214656 0.220501 0.299141 0.633384 0.248417 0.261442
77.400000 0.267465 0.406897 0.214544 0.220574 0.299423 0.633478 0.248632 0.261524
77.600000 0.267420 0.407248 0.214704 0.220518 0.299553 0.633404 0.248661 0.261558
77.800000 0.267485 0.407086 0.214800 0.220513 0.299816 0.633441 0.248686 0.261651
78.000000 0.267426 0.407285 0.215132 0.220509 0.299947 0.633519 0.248701 0.261694
78.200000 0.267417 0.407298 0.214673 0.220515 0.299858 0.633561 0.248621 0.261824
78.400000 0.267395 0.407451 0.214842 0.220525 0.300055 0.633643 0.248771 0.261830
78.600000 0.267438 0.407727 0.214654 0.220592 0.300314 0.633820 0.248756 0.261945
78.800000 0.267441 0.407761 0.214585 0.220435 0.300568 0.633736 0.248659 0.261874
79.000000 0.267405 0.407988 0.214688 0.220599 0.300666 0.633594 0.248855 0.262099
79.200000 0.267365 0.408055 0.214770 0.220562 0.300848 0.633714 0.248916 0.262210
79.400000 0.267209 0.408024 0.214554 0.220547 0.300951 0.633715 0.248757 0.262233
79.600000 0.267204 0.408266 0.214737 0.220562 0.301133 0.633997 0.248905 0.262332
79.800000 0.267482 0.408470 0.214697 0.220501 0.301328 0.633969 0.249013 0.262411
80.000000 0.267254 0.408611 0.214580 0.220580 0.301353 0.633976 0.248956 0.262330
80.200000 0.267191 0.408678 0.214817 0.220501 0.301482 0.633963 0.248991 0.262530
80.400000 0.267304 0.408934 0.214602 0.220601 0.301632 0.634104 0.248885 0.262485
80.600000 0.267288 0.408962 0.214816 0.220600 0.301719 0.634210 0.248913 0.262619
80.800000 0.267310 0.408949 0.214565 0.220654 0.301896 0.634240 0.249072 0.262828
81.000000 0.267298 0.409184 0.214677 0.220516 0.302101 0.634257 0.249047 0.262904
81.200000 0.267206 0.409348 0.214739 0.220512 0.302078 0.634340 0.249067 0.262832
81.400000 0.267268 0.409319 0.214562 0.220734 0.302191 0.634232 0.249105 0.262832
81.600000 0.267324 0.409244 0.214572 0.220432 0.302407 0.634399 0.249128 0.262953
81.800000 0.267304 0.409511 0.214720 0.220492 0.302350 0.634431 0.249086 0.263060
82.000000 0.267313 0.409657 0.214828 0.220547 0.302597 0.634434 0.249181 0.263069
82.200000 0.267324 0.409557 0.214763 0.220633 0.302520 0.634506 0.249224 0.263092
82.400000 0.267196 0.409740 0.214813 0.220785 0.302861 0.634553 0.249181 0.263098
82.600000 0.267288 0.409987 0.214744 0.220610 0.302820 0.634551 0.249260 0.263126
82.800000 0.267305 0.410082 0.214827 0.220657 0.303037 0.634710 0.249236 0.263271
83.000000 0.266959 0.410042 0.214720 0.220558 0.303139 0.634692 0.249180 0.263500
83.200000 0.267296 0.410252 0.214831 0.220535 0.303299 0.634731 0.249327 0.263378
83.400000 0.267207 0.410346 0.214628 0.220748 0.303472 0.634748 0.249348 0.263381
83.600000 0.267188 0.410402 0.214768 0.220608 0.303570 0.634849 0.249421 0.263369
83.800000 0.267204 0.410504 0.214696 0.220656 0.303634 0.634834 0.249361 0.263598
84.000000 0.267046 0.410579 0.214804 0.220627 0.303710 0.634784 0.249427 0.263544
84.200000 0.267167 0.410676 0.214728 0.220500 0.303758 0.634815 0.249434 0.263675
84.400000 0.267164 0.410895 0.214760 0.220543 0.303807 0.634996 0.249457 0.263790
84.600000 0.267081 0.410774 0.214796 0.220740 0.304366 0.635130 0.249481 0.263677
84.800000 0.267106 0.411005 0.214821 0.220608 0.304030 0.634703 0.249240 0.263803
85.000000 0.267077 0.411102 0.214739 0.220727 0.304228 0.634932 0.249357 0.263884
85.200000 0.267047 0.411376 0.214482 0.220708 0.304391 0.635176 0.249573 0.263925
85.400000 0.267057 0.411246 0.214714 0.220611 0.304421 0.635158 0.249363 0.263979
85.600000 0.267085 0.411472 0.214595 0.220792 0.304427 0.635215 0.249501 0.264109
85.800000 0.267080 0.411612 0.214733 0.220603 0.304708 0.635294 0.249550 0.264277
86.000000 0.267065 0.411528 0.214633 0.220642 0.304755 0.635255 0.249563 0.264210
86.200000 0.267122 0.411655 0.214630 0.220525 0.304786 0.635125 0.249532 0.264002
86.400000 0.267165 0.411630 0.214600 0.220647 0.304874 0.635240 0.249497 0.264418
86.600000 0.267054 0.411863 0.214736 0.220761 0.305081 0.635458 0.249484 0.264289
86.800000 0.266902 0.411883 0.214763 0.220770 0.305212 0.635176 0.249607 0.264372
87.000000 0.266914 0.412094 0.214809 0.220767 0.305275 0.635263 0.249775 0.264297
87.200000 0.267078 0.412139 0.214567 0.220535 0.305466 0.635396 0.249757 0.264454
87.400000 0.267074 0.412164 0.214787 0.220754 0.305337 0.635663 0.249644 0.264480
87.600000 0.266758 0.412426 0.214782 0.220813 0.305627 0.635737 0.249364 0.264546
87.800000 0.267080 0.412391 0.214551 0.220718 0.305494 0.635598 0.249679 0.264733
88.000000 0.267058 0.412590 0.214766 0.220505 0.305743 0.635668 0.249695 0.264628
88.200000 0.267000 0.412434 0.214778 0.220497 0.305684 0.635677 0.249503 0.264639
88.400000 0.267105 0.412648 0.215079 0.220716 0.305800 0.635544 0.249559 0.264689
88.600000 0.267081 0.412687 0.214785 0.220658 0.305876 0.635811 0.249741 0.264791
88.800000 0.266973 0.412542 0.214763 0.220513 0.306127 0.635811 0.249785 0.264857
89.000000 0.267072 0.412724 0.214734 0.220684 0.306240 0.635800 0.249900 0.264864
89.200000 0.267094 0.412902 0.214798 0.220687 0.306272 0.635727 0.249715 0.264913
89.400000 0.267103 0.412939 0.214829 0.220735 0.306357 0.635873 0.249818 0.264910
89.600000 0.266968 0.413119 0.214754 0.220828 0.306486 0.635869 0.249704 0.265011
89.800000 0.267102 0.413096 0.214838 0.220748 0.306574 0.635964 0.249808 0.265058
90.000000 0.267120 0.413151 0.214717 0.220701 0.306686 0.636040 0.249887 0.265127
