0.200000 0.236346 0.382929 0.214573 0.218313 0.280373 0.654723 0.238498 0.248901
0.400000 0.236018 0.382716 0.214576 0.218187 0.279976 0.654385 0.238422 0.248587
0.600000 0.236036 0.382406 0.214617 0.218056 0.279792 0.654152 0.238355 0.248590
0.800000 0.235999 0.382454 0.214667 0.218244 0.279666 0.654289 0.238264 0.248542
1.000000 0.235986 0.382278 0.214606 0.218198 0.279473 0.654221 0.238293 0.248320
1.200000 0.235994 0.382083 0.214616 0.218161 0.279300 0.654151 0.238247 0.248287
1.400000 0.235916 0.382040 0.214430 0.218118 0.279104 0.654034 0.238118 0.248193
1.600000 0.235917 0.381827 0.214608 0.218156 0.278833 0.653693 0.237926 0.248124
1.800000 0.235950 0.381684 0.214610 0.218125 0.278804 0.653812 0.238022 0.248107
2.000000 0.235939 0.381521 0.214628 0.218053 0.278677 0.653842 0.238137 0.247977
2.200000 0.235875 0.381585 0.214590 0.218107 0.278331 0.653666 0.237932 0.247816
2.400000 0.235875 0.381299 0.214573 0.217968 0.278243 0.653668 0.237833 0.247518
2.600000 0.235869 0.381016 0.214681 0.217946 0.278075 0.653576 0.237857 0.247834
2.800000 0.235877 0.380891 0.214671 0.217974 0.277923 0.653268 0.237726 0.247582
3.000000 0.235865 0.380966 0.214762 0.217916 0.277790 0.653524 0.237666 0.247389
3.200000 0.235869 0.380712 0.214549 0.218154 0.277568 0.653369 0.237595 0.247388
3.400000 0.235741 0.380629 0.214558 0.217952 0.277387 0.653255 0.237435 0.247292
3.600000 0.235827 0.380603 0.214655 0.218184 0.277340 0.653089 0.237826 0.247315
3.800000 0.235822 0.380549 0.214581 0.218046 0.277165 0.653045 0.237566 0.247134
4.000000 0.235637 0.380223 0.214406 0.217930 0.277005 0.653033 0.237429 0.246945
4.200000 0.235639 0.380018 0.214460 0.218176 0.276704 0.653175 0.237410 0.247005
4.400000 0.235754 0.379980 0.214626 0.217966 0.276490 0.652784 0.237315 0.246974
4.600000 0.235729 0.379843 0.214640 0.217987 0.276340 0.652812 0.237309 0.246765
4.800000 0.235599 0.379689 0.214596 0.217985 0.276190 0.652888 0.236976 0.246625
5.000000 0.235490 0.379584 0.214584 0.217926 0.276144 0.652566 0.237184 0.246612
5.200000 0.235558 0.379552 0.214596 0.217946 0.276034 0.652702 0.237156 0.246559
5.400000 0.235699 0.379240 0.214651 0.218009 0.275596 0.652513 0.237130 0.246546
5.600000 0.235698 0.379139 0.214482 0.217947 0.275819 0.652503 0.237083 0.246303
5.800000 0.235632 0.379058 0.214674 0.218039 0.275439 0.652444 0.236809 0.246347
6.000000 0.235644 0.378982 0.214492 0.217943 0.275323 0.652310 0.236951 0.246428
6.200000 0.235649 0.378775 0.214486 0.217912 0.275224 0.652312 0.236912 0.246031
6.400000 0.235680 0.378763 0.214438 0.217975 0.275227 0.652290 0.236926 0.246127
6.600000 0.235347 0.378544 0.214511 0.217963 0.274853 0.651908 0.236790 0.246107
6.800000 0.235454 0.378403 0.214437 0.217744 0.274735 0.651941 0.236771 0.245882
7.000000 0.235558 0.378307 0.214546 0.217968 0.274565 0.651820 0.236577 0.245789
7.200000 0.235587 0.378118 0.214508 0.218037 0.274389 0.651712 0.236539 0.245730
7.400000 0.235533 0.377975 0.214580 0.217985 0.274254 0.651641 0.236618 0.245622
7.600000 0.235497 0.377888 0.214815 0.217894 0.274125 0.651573 0.236637 0.245532
7.800000 0.235548 0.377747 0.214415 0.217863 0.273919 0.651642 0.236489 0.245439
8.000000 0.235510 0.377540 0.214670 0.217913 0.273768 0.651654 0.236515 0.245369
8.200000 0.235477 0.377445 0.214497 0.217758 0.273694 0.651297 0.236375 0.245345
8.400000 0.235479 0.377447 0.214606 0.217865 0.273513 0.651130 0.236245 0.245121
8.600000 0.235511 0.377378 0.214684 0.217926 0.273436 0.651344 0.236412 0.245178
8.800000 0.235329 0.377315 0.214558 0.217894 0.273297 0.651202 0.236241 0.245081
9.000000 0.235480 0.377154 0.214650 0.217826 0.273083 0.651287 0.236272 0.245195
9.200000 0.235531 0.376918 0.214458 0.217860 0.272839 0.651214 0.236152 0.244917
9.400000 0.235307 0.376793 0.214592 0.217762 0.272884 0.650803 0.236167 0.244787
9.600000 0.235415 0.376695 0.214490 0.217997 0.272544 0.650848 0.236138 0.244629
9.800000 0.235372 0.376713 0.214539 0.217671 0.272374 0.650891 0.235999 0.244743
10.000000 0.235347 0.376555 0.214604 0.217612 0.272390 0.650822 0.236058 0.244620
10.200000 0.235355 0.376149 0.214469 0.217798 0.272365 0.650780 0.235968 0.244536
10.400000 0.235254 0.375602 0.214406 0.217648 0.271983 0.650387 0.235872 0.244396
10.600000 0.235337 0.376063 0.214522 0.217778 0.271863 0.650550 0.235754 0.244313
10.800000 0.235333 0.376267 0.214533 0.217829 0.271837 0.650361 0.235848 0.244389
11.000000 0.235327 0.376077 0.214662 0.217637 0.271698 0.650243 0.235618 0.244405
11.200000 0.235164 0.375714 0.214445 0.217687 0.271498 0.650331 0.235675 0.244181
11.400000 0.235441 0.375720 0.214395 0.217636 0.271418 0.650464 0.235702 0.244008
11.600000 0.235192 0.375585 0.214527 0.217790 0.271056 0.650141 0.235651 0.244054
11.800000 0.235285 0.375437 0.214410 0.217884 0.271091 0.650093 0.235632 0.243980
12.000000 0.235336 0.375468 0.214511 0.217717 0.270863 0.650019 0.235608 0.243939
12.200000 0.235381 0.375062 0.214440 0.217778 0.270848 0.649874 0.235565 0.243731
12.400000 0.235376 0.375193 0.214422 0.217870 0.270817 0.649906 0.235577 0.243755
12.600000 0.235251 0.375018 0.214419 0.217695 0.270416 0.649965 0.235471 0.243828
12.800000 0.235282 0.374970 0.214387 0.217693 0.270480 0.649843 0.235413 0.243624
13.000000 0.235143 0.374855 0.214525 0.217723 0.270348 0.649673 0.235302 0.243589
13.200000 0.235221 0.374804 0.214484 0.217730 0.270095 0.649452 0.235385 0.243503
13.400000 0.235214 0.374706 0.214400 0.217708 0.270072 0.649545 0.235167 0.243252
13.600000 0.235214 0.374547 0.214577 0.217637 0.270009 0.649404 0.235214 0.243399
13.800000 0.235195 0.374532 0.214445 0.217603 0.269846 0.649413 0.235233 0.243307
14.000000 0.235208 0.374434 0.214503 0.217788 0.269651 0.649338 0.235215 0.243269
14.200000 0.235214 0.374284 0.214463 0.217648 0.269586 0.649123 0.235148 0.242984
14.400000 0.235211 0.374142 0.214496 0.217710 0.269533 0.649145 0.234987 0.243150
14.600000 0.235201 0.374116 0.214257 0.217680 0.269342 0.649205 0.235121 0.243075
14.800000 0.235131 0.373843 0.214536 0.217607 0.269165 0.649069 0.235051 0.243018
15.000000 0.235189 0.373983 0.214500 0.217736 0.268994 0.648808 0.235008 0.242942
15.200000 0.235145 0.373915 0.214466 0.217731 0.269031 0.648832 0.235087 0.242895
15.400000 0.235134 0.373578 0.214421 0.217684 0.269004 0.648576 0.235037 0.242727
15.600000 0.235118 0.373638 0.214490 0.217679 0.268776 0.648794 0.234953 0.242763
15.800000 0.235133 0.373618 0.214523 0.217674 0.268680 0.648773 0.234913 0.242696
16.000000 0.234987 0.373526 0.214477 0.217665 0.268673 0.648576 0.234841 0.242634
16.200000 0.235097 0.373314 0.214431 0.217533 0.268416 0.648570 0.234883 0.242543
16.400000 0.235096 0.373606 0.214505 0.217643 0.268381 0.648594 0.234574 0.242537
16.600000 0.235096 0.373173 0.214453 0.217750 0.268209 0.648359 0.234734 0.242460
16.800000 0.235100 0.372936 0.214453 0.217438 0.267988 0.648298 0.234787 0.242373
17.000000 0.235063 0.372991 0.214517 0.217730 0.268056 0.648279 0.234607 0.242358
17.200000 0.235132 0.372908 0.214139 0.217593 0.267826 0.648102 0.234653 0.242096
17.400000 0.235074 0.372725 0.214634 0.217666 0.267791 0.648109 0.234672 0.242240
17.600000 0.235110 0.372738 0.214471 0.217659 0.267670 0.648096 0.234652 0.242139
17.800000 0.235075 0.372608 0.214471 0.217608 0.267565 0.647743 0.234653 0.242155
18.000000 0.235059 0.372478 0.214413 0.217707 0.267442 0.647815 0.234526 0.242099
18.200000 0.235024 0.372487 0.214346 0.217565 0.267217 0.647597 0.234433 0.241997
18.400000 0.235032 0.372603 0.214536 0.217587 0.267247 0.647624 0.234455 0.241885
18.600000 0.234853 0.372058 0.214466 0.217712 0.267053 0.647658 0.234424 0.241833
18.800000 0.235074 0.372230 0.214499 0.217738 0.267035 0.647647 0.234476 0.241819
19.000000 0.235000 0.372140 0.214533 0.217447 0.266759 0.647506 0.234395 0.241759
19.200000 0.235049 0.371940 0.214475 0.217664 0.266781 0.647349 0.234349 0.241653
19.400000 0.235011 0.371904 0.214415 0.217536 0.266710 0.647280 0.234136 0.241560
19.600000 0.234983 0.371857 0.214443 0.217562 0.266697 0.647354 0.234153 0.241495
19.800000 0.235124 0.371889 0.214475 0.217494 0.266497 0.647412 0.234280 0.241519
20.000000 0.234988 0.371717 0.214493 0.217503 0.266392 0.647248 0.234370 0.241488
20.200000 0.234966 0.371446 0.214418 0.217511 0.266122 0.646974 0.234160 0.241528
20.400000 0.234727 0.371444 0.214537 0.217574 0.266231 0.647017 0.233946 0.241312
20.600000 0.234929 0.371411 0.214440 0.217510 0.266063 0.647049 0.234190 0.241273
20.800000 0.234980 0.371383 0.214498 0.217524 0.265932 0.646802 0.234205 0.241164
21.000000 0.234954 0.371212 0.214475 0.217510 0.265827 0.646830 0.234188 0.241209
21.200000 0.234933 0.371228 0.214450 0.217534 0.265606 0.646827 0.234034 0.240947
21.400000 0.234855 0.371179 0.214516 0.217484 0.265510 0.646698 0.234041 0.241032
21.600000 0.234948 0.370830 0.214398 0.217531 0.265537 0.646531 0.234035 0.241042
21.800000 0.234895 0.370835 0.214425 0.217379 0.265420 0.646508 0.233620 0.240955
22.000000 0.234893 0.370867 0.214505 0.217482 0.265306 0.646495 0.234020 0.240798
22.200000 0.234884 0.370765 0.214472 0.217550 0.265148 0.646220 0.233868 0.240710
22.400000 0.234891 0.370622 0.214475 0.217536 0.265127 0.646455 0.233877 0.240819
22.600000 0.234887 0.370632 0.214258 0.217488 0.265020 0.646333 0.233831 0.240763
22.800000 0.234871 0.370493 0.214251 0.217324 0.264960 0.646190 0.233758 0.240703
23.000000 0.234863 0.370367 0.214508 0.217525 0.264787 0.646170 0.233886 0.240623
23.200000 0.234695 0.370191 0.214353 0.217311 0.264461 0.645996 0.233758 0.240525
23.400000 0.234830 0.370184 0.214444 0.217621 0.264464 0.645869 0.233752 0.240367
23.600000 0.234958 0.370048 0.214324 0.217446 0.264450 0.645653 0.233665 0.240337
23.800000 0.234712 0.370223 0.214261 0.217522 0.264500 0.645882 0.233545 0.240355
24.000000 0.234700 0.370098 0.214447 0.217425 0.264261 0.645607 0.233652 0.240328
24.200000 0.234883 0.370151 0.214386 0.217547 0.264233 0.645483 0.233544 0.240465
24.400000 0.234798 0.369976 0.214245 0.217295 0.264007 0.645596 0.233485 0.240279
24.600000 0.234702 0.369846 0.214584 0.217422 0.264022 0.645523 0.233555 0.240292
24.800000 0.234699 0.369778 0.214257 0.217561 0.263876 0.645329 0.233700 0.240116
25.000000 0.234867 0.369769 0.214485 0.217483 0.263913 0.645363 0.233585 0.240089
25.200000 0.234803 0.369525 0.214398 0.217407 0.263714 0.645275 0.233398 0.240154
25.400000 0.234819 0.369502 0.214455 0.217285 0.263563 0.645332 0.233503 0.240052
25.600000 0.234820 0.369691 0.214499 0.217333 0.263512 0.645093 0.233326 0.239966
25.800000 0.234686 0.369480 0.214537 0.217505 0.263286 0.645099 0.233352 0.239956
26.000000 0.234807 0.369292 0.214420 0.217420 0.263112 0.645096 0.233391 0.239722
26.200000 0.234689 0.369394 0.214401 0.217527 0.263327 0.644907 0.233395 0.239865
26.400000 0.234818 0.369145 0.214391 0.217312 0.263079 0.644928 0.233327 0.239775
26.600000 0.234793 0.368985 0.214482 0.217396 0.262939 0.644691 0.233250 0.239580
26.800000 0.234795 0.369040 0.214474 0.217344 0.263034 0.644742 0.233240 0.239705
27.000000 0.234802 0.369033 0.214118 0.217336 0.262878 0.644722 0.233215 0.239614
27.200000 0.234764 0.368859 0.214282 0.217347 0.262588 0.644639 0.233070 0.239658
27.400000 0.234794 0.368881 0.214266 0.217386 0.262714 0.644561 0.233256 0.239505
27.600000 0.234815 0.368805 0.214407 0.217199 0.262675 0.644392 0.233103 0.239502
27.800000 0.234761 0.368584 0.214325 0.217350 0.262601 0.644436 0.233146 0.239561
28.000000 0.234615 0.368583 0.214137 0.217415 0.262446 0.644465 0.233148 0.239356
28.200000 0.234696 0.368578 0.214400 0.217379 0.262374 0.644283 0.233078 0.239331
28.400000 0.234728 0.368418 0.214390 0.217344 0.262222 0.644169 0.233124 0.239399
28.600000 0.234752 0.368418 0.214401 0.217367 0.261904 0.644152 0.233086 0.239146
28.800000 0.234793 0.368303 0.214235 0.217335 0.262185 0.644090 0.233136 0.239174
29.000000 0.234761 0.368435 0.214267 0.217185 0.261883 0.644117 0.233012 0.239177
29.200000 0.234768 0.368290 0.214518 0.217431 0.261910 0.644000 0.232909 0.239083
29.400000 0.234738 0.368261 0.214208 0.217370 0.261817 0.643891 0.232984 0.239089
29.600000 0.234731 0.368194 0.214129 0.217155 0.261772 0.643854 0.232953 0.238964
29.800000 0.234775 0.367915 0.214537 0.217305 0.261661 0.643632 0.232970 0.238966
30.000000 0.234727 0.367761 0.214258 0.217424 0.261439 0.643705 0.232886 0.238866
30.200000 0.234722 0.367802 0.214113 0.217313 0.261493 0.643573 0.232993 0.238947
30.400000 0.234790 0.367727 0.214328 0.217278 0.261512 0.643606 0.232807 0.238777
30.600000 0.234782 0.367588 0.214306 0.217418 0.261351 0.643687 0.232974 0.238687
30.800000 0.235112 0.367681 0.214204 0.217426 0.261098 0.643231 0.232766 0.238605
31.000000 0.235477 0.367646 0.214293 0.217352 0.261078 0.643448 0.232838 0.238658
31.200000 0.235908 0.367536 0.214407 0.217432 0.261210 0.643260 0.232939 0.238566
31.400000 0.236867 0.367301 0.214306 0.217157 0.260918 0.643127 0.232707 0.238545
31.600000 0.237513 0.367164 0.214309 0.217170 0.260873 0.643272 0.232812 0.238553
31.800000 0.238547 0.367257 0.214490 0.217166 0.260756 0.642768 0.232754 0.238482
32.000000 0.239514 0.367003 0.214403 0.217315 0.260648 0.642883 0.232816 0.238368
32.200000 0.240588 0.367081 0.214258 0.217405 0.260589 0.642884 0.232776 0.238241
32.400000 0.241764 0.367017 0.214229 0.217311 0.260503 0.642873 0.232698 0.238196
32.600000 0.242786 0.366914 0.214386 0.217310 0.260381 0.642937 0.232955 0.238214
32.800000 0.243996 0.366859 0.214243 0.217375 0.260399 0.642853 0.232958 0.238344
33.000000 0.245273 0.366764 0.214536 0.217341 0.260216 0.642724 0.232992 0.238491
33.200000 0.246723 0.366807 0.214535 0.217298 0.260224 0.642653 0.233076 0.238274
33.400000 0.248016 0.366704 0.214252 0.217573 0.260274 0.642850 0.233116 0.238046
33.600000 0.249247 0.366622 0.214473 0.217359 0.260045 0.642923 0.233224 0.238186
33.800000 0.250505 0.366561 0.214419 0.217587 0.260252 0.642760 0.233334 0.238196
34.000000 0.251697 0.366731 0.214492 0.217562 0.260037 0.643054 0.233444 0.238263
34.200000 0.252721 0.366447 0.214443 0.217670 0.260227 0.642802 0.233536 0.238262
34.400000 0.253993 0.366620 0.214336 0.217189 0.260162 0.642709 0.233675 0.238296
34.600000 0.255049 0.366632 0.214438 0.217587 0.260276 0.642842 0.233754 0.238110
34.800000 0.255890 0.366399 0.214524 0.217540 0.260229 0.642812 0.233851 0.238300
35.000000 0.256956 0.366525 0.214520 0.217680 0.260273 0.642917 0.234058 0.238272
35.200000 0.257753 0.366639 0.214538 0.217699 0.260199 0.642905 0.234094 0.238336
35.400000 0.258493 0.366582 0.214514 0.217676 0.260341 0.642709 0.234349 0.238369
35.600000 0.259380 0.366613 0.214596 0.217829 0.260327 0.642925 0.234219 0.238392
35.800000 0.259864 0.366071 0.214483 0.217823 0.260454 0.642945 0.195580 0.238535
36.000000 0.260664 0.366733 0.214688 0.217744 0.260335 0.642768 0.234646 0.238360
36.200000 0.261297 0.366670 0.214422 0.217854 0.260581 0.642757 0.234674 0.238556
36.400000 0.261816 0.366743 0.214263 0.217920 0.260708 0.642926 0.234950 0.238555
36.600000 0.262303 0.366905 0.214433 0.217897 0.260749 0.643122 0.234948 0.238752
36.800000 0.262653 0.367014 0.214488 0.217996 0.260801 0.643016 0.235224 0.238670
37.000000 0.263212 0.366998 0.214495 0.218008 0.261065 0.643069 0.235229 0.238795
37.200000 0.263618 0.367205 0.214606 0.218161 0.261026 0.643028 0.235332 0.238790
37.400000 0.264121 0.367302 0.214601 0.218218 0.261036 0.643253 0.235547 0.238820
37.600000 0.264519 0.367253 0.214452 0.218164 0.261284 0.643017 0.235715 0.238951
37.800000 0.264801 0.367555 0.214447 0.218230 0.261396 0.643217 0.235787 0.239049
38.000000 0.265141 0.367616 0.214470 0.218330 0.261431 0.643179 0.236038 0.239170
38.200000 0.265227 0.367850 0.214650 0.218210 0.261580 0.643159 0.236074 0.239254
38.400000 0.265631 0.368009 0.214621 0.218347 0.261508 0.643385 0.236191 0.239214
38.600000 0.265918 0.368308 0.214666 0.218466 0.261984 0.643445 0.236212 0.239363
38.800000 0.266110 0.368259 0.214403 0.218440 0.262027 0.643324 0.236418 0.239512
39.000000 0.266286 0.368404 0.214646 0.218397 0.262125 0.643531 0.236550 0.239545
39.200000 0.266154 0.368580 0.214648 0.218550 0.262215 0.643390 0.236707 0.239444
39.400000 0.266607 0.368795 0.214704 0.218540 0.262336 0.643395 0.236837 0.239679
39.600000 0.266605 0.369004 0.214431 0.218620 0.262491 0.643396 0.237073 0.239760
39.800000 0.266916 0.369145 0.214666 0.218696 0.262624 0.643500 0.237098 0.239909
40.000000 0.267041 0.369325 0.214628 0.218756 0.262796 0.643711 0.237407 0.239900
40.200000 0.267156 0.369309 0.214544 0.218745 0.263196 0.643628 0.237385 0.239922
40.400000 0.267233 0.369584 0.214376 0.218765 0.263045 0.643607 0.237533 0.240029
40.600000 0.267366 0.369967 0.214679 0.218857 0.263405 0.643756 0.237641 0.240241
40.800000 0.267354 0.370118 0.214666 0.218910 0.263565 0.643860 0.237798 0.240460
41.000000 0.267572 0.370394 0.214760 0.218936 0.263723 0.643907 0.237936 0.240544
41.200000 0.267634 0.370569 0.214540 0.218990 0.263923 0.643748 0.238072 0.240589
41.400000 0.267693 0.370781 0.214570 0.218832 0.263979 0.643917 0.238134 0.240752
41.600000 0.267658 0.370972 0.214905 0.219067 0.264141 0.643852 0.238218 0.240862
41.800000 0.267802 0.371098 0.214540 0.218906 0.264301 0.643978 0.238456 0.241081
42.000000 0.267842 0.371490 0.214781 0.218954 0.264677 0.644212 0.238618 0.241041
42.200000 0.267980 0.371742 0.214863 0.219240 0.264886 0.644087 0.238901 0.241181
42.400000 0.267996 0.371993 0.214971 0.219024 0.265022 0.644087 0.238896 0.241287
42.600000 0.267978 0.372040 0.214815 0.219168 0.265325 0.644347 0.239031 0.241431
42.800000 0.268091 0.372177 0.214653 0.219207 0.265433 0.644119 0.239173 0.241494
43.000000 0.268120 0.372590 0.214708 0.219186 0.265669 0.644486 0.239263 0.241689
43.200000 0.268174 0.372913 0.214827 0.219290 0.265889 0.644504 0.239127 0.241764
43.400000 0.268232 0.373205 0.214943 0.219391 0.266218 0.644159 0.239440 0.241871
43.600000 0.268241 0.373275 0.214697 0.219435 0.266287 0.644478 0.239606 0.242056
43.800000 0.268276 0.373809 0.214703 0.219372 0.266368 0.644535 0.239874 0.242249
44.000000 0.268366 0.373860 0.214841 0.219856 0.266839 0.644569 0.239967 0.242311
44.200000 0.268366 0.374177 0.214539 0.219533 0.267028 0.644671 0.240079 0.242490
44.400000 0.268332 0.374515 0.214734 0.219528 0.267282 0.644801 0.240292 0.242758
44.600000 0.268467 0.374650 0.214715 0.219427 0.267529 0.644785 0.240118 0.242709
44.800000 0.268386 0.375038 0.214797 0.219675 0.267737 0.644910 0.240395 0.242882
45.000000 0.268545 0.375422 0.214554 0.219484 0.267828 0.644918 0.240750 0.243044
45.200000 0.268261 0.375562 0.214819 0.219628 0.268012 0.644937 0.240636 0.243117
45.400000 0.268440 0.375919 0.214758 0.219561 0.268539 0.645219 0.240848 0.243322
45.600000 0.268422 0.376228 0.214837 0.219584 0.268683 0.644995 0.240805 0.243446
45.800000 0.268250 0.376325 0.214768 0.219789 0.268725 0.645113 0.240967 0.243425
46.000000 0.268517 0.376598 0.214790 0.219770 0.269030 0.645250 0.241215 0.243450
46.200000 0.268275 0.376985 0.214781 0.219759 0.269254 0.645155 0.241448 0.243624
46.400000 0.268260 0.377172 0.214752 0.219939 0.269591 0.645204 0.241454 0.243877
46.600000 0.268468 0.377626 0.214739 0.219750 0.269767 0.645294 0.241582 0.244004
46.800000 0.268102 0.377751 0.214743 0.219827 0.269851 0.645275 0.241687 0.244224
47.000000 0.268441 0.378015 0.214746 0.220010 0.270160 0.645558 0.241754 0.244319
47.200000 0.268427 0.378302 0.214745 0.219907 0.270406 0.645533 0.241928 0.244560
47.400000 0.268294 0.378555 0.214834 0.220014 0.270686 0.645565 0.241860 0.244663
47.600000 0.268385 0.378796 0.214760 0.219995 0.270877 0.645542 0.242097 0.244800
47.800000 0.268366 0.378977 0.214810 0.220080 0.270954 0.645462 0.242221 0.244767
48.000000 0.268385 0.379471 0.214815 0.219975 0.271416 0.645805 0.242359 0.245018
48.200000 0.268122 0.379263 0.214868 0.219976 0.271483 0.645614 0.242598 0.245062
48.400000 0.268343 0.379925 0.214765 0.220025 0.272031 0.645889 0.242573 0.245295
48.600000 0.268303 0.380213 0.214750 0.219948 0.272172 0.645822 0.242701 0.245635
48.800000 0.268360 0.380538 0.214781 0.219933 0.272226 0.645936 0.242825 0.245647
49.000000 0.268334 0.380732 0.214758 0.220055 0.272601 0.645794 0.242885 0.245787
49.200000 0.268363 0.381025 0.214787 0.220079 0.272737 0.646100 0.243030 0.245913
49.400000 0.268360 0.381330 0.214812 0.220153 0.273088 0.646149 0.243192 0.246056
49.600000 0.268353 0.381574 0.214990 0.220489 0.273353 0.646178 0.243265 0.246009
49.800000 0.268514 0.381829 0.214810 0.220016 0.273507 0.646268 0.243483 0.246333
50.000000 0.268360 0.382111 0.214904 0.220168 0.273848 0.646069 0.243455 0.246320
50.200000 0.268381 0.382443 0.214905 0.220040 0.274196 0.646475 0.243651 0.246658
50.400000 0.268307 0.382562 0.214710 0.220177 0.274504 0.646424 0.243425 0.246853
50.600000 0.268304 0.383131 0.214697 0.220052 0.274521 0.646447 0.243974 0.246947
50.800000 0.268334 0.383033 0.214812 0.220255 0.274890 0.646561 0.243911 0.247059
51.000000 0.268293 0.383542 0.214837 0.220221 0.275268 0.646601 0.243861 0.247294
51.200000 0.268301 0.383851 0.214916 0.220289 0.275416 0.646752 0.244120 0.247345
51.400000 0.268292 0.384197 0.214821 0.220290 0.275624 0.646675 0.243993 0.247553
51.600000 0.268248 0.384501 0.214919 0.220237 0.275810 0.646739 0.244296 0.247525
51.800000 0.268292 0.384372 0.214841 0.220482 0.276032 0.646795 0.244309 0.247949
52.000000 0.268242 0.384848 0.214856 0.220416 0.276196 0.646680 0.244465 0.247981
52.200000 0.268237 0.385048 0.214828 0.220306 0.276658 0.647040 0.244644 0.248079
52.400000 0.268269 0.385470 0.214931 0.220397 0.276812 0.646985 0.244716 0.248157
52.600000 0.268228 0.385724 0.214809 0.220335 0.277126 0.647115 0.244814 0.248362
52.800000 0.268400 0.385861 0.214845 0.220462 0.277333 0.647013 0.244898 0.248510
53.000000 0.268107 0.386259 0.215009 0.220428 0.277659 0.647262 0.245034 0.248660
53.200000 0.268248 0.386645 0.214729 0.220153 0.278006 0.647239 0.245106 0.248845
53.400000 0.268167 0.386689 0.214758 0.220219 0.277910 0.647261 0.245200 0.248812
53.600000 0.268182 0.387077 0.214974 0.220214 0.278322 0.647382 0.245224 0.249016
53.800000 0.268145 0.387338 0.214690 0.220389 0.278515 0.647250 0.245355 0.249061
54.000000 0.268111 0.387503 0.214870 0.220369 0.278800 0.647364 0.245445 0.249382
54.200000 0.268198 0.387980 0.214705 0.220344 0.279187 0.647447 0.245566 0.249538
54.400000 0.268175 0.388055 0.214915 0.220492 0.279263 0.647507 0.245655 0.249546
54.600000 0.268182 0.388199 0.214804 0.220575 0.279589 0.647477 0.245658 0.249923
54.800000 0.267963 0.388561 0.214722 0.220639 0.279782 0.647663 0.245675 0.249910
55.000000 0.268109 0.388874 0.214952 0.220479 0.280292 0.647583 0.245882 0.250053
55.200000 0.267960 0.389066 0.214714 0.220755 0.280332 0.647757 0.245820 0.250213
55.400000 0.268154 0.389195 0.214871 0.220404 0.280749 0.647810 0.246022 0.250374
55.600000 0.268228 0.389618 0.214866 0.220354 0.280777 0.647559 0.246043 0.250453
55.800000 0.268081 0.389798 0.214917 0.220385 0.281219 0.647740 0.246223 0.250615
56.000000 0.268075 0.390086 0.214708 0.220363 0.281310 0.648148 0.246137 0.250826
56.200000 0.268158 0.390356 0.215098 0.220594 0.281618 0.648134 0.246505 0.250987
56.400000 0.267963 0.390644 0.214737 0.220634 0.281870 0.648102 0.246469 0.251082
56.600000 0.268020 0.390936 0.214885 0.220534 0.282054 0.648189 0.246434 0.251228
56.800000 0.268085 0.391132 0.214909 0.220602 0.282376 0.648157 0.246646 0.251427
57.000000 0.268019 0.391476 0.214917 0.220581 0.282642 0.648052 0.246750 0.251531
57.200000 0.268071 0.391771 0.214795 0.220568 0.282824 0.648224 0.246843 0.251621
57.400000 0.268005 0.391821 0.214956 0.220496 0.283105 0.648211 0.246868 0.251748
57.600000 0.268047 0.392287 0.214904 0.220645 0.283300 0.648467 0.246991 0.251879
57.800000 0.268023 0.392293 0.214916 0.220557 0.283574 0.648353 0.246887 0.252015
58.000000 0.268018 0.392574 0.214882 0.220608 0.283814 0.648394 0.247113 0.252179
58.200000 0.268085 0.392827 0.214949 0.220586 0.284087 0.648507 0.247177 0.252273
58.400000 0.268054 0.393084 0.214966 0.220634 0.284291 0.648660 0.247212 0.252457
58.600000 0.268064 0.393304 0.214869 0.220593 0.284556 0.648769 0.247300 0.252385
58.800000 0.268004 0.393590 0.214891 0.220599 0.284726 0.648654 0.247372 0.252587
59.000000 0.268015 0.393639 0.214909 0.220789 0.285001 0.648872 0.247483 0.252819
59.200000 0.268016 0.394047 0.214754 0.220640 0.285043 0.648912 0.247386 0.252900
59.400000 0.267994 0.394347 0.214918 0.220522 0.285465 0.648916 0.247796 0.253036
59.600000 0.267959 0.394537 0.214853 0.220524 0.285782 0.648891 0.247546 0.253145
59.800000 0.267974 0.394608 0.214748 0.220686 0.285921 0.648992 0.247779 0.253412
60.000000 0.267984 0.394790 0.214741 0.220628 0.286250 0.649074 0.248044 0.253488
60.200000 0.267938 0.395167 0.214720 0.220671 0.286366 0.649189 0.247806 0.253601
60.400000 0.267883 0.395461 0.214999 0.220696 0.286551 0.649241 0.247907 0.253504
60.600000 0.267963 0.395478 0.214947 0.220677 0.286793 0.649278 0.248037 0.253629
60.800000 0.267826 0.395813 0.214962 0.220760 0.286934 0.649105 0.248018 0.253914
61.000000 0.267898 0.396026 0.214954 0.220534 0.287243 0.649326 0.248163 0.253907
61.200000 0.267918 0.396294 0.215103 0.220712 0.287540 0.649308 0.248295 0.254337
61.400000 0.267803 0.396541 0.214976 0.220787 0.287748 0.649427 0.248316 0.254336
61.600000 0.267876 0.396725 0.214960 0.220754 0.287896 0.649464 0.248361 0.254601
61.800000 0.267897 0.396584 0.214973 0.220729 0.288035 0.649582 0.248318 0.254375
62.000000 0.267895 0.397151 0.214885 0.220875 0.288305 0.649602 0.248553 0.254757
62.200000 0.267814 0.397421 0.214938 0.220873 0.288658 0.649778 0.248632 0.254807
62.400000 0.267773 0.397573 0.215141 0.220742 0.288920 0.649874 0.248687 0.254992
62.600000 0.267850 0.397894 0.214977 0.220754 0.289212 0.649741 0.248791 0.255007
62.800000 0.267823 0.398068 0.215015 0.220653 0.289379 0.649966 0.248690 0.255212
63.000000 0.267832 0.398305 0.214656 0.220936 0.289665 0.649881 0.249012 0.255388
63.200000 0.267887 0.398547 0.215077 0.220905 0.289905 0.650153 0.248756 0.255563
63.400000 0.267800 0.398724 0.214921 0.220939 0.290028 0.649988 0.248930 0.255735
63.600000 0.267726 0.398828 0.214951 0.220715 0.290100 0.649998 0.248921 0.255477
63.800000 0.267656 0.398999 0.214551 0.220757 0.290468 0.650253 0.249122 0.255806
64.000000 0.267790 0.399299 0.214906 0.220806 0.290664 0.650239 0.249157 0.255759
64.200000 0.267642 0.399521 0.214998 0.220811 0.291046 0.650184 0.249131 0.255941
64.400000 0.267757 0.399680 0.214874 0.220849 0.291167 0.650290 0.249267 0.256100
64.600000 0.267818 0.399883 0.214905 0.220816 0.291303 0.650399 0.249223 0.256262
64.800000 0.267724 0.400199 0.214881 0.220866 0.291335 0.650372 0.249330 0.256367
65.000000 0.267766 0.400200 0.214885 0.220936 0.291671 0.650460 0.249369 0.256471
65.200000 0.267696 0.400543 0.215140 0.220891 0.291986 0.650576 0.249299 0.256537
65.400000 0.267783 0.400797 0.214945 0.221021 0.292059 0.650636 0.249457 0.256773
65.600000 0.267911 0.400901 0.214696 0.220939 0.292317 0.650640 0.249552 0.256831
65.800000 0.267746 0.401075 0.214906 0.220845 0.292556 0.650646 0.249614 0.256818
66.000000 0.267751 0.401263 0.214959 0.220844 0.292691 0.650667 0.249766 0.257049
66.200000 0.267752 0.401311 0.214983 0.220825 0.292953 0.650710 0.249652 0.257152
66.400000 0.267758 0.401491 0.214766 0.220763 0.292991 0.650910 0.249755 0.257288
66.600000 0.267715 0.401843 0.214952 0.220928 0.293379 0.650883 0.249920 0.257324
66.800000 0.267727 0.401798 0.214918 0.220810 0.293519 0.650956 0.249916 0.257299
67.000000 0.267554 0.402023 0.214881 0.220917 0.293704 0.650933 0.249864 0.257587
67.200000 0.267785 0.402170 0.214956 0.220885 0.294169 0.651056 0.249801 0.257668
67.400000 0.267682 0.402539 0.214967 0.220918 0.294058 0.651243 0.249978 0.257790
67.600000 0.267667 0.402592 0.215084 0.220904 0.294322 0.651199 0.250033 0.257830
67.800000 0.267671 0.402888 0.215059 0.220912 0.294644 0.651192 0.250079 0.257968
68.000000 0.267651 0.403007 0.215033 0.220929 0.294720 0.651330 0.250114 0.258029
68.200000 0.267496 0.403289 0.214934 0.220904 0.294773 0.651060 0.250141 0.258143
68.400000 0.267678 0.403296 0.214939 0.220958 0.295158 0.651452 0.250218 0.258287
68.600000 0.267628 0.403509 0.214868 0.220993 0.295306 0.651406 0.250261 0.258386
68.800000 0.267592 0.403854 0.215145 0.220964 0.295666 0.651443 0.250265 0.258338
69.000000 0.267609 0.403813 0.215015 0.221057 0.295528 0.651496 0.250333 0.258493
69.200000 0.267586 0.404058 0.215092 0.220909 0.295997 0.651650 0.250431 0.258656
69.400000 0.267490 0.404294 0.214849 0.221000 0.296046 0.651693 0.250413 0.258772
69.600000 0.267456 0.404487 0.215077 0.221091 0.296280 0.651687 0.250397 0.258856
69.800000 0.267618 0.404615 0.214727 0.221141 0.296420 0.651838 0.250471 0.258994
70.000000 0.267568 0.404733 0.214945 0.221002 0.296502 0.651839 0.250531 0.258967
70.200000 0.267550 0.404845 0.215125 0.220980 0.296721 0.651738 0.250404 0.259097
70.400000 0.267593 0.405057 0.215089 0.220861 0.296913 0.651909 0.250596 0.259264
70.600000 0.267558 0.405352 0.214844 0.221086 0.297101 0.651845 0.250613 0.259337
70.800000 0.267552 0.405366 0.214903 0.221011 0.297137 0.651885 0.250652 0.259431
71.000000 0.267631 0.405510 0.214859 0.220988 0.297256 0.651742 0.250603 0.259515
71.200000 0.267581 0.405753 0.215192 0.221078 0.297639 0.652080 0.250825 0.259590
71.400000 0.267563 0.405861 0.214862 0.220959 0.297841 0.652133 0.250763 0.259773
71.600000 0.267420 0.405996 0.215228 0.220997 0.297986 0.652112 0.250814 0.259824
71.800000 0.267596 0.406355 0.214968 0.220861 0.298220 0.652183 0.250900 0.259911
72.000000 0.267610 0.406216 0.214886 0.221047 0.298386 0.652271 0.250811 0.260162
72.200000 0.267545 0.406526 0.215139 0.221016 0.298510 0.652427 0.250993 0.260088
72.400000 0.267450 0.406756 0.214951 0.220997 0.298622 0.652174 0.250989 0.260021
72.600000 0.267545 0.406674 0.214947 0.221099 0.298857 0.652350 0.251116 0.260291
72.800000 0.267534 0.406945 0.214987 0.221075 0.299098 0.652322 0.251104 0.260321
73.000000 0.267556 0.407252 0.215055 0.221045 0.299170 0.652598 0.251144 0.260273
73.200000 0.267535 0.407248 0.215234 0.221061 0.299331 0.652534 0.251102 0.260558
73.400000 0.267361 0.407392 0.214928 0.221031 0.299479 0.652686 0.251081 0.260477
73.600000 0.267495 0.407766 0.214977 0.220704 0.299559 0.652660 0.251161 0.260642
73.800000 0.267491 0.407476 0.215027 0.221042 0.299792 0.652739 0.251172 0.260912
74.000000 0.267474 0.407779 0.214987 0.221029 0.300047 0.652670 0.251261 0.260851
74.200000 0.267470 0.407940 0.215037 0.221081 0.299998 0.652763 0.251246 0.260891
74.400000 0.267396 0.408145 0.215070 0.221053 0.300332 0.652810 0.251310 0.261025
74.600000 0.267469 0.408306 0.215029 0.221091 0.300535 0.652779 0.251389 0.261110
74.800000 0.267229 0.408419 0.215083 0.221070 0.300525 0.652946 0.251373 0.261188
75.000000 0.267428 0.408490 0.215065 0.220976 0.300841 0.652934 0.251446 0.261268
75.200000 0.267397 0.408725 0.214862 0.220965 0.300908 0.653067 0.251368 0.261248
75.400000 0.267395 0.408838 0.215061 0.221078 0.301287 0.653089 0.251371 0.261400
75.600000 0.267387 0.408863 0.215074 0.221232 0.301335 0.653001 0.251615 0.261454
75.800000 0.267394 0.408983 0.214867 0.221097 0.301216 0.653195 0.251529 0.261589
76.000000 0.267390 0.409359 0.215023 0.221035 0.301638 0.653316 0.251563 0.261672
76.200000 0.267187 0.409241 0.215044 0.221063 0.301779 0.653352 0.251626 0.261798
76.400000 0.267409 0.409530 0.215032 0.221050 0.301830 0.653282 0.251730 0.261806
76.600000 0.267381 0.409631 0.214919 0.221078 0.302097 0.653400 0.251747 0.261885
76.800000 0.267195 0.409685 0.215105 0.221051 0.302215 0.653301 0.251665 0.261996
77.000000 0.267330 0.409915 0.214868 0.221292 0.302366 0.653217 0.251682 0.262021
77.200000 0.267289 0.409853 0.215147 0.221193 0.302476 0.653425 0.251689 0.262091
77.400000 0.267381 0.410063 0.214950 0.221064 0.302734 0.653651 0.251753 0.262104
77.600000 0.267269 0.410227 0.214888 0.221228 0.302826 0.653309 0.251781 0.262419
77.800000 0.267186 0.410424 0.215052 0.221145 0.302867 0.653657 0.251669 0.262280
78.000000 0.267434 0.410469 0.214997 0.220954 0.303127 0.653831 0.251838 0.262417
78.200000 0.267329 0.410646 0.215105 0.221182 0.303206 0.653688 0.251883 0.262468
78.400000 0.267317 0.410876 0.215113 0.221217 0.303198 0.653845 0.251777 0.262559
78.600000 0.267183 0.410870 0.214975 0.221146 0.303484 0.653985 0.251914 0.262467
78.800000 0.267329 0.411045 0.215138 0.221132 0.303577 0.653926 0.252015 0.262662
79.000000 0.267307 0.411297 0.215296 0.221205 0.303756 0.654093 0.251972 0.262750
79.200000 0.267323 0.411322 0.215077 0.221207 0.304061 0.653906 0.252034 0.262821
79.400000 0.267278 0.411245 0.215073 0.221230 0.304080 0.653941 0.251851 0.262871
79.600000 0.267247 0.411629 0.215024 0.221240 0.304024 0.654228 0.252051 0.262956
79.800000 0.267307 0.411649 0.215054 0.221083 0.304177 0.653933 0.252006 0.263025
80.000000 0.267224 0.411699 0.214855 0.221137 0.304421 0.654048 0.251915 0.263056
80.200000 0.267390 0.411966 0.215057 0.221046 0.304553 0.654253 0.252067 0.263076
80.400000 0.267572 0.412062 0.215069 0.221180 0.304847 0.654284 0.252089 0.263237
80.600000 0.267283 0.411964 0.215088 0.220984 0.304863 0.654152 0.252134 0.263226
80.800000 0.267408 0.412183 0.214914 0.221114 0.305015 0.654239 0.252103 0.263330
81.000000 0.267410 0.412313 0.215042 0.221251 0.305078 0.654267 0.252144 0.263303
81.200000 0.267419 0.412259 0.215109 0.221145 0.305084 0.654335 0.252079 0.263224
81.400000 0.267409 0.412426 0.215017 0.220971 0.305268 0.654425 0.252282 0.263470
81.600000 0.267436 0.412564 0.215043 0.221180 0.305246 0.654434 0.252367 0.263769
81.800000 0.267238 0.412771 0.214757 0.221127 0.305538 0.654545 0.252241 0.263656
82.000000 0.267444 0.412836 0.214939 0.221076 0.305666 0.654583 0.252078 0.263529
82.200000 0.267397 0.412979 0.215027 0.221183 0.305651 0.654457 0.252137 0.263736
82.400000 0.267231 0.412955 0.214997 0.221045 0.305877 0.654687 0.252357 0.263804
82.600000 0.267447 0.413148 0.215063 0.221145 0.306031 0.654621 0.252333 0.263846
82.800000 0.267432 0.413445 0.215100 0.220995 0.305982 0.654680 0.252367 0.263897
83.000000 0.267423 0.413215 0.215076 0.220948 0.306146 0.654727 0.252340 0.263900
83.200000 0.267478 0.413418 0.215084 0.221104 0.306319 0.654696 0.252378 0.263990
83.400000 0.267409 0.413530 0.214987 0.221160 0.306280 0.654608 0.252100 0.264109
83.600000 0.267265 0.413644 0.214881 0.221123 0.306600 0.654947 0.252457 0.263918
83.800000 0.267383 0.413688 0.215012 0.220991 0.306663 0.654839 0.252519 0.264251
84.000000 0.267401 0.413823 0.215019 0.221212 0.306733 0.654975 0.252403 0.264151
84.200000 0.267400 0.414112 0.215040 0.221219 0.306970 0.655019 0.252477 0.264165
84.400000 0.267428 0.414084 0.215241 0.221213 0.307013 0.655092 0.252433 0.264355
84.600000 0.267397 0.414023 0.215098 0.221221 0.307134 0.655107 0.252482 0.264369
84.800000 0.267446 0.414342 0.214998 0.221192 0.307202 0.655069 0.252523 0.264542
85.000000 0.267441 0.414146 0.215110 0.221207 0.307373 0.655187 0.252590 0.264547
85.200000 0.267398 0.414368 0.214952 0.221241 0.307529 0.655117 0.252259 0.264519
85.400000 0.267438 0.414503 0.215043 0.221173 0.307512 0.655291 0.252546 0.264615
85.600000 0.267450 0.414555 0.215018 0.221235 0.307576 0.655128 0.252605 0.264659
85.800000 0.267447 0.414687 0.214987 0.221230 0.307653 0.655283 0.252661 0.264688
86.000000 0.267454 0.414628 0.215014 0.221359 0.307876 0.655271 0.252836 0.264860
86.200000 0.267430 0.414827 0.215044 0.221244 0.307815 0.655381 0.252665 0.264780
86.400000 0.267429 0.414919 0.215026 0.221229 0.308085 0.655444 0.252662 0.264860
86.600000 0.267451 0.414975 0.215075 0.221228 0.307882 0.655364 0.252544 0.264938
86.800000 0.267347 0.415180 0.215096 0.221235 0.308307 0.655618 0.252622 0.265036
87.000000 0.267454 0.415317 0.215009 0.221226 0.308425 0.655649 0.252733 0.265170
87.200000 0.267419 0.415378 0.215135 0.221233 0.308577 0.655906 0.252772 0.265064
87.400000 0.267454 0.415393 0.215061 0.221248 0.308623 0.655525 0.252740 0.265119
87.600000 0.267249 0.415384 0.215237 0.221205 0.308612 0.655696 0.252742 0.265157
87.800000 0.267389 0.415564 0.215021 0.221234 0.308687 0.655807 0.252746 0.265057
88.000000 0.267397 0.415605 0.215108 0.221153 0.308929 0.655901 0.252826 0.265280
88.200000 0.267379 0.415754 0.215126 0.221171 0.309054 0.655773 0.252692 0.265223
88.400000 0.267376 0.415853 0.215066 0.221190 0.309117 0.655695 0.252702 0.265486
88.600000 0.267382 0.415876 0.215081 0.221244 0.309144 0.655838 0.252467 0.265228
88.800000 0.267408 0.416087 0.215014 0.221356 0.309143 0.655856 0.252753 0.265483
89.000000 0.267440 0.416194 0.215139 0.221214 0.309413 0.656053 0.252841 0.265409
89.200000 0.267385 0.416005 0.215060 0.221252 0.309484 0.655829 0.252858 0.265647
89.400000 0.267454 0.416189 0.214915 0.221070 0.309589 0.656089 0.253036 0.265611
89.600000 0.267469 0.416240 0.215253 0.221290 0.309653 0.656018 0.252950 0.265518
89.800000 0.267470 0.416552 0.215088 0.221161 0.309804 0.656068 0.252703 0.265648
90.000000 0.267341 0.416520 0.214912 0.221075 0.309847 0.655992 0.252868 0.265505
