0.200000 0.051469 0.421742 0.173612 0.211061 0.442143 0.390444 0.208309 0.375965
0.400000 0.051427 0.420488 0.173377 0.210755 0.440161 0.390168 0.208218 0.374195
0.600000 0.051410 0.420201 0.173473 0.210543 0.439082 0.390197 0.208037 0.373460
0.800000 0.051411 0.419624 0.173416 0.210410 0.438036 0.390174 0.207807 0.372711
1.000000 0.051407 0.419256 0.173463 0.210384 0.437045 0.390216 0.207697 0.371710
1.200000 0.051387 0.418466 0.173382 0.209982 0.435919 0.390258 0.207754 0.370997
1.400000 0.051389 0.418294 0.173435 0.209926 0.434920 0.390145 0.207648 0.370254
1.600000 0.051242 0.417658 0.173469 0.209739 0.433968 0.390139 0.207590 0.369442
1.800000 0.051376 0.417374 0.173214 0.209551 0.433022 0.390075 0.207380 0.368744
2.000000 0.051370 0.416952 0.173434 0.209448 0.431864 0.390162 0.207362 0.367906
2.200000 0.051345 0.416432 0.173304 0.209136 0.430983 0.390114 0.207239 0.367100
2.400000 0.051364 0.415980 0.173248 0.209065 0.429931 0.390009 0.207086 0.366330
2.600000 0.051358 0.415718 0.173273 0.208980 0.428772 0.389795 0.206967 0.365476
2.800000 0.051299 0.415280 0.173242 0.208726 0.428065 0.389982 0.206943 0.364966
3.000000 0.051319 0.414740 0.173188 0.208463 0.427005 0.389941 0.206838 0.364106
3.200000 0.051321 0.414404 0.173195 0.208380 0.425961 0.390066 0.206656 0.363182
3.400000 0.051379 0.414068 0.173053 0.208142 0.425078 0.389949 0.206630 0.362656
3.600000 0.051299 0.413598 0.173104 0.208234 0.424169 0.389981 0.206373 0.361908
3.800000 0.051314 0.413142 0.173118 0.207877 0.422990 0.389879 0.206400 0.361289
4.000000 0.051265 0.412658 0.173085 0.207793 0.422170 0.389959 0.206231 0.360241
4.200000 0.051286 0.412492 0.173134 0.207618 0.421153 0.389872 0.206246 0.359545
4.400000 0.051257 0.411861 0.173020 0.207406 0.420191 0.389858 0.206006 0.358945
4.600000 0.051302 0.411644 0.173134 0.207298 0.419416 0.390008 0.205995 0.358171
4.800000 0.051276 0.411176 0.172909 0.207214 0.418457 0.389851 0.205925 0.357512
5.000000 0.051118 0.410706 0.172886 0.206999 0.417457 0.389719 0.205827 0.356809
5.200000 0.051351 0.410458 0.172823 0.206805 0.416673 0.389770 0.205840 0.355992
5.400000 0.051393 0.409870 0.173017 0.206507 0.415694 0.389587 0.205613 0.355526
5.600000 0.051386 0.409659 0.173167 0.206513 0.414802 0.389696 0.205535 0.354579
5.800000 0.051129 0.409243 0.172859 0.206375 0.413910 0.389693 0.205417 0.354052
6.000000 0.051243 0.408846 0.172933 0.206219 0.412950 0.389692 0.205363 0.353469
6.200000 0.051206 0.408493 0.172855 0.206041 0.412091 0.389645 0.205216 0.352777
6.400000 0.051230 0.408140 0.172837 0.205733 0.411190 0.389649 0.205098 0.351892
6.600000 0.051236 0.407648 0.172681 0.205547 0.410024 0.389621 0.204988 0.351060
6.800000 0.051190 0.407173 0.172801 0.205428 0.409202 0.389469 0.204782 0.350254
7.000000 0.051209 0.406821 0.172812 0.205500 0.408232 0.389497 0.204762 0.349585
7.200000 0.051218 0.406547 0.172641 0.205291 0.407364 0.389696 0.204659 0.349044
7.400000 0.051178 0.406212 0.172754 0.205179 0.406745 0.389297 0.204607 0.348443
7.600000 0.051197 0.405844 0.172849 0.204776 0.405831 0.389397 0.204377 0.347625
7.800000 0.051177 0.405554 0.172678 0.204821 0.405005 0.389376 0.204351 0.347272
8.000000 0.051200 0.405117 0.172654 0.204622 0.404072 0.389448 0.204272 0.346476
8.200000 0.051188 0.404775 0.172513 0.204573 0.403149 0.389286 0.204195 0.345840
8.400000 0.051133 0.404388 0.172662 0.204391 0.402516 0.389226 0.204135 0.345187
8.600000 0.051126 0.403961 0.172507 0.204389 0.401720 0.389395 0.204024 0.344629
8.800000 0.051165 0.403643 0.172614 0.204040 0.400758 0.389319 0.203874 0.343840
9.000000 0.051135 0.403494 0.172712 0.204060 0.400002 0.389298 0.203773 0.343407
9.200000 0.051259 0.402994 0.172526 0.203854 0.398893 0.389189 0.203693 0.342775
9.400000 0.051177 0.402663 0.172426 0.203770 0.398294 0.389326 0.203577 0.342138
9.600000 0.051156 0.402522 0.172378 0.203842 0.397749 0.389140 0.203503 0.341555
9.800000 0.051154 0.402137 0.172460 0.203540 0.397011 0.389183 0.203218 0.340947
10.000000 0.051153 0.401658 0.172498 0.203521 0.396239 0.389233 0.203182 0.340548
10.200000 0.051093 0.401520 0.172456 0.203117 0.395478 0.389243 0.203174 0.339771
10.400000 0.051152 0.401300 0.172354 0.202966 0.394599 0.389088 0.203177 0.339186
10.600000 0.051131 0.400801 0.172408 0.203090 0.393696 0.389080 0.203031 0.338634
10.800000 0.051243 0.400295 0.172369 0.202817 0.393367 0.388981 0.202869 0.337968
11.000000 0.051094 0.399957 0.172284 0.202653 0.392380 0.388979 0.202825 0.337417
11.200000 0.051129 0.399792 0.172480 0.202507 0.391606 0.389062 0.202680 0.336887
11.400000 0.051129 0.399548 0.172406 0.202402 0.390798 0.388925 0.202701 0.336434
11.600000 0.051081 0.399253 0.172376 0.202364 0.390152 0.388825 0.202555 0.335788
11.800000 0.051110 0.398941 0.172331 0.202300 0.389275 0.389034 0.202341 0.335201
12.000000 0.051081 0.398641 0.172362 0.202091 0.388649 0.388953 0.202283 0.334581
12.200000 0.051048 0.398312 0.172400 0.202014 0.387966 0.388840 0.202117 0.333996
12.400000 0.051056 0.398056 0.172345 0.201919 0.387168 0.388895 0.202282 0.333545
12.600000 0.051034 0.397605 0.172291 0.201605 0.386342 0.388932 0.202090 0.332736
12.800000 0.051065 0.397460 0.172235 0.201681 0.385692 0.388823 0.201955 0.332205
13.000000 0.051044 0.397249 0.172301 0.201558 0.385060 0.388919 0.201889 0.331783
13.200000 0.051052 0.396745 0.172220 0.201458 0.384483 0.388942 0.201762 0.331284
13.400000 0.051038 0.396652 0.172043 0.201328 0.383889 0.388867 0.201728 0.330942
13.600000 0.051053 0.396358 0.172293 0.201216 0.383013 0.388766 0.201592 0.330467
13.800000 0.051025 0.396001 0.172137 0.201085 0.382483 0.388755 0.201607 0.329977
14.000000 0.051056 0.395700 0.172140 0.200935 0.381721 0.388891 0.201463 0.329499
14.200000 0.051026 0.395560 0.172195 0.200845 0.381308 0.388790 0.201267 0.329003
14.400000 0.051037 0.394952 0.172083 0.200563 0.380693 0.388516 0.201337 0.328494
14.600000 0.051016 0.394943 0.172260 0.200673 0.380056 0.388779 0.201339 0.327914
14.800000 0.051010 0.394867 0.172148 0.200653 0.379452 0.388737 0.201190 0.327728
15.000000 0.051000 0.394583 0.172091 0.200451 0.378637 0.388629 0.201252 0.327250
15.200000 0.051107 0.394205 0.172051 0.200281 0.378147 0.388343 0.200971 0.326648
15.400000 0.051022 0.393871 0.172083 0.200312 0.377598 0.388617 0.200918 0.326083
15.600000 0.051022 0.393925 0.171919 0.200168 0.377084 0.388601 0.200884 0.325624
15.800000 0.051017 0.393537 0.172146 0.200170 0.376285 0.388551 0.200896 0.325426
16.000000 0.050859 0.393201 0.172063 0.199941 0.375708 0.388629 0.200778 0.324797
16.200000 0.051000 0.393010 0.172099 0.199877 0.375366 0.388364 0.200568 0.324259
16.400000 0.050997 0.392819 0.172039 0.199713 0.374588 0.388632 0.200483 0.324048
16.600000 0.050967 0.392333 0.171979 0.199657 0.374082 0.388475 0.200250 0.323336
16.800000 0.050967 0.392142 0.171965 0.199485 0.373427 0.388453 0.200270 0.323148
17.000000 0.050963 0.392076 0.171936 0.199460 0.372716 0.388452 0.199992 0.322436
17.200000 0.051111 0.391579 0.171850 0.199335 0.372244 0.388246 0.200056 0.321834
17.400000 0.050985 0.391493 0.172008 0.199245 0.371639 0.388258 0.200236 0.321676
17.600000 0.050945 0.391255 0.171938 0.199124 0.371119 0.388483 0.200070 0.321169
17.800000 0.050900 0.390631 0.172046 0.199034 0.370450 0.388210 0.199896 0.320821
18.000000 0.050812 0.390762 0.171955 0.198891 0.369998 0.388207 0.200000 0.320378
18.200000 0.050960 0.429559 0.171855 0.198776 0.369392 0.388264 0.199767 0.319909
18.400000 0.050812 0.390388 0.171739 0.198696 0.368835 0.388113 0.199853 0.319421
18.600000 0.050949 0.390036 0.171732 0.198544 0.368266 0.388240 0.199459 0.319110
18.800000 0.050933 0.389876 0.171915 0.198551 0.367646 0.388308 0.199466 0.318695
19.000000 0.050915 0.389661 0.171693 0.198415 0.367041 0.388147 0.199425 0.318158
19.200000 0.050952 0.389398 0.171841 0.198334 0.366557 0.387995 0.199413 0.317707
19.400000 0.051064 0.389154 0.171799 0.198100 0.365965 0.387893 0.199158 0.317367
19.600000 0.050939 0.389087 0.171746 0.198079 0.365463 0.388250 0.199232 0.317037
19.800000 0.050936 0.388687 0.171842 0.198029 0.364847 0.387990 0.199121 0.316560
20.000000 0.050918 0.388613 0.171694 0.197971 0.364431 0.388165 0.199103 0.316059
20.200000 0.050907 0.388322 0.171883 0.197893 0.363908 0.387941 0.199099 0.315748
20.400000 0.050913 0.388077 0.171739 0.197800 0.363388 0.387984 0.198925 0.315310
20.600000 0.051005 0.387875 0.171713 0.197681 0.362828 0.387955 0.198711 0.315007
20.800000 0.050892 0.387690 0.171751 0.197485 0.362246 0.388126 0.198734 0.314593
21.000000 0.050961 0.387368 0.171739 0.197492 0.361965 0.387744 0.198658 0.314156
21.200000 0.050864 0.387028 0.171429 0.197405 0.361378 0.388005 0.198591 0.313731
21.400000 0.050898 0.386899 0.171647 0.197369 0.360882 0.387914 0.198383 0.313399
21.600000 0.050883 0.386826 0.171523 0.197178 0.360279 0.387803 0.198472 0.313196
21.800000 0.050883 0.386365 0.171565 0.197128 0.359849 0.387841 0.198307 0.312611
22.000000 0.050883 0.386239 0.171656 0.197270 0.359283 0.387871 0.198275 0.312338
22.200000 0.050923 0.386139 0.171559 0.197122 0.358878 0.387809 0.198218 0.311750
22.400000 0.050898 0.385744 0.171596 0.196958 0.358263 0.387769 0.198183 0.311523
22.600000 0.050854 0.385646 0.171596 0.196707 0.357712 0.387736 0.198029 0.311256
22.800000 0.050871 0.385570 0.171535 0.196750 0.357259 0.387780 0.197983 0.310752
23.000000 0.050730 0.385160 0.171570 0.196535 0.356759 0.387692 0.197865 0.310358
23.200000 0.050849 0.385073 0.171615 0.196624 0.356164 0.387684 0.197891 0.310007
23.400000 0.050861 0.384966 0.171573 0.196476 0.355695 0.387853 0.197889 0.309657
23.600000 0.050853 0.384799 0.171447 0.196363 0.355348 0.387619 0.197601 0.309190
23.800000 0.050859 0.384553 0.171722 0.196437 0.354778 0.387626 0.197616 0.308920
24.000000 0.050913 0.384169 0.171459 0.196310 0.354317 0.387701 0.197533 0.308668
24.200000 0.050865 0.384134 0.171372 0.196130 0.353789 0.387541 0.197529 0.308179
24.400000 0.050843 0.383914 0.171494 0.195929 0.353488 0.387448 0.197382 0.307770
24.600000 0.050797 0.383680 0.171365 0.195940 0.352941 0.387457 0.197169 0.307497
24.800000 0.050813 0.383360 0.171442 0.195910 0.352619 0.387440 0.197173 0.307180
25.000000 0.050824 0.383310 0.171230 0.195663 0.352118 0.387489 0.196844 0.306821
25.200000 0.050673 0.383128 0.171413 0.195915 0.351286 0.387535 0.197007 0.306309
25.400000 0.050961 0.382857 0.171460 0.195767 0.351049 0.387542 0.197063 0.306068
25.600000 0.050785 0.382665 0.171441 0.195497 0.350494 0.387307 0.196863 0.305656
25.800000 0.050817 0.382677 0.171402 0.195459 0.350166 0.387391 0.196783 0.305129
26.000000 0.050748 0.382097 0.171174 0.195315 0.349722 0.387347 0.196693 0.304880
26.200000 0.050526 0.382134 0.171381 0.195287 0.349212 0.387303 0.196717 0.304649
26.400000 0.050719 0.381783 0.171349 0.234279 0.348677 0.387412 0.196541 0.304325
26.600000 0.050742 0.381656 0.171236 0.195047 0.348322 0.387368 0.196629 0.303811
26.800000 0.050796 0.381471 0.171294 0.195145 0.347872 0.387393 0.196402 0.303599
27.000000 0.050806 0.381414 0.171205 0.195029 0.347489 0.387133 0.196456 0.303296
27.200000 0.050511 0.381162 0.171300 0.194926 0.347090 0.387214 0.196452 0.302993
27.400000 0.050954 0.380992 0.171343 0.194734 0.346605 0.387046 0.196223 0.302694
27.600000 0.050791 0.380814 0.171235 0.194780 0.346171 0.387281 0.196280 0.302315
27.800000 0.050759 0.380512 0.171475 0.194656 0.345744 0.387021 0.196129 0.301600
28.000000 0.050779 0.380442 0.171542 0.194645 0.345374 0.387093 0.196106 0.301515
28.200000 0.050776 0.380397 0.171232 0.194567 0.344961 0.387155 0.196053 0.301271
28.400000 0.050759 0.380140 0.171251 0.194485 0.344587 0.387040 0.196040 0.301011
28.600000 0.050773 0.380054 0.171155 0.194497 0.344184 0.387235 0.195839 0.300809
28.800000 0.050788 0.379806 0.171064 0.194227 0.343650 0.387052 0.195891 0.300246
29.000000 0.050766 0.379542 0.171277 0.194310 0.343244 0.387062 0.195859 0.300024
29.200000 0.050781 0.379353 0.171273 0.194374 0.342864 0.387095 0.195642 0.299804
29.400000 0.050734 0.379050 0.171192 0.193948 0.342476 0.386836 0.195561 0.299529
29.600000 0.050675 0.379142 0.171082 0.194062 0.342005 0.387018 0.195635 0.299135
29.800000 0.050744 0.379019 0.171161 0.193983 0.341599 0.386837 0.195547 0.298821
30.000000 0.050754 0.378681 0.171089 0.193918 0.341297 0.387036 0.195485 0.298507
30.200000 0.050726 0.378540 0.171068 0.193755 0.340800 0.386825 0.195606 0.298248
30.400000 0.050725 0.378387 0.171154 0.193633 0.340324 0.386930 0.195225 0.297957
30.600000 0.050742 0.378245 0.171096 0.193766 0.339995 0.386906 0.234361 0.297588
30.800000 0.050862 0.378053 0.171068 0.193783 0.339589 0.386912 0.195419 0.297266
31.000000 0.051008 0.377895 0.171101 0.193577 0.339121 0.386894 0.195035 0.297054
31.200000 0.051387 0.377743 0.171115 0.193571 0.338853 0.386908 0.195229 0.296662
31.400000 0.051875 0.377508 0.171130 0.193407 0.338440 0.386733 0.195071 0.296445
31.600000 0.052245 0.377370 0.171078 0.193437 0.338312 0.386946 0.195130 0.296384
31.800000 0.052754 0.377267 0.171106 0.193192 0.338355 0.386673 0.195035 0.296182
32.000000 0.053254 0.377204 0.171133 0.193405 0.338628 0.386698 0.194957 0.296326
32.200000 0.053841 0.377287 0.171279 0.193330 0.339120 0.386759 0.194929 0.296748
32.400000 0.054383 0.377263 0.171182 0.193627 0.339497 0.386667 0.194887 0.297102
32.600000 0.054959 0.377379 0.171104 0.193613 0.340337 0.386719 0.194772 0.297557
32.800000 0.055496 0.377671 0.171009 0.193700 0.341262 0.386754 0.194889 0.298500
33.000000 0.055974 0.378352 0.171261 0.193872 0.342712 0.386754 0.194954 0.299449
33.200000 0.056413 0.378994 0.171272 0.194099 0.344295 0.386797 0.194951 0.300563
33.400000 0.056870 0.379708 0.171283 0.194494 0.345973 0.386743 0.194999 0.301692
33.600000 0.057244 0.380892 0.171343 0.194745 0.348064 0.386760 0.195044 0.303312
33.800000 0.057610 0.382335 0.171219 0.195071 0.350273 0.386946 0.195023 0.304947
34.000000 0.057942 0.383862 0.171436 0.195514 0.352752 0.386781 0.195279 0.306581
34.200000 0.058199 0.385635 0.171499 0.195944 0.355097 0.386711 0.195166 0.308736
34.400000 0.058466 0.387684 0.171714 0.196590 0.357880 0.386818 0.195395 0.310760
34.600000 0.058736 0.390223 0.171526 0.197101 0.360846 0.386762 0.195360 0.312959
34.800000 0.058950 0.392888 0.171668 0.197684 0.364070 0.386754 0.195349 0.315223
35.000000 0.059146 0.395868 0.171835 0.198199 0.366983 0.386696 0.195360 0.317741
35.200000 0.059275 0.398908 0.172260 0.198777 0.370356 0.386792 0.195584 0.320433
35.400000 0.059441 0.402151 0.172229 0.199316 0.373716 0.386900 0.195712 0.322863
35.600000 0.059327 0.405628 0.172450 0.199891 0.377081 0.386818 0.195478 0.325329
35.800000 0.059728 0.409108 0.172712 0.200518 0.380375 0.386750 0.195830 0.328080
36.000000 0.059835 0.412985 0.172844 0.201253 0.384208 0.386949 0.195857 0.330889
36.200000 0.059951 0.417086 0.172744 0.201839 0.387324 0.386905 0.195982 0.333583
36.400000 0.060008 0.421143 0.173065 0.202393 0.391080 0.386903 0.196188 0.336663
36.600000 0.060107 0.425300 0.173231 0.202983 0.394606 0.386952 0.196199 0.339561
36.800000 0.060200 0.429951 0.173354 0.203748 0.398486 0.387101 0.196288 0.342615
37.000000 0.060242 0.434513 0.173519 0.204275 0.402275 0.386987 0.196333 0.345659
37.200000 0.060198 0.438883 0.173687 0.204864 0.406113 0.386881 0.196523 0.348873
37.400000 0.060385 0.443987 0.173815 0.205618 0.410343 0.387060 0.196671 0.352572
37.600000 0.060452 0.450976 0.174115 0.206360 0.415996 0.386835 0.196811 0.357149
37.800000 0.060484 0.455932 0.174226 0.207012 0.420137 0.387114 0.196813 0.360311
38.000000 0.060521 0.460906 0.174493 0.207623 0.424126 0.386992 0.196893 0.363594
38.200000 0.060546 0.465792 0.174685 0.208167 0.428312 0.386986 0.197036 0.367074
38.400000 0.060593 0.470887 0.174648 0.208947 0.432562 0.387266 0.197049 0.370371
38.600000 0.060633 0.475867 0.174931 0.209230 0.436402 0.387182 0.197220 0.373874
38.800000 0.060639 0.480856 0.175152 0.209761 0.440685 0.387157 0.197471 0.377386
39.000000 0.060835 0.485933 0.175234 0.210444 0.444825 0.387242 0.197331 0.380938
39.200000 0.060725 0.490729 0.175341 0.211005 0.449053 0.387187 0.197482 0.384398
39.400000 0.060623 0.495892 0.175526 0.211441 0.453058 0.387254 0.197673 0.387805
39.600000 0.060616 0.500975 0.175623 0.212052 0.457317 0.387414 0.197696 0.391397
39.800000 0.060806 0.505760 0.175661 0.212433 0.461866 0.387396 0.197763 0.395030
40.000000 0.060824 0.510601 0.175909 0.213086 0.465921 0.387327 0.198022 0.398512
40.200000 0.060837 0.515487 0.176232 0.213645 0.470057 0.387361 0.198132 0.402080
40.400000 0.060881 0.520232 0.176260 0.214155 0.474432 0.387233 0.198309 0.405812
40.600000 0.061033 0.525277 0.176188 0.214670 0.478671 0.387390 0.198299 0.409634
40.800000 0.060877 0.530193 0.176507 0.215163 0.483197 0.387288 0.198488 0.413316
41.000000 0.060886 0.534751 0.176557 0.215654 0.487597 0.387288 0.198413 0.417106
41.200000 0.060884 0.539376 0.176572 0.216122 0.491549 0.387549 0.198670 0.420417
41.400000 0.060901 0.543913 0.176943 0.216808 0.495765 0.387545 0.198893 0.424066
41.600000 0.060978 0.548307 0.176886 0.217167 0.499939 0.387464 0.198953 0.427829
41.800000 0.061005 0.552615 0.177091 0.217659 0.504170 0.387558 0.199037 0.431297
42.000000 0.060987 0.557162 0.177246 0.218118 0.508314 0.387456 0.199050 0.434967
42.200000 0.061022 0.561786 0.177367 0.218641 0.512903 0.387556 0.199291 0.438772
42.400000 0.060896 0.565953 0.177548 0.218828 0.517222 0.387588 0.199283 0.442348
42.600000 0.061046 0.570097 0.177704 0.219520 0.521322 0.387594 0.199523 0.445800
42.800000 0.060896 0.574142 0.177871 0.219898 0.525122 0.387704 0.199695 0.449287
43.000000 0.061067 0.578055 0.177714 0.220462 0.529298 0.387781 0.199699 0.452786
43.200000 0.061116 0.581714 0.178038 0.220882 0.533250 0.387698 0.199776 0.456176
43.400000 0.061118 0.585604 0.177932 0.221196 0.537087 0.387713 0.199996 0.459573
43.600000 0.060954 0.589255 0.178191 0.221756 0.541089 0.387778 0.200079 0.462945
43.800000 0.061170 0.593050 0.178385 0.222169 0.545378 0.387735 0.200310 0.466861
44.000000 0.061172 0.597850 0.178400 0.222677 0.550657 0.387857 0.200421 0.471144
44.200000 0.061320 0.601400 0.178525 0.223227 0.554165 0.387730 0.200652 0.474123
44.400000 0.061166 0.604583 0.178552 0.223481 0.557902 0.387870 0.200582 0.477598
44.600000 0.061042 0.607650 0.178719 0.223870 0.561833 0.387937 0.200757 0.480657
44.800000 0.061203 0.610995 0.178804 0.224317 0.565344 0.388011 0.200902 0.483633
45.000000 0.061332 0.614163 0.178975 0.225020 0.568909 0.387939 0.200976 0.486882
45.200000 0.061114 0.617188 0.179001 0.225126 0.572661 0.387884 0.201079 0.489959
45.400000 0.061214 0.620176 0.179029 0.225546 0.576275 0.388002 0.201249 0.492967
45.600000 0.061265 0.623094 0.179050 0.226132 0.579649 0.388048 0.201313 0.495690
45.800000 0.061241 0.625832 0.179269 0.226249 0.583147 0.387892 0.201566 0.498817
46.000000 0.061251 0.628749 0.179365 0.226837 0.586284 0.388139 0.201553 0.501835
46.200000 0.061234 0.631317 0.179448 0.227162 0.589954 0.387972 0.201848 0.504690
46.400000 0.061188 0.633766 0.179561 0.227367 0.593226 0.388100 0.201821 0.507395
46.600000 0.061253 0.636099 0.179605 0.228066 0.596478 0.388074 0.201789 0.510235
46.800000 0.061309 0.638806 0.179744 0.228339 0.599699 0.388043 0.202150 0.513094
47.000000 0.061279 0.641263 0.179687 0.228645 0.602991 0.388132 0.202154 0.515608
47.200000 0.061246 0.643381 0.179718 0.228884 0.606098 0.388066 0.202213 0.518380
47.400000 0.061189 0.645759 0.179911 0.229226 0.609371 0.387925 0.202417 0.520960
47.600000 0.061195 0.648112 0.180201 0.229721 0.612435 0.388208 0.202537 0.523667
47.800000 0.061348 0.650066 0.180047 0.230076 0.615442 0.388186 0.202512 0.526182
48.000000 0.061303 0.652242 0.180042 0.230383 0.618337 0.388265 0.202751 0.528641
48.200000 0.061338 0.654315 0.180260 0.230805 0.621408 0.388361 0.202836 0.531209
48.400000 0.061485 0.656384 0.180338 0.231074 0.624505 0.388460 0.203017 0.533539
48.600000 0.061345 0.658221 0.180342 0.231451 0.627425 0.388351 0.203149 0.536013
48.800000 0.061477 0.660009 0.180452 0.231647 0.630326 0.388407 0.203186 0.538346
49.000000 0.061328 0.661934 0.180484 0.232182 0.632968 0.388415 0.203297 0.540862
49.200000 0.061364 0.663736 0.180511 0.232500 0.635922 0.388306 0.203323 0.542974
49.400000 0.061383 0.665338 0.180547 0.232740 0.638438 0.388488 0.203564 0.545286
49.600000 0.061392 0.667073 0.180559 0.233123 0.641300 0.388467 0.203670 0.547352
49.800000 0.061400 0.668384 0.180444 0.233120 0.643816 0.388352 0.203774 0.549712
50.000000 0.061382 0.670031 0.180886 0.233755 0.646488 0.388479 0.203843 0.551649
50.200000 0.061228 0.671933 0.181071 0.234177 0.649547 0.388540 0.204014 0.554318
50.400000 0.061417 0.673494 0.180924 0.195422 0.652246 0.388561 0.204074 0.556411
50.600000 0.061414 0.674977 0.181013 0.234771 0.654695 0.388359 0.204222 0.558383
50.800000 0.061412 0.676318 0.181066 0.235066 0.657099 0.388655 0.204208 0.560480
51.000000 0.061445 0.677754 0.181213 0.235414 0.659537 0.388152 0.204302 0.562547
51.200000 0.061458 0.679014 0.181050 0.235664 0.662147 0.388582 0.204533 0.564511
51.400000 0.061459 0.680368 0.181255 0.236186 0.664389 0.388734 0.204662 0.566317
51.600000 0.061463 0.681595 0.181340 0.236492 0.666898 0.388706 0.204631 0.568085
51.800000 0.061464 0.682736 0.181376 0.236600 0.669112 0.388791 0.204912 0.569919
52.000000 0.061448 0.683889 0.181548 0.236848 0.671438 0.388673 0.205030 0.571823
52.200000 0.061634 0.684941 0.181516 0.237283 0.673700 0.388773 0.205162 0.573776
52.400000 0.061513 0.686094 0.181552 0.237474 0.676039 0.388759 0.205265 0.575430
52.600000 0.061632 0.687385 0.181533 0.237857 0.678247 0.388687 0.205337 0.577379
52.800000 0.061504 0.688323 0.181596 0.238056 0.680441 0.388867 0.205470 0.578686
53.000000 0.061635 0.689274 0.181679 0.238391 0.682522 0.388820 0.205640 0.580665
53.200000 0.061347 0.690344 0.181597 0.238505 0.684445 0.388811 0.205745 0.582168
53.400000 0.061644 0.691275 0.181859 0.238960 0.686559 0.388887 0.205838 0.583887
53.600000 0.061523 0.692238 0.181872 0.239036 0.688681 0.389038 0.205964 0.585629
53.800000 0.061500 0.693085 0.181823 0.239522 0.690762 0.388936 0.205994 0.586862
54.000000 0.061519 0.693994 0.181855 0.240009 0.692564 0.388808 0.206142 0.588555
54.200000 0.061525 0.694819 0.181943 0.240169 0.694547 0.388660 0.206287 0.589936
54.400000 0.061514 0.695524 0.181907 0.240454 0.696303 0.389029 0.206325 0.591577
54.600000 0.061368 0.696536 0.181959 0.240611 0.698074 0.388858 0.206432 0.592861
54.800000 0.061532 0.697311 0.182009 0.241032 0.699771 0.389007 0.206471 0.594282
55.000000 0.061527 0.698002 0.182138 0.241114 0.701976 0.389071 0.206630 0.595754
55.200000 0.061526 0.698701 0.181770 0.241378 0.703851 0.389006 0.206845 0.597246
55.400000 0.061551 0.699313 0.182045 0.241765 0.705454 0.388957 0.206897 0.598637
55.600000 0.061566 0.700027 0.182069 0.242074 0.707036 0.388948 0.207036 0.599905
55.800000 0.061583 0.700885 0.182238 0.242170 0.708682 0.389220 0.207068 0.601347
56.000000 0.061533 0.701596 0.182375 0.242481 0.710585 0.389242 0.207097 0.602460
56.200000 0.061575 0.702062 0.182316 0.242786 0.712178 0.389392 0.207312 0.603871
56.400000 0.061595 0.703057 0.182412 0.243219 0.714251 0.389379 0.207453 0.605415
56.600000 0.061600 0.703282 0.182397 0.243530 0.715737 0.389386 0.207567 0.606576
56.800000 0.061604 0.704089 0.182385 0.243679 0.717306 0.389174 0.207626 0.607684
57.000000 0.061600 0.704610 0.182437 0.243908 0.718839 0.389295 0.207756 0.608973
57.200000 0.061718 0.705162 0.182593 0.244163 0.720385 0.389354 0.207934 0.610015
57.400000 0.061600 0.705825 0.182596 0.244487 0.721769 0.389280 0.207829 0.611248
57.600000 0.061589 0.706393 0.182513 0.244852 0.723226 0.389278 0.208067 0.612321
57.800000 0.061586 0.706576 0.182739 0.245109 0.724527 0.389456 0.208202 0.613393
58.000000 0.061554 0.707175 0.182552 0.245298 0.726117 0.389445 0.208187 0.614427
58.200000 0.061610 0.707814 0.182752 0.245501 0.727287 0.389465 0.208421 0.615305
58.400000 0.061497 0.708006 0.182952 0.245730 0.728715 0.389477 0.208358 0.616303
58.600000 0.061622 0.708687 0.182679 0.245831 0.730066 0.389540 0.208288 0.617266
58.800000 0.061621 0.709142 0.182502 0.246217 0.731340 0.389514 0.208663 0.618402
59.000000 0.061596 0.709602 0.182891 0.246514 0.732723 0.389506 0.208829 0.619425
59.200000 0.061521 0.709986 0.182850 0.246600 0.733684 0.389468 0.208852 0.620231
59.400000 0.061625 0.710421 0.182858 0.246607 0.735086 0.389460 0.209025 0.620900
59.600000 0.061553 0.710654 0.182822 0.247048 0.736179 0.389445 0.209067 0.622049
59.800000 0.061588 0.711076 0.182946 0.247397 0.737399 0.389407 0.209346 0.622978
60.000000 0.061630 0.711227 0.183049 0.247503 0.738535 0.389599 0.209204 0.623801
60.200000 0.061607 0.711764 0.183039 0.247927 0.739802 0.389628 0.209421 0.624728
60.400000 0.061605 0.712119 0.182984 0.248003 0.740678 0.389639 0.209441 0.625410
60.600000 0.061502 0.712535 0.183108 0.248276 0.741928 0.389658 0.209613 0.626339
60.800000 0.061633 0.712866 0.183048 0.248622 0.743118 0.389597 0.209690 0.627343
61.000000 0.061643 0.713322 0.183170 0.248829 0.744239 0.389637 0.209388 0.627801
61.200000 0.061642 0.713440 0.183077 0.248893 0.745252 0.389620 0.209927 0.628926
61.400000 0.061603 0.713774 0.183244 0.249112 0.746203 0.389752 0.209987 0.629819
61.600000 0.061771 0.713964 0.183201 0.249471 0.747429 0.389816 0.210082 0.630381
61.800000 0.061497 0.714278 0.183110 0.249521 0.748238 0.389798 0.210198 0.631209
62.000000 0.061797 0.714698 0.183206 0.249881 0.749286 0.389841 0.210350 0.632011
62.200000 0.061591 0.714890 0.183284 0.250228 0.750545 0.389527 0.210205 0.632618
62.400000 0.061502 0.715181 0.183519 0.250527 0.751451 0.389903 0.210552 0.633679
62.600000 0.061518 0.715579 0.183310 0.250695 0.752689 0.389883 0.210582 0.634385
62.800000 0.061797 0.715894 0.183139 0.250863 0.753754 0.389956 0.210651 0.635042
63.000000 0.061694 0.716034 0.183333 0.251064 0.754438 0.390005 0.210638 0.635818
63.200000 0.061669 0.716369 0.183476 0.251237 0.755447 0.389925 0.210984 0.636330
63.400000 0.061657 0.716594 0.183517 0.251513 0.756348 0.389856 0.210980 0.637063
63.600000 0.061659 0.716836 0.183482 0.251678 0.757221 0.390125 0.211031 0.637825
63.800000 0.061677 0.717019 0.183448 0.252038 0.757948 0.390027 0.211099 0.638510
64.000000 0.061667 0.717280 0.183672 0.252181 0.758868 0.389950 0.211253 0.639225
64.200000 0.061696 0.717611 0.183523 0.252296 0.759732 0.389892 0.211371 0.639784
64.400000 0.061675 0.717649 0.183683 0.252584 0.760686 0.389972 0.211378 0.640345
64.600000 0.061681 0.717970 0.183662 0.252745 0.761436 0.390059 0.211548 0.640790
64.800000 0.061691 0.718313 0.183656 0.252849 0.762114 0.390167 0.211747 0.641429
65.000000 0.061681 0.718449 0.183573 0.253216 0.762895 0.389988 0.211717 0.642028
65.200000 0.061706 0.718597 0.183581 0.253508 0.763796 0.390142 0.211878 0.642658
65.400000 0.061684 0.718565 0.183679 0.253521 0.764430 0.390037 0.211912 0.643075
65.600000 0.061663 0.718886 0.183683 0.253653 0.765123 0.390130 0.211994 0.643548
65.800000 0.061710 0.719196 0.183681 0.253993 0.765856 0.390193 0.212051 0.644215
66.000000 0.061692 0.719203 0.183713 0.254268 0.766499 0.390228 0.212150 0.644606
66.200000 0.061517 0.719350 0.183846 0.254514 0.767261 0.390286 0.212113 0.645189
66.400000 0.061675 0.719581 0.183726 0.254809 0.767841 0.390272 0.212334 0.645806
66.600000 0.061704 0.719665 0.183768 0.254787 0.768460 0.390301 0.212103 0.646179
66.800000 0.061703 0.719794 0.183806 0.254893 0.769465 0.390238 0.212426 0.646746
67.000000 0.061714 0.720060 0.183927 0.255128 0.769846 0.390391 0.212641 0.647059
67.200000 0.061734 0.720219 0.183790 0.255342 0.770515 0.390373 0.212566 0.647615
67.400000 0.061730 0.720412 0.183841 0.255435 0.771375 0.390229 0.212798 0.648186
67.600000 0.061700 0.720545 0.183797 0.255668 0.771839 0.390450 0.212857 0.648694
67.800000 0.061686 0.720439 0.183864 0.255844 0.772350 0.390185 0.212979 0.648838
68.000000 0.061738 0.720726 0.184004 0.256170 0.773158 0.390420 0.212878 0.649561
68.200000 0.061735 0.720962 0.183998 0.256440 0.773704 0.390253 0.213112 0.649963
68.400000 0.061734 0.721017 0.183871 0.256475 0.774305 0.390444 0.213050 0.650432
68.600000 0.061728 0.721174 0.184014 0.256865 0.774967 0.390620 0.213168 0.650930
68.800000 0.061712 0.721512 0.183967 0.257086 0.775641 0.390478 0.213428 0.651262
69.000000 0.061740 0.721458 0.183882 0.257006 0.776179 0.390514 0.213322 0.651761
69.200000 0.061859 0.721588 0.184073 0.257315 0.776685 0.390500 0.213484 0.652047
69.400000 0.061733 0.721833 0.184058 0.257527 0.777251 0.390497 0.213568 0.652522
69.600000 0.061744 0.721936 0.184061 0.257819 0.777734 0.390539 0.213706 0.652810
69.800000 0.061723 0.722057 0.184129 0.257819 0.778350 0.390400 0.213791 0.653282
70.000000 0.061738 0.722157 0.184119 0.258058 0.778688 0.390588 0.213688 0.653656
70.200000 0.061733 0.722301 0.184031 0.258315 0.779351 0.390578 0.213975 0.654028
70.400000 0.061727 0.722564 0.184257 0.258446 0.779812 0.390605 0.213999 0.654399
70.600000 0.061741 0.722406 0.184302 0.258585 0.780173 0.390450 0.213915 0.654748
70.800000 0.061750 0.722556 0.184038 0.258658 0.780643 0.390665 0.214357 0.654962
71.000000 0.061754 0.722649 0.184098 0.259037 0.781078 0.390512 0.214093 0.655304
71.200000 0.061724 0.722773 0.184054 0.259299 0.781608 0.390734 0.214292 0.655905
71.400000 0.061743 0.722825 0.184030 0.259104 0.782311 0.390734 0.214531 0.656114
71.600000 0.061741 0.722758 0.184038 0.259607 0.782607 0.390744 0.214500 0.656374
71.800000 0.061711 0.723140 0.184292 0.259613 0.783194 0.390731 0.214558 0.656802
72.000000 0.061732 0.723178 0.184262 0.259939 0.783475 0.390726 0.214567 0.657068
72.200000 0.061762 0.723277 0.184281 0.259835 0.783944 0.390757 0.214715 0.657219
72.400000 0.061733 0.723198 0.184284 0.260081 0.784258 0.390760 0.214825 0.657778
72.600000 0.061706 0.723308 0.184242 0.260120 0.784626 0.390797 0.214736 0.657855
72.800000 0.061742 0.723441 0.184290 0.260489 0.785023 0.390855 0.214972 0.658119
73.000000 0.061759 0.723692 0.184258 0.260686 0.785483 0.390835 0.215093 0.658624
73.200000 0.061792 0.723503 0.184375 0.260882 0.785865 0.390887 0.215042 0.658954
73.400000 0.061756 0.723574 0.184460 0.260842 0.786394 0.390883 0.215254 0.659146
73.600000 0.061769 0.723707 0.184453 0.261150 0.786820 0.390876 0.215255 0.659430
73.800000 0.061793 0.723896 0.184343 0.261318 0.787172 0.391018 0.215362 0.659771
74.000000 0.061781 0.723824 0.184185 0.261531 0.787582 0.390811 0.215380 0.659854
74.200000 0.061772 0.723800 0.184461 0.261717 0.787932 0.390945 0.215499 0.660098
74.400000 0.061592 0.724039 0.184565 0.261783 0.788387 0.391028 0.215745 0.660704
74.600000 0.061790 0.723900 0.184425 0.262045 0.788841 0.390805 0.215698 0.660769
74.800000 0.061648 0.724090 0.184423 0.262241 0.789317 0.390998 0.215898 0.661168
75.000000 0.061816 0.724323 0.184476 0.262439 0.789605 0.390996 0.215767 0.661477
75.200000 0.061949 0.724477 0.184455 0.262547 0.790038 0.391012 0.215777 0.661756
75.400000 0.061938 0.724486 0.184584 0.262723 0.790192 0.391073 0.215985 0.661851
75.600000 0.061798 0.724496 0.184600 0.262886 0.790770 0.391107 0.215986 0.662085
75.800000 0.061649 0.724746 0.184572 0.263032 0.791049 0.391053 0.216168 0.662471
76.000000 0.061692 0.724701 0.184481 0.263087 0.791268 0.390998 0.216192 0.662721
76.200000 0.061778 0.724936 0.184554 0.263290 0.791656 0.391110 0.216291 0.662897
76.400000 0.061798 0.724964 0.184615 0.263495 0.792071 0.391026 0.216297 0.663247
76.600000 0.061848 0.724980 0.184520 0.263808 0.792373 0.391169 0.216398 0.663486
76.800000 0.061834 0.725170 0.184581 0.263958 0.792581 0.391092 0.216416 0.663529
77.000000 0.061811 0.725005 0.184560 0.263826 0.792855 0.391234 0.216217 0.663905
77.200000 0.061781 0.725123 0.184623 0.264069 0.793176 0.391191 0.216639 0.664194
77.400000 0.061858 0.725349 0.184561 0.264151 0.793588 0.391120 0.216791 0.664340
77.600000 0.061814 0.725286 0.184507 0.264350 0.793865 0.390968 0.216684 0.664451
77.800000 0.061676 0.725498 0.184716 0.264671 0.794081 0.391271 0.216818 0.664719
78.000000 0.061677 0.725536 0.184622 0.264738 0.794385 0.391190 0.216888 0.664802
78.200000 0.061659 0.725687 0.184658 0.264877 0.794902 0.391293 0.216938 0.665193
78.400000 0.061863 0.725657 0.184783 0.264912 0.795022 0.391125 0.216898 0.665278
78.600000 0.061821 0.725665 0.184101 0.265107 0.795393 0.391259 0.217185 0.665522
78.800000 0.061812 0.725731 0.184676 0.265274 0.795686 0.391359 0.217205 0.665787
79.000000 0.061783 0.725986 0.184664 0.265489 0.795767 0.391355 0.217204 0.665847
79.200000 0.061795 0.725982 0.184656 0.265484 0.796110 0.391343 0.217436 0.666170
79.400000 0.061942 0.726000 0.184636 0.265712 0.796417 0.391365 0.217364 0.666328
79.600000 0.061743 0.725940 0.184749 0.265605 0.796464 0.391333 0.217399 0.666388
79.800000 0.061651 0.725894 0.184852 0.266084 0.796667 0.391268 0.217558 0.666761
80.000000 0.061654 0.726057 0.184672 0.266142 0.797109 0.391367 0.217518 0.666908
80.200000 0.061799 0.726140 0.184598 0.266343 0.797554 0.391266 0.217491 0.667088
80.400000 0.061848 0.726221 0.184759 0.266512 0.797857 0.391475 0.217726 0.667148
80.600000 0.061781 0.726310 0.184777 0.266586 0.797830 0.391473 0.217719 0.667461
80.800000 0.061936 0.726235 0.184756 0.266725 0.798077 0.391834 0.217812 0.667598
81.000000 0.061791 0.726031 0.184785 0.266734 0.798386 0.391525 0.218036 0.667778
81.200000 0.061942 0.726213 0.184895 0.267132 0.798671 0.391529 0.217798 0.667902
81.400000 0.061786 0.726397 0.184845 0.267113 0.798731 0.391423 0.217947 0.668041
81.600000 0.061785 0.726369 0.184670 0.267276 0.799081 0.391456 0.217896 0.668272
81.800000 0.061783 0.726199 0.184936 0.267314 0.799250 0.391606 0.218055 0.668245
82.000000 0.061932 0.726347 0.184709 0.267549 0.799323 0.391443 0.218143 0.668352
82.200000 0.061683 0.726413 0.184625 0.267482 0.799824 0.391646 0.218230 0.668792
82.400000 0.061933 0.726456 0.184886 0.267660 0.800003 0.391442 0.218260 0.668522
82.600000 0.061826 0.726388 0.184954 0.267803 0.800034 0.391449 0.218477 0.669014
82.800000 0.061772 0.726546 0.184866 0.267901 0.800248 0.391621 0.218358 0.669000
83.000000 0.061827 0.726567 0.184737 0.268179 0.800297 0.391516 0.218412 0.669182
83.200000 0.061660 0.726497 0.184898 0.268352 0.800592 0.391839 0.218377 0.669134
83.400000 0.061799 0.726690 0.184793 0.268396 0.800636 0.391824 0.218599 0.669420
83.600000 0.061825 0.726532 0.184788 0.268425 0.800984 0.391683 0.218599 0.669535
83.800000 0.061812 0.726641 0.184830 0.268561 0.801125 0.391680 0.218622 0.669663
84.000000 0.061891 0.726728 0.184868 0.268813 0.801512 0.391573 0.218682 0.669616
84.200000 0.061778 0.726534 0.184772 0.268799 0.801498 0.392001 0.218740 0.669929
84.400000 0.061813 0.726645 0.184921 0.269138 0.801624 0.391654 0.218662 0.670030
84.600000 0.061803 0.726763 0.184636 0.269314 0.801942 0.391814 0.218897 0.670286
84.800000 0.061826 0.726596 0.184843 0.269268 0.802031 0.391824 0.218913 0.670298
85.000000 0.061839 0.726683 0.184803 0.269249 0.802217 0.391949 0.219032 0.670423
85.200000 0.061846 0.726644 0.184827 0.269515 0.802310 0.391973 0.219080 0.670359
85.400000 0.061820 0.726880 0.184961 0.269476 0.802469 0.391737 0.219229 0.670490
85.600000 0.061839 0.726870 0.184851 0.269470 0.802732 0.391709 0.219166 0.670663
85.800000 0.061854 0.726897 0.185004 0.269896 0.802703 0.391848 0.219247 0.670789
86.000000 0.061834 0.726870 0.185012 0.270041 0.803070 0.391816 0.219386 0.670814
86.200000 0.061849 0.726779 0.185086 0.270157 0.803250 0.391813 0.219237 0.670948
86.400000 0.061815 0.727052 0.185031 0.269998 0.803413 0.391954 0.219399 0.671360
86.600000 0.061845 0.726893 0.185016 0.270276 0.803828 0.391932 0.219565 0.671293
86.800000 0.061844 0.726768 0.185044 0.270396 0.803709 0.392150 0.219512 0.671406
87.000000 0.061840 0.727002 0.184823 0.270655 0.803861 0.391856 0.219560 0.671458
87.200000 0.061852 0.726981 0.185022 0.270548 0.804068 0.391895 0.219708 0.671728
87.400000 0.061843 0.727202 0.185050 0.270710 0.804179 0.391970 0.219654 0.671750
87.600000 0.061827 0.726930 0.184974 0.270871 0.804416 0.391734 0.219741 0.671947
87.800000 0.061814 0.727218 0.185076 0.271115 0.804726 0.392132 0.219576 0.672016
88.000000 0.061871 0.727185 0.184987 0.271031 0.804737 0.392084 0.219800 0.672150
88.200000 0.061573 0.727085 0.184952 0.271448 0.804808 0.392007 0.219964 0.672285
88.400000 0.061806 0.727288 0.185214 0.271488 0.804908 0.392143 0.219747 0.672283
88.600000 0.061849 0.727458 0.185130 0.271394 0.805165 0.392095 0.219936 0.672602
88.800000 0.061829 0.727343 0.185285 0.271657 0.805177 0.392167 0.219926 0.672491
89.000000 0.061842 0.727285 0.185173 0.271545 0.805415 0.392040 0.219921 0.672693
89.200000 0.061864 0.727332 0.185215 0.271860 0.805546 0.392032 0.220118 0.672609
89.400000 0.061871 0.727435 0.185002 0.271949 0.805572 0.392246 0.220066 0.672933
89.600000 0.061862 0.727393 0.185010 0.272198 0.805958 0.392191 0.220218 0.673063
89.800000 0.061878 0.727558 0.185102 0.272073 0.806010 0.392195 0.220215 0.672924
90.000000 0.061834 0.727547 0.185106 0.272344 0.806149 0.392226 0.220296 0.673204
