0.200000 0.050656 0.400323 0.161398 0.189970 0.402000 0.389026 0.194908 0.342510
0.400000 0.050435 0.399427 0.161101 0.189633 0.400332 0.388827 0.194770 0.341177
0.600000 0.050479 0.398930 0.161083 0.189385 0.399422 0.388642 0.194621 0.340347
0.800000 0.050476 0.398333 0.161091 0.189241 0.398416 0.388691 0.194692 0.339711
1.000000 0.050465 0.398030 0.161091 0.188929 0.397542 0.388681 0.194346 0.338936
1.200000 0.050446 0.397752 0.160980 0.189043 0.396650 0.388734 0.194329 0.338149
1.400000 0.050441 0.397201 0.161010 0.188931 0.395758 0.388743 0.194234 0.337589
1.600000 0.050416 0.396868 0.161005 0.188757 0.394826 0.388750 0.194203 0.336971
1.800000 0.050283 0.396368 0.160858 0.188741 0.394077 0.388734 0.193974 0.336222
2.000000 0.050414 0.396124 0.160986 0.188576 0.393168 0.388697 0.193912 0.335563
2.200000 0.050421 0.395811 0.160931 0.188374 0.392137 0.388791 0.193809 0.334801
2.400000 0.050426 0.395209 0.161085 0.188105 0.391129 0.388595 0.193700 0.333967
2.600000 0.050384 0.394995 0.160886 0.188088 0.390378 0.388596 0.193499 0.333509
2.800000 0.050405 0.394485 0.160968 0.187754 0.389369 0.388446 0.193414 0.332678
3.000000 0.050378 0.394118 0.160860 0.187884 0.388536 0.388535 0.193342 0.332174
3.200000 0.050287 0.393689 0.160843 0.187894 0.387780 0.388194 0.193284 0.331484
3.400000 0.050376 0.393276 0.160956 0.187770 0.386891 0.388541 0.193169 0.330722
3.600000 0.050376 0.392944 0.160965 0.187575 0.386034 0.388438 0.192923 0.330155
3.800000 0.050367 0.392734 0.160863 0.187482 0.385208 0.388419 0.192992 0.329379
4.000000 0.050382 0.392342 0.160779 0.187342 0.384414 0.388458 0.192802 0.328935
4.200000 0.050381 0.391863 0.160956 0.187166 0.383440 0.388457 0.192606 0.328273
4.400000 0.050215 0.391656 0.160928 0.187213 0.382708 0.388210 0.192662 0.327457
4.600000 0.050501 0.391287 0.160764 0.186787 0.381821 0.388179 0.192422 0.326913
4.800000 0.050359 0.390896 0.160747 0.186905 0.380988 0.388330 0.192462 0.326353
5.000000 0.050339 0.390408 0.160808 0.186767 0.380179 0.388206 0.192266 0.325715
5.200000 0.050339 0.390065 0.160880 0.186523 0.379432 0.388136 0.192382 0.325013
5.400000 0.050339 0.389770 0.160818 0.186574 0.378517 0.388252 0.192048 0.324439
5.600000 0.050345 0.389388 0.160772 0.186327 0.377942 0.388139 0.191992 0.323815
5.800000 0.050318 0.389094 0.160671 0.186462 0.376965 0.388138 0.191911 0.323046
6.000000 0.050244 0.388654 0.160569 0.186344 0.376257 0.388048 0.191915 0.322599
6.200000 0.050302 0.388383 0.160547 0.185908 0.375128 0.387886 0.191755 0.321897
6.400000 0.050349 0.388032 0.160558 0.185860 0.374665 0.388035 0.191569 0.321479
6.600000 0.050314 0.387643 0.160475 0.185788 0.373496 0.388126 0.191458 0.320306
6.800000 0.050312 0.387328 0.160648 0.185680 0.372741 0.388027 0.191361 0.319941
7.000000 0.050273 0.387035 0.160525 0.185631 0.372003 0.388174 0.191235 0.319233
7.200000 0.050316 0.386632 0.160581 0.185531 0.371199 0.387887 0.191107 0.318611
7.400000 0.050268 0.386303 0.160655 0.185255 0.370476 0.387976 0.191066 0.318214
7.600000 0.050262 0.386010 0.160316 0.185127 0.369653 0.387943 0.190771 0.317634
7.800000 0.050234 0.385797 0.160638 0.185158 0.369016 0.387901 0.190754 0.317069
8.000000 0.050285 0.385403 0.160407 0.185042 0.368222 0.387840 0.190634 0.316488
8.200000 0.050262 0.385087 0.160621 0.184960 0.367358 0.387739 0.190642 0.315992
8.400000 0.050271 0.384813 0.160508 0.184848 0.366742 0.387840 0.190477 0.315333
8.600000 0.050347 0.384302 0.160343 0.184683 0.365931 0.387734 0.190373 0.314908
8.800000 0.050330 0.384142 0.160400 0.184767 0.365440 0.387760 0.190286 0.314234
9.000000 0.050222 0.383834 0.160400 0.184572 0.364648 0.387671 0.190223 0.313709
9.200000 0.050334 0.383462 0.160388 0.184330 0.364061 0.387709 0.190268 0.313173
9.400000 0.050164 0.383113 0.160235 0.184206 0.363177 0.387598 0.189829 0.312556
9.600000 0.050222 0.382894 0.160331 0.184244 0.362526 0.387580 0.189915 0.312171
9.800000 0.050219 0.382649 0.160367 0.184301 0.361813 0.387656 0.189697 0.311451
10.000000 0.050212 0.382257 0.160358 0.184044 0.361221 0.387480 0.189723 0.311219
10.200000 0.050237 0.382044 0.160251 0.183873 0.360565 0.387470 0.189669 0.310492
10.400000 0.050345 0.381925 0.160360 0.183814 0.359839 0.387546 0.189540 0.310018
10.600000 0.050215 0.381535 0.160277 0.183793 0.359221 0.387572 0.189411 0.309600
10.800000 0.050203 0.381249 0.160289 0.183603 0.358525 0.387520 0.189379 0.308940
11.000000 0.050207 0.380799 0.160103 0.183526 0.357894 0.387531 0.189254 0.308425
11.200000 0.050181 0.380648 0.160138 0.183468 0.357310 0.387434 0.189232 0.308041
11.400000 0.050199 0.380359 0.160344 0.183530 0.356540 0.387572 0.189031 0.307336
11.600000 0.050051 0.380060 0.160235 0.183402 0.355842 0.387313 0.188906 0.306879
11.800000 0.050179 0.379666 0.160223 0.183351 0.355137 0.387335 0.188771 0.306485
12.000000 0.050165 0.379413 0.160200 0.183106 0.354626 0.387304 0.188600 0.306041
12.200000 0.050157 0.379275 0.160201 0.183082 0.353932 0.387344 0.188714 0.305516
12.400000 0.050080 0.379055 0.160151 0.183100 0.353259 0.387320 0.188714 0.304982
12.600000 0.050163 0.378682 0.160180 0.182818 0.352511 0.387206 0.188508 0.304515
12.800000 0.050161 0.378125 0.160136 0.182779 0.352032 0.387209 0.188385 0.304027
13.000000 0.050163 0.378185 0.160081 0.182614 0.351538 0.387130 0.188301 0.303636
13.200000 0.050292 0.377954 0.160117 0.182584 0.350964 0.387225 0.188234 0.303075
13.400000 0.050149 0.377634 0.160067 0.182525 0.350231 0.387207 0.187996 0.302594
13.600000 0.050163 0.377500 0.160070 0.182368 0.349852 0.387149 0.188039 0.302364
13.800000 0.050037 0.377088 0.160047 0.182434 0.349227 0.387048 0.187984 0.302102
14.000000 0.050134 0.377002 0.160015 0.182243 0.348664 0.387082 0.187838 0.301503
14.200000 0.050145 0.376747 0.159920 0.182104 0.348089 0.386980 0.187776 0.300966
14.400000 0.050061 0.376436 0.160042 0.182168 0.347734 0.387045 0.187721 0.300635
14.600000 0.050110 0.376253 0.160099 0.181910 0.347113 0.387090 0.187598 0.300413
14.800000 0.050092 0.376245 0.160052 0.181866 0.346604 0.387059 0.187577 0.299790
15.000000 0.050092 0.375932 0.159931 0.181812 0.345934 0.387030 0.187476 0.299412
15.200000 0.050089 0.375550 0.159987 0.181802 0.345440 0.386841 0.187354 0.299003
15.400000 0.050116 0.375441 0.160020 0.181696 0.344956 0.387113 0.187297 0.298468
15.600000 0.050114 0.375086 0.160061 0.181717 0.344432 0.386928 0.186965 0.298021
15.800000 0.050124 0.374944 0.160059 0.181316 0.343882 0.386872 0.187120 0.297754
16.000000 0.050125 0.374778 0.159997 0.181318 0.343331 0.386992 0.187042 0.297012
16.200000 0.050043 0.374410 0.159957 0.181317 0.342818 0.386783 0.186902 0.296839
16.400000 0.050077 0.374228 0.159829 0.181193 0.342179 0.386873 0.186878 0.296530
16.600000 0.050083 0.374094 0.160039 0.181226 0.341748 0.386658 0.186857 0.296310
16.800000 0.050080 0.373706 0.159785 0.181134 0.341281 0.386764 0.186735 0.295724
17.000000 0.050178 0.373583 0.159836 0.181056 0.340793 0.386801 0.186645 0.295368
17.200000 0.050097 0.373309 0.160013 0.180953 0.340196 0.386697 0.186766 0.295081
17.400000 0.050067 0.373176 0.159825 0.180891 0.339709 0.386736 0.186467 0.294555
17.600000 0.050046 0.373057 0.159886 0.180905 0.339080 0.386887 0.186409 0.294046
17.800000 0.050072 0.372752 0.159868 0.180711 0.338703 0.386662 0.186431 0.293782
18.000000 0.049925 0.372496 0.159824 0.180731 0.338186 0.386757 0.186085 0.293298
18.200000 0.049931 0.372224 0.159834 0.180680 0.337691 0.386644 0.186056 0.293070
18.400000 0.049898 0.372160 0.159647 0.180581 0.337216 0.386571 0.186014 0.292718
18.600000 0.050036 0.371926 0.159864 0.180362 0.336836 0.386546 0.185989 0.292324
18.800000 0.050035 0.371718 0.159683 0.180438 0.336199 0.386530 0.185881 0.291962
19.000000 0.050021 0.371408 0.159634 0.180337 0.335706 0.386462 0.185828 0.291498
19.200000 0.050038 0.371153 0.159735 0.180282 0.335131 0.386500 0.185744 0.291112
19.400000 0.050167 0.371029 0.159611 0.180230 0.334836 0.386431 0.185496 0.290770
19.600000 0.049990 0.370701 0.159688 0.179933 0.334101 0.386361 0.185588 0.290421
19.800000 0.050032 0.370346 0.159865 0.179778 0.333856 0.386450 0.185497 0.290018
20.000000 0.050035 0.370476 0.159638 0.180030 0.333335 0.386376 0.185411 0.289719
20.200000 0.050026 0.370078 0.159653 0.179841 0.332815 0.386377 0.185350 0.289174
20.400000 0.050027 0.369959 0.159719 0.179767 0.332363 0.386350 0.185269 0.288995
20.600000 0.050008 0.369812 0.159695 0.179881 0.331905 0.386215 0.185179 0.288662
20.800000 0.049956 0.369639 0.159702 0.179692 0.331537 0.386340 0.184842 0.288277
21.000000 0.050004 0.369400 0.159616 0.179589 0.330851 0.386101 0.184996 0.288085
21.200000 0.049979 0.369117 0.159544 0.179530 0.330502 0.386287 0.184821 0.287547
21.400000 0.049984 0.369046 0.159481 0.179467 0.330137 0.386121 0.184903 0.287215
21.600000 0.049971 0.368810 0.159668 0.179406 0.329719 0.386194 0.184854 0.286936
21.800000 0.049991 0.368799 0.159727 0.179369 0.329172 0.385929 0.184642 0.286418
22.000000 0.049981 0.368472 0.159636 0.179439 0.328929 0.386172 0.184671 0.286238
22.200000 0.049985 0.368174 0.159690 0.179259 0.328228 0.386083 0.184689 0.285880
22.400000 0.049936 0.368166 0.159625 0.179227 0.327843 0.386177 0.184504 0.285644
22.600000 0.049839 0.367724 0.159478 0.179032 0.327371 0.386033 0.184453 0.285211
22.800000 0.049966 0.367759 0.159574 0.178845 0.326853 0.386193 0.184308 0.284854
23.000000 0.049925 0.367532 0.159478 0.178904 0.326539 0.385908 0.184405 0.284529
23.200000 0.049958 0.367154 0.159537 0.178847 0.326174 0.385973 0.183961 0.284185
23.400000 0.049916 0.367004 0.159476 0.178955 0.325742 0.385941 0.184029 0.283887
23.600000 0.049934 0.366845 0.159247 0.178621 0.325202 0.385924 0.184062 0.283587
23.800000 0.049943 0.366802 0.159603 0.178542 0.324767 0.385844 0.183953 0.283281
24.000000 0.049955 0.366563 0.159527 0.178645 0.324473 0.385807 0.183948 0.282915
24.200000 0.049917 0.366516 0.159533 0.178458 0.324000 0.385965 0.183860 0.282612
24.400000 0.049947 0.366060 0.159423 0.178553 0.323595 0.385805 0.183855 0.282165
24.600000 0.049964 0.365943 0.159463 0.178474 0.323186 0.385644 0.183596 0.281993
24.800000 0.049930 0.365930 0.159320 0.178493 0.322784 0.385574 0.183634 0.281823
25.000000 0.049946 0.365691 0.159395 0.178363 0.322278 0.385755 0.183596 0.281456
25.200000 0.049941 0.365567 0.159299 0.178286 0.321760 0.385820 0.183468 0.281125
25.400000 0.049934 0.365351 0.159532 0.178270 0.321497 0.385622 0.183532 0.280683
25.600000 0.049902 0.365272 0.159447 0.178162 0.320975 0.385701 0.183402 0.280340
25.800000 0.049915 0.364937 0.159314 0.177959 0.320628 0.385594 0.183168 0.280017
26.000000 0.049747 0.364734 0.159439 0.178218 0.320290 0.385833 0.183237 0.279793
26.200000 0.049990 0.364466 0.159441 0.177968 0.319866 0.385701 0.183109 0.279414
26.400000 0.050047 0.364498 0.159348 0.177870 0.319510 0.385503 0.183002 0.279183
26.600000 0.049890 0.364279 0.159380 0.177832 0.319212 0.385468 0.183018 0.278873
26.800000 0.049863 0.364217 0.159387 0.177763 0.318609 0.385712 0.182801 0.278555
27.000000 0.049756 0.364156 0.159342 0.177644 0.318391 0.385388 0.182899 0.278288
27.200000 0.049698 0.363705 0.159537 0.177496 0.317891 0.385512 0.182660 0.277981
27.400000 0.049887 0.363574 0.159412 0.177705 0.317595 0.385506 0.182714 0.277690
27.600000 0.049881 0.363576 0.159381 0.177575 0.317370 0.385583 0.182623 0.277378
27.800000 0.049869 0.363200 0.159316 0.177336 0.316640 0.385147 0.182534 0.277199
28.000000 0.049748 0.363284 0.159447 0.177461 0.316350 0.385543 0.182557 0.276802
28.200000 0.049865 0.362937 0.159321 0.177565 0.316046 0.385429 0.182440 0.276611
28.400000 0.049884 0.362831 0.159270 0.177205 0.315580 0.385422 0.182390 0.276221
28.600000 0.049886 0.362628 0.159066 0.177159 0.315316 0.385364 0.182307 0.276009
28.800000 0.049866 0.362440 0.159159 0.177233 0.314696 0.385372 0.182240 0.275676
29.000000 0.049863 0.362284 0.159313 0.177050 0.314516 0.385161 0.182123 0.275547
29.200000 0.049846 0.362100 0.159253 0.177118 0.314072 0.385320 0.182142 0.275108
29.400000 0.049881 0.361877 0.159090 0.177010 0.313806 0.385414 0.181902 0.274661
29.600000 0.049872 0.361695 0.158974 0.176916 0.313415 0.385161 0.181977 0.274511
29.800000 0.049817 0.361561 0.159200 0.176893 0.312964 0.385190 0.181992 0.274373
30.000000 0.049867 0.361555 0.159270 0.176869 0.312883 0.385190 0.181735 0.274022
30.200000 0.049832 0.361446 0.159037 0.176844 0.312267 0.385145 0.181646 0.273668
30.400000 0.049837 0.361241 0.158988 0.176816 0.311954 0.385110 0.181603 0.273330
30.600000 0.049772 0.361101 0.159253 0.176730 0.311672 0.385066 0.181702 0.273283
30.800000 0.049934 0.360917 0.159075 0.176620 0.311299 0.385025 0.181614 0.272926
31.000000 0.050097 0.360867 0.159222 0.176564 0.310920 0.384946 0.181578 0.272649
31.200000 0.050292 0.360972 0.159261 0.176634 0.310522 0.385394 0.181536 0.272238
31.400000 0.050686 0.360522 0.159203 0.176466 0.310367 0.385069 0.181420 0.272191
31.600000 0.051063 0.360177 0.159209 0.176491 0.310074 0.384839 0.181372 0.271979
31.800000 0.051494 0.360134 0.159219 0.176266 0.309941 0.384974 0.181343 0.271944
32.000000 0.051985 0.360013 0.159007 0.176533 0.310183 0.384941 0.181379 0.271828
32.200000 0.052481 0.359997 0.159159 0.176527 0.310259 0.384910 0.181327 0.272155
32.400000 0.053022 0.360245 0.159074 0.176561 0.310812 0.385118 0.181337 0.272450
32.600000 0.053506 0.360166 0.159266 0.176545 0.311510 0.384852 0.181160 0.272931
32.800000 0.053924 0.360350 0.159203 0.176654 0.312045 0.384866 0.181236 0.273321
33.000000 0.054466 0.360766 0.159240 0.176845 0.313228 0.384967 0.181310 0.274206
33.200000 0.054788 0.361177 0.159242 0.176882 0.314427 0.384942 0.181393 0.275054
33.400000 0.055310 0.361869 0.159119 0.177162 0.315716 0.384886 0.181350 0.276055
33.600000 0.055845 0.362586 0.159326 0.177411 0.317533 0.384864 0.181386 0.277228
33.800000 0.056036 0.363576 0.159373 0.177761 0.319071 0.384845 0.181317 0.278499
34.000000 0.056383 0.364593 0.159314 0.178030 0.321189 0.384969 0.181495 0.279952
34.200000 0.056649 0.366142 0.159373 0.178248 0.323298 0.385014 0.181602 0.281500
34.400000 0.056912 0.367305 0.159562 0.178751 0.325621 0.384913 0.181615 0.283103
34.600000 0.057145 0.369505 0.159401 0.179089 0.327967 0.384901 0.181569 0.285018
34.800000 0.057233 0.371481 0.159543 0.179594 0.330646 0.384944 0.181794 0.286939
35.000000 0.057558 0.373731 0.159742 0.179766 0.333064 0.385094 0.181736 0.288873
35.200000 0.057764 0.376277 0.159805 0.180396 0.336272 0.384871 0.181824 0.291147
35.400000 0.057859 0.378724 0.160060 0.180948 0.339010 0.384992 0.181932 0.293238
35.600000 0.058006 0.381339 0.159975 0.181304 0.341653 0.384853 0.182098 0.295442
35.800000 0.057993 0.384343 0.160009 0.181692 0.344811 0.385034 0.182217 0.297793
36.000000 0.058245 0.387233 0.160116 0.182244 0.347837 0.385018 0.182295 0.300222
36.200000 0.058346 0.390368 0.160301 0.182778 0.350935 0.385050 0.182359 0.302608
36.400000 0.058256 0.393752 0.160467 0.183010 0.354193 0.385082 0.182536 0.305269
36.600000 0.058514 0.396972 0.160586 0.183569 0.357375 0.385107 0.182529 0.307800
36.800000 0.058460 0.400967 0.160601 0.184157 0.360757 0.385128 0.182747 0.310476
37.000000 0.058608 0.404649 0.160700 0.184739 0.364283 0.385048 0.182726 0.313409
37.200000 0.058703 0.408403 0.160840 0.185208 0.367684 0.385247 0.182962 0.315995
37.400000 0.058786 0.413048 0.161183 0.185690 0.371603 0.385082 0.183095 0.319524
37.600000 0.058865 0.418489 0.161302 0.186279 0.376367 0.385090 0.183238 0.322979
37.800000 0.058872 0.422601 0.161571 0.186728 0.380033 0.385193 0.183399 0.325906
38.000000 0.058911 0.426855 0.161412 0.186956 0.383693 0.385205 0.183344 0.329104
38.200000 0.058994 0.431097 0.161803 0.187406 0.387337 0.385143 0.183488 0.331885
38.400000 0.059022 0.435403 0.161665 0.188022 0.391195 0.385337 0.183591 0.335121
38.600000 0.058916 0.439975 0.161976 0.188350 0.394939 0.385237 0.183789 0.338241
38.800000 0.058931 0.444469 0.161929 0.188765 0.398788 0.385337 0.183947 0.341400
39.000000 0.059066 0.448830 0.162113 0.189210 0.402535 0.385414 0.183998 0.344399
39.200000 0.059147 0.453276 0.162255 0.189797 0.406466 0.385374 0.184223 0.347707
39.400000 0.059065 0.457879 0.162448 0.190129 0.410188 0.385081 0.184319 0.350963
39.600000 0.059165 0.462198 0.162445 0.190702 0.414196 0.385404 0.184442 0.354211
39.800000 0.059071 0.466833 0.162805 0.191114 0.417970 0.385327 0.184472 0.357577
40.000000 0.059253 0.471056 0.162740 0.191359 0.421996 0.385428 0.184580 0.360659
40.200000 0.059237 0.475655 0.162749 0.191889 0.425974 0.385477 0.184736 0.364226
40.400000 0.059268 0.480003 0.162966 0.192372 0.429919 0.385437 0.184834 0.367465
40.600000 0.059267 0.484458 0.163047 0.192618 0.433941 0.385444 0.184990 0.370657
40.800000 0.059502 0.488819 0.163226 0.193240 0.437869 0.385584 0.185218 0.374187
41.000000 0.059126 0.492947 0.163180 0.193493 0.441745 0.385470 0.185213 0.377560
41.200000 0.059354 0.497140 0.163167 0.193954 0.445826 0.385811 0.185280 0.380831
41.400000 0.059335 0.501272 0.163549 0.194386 0.449708 0.385665 0.185438 0.384245
41.600000 0.059492 0.505472 0.163604 0.194781 0.453768 0.385725 0.185610 0.387602
41.800000 0.059493 0.509648 0.163576 0.195085 0.457496 0.385707 0.185849 0.390961
42.000000 0.059369 0.513712 0.163824 0.156268 0.461363 0.385819 0.185765 0.394256
42.200000 0.059406 0.517584 0.163751 0.195978 0.465380 0.385796 0.185969 0.397553
42.400000 0.059419 0.521360 0.163921 0.196165 0.469099 0.385807 0.186129 0.400842
42.600000 0.059496 0.525250 0.164176 0.196537 0.472968 0.385746 0.186289 0.404114
42.800000 0.059459 0.529020 0.164260 0.196927 0.476759 0.385830 0.186380 0.407405
43.000000 0.059409 0.532676 0.164332 0.197222 0.480497 0.385711 0.186259 0.410550
43.200000 0.059462 0.536233 0.164346 0.197457 0.484251 0.386043 0.186497 0.413810
43.400000 0.059480 0.539999 0.164487 0.197923 0.487967 0.385910 0.186886 0.416953
43.600000 0.059498 0.543262 0.164625 0.198246 0.491509 0.386010 0.186816 0.420048
43.800000 0.059540 0.546548 0.164624 0.198655 0.495641 0.386125 0.187075 0.423623
44.000000 0.059382 0.551317 0.164775 0.199072 0.500554 0.385984 0.187167 0.427684
44.200000 0.059538 0.554797 0.164717 0.199537 0.504041 0.386078 0.187306 0.430711
44.400000 0.059661 0.557746 0.164843 0.199659 0.507534 0.386154 0.187477 0.433690
44.600000 0.059659 0.560812 0.164830 0.199949 0.510728 0.386329 0.187593 0.436636
44.800000 0.059552 0.563727 0.165086 0.200354 0.514415 0.386181 0.187734 0.439599
45.000000 0.059577 0.566468 0.165212 0.200688 0.517850 0.386288 0.187827 0.442369
45.200000 0.059526 0.569510 0.165176 0.200892 0.521276 0.386220 0.187962 0.445253
45.400000 0.059572 0.572454 0.165363 0.201280 0.524738 0.386075 0.188110 0.448182
45.600000 0.059593 0.575254 0.165349 0.201683 0.527855 0.386232 0.188068 0.451015
45.800000 0.059527 0.577850 0.165448 0.201666 0.531007 0.386173 0.188347 0.453836
46.000000 0.059618 0.580527 0.165519 0.202028 0.534274 0.386332 0.188345 0.456576
46.200000 0.059636 0.583036 0.165533 0.202481 0.537293 0.386371 0.188459 0.459245
46.400000 0.059792 0.585480 0.165617 0.202707 0.540633 0.386215 0.188726 0.461932
46.600000 0.059511 0.588055 0.165688 0.202962 0.543606 0.386226 0.188751 0.464607
46.800000 0.059531 0.590234 0.165854 0.203275 0.546820 0.386215 0.188994 0.467233
47.000000 0.059641 0.592692 0.165773 0.203686 0.549844 0.386385 0.189129 0.469790
47.200000 0.059659 0.594878 0.165851 0.203906 0.552793 0.386419 0.189220 0.472373
47.400000 0.059518 0.597133 0.165812 0.204051 0.555617 0.386354 0.189394 0.474840
47.600000 0.059675 0.599243 0.166106 0.204448 0.558597 0.386595 0.189544 0.477294
47.800000 0.059698 0.601399 0.165884 0.204762 0.561408 0.386713 0.189816 0.479681
48.000000 0.059530 0.603586 0.166069 0.205009 0.564333 0.386640 0.189756 0.482165
48.200000 0.059659 0.605238 0.166211 0.205153 0.566898 0.386643 0.189869 0.484443
48.400000 0.059668 0.607307 0.166079 0.205562 0.569625 0.386680 0.190036 0.486857
48.600000 0.059682 0.609134 0.166264 0.205734 0.572487 0.386557 0.190144 0.489023
48.800000 0.059713 0.610966 0.166198 0.205994 0.575194 0.386689 0.190211 0.491035
49.000000 0.059695 0.612902 0.166165 0.206275 0.577752 0.386809 0.190293 0.493411
49.200000 0.059722 0.614479 0.166348 0.206472 0.580235 0.386876 0.190168 0.495566
49.400000 0.059679 0.616437 0.166490 0.206638 0.583010 0.386856 0.190707 0.497595
49.600000 0.059748 0.618088 0.166485 0.206997 0.585470 0.386835 0.190833 0.499873
49.800000 0.059720 0.619508 0.166557 0.207106 0.587873 0.386913 0.190955 0.501776
50.000000 0.059755 0.621201 0.166587 0.207481 0.590391 0.386916 0.191110 0.503868
50.200000 0.059685 0.622957 0.166738 0.207720 0.593131 0.386932 0.191337 0.506178
50.400000 0.059751 0.624286 0.166816 0.208072 0.595650 0.386844 0.191341 0.508182
50.600000 0.059749 0.625771 0.166913 0.208356 0.598075 0.387062 0.191440 0.510342
50.800000 0.059723 0.627374 0.166842 0.208513 0.600357 0.387040 0.191546 0.512233
51.000000 0.059775 0.628556 0.166874 0.208754 0.602692 0.387087 0.191674 0.514090
51.200000 0.059767 0.629937 0.167066 0.208973 0.604945 0.386930 0.191931 0.515962
51.400000 0.059770 0.631338 0.166987 0.209059 0.607297 0.387036 0.191833 0.517708
51.600000 0.059792 0.632621 0.166906 0.209379 0.609222 0.387028 0.192058 0.519516
51.800000 0.059941 0.633717 0.167009 0.209723 0.611577 0.387188 0.192228 0.521300
52.000000 0.059763 0.634928 0.166937 0.209858 0.613705 0.387229 0.192395 0.523196
52.200000 0.059819 0.636029 0.167099 0.209997 0.615813 0.387262 0.192471 0.524621
52.400000 0.059805 0.637249 0.167350 0.210295 0.617680 0.387288 0.192513 0.526488
52.600000 0.059793 0.638514 0.167121 0.210549 0.619668 0.387180 0.192860 0.528213
52.800000 0.059786 0.639348 0.167251 0.210641 0.621922 0.387370 0.192740 0.529760
53.000000 0.059789 0.640493 0.167295 0.210912 0.623898 0.387405 0.192997 0.531463
53.200000 0.059799 0.641511 0.167482 0.211192 0.625767 0.387383 0.193090 0.532723
53.400000 0.059824 0.642509 0.167307 0.211282 0.627630 0.387430 0.193319 0.534498
53.600000 0.059825 0.643337 0.167529 0.211762 0.629500 0.387493 0.193343 0.535901
53.800000 0.059959 0.644348 0.167432 0.211774 0.631459 0.387554 0.193405 0.537452
54.000000 0.059851 0.645164 0.167511 0.212091 0.633105 0.387458 0.193622 0.538935
54.200000 0.059823 0.646183 0.167410 0.211962 0.635218 0.387559 0.193745 0.540175
54.400000 0.059912 0.646941 0.167397 0.212501 0.636600 0.387540 0.193837 0.541750
54.600000 0.059844 0.647879 0.167574 0.212674 0.638452 0.387473 0.194076 0.543196
54.800000 0.059692 0.648531 0.167595 0.212874 0.640277 0.387508 0.194057 0.544432
55.000000 0.059832 0.649287 0.167637 0.213049 0.641822 0.387649 0.194118 0.545663
55.200000 0.059827 0.650101 0.167640 0.213328 0.643475 0.387632 0.194277 0.547155
55.400000 0.059839 0.650692 0.167779 0.213424 0.645000 0.387644 0.194255 0.548271
55.600000 0.059826 0.651484 0.167753 0.213623 0.646842 0.387766 0.194656 0.549485
55.800000 0.059758 0.652143 0.167816 0.213855 0.648208 0.387746 0.194677 0.550690
56.000000 0.059963 0.652824 0.167695 0.213985 0.650002 0.387806 0.194635 0.552091
56.200000 0.059838 0.653449 0.167998 0.214111 0.651491 0.387815 0.194860 0.553222
56.400000 0.059805 0.654120 0.167825 0.214379 0.653045 0.387730 0.194955 0.554643
56.600000 0.059855 0.654790 0.167957 0.214544 0.654682 0.387742 0.195107 0.555796
56.800000 0.059829 0.655397 0.167912 0.214928 0.656072 0.387762 0.195296 0.556924
57.000000 0.059836 0.655950 0.167923 0.214978 0.657491 0.387886 0.195323 0.557954
57.200000 0.059835 0.656523 0.167861 0.214872 0.658765 0.387961 0.195460 0.558972
57.400000 0.059845 0.656985 0.168013 0.215427 0.660135 0.387965 0.195563 0.560088
57.600000 0.059868 0.657529 0.167868 0.215599 0.661532 0.388019 0.195730 0.560953
57.800000 0.059869 0.658046 0.167888 0.215870 0.662745 0.388057 0.195833 0.562108
58.000000 0.059869 0.658385 0.168018 0.215904 0.664204 0.388029 0.195888 0.563112
58.200000 0.059897 0.658988 0.168182 0.215967 0.665372 0.387905 0.195937 0.564060
58.400000 0.059841 0.659420 0.168015 0.216159 0.666808 0.388163 0.196092 0.565128
58.600000 0.059903 0.659772 0.168096 0.216376 0.668087 0.388183 0.196298 0.566042
58.800000 0.059730 0.660237 0.168213 0.216413 0.669144 0.388162 0.196252 0.566908
59.000000 0.059878 0.660623 0.168300 0.216766 0.670404 0.388060 0.196496 0.567656
59.200000 0.059870 0.661077 0.168256 0.216878 0.671320 0.388320 0.196605 0.568761
59.400000 0.059903 0.661427 0.168284 0.217077 0.672749 0.388241 0.196807 0.569493
59.600000 0.059854 0.661622 0.168206 0.217341 0.673840 0.388247 0.196837 0.570448
59.800000 0.059837 0.662007 0.168253 0.217384 0.674908 0.388387 0.196932 0.571160
60.000000 0.059826 0.662664 0.168329 0.217596 0.675989 0.388196 0.197073 0.572093
60.200000 0.059860 0.662974 0.168158 0.217796 0.676914 0.388206 0.197031 0.572912
60.400000 0.059862 0.663449 0.168380 0.217803 0.678237 0.388473 0.197446 0.573689
60.600000 0.059879 0.663739 0.168393 0.218107 0.679178 0.388440 0.197438 0.574353
60.800000 0.059892 0.663910 0.168346 0.218296 0.680242 0.388419 0.197384 0.575306
61.000000 0.059881 0.664438 0.168501 0.218592 0.681373 0.388483 0.197489 0.575980
61.200000 0.059915 0.664790 0.168601 0.218540 0.682506 0.388470 0.197723 0.576900
61.400000 0.059898 0.664859 0.168474 0.218753 0.683389 0.388337 0.197816 0.577629
61.600000 0.059896 0.665177 0.168535 0.218957 0.684273 0.388506 0.198002 0.578283
61.800000 0.059897 0.665591 0.168548 0.218915 0.685175 0.388541 0.198029 0.579017
62.000000 0.059876 0.666015 0.168555 0.219391 0.686337 0.388541 0.198141 0.579533
62.200000 0.059922 0.665770 0.168542 0.219281 0.686960 0.388506 0.198340 0.580388
62.400000 0.059934 0.666442 0.168152 0.219593 0.688021 0.388696 0.198372 0.581116
62.600000 0.059907 0.666754 0.168598 0.219795 0.689170 0.388691 0.198467 0.582048
62.800000 0.059903 0.666861 0.168729 0.219951 0.690265 0.388519 0.198454 0.582824
63.000000 0.059837 0.667206 0.168529 0.219898 0.691114 0.388732 0.198725 0.583298
63.200000 0.059730 0.667277 0.168687 0.220242 0.691771 0.388754 0.198793 0.583925
63.400000 0.059917 0.667641 0.168660 0.220417 0.692523 0.388769 0.198895 0.584440
63.600000 0.059924 0.667812 0.168608 0.220497 0.693625 0.388833 0.199001 0.584871
63.800000 0.059842 0.668205 0.168756 0.220576 0.694389 0.388877 0.199267 0.585771
64.000000 0.059930 0.668405 0.168723 0.220846 0.695157 0.388857 0.199218 0.586209
64.200000 0.059870 0.668616 0.168746 0.221006 0.695894 0.388861 0.199384 0.586605
64.400000 0.059926 0.668902 0.168619 0.221238 0.696587 0.388798 0.199299 0.587314
64.600000 0.059923 0.668991 0.168701 0.221292 0.697404 0.388761 0.199565 0.587656
64.800000 0.059786 0.669172 0.168771 0.221291 0.698022 0.388808 0.199706 0.588354
65.000000 0.059941 0.669549 0.168677 0.221442 0.698723 0.388943 0.199680 0.588865
65.200000 0.059949 0.669523 0.168781 0.221854 0.699599 0.388846 0.199760 0.589299
65.400000 0.059951 0.669688 0.168850 0.221638 0.700319 0.389052 0.199842 0.589967
65.600000 0.059931 0.669916 0.168889 0.221921 0.700703 0.389089 0.200020 0.590449
65.800000 0.059939 0.670109 0.168796 0.222046 0.701557 0.388853 0.200095 0.590871
66.000000 0.059946 0.670053 0.168895 0.222264 0.702255 0.389090 0.199947 0.591305
66.200000 0.059926 0.670312 0.168929 0.222455 0.702935 0.389064 0.200087 0.591711
66.400000 0.059820 0.670524 0.168840 0.222505 0.703464 0.388953 0.200211 0.592135
66.600000 0.059945 0.670621 0.169055 0.222870 0.704095 0.389123 0.200479 0.592458
66.800000 0.059755 0.670897 0.168811 0.222883 0.704888 0.389347 0.200575 0.593123
67.000000 0.059933 0.670837 0.168972 0.222794 0.705388 0.389217 0.200593 0.593581
67.200000 0.059944 0.671141 0.169011 0.222946 0.705943 0.389200 0.200800 0.593895
67.400000 0.059949 0.671140 0.169066 0.223116 0.706611 0.389383 0.200872 0.594415
67.600000 0.059862 0.671522 0.169024 0.223379 0.707023 0.389332 0.200946 0.594819
67.800000 0.060073 0.671416 0.169067 0.223399 0.707672 0.389348 0.201004 0.595117
68.000000 0.059782 0.671604 0.169052 0.223593 0.708268 0.389383 0.200961 0.595630
68.200000 0.059956 0.671720 0.169047 0.223742 0.708866 0.389261 0.201203 0.595988
68.400000 0.059910 0.671909 0.168989 0.223857 0.709364 0.389398 0.201299 0.596430
68.600000 0.060086 0.672026 0.169111 0.224048 0.709946 0.389327 0.201410 0.596773
68.800000 0.059911 0.672112 0.168957 0.224175 0.710361 0.389294 0.201298 0.597107
69.000000 0.059923 0.672000 0.169042 0.224177 0.710795 0.389505 0.201419 0.597537
69.200000 0.060086 0.672038 0.169075 0.224382 0.711623 0.389164 0.201632 0.597847
69.400000 0.059922 0.672405 0.169022 0.224476 0.711925 0.389512 0.201867 0.598243
69.600000 0.059962 0.672513 0.168976 0.224674 0.712327 0.389420 0.201868 0.598590
69.800000 0.059827 0.672599 0.169163 0.224730 0.712919 0.389497 0.201892 0.598885
70.000000 0.059847 0.672668 0.169126 0.224837 0.713238 0.389568 0.201973 0.599063
70.200000 0.059832 0.672830 0.169075 0.224926 0.713864 0.389556 0.202075 0.599385
70.400000 0.059958 0.672855 0.169110 0.225161 0.714149 0.389511 0.202329 0.599899
70.600000 0.059956 0.672785 0.169209 0.225332 0.714691 0.389423 0.202253 0.600163
70.800000 0.059959 0.672979 0.169184 0.225405 0.715479 0.389683 0.202234 0.600309
71.000000 0.059978 0.673225 0.169206 0.225583 0.715498 0.389581 0.202454 0.600980
71.200000 0.059995 0.673181 0.169131 0.225553 0.715972 0.389532 0.202364 0.600743
71.400000 0.059978 0.673360 0.169297 0.225734 0.716329 0.389558 0.202593 0.601227
71.600000 0.059941 0.673441 0.169081 0.225909 0.716716 0.389634 0.202697 0.601683
71.800000 0.059955 0.673495 0.169275 0.225996 0.717336 0.389712 0.202765 0.601879
72.000000 0.059975 0.673561 0.169294 0.226105 0.717726 0.389792 0.202823 0.602257
72.200000 0.059988 0.673788 0.169246 0.226144 0.718168 0.389850 0.203080 0.602516
72.400000 0.060103 0.673715 0.169298 0.226332 0.718485 0.389846 0.203010 0.602822
72.600000 0.060101 0.673823 0.169270 0.226519 0.718982 0.389746 0.203140 0.603055
72.800000 0.059934 0.673718 0.169269 0.226592 0.719261 0.389907 0.203242 0.603266
73.000000 0.059924 0.673764 0.169261 0.226609 0.719710 0.389957 0.203264 0.603486
73.200000 0.059835 0.674112 0.169292 0.226834 0.719968 0.389890 0.203310 0.603830
73.400000 0.059973 0.674197 0.169243 0.227013 0.720368 0.389980 0.203403 0.604158
73.600000 0.060002 0.674094 0.169345 0.227118 0.720737 0.389907 0.203502 0.604150
73.800000 0.059999 0.674152 0.169249 0.227211 0.721240 0.389875 0.203456 0.604435
74.000000 0.059977 0.674359 0.169489 0.227273 0.721572 0.389923 0.203670 0.604827
74.200000 0.059972 0.674226 0.169324 0.227494 0.722040 0.389958 0.203849 0.604863
74.400000 0.059980 0.674236 0.169380 0.227538 0.722209 0.390109 0.203984 0.605251
74.600000 0.060108 0.674416 0.169405 0.227677 0.722560 0.390137 0.203929 0.605600
74.800000 0.059958 0.674442 0.169514 0.227675 0.722867 0.390163 0.204016 0.605741
75.000000 0.059968 0.674564 0.169317 0.227833 0.723144 0.390302 0.204051 0.605967
75.200000 0.060000 0.674580 0.169258 0.227866 0.723431 0.390127 0.204141 0.606220
75.400000 0.059946 0.674692 0.169377 0.228159 0.723707 0.390211 0.204209 0.606439
75.600000 0.059967 0.674658 0.169451 0.228193 0.723991 0.390059 0.204272 0.606400
75.800000 0.059997 0.674738 0.169450 0.228415 0.724470 0.390301 0.204357 0.606714
76.000000 0.059947 0.674731 0.169384 0.228496 0.724756 0.390313 0.204446 0.606941
76.200000 0.059819 0.674852 0.169475 0.228705 0.724843 0.390302 0.204520 0.607007
76.400000 0.060070 0.674966 0.169396 0.228553 0.725554 0.390203 0.204709 0.607387
76.600000 0.059838 0.674910 0.169381 0.228629 0.725671 0.390458 0.204687 0.607334
76.800000 0.059980 0.674951 0.169451 0.228865 0.725884 0.390419 0.204723 0.607678
77.000000 0.059990 0.675107 0.169529 0.229002 0.726038 0.390397 0.204819 0.607901
77.200000 0.059988 0.675189 0.169489 0.229090 0.726443 0.390396 0.204880 0.608214
77.400000 0.060003 0.674970 0.169515 0.229206 0.726476 0.390183 0.205054 0.608300
77.600000 0.059974 0.674964 0.169435 0.229287 0.726794 0.390375 0.205035 0.608456
77.800000 0.059999 0.675327 0.169512 0.229422 0.727193 0.390369 0.205076 0.608373
78.000000 0.059997 0.675274 0.169403 0.229564 0.727441 0.390596 0.205193 0.608718
78.200000 0.059991 0.675353 0.169539 0.229523 0.727624 0.390355 0.205237 0.608926
78.400000 0.059971 0.675303 0.169417 0.229725 0.727738 0.390517 0.205313 0.609066
78.600000 0.060003 0.675115 0.169557 0.229718 0.728182 0.390543 0.205506 0.609161
78.800000 0.059839 0.675265 0.169300 0.229675 0.728300 0.389778 0.205129 0.609047
79.000000 0.059841 0.675229 0.169250 0.229848 0.728423 0.390406 0.205157 0.609357
79.200000 0.059770 0.675219 0.169418 0.229954 0.728992 0.429665 0.205618 0.609803
79.400000 0.060003 0.675472 0.169639 0.229953 0.729082 0.390719 0.205745 0.609778
79.600000 0.060000 0.675251 0.169498 0.230362 0.729281 0.390763 0.205776 0.609911
79.800000 0.059992 0.675644 0.169587 0.230500 0.729742 0.390750 0.205820 0.610142
80.000000 0.060005 0.675483 0.169617 0.230532 0.729828 0.390710 0.205972 0.610058
80.200000 0.060034 0.675737 0.169661 0.230700 0.729997 0.390807 0.205882 0.610464
80.400000 0.060009 0.675522 0.169475 0.230760 0.730228 0.390655 0.206069 0.610594
80.600000 0.059970 0.675692 0.169531 0.230920 0.730550 0.390806 0.206125 0.610732
80.800000 0.060009 0.675511 0.169689 0.230929 0.730730 0.390865 0.206111 0.610846
81.000000 0.060000 0.675798 0.169627 0.231080 0.730749 0.390877 0.206220 0.611005
81.200000 0.059875 0.675674 0.169680 0.231144 0.731093 0.390912 0.206260 0.610998
81.400000 0.060006 0.675732 0.169705 0.231315 0.731313 0.390815 0.206166 0.611163
81.600000 0.059987 0.675938 0.169680 0.231279 0.731403 0.390997 0.206446 0.611392
81.800000 0.060002 0.675774 0.169742 0.231251 0.731635 0.390930 0.206495 0.611497
82.000000 0.060008 0.675815 0.169811 0.231521 0.731565 0.391035 0.206413 0.611593
82.200000 0.059987 0.675801 0.169725 0.231356 0.731976 0.391061 0.206457 0.611662
82.400000 0.059839 0.675636 0.169556 0.231715 0.731835 0.390787 0.206544 0.611706
82.600000 0.059997 0.675945 0.169767 0.231769 0.732356 0.391015 0.206745 0.611938
82.800000 0.060026 0.676020 0.169628 0.231858 0.732429 0.390948 0.206718 0.611992
83.000000 0.060022 0.676017 0.169758 0.231950 0.732666 0.391161 0.206854 0.612043
83.200000 0.060014 0.675895 0.169882 0.232046 0.732877 0.390979 0.206940 0.612200
83.400000 0.060111 0.676012 0.169712 0.232098 0.732765 0.391100 0.206926 0.612221
83.600000 0.059831 0.675824 0.169691 0.232207 0.733158 0.390961 0.206970 0.612415
83.800000 0.059999 0.676031 0.169826 0.232261 0.733316 0.391188 0.207034 0.612472
84.000000 0.060009 0.675818 0.169789 0.232313 0.733476 0.391190 0.207126 0.612518
84.200000 0.060020 0.676033 0.169762 0.232532 0.733611 0.391132 0.207064 0.612601
84.400000 0.060007 0.676062 0.169770 0.232581 0.733714 0.391159 0.207205 0.612738
84.600000 0.060025 0.676054 0.169543 0.232614 0.733912 0.391123 0.207086 0.612694
84.800000 0.059992 0.676057 0.169774 0.232680 0.733961 0.391257 0.207325 0.612802
85.000000 0.059893 0.675978 0.169821 0.232759 0.733980 0.391256 0.207344 0.612893
85.200000 0.059962 0.676009 0.169784 0.232835 0.734155 0.391139 0.207225 0.613046
85.400000 0.059977 0.676196 0.169811 0.232974 0.734552 0.391337 0.207441 0.613053
85.600000 0.059985 0.676092 0.169685 0.232986 0.734455 0.391377 0.207533 0.613164
85.800000 0.060001 0.676080 0.169678 0.233102 0.734586 0.391309 0.207570 0.613347
86.000000 0.060005 0.676022 0.169729 0.233122 0.734574 0.391448 0.207455 0.613330
86.200000 0.060043 0.675971 0.169587 0.233287 0.734736 0.391249 0.207698 0.613522
86.400000 0.059991 0.675995 0.169730 0.233319 0.734990 0.391304 0.207621 0.613414
86.600000 0.060051 0.676168 0.169911 0.233440 0.735276 0.391393 0.207706 0.613614
86.800000 0.060021 0.675988 0.169808 0.233477 0.735341 0.391459 0.207892 0.613774
87.000000 0.059983 0.676229 0.169877 0.233539 0.735358 0.391399 0.207832 0.613802
87.200000 0.060048 0.676246 0.169949 0.233494 0.735586 0.391479 0.207681 0.613748
87.400000 0.060097 0.676021 0.169839 0.233734 0.735789 0.391483 0.208048 0.614011
87.600000 0.060006 0.676073 0.169854 0.233893 0.735864 0.391479 0.208014 0.613950
87.800000 0.059993 0.676030 0.169840 0.233775 0.735823 0.391513 0.208076 0.614107
88.000000 0.059994 0.675979 0.169909 0.233794 0.735998 0.391464 0.208058 0.614140
88.200000 0.060043 0.676231 0.169948 0.234000 0.735982 0.391658 0.208267 0.614310
88.400000 0.059996 0.676010 0.169923 0.234123 0.736085 0.391553 0.208205 0.614315
88.600000 0.060020 0.676106 0.169828 0.234095 0.736359 0.391630 0.208246 0.614287
88.800000 0.060050 0.676054 0.169882 0.234128 0.736277 0.391444 0.208358 0.614324
89.000000 0.060034 0.676032 0.169897 0.234324 0.736623 0.391581 0.208399 0.614433
89.200000 0.060049 0.675985 0.169884 0.234358 0.736429 0.391602 0.208361 0.614442
89.400000 0.060025 0.676159 0.169860 0.234434 0.736804 0.391793 0.208175 0.614590
89.600000 0.060033 0.676254 0.169885 0.234517 0.736702 0.391479 0.208545 0.614546
89.800000 0.060008 0.676168 0.169957 0.234525 0.736986 0.391764 0.208437 0.614689
90.000000 0.059996 0.676175 0.169981 0.234648 0.737119 0.391787 0.208720 0.614771
