0.200000 0.189494 0.353672 0.133764 0.146602 0.340220 0.551232 0.164843 0.285715
0.400000 0.189369 0.352734 0.133597 0.146459 0.338733 0.551130 0.164548 0.284960
0.600000 0.189330 0.352465 0.133749 0.146299 0.337941 0.550706 0.164386 0.284374
0.800000 0.189248 0.352039 0.133560 0.146200 0.337032 0.550831 0.164127 0.283729
1.000000 0.189134 0.351851 0.133618 0.146092 0.336063 0.550566 0.163898 0.283192
1.200000 0.189194 0.351341 0.133402 0.146177 0.335251 0.550483 0.163589 0.282378
1.400000 0.189186 0.351026 0.133478 0.145959 0.334241 0.550336 0.163439 0.281797
1.600000 0.189145 0.350616 0.133430 0.145904 0.333406 0.550096 0.163417 0.281148
1.800000 0.189099 0.350243 0.133383 0.145841 0.332734 0.550208 0.163217 0.280759
2.000000 0.189199 0.349792 0.133514 0.145590 0.331877 0.549898 0.163059 0.279862
2.200000 0.189067 0.349495 0.133327 0.145576 0.331110 0.549694 0.162731 0.279344
2.400000 0.188963 0.349084 0.133312 0.145482 0.330243 0.549528 0.162596 0.278627
2.600000 0.188969 0.348965 0.133289 0.145131 0.329499 0.549405 0.162455 0.278121
2.800000 0.188906 0.348498 0.133356 0.145367 0.328653 0.549022 0.162221 0.277448
3.000000 0.188915 0.348144 0.133140 0.145386 0.327870 0.548891 0.162107 0.276974
3.200000 0.188873 0.348004 0.133130 0.145416 0.326949 0.548958 0.161921 0.276346
3.400000 0.188827 0.347493 0.133123 0.145349 0.326256 0.548711 0.161691 0.275654
3.600000 0.188777 0.347198 0.133140 0.145194 0.325320 0.548474 0.161515 0.275221
3.800000 0.188903 0.346915 0.133099 0.144964 0.324452 0.548495 0.161341 0.274674
4.000000 0.188607 0.346580 0.132908 0.145059 0.323879 0.548337 0.161260 0.274190
4.200000 0.188740 0.346223 0.133094 0.144952 0.323221 0.548096 0.161024 0.273554
4.400000 0.188668 0.346024 0.132826 0.144919 0.322453 0.547872 0.160694 0.272844
4.600000 0.188648 0.345547 0.132942 0.144737 0.321602 0.547893 0.160699 0.272232
4.800000 0.188578 0.345194 0.132969 0.144456 0.320869 0.547723 0.160433 0.271970
5.000000 0.188465 0.344869 0.132911 0.144635 0.320206 0.547493 0.160324 0.271349
5.200000 0.188554 0.344562 0.132993 0.144576 0.319322 0.547369 0.160226 0.270860
5.400000 0.188555 0.344275 0.132957 0.144416 0.318702 0.547224 0.160007 0.270383
5.600000 0.188529 0.344036 0.132800 0.144414 0.317857 0.547155 0.159872 0.269474
5.800000 0.188528 0.343734 0.132874 0.144495 0.317345 0.546978 0.159702 0.269236
6.000000 0.188484 0.343419 0.132853 0.144420 0.316473 0.585799 0.159740 0.268778
6.200000 0.188316 0.343312 0.132807 0.144051 0.315949 0.546622 0.159372 0.268189
6.400000 0.188449 0.342717 0.132825 0.144301 0.315087 0.546600 0.159273 0.267763
6.600000 0.188368 0.342445 0.132901 0.144128 0.314266 0.546251 0.158858 0.266876
6.800000 0.188164 0.341951 0.132886 0.144011 0.313565 0.546206 0.158933 0.266330
7.000000 0.188338 0.341909 0.132748 0.144149 0.312818 0.545889 0.158553 0.265993
7.200000 0.188271 0.341575 0.132518 0.143838 0.312137 0.545755 0.158470 0.265480
7.400000 0.188247 0.341103 0.132652 0.143840 0.311426 0.545496 0.158232 0.264910
7.600000 0.188193 0.340963 0.132446 0.143602 0.310679 0.545377 0.158209 0.264390
7.800000 0.188251 0.340654 0.132658 0.143661 0.310143 0.545178 0.158044 0.263949
8.000000 0.188260 0.340375 0.132458 0.143456 0.309414 0.545191 0.157789 0.263414
8.200000 0.188095 0.340016 0.132558 0.143600 0.308780 0.544928 0.157775 0.262895
8.400000 0.188085 0.339898 0.132496 0.143445 0.308142 0.544781 0.157731 0.262219
8.600000 0.188056 0.339515 0.132511 0.143359 0.307575 0.544716 0.157383 0.261937
8.800000 0.188057 0.339240 0.132309 0.143332 0.306954 0.544453 0.157250 0.261485
9.000000 0.188006 0.338926 0.132511 0.143338 0.306297 0.544441 0.157111 0.261114
9.200000 0.187842 0.338766 0.132467 0.143139 0.305648 0.544171 0.156975 0.260583
9.400000 0.187958 0.338517 0.132403 0.143001 0.304975 0.543893 0.156804 0.260026
9.600000 0.187876 0.338138 0.132369 0.143126 0.304372 0.543886 0.156820 0.259734
9.800000 0.187872 0.338004 0.132421 0.142982 0.303794 0.543745 0.156518 0.259252
10.000000 0.187883 0.337790 0.132430 0.143040 0.303291 0.543562 0.156456 0.258883
10.200000 0.187832 0.337483 0.132331 0.142933 0.302692 0.543656 0.195273 0.258377
10.400000 0.187814 0.337181 0.132293 0.142703 0.302087 0.543309 0.156158 0.257964
10.600000 0.187788 0.337013 0.132312 0.142689 0.301425 0.543098 0.156056 0.257539
10.800000 0.187785 0.336610 0.132345 0.142725 0.300796 0.543038 0.155824 0.257072
11.000000 0.187761 0.336387 0.132276 0.142699 0.300094 0.542888 0.155687 0.256524
11.200000 0.187647 0.336083 0.132062 0.142593 0.299636 0.542576 0.155529 0.255975
11.400000 0.187662 0.335984 0.132204 0.142430 0.299026 0.542464 0.155397 0.255752
11.600000 0.187665 0.335634 0.132071 0.142548 0.298401 0.542313 0.155148 0.255295
11.800000 0.187570 0.335270 0.132053 0.142464 0.297763 0.542029 0.155171 0.254802
12.000000 0.187592 0.335178 0.132234 0.142314 0.297371 0.542085 0.155041 0.254429
12.200000 0.187591 0.334920 0.132086 0.142229 0.296801 0.541928 0.154840 0.253899
12.400000 0.187525 0.334683 0.131900 0.142249 0.296245 0.541731 0.154789 0.253477
12.600000 0.187426 0.334426 0.131925 0.142335 0.295695 0.541685 0.154430 0.253193
12.800000 0.187498 0.334184 0.132020 0.142089 0.294998 0.541447 0.154611 0.252752
13.000000 0.187469 0.333937 0.131847 0.142111 0.294604 0.541306 0.154302 0.252405
13.200000 0.187479 0.333626 0.131930 0.141923 0.294045 0.541170 0.154361 0.252026
13.400000 0.187393 0.333666 0.131943 0.141941 0.293617 0.541037 0.154250 0.251714
13.600000 0.187518 0.333182 0.132002 0.141994 0.293145 0.541046 0.154003 0.251264
13.800000 0.187525 0.333191 0.131905 0.142057 0.292554 0.540809 0.153915 0.250952
14.000000 0.187367 0.332897 0.131847 0.141884 0.292130 0.540724 0.153770 0.250674
14.200000 0.187320 0.332749 0.131835 0.141668 0.291719 0.540569 0.153517 0.250256
14.400000 0.187230 0.332518 0.131841 0.141620 0.291206 0.540171 0.153599 0.249794
14.600000 0.187094 0.332184 0.131804 0.141738 0.290708 0.540274 0.153455 0.249349
14.800000 0.187251 0.332177 0.131969 0.141724 0.290170 0.540013 0.153431 0.249315
15.000000 0.187122 0.332009 0.131893 0.141459 0.289614 0.539871 0.153204 0.248729
15.200000 0.187208 0.331830 0.131797 0.141459 0.289170 0.539835 0.153078 0.248666
15.400000 0.187207 0.331495 0.131953 0.141523 0.288790 0.539400 0.153044 0.248166
15.600000 0.187206 0.331147 0.131820 0.141454 0.288531 0.539639 0.153009 0.247682
15.800000 0.187129 0.331047 0.131559 0.141521 0.287886 0.539362 0.152783 0.247363
16.000000 0.187141 0.330837 0.131714 0.141316 0.287600 0.539115 0.152681 0.247116
16.200000 0.187148 0.330700 0.131645 0.141385 0.286883 0.539209 0.152596 0.246853
16.400000 0.187071 0.330495 0.131702 0.141327 0.286515 0.538983 0.152509 0.246488
16.600000 0.186999 0.330352 0.131681 0.141157 0.286220 0.538771 0.152390 0.246009
16.800000 0.187052 0.330096 0.131710 0.141256 0.285625 0.538563 0.152381 0.245908
17.000000 0.186981 0.329871 0.131651 0.141162 0.285097 0.538539 0.152117 0.245430
17.200000 0.186998 0.329791 0.131583 0.141070 0.284619 0.538373 0.152007 0.245143
17.400000 0.186983 0.329485 0.131632 0.140869 0.284279 0.538257 0.151826 0.244786
17.600000 0.186975 0.329180 0.131422 0.140986 0.283941 0.538114 0.151831 0.244530
17.800000 0.186963 0.329197 0.131390 0.140983 0.283420 0.537886 0.151708 0.244217
18.000000 0.186865 0.328847 0.131444 0.140972 0.282937 0.537574 0.151594 0.243799
18.200000 0.186784 0.328791 0.131643 0.140875 0.282565 0.537643 0.151510 0.243514
18.400000 0.186843 0.328383 0.131633 0.140709 0.282121 0.537512 0.151473 0.243333
18.600000 0.186825 0.328481 0.131485 0.140988 0.281555 0.537395 0.151347 0.242832
18.800000 0.186787 0.328237 0.131586 0.140927 0.281313 0.537255 0.151361 0.242602
19.000000 0.186756 0.327842 0.131470 0.140724 0.280674 0.537096 0.151294 0.242140
19.200000 0.186638 0.327751 0.131459 0.140689 0.280237 0.536886 0.151190 0.241870
19.400000 0.186712 0.327594 0.131387 0.140627 0.279713 0.536713 0.150940 0.241665
19.600000 0.186813 0.327382 0.131423 0.140604 0.279394 0.536603 0.150800 0.241258
19.800000 0.186714 0.327281 0.131391 0.140567 0.279068 0.536478 0.150655 0.240897
20.000000 0.186734 0.327140 0.131161 0.140614 0.278667 0.536399 0.150706 0.240632
20.200000 0.186674 0.326691 0.131403 0.140468 0.278271 0.536188 0.150552 0.240289
20.400000 0.186631 0.326586 0.131516 0.140424 0.277892 0.536209 0.150504 0.240014
20.600000 0.186624 0.326413 0.131205 0.140392 0.277541 0.535770 0.150299 0.239570
20.800000 0.186606 0.326332 0.131345 0.140366 0.277036 0.535869 0.150284 0.239403
21.000000 0.186586 0.326207 0.131375 0.140266 0.276686 0.535725 0.150250 0.238954
21.200000 0.186577 0.325880 0.131145 0.140083 0.276275 0.535456 0.150111 0.238835
21.400000 0.186523 0.325767 0.131109 0.140198 0.275905 0.535436 0.150011 0.238547
21.600000 0.186188 0.325525 0.131204 0.140181 0.275329 0.535294 0.149939 0.238203
21.800000 0.186467 0.325335 0.131261 0.140162 0.275059 0.535088 0.149694 0.238024
22.000000 0.186310 0.325314 0.131173 0.139935 0.274560 0.535014 0.149755 0.237610
22.200000 0.186417 0.325048 0.131138 0.139996 0.274304 0.534948 0.149825 0.237454
22.400000 0.186393 0.324915 0.131183 0.140054 0.273913 0.534542 0.149672 0.237046
22.600000 0.186436 0.324765 0.131087 0.139997 0.273585 0.534417 0.149515 0.236692
22.800000 0.186248 0.324590 0.131133 0.139939 0.273182 0.534639 0.149452 0.236563
23.000000 0.186386 0.324543 0.131260 0.139896 0.272682 0.534362 0.149277 0.236245
23.200000 0.186358 0.324195 0.131083 0.139902 0.272520 0.533866 0.149283 0.235828
23.400000 0.186167 0.324072 0.131181 0.139837 0.272041 0.534030 0.149226 0.235604
23.600000 0.186277 0.323968 0.131127 0.139900 0.271640 0.533890 0.149133 0.235504
23.800000 0.186267 0.323719 0.131180 0.139921 0.271307 0.533645 0.148942 0.235263
24.000000 0.186276 0.323623 0.131075 0.139733 0.270847 0.533655 0.149051 0.234917
24.200000 0.186234 0.323479 0.131152 0.139720 0.270668 0.533574 0.148643 0.234633
24.400000 0.186199 0.323243 0.131106 0.139700 0.270172 0.533369 0.148763 0.234311
24.600000 0.185971 0.323277 0.130871 0.139566 0.269892 0.533099 0.148523 0.234073
24.800000 0.186108 0.322860 0.131007 0.139473 0.269535 0.532935 0.148702 0.233616
25.000000 0.186108 0.322765 0.130799 0.139603 0.269141 0.532909 0.148481 0.233599
25.200000 0.186081 0.322448 0.130750 0.139421 0.268568 0.532667 0.148412 0.233206
25.400000 0.186083 0.322371 0.130737 0.139375 0.268315 0.532501 0.148166 0.232911
25.600000 0.186116 0.322245 0.131023 0.139313 0.267950 0.532363 0.148219 0.232586
25.800000 0.186021 0.322241 0.131027 0.139183 0.267724 0.532238 0.148168 0.232455
26.000000 0.186052 0.321859 0.130940 0.139335 0.267364 0.532159 0.148177 0.232183
26.200000 0.186049 0.321848 0.130858 0.139273 0.266902 0.531976 0.148062 0.231999
26.400000 0.186013 0.321530 0.130848 0.139440 0.266695 0.531631 0.148151 0.231583
26.600000 0.185981 0.321491 0.130779 0.139211 0.266200 0.531661 0.148001 0.231457
26.800000 0.186145 0.321176 0.130885 0.139236 0.266019 0.531866 0.147925 0.230873
27.000000 0.185965 0.321055 0.130844 0.139156 0.265631 0.531504 0.147727 0.230971
27.200000 0.185958 0.320897 0.130627 0.139099 0.265309 0.531172 0.147690 0.230662
27.400000 0.185983 0.320963 0.130740 0.139088 0.264949 0.531054 0.147702 0.230383
27.600000 0.185918 0.320599 0.130823 0.139005 0.264681 0.530854 0.147504 0.230187
27.800000 0.185748 0.320446 0.130832 0.138996 0.264318 0.530860 0.147413 0.229982
28.000000 0.185825 0.320477 0.130756 0.138866 0.263879 0.530707 0.147449 0.229685
28.200000 0.185885 0.320215 0.130783 0.138914 0.263688 0.530657 0.147386 0.229463
28.400000 0.185862 0.320158 0.130782 0.138762 0.263379 0.530545 0.147293 0.229268
28.600000 0.185836 0.319976 0.130765 0.138938 0.262920 0.530465 0.147263 0.228943
28.800000 0.185821 0.319904 0.130713 0.138821 0.262741 0.530110 0.147139 0.228739
29.000000 0.185782 0.319684 0.130704 0.138832 0.262430 0.529990 0.147057 0.228410
29.200000 0.185791 0.319574 0.130701 0.138747 0.262069 0.530018 0.146971 0.228369
29.400000 0.185769 0.319434 0.130767 0.138699 0.261706 0.529703 0.146970 0.228117
29.600000 0.185702 0.319229 0.130675 0.138735 0.261478 0.529508 0.146905 0.227733
29.800000 0.185757 0.319065 0.130724 0.138710 0.261130 0.529555 0.146706 0.227784
30.000000 0.185699 0.319054 0.130469 0.138584 0.260782 0.529291 0.146654 0.227291
30.200000 0.185565 0.318871 0.130352 0.138494 0.260509 0.529198 0.146499 0.227183
30.400000 0.185622 0.318666 0.130581 0.138448 0.260157 0.529106 0.146586 0.226805
30.600000 0.186004 0.318547 0.130550 0.138480 0.259984 0.528790 0.146473 0.226626
30.800000 0.187172 0.318380 0.130504 0.138267 0.259416 0.528735 0.146334 0.226259
31.000000 0.189629 0.318359 0.130496 0.138445 0.259320 0.528719 0.146226 0.226148
31.200000 0.194294 0.318061 0.130461 0.138293 0.258656 0.528445 0.146310 0.225844
31.400000 0.199726 0.318109 0.130559 0.138315 0.258777 0.528438 0.146379 0.225785
31.600000 0.206455 0.317888 0.130612 0.138452 0.258547 0.528435 0.146409 0.225720
31.800000 0.214652 0.317917 0.130664 0.138401 0.258657 0.528262 0.146611 0.225579
32.000000 0.223501 0.317794 0.130502 0.138699 0.258921 0.528106 0.146586 0.225759
32.200000 0.232562 0.317829 0.130747 0.138604 0.259298 0.528328 0.146870 0.226100
32.400000 0.241665 0.317919 0.130708 0.138761 0.259811 0.528387 0.146959 0.226519
32.600000 0.250356 0.317982 0.130752 0.138860 0.260665 0.528331 0.147247 0.227086
32.800000 0.258368 0.318308 0.130852 0.139058 0.261644 0.528292 0.147573 0.227712
33.000000 0.265872 0.318763 0.130873 0.139296 0.262925 0.528339 0.148029 0.228556
33.200000 0.272747 0.319447 0.130978 0.139650 0.264466 0.528320 0.148469 0.229607
33.400000 0.278901 0.320295 0.131136 0.140166 0.266159 0.528555 0.149000 0.230657
33.600000 0.284184 0.320947 0.131117 0.140486 0.267975 0.528364 0.149670 0.232041
33.800000 0.289058 0.322423 0.131317 0.140935 0.270292 0.528522 0.150018 0.233505
34.000000 0.293524 0.323904 0.131524 0.141467 0.272571 0.528571 0.150769 0.235110
34.200000 0.297208 0.325427 0.131667 0.142126 0.275123 0.528671 0.151352 0.236892
34.400000 0.300484 0.327321 0.131755 0.142776 0.277745 0.528661 0.151958 0.238647
34.600000 0.303593 0.329402 0.131992 0.143374 0.280790 0.528748 0.152667 0.240681
34.800000 0.306199 0.331687 0.132278 0.144064 0.284014 0.528841 0.153366 0.242966
35.000000 0.308482 0.334089 0.132468 0.144878 0.287280 0.528965 0.154033 0.245355
35.200000 0.310470 0.336942 0.132917 0.145690 0.290571 0.528991 0.154822 0.247765
35.400000 0.312034 0.339549 0.133154 0.146337 0.294067 0.529109 0.155467 0.250214
35.600000 0.313276 0.342485 0.133365 0.147170 0.297504 0.529215 0.155984 0.252661
35.800000 0.314734 0.345486 0.133841 0.147917 0.301136 0.529350 0.156813 0.255271
36.000000 0.315797 0.348522 0.134236 0.148646 0.304679 0.529336 0.157528 0.257927
36.200000 0.316547 0.351920 0.134534 0.149407 0.308530 0.529503 0.158234 0.260677
36.400000 0.317453 0.355342 0.134816 0.150057 0.312120 0.529676 0.158886 0.263249
36.600000 0.318074 0.359116 0.135032 0.150859 0.316405 0.529383 0.159549 0.266489
36.800000 0.318726 0.363374 0.135472 0.151693 0.321053 0.529702 0.160333 0.270065
37.000000 0.319514 0.367944 0.135996 0.152851 0.325998 0.529634 0.161290 0.274106
37.200000 0.319827 0.372603 0.136477 0.153630 0.330851 0.530206 0.162233 0.277552
37.400000 0.320408 0.376522 0.136981 0.154445 0.335220 0.530296 0.163006 0.280702
37.600000 0.320646 0.380277 0.137295 0.155162 0.339299 0.530383 0.163708 0.283939
37.800000 0.320805 0.384439 0.137777 0.155903 0.343351 0.530448 0.164452 0.287053
38.000000 0.321063 0.388431 0.138047 0.156646 0.347736 0.530586 0.165219 0.290473
38.200000 0.321169 0.392438 0.138397 0.157446 0.351899 0.530737 0.165732 0.293838
38.400000 0.321240 0.396314 0.138833 0.158101 0.356138 0.531122 0.166327 0.297162
38.600000 0.321254 0.400459 0.139126 0.158634 0.360354 0.530911 0.167350 0.300347
38.800000 0.321299 0.404546 0.139503 0.159330 0.364420 0.531259 0.168043 0.303791
39.000000 0.321243 0.408611 0.139862 0.160010 0.368791 0.531301 0.168747 0.307094
39.200000 0.321341 0.412690 0.140003 0.160578 0.373052 0.531591 0.169410 0.310501
39.400000 0.321371 0.416672 0.140396 0.161226 0.377072 0.531505 0.170012 0.313839
39.600000 0.321157 0.420798 0.140928 0.161973 0.381280 0.531706 0.170838 0.317088
39.800000 0.321342 0.424646 0.141290 0.162618 0.385534 0.531761 0.171405 0.320490
40.000000 0.321330 0.428654 0.141546 0.163223 0.389679 0.532144 0.172124 0.323882
40.200000 0.321309 0.432556 0.141714 0.163839 0.393823 0.532045 0.172879 0.327253
40.400000 0.321258 0.436455 0.142203 0.164461 0.397849 0.532259 0.173621 0.330604
40.600000 0.321087 0.440416 0.142467 0.164999 0.401993 0.532302 0.174240 0.333983
40.800000 0.321060 0.444275 0.142791 0.165669 0.405946 0.532623 0.174871 0.337276
41.000000 0.320954 0.448028 0.143009 0.166124 0.410059 0.532754 0.175567 0.340557
41.200000 0.321001 0.451812 0.143334 0.166663 0.413990 0.532795 0.176177 0.343519
41.400000 0.320905 0.455818 0.143878 0.167291 0.418143 0.533005 0.176961 0.347027
41.600000 0.320949 0.459457 0.143931 0.167831 0.421974 0.533214 0.177540 0.350063
41.800000 0.321044 0.463402 0.143897 0.168319 0.426013 0.533219 0.178157 0.353405
42.000000 0.320866 0.467033 0.144559 0.168912 0.429687 0.533143 0.178900 0.356323
42.200000 0.320782 0.470718 0.144689 0.169258 0.433363 0.533519 0.179296 0.359369
42.400000 0.320666 0.474120 0.145109 0.169684 0.437022 0.533629 0.179943 0.362659
42.600000 0.320607 0.477769 0.145351 0.170234 0.440970 0.533763 0.180630 0.365604
42.800000 0.320388 0.481408 0.145468 0.170812 0.444622 0.533823 0.181195 0.368801
43.000000 0.320495 0.484771 0.145866 0.171074 0.448082 0.533999 0.181825 0.371677
43.200000 0.320382 0.488102 0.145900 0.171510 0.451774 0.534201 0.182273 0.374464
43.400000 0.320326 0.491901 0.146382 0.172017 0.456075 0.534301 0.183219 0.378261
43.600000 0.320255 0.496660 0.146649 0.172724 0.460669 0.534463 0.184011 0.381867
43.800000 0.320274 0.499992 0.147060 0.173182 0.464212 0.534638 0.184378 0.384379
44.000000 0.320183 0.503119 0.147367 0.173535 0.467727 0.534698 0.185026 0.387499
44.200000 0.320123 0.506341 0.147499 0.173875 0.471301 0.534835 0.185482 0.390183
44.400000 0.319981 0.509490 0.147735 0.174266 0.474426 0.535102 0.186299 0.392917
44.600000 0.319956 0.512835 0.147783 0.174805 0.478038 0.535362 0.186699 0.395778
44.800000 0.319907 0.515470 0.148146 0.175030 0.481182 0.535172 0.187149 0.398403
45.000000 0.319970 0.518533 0.148293 0.175577 0.484578 0.535543 0.187719 0.401063
45.200000 0.319745 0.521479 0.148531 0.175833 0.487682 0.535698 0.188217 0.403701
45.400000 0.319700 0.524225 0.148644 0.176184 0.490825 0.535589 0.188843 0.406142
45.600000 0.319528 0.526927 0.148920 0.176576 0.494196 0.535887 0.189225 0.408715
45.800000 0.319386 0.529737 0.148974 0.176864 0.497178 0.535979 0.189769 0.411075
46.000000 0.319506 0.532566 0.149316 0.177062 0.500335 0.536204 0.190180 0.413780
46.200000 0.319405 0.535179 0.149443 0.177529 0.503448 0.536311 0.190584 0.416230
46.400000 0.319088 0.537608 0.149739 0.177998 0.506479 0.536439 0.191050 0.418648
46.600000 0.319155 0.540289 0.150099 0.178073 0.509685 0.536581 0.191697 0.421022
46.800000 0.319103 0.542762 0.150143 0.178419 0.512668 0.536695 0.192155 0.423415
47.000000 0.319024 0.545323 0.150154 0.178912 0.515454 0.536853 0.192606 0.425850
47.200000 0.318796 0.547726 0.150305 0.179088 0.518435 0.537108 0.193136 0.428073
47.400000 0.318879 0.550011 0.150530 0.179452 0.521579 0.537093 0.193518 0.430489
47.600000 0.318791 0.552238 0.150893 0.179745 0.524160 0.537348 0.193904 0.432754
47.800000 0.318722 0.554432 0.150929 0.179923 0.527334 0.537475 0.194267 0.434938
48.000000 0.318615 0.556641 0.151184 0.180272 0.530014 0.537433 0.194930 0.437076
48.200000 0.318504 0.558817 0.151112 0.180600 0.532629 0.537450 0.195204 0.439266
48.400000 0.318449 0.560989 0.151333 0.180923 0.535435 0.537697 0.195603 0.441527
48.600000 0.318229 0.563024 0.151662 0.181156 0.538275 0.537769 0.195993 0.443667
48.800000 0.318239 0.565122 0.151638 0.181221 0.540956 0.537916 0.196372 0.445795
49.000000 0.318078 0.566816 0.151813 0.181616 0.543554 0.538081 0.196832 0.447840
49.200000 0.317841 0.568903 0.151920 0.181777 0.546363 0.538372 0.197259 0.449963
49.400000 0.317868 0.570663 0.152128 0.182188 0.548824 0.538474 0.197516 0.451987
49.600000 0.317858 0.572426 0.152357 0.182245 0.551376 0.538578 0.198027 0.454000
49.800000 0.317777 0.574678 0.152734 0.182331 0.554512 0.538549 0.198217 0.455997
50.000000 0.317758 0.576474 0.152596 0.182941 0.557252 0.538811 0.198729 0.458393
50.200000 0.317724 0.578241 0.152601 0.183121 0.559787 0.539108 0.199036 0.460607
50.400000 0.317658 0.579747 0.152760 0.183302 0.561863 0.539124 0.199562 0.462475
50.600000 0.317632 0.581512 0.152954 0.183570 0.564579 0.539276 0.199826 0.464367
50.800000 0.317645 0.582820 0.153073 0.183753 0.567281 0.539419 0.200080 0.466437
51.000000 0.317563 0.584698 0.153227 0.184284 0.569691 0.539432 0.200617 0.468225
51.200000 0.317516 0.586063 0.153325 0.184203 0.571954 0.539748 0.200911 0.470121
51.400000 0.317501 0.587591 0.153461 0.184357 0.574620 0.539760 0.201090 0.472031
51.600000 0.317434 0.589112 0.153567 0.184650 0.576912 0.540010 0.201646 0.473881
51.800000 0.317362 0.590343 0.153700 0.184827 0.579289 0.540257 0.201942 0.475596
52.000000 0.317312 0.591861 0.153903 0.185138 0.581641 0.540326 0.202247 0.477340
52.200000 0.317366 0.593165 0.154094 0.185261 0.583600 0.540438 0.202536 0.479116
52.400000 0.317116 0.594228 0.154106 0.185605 0.586014 0.540708 0.202371 0.480946
52.600000 0.317214 0.595602 0.154231 0.185553 0.588142 0.540710 0.203148 0.482742
52.800000 0.316985 0.596668 0.154231 0.185922 0.590417 0.540956 0.203416 0.484258
53.000000 0.316940 0.597898 0.154427 0.186068 0.592569 0.541049 0.203595 0.486044
53.200000 0.316850 0.599096 0.154459 0.186411 0.594740 0.541116 0.204293 0.487563
53.400000 0.316797 0.600349 0.154587 0.186489 0.596801 0.541256 0.204389 0.489256
53.600000 0.316672 0.601206 0.154805 0.186692 0.598812 0.541526 0.204592 0.490871
53.800000 0.316638 0.602151 0.154832 0.186769 0.600907 0.541431 0.204893 0.492423
54.000000 0.316507 0.603346 0.154917 0.187008 0.602948 0.541579 0.205169 0.493972
54.200000 0.316348 0.604408 0.154896 0.187091 0.604952 0.541722 0.205401 0.495514
54.400000 0.316446 0.605556 0.155116 0.187228 0.606939 0.541899 0.205552 0.497143
54.600000 0.316467 0.606341 0.155111 0.187504 0.608698 0.542058 0.205837 0.498533
54.800000 0.316298 0.607115 0.155411 0.187686 0.610722 0.542041 0.206093 0.500086
55.000000 0.316236 0.608157 0.155222 0.187818 0.612495 0.542448 0.206344 0.501484
55.200000 0.316186 0.609038 0.155357 0.187839 0.614483 0.542331 0.206650 0.503007
55.400000 0.316159 0.609802 0.155571 0.188084 0.616229 0.542670 0.206754 0.504374
55.600000 0.316084 0.610748 0.155571 0.188336 0.618035 0.542585 0.207094 0.505679
55.800000 0.316024 0.611633 0.155710 0.188450 0.620092 0.542890 0.207422 0.507435
56.000000 0.315881 0.612522 0.155886 0.188617 0.622304 0.543088 0.207694 0.509171
56.200000 0.315937 0.613331 0.155901 0.188806 0.624212 0.543264 0.207911 0.510470
56.400000 0.315759 0.613883 0.155910 0.188891 0.625871 0.543262 0.208092 0.511718
56.600000 0.315833 0.614480 0.155991 0.189149 0.627459 0.543244 0.208419 0.512861
56.800000 0.315816 0.615321 0.156224 0.189341 0.629183 0.543636 0.208579 0.514262
57.000000 0.315797 0.615998 0.156114 0.189229 0.630885 0.543945 0.208777 0.515605
57.200000 0.315846 0.616719 0.156318 0.189588 0.632351 0.543830 0.208815 0.516905
57.400000 0.315741 0.617334 0.156360 0.189576 0.634266 0.543851 0.209335 0.518107
57.600000 0.315636 0.617818 0.156494 0.189815 0.635611 0.544204 0.209327 0.519301
57.800000 0.315634 0.618636 0.156418 0.190052 0.637308 0.544188 0.209537 0.520620
58.000000 0.315482 0.619073 0.156608 0.189924 0.638729 0.544311 0.209635 0.521593
58.200000 0.315414 0.619708 0.156851 0.190082 0.640308 0.544494 0.209840 0.522860
58.400000 0.315297 0.620409 0.156741 0.190359 0.641702 0.544699 0.210044 0.523841
58.600000 0.315166 0.620607 0.156842 0.190433 0.643098 0.544728 0.210281 0.524947
58.800000 0.314955 0.621339 0.156819 0.190569 0.644599 0.545021 0.210422 0.526115
59.000000 0.314946 0.621786 0.156997 0.190638 0.645986 0.544990 0.210642 0.527212
59.200000 0.314907 0.622242 0.156997 0.190772 0.647411 0.545324 0.210626 0.528303
59.400000 0.314935 0.622994 0.157086 0.190977 0.648655 0.545113 0.210921 0.529347
59.600000 0.314815 0.623064 0.157089 0.191170 0.650072 0.545201 0.211030 0.530329
59.800000 0.314761 0.623670 0.157096 0.191162 0.651422 0.545474 0.211209 0.531420
60.000000 0.314739 0.624096 0.157124 0.191030 0.652857 0.545507 0.211419 0.532420
60.200000 0.314698 0.624692 0.157235 0.191233 0.654097 0.545609 0.211566 0.533399
60.400000 0.314437 0.624924 0.157228 0.191388 0.655246 0.545809 0.211640 0.534229
60.600000 0.314544 0.625255 0.157412 0.191638 0.656716 0.545905 0.211841 0.535184
60.800000 0.314344 0.625645 0.157468 0.191658 0.657699 0.546059 0.212057 0.536287
61.000000 0.314463 0.626142 0.157337 0.191794 0.659158 0.546225 0.212158 0.537378
61.200000 0.314288 0.626244 0.157262 0.191775 0.660358 0.546361 0.212180 0.538198
61.400000 0.314325 0.626890 0.157590 0.192068 0.661333 0.546488 0.212349 0.538957
61.600000 0.314236 0.627231 0.157767 0.191960 0.662594 0.546489 0.212634 0.540105
61.800000 0.314159 0.627492 0.157751 0.192244 0.663871 0.546443 0.212571 0.540870
62.000000 0.314155 0.627893 0.157649 0.192347 0.665265 0.546983 0.212964 0.541921
62.200000 0.314010 0.628494 0.157864 0.192397 0.666576 0.547044 0.213103 0.543001
62.400000 0.313935 0.628542 0.157809 0.192440 0.667796 0.547063 0.213044 0.543967
62.600000 0.313841 0.628694 0.157776 0.192613 0.668881 0.547306 0.213317 0.544772
62.800000 0.313734 0.629210 0.157965 0.192624 0.669892 0.547238 0.213567 0.545368
63.000000 0.313715 0.629474 0.158016 0.193008 0.670832 0.547632 0.213349 0.546399
63.200000 0.313471 0.629828 0.158056 0.193046 0.672012 0.547497 0.213674 0.547147
63.400000 0.313497 0.629903 0.158122 0.192892 0.672934 0.547863 0.213807 0.547792
63.600000 0.313489 0.630318 0.158156 0.193133 0.674000 0.547810 0.213808 0.548612
63.800000 0.313449 0.630487 0.158227 0.193086 0.674934 0.547900 0.213844 0.549430
64.000000 0.313355 0.630634 0.158315 0.193371 0.675839 0.548143 0.214177 0.550209
64.200000 0.313347 0.630893 0.158281 0.193425 0.676878 0.548121 0.214347 0.550782
64.400000 0.313177 0.631026 0.158310 0.193472 0.677491 0.548343 0.214261 0.551397
64.600000 0.313163 0.631109 0.158528 0.193756 0.678558 0.548552 0.214528 0.552242
64.800000 0.313252 0.631547 0.158653 0.193687 0.679652 0.548774 0.214525 0.553107
65.000000 0.313199 0.631488 0.158252 0.193774 0.680473 0.548791 0.214842 0.553533
65.200000 0.313006 0.631967 0.158517 0.193833 0.681272 0.548994 0.214730 0.554258
65.400000 0.313031 0.631861 0.158487 0.193839 0.682308 0.549072 0.214996 0.554854
65.600000 0.312966 0.632215 0.158452 0.194045 0.682905 0.549141 0.214976 0.555650
65.800000 0.313013 0.632504 0.158692 0.193879 0.683811 0.549270 0.214850 0.556329
66.000000 0.312989 0.632339 0.158663 0.194198 0.684611 0.549347 0.215153 0.556780
66.200000 0.312915 0.632926 0.158742 0.194093 0.685313 0.549353 0.215294 0.557370
66.400000 0.312823 0.632922 0.158759 0.194351 0.686277 0.549530 0.215347 0.557963
66.600000 0.312907 0.633175 0.158792 0.194344 0.687159 0.549861 0.215355 0.558469
66.800000 0.312859 0.633335 0.158818 0.194458 0.687721 0.549655 0.215468 0.559131
67.000000 0.312836 0.633597 0.158815 0.194446 0.688630 0.549809 0.215603 0.559761
67.200000 0.312851 0.633438 0.158992 0.194553 0.689316 0.550043 0.215585 0.560225
67.400000 0.312908 0.633769 0.158939 0.194653 0.690291 0.550163 0.215567 0.560846
67.600000 0.312742 0.633737 0.159088 0.194417 0.690742 0.550291 0.215697 0.561249
67.800000 0.312842 0.633929 0.158941 0.194960 0.691601 0.550436 0.215867 0.561940
68.000000 0.312771 0.634100 0.158956 0.194780 0.691993 0.550503 0.215784 0.562303
68.200000 0.312865 0.634433 0.159009 0.194894 0.693058 0.550839 0.216031 0.563159
68.400000 0.312672 0.634458 0.159264 0.194937 0.693521 0.550911 0.215949 0.563676
68.600000 0.312810 0.634565 0.159274 0.195066 0.694525 0.550850 0.216005 0.564184
68.800000 0.312744 0.634494 0.159026 0.195294 0.695143 0.550928 0.216073 0.564791
69.000000 0.312707 0.634911 0.159190 0.195109 0.695893 0.551237 0.216031 0.565173
69.200000 0.312748 0.634948 0.159020 0.195389 0.696415 0.551165 0.216248 0.565750
69.400000 0.312513 0.635205 0.159224 0.195195 0.697314 0.551431 0.216423 0.566013
69.600000 0.312536 0.635057 0.159392 0.195541 0.697830 0.551391 0.216467 0.566458
69.800000 0.312619 0.635268 0.159224 0.195540 0.698531 0.551536 0.216380 0.567042
70.000000 0.273583 0.635244 0.159470 0.195670 0.699132 0.551847 0.216667 0.567502
70.200000 0.351539 0.635631 0.159573 0.195684 0.699835 0.551690 0.216739 0.568045
70.400000 0.312452 0.635532 0.159338 0.195829 0.700227 0.551974 0.216755 0.568643
70.600000 0.312406 0.635866 0.159335 0.195753 0.701137 0.551919 0.216772 0.569106
70.800000 0.312337 0.635840 0.159698 0.195862 0.701587 0.552294 0.216736 0.569384
71.000000 0.312248 0.636149 0.159726 0.195925 0.702071 0.552374 0.216939 0.569899
71.200000 0.312234 0.636175 0.159544 0.195934 0.702790 0.552448 0.217034 0.570086
71.400000 0.312263 0.636424 0.159737 0.196202 0.703238 0.552461 0.217041 0.570690
71.600000 0.312131 0.636306 0.159737 0.196055 0.703953 0.552812 0.217078 0.571148
71.800000 0.312090 0.636659 0.159810 0.195847 0.704388 0.552917 0.217098 0.571518
72.000000 0.312183 0.636735 0.159896 0.196313 0.704793 0.552935 0.217276 0.571760
72.200000 0.311907 0.636627 0.159816 0.196353 0.705476 0.553048 0.217231 0.572305
72.400000 0.312037 0.636635 0.159881 0.196492 0.705799 0.553089 0.217347 0.572643
72.600000 0.311809 0.636647 0.159896 0.196651 0.706378 0.553223 0.217305 0.573035
72.800000 0.311919 0.636885 0.159954 0.196511 0.706942 0.553339 0.217287 0.573469
73.000000 0.311879 0.637035 0.159809 0.196230 0.707321 0.553326 0.217397 0.573655
73.200000 0.311812 0.637033 0.160207 0.196604 0.707857 0.553490 0.217574 0.574105
73.400000 0.311854 0.636934 0.159915 0.196694 0.708174 0.553588 0.217450 0.574405
73.600000 0.311795 0.637143 0.159939 0.196134 0.708889 0.553618 0.217564 0.574822
73.800000 0.311754 0.637246 0.159918 0.196778 0.709316 0.553820 0.217550 0.575206
74.000000 0.311762 0.637370 0.160102 0.196912 0.709910 0.553929 0.217668 0.575658
74.200000 0.311869 0.637449 0.160115 0.196934 0.710306 0.554090 0.217474 0.575991
74.400000 0.311677 0.637770 0.160164 0.196995 0.710815 0.554320 0.217668 0.576461
74.600000 0.311707 0.637531 0.160074 0.197165 0.711116 0.554411 0.217737 0.576646
74.800000 0.311614 0.637643 0.160116 0.196996 0.711542 0.554472 0.217841 0.577074
75.000000 0.311654 0.637862 0.160245 0.197137 0.712198 0.554520 0.217748 0.577357
75.200000 0.311546 0.637790 0.160279 0.197232 0.712370 0.554655 0.217816 0.577487
75.400000 0.311531 0.637804 0.160366 0.197193 0.712953 0.554771 0.217875 0.578010
75.600000 0.311506 0.637974 0.160451 0.197334 0.713455 0.554844 0.217907 0.578027
75.800000 0.311508 0.637869 0.160277 0.197389 0.713956 0.554917 0.218012 0.578573
76.000000 0.311379 0.638062 0.160230 0.197555 0.714167 0.555005 0.217972 0.578632
76.200000 0.311379 0.637974 0.160445 0.197438 0.714445 0.555071 0.217946 0.578877
76.400000 0.311140 0.637981 0.160399 0.197452 0.715021 0.555376 0.217822 0.579449
76.600000 0.311326 0.637996 0.160443 0.197573 0.715247 0.555367 0.218093 0.579534
76.800000 0.311378 0.638296 0.160471 0.197572 0.715712 0.555423 0.218059 0.579792
77.000000 0.311264 0.638384 0.160511 0.197572 0.716013 0.555573 0.218125 0.579924
77.200000 0.311220 0.638380 0.160592 0.197716 0.716552 0.555603 0.218170 0.580366
77.400000 0.311236 0.638538 0.160670 0.197895 0.716831 0.555763 0.218170 0.580470
77.600000 0.311374 0.638454 0.160562 0.197617 0.717182 0.555825 0.218052 0.580723
77.800000 0.311198 0.638321 0.160624 0.197976 0.717380 0.555894 0.218254 0.581071
78.000000 0.311188 0.638334 0.160428 0.197854 0.717876 0.556163 0.218291 0.581242
78.200000 0.310988 0.638443 0.160635 0.198045 0.718280 0.556275 0.218222 0.581514
78.400000 0.311216 0.638671 0.160823 0.198046 0.718578 0.556410 0.218350 0.581843
78.600000 0.311169 0.638673 0.160545 0.198006 0.718936 0.556282 0.218260 0.581987
78.800000 0.310988 0.638670 0.160546 0.198166 0.719022 0.556446 0.218309 0.582222
79.000000 0.311102 0.638766 0.160596 0.197911 0.719513 0.556545 0.218329 0.582543
79.200000 0.311073 0.638821 0.160748 0.198106 0.719678 0.556749 0.218468 0.582806
79.400000 0.311084 0.638798 0.160556 0.198075 0.720065 0.556646 0.218306 0.582980
79.600000 0.311025 0.638992 0.160692 0.198242 0.720494 0.556936 0.218505 0.583061
79.800000 0.310922 0.638750 0.160675 0.198294 0.720826 0.557059 0.218399 0.583535
80.000000 0.310950 0.639016 0.160847 0.198454 0.721214 0.557092 0.218571 0.583842
80.200000 0.310962 0.639010 0.160927 0.198330 0.721498 0.557121 0.218479 0.583916
80.400000 0.310735 0.638796 0.160751 0.198510 0.721829 0.557206 0.218421 0.584233
80.600000 0.310667 0.638691 0.160422 0.198285 0.721897 0.557266 0.218462 0.584309
80.800000 0.310645 0.639024 0.160928 0.198398 0.722127 0.557391 0.218498 0.584503
81.000000 0.310653 0.639154 0.160927 0.198449 0.722589 0.557658 0.218453 0.584623
81.200000 0.310596 0.639062 0.160765 0.198655 0.722651 0.557802 0.218554 0.584909
81.400000 0.310547 0.639093 0.160951 0.198548 0.723071 0.557606 0.218464 0.585300
81.600000 0.310235 0.639045 0.160961 0.198435 0.723072 0.557779 0.218456 0.585181
81.800000 0.310421 0.639049 0.160907 0.198665 0.723648 0.557984 0.218609 0.585424
82.000000 0.310360 0.639308 0.161126 0.198630 0.723864 0.558135 0.218396 0.585646
82.200000 0.310331 0.639220 0.160918 0.198665 0.724167 0.558047 0.218549 0.585728
82.400000 0.310232 0.639246 0.160828 0.198798 0.724325 0.558161 0.218402 0.585925
82.600000 0.310153 0.639103 0.161033 0.198766 0.724529 0.558339 0.218387 0.586166
82.800000 0.310164 0.639341 0.161044 0.198750 0.724789 0.558364 0.218575 0.586369
83.000000 0.310066 0.639363 0.161023 0.198892 0.725044 0.558671 0.218571 0.586489
83.200000 0.310049 0.639235 0.161244 0.198841 0.725243 0.558526 0.218554 0.586613
83.400000 0.310003 0.639452 0.161124 0.198901 0.725308 0.558643 0.218567 0.586646
83.600000 0.309980 0.639201 0.160986 0.198898 0.725581 0.558645 0.218567 0.586878
83.800000 0.309961 0.639388 0.161080 0.198906 0.725833 0.558859 0.218651 0.586957
84.000000 0.309950 0.639358 0.161241 0.198836 0.726110 0.558782 0.218638 0.587236
84.200000 0.309926 0.639429 0.161392 0.198863 0.726216 0.559018 0.218548 0.587223
84.400000 0.309897 0.639312 0.161064 0.198851 0.726209 0.559098 0.218588 0.587232
84.600000 0.309834 0.639311 0.161247 0.199126 0.726579 0.558955 0.218632 0.587506
84.800000 0.309870 0.639201 0.161271 0.199174 0.726425 0.559313 0.218590 0.587640
85.000000 0.309770 0.639333 0.161264 0.198896 0.726985 0.559250 0.218511 0.587862
85.200000 0.309667 0.639074 0.161191 0.198991 0.727215 0.559273 0.218543 0.588000
85.400000 0.309795 0.639446 0.161210 0.198768 0.727318 0.559624 0.218586 0.588203
85.600000 0.309706 0.639305 0.161138 0.199080 0.727359 0.559489 0.218608 0.588101
85.800000 0.309680 0.639297 0.161011 0.198879 0.727392 0.559563 0.218557 0.588375
86.000000 0.309693 0.639240 0.161021 0.199187 0.727778 0.559721 0.218535 0.588311
86.200000 0.309477 0.639214 0.160991 0.199167 0.728098 0.559639 0.218573 0.588302
86.400000 0.309611 0.639474 0.161435 0.199239 0.728080 0.560045 0.218628 0.588826
86.600000 0.309669 0.639196 0.161138 0.199273 0.728552 0.559998 0.218612 0.588849
86.800000 0.309507 0.639258 0.161245 0.199234 0.728607 0.560108 0.218387 0.588726
87.000000 0.309485 0.639258 0.161195 0.199347 0.728847 0.560217 0.218573 0.589108
87.200000 0.309354 0.639263 0.161200 0.199240 0.728864 0.560185 0.218538 0.589119
87.400000 0.309369 0.639168 0.161247 0.199306 0.728970 0.560448 0.218510 0.589213
87.600000 0.309398 0.639325 0.161374 0.199294 0.729151 0.560439 0.218549 0.589233
87.800000 0.309415 0.639266 0.161333 0.199359 0.729192 0.560552 0.218557 0.589379
88.000000 0.309423 0.639064 0.161313 0.199394 0.729374 0.560606 0.218561 0.589549
88.200000 0.309414 0.639182 0.161372 0.199532 0.729567 0.560703 0.218591 0.589834
88.400000 0.309391 0.639278 0.161408 0.199553 0.729701 0.560654 0.218582 0.589745
88.600000 0.309405 0.639128 0.161350 0.199472 0.729895 0.560837 0.218582 0.589821
88.800000 0.309417 0.639103 0.161403 0.199478 0.730129 0.560960 0.218627 0.590018
89.000000 0.309380 0.639224 0.161307 0.199524 0.730186 0.561019 0.218546 0.590018
89.200000 0.309182 0.639086 0.161389 0.199438 0.730292 0.561150 0.218571 0.590071
89.400000 0.309387 0.639103 0.161400 0.199575 0.730718 0.561253 0.218527 0.590237
89.600000 0.309263 0.639187 0.161482 0.199462 0.730881 0.561346 0.218544 0.590249
89.800000 0.309208 0.639144 0.161313 0.199572 0.730812 0.561409 0.218605 0.590367
90.000000 0.309285 0.639038 0.161352 0.199652 0.730977 0.561496 0.218615 0.590615
