0.200000 0.053522 0.451370 0.188896 0.253826 0.514557 0.461149 0.235879 0.433961
0.400000 0.053362 0.450074 0.188637 0.253321 0.512106 0.461570 0.235608 0.432348
0.600000 0.053535 0.449743 0.188657 0.253139 0.510597 0.461462 0.235547 0.431335
0.800000 0.053483 0.449163 0.188600 0.252616 0.509591 0.461618 0.235389 0.430226
1.000000 0.053554 0.448481 0.188552 0.252321 0.508235 0.461453 0.235144 0.429227
1.200000 0.053324 0.448149 0.188592 0.252025 0.506724 0.461631 0.235080 0.428270
1.400000 0.053251 0.447414 0.188521 0.251672 0.505523 0.461307 0.235032 0.427072
1.600000 0.053315 0.447041 0.188540 0.251461 0.504147 0.461288 0.234758 0.426015
1.800000 0.053350 0.446340 0.188454 0.250872 0.502505 0.461275 0.234616 0.424921
2.000000 0.053331 0.445893 0.188388 0.250824 0.501355 0.461373 0.234486 0.423937
2.200000 0.053331 0.445353 0.188218 0.250253 0.499815 0.461296 0.234288 0.422868
2.400000 0.053337 0.444689 0.188416 0.249875 0.497994 0.461420 0.234103 0.421562
2.600000 0.053298 0.444130 0.188208 0.249416 0.496700 0.461181 0.233958 0.420494
2.800000 0.053320 0.443664 0.188292 0.249466 0.495473 0.461209 0.233740 0.419532
3.000000 0.053242 0.442997 0.188214 0.249069 0.493995 0.461174 0.233678 0.418456
3.200000 0.053266 0.442613 0.188290 0.248842 0.492818 0.461037 0.233564 0.417428
3.400000 0.053280 0.442154 0.188022 0.248374 0.491568 0.461116 0.233362 0.416288
3.600000 0.053358 0.441499 0.188045 0.248105 0.490386 0.461083 0.233172 0.415540
3.800000 0.053222 0.441037 0.187909 0.247659 0.489007 0.460907 0.232948 0.414353
4.000000 0.053241 0.440481 0.187997 0.247484 0.487807 0.460854 0.232902 0.413604
4.200000 0.053242 0.440008 0.188119 0.247173 0.486620 0.461057 0.232782 0.412459
4.400000 0.053224 0.439683 0.187887 0.246966 0.485111 0.460950 0.232648 0.411737
4.600000 0.053201 0.439151 0.187880 0.246728 0.484102 0.460854 0.232515 0.410619
4.800000 0.053103 0.438585 0.187873 0.246309 0.482642 0.460921 0.232335 0.409752
5.000000 0.053218 0.438352 0.188111 0.245917 0.481599 0.460786 0.231937 0.408803
5.200000 0.053183 0.437682 0.187960 0.245702 0.480363 0.460731 0.231950 0.407805
5.400000 0.053173 0.437249 0.187952 0.245400 0.479161 0.460784 0.231878 0.407084
5.600000 0.053206 0.436726 0.187734 0.245143 0.477907 0.460533 0.231628 0.405935
5.800000 0.053185 0.436386 0.187823 0.244830 0.476799 0.460614 0.231512 0.405052
6.000000 0.053172 0.435851 0.187624 0.244731 0.475375 0.460548 0.231369 0.404198
6.200000 0.053158 0.435343 0.187426 0.244154 0.474386 0.460659 0.231242 0.403268
6.400000 0.053151 0.435011 0.187759 0.244089 0.473054 0.460571 0.231120 0.402079
6.600000 0.053107 0.434474 0.187671 0.243619 0.471557 0.460563 0.230956 0.401201
6.800000 0.052828 0.433999 0.187648 0.243280 0.470547 0.460450 0.230826 0.400285
7.000000 0.053128 0.433361 0.187255 0.243098 0.469293 0.460264 0.230430 0.399333
7.200000 0.053092 0.432940 0.187390 0.242775 0.468271 0.460462 0.230525 0.398440
7.400000 0.053076 0.432682 0.187470 0.242618 0.467165 0.460219 0.230384 0.397722
7.600000 0.053083 0.432255 0.187230 0.242339 0.465909 0.460268 0.230113 0.396862
7.800000 0.053015 0.431687 0.187345 0.242096 0.464920 0.460333 0.230088 0.396007
8.000000 0.052989 0.431234 0.187318 0.241731 0.463746 0.460252 0.230097 0.395119
8.200000 0.053064 0.430846 0.187307 0.241467 0.462694 0.460340 0.229757 0.394198
8.400000 0.053089 0.430576 0.187265 0.241177 0.461471 0.460131 0.229571 0.393450
8.600000 0.053028 0.430159 0.187240 0.241156 0.460641 0.460165 0.229485 0.392653
8.800000 0.053232 0.429810 0.187088 0.240913 0.459581 0.459930 0.229204 0.391901
9.000000 0.053066 0.429230 0.187215 0.240540 0.458427 0.460096 0.229064 0.391108
9.200000 0.053012 0.428916 0.187116 0.240176 0.457413 0.459916 0.229119 0.390283
9.400000 0.053015 0.428588 0.186950 0.240129 0.456407 0.460011 0.228914 0.389505
9.600000 0.052981 0.428003 0.187082 0.239828 0.455460 0.459978 0.228705 0.388768
9.800000 0.053012 0.427793 0.187079 0.239680 0.454314 0.459996 0.228722 0.387996
10.000000 0.053015 0.427534 0.187051 0.239376 0.453225 0.459998 0.228378 0.387203
10.200000 0.053024 0.427052 0.187063 0.239211 0.452328 0.459747 0.228311 0.386267
10.400000 0.052829 0.426433 0.186790 0.238770 0.451182 0.459772 0.228190 0.385722
10.600000 0.052970 0.426193 0.186973 0.238565 0.450167 0.459880 0.228094 0.384858
10.800000 0.052969 0.425684 0.186878 0.238394 0.449220 0.459732 0.227907 0.383912
11.000000 0.052823 0.425273 0.186870 0.238138 0.448408 0.459658 0.227782 0.383397
11.200000 0.052890 0.424973 0.186573 0.237948 0.447373 0.459505 0.227549 0.382677
11.400000 0.052967 0.424813 0.186641 0.237687 0.446189 0.459608 0.227418 0.381895
11.600000 0.052941 0.424247 0.186756 0.237573 0.445384 0.459587 0.227366 0.381100
11.800000 0.053097 0.423977 0.186892 0.237250 0.444261 0.459549 0.227337 0.380550
12.000000 0.052940 0.423721 0.186758 0.236972 0.443487 0.459524 0.226966 0.379702
12.200000 0.052916 0.423381 0.186822 0.236965 0.442408 0.459557 0.226936 0.378978
12.400000 0.052915 0.422919 0.186526 0.236591 0.441731 0.459496 0.226873 0.378159
12.600000 0.052929 0.422660 0.186725 0.236315 0.440527 0.459378 0.226749 0.377454
12.800000 0.052847 0.422263 0.186324 0.236106 0.439610 0.459336 0.226569 0.376783
13.000000 0.052882 0.421909 0.186327 0.235872 0.438707 0.459209 0.226390 0.375986
13.200000 0.052889 0.421749 0.186577 0.235741 0.437838 0.459040 0.226311 0.375392
13.400000 0.052890 0.421377 0.186371 0.235509 0.437058 0.459266 0.226164 0.375060
13.600000 0.052893 0.420951 0.186467 0.235378 0.436111 0.459127 0.225959 0.374072
13.800000 0.052874 0.420709 0.186505 0.235063 0.435462 0.459222 0.225861 0.373555
14.000000 0.052857 0.420362 0.186456 0.234916 0.434572 0.459104 0.225729 0.372872
14.200000 0.052868 0.420195 0.186392 0.234686 0.433854 0.459285 0.225589 0.372395
14.400000 0.052815 0.419814 0.186408 0.234596 0.432993 0.458946 0.225512 0.371780
14.600000 0.052847 0.419587 0.186366 0.234341 0.432256 0.458863 0.225498 0.371194
14.800000 0.052848 0.419095 0.186212 0.234131 0.431373 0.459005 0.225258 0.370547
15.000000 0.052865 0.418854 0.186422 0.234057 0.430520 0.459003 0.225124 0.369933
15.200000 0.052822 0.418508 0.186344 0.233894 0.429715 0.458942 0.224920 0.369352
15.400000 0.052830 0.418362 0.186166 0.233468 0.429164 0.458899 0.224976 0.368794
15.600000 0.052829 0.417851 0.186294 0.233362 0.428175 0.458956 0.224826 0.368255
15.800000 0.052644 0.417631 0.186258 0.233215 0.427442 0.458885 0.224667 0.367576
16.000000 0.052831 0.417395 0.186271 0.233124 0.426787 0.458936 0.224482 0.366983
16.200000 0.052646 0.417011 0.186201 0.232959 0.426000 0.458790 0.224590 0.366451
16.400000 0.052936 0.416991 0.186136 0.232692 0.425219 0.458804 0.224330 0.365766
16.600000 0.052891 0.416485 0.186200 0.232459 0.424225 0.458708 0.224170 0.365247
16.800000 0.052926 0.416232 0.186048 0.232323 0.423721 0.458542 0.224052 0.364624
17.000000 0.052654 0.415942 0.186022 0.231987 0.422940 0.458564 0.223988 0.364041
17.200000 0.052646 0.415503 0.185969 0.231686 0.422099 0.458335 0.223825 0.363314
17.400000 0.052792 0.415400 0.186025 0.231919 0.421361 0.458416 0.223728 0.362886
17.600000 0.052764 0.415133 0.186119 0.231455 0.420644 0.458508 0.223601 0.362271
17.800000 0.052751 0.414775 0.186300 0.231580 0.419974 0.458469 0.223454 0.361646
18.000000 0.052750 0.414591 0.186077 0.231242 0.419133 0.458378 0.223479 0.361190
18.200000 0.052762 0.414263 0.186154 0.230937 0.418292 0.458323 0.223095 0.360653
18.400000 0.052739 0.414099 0.185999 0.230744 0.417666 0.458430 0.223112 0.360254
18.600000 0.052739 0.413705 0.185916 0.230566 0.417160 0.458467 0.223016 0.359635
18.800000 0.052753 0.413408 0.185979 0.230657 0.416306 0.458236 0.223072 0.358891
19.000000 0.052757 0.413005 0.185904 0.230318 0.415297 0.458313 0.222895 0.358316
19.200000 0.052707 0.412894 0.185750 0.230258 0.414447 0.458307 0.222654 0.357745
19.400000 0.052702 0.412489 0.185918 0.229977 0.413923 0.458124 0.222524 0.357147
19.600000 0.052735 0.412350 0.185865 0.229788 0.413349 0.458176 0.222396 0.356703
19.800000 0.052708 0.412112 0.185823 0.229574 0.412455 0.458187 0.222471 0.356044
20.000000 0.052676 0.411748 0.185737 0.229453 0.411854 0.458111 0.222190 0.355554
20.200000 0.052704 0.411585 0.185575 0.229220 0.411094 0.458049 0.222047 0.355210
20.400000 0.052716 0.411268 0.185761 0.229065 0.410317 0.457949 0.221924 0.354486
20.600000 0.052767 0.410982 0.185590 0.229031 0.409755 0.458059 0.222014 0.354114
20.800000 0.052682 0.410680 0.185552 0.228822 0.409198 0.457975 0.221710 0.353676
21.000000 0.052713 0.410575 0.185657 0.228668 0.408485 0.458037 0.221604 0.353193
21.200000 0.052690 0.410304 0.185615 0.228484 0.407977 0.457877 0.221423 0.352671
21.400000 0.052513 0.410109 0.185375 0.228336 0.407202 0.457788 0.221387 0.352036
21.600000 0.052650 0.409716 0.185579 0.228176 0.406400 0.457889 0.221285 0.351663
21.800000 0.052378 0.409655 0.185593 0.228068 0.405921 0.457805 0.221176 0.351155
22.000000 0.052686 0.409287 0.185563 0.227865 0.405083 0.457680 0.221102 0.350678
22.200000 0.052652 0.408943 0.185117 0.227662 0.404631 0.457643 0.220835 0.350146
22.400000 0.052656 0.408799 0.185667 0.227575 0.403910 0.457665 0.220944 0.349693
22.600000 0.052494 0.408770 0.185503 0.227476 0.403410 0.457697 0.220763 0.349245
22.800000 0.052636 0.408217 0.185593 0.227271 0.402728 0.457682 0.220515 0.348470
23.000000 0.052617 0.408131 0.185562 0.227156 0.402029 0.457514 0.220515 0.348245
23.200000 0.052614 0.407704 0.185284 0.227027 0.401307 0.457651 0.220396 0.347727
23.400000 0.052632 0.407535 0.185469 0.226641 0.400791 0.457408 0.220040 0.347188
23.600000 0.052609 0.407385 0.185482 0.226655 0.400215 0.457428 0.220215 0.346845
23.800000 0.052570 0.406952 0.185325 0.226570 0.399637 0.457370 0.219860 0.346346
24.000000 0.052600 0.406899 0.185244 0.226396 0.399008 0.457436 0.220019 0.345994
24.200000 0.052605 0.406685 0.185267 0.226257 0.398545 0.457545 0.219910 0.345514
24.400000 0.052618 0.406542 0.185378 0.226221 0.397803 0.457276 0.219742 0.345183
24.600000 0.052608 0.406334 0.185247 0.225956 0.397183 0.457369 0.219672 0.344651
24.800000 0.052441 0.405894 0.185327 0.225744 0.396649 0.457346 0.219492 0.343925
25.000000 0.052575 0.405810 0.185390 0.225562 0.396002 0.457351 0.219339 0.343729
25.200000 0.052552 0.405543 0.185211 0.225453 0.395447 0.457304 0.219311 0.343067
25.400000 0.052601 0.405367 0.185118 0.225294 0.394971 0.457258 0.219171 0.342561
25.600000 0.052566 0.404990 0.185165 0.225126 0.394039 0.457007 0.219114 0.342388
25.800000 0.052568 0.404685 0.185373 0.225112 0.393602 0.457112 0.218984 0.341837
26.000000 0.052511 0.404517 0.185220 0.225047 0.393025 0.457001 0.218931 0.341232
26.200000 0.052529 0.404503 0.185114 0.224785 0.392323 0.457028 0.218790 0.340949
26.400000 0.052571 0.404080 0.185200 0.224644 0.391942 0.457084 0.218672 0.340437
26.600000 0.052543 0.404029 0.185120 0.224546 0.391502 0.456995 0.218616 0.340186
26.800000 0.052554 0.403790 0.185152 0.224464 0.390835 0.456935 0.218382 0.339793
27.000000 0.052595 0.403637 0.184982 0.224453 0.390302 0.456896 0.218406 0.339317
27.200000 0.052503 0.403286 0.185165 0.224121 0.389568 0.456926 0.218425 0.338903
27.400000 0.052557 0.403144 0.185036 0.223850 0.389236 0.456896 0.218117 0.338585
27.600000 0.052512 0.402978 0.185028 0.223981 0.388702 0.456856 0.218104 0.338087
27.800000 0.052513 0.402738 0.184978 0.223683 0.388066 0.456978 0.217997 0.337655
28.000000 0.052371 0.402570 0.185114 0.223307 0.387445 0.456766 0.217943 0.337439
28.200000 0.052540 0.402347 0.184955 0.223532 0.387051 0.456846 0.217792 0.336870
28.400000 0.052515 0.402071 0.185207 0.223330 0.386581 0.456662 0.217696 0.336317
28.600000 0.052629 0.402067 0.184987 0.223084 0.386042 0.456703 0.217329 0.336141
28.800000 0.052504 0.401622 0.184952 0.222989 0.385417 0.456659 0.217460 0.335724
29.000000 0.052519 0.401455 0.185078 0.223064 0.385066 0.456585 0.217569 0.335314
29.200000 0.052509 0.401321 0.184836 0.222687 0.384424 0.456589 0.217323 0.334882
29.400000 0.052394 0.400992 0.184870 0.222639 0.383918 0.456504 0.217226 0.334497
29.600000 0.052611 0.400891 0.184907 0.222387 0.383225 0.456506 0.217119 0.334119
29.800000 0.052341 0.400752 0.184907 0.222322 0.382887 0.456446 0.217042 0.333778
30.000000 0.052505 0.400649 0.184906 0.222178 0.382443 0.456321 0.216939 0.333384
30.200000 0.052347 0.400323 0.184651 0.222135 0.382065 0.456314 0.216671 0.332827
30.400000 0.052591 0.400024 0.184667 0.221990 0.381237 0.456242 0.216736 0.332500
30.600000 0.052775 0.399875 0.184649 0.221656 0.380889 0.456262 0.216692 0.332239
30.800000 0.052831 0.399754 0.184701 0.221720 0.380267 0.456166 0.216370 0.331824
31.000000 0.053114 0.399608 0.184792 0.221620 0.379896 0.456309 0.216509 0.331419
31.200000 0.053747 0.399190 0.184845 0.221437 0.379390 0.456119 0.216233 0.331010
31.400000 0.054369 0.399064 0.184907 0.221533 0.379086 0.456096 0.216224 0.330907
31.600000 0.054992 0.398811 0.184782 0.221451 0.378745 0.456230 0.215936 0.331035
31.800000 0.055956 0.399149 0.184814 0.221480 0.379457 0.456126 0.216202 0.331029
32.000000 0.056790 0.398960 0.184926 0.221465 0.379953 0.456123 0.216130 0.331445
32.200000 0.057744 0.399245 0.184885 0.221491 0.380885 0.456135 0.216105 0.331971
32.400000 0.058464 0.399621 0.184898 0.221955 0.382388 0.455948 0.216095 0.333411
32.600000 0.059332 0.399998 0.185000 0.222191 0.384410 0.456086 0.215976 0.334802
32.800000 0.060323 0.400869 0.185081 0.222372 0.386860 0.456057 0.216205 0.336591
33.000000 0.061099 0.402322 0.185094 0.223217 0.389988 0.455989 0.216280 0.338754
33.200000 0.061684 0.403621 0.184979 0.223464 0.393314 0.456057 0.216297 0.341226
33.400000 0.062380 0.406013 0.185313 0.224648 0.397045 0.456119 0.216348 0.344079
33.600000 0.062892 0.408583 0.185479 0.225638 0.400912 0.456010 0.216223 0.346969
33.800000 0.063337 0.411978 0.185820 0.226822 0.405670 0.455833 0.216473 0.350370
34.000000 0.063953 0.415552 0.186142 0.227985 0.410417 0.455999 0.216561 0.353861
34.200000 0.064344 0.420024 0.186530 0.229411 0.415645 0.456105 0.216705 0.357738
34.400000 0.064748 0.424786 0.186724 0.230601 0.420864 0.456156 0.216760 0.361488
34.600000 0.065075 0.430087 0.187038 0.231970 0.426467 0.456136 0.216972 0.365925
34.800000 0.065373 0.435857 0.187452 0.233464 0.432258 0.456097 0.217080 0.370519
35.000000 0.065593 0.442339 0.187737 0.234892 0.438220 0.456140 0.217212 0.375000
35.200000 0.065810 0.449033 0.188043 0.236663 0.444187 0.456129 0.217405 0.379997
35.400000 0.066040 0.455667 0.188382 0.238055 0.450148 0.456350 0.217648 0.384565
35.600000 0.066193 0.462573 0.188661 0.239436 0.456291 0.456317 0.217735 0.389149
35.800000 0.066344 0.469956 0.188774 0.240824 0.462369 0.456356 0.217882 0.394070
36.000000 0.066468 0.477455 0.189377 0.242276 0.468856 0.456290 0.218015 0.399190
36.200000 0.066621 0.485141 0.189764 0.243599 0.475128 0.456299 0.218085 0.404273
36.400000 0.066548 0.492831 0.189888 0.244926 0.481585 0.456423 0.218267 0.409327
36.600000 0.066794 0.500900 0.190291 0.246126 0.488032 0.456459 0.218461 0.414578
36.800000 0.066977 0.508905 0.190468 0.247555 0.494636 0.456436 0.218533 0.419861
37.000000 0.066906 0.516918 0.190803 0.248779 0.500963 0.456531 0.218678 0.425085
37.200000 0.067132 0.525511 0.191242 0.250375 0.508540 0.456396 0.218998 0.431646
37.400000 0.067054 0.537511 0.191470 0.251874 0.517648 0.456623 0.219252 0.438740
37.600000 0.066989 0.545690 0.191875 0.253432 0.524486 0.456597 0.219376 0.444262
37.800000 0.067025 0.554000 0.192193 0.254543 0.531278 0.456566 0.219525 0.449717
38.000000 0.067236 0.561881 0.192293 0.255699 0.538058 0.456563 0.219672 0.455249
38.200000 0.067087 0.570331 0.192640 0.257075 0.544828 0.456829 0.219727 0.461024
38.400000 0.067142 0.578189 0.193051 0.258073 0.551459 0.456751 0.220037 0.466498
38.600000 0.067343 0.586539 0.193265 0.259336 0.558237 0.456638 0.220229 0.472199
38.800000 0.067352 0.594223 0.193335 0.260607 0.565168 0.456813 0.220233 0.477823
39.000000 0.067494 0.602160 0.193678 0.261543 0.572051 0.456959 0.220538 0.483537
39.200000 0.067380 0.609936 0.194111 0.262709 0.578502 0.456910 0.220650 0.489056
39.400000 0.067296 0.617583 0.194202 0.263945 0.585181 0.456997 0.220916 0.494654
39.600000 0.067295 0.625245 0.194647 0.264983 0.592127 0.457088 0.220957 0.500311
39.800000 0.067392 0.632489 0.194779 0.265996 0.598794 0.457018 0.221372 0.505824
40.000000 0.067295 0.639931 0.195078 0.267215 0.605037 0.457133 0.221451 0.511315
40.200000 0.067558 0.647199 0.195203 0.268222 0.612158 0.457090 0.221596 0.516871
40.400000 0.067476 0.654129 0.195341 0.269271 0.618445 0.457135 0.221790 0.522458
40.600000 0.067533 0.661360 0.195921 0.270451 0.625194 0.457117 0.221884 0.527852
40.800000 0.067487 0.667881 0.195851 0.271585 0.631757 0.457174 0.222129 0.533425
41.000000 0.067531 0.674999 0.196241 0.272498 0.638283 0.457263 0.222387 0.538687
41.200000 0.067575 0.681408 0.196396 0.273464 0.644880 0.457449 0.222572 0.543993
41.400000 0.067534 0.687792 0.196725 0.274414 0.651279 0.457240 0.222487 0.549592
41.600000 0.067732 0.694037 0.196914 0.275531 0.657637 0.457242 0.222847 0.554549
41.800000 0.067590 0.700078 0.197108 0.276480 0.663847 0.457374 0.223053 0.559825
42.000000 0.067469 0.706023 0.197399 0.277532 0.669968 0.457473 0.223297 0.564803
42.200000 0.067599 0.711573 0.197473 0.278396 0.676267 0.457372 0.223485 0.569944
42.400000 0.067599 0.717236 0.197731 0.279508 0.682516 0.457559 0.223691 0.575070
42.600000 0.067475 0.722690 0.197948 0.280240 0.688202 0.457536 0.223735 0.580093
42.800000 0.067654 0.727927 0.198288 0.281231 0.694455 0.457593 0.223718 0.584897
43.000000 0.067665 0.732973 0.198316 0.282387 0.700342 0.457701 0.224281 0.589609
43.200000 0.067698 0.737841 0.198503 0.283401 0.706286 0.457727 0.224351 0.594729
43.400000 0.067628 0.742502 0.198738 0.284239 0.711963 0.457651 0.224505 0.599074
43.600000 0.067722 0.747385 0.198827 0.285199 0.717965 0.457756 0.224775 0.604276
43.800000 0.067653 0.753297 0.199209 0.286348 0.725316 0.457853 0.224980 0.610083
44.000000 0.067662 0.757375 0.199192 0.287274 0.730601 0.457863 0.225167 0.614436
44.200000 0.067680 0.761196 0.199557 0.288234 0.736058 0.457818 0.225234 0.618731
44.400000 0.067678 0.765180 0.199713 0.288921 0.741235 0.458059 0.225595 0.622872
44.600000 0.067714 0.768792 0.199847 0.289900 0.746393 0.457850 0.225806 0.627184
44.800000 0.067584 0.772427 0.199953 0.290778 0.751639 0.457981 0.225862 0.631304
45.000000 0.067706 0.775951 0.200120 0.291545 0.756636 0.458016 0.226119 0.635517
45.200000 0.067863 0.779299 0.200291 0.292404 0.761590 0.458110 0.226295 0.639578
45.400000 0.067709 0.782558 0.200484 0.293204 0.766401 0.457858 0.226560 0.643191
45.600000 0.067602 0.785646 0.200503 0.293888 0.771257 0.458163 0.226662 0.647282
45.800000 0.067799 0.788546 0.200793 0.294995 0.775084 0.458090 0.226846 0.650941
46.000000 0.067450 0.791422 0.200942 0.295579 0.780333 0.458224 0.226966 0.654640
46.200000 0.067456 0.793991 0.201111 0.296550 0.784795 0.458360 0.227337 0.658484
46.400000 0.067880 0.796470 0.201169 0.297370 0.789353 0.458316 0.227335 0.661847
46.600000 0.067771 0.799198 0.201374 0.298113 0.793578 0.458304 0.227449 0.665545
46.800000 0.067618 0.801645 0.201417 0.298950 0.797920 0.458314 0.227525 0.669100
47.000000 0.067621 0.803875 0.201500 0.299645 0.802060 0.458362 0.227919 0.672305
47.200000 0.067759 0.806028 0.201768 0.300233 0.806198 0.458505 0.228158 0.675804
47.400000 0.067766 0.808130 0.201812 0.301010 0.810203 0.458473 0.228076 0.678764
47.600000 0.067840 0.810387 0.201970 0.301874 0.814210 0.458410 0.228412 0.682203
47.800000 0.067773 0.812269 0.202033 0.302774 0.818021 0.458674 0.228632 0.685269
48.000000 0.067800 0.814127 0.202267 0.303375 0.821620 0.458590 0.228831 0.688309
48.200000 0.067891 0.815777 0.202341 0.304240 0.825281 0.458527 0.228978 0.691267
48.400000 0.067793 0.817679 0.202518 0.304984 0.828838 0.458530 0.229135 0.694048
48.600000 0.067643 0.819183 0.202429 0.305707 0.832467 0.458716 0.229332 0.697131
48.800000 0.067799 0.820817 0.202766 0.306443 0.835931 0.458768 0.229404 0.699826
49.000000 0.067819 0.822297 0.202811 0.307015 0.839183 0.458870 0.229656 0.702614
49.200000 0.067840 0.823933 0.202928 0.307858 0.842322 0.458946 0.229782 0.705268
49.400000 0.067860 0.825234 0.203080 0.308528 0.845642 0.458843 0.230037 0.707965
49.600000 0.067629 0.826293 0.203142 0.309261 0.848688 0.458810 0.230126 0.710154
49.800000 0.067792 0.827791 0.203329 0.310037 0.851739 0.458905 0.230289 0.712757
50.000000 0.067813 0.829507 0.203545 0.310739 0.855436 0.458895 0.230661 0.715990
50.200000 0.067833 0.830588 0.203414 0.311219 0.858589 0.458928 0.230746 0.718424
50.400000 0.067846 0.831856 0.203421 0.312123 0.861305 0.458952 0.230844 0.720715
50.600000 0.067810 0.833039 0.203599 0.312799 0.863988 0.458925 0.231033 0.723018
50.800000 0.067838 0.833965 0.203689 0.313422 0.866984 0.459076 0.231057 0.725299
51.000000 0.067846 0.834827 0.203943 0.314176 0.869727 0.459138 0.231366 0.727632
51.200000 0.067843 0.835799 0.203868 0.314931 0.871964 0.459095 0.231558 0.729753
51.400000 0.067873 0.836694 0.204092 0.315456 0.874783 0.459210 0.231591 0.731849
51.600000 0.067835 0.837801 0.204062 0.316036 0.877372 0.459153 0.231792 0.734059
51.800000 0.067878 0.838677 0.204218 0.316764 0.879805 0.459166 0.232030 0.735949
52.000000 0.067872 0.839539 0.204195 0.317421 0.882240 0.459414 0.232129 0.738071
52.200000 0.067892 0.840257 0.204220 0.317820 0.884299 0.459340 0.232250 0.740004
52.400000 0.067876 0.840935 0.204479 0.318840 0.886955 0.459433 0.232604 0.741947
52.600000 0.067871 0.841940 0.204630 0.319348 0.889076 0.459458 0.232707 0.743852
52.800000 0.068010 0.842493 0.204674 0.319754 0.891535 0.459299 0.232937 0.745614
53.000000 0.067889 0.843334 0.204658 0.320494 0.893476 0.459429 0.233124 0.747511
53.200000 0.067872 0.843977 0.204819 0.321118 0.895506 0.459392 0.233238 0.749148
53.400000 0.067869 0.844489 0.204800 0.321767 0.897542 0.459474 0.233430 0.750862
53.600000 0.067714 0.845276 0.205024 0.322331 0.899724 0.459445 0.233609 0.752460
53.800000 0.067831 0.845518 0.205102 0.323017 0.901309 0.459284 0.233830 0.754073
54.000000 0.067866 0.846318 0.205117 0.323515 0.903486 0.459687 0.234048 0.755636
54.200000 0.068029 0.847136 0.205095 0.324229 0.905209 0.459689 0.234103 0.757337
54.400000 0.067725 0.847587 0.205365 0.324684 0.907413 0.459657 0.234231 0.758857
54.600000 0.067698 0.848064 0.205259 0.325438 0.909058 0.459701 0.234414 0.760228
54.800000 0.067866 0.848520 0.205351 0.325847 0.910649 0.459709 0.234569 0.761580
55.000000 0.067866 0.848962 0.205488 0.326404 0.912414 0.459799 0.234534 0.763214
55.200000 0.067855 0.849242 0.205418 0.326974 0.914298 0.459846 0.234907 0.764578
55.400000 0.067855 0.849862 0.205551 0.327604 0.915767 0.459791 0.235028 0.766067
55.600000 0.068002 0.850279 0.205740 0.328165 0.917746 0.460000 0.235181 0.767140
55.800000 0.067854 0.850622 0.205694 0.328539 0.918921 0.459926 0.235318 0.768552
56.000000 0.067934 0.851038 0.205762 0.329208 0.920446 0.459997 0.235634 0.770097
56.200000 0.067872 0.851520 0.205547 0.330030 0.922505 0.459997 0.235696 0.771391
56.400000 0.067844 0.851792 0.205913 0.330433 0.924215 0.460021 0.235884 0.772835
56.600000 0.067893 0.852293 0.205976 0.331078 0.925438 0.459916 0.236000 0.773998
56.800000 0.067889 0.852550 0.205996 0.331714 0.926732 0.459952 0.236077 0.775077
57.000000 0.068029 0.852950 0.206100 0.332055 0.928325 0.460202 0.236216 0.775975
57.200000 0.067858 0.853154 0.206118 0.332624 0.929363 0.460072 0.236642 0.777273
57.400000 0.067840 0.853416 0.206235 0.333074 0.930771 0.460080 0.236539 0.778218
57.600000 0.067862 0.853803 0.206276 0.333644 0.932011 0.460248 0.236741 0.779343
57.800000 0.067884 0.854186 0.206354 0.334291 0.933191 0.460306 0.236864 0.780444
58.000000 0.067899 0.854325 0.206001 0.334665 0.934561 0.460222 0.237074 0.781369
58.200000 0.067879 0.854540 0.206367 0.335177 0.935780 0.460206 0.237381 0.782220
58.400000 0.067878 0.854576 0.206512 0.335617 0.936836 0.460228 0.237388 0.783098
58.600000 0.067838 0.854896 0.206378 0.336059 0.937872 0.460422 0.237440 0.783730
58.800000 0.067754 0.855177 0.206456 0.336533 0.938887 0.460472 0.237882 0.785138
59.000000 0.067879 0.855303 0.206394 0.337009 0.940090 0.460425 0.237855 0.785890
59.200000 0.067765 0.855531 0.206731 0.337554 0.941015 0.460521 0.237992 0.786868
59.400000 0.067775 0.855708 0.206552 0.337994 0.941941 0.460551 0.238264 0.787644
59.600000 0.067914 0.855994 0.206839 0.338630 0.943218 0.460594 0.238323 0.788631
59.800000 0.068029 0.855975 0.206844 0.338953 0.944179 0.460650 0.238385 0.789335
60.000000 0.068038 0.856147 0.206875 0.339313 0.945149 0.460647 0.238513 0.790062
60.200000 0.067763 0.856398 0.206784 0.339879 0.946106 0.460547 0.238776 0.790923
60.400000 0.067986 0.856506 0.206857 0.340366 0.947187 0.460615 0.238676 0.791762
60.600000 0.067931 0.856591 0.206926 0.340804 0.948072 0.460697 0.238847 0.792680
60.800000 0.067908 0.856836 0.206981 0.341440 0.949125 0.460759 0.239132 0.793416
61.000000 0.067928 0.857192 0.207196 0.341757 0.949943 0.460696 0.239407 0.793936
61.200000 0.067924 0.857241 0.207096 0.342210 0.950865 0.460799 0.239275 0.794766
61.400000 0.067768 0.857450 0.207087 0.342747 0.951709 0.460844 0.239651 0.795417
61.600000 0.067774 0.857602 0.207203 0.343320 0.952465 0.460751 0.239792 0.796282
61.800000 0.068049 0.857763 0.207118 0.343673 0.953459 0.460959 0.239760 0.797101
62.000000 0.067840 0.857803 0.207320 0.344087 0.954312 0.461042 0.240159 0.797477
62.200000 0.067920 0.858139 0.207335 0.344670 0.955190 0.461063 0.240241 0.798473
62.400000 0.067912 0.858218 0.207279 0.345207 0.956259 0.461090 0.240378 0.799341
62.600000 0.067764 0.858436 0.207344 0.345503 0.957183 0.461078 0.240630 0.799863
62.800000 0.068027 0.858460 0.207413 0.346010 0.957522 0.461117 0.240763 0.800466
63.000000 0.068047 0.858462 0.207492 0.346410 0.958470 0.461092 0.240726 0.801057
63.200000 0.067897 0.858652 0.207500 0.346867 0.959088 0.461053 0.240983 0.801640
63.400000 0.067847 0.858668 0.207672 0.347328 0.959678 0.461131 0.241059 0.802059
63.600000 0.067823 0.858750 0.207524 0.347676 0.960236 0.460968 0.241143 0.802514
63.800000 0.067860 0.858963 0.207632 0.348092 0.961054 0.461211 0.241268 0.803154
64.000000 0.067863 0.859052 0.207620 0.348533 0.961826 0.461258 0.241681 0.803736
64.200000 0.067875 0.858985 0.207399 0.348683 0.962502 0.461323 0.241560 0.804203
64.400000 0.067883 0.859193 0.207812 0.349305 0.962939 0.461348 0.241708 0.804714
64.600000 0.067858 0.859184 0.207781 0.349752 0.963640 0.461305 0.241736 0.805128
64.800000 0.067883 0.859189 0.207801 0.350047 0.964104 0.461401 0.242134 0.805760
65.000000 0.067888 0.859283 0.207698 0.350511 0.964669 0.461515 0.242292 0.806208
65.200000 0.067866 0.859199 0.207800 0.350946 0.965288 0.461485 0.242241 0.806701
65.400000 0.067842 0.859293 0.207834 0.351383 0.966033 0.461426 0.242431 0.807110
65.600000 0.067842 0.898429 0.207895 0.351784 0.966379 0.461465 0.242429 0.807504
65.800000 0.067894 0.859445 0.207935 0.352149 0.967037 0.461539 0.242652 0.807995
66.000000 0.067763 0.898376 0.207933 0.352572 0.967204 0.461724 0.242662 0.808281
66.200000 0.067844 0.859449 0.207883 0.352509 0.968301 0.461531 0.242787 0.808621
66.400000 0.067887 0.859639 0.208093 0.353174 0.968430 0.461546 0.242869 0.809040
66.600000 0.067890 0.859635 0.208108 0.353557 0.968861 0.461652 0.243148 0.809521
66.800000 0.067778 0.859567 0.207826 0.353956 0.969398 0.460991 0.242826 0.810011
67.000000 0.067894 0.859656 0.208064 0.354317 0.969868 0.461689 0.243481 0.810331
67.200000 0.067678 0.859450 0.207819 0.354545 0.970234 0.461569 0.243248 0.810424
67.400000 0.067698 0.859501 0.207612 0.354221 0.970474 0.461432 0.243386 0.811142
67.600000 0.067604 0.859806 0.208140 0.355599 0.971592 0.461797 0.243822 0.811752
67.800000 0.067866 0.859748 0.207990 0.355845 0.971954 0.461765 0.243924 0.811916
68.000000 0.067866 0.859712 0.208132 0.356383 0.972371 0.461875 0.244033 0.812143
68.200000 0.067852 0.859816 0.208423 0.356617 0.972946 0.461947 0.244364 0.812802
68.400000 0.067878 0.859721 0.208223 0.357208 0.973319 0.461906 0.244338 0.813130
68.600000 0.067865 0.859861 0.208265 0.357503 0.973714 0.462033 0.244451 0.813407
68.800000 0.067853 0.859767 0.208146 0.357856 0.974020 0.461943 0.244604 0.813786
69.000000 0.067749 0.859973 0.208362 0.358269 0.974498 0.461990 0.244612 0.813782
69.200000 0.067840 0.859910 0.208375 0.358429 0.974762 0.462019 0.244876 0.814410
69.400000 0.067821 0.860095 0.208412 0.358963 0.975213 0.462082 0.244980 0.814630
69.600000 0.067852 0.859949 0.208506 0.359278 0.975496 0.462148 0.245115 0.814940
69.800000 0.067852 0.859909 0.208141 0.359625 0.975968 0.462113 0.245100 0.815123
70.000000 0.067852 0.859994 0.208306 0.359898 0.976167 0.461921 0.245266 0.815187
70.200000 0.067775 0.859880 0.208583 0.360393 0.976571 0.462158 0.245408 0.815589
70.400000 0.067874 0.859870 0.208510 0.360547 0.976989 0.462067 0.245593 0.815925
70.600000 0.067860 0.859888 0.208283 0.360894 0.977205 0.462170 0.245654 0.816088
70.800000 0.067837 0.860021 0.208510 0.361287 0.977759 0.462259 0.245710 0.816519
71.000000 0.067887 0.860099 0.208557 0.361577 0.978049 0.462061 0.245963 0.816752
71.200000 0.067877 0.859888 0.208463 0.361894 0.978392 0.462477 0.245993 0.817071
71.400000 0.067860 0.860006 0.208612 0.362198 0.978695 0.462242 0.246007 0.817248
71.600000 0.067863 0.860129 0.208727 0.362589 0.978907 0.462257 0.246385 0.817509
71.800000 0.067863 0.859931 0.208602 0.362869 0.979161 0.462411 0.246395 0.817772
72.000000 0.067841 0.860041 0.208701 0.363203 0.979591 0.462218 0.246524 0.817937
72.200000 0.067875 0.860049 0.208622 0.363448 0.979791 0.462403 0.246474 0.818307
72.400000 0.067775 0.860268 0.208609 0.363811 0.980064 0.462365 0.246870 0.818333
72.600000 0.067871 0.859881 0.208871 0.363990 0.980507 0.462449 0.246903 0.818558
72.800000 0.067900 0.860191 0.208636 0.364405 0.980823 0.462351 0.246774 0.818666
73.000000 0.067877 0.860021 0.208987 0.364799 0.980843 0.462579 0.246958 0.818945
73.200000 0.067757 0.860159 0.208878 0.364968 0.981098 0.462626 0.247115 0.819226
73.400000 0.067780 0.860240 0.208834 0.365199 0.981156 0.462642 0.247324 0.819168
73.600000 0.067760 0.860070 0.208850 0.365456 0.981699 0.462611 0.247341 0.819848
73.800000 0.067758 0.859989 0.208850 0.365940 0.981993 0.462703 0.247455 0.819941
74.000000 0.067860 0.860154 0.208774 0.366219 0.982344 0.462731 0.247551 0.819929
74.200000 0.067781 0.860244 0.208994 0.366585 0.982546 0.462681 0.247699 0.820344
74.400000 0.067887 0.860437 0.208913 0.367001 0.982999 0.462754 0.247680 0.820540
74.600000 0.067905 0.860378 0.208915 0.367217 0.983198 0.462786 0.247956 0.820834
74.800000 0.068030 0.860305 0.209022 0.367661 0.983430 0.462852 0.248099 0.820987
75.000000 0.067759 0.860380 0.208914 0.368139 0.983718 0.462914 0.248175 0.821319
75.200000 0.067879 0.860440 0.209006 0.367956 0.983825 0.462951 0.248108 0.821359
75.400000 0.067816 0.860232 0.208753 0.368361 0.983976 0.462773 0.248339 0.821444
75.600000 0.067862 0.860435 0.209091 0.368799 0.984327 0.462853 0.248433 0.821660
75.800000 0.067898 0.860377 0.209097 0.368994 0.984355 0.462960 0.248694 0.821941
76.000000 0.067886 0.860145 0.209112 0.369138 0.984686 0.462805 0.248680 0.821872
76.200000 0.067898 0.860300 0.209031 0.369655 0.985102 0.463037 0.248599 0.822400
76.400000 0.067840 0.860326 0.208938 0.369876 0.984885 0.462924 0.248783 0.822066
76.600000 0.067877 0.860252 0.209178 0.370082 0.985386 0.462968 0.249003 0.822328
76.800000 0.067894 0.860373 0.209246 0.370438 0.985459 0.463095 0.248929 0.822550
77.000000 0.067778 0.860449 0.209175 0.370638 0.985741 0.463152 0.249172 0.822691
77.200000 0.067756 0.860303 0.209115 0.370812 0.985658 0.463234 0.249435 0.822967
77.400000 0.067768 0.860363 0.209337 0.371094 0.986127 0.463085 0.249382 0.822927
77.600000 0.067883 0.860311 0.209257 0.371409 0.986191 0.463250 0.249459 0.823332
77.800000 0.067915 0.860538 0.209256 0.371764 0.986418 0.463126 0.249484 0.823323
78.000000 0.067874 0.860580 0.209302 0.371995 0.986501 0.463142 0.249644 0.823466
78.200000 0.068015 0.860443 0.209317 0.372172 0.986800 0.463247 0.249724 0.823552
78.400000 0.067906 0.860489 0.209146 0.372600 0.986875 0.463119 0.249696 0.823785
78.600000 0.067940 0.860432 0.209314 0.372803 0.987079 0.463317 0.249895 0.823917
78.800000 0.067750 0.860491 0.209348 0.372991 0.987201 0.463070 0.249976 0.823997
79.000000 0.067911 0.860580 0.209284 0.373164 0.987420 0.463284 0.250202 0.824131
79.200000 0.067775 0.860530 0.209442 0.373593 0.987678 0.463349 0.250150 0.824150
79.400000 0.067787 0.860537 0.209413 0.373768 0.987567 0.463257 0.250114 0.824420
79.600000 0.067876 0.860309 0.209296 0.373786 0.987653 0.463274 0.250307 0.824430
79.800000 0.067768 0.860466 0.209397 0.374378 0.988090 0.463551 0.250469 0.824657
80.000000 0.067919 0.860635 0.209408 0.374677 0.988256 0.463417 0.250509 0.824593
80.200000 0.067958 0.860673 0.209357 0.374985 0.988601 0.463567 0.250753 0.825066
80.400000 0.067931 0.860741 0.209500 0.375162 0.988765 0.463586 0.250816 0.825079
80.600000 0.067955 0.860481 0.209610 0.375460 0.988715 0.463475 0.251004 0.825258
80.800000 0.068024 0.860651 0.209457 0.375737 0.988839 0.463616 0.250936 0.825347
81.000000 0.067941 0.860716 0.209455 0.375859 0.989059 0.463646 0.251049 0.825359
81.200000 0.067958 0.860799 0.209535 0.375981 0.989223 0.463653 0.251133 0.825583
81.400000 0.067962 0.860851 0.209593 0.376295 0.989315 0.463599 0.251222 0.825738
81.600000 0.067961 0.860859 0.209417 0.376619 0.989441 0.463859 0.251220 0.825836
81.800000 0.067937 0.860862 0.209538 0.376726 0.989676 0.463418 0.251384 0.825853
82.000000 0.067950 0.860842 0.209569 0.377078 0.989653 0.463569 0.251457 0.826011
82.200000 0.067936 0.860854 0.209616 0.377206 0.989747 0.463775 0.251480 0.826070
82.400000 0.067925 0.860838 0.209583 0.377404 0.990138 0.463839 0.251572 0.826128
82.600000 0.068044 0.860859 0.209591 0.377664 0.990189 0.463842 0.251668 0.826361
82.800000 0.067956 0.860850 0.209622 0.378034 0.990270 0.464001 0.251618 0.826375
83.000000 0.067911 0.860922 0.209560 0.378079 0.990569 0.463939 0.251882 0.826421
83.200000 0.067953 0.861058 0.209656 0.378292 0.990596 0.463719 0.251945 0.826707
83.400000 0.067958 0.861013 0.209689 0.378624 0.990665 0.463916 0.252011 0.826640
83.600000 0.068049 0.860838 0.209732 0.378851 0.990783 0.463620 0.252053 0.826848
83.800000 0.067939 0.861141 0.209723 0.378902 0.991163 0.463994 0.252227 0.826901
84.000000 0.067644 0.861113 0.209504 0.379033 0.991153 0.464013 0.252194 0.826734
84.200000 0.067962 0.861072 0.209761 0.379533 0.991318 0.463939 0.252330 0.827280
84.400000 0.067815 0.861200 0.209763 0.379700 0.991377 0.464273 0.252532 0.827297
84.600000 0.067958 0.861095 0.209698 0.379810 0.991531 0.464112 0.252495 0.827457
84.800000 0.067946 0.861231 0.209682 0.380240 0.991710 0.464064 0.252662 0.827401
85.000000 0.067942 0.861262 0.209664 0.380393 0.991678 0.464096 0.252599 0.827625
85.200000 0.067954 0.861347 0.209940 0.380682 0.992077 0.464299 0.252808 0.827756
85.400000 0.067951 0.861409 0.209882 0.380766 0.992071 0.464135 0.252485 0.827851
85.600000 0.067966 0.861408 0.209891 0.380948 0.991998 0.464166 0.252717 0.827919
85.800000 0.067955 0.861478 0.209882 0.381295 0.991904 0.464056 0.252883 0.828139
86.000000 0.067968 0.861424 0.209887 0.381364 0.992198 0.464275 0.252868 0.828173
86.200000 0.067785 0.861513 0.209870 0.381621 0.992718 0.464393 0.253086 0.828307
86.400000 0.067928 0.861519 0.209831 0.381703 0.992352 0.464198 0.253074 0.828161
86.600000 0.068017 0.861797 0.209990 0.382086 0.993000 0.464349 0.253267 0.828359
86.800000 0.067945 0.861666 0.210067 0.382374 0.992754 0.464202 0.253288 0.828462
87.000000 0.067985 0.861764 0.210074 0.382438 0.992947 0.464420 0.253349 0.828605
87.200000 0.067996 0.861733 0.209910 0.382649 0.993042 0.464470 0.253312 0.828780
87.400000 0.067984 0.861681 0.209985 0.382849 0.993514 0.464510 0.253537 0.828718
87.600000 0.067986 0.861771 0.210052 0.383263 0.993206 0.464455 0.253528 0.828830
87.800000 0.067974 0.861602 0.210103 0.383163 0.993365 0.464234 0.253553 0.828772
88.000000 0.067953 0.861947 0.210034 0.383496 0.993546 0.464437 0.253611 0.828861
88.200000 0.067966 0.861685 0.210048 0.383637 0.993576 0.464426 0.253611 0.829148
88.400000 0.067844 0.861850 0.209998 0.383857 0.993753 0.464335 0.254022 0.829104
88.600000 0.068010 0.861709 0.210028 0.384111 0.993841 0.464550 0.254045 0.829353
88.800000 0.067999 0.861704 0.210252 0.384334 0.993838 0.464478 0.253921 0.829317
89.000000 0.067996 0.862044 0.210174 0.384502 0.993824 0.464518 0.253963 0.829378
89.200000 0.068012 0.862060 0.210252 0.384783 0.994159 0.464767 0.254184 0.829483
89.400000 0.067970 0.862077 0.209972 0.384852 0.994126 0.464487 0.254335 0.829566
89.600000 0.068001 0.861992 0.210139 0.385066 0.994282 0.464489 0.254321 0.829726
89.800000 0.067970 0.861828 0.210061 0.385265 0.994387 0.464762 0.254497 0.829682
90.000000 0.067937 0.862092 0.210018 0.385351 0.994521 0.464491 0.254272 0.829791
