0.200000 0.053103 0.452533 0.188405 0.254403 0.517116 0.462600 0.235322 0.435966
0.400000 0.053378 0.451359 0.188388 0.253767 0.514711 0.462357 0.235200 0.434374
0.600000 0.053228 0.450982 0.188359 0.253733 0.513386 0.462643 0.235079 0.433254
0.800000 0.053169 0.450341 0.188302 0.253177 0.512015 0.462636 0.234925 0.432277
1.000000 0.053195 0.449794 0.188181 0.252792 0.510589 0.462378 0.234814 0.431123
1.200000 0.053186 0.449196 0.188273 0.252471 0.509052 0.462418 0.234625 0.430136
1.400000 0.053171 0.448467 0.188031 0.252150 0.468830 0.462410 0.234421 0.428928
1.600000 0.053158 0.448222 0.188117 0.251848 0.506300 0.462222 0.195441 0.427899
1.800000 0.053192 0.447742 0.188074 0.251687 0.505053 0.462301 0.234176 0.426747
2.000000 0.053169 0.446979 0.188031 0.251224 0.503736 0.462328 0.234179 0.425838
2.200000 0.053146 0.446561 0.187838 0.250968 0.502238 0.462299 0.233889 0.424793
2.400000 0.053179 0.445926 0.187910 0.250549 0.500961 0.462335 0.233619 0.423665
2.600000 0.053153 0.445529 0.187940 0.250102 0.499439 0.462232 0.233579 0.422585
2.800000 0.053123 0.444526 0.187841 0.249686 0.497360 0.462142 0.233433 0.421124
3.000000 0.052978 0.444134 0.187984 0.249383 0.496171 0.461896 0.233232 0.420129
3.200000 0.053129 0.443476 0.187716 0.249126 0.494906 0.461917 0.233032 0.419152
3.400000 0.053219 0.442970 0.187709 0.248816 0.493603 0.461885 0.232721 0.418054
3.600000 0.052955 0.442431 0.187581 0.248482 0.492382 0.461949 0.232735 0.417111
3.800000 0.053099 0.441907 0.187750 0.248173 0.490897 0.461972 0.232656 0.416000
4.000000 0.053077 0.441505 0.187518 0.247867 0.489540 0.461799 0.232404 0.415007
4.200000 0.053070 0.441070 0.187557 0.247607 0.488561 0.462023 0.232286 0.413982
4.400000 0.053064 0.440580 0.187667 0.247129 0.487178 0.461799 0.232328 0.413123
4.600000 0.053075 0.439990 0.187510 0.246997 0.485911 0.461833 0.231945 0.412179
4.800000 0.053048 0.439636 0.187388 0.246605 0.484709 0.461583 0.231726 0.411125
5.000000 0.053038 0.439137 0.187436 0.246333 0.483273 0.461718 0.231718 0.410307
5.200000 0.053040 0.438687 0.187439 0.245842 0.482326 0.461730 0.231615 0.409381
5.400000 0.053043 0.438051 0.187388 0.245715 0.481020 0.461671 0.231396 0.408412
5.600000 0.053022 0.437729 0.187246 0.245383 0.479878 0.461513 0.231461 0.407301
5.800000 0.053029 0.437193 0.187318 0.245137 0.478599 0.461431 0.231102 0.406529
6.000000 0.053011 0.436807 0.187240 0.244641 0.477402 0.461538 0.230938 0.405458
6.200000 0.052989 0.436297 0.187117 0.244581 0.476375 0.461516 0.230817 0.404524
6.400000 0.052985 0.435786 0.187135 0.244299 0.474930 0.461538 0.230688 0.403757
6.600000 0.052964 0.435462 0.187088 0.244008 0.473707 0.461443 0.230498 0.402955
6.800000 0.052968 0.434948 0.187106 0.243745 0.472665 0.461350 0.230347 0.401989
7.000000 0.053000 0.434523 0.186961 0.243303 0.471605 0.461425 0.230216 0.401067
7.200000 0.052964 0.434055 0.187125 0.243297 0.470386 0.461362 0.229962 0.400152
7.400000 0.052888 0.433417 0.186952 0.242870 0.469091 0.461149 0.230052 0.399196
7.600000 0.052810 0.433134 0.186979 0.242674 0.468029 0.461266 0.229780 0.398450
7.800000 0.052954 0.432626 0.186850 0.242391 0.466946 0.461157 0.229612 0.397582
8.000000 0.052917 0.432317 0.186929 0.242019 0.465826 0.461143 0.229631 0.396735
8.200000 0.052913 0.431780 0.186780 0.241899 0.464590 0.461210 0.229418 0.395914
8.400000 0.052885 0.431370 0.186824 0.241656 0.463632 0.461090 0.229291 0.395190
8.600000 0.052739 0.430995 0.186689 0.241257 0.462570 0.461071 0.229099 0.394375
8.800000 0.052965 0.430647 0.186841 0.241048 0.461290 0.461032 0.228926 0.393342
9.000000 0.052874 0.430142 0.186746 0.240582 0.459954 0.461093 0.228686 0.392274
9.200000 0.052907 0.429685 0.186712 0.240501 0.458958 0.461054 0.228713 0.391470
9.400000 0.052844 0.429302 0.186624 0.240176 0.457826 0.460904 0.228404 0.390716
9.600000 0.052875 0.428909 0.186556 0.239914 0.456730 0.460691 0.228385 0.389686
9.800000 0.052877 0.428489 0.186582 0.239592 0.455682 0.460943 0.228268 0.389051
10.000000 0.052887 0.427869 0.186514 0.239543 0.454804 0.460697 0.227904 0.388278
10.200000 0.052857 0.427669 0.186648 0.239275 0.453775 0.460755 0.227876 0.387526
10.400000 0.052866 0.427293 0.186408 0.239059 0.452713 0.460546 0.227692 0.386689
10.600000 0.052931 0.426782 0.186294 0.238598 0.451130 0.460579 0.227528 0.385804
10.800000 0.052902 0.426487 0.186434 0.238393 0.450660 0.460552 0.227409 0.385247
11.000000 0.052838 0.426314 0.186551 0.238266 0.449746 0.460559 0.227218 0.384415
11.200000 0.052812 0.425800 0.186415 0.238080 0.448726 0.460360 0.227159 0.383674
11.400000 0.052813 0.425374 0.186407 0.237838 0.447780 0.460404 0.226924 0.382898
11.600000 0.052691 0.425028 0.186400 0.237621 0.446637 0.460450 0.226875 0.382105
11.800000 0.052660 0.424577 0.186226 0.237322 0.445823 0.460372 0.226529 0.381357
12.000000 0.052835 0.424385 0.186281 0.237135 0.444706 0.460454 0.226673 0.380826
12.200000 0.052791 0.423894 0.186278 0.236958 0.443877 0.460305 0.226585 0.379829
12.400000 0.052783 0.423586 0.186226 0.236597 0.442931 0.460333 0.226382 0.379260
12.600000 0.052780 0.423370 0.186211 0.236483 0.442028 0.460239 0.226256 0.378445
12.800000 0.052773 0.422889 0.186222 0.236058 0.440925 0.460322 0.226104 0.377877
13.000000 0.052778 0.422551 0.186026 0.236079 0.440501 0.460105 0.226129 0.377241
13.200000 0.052704 0.422348 0.186046 0.235653 0.439596 0.460089 0.225861 0.376535
13.400000 0.052769 0.421877 0.186127 0.235462 0.438532 0.460090 0.225536 0.375921
13.600000 0.052721 0.421554 0.186056 0.235418 0.437673 0.460162 0.225599 0.375247
13.800000 0.052759 0.421344 0.186051 0.235374 0.436918 0.460193 0.225472 0.374612
14.000000 0.052575 0.421137 0.186012 0.235003 0.436009 0.460131 0.225250 0.374023
14.200000 0.052743 0.420719 0.186145 0.234851 0.435253 0.460032 0.225091 0.373398
14.400000 0.052752 0.420372 0.186089 0.234658 0.434294 0.459936 0.225053 0.372772
14.600000 0.052710 0.420016 0.185954 0.234514 0.433626 0.459982 0.224944 0.372242
14.800000 0.052698 0.419624 0.185972 0.234318 0.432836 0.459970 0.224884 0.371498
15.000000 0.052764 0.419346 0.186116 0.234113 0.432002 0.459999 0.224901 0.370920
15.200000 0.052715 0.418991 0.185671 0.233889 0.430682 0.459847 0.224551 0.369892
15.400000 0.052684 0.418612 0.185731 0.233496 0.429965 0.459880 0.224518 0.369287
15.600000 0.052679 0.418459 0.185753 0.233433 0.429079 0.459766 0.224319 0.368934
15.800000 0.052533 0.418024 0.185797 0.233216 0.428455 0.459824 0.224209 0.368148
16.000000 0.052782 0.417782 0.185798 0.232861 0.427614 0.459656 0.224037 0.367622
16.200000 0.052696 0.417551 0.185778 0.232748 0.426685 0.459634 0.223858 0.366696
16.400000 0.052499 0.417242 0.185714 0.232557 0.426080 0.459735 0.223777 0.366502
16.600000 0.052647 0.416894 0.185742 0.232536 0.425149 0.459660 0.223698 0.365834
16.800000 0.052669 0.416670 0.185661 0.232250 0.424250 0.459467 0.223609 0.365169
17.000000 0.052724 0.416403 0.185652 0.232160 0.423746 0.459579 0.223458 0.364551
17.200000 0.052640 0.416005 0.185608 0.232080 0.422997 0.459496 0.223342 0.364166
17.400000 0.052517 0.415735 0.185651 0.231727 0.422257 0.459371 0.223186 0.363494
17.600000 0.052633 0.415469 0.185617 0.231539 0.421671 0.459436 0.223131 0.362985
17.800000 0.052634 0.415137 0.185420 0.231332 0.420783 0.459389 0.222940 0.362256
18.000000 0.052628 0.414807 0.185522 0.231206 0.420219 0.459399 0.222915 0.361543
18.200000 0.052621 0.414569 0.185450 0.231104 0.419362 0.459278 0.222674 0.361190
18.400000 0.052633 0.414197 0.185404 0.230614 0.418608 0.459329 0.222619 0.360733
18.600000 0.052597 0.414155 0.185541 0.230572 0.417812 0.459288 0.222520 0.360124
18.800000 0.052581 0.413889 0.185478 0.230509 0.417312 0.459195 0.222402 0.359638
19.000000 0.052578 0.413654 0.185469 0.230349 0.416532 0.459200 0.222231 0.359039
19.200000 0.052682 0.413259 0.185499 0.230231 0.415782 0.459195 0.222052 0.358685
19.400000 0.052592 0.413027 0.185387 0.230032 0.415248 0.459200 0.222076 0.358002
19.600000 0.052586 0.412870 0.185504 0.229829 0.414311 0.459030 0.221962 0.357559
19.800000 0.052566 0.412542 0.185338 0.229676 0.413776 0.459034 0.221540 0.357161
20.000000 0.052553 0.412556 0.185311 0.229605 0.413036 0.459025 0.221824 0.356510
20.200000 0.052556 0.411904 0.184950 0.229074 0.412354 0.458934 0.221616 0.355924
20.400000 0.052532 0.411618 0.185255 0.229283 0.411900 0.458848 0.221541 0.355589
20.600000 0.052565 0.411436 0.185285 0.229043 0.410859 0.458810 0.221346 0.354973
20.800000 0.052559 0.411196 0.185230 0.228989 0.410189 0.458859 0.221110 0.354503
21.000000 0.052545 0.410792 0.185273 0.228725 0.409611 0.458890 0.221156 0.353874
21.200000 0.052532 0.410618 0.185225 0.228556 0.409079 0.458527 0.220965 0.353457
21.400000 0.052575 0.410317 0.185249 0.228334 0.408210 0.458919 0.220996 0.352808
21.600000 0.052511 0.410145 0.185116 0.228340 0.407391 0.458789 0.220658 0.352324
21.800000 0.052499 0.409793 0.185158 0.227969 0.406908 0.458719 0.220522 0.351845
22.000000 0.052527 0.409589 0.185046 0.227859 0.406071 0.458713 0.220581 0.351344
22.200000 0.052400 0.409222 0.184889 0.227521 0.405456 0.458662 0.220455 0.350737
22.400000 0.052525 0.408947 0.185146 0.227571 0.405005 0.458625 0.220037 0.350460
22.600000 0.052499 0.408930 0.185145 0.227457 0.404233 0.458602 0.220274 0.349892
22.800000 0.052363 0.408552 0.185024 0.227066 0.403619 0.458426 0.220175 0.349370
23.000000 0.052497 0.408430 0.185038 0.227191 0.402858 0.458510 0.220170 0.348918
23.200000 0.052444 0.407921 0.184851 0.226780 0.402343 0.458391 0.219831 0.348390
23.400000 0.052472 0.407919 0.184974 0.226731 0.401685 0.458476 0.219744 0.347980
23.600000 0.052474 0.407568 0.184945 0.226536 0.401123 0.458469 0.219577 0.347479
23.800000 0.052472 0.407339 0.184953 0.226331 0.400535 0.458253 0.219634 0.347058
24.000000 0.052441 0.407088 0.184643 0.226335 0.399829 0.458315 0.219544 0.346487
24.200000 0.052477 0.407113 0.184966 0.226209 0.399442 0.458335 0.219368 0.346122
24.400000 0.052589 0.406786 0.184855 0.225975 0.398802 0.458158 0.219289 0.345672
24.600000 0.052477 0.406475 0.184905 0.225960 0.398001 0.458276 0.219213 0.345017
24.800000 0.052577 0.406301 0.184916 0.225732 0.397782 0.458055 0.218982 0.344737
25.000000 0.052455 0.406052 0.184844 0.225616 0.396960 0.458350 0.218995 0.344152
25.200000 0.052301 0.406008 0.184865 0.225446 0.396406 0.458347 0.218869 0.343914
25.400000 0.052474 0.405433 0.184843 0.225279 0.395754 0.458151 0.218692 0.343354
25.600000 0.052453 0.405397 0.184929 0.225109 0.395154 0.458059 0.218527 0.342959
25.800000 0.052442 0.405153 0.184894 0.224908 0.394732 0.457923 0.218585 0.342541
26.000000 0.052448 0.404925 0.184662 0.224767 0.394009 0.458133 0.218473 0.341991
26.200000 0.052637 0.404675 0.184752 0.224611 0.393518 0.458033 0.218381 0.341681
26.400000 0.052404 0.404477 0.184746 0.224754 0.392926 0.457987 0.218253 0.341173
26.600000 0.052367 0.404094 0.184720 0.224413 0.392281 0.457971 0.218113 0.340819
26.800000 0.052418 0.403864 0.184757 0.224292 0.391665 0.457780 0.217943 0.340506
27.000000 0.052404 0.403780 0.184667 0.224014 0.391128 0.457817 0.217769 0.339825
27.200000 0.052389 0.403489 0.184499 0.224035 0.390619 0.457765 0.217800 0.339382
27.400000 0.052205 0.403190 0.184555 0.223904 0.389823 0.457560 0.217780 0.339078
27.600000 0.052457 0.403224 0.184743 0.223697 0.389476 0.457848 0.217611 0.338598
27.800000 0.052406 0.402701 0.184527 0.223390 0.388791 0.457737 0.217513 0.338091
28.000000 0.052397 0.402665 0.184547 0.223452 0.388177 0.457753 0.217407 0.337787
28.200000 0.052416 0.402477 0.184464 0.223344 0.387655 0.457599 0.217437 0.337483
28.400000 0.052401 0.402103 0.184484 0.223110 0.386972 0.457580 0.217039 0.336779
28.600000 0.052360 0.401924 0.184538 0.223047 0.386509 0.457475 0.217099 0.336489
28.800000 0.052398 0.401611 0.184576 0.222837 0.386011 0.457561 0.216711 0.336027
29.000000 0.052391 0.401467 0.184388 0.222633 0.385647 0.457481 0.216916 0.335651
29.200000 0.052384 0.401390 0.184190 0.222682 0.385101 0.457604 0.216790 0.335309
29.400000 0.052302 0.401229 0.184563 0.222501 0.384520 0.457426 0.216608 0.334791
29.600000 0.052204 0.401079 0.184407 0.222423 0.383967 0.457211 0.216557 0.334513
29.800000 0.052444 0.400844 0.184478 0.222227 0.383354 0.457193 0.216557 0.334167
30.000000 0.052475 0.400642 0.184569 0.222265 0.382923 0.457266 0.216435 0.333771
30.200000 0.052416 0.400287 0.184476 0.222007 0.382392 0.457329 0.216339 0.333441
30.400000 0.052325 0.400101 0.184554 0.221728 0.381873 0.457086 0.216227 0.332928
30.600000 0.052328 0.399811 0.184203 0.221559 0.381450 0.457003 0.216073 0.332524
30.800000 0.052428 0.399683 0.184448 0.221564 0.380819 0.457221 0.216140 0.332080
31.000000 0.052869 0.399501 0.184368 0.221486 0.380127 0.457172 0.215942 0.332016
31.200000 0.053286 0.399593 0.184183 0.221425 0.380012 0.457115 0.215910 0.331497
31.400000 0.053931 0.399277 0.184348 0.221308 0.379735 0.457023 0.215765 0.331336
31.600000 0.054643 0.399134 0.184316 0.221294 0.379683 0.457138 0.215374 0.331138
31.800000 0.055484 0.399063 0.184397 0.221177 0.379900 0.457109 0.215657 0.331470
32.000000 0.056351 0.399059 0.184402 0.221362 0.380465 0.457058 0.215626 0.331745
32.200000 0.057084 0.399052 0.184451 0.221490 0.381393 0.456886 0.215481 0.332562
32.400000 0.058107 0.399390 0.184597 0.221567 0.382760 0.456874 0.215473 0.333456
32.600000 0.058973 0.400080 0.184441 0.221877 0.384756 0.456995 0.215564 0.335015
32.800000 0.059761 0.400544 0.184182 0.222280 0.386974 0.457141 0.215561 0.336684
33.000000 0.060557 0.402024 0.184777 0.222892 0.389814 0.456951 0.215665 0.338709
33.200000 0.061239 0.403701 0.184644 0.223430 0.393126 0.456924 0.215658 0.341150
33.400000 0.061884 0.405739 0.184823 0.224172 0.396760 0.456975 0.215818 0.343825
33.600000 0.062433 0.408488 0.184944 0.225506 0.401229 0.457034 0.216051 0.347267
33.800000 0.063146 0.412650 0.185313 0.226756 0.407028 0.457025 0.215986 0.351419
34.000000 0.063744 0.416697 0.185671 0.228236 0.412061 0.456877 0.215964 0.355128
34.200000 0.064000 0.421124 0.185938 0.229416 0.417050 0.456954 0.216066 0.358968
34.400000 0.064361 0.426116 0.186332 0.230830 0.422532 0.457095 0.216314 0.362912
34.600000 0.064647 0.431333 0.186680 0.232340 0.428159 0.457109 0.216468 0.367411
34.800000 0.064934 0.437596 0.187033 0.233887 0.433917 0.457151 0.216574 0.371802
35.000000 0.065212 0.444113 0.187243 0.235245 0.439897 0.457231 0.216786 0.376334
35.200000 0.065413 0.450956 0.187823 0.236855 0.446141 0.457068 0.216736 0.381209
35.400000 0.065601 0.457709 0.188126 0.238053 0.452049 0.457197 0.216984 0.385798
35.600000 0.065902 0.464100 0.188388 0.239571 0.458148 0.457258 0.217055 0.390681
35.800000 0.065914 0.471671 0.188670 0.240960 0.463929 0.457135 0.217187 0.395495
36.000000 0.065924 0.479158 0.188947 0.242348 0.470280 0.457239 0.217485 0.400456
36.200000 0.066159 0.486904 0.189250 0.243710 0.476707 0.457382 0.217638 0.405555
36.400000 0.066264 0.494776 0.189657 0.245062 0.483052 0.457267 0.217639 0.410576
36.600000 0.066353 0.502524 0.189843 0.246357 0.489622 0.457407 0.217902 0.415733
36.800000 0.066436 0.510676 0.190210 0.247891 0.496002 0.457404 0.218170 0.421069
37.000000 0.066471 0.518978 0.190502 0.249100 0.502874 0.457344 0.218269 0.426231
37.200000 0.066653 0.527055 0.190742 0.250334 0.509474 0.457412 0.218400 0.431752
37.400000 0.066602 0.535412 0.191100 0.251724 0.516301 0.457324 0.218579 0.437191
37.600000 0.066645 0.543471 0.191267 0.253094 0.522620 0.457440 0.218731 0.442904
37.800000 0.066738 0.551648 0.191553 0.254212 0.529340 0.457557 0.218887 0.448329
38.000000 0.066749 0.559895 0.191955 0.255381 0.536305 0.457582 0.219103 0.453873
38.200000 0.066808 0.568224 0.192026 0.256694 0.543027 0.457509 0.219229 0.459533
38.400000 0.066646 0.576084 0.192422 0.257834 0.549834 0.457655 0.219463 0.465239
38.600000 0.066879 0.584260 0.192598 0.259043 0.556771 0.457741 0.219552 0.470768
38.800000 0.066943 0.592225 0.192981 0.260236 0.563438 0.457677 0.219747 0.476340
39.000000 0.066918 0.600253 0.193365 0.261292 0.570346 0.457662 0.219909 0.481926
39.200000 0.066894 0.607885 0.193527 0.262477 0.576809 0.457891 0.220059 0.487561
39.400000 0.066961 0.615393 0.193751 0.263539 0.583631 0.457908 0.220252 0.492959
39.600000 0.066965 0.623159 0.194011 0.264636 0.590251 0.457861 0.220353 0.498664
39.800000 0.067003 0.630441 0.194373 0.265954 0.597014 0.457892 0.220655 0.504322
40.000000 0.067025 0.638248 0.194563 0.267192 0.604397 0.458032 0.220953 0.510593
40.200000 0.067028 0.648635 0.194742 0.268548 0.613460 0.458216 0.221198 0.518036
40.400000 0.067004 0.655728 0.195110 0.269718 0.620077 0.457929 0.221335 0.523387
40.600000 0.067028 0.662720 0.156358 0.270903 0.626954 0.458003 0.221446 0.529071
40.800000 0.067061 0.669630 0.195544 0.271900 0.633310 0.458132 0.221481 0.534544
41.000000 0.067094 0.676206 0.195842 0.272852 0.639952 0.458122 0.221774 0.539752
41.200000 0.067045 0.682852 0.195934 0.273905 0.646346 0.458153 0.222042 0.545244
41.400000 0.067055 0.689126 0.196377 0.274836 0.652755 0.458175 0.222284 0.550394
41.600000 0.067101 0.695162 0.196493 0.275905 0.658993 0.458078 0.222354 0.555632
41.800000 0.067114 0.701262 0.196832 0.276939 0.665232 0.458307 0.222572 0.560812
42.000000 0.067115 0.707082 0.196891 0.277985 0.671535 0.458291 0.222682 0.566045
42.200000 0.067280 0.712636 0.197100 0.279060 0.677580 0.458415 0.222881 0.570950
42.400000 0.067270 0.718141 0.197152 0.279943 0.683494 0.458415 0.223228 0.575943
42.600000 0.067159 0.723291 0.197499 0.280846 0.689173 0.458453 0.223311 0.580806
42.800000 0.067166 0.728469 0.197681 0.281740 0.695328 0.458519 0.223303 0.585427
43.000000 0.067186 0.733196 0.197884 0.282704 0.701003 0.458410 0.223644 0.590357
43.200000 0.067202 0.738317 0.197998 0.283534 0.706831 0.458411 0.223783 0.595069
43.400000 0.067074 0.743048 0.198122 0.284684 0.712638 0.458528 0.224031 0.599759
43.600000 0.067188 0.747452 0.198471 0.285510 0.718123 0.458809 0.224199 0.604234
43.800000 0.067198 0.751681 0.198537 0.286412 0.723790 0.458619 0.224376 0.608824
44.000000 0.067231 0.756017 0.198694 0.287458 0.728954 0.458600 0.224493 0.612954
44.200000 0.067235 0.759921 0.198944 0.288208 0.734553 0.458689 0.224739 0.617468
44.400000 0.067231 0.763609 0.199199 0.289034 0.739634 0.458732 0.224903 0.621671
44.600000 0.067235 0.767658 0.199376 0.289768 0.744871 0.458717 0.224918 0.625812
44.800000 0.067254 0.771155 0.199311 0.290985 0.749885 0.458751 0.225329 0.629900
45.000000 0.067251 0.774593 0.199506 0.291716 0.754766 0.458922 0.225519 0.634112
45.200000 0.067288 0.777837 0.199783 0.292496 0.759611 0.458871 0.225598 0.638002
45.400000 0.067154 0.781143 0.199984 0.293437 0.764881 0.458775 0.225703 0.642168
45.600000 0.067261 0.784419 0.200093 0.294084 0.769290 0.459069 0.226038 0.645973
45.800000 0.067139 0.787243 0.200223 0.294994 0.774086 0.459066 0.226162 0.649716
46.000000 0.067276 0.790039 0.200494 0.295862 0.778925 0.459060 0.226389 0.653478
46.200000 0.067284 0.792807 0.200529 0.296688 0.783326 0.459132 0.226584 0.657003
46.400000 0.067316 0.795685 0.200680 0.297586 0.788365 0.459274 0.226831 0.661197
46.600000 0.067295 0.798413 0.200830 0.298399 0.792598 0.459237 0.226804 0.664762
46.800000 0.067243 0.800793 0.200824 0.299158 0.796899 0.459161 0.227126 0.668179
47.000000 0.067140 0.802968 0.201024 0.300137 0.800970 0.459184 0.227290 0.671479
47.200000 0.067286 0.805078 0.201126 0.300649 0.805193 0.459409 0.227473 0.674650
47.400000 0.067324 0.807322 0.201358 0.301393 0.809047 0.459239 0.227622 0.677934
47.600000 0.067319 0.809197 0.201277 0.302160 0.812796 0.459294 0.227741 0.681046
47.800000 0.067313 0.811287 0.201624 0.302867 0.816621 0.459389 0.227941 0.684092
48.000000 0.067436 0.813095 0.201752 0.303764 0.781289 0.459439 0.228069 0.687105
48.200000 0.067322 0.814905 0.201842 0.304534 0.823897 0.459348 0.228272 0.690124
48.400000 0.067342 0.816464 0.201954 0.305265 0.827459 0.459542 0.228490 0.692813
48.600000 0.067329 0.818296 0.202136 0.305974 0.831055 0.459591 0.228670 0.695921
48.800000 0.067310 0.819870 0.202068 0.306816 0.834326 0.459650 0.228849 0.698649
49.000000 0.067157 0.821034 0.202240 0.307314 0.837633 0.459594 0.228890 0.701214
49.200000 0.067315 0.822702 0.202401 0.308136 0.840692 0.459722 0.229206 0.704174
49.400000 0.067330 0.824127 0.202531 0.308839 0.844122 0.459865 0.229241 0.706509
49.600000 0.067207 0.825390 0.202604 0.309505 0.847206 0.459743 0.229628 0.709198
49.800000 0.067366 0.826601 0.202738 0.310178 0.850235 0.459791 0.229696 0.711541
50.000000 0.067378 0.827516 0.202812 0.310920 0.853263 0.459845 0.229824 0.713984
50.200000 0.067384 0.829228 0.202898 0.311443 0.856323 0.459999 0.230028 0.716264
50.400000 0.067373 0.830373 0.202982 0.312060 0.858791 0.459893 0.230136 0.718792
50.600000 0.067366 0.831543 0.203031 0.312808 0.861886 0.459973 0.230380 0.721247
50.800000 0.067347 0.832468 0.203176 0.313563 0.864675 0.459985 0.230499 0.723479
51.000000 0.067403 0.833521 0.203353 0.314318 0.867348 0.459993 0.230738 0.725606
51.200000 0.067176 0.834460 0.203455 0.314958 0.870178 0.460029 0.230725 0.727766
51.400000 0.067353 0.835448 0.203503 0.315438 0.872487 0.459936 0.230992 0.729917
51.600000 0.067344 0.836327 0.203403 0.316299 0.875061 0.459902 0.231065 0.731983
51.800000 0.067347 0.836842 0.203520 0.316666 0.877548 0.460193 0.231376 0.734028
52.000000 0.067351 0.838152 0.203822 0.317630 0.880056 0.460241 0.231512 0.736156
52.200000 0.067379 0.838655 0.203738 0.318268 0.882338 0.460092 0.231708 0.738143
52.400000 0.067391 0.839617 0.203943 0.318782 0.884831 0.460284 0.231919 0.739935
52.600000 0.067419 0.840671 0.204113 0.319546 0.887333 0.460262 0.232165 0.742390
52.800000 0.067322 0.841321 0.203920 0.320169 0.890256 0.460348 0.232294 0.744568
53.000000 0.067374 0.842109 0.204244 0.320994 0.892463 0.460497 0.232445 0.746345
53.200000 0.067406 0.842804 0.204272 0.321560 0.894410 0.460413 0.232644 0.748059
53.400000 0.067412 0.843223 0.204330 0.322200 0.896411 0.460475 0.232797 0.749574
53.600000 0.067353 0.843905 0.204436 0.322622 0.898392 0.460497 0.233055 0.751304
53.800000 0.067397 0.844302 0.204426 0.323395 0.900191 0.460485 0.233144 0.752954
54.000000 0.067372 0.845028 0.204504 0.323868 0.902040 0.460129 0.233254 0.754326
54.200000 0.067407 0.845534 0.204764 0.324527 0.903971 0.460528 0.233348 0.755863
54.400000 0.067247 0.846055 0.204713 0.325068 0.905807 0.460646 0.233473 0.757336
54.600000 0.067406 0.846513 0.204700 0.325710 0.907290 0.460619 0.233652 0.758845
54.800000 0.067387 0.847304 0.204815 0.326282 0.909162 0.460649 0.233939 0.760440
55.000000 0.067421 0.847656 0.204827 0.326825 0.911012 0.460678 0.233931 0.761854
55.200000 0.067403 0.847842 0.204999 0.327452 0.912737 0.460746 0.234273 0.763138
55.400000 0.067404 0.848488 0.205058 0.327997 0.914195 0.460755 0.273421 0.764603
55.600000 0.067405 0.848830 0.205017 0.328511 0.915786 0.460681 0.234611 0.765687
55.800000 0.067399 0.849155 0.205194 0.329062 0.917473 0.460799 0.234597 0.767153
56.000000 0.067390 0.849483 0.205280 0.329732 0.918718 0.460926 0.234666 0.768011
56.200000 0.067414 0.850001 0.205311 0.330178 0.920229 0.461044 0.234914 0.769423
56.400000 0.067419 0.850139 0.205362 0.330741 0.921778 0.461030 0.235149 0.770727
56.600000 0.067413 0.850553 0.205466 0.331183 0.923207 0.461037 0.235158 0.771793
56.800000 0.067430 0.851071 0.205483 0.331789 0.924643 0.461100 0.235549 0.773117
57.000000 0.067436 0.851293 0.205495 0.332173 0.925915 0.460615 0.235361 0.774201
57.200000 0.067388 0.851587 0.205551 0.332794 0.927340 0.461025 0.235777 0.775277
57.400000 0.067381 0.851725 0.205622 0.333332 0.928618 0.461030 0.235919 0.776408
57.600000 0.067365 0.852267 0.205717 0.333852 0.929821 0.461049 0.236065 0.777401
57.800000 0.067398 0.852530 0.205774 0.334018 0.930845 0.461099 0.236207 0.778357
58.000000 0.067383 0.852754 0.205799 0.334845 0.932438 0.461223 0.235907 0.779438
58.200000 0.067405 0.852845 0.205793 0.335381 0.933665 0.461220 0.236402 0.780423
58.400000 0.067400 0.853191 0.205703 0.335998 0.934358 0.461043 0.236741 0.781267
58.600000 0.067421 0.853568 0.205930 0.336272 0.935861 0.461281 0.236967 0.782234
58.800000 0.067419 0.853688 0.205987 0.336798 0.936852 0.461329 0.237120 0.783268
59.000000 0.067430 0.854048 0.206015 0.337414 0.938113 0.461347 0.237220 0.784392
59.200000 0.067389 0.854142 0.206077 0.337959 0.939298 0.461291 0.237286 0.785282
59.400000 0.067441 0.854308 0.206187 0.338420 0.940339 0.461302 0.237512 0.785996
59.600000 0.067297 0.854326 0.206214 0.338774 0.941337 0.461506 0.237533 0.786817
59.800000 0.067424 0.854730 0.206178 0.339477 0.942260 0.461483 0.237849 0.787721
60.000000 0.067430 0.854838 0.206341 0.339828 0.943248 0.461448 0.237759 0.788450
60.200000 0.067410 0.854965 0.206155 0.340129 0.944306 0.461521 0.238018 0.789197
60.400000 0.067390 0.855219 0.206213 0.340720 0.945073 0.461456 0.238127 0.790060
60.600000 0.067375 0.855345 0.206287 0.341041 0.945976 0.461371 0.238283 0.790734
60.800000 0.067406 0.855258 0.206450 0.341712 0.947096 0.461690 0.238414 0.791685
61.000000 0.067385 0.855575 0.206311 0.341981 0.947882 0.461598 0.238627 0.792282
61.200000 0.067152 0.855737 0.206558 0.342606 0.948910 0.461621 0.238677 0.793011
61.400000 0.067418 0.855910 0.206509 0.343058 0.949624 0.461874 0.238943 0.793750
61.600000 0.067370 0.856203 0.206595 0.343542 0.950442 0.461858 0.238981 0.794245
61.800000 0.067410 0.856260 0.206715 0.344025 0.951020 0.461815 0.239204 0.795117
62.000000 0.067427 0.856328 0.206755 0.344533 0.951876 0.461578 0.239310 0.795603
62.200000 0.067381 0.856422 0.206733 0.344735 0.953038 0.461739 0.239492 0.796492
62.400000 0.067415 0.856408 0.206639 0.345361 0.953583 0.461794 0.239427 0.797170
62.600000 0.067392 0.856568 0.206862 0.345689 0.954535 0.461939 0.239774 0.797541
62.800000 0.067424 0.856739 0.206611 0.346370 0.955197 0.461959 0.239977 0.798125
63.000000 0.067369 0.857070 0.206864 0.346454 0.955936 0.461940 0.239971 0.798788
63.200000 0.067361 0.856823 0.206828 0.346841 0.956604 0.462014 0.240070 0.799313
63.400000 0.067410 0.856866 0.206853 0.347520 0.957230 0.462182 0.240266 0.800002
63.600000 0.067406 0.857147 0.206775 0.347856 0.957832 0.462104 0.240476 0.800509
63.800000 0.067376 0.857148 0.206819 0.348271 0.958548 0.461907 0.240576 0.801049
64.000000 0.067572 0.856986 0.207001 0.348812 0.959334 0.461766 0.240702 0.801685
64.200000 0.067526 0.857360 0.207058 0.349100 0.959960 0.462314 0.240856 0.802007
64.400000 0.067391 0.857468 0.206913 0.349509 0.960612 0.462319 0.240813 0.802462
64.600000 0.067422 0.857480 0.207199 0.349948 0.961242 0.462142 0.241144 0.803111
64.800000 0.067398 0.857640 0.207213 0.350255 0.961906 0.462296 0.241141 0.803300
65.000000 0.067389 0.857498 0.207062 0.350909 0.962652 0.462320 0.241312 0.804253
65.200000 0.067400 0.857702 0.207320 0.351110 0.963150 0.462334 0.241626 0.804632
65.400000 0.067361 0.857720 0.207287 0.351706 0.963624 0.462254 0.241631 0.805194
65.600000 0.067390 0.857774 0.207261 0.351919 0.964198 0.462356 0.241773 0.805581
65.800000 0.067386 0.857751 0.207112 0.352250 0.964730 0.462398 0.241979 0.805901
66.000000 0.067395 0.857717 0.207304 0.352759 0.965317 0.462428 0.242096 0.806421
66.200000 0.067323 0.857962 0.207334 0.353101 0.965825 0.462421 0.242176 0.806827
66.400000 0.067397 0.857962 0.207305 0.353462 0.966250 0.462259 0.242254 0.807292
66.600000 0.067419 0.857893 0.207231 0.353823 0.966755 0.462427 0.242410 0.807647
66.800000 0.067383 0.857918 0.207354 0.354178 0.967254 0.462641 0.242522 0.807987
67.000000 0.067372 0.857988 0.207414 0.354595 0.967673 0.462574 0.242766 0.808389
67.200000 0.067168 0.858107 0.207500 0.354989 0.968195 0.462635 0.242660 0.808647
67.400000 0.067355 0.857871 0.207222 0.355325 0.968499 0.462370 0.242686 0.808985
67.600000 0.067373 0.858066 0.207469 0.355579 0.968926 0.462655 0.243056 0.809447
67.800000 0.067407 0.857985 0.207559 0.355957 0.969398 0.462657 0.243107 0.809498
68.000000 0.067357 0.858067 0.207390 0.356423 0.969955 0.462719 0.243207 0.810215
68.200000 0.067371 0.858077 0.207627 0.356817 0.970447 0.462781 0.243492 0.810511
68.400000 0.067307 0.858057 0.207738 0.357006 0.970875 0.462719 0.243514 0.810710
68.600000 0.067377 0.858076 0.207521 0.357368 0.971082 0.462531 0.243536 0.811061
68.800000 0.067390 0.858175 0.207703 0.357886 0.971528 0.462861 0.243754 0.811421
69.000000 0.067422 0.858340 0.207715 0.358201 0.972065 0.462808 0.243961 0.811723
69.200000 0.067406 0.858420 0.207568 0.358420 0.972313 0.462937 0.243850 0.812160
69.400000 0.067413 0.858206 0.207968 0.358937 0.972651 0.462815 0.244202 0.812466
69.600000 0.067393 0.858227 0.207770 0.359053 0.972945 0.462894 0.244193 0.812547
69.800000 0.067377 0.858405 0.207719 0.359563 0.973482 0.462885 0.244258 0.812857
70.000000 0.067415 0.858181 0.207722 0.359857 0.973877 0.462962 0.244479 0.813286
70.200000 0.067382 0.858368 0.207761 0.360185 0.974010 0.462971 0.244594 0.813452
70.400000 0.067346 0.858280 0.207761 0.360420 0.974302 0.462962 0.244735 0.813522
70.600000 0.067396 0.858363 0.207909 0.360917 0.974876 0.463114 0.244861 0.814192
70.800000 0.067425 0.858399 0.207867 0.361289 0.975313 0.462651 0.244941 0.814468
71.000000 0.067440 0.858361 0.207837 0.361558 0.975785 0.463045 0.244936 0.814647
71.200000 0.067427 0.858458 0.207965 0.362008 0.975889 0.463147 0.245155 0.814840
71.400000 0.067385 0.858335 0.208024 0.362300 0.976390 0.463110 0.245254 0.815231
71.600000 0.067411 0.858578 0.207950 0.362851 0.976822 0.463106 0.245411 0.815559
71.800000 0.067420 0.858553 0.208042 0.362977 0.976872 0.463321 0.245485 0.815703
72.000000 0.067412 0.858579 0.208085 0.363272 0.977327 0.463126 0.245708 0.816032
72.200000 0.067410 0.858517 0.208076 0.363495 0.977562 0.463193 0.245786 0.816093
72.400000 0.067424 0.858734 0.208089 0.363849 0.978079 0.463281 0.245941 0.816470
72.600000 0.067409 0.858480 0.208033 0.364106 0.978230 0.463145 0.245699 0.816449
72.800000 0.067406 0.858620 0.208126 0.364483 0.977843 0.463613 0.245984 0.816930
73.000000 0.067408 0.858644 0.208179 0.364775 0.978607 0.463387 0.246207 0.816989
73.200000 0.067428 0.858540 0.208268 0.365129 0.978933 0.463410 0.246204 0.817403
73.400000 0.067396 0.858677 0.208175 0.365353 0.979308 0.463319 0.246370 0.817498
73.600000 0.067355 0.858352 0.208147 0.365661 0.979417 0.463336 0.246689 0.817779
73.800000 0.067388 0.858804 0.208210 0.366119 0.979771 0.463712 0.246431 0.817894
74.000000 0.067419 0.858895 0.208238 0.366311 0.979998 0.463417 0.246595 0.818067
74.200000 0.067352 0.858522 0.208126 0.366597 0.980415 0.463445 0.246822 0.818342
74.400000 0.067403 0.858666 0.208153 0.367045 0.980473 0.463601 0.246884 0.818592
74.600000 0.067390 0.858849 0.208340 0.367116 0.980674 0.463674 0.247133 0.818779
74.800000 0.067391 0.858837 0.208426 0.367551 0.981001 0.463656 0.247130 0.818799
75.000000 0.067393 0.859178 0.208185 0.367881 0.981102 0.463260 0.247327 0.818932
75.200000 0.067383 0.858646 0.208331 0.368176 0.981113 0.463569 0.247192 0.819342
75.400000 0.067396 0.858794 0.208425 0.368444 0.981588 0.463814 0.247436 0.819474
75.600000 0.067377 0.859057 0.208408 0.368804 0.981867 0.463612 0.247576 0.819649
75.800000 0.067442 0.858847 0.208347 0.369034 0.981942 0.463478 0.247519 0.819759
76.000000 0.067375 0.858857 0.208334 0.369208 0.982238 0.463839 0.247664 0.819992
76.200000 0.067421 0.858886 0.208339 0.369573 0.982564 0.463782 0.247846 0.819902
76.400000 0.067435 0.858851 0.208425 0.369849 0.982514 0.464017 0.247771 0.820236
76.600000 0.067403 0.858867 0.208508 0.370133 0.982941 0.463820 0.248039 0.781306
76.800000 0.067396 0.858635 0.208504 0.370204 0.982852 0.463904 0.247968 0.820454
77.000000 0.067383 0.858813 0.208441 0.370716 0.983223 0.464007 0.248300 0.820618
77.200000 0.067398 0.858863 0.208516 0.370793 0.983567 0.464011 0.248369 0.821049
77.400000 0.067506 0.858703 0.208581 0.371328 0.983537 0.463964 0.248528 0.821038
77.600000 0.067419 0.858773 0.208503 0.371576 0.983833 0.464099 0.248568 0.821220
77.800000 0.067409 0.858820 0.208664 0.371817 0.984125 0.464077 0.248717 0.821293
78.000000 0.067419 0.858798 0.208602 0.372143 0.984258 0.464109 0.248781 0.821385
78.200000 0.067408 0.858866 0.208728 0.372320 0.984460 0.464101 0.248851 0.821580
78.400000 0.067425 0.858916 0.208415 0.372566 0.984773 0.464104 0.249012 0.821753
78.600000 0.067413 0.858775 0.208656 0.372959 0.984775 0.464167 0.249087 0.821869
78.800000 0.067440 0.858943 0.208611 0.373160 0.984895 0.464056 0.249256 0.821993
79.000000 0.067441 0.858892 0.208660 0.373179 0.985286 0.464251 0.249249 0.822246
79.200000 0.067338 0.858937 0.208648 0.373673 0.985407 0.464319 0.249209 0.822373
79.400000 0.067451 0.858822 0.208629 0.374063 0.985686 0.464264 0.249457 0.822510
79.600000 0.067432 0.859007 0.208879 0.374265 0.985663 0.464197 0.249680 0.822675
79.800000 0.067446 0.859006 0.208678 0.374475 0.985866 0.464223 0.249496 0.822848
80.000000 0.067555 0.858845 0.208680 0.374618 0.986050 0.464392 0.249717 0.822881
80.200000 0.067445 0.858946 0.208784 0.375028 0.986061 0.464418 0.249775 0.823045
80.400000 0.067312 0.859134 0.208870 0.375077 0.986458 0.464420 0.249866 0.823175
80.600000 0.067479 0.859102 0.208824 0.374951 0.986121 0.464352 0.249971 0.823292
80.800000 0.067379 0.858793 0.208600 0.375753 0.986955 0.464518 0.249833 0.823485
81.000000 0.067454 0.859168 0.208849 0.375905 0.986936 0.464473 0.249993 0.823661
81.200000 0.067484 0.859111 0.208885 0.376173 0.987004 0.464526 0.250114 0.823545
81.400000 0.067590 0.859329 0.208778 0.376524 0.987236 0.464520 0.250124 0.823861
81.600000 0.067456 0.859239 0.208868 0.376470 0.987106 0.464512 0.250125 0.823788
81.800000 0.067461 0.898394 0.208899 0.376840 0.987526 0.464411 0.250537 0.823862
82.000000 0.067194 0.859081 0.208892 0.376955 0.987478 0.464581 0.250663 0.823996
82.200000 0.067312 0.859350 0.208940 0.377321 0.987609 0.464509 0.250558 0.824078
82.400000 0.067433 0.898306 0.208809 0.377382 0.987958 0.464609 0.250704 0.824340
82.600000 0.067462 0.820363 0.208954 0.377731 0.987931 0.464495 0.250770 0.824295
82.800000 0.067461 0.820449 0.208954 0.377845 0.988311 0.464582 0.250905 0.824570
83.000000 0.067491 0.859441 0.209016 0.378208 0.988194 0.464647 0.251058 0.824500
83.200000 0.067469 0.859438 0.209026 0.378423 0.988278 0.464732 0.251139 0.824747
83.400000 0.067469 0.859500 0.208746 0.378693 0.988538 0.464660 0.251091 0.824784
83.600000 0.067292 0.859550 0.209020 0.378730 0.988623 0.464746 0.251052 0.824893
83.800000 0.067559 0.859602 0.209154 0.379112 0.988882 0.464671 0.251264 0.825031
84.000000 0.067469 0.859541 0.208934 0.379208 0.988662 0.464518 0.251370 0.825146
84.200000 0.067311 0.859633 0.209071 0.379577 0.988959 0.464854 0.251421 0.825071
84.400000 0.067477 0.859459 0.209126 0.379578 0.989136 0.464854 0.251472 0.825322
84.600000 0.067442 0.859635 0.208954 0.379973 0.989124 0.464901 0.251630 0.825360
84.800000 0.067346 0.859136 0.209006 0.380209 0.989280 0.464964 0.251649 0.825572
85.000000 0.067473 0.859634 0.208941 0.380229 0.989217 0.464712 0.251711 0.825577
85.200000 0.067293 0.859829 0.209116 0.380639 0.989509 0.464976 0.251824 0.825780
85.400000 0.067501 0.859810 0.209179 0.380641 0.989538 0.465022 0.251865 0.825759
85.600000 0.067480 0.859571 0.209182 0.381116 0.989756 0.465027 0.251968 0.825622
85.800000 0.067439 0.859738 0.209065 0.381048 0.989757 0.465238 0.252060 0.825699
86.000000 0.067457 0.859771 0.209261 0.381421 0.989852 0.464978 0.252082 0.825995
86.200000 0.067590 0.859789 0.209060 0.381590 0.990071 0.465041 0.252181 0.825976
86.400000 0.067455 0.859835 0.209321 0.381855 0.990158 0.465079 0.252311 0.826214
86.600000 0.067375 0.859596 0.209203 0.382022 0.990209 0.465162 0.252276 0.826352
86.800000 0.067406 0.859666 0.209174 0.382142 0.990179 0.464733 0.252302 0.826247
87.000000 0.067477 0.859858 0.209183 0.382474 0.990459 0.465218 0.252388 0.826272
87.200000 0.067487 0.859780 0.209116 0.382443 0.990499 0.465188 0.252507 0.826361
87.400000 0.067452 0.859714 0.209264 0.382831 0.990884 0.465175 0.252591 0.826461
87.600000 0.067313 0.859897 0.209256 0.382877 0.990659 0.465236 0.252560 0.826701
87.800000 0.067321 0.859959 0.209239 0.383181 0.990827 0.465155 0.252741 0.826828
88.000000 0.067447 0.859736 0.209194 0.383418 0.990881 0.465254 0.252837 0.826839
88.200000 0.067588 0.859931 0.209295 0.383498 0.990990 0.465344 0.252726 0.826984
88.400000 0.067456 0.859689 0.209234 0.383698 0.991346 0.465339 0.252966 0.826947
88.600000 0.067483 0.859912 0.209497 0.383967 0.991085 0.465366 0.253119 0.826903
88.800000 0.067450 0.860060 0.209407 0.384197 0.991348 0.465325 0.253069 0.827042
89.000000 0.067471 0.859909 0.209366 0.384221 0.991489 0.465526 0.253000 0.827095
89.200000 0.067487 0.860129 0.209251 0.384619 0.991539 0.465317 0.253295 0.827370
89.400000 0.067517 0.860058 0.209540 0.384760 0.991666 0.465530 0.253405 0.827270
89.600000 0.067499 0.859940 0.209221 0.384898 0.991779 0.465605 0.253331 0.827403
89.800000 0.067466 0.860100 0.209420 0.384993 0.991551 0.465547 0.253466 0.827430
90.000000 0.067499 0.860085 0.209413 0.385416 0.991724 0.465521 0.253533 0.827344
