0.200000 0.274141 0.434676 0.223674 0.235634 0.438496 0.431465 0.249956 0.380995
0.400000 0.273967 0.433753 0.223643 0.235740 0.437315 0.431482 0.250048 0.380058
0.600000 0.273979 0.433322 0.223681 0.235643 0.436457 0.431327 0.250012 0.379478
0.800000 0.273975 0.432844 0.223684 0.235459 0.435751 0.431504 0.249931 0.378937
1.000000 0.273931 0.432519 0.223551 0.235482 0.435133 0.431394 0.249848 0.378404
1.200000 0.273767 0.432195 0.223634 0.235501 0.434130 0.431258 0.249931 0.377872
1.400000 0.273829 0.431760 0.223669 0.235409 0.433651 0.431332 0.249693 0.377209
1.600000 0.273839 0.431602 0.223676 0.235581 0.433043 0.431442 0.249761 0.376824
1.800000 0.273784 0.431188 0.223565 0.235365 0.432255 0.431307 0.249611 0.376266
2.000000 0.273767 0.430771 0.223573 0.235308 0.431577 0.431309 0.249561 0.375907
2.200000 0.273709 0.430427 0.223630 0.235285 0.430803 0.431354 0.249535 0.375115
2.400000 0.273685 0.430025 0.223643 0.235149 0.430266 0.431339 0.249463 0.374668
2.600000 0.273649 0.390752 0.223548 0.235248 0.429239 0.431107 0.249380 0.374019
2.800000 0.273526 0.429108 0.223665 0.235189 0.428614 0.431121 0.249030 0.373634
3.000000 0.273313 0.428795 0.223561 0.235252 0.428032 0.431083 0.249220 0.373105
3.200000 0.273522 0.428556 0.223605 0.235252 0.427249 0.430790 0.248818 0.372525
3.400000 0.273311 0.428268 0.223400 0.235194 0.426775 0.431163 0.249055 0.372037
3.600000 0.273424 0.427983 0.223685 0.235034 0.426001 0.431071 0.249133 0.371641
3.800000 0.273358 0.427585 0.223393 0.235013 0.425284 0.431129 0.248966 0.371051
4.000000 0.273373 0.427140 0.223537 0.235036 0.424773 0.431135 0.248917 0.370601
4.200000 0.273358 0.426890 0.223596 0.234980 0.424000 0.430917 0.248727 0.370067
4.400000 0.273356 0.426571 0.223534 0.234906 0.423310 0.430997 0.248851 0.369609
4.600000 0.273234 0.426469 0.223516 0.234985 0.422550 0.431023 0.248781 0.369174
4.800000 0.273273 0.425965 0.223515 0.234968 0.421984 0.430929 0.248820 0.368609
5.000000 0.273195 0.425517 0.223473 0.234985 0.421410 0.430887 0.248534 0.368136
5.200000 0.273168 0.425378 0.223449 0.234784 0.420767 0.431016 0.248570 0.367619
5.400000 0.273012 0.425104 0.223508 0.234800 0.419956 0.431005 0.248526 0.367153
5.600000 0.273074 0.424796 0.223487 0.234786 0.419442 0.431020 0.248475 0.366651
5.800000 0.273058 0.424628 0.223438 0.234531 0.418779 0.430985 0.248284 0.366120
6.000000 0.273023 0.424122 0.223402 0.234597 0.418165 0.430876 0.248147 0.365706
6.200000 0.273101 0.423845 0.223404 0.234602 0.417569 0.430799 0.248293 0.365205
6.400000 0.272844 0.423569 0.223432 0.234650 0.416940 0.430960 0.248253 0.364806
6.600000 0.272914 0.423073 0.223289 0.234408 0.415862 0.430859 0.247991 0.364008
6.800000 0.272889 0.422855 0.223370 0.234383 0.415486 0.430683 0.248070 0.363546
7.000000 0.272842 0.422367 0.223448 0.234475 0.414837 0.430857 0.247991 0.363273
7.200000 0.272688 0.422087 0.223382 0.234455 0.414261 0.430789 0.247914 0.362572
7.400000 0.272792 0.421783 0.223524 0.273307 0.413526 0.430665 0.248034 0.362062
7.600000 0.272781 0.421644 0.223410 0.234281 0.413021 0.430681 0.247816 0.361781
7.800000 0.272738 0.421395 0.223163 0.195463 0.412412 0.430611 0.247767 0.361384
8.000000 0.272725 0.421124 0.223349 0.273376 0.411974 0.430629 0.247697 0.360791
8.200000 0.272533 0.420726 0.223279 0.234259 0.411373 0.430680 0.247633 0.360503
8.400000 0.272635 0.420419 0.223289 0.234199 0.410685 0.430489 0.247638 0.360063
8.600000 0.272589 0.420142 0.223301 0.234163 0.410014 0.430739 0.247525 0.359626
8.800000 0.272394 0.419786 0.223303 0.234190 0.409459 0.430664 0.247351 0.359085
9.000000 0.272385 0.419651 0.223132 0.234091 0.408859 0.430681 0.247446 0.358745
9.200000 0.272439 0.419210 0.223207 0.233998 0.408464 0.430474 0.247239 0.358294
9.400000 0.272471 0.419086 0.223301 0.233920 0.407721 0.430397 0.247320 0.357961
9.600000 0.272453 0.418822 0.223288 0.234089 0.407167 0.430591 0.247295 0.357437
9.800000 0.272225 0.418665 0.223387 0.234041 0.406575 0.430590 0.247086 0.356993
10.000000 0.272328 0.418320 0.223175 0.233870 0.406021 0.430575 0.247145 0.356577
10.200000 0.272337 0.417699 0.223084 0.234000 0.405525 0.430588 0.247110 0.356261
10.400000 0.272310 0.417751 0.223049 0.233815 0.404746 0.430468 0.246990 0.355699
10.600000 0.272251 0.417500 0.223232 0.233874 0.404249 0.430478 0.246773 0.355384
10.800000 0.272253 0.417247 0.223194 0.233908 0.403789 0.430540 0.246808 0.354924
11.000000 0.272112 0.417012 0.223178 0.233849 0.403222 0.430369 0.246831 0.354509
11.200000 0.272086 0.416609 0.223092 0.233821 0.402602 0.430558 0.246884 0.354081
11.400000 0.272155 0.416319 0.223132 0.233637 0.402079 0.430375 0.246804 0.353559
11.600000 0.272126 0.415990 0.223220 0.233817 0.401507 0.430448 0.246680 0.353096
11.800000 0.271950 0.415808 0.223302 0.233564 0.401101 0.430380 0.246680 0.352888
12.000000 0.272082 0.415656 0.223105 0.233727 0.400623 0.430329 0.246460 0.352542
12.200000 0.272017 0.415483 0.223092 0.233716 0.400044 0.430387 0.246531 0.352123
12.400000 0.272052 0.415305 0.223135 0.233494 0.399517 0.430243 0.246404 0.351631
12.600000 0.272064 0.414993 0.223012 0.233496 0.398908 0.430348 0.246496 0.351257
12.800000 0.271924 0.414681 0.223162 0.233583 0.398289 0.430237 0.246424 0.350818
13.000000 0.271781 0.414336 0.223118 0.233549 0.397813 0.430166 0.246304 0.350496
13.200000 0.271766 0.414262 0.223156 0.233583 0.397419 0.430337 0.246211 0.350145
13.400000 0.271767 0.413949 0.223089 0.233499 0.396989 0.430243 0.246275 0.349740
13.600000 0.271852 0.413745 0.223212 0.233461 0.396274 0.430180 0.246152 0.349466
13.800000 0.271874 0.413367 0.223004 0.233344 0.396000 0.430127 0.246241 0.349084
14.000000 0.271659 0.413296 0.223091 0.233593 0.395504 0.430201 0.246015 0.348753
14.200000 0.271634 0.412904 0.222958 0.233438 0.394992 0.430001 0.245835 0.348286
14.400000 0.271622 0.412895 0.223054 0.233312 0.394585 0.429998 0.246108 0.348051
14.600000 0.271708 0.412711 0.223035 0.233206 0.394098 0.430021 0.245915 0.347471
14.800000 0.271682 0.412301 0.222974 0.233417 0.393634 0.430003 0.245776 0.347160
15.000000 0.271511 0.412289 0.222946 0.233259 0.393033 0.430026 0.245611 0.346953
15.200000 0.271486 0.412037 0.222987 0.233273 0.392798 0.430076 0.245737 0.346654
15.400000 0.271590 0.411746 0.222943 0.233130 0.392172 0.429981 0.245724 0.346292
15.600000 0.271462 0.411578 0.222902 0.233244 0.391846 0.429955 0.245796 0.345993
15.800000 0.271602 0.411281 0.222994 0.233207 0.391344 0.429979 0.245434 0.345644
16.000000 0.271489 0.411292 0.223020 0.233220 0.391150 0.429995 0.245617 0.345348
16.200000 0.271341 0.410779 0.223013 0.233116 0.390402 0.429970 0.245500 0.344977
16.400000 0.271361 0.410754 0.223057 0.233062 0.390080 0.429949 0.245506 0.344564
16.600000 0.271438 0.410574 0.223065 0.233076 0.389599 0.429883 0.245424 0.344300
16.800000 0.271441 0.410031 0.222888 0.233050 0.389225 0.429852 0.245339 0.344083
17.000000 0.271375 0.410104 0.222814 0.233040 0.388759 0.429748 0.245221 0.343651
17.200000 0.271384 0.409903 0.222930 0.232986 0.388036 0.430061 0.245153 0.343176
17.400000 0.271342 0.409560 0.222917 0.232972 0.387758 0.429819 0.245206 0.342865
17.600000 0.271170 0.409479 0.222749 0.232917 0.387640 0.429771 0.245138 0.342699
17.800000 0.271335 0.409366 0.222923 0.232882 0.386939 0.429698 0.245101 0.342342
18.000000 0.271292 0.409231 0.222884 0.232994 0.386608 0.429741 0.244909 0.342062
18.200000 0.271241 0.408863 0.222825 0.232708 0.386084 0.429825 0.244952 0.341665
18.400000 0.271241 0.408506 0.222842 0.232841 0.385718 0.429686 0.244790 0.341404
18.600000 0.271286 0.408516 0.222963 0.232712 0.385329 0.390717 0.245006 0.341108
18.800000 0.271176 0.408235 0.222842 0.232847 0.384933 0.429785 0.244827 0.340792
19.000000 0.271210 0.408288 0.222794 0.232752 0.384554 0.429733 0.244778 0.340503
19.200000 0.271039 0.407715 0.222534 0.232660 0.383932 0.429639 0.244690 0.339987
19.400000 0.271127 0.407606 0.222697 0.232700 0.383568 0.429587 0.244634 0.339805
19.600000 0.271113 0.407518 0.222782 0.232818 0.383204 0.390670 0.244662 0.339482
19.800000 0.271041 0.407326 0.222850 0.232838 0.382758 0.429653 0.244633 0.339152
20.000000 0.271083 0.406982 0.222793 0.232803 0.382525 0.429664 0.244718 0.338789
20.200000 0.271050 0.406894 0.222837 0.232719 0.381958 0.429627 0.244570 0.338512
20.400000 0.271049 0.406790 0.222665 0.232571 0.381606 0.429569 0.244454 0.338197
20.600000 0.270968 0.406635 0.222792 0.232645 0.381157 0.429620 0.244338 0.337944
20.800000 0.270978 0.406407 0.222879 0.232429 0.380850 0.429611 0.244387 0.337529
21.000000 0.270958 0.406057 0.222814 0.232592 0.380324 0.429420 0.244150 0.337259
21.200000 0.270917 0.405963 0.222811 0.232528 0.380073 0.429547 0.244432 0.337132
21.400000 0.270693 0.405858 0.222629 0.232438 0.379519 0.429458 0.244386 0.336630
21.600000 0.270894 0.405622 0.222653 0.232400 0.379279 0.429433 0.244252 0.336537
21.800000 0.270705 0.405499 0.222698 0.232239 0.378856 0.429392 0.244156 0.336039
22.000000 0.270792 0.405198 0.222587 0.232470 0.378443 0.429477 0.244089 0.335877
22.200000 0.270810 0.405083 0.222729 0.232517 0.378238 0.429405 0.244043 0.335601
22.400000 0.270799 0.405077 0.222924 0.232333 0.377553 0.429250 0.243846 0.335383
22.600000 0.270565 0.404596 0.222689 0.232354 0.377201 0.429276 0.243921 0.334791
22.800000 0.270714 0.404622 0.222474 0.232524 0.376905 0.429491 0.243918 0.334924
23.000000 0.270733 0.404362 0.222685 0.232211 0.376436 0.429297 0.243878 0.334497
23.200000 0.270447 0.404250 0.222700 0.232320 0.376080 0.429511 0.243899 0.334215
23.400000 0.270636 0.404139 0.222755 0.232279 0.375711 0.429240 0.243810 0.333948
23.600000 0.270678 0.403825 0.222502 0.232220 0.375260 0.429326 0.243779 0.333618
23.800000 0.270627 0.403658 0.222665 0.232146 0.374928 0.429098 0.243695 0.333287
24.000000 0.270553 0.403529 0.222634 0.232211 0.374662 0.429278 0.243475 0.333144
24.200000 0.270546 0.403422 0.222577 0.232109 0.374169 0.429096 0.243559 0.332821
24.400000 0.270510 0.403158 0.222378 0.232142 0.373931 0.429382 0.243472 0.332555
24.600000 0.270512 0.402960 0.222703 0.231967 0.373597 0.429338 0.243458 0.332273
24.800000 0.270466 0.402797 0.222690 0.232024 0.373199 0.429209 0.243452 0.332050
25.000000 0.270479 0.402780 0.222593 0.232192 0.373008 0.429267 0.243457 0.331792
25.200000 0.270445 0.402420 0.222493 0.231955 0.372565 0.429170 0.243493 0.331508
25.400000 0.270418 0.402486 0.222731 0.231789 0.372267 0.429078 0.243424 0.331209
25.600000 0.270449 0.401808 0.222515 0.231954 0.371742 0.429142 0.243257 0.330861
25.800000 0.270535 0.402018 0.222751 0.232059 0.371277 0.429187 0.243238 0.330612
26.000000 0.270289 0.401574 0.222625 0.231835 0.370962 0.429078 0.243223 0.330363
26.200000 0.270336 0.401685 0.222601 0.231786 0.370567 0.429109 0.243022 0.330144
26.400000 0.270356 0.401529 0.222563 0.231915 0.370195 0.429170 0.243093 0.329887
26.600000 0.270367 0.401375 0.222702 0.231787 0.369879 0.429004 0.242971 0.329476
26.800000 0.270085 0.401288 0.222611 0.231905 0.369608 0.429001 0.242976 0.329337
27.000000 0.270281 0.401089 0.222589 0.231783 0.369306 0.429016 0.243014 0.328877
27.200000 0.270196 0.400845 0.222719 0.231833 0.368826 0.429028 0.242649 0.328884
27.400000 0.270384 0.400635 0.222588 0.231721 0.368515 0.429009 0.242932 0.328506
27.600000 0.270231 0.400662 0.222591 0.231791 0.368306 0.429044 0.242775 0.328236
27.800000 0.270136 0.400356 0.222489 0.231888 0.368025 0.429031 0.242832 0.328115
28.000000 0.270137 0.400118 0.222591 0.231652 0.367729 0.428969 0.242909 0.327761
28.200000 0.270186 0.400002 0.222613 0.231756 0.367171 0.429005 0.242628 0.327575
28.400000 0.270138 0.399823 0.222610 0.231726 0.367072 0.428920 0.242907 0.327316
28.600000 0.270210 0.399793 0.222558 0.231538 0.366670 0.428996 0.242676 0.327065
28.800000 0.269948 0.399615 0.222525 0.231758 0.366215 0.428941 0.242564 0.326846
29.000000 0.270039 0.399614 0.222488 0.231648 0.366029 0.428901 0.242485 0.326648
29.200000 0.270022 0.399330 0.222765 0.231696 0.365850 0.428676 0.242529 0.326374
29.400000 0.270022 0.399068 0.222619 0.231655 0.365380 0.428922 0.242578 0.326130
29.600000 0.269954 0.399044 0.222555 0.231761 0.364867 0.428798 0.242590 0.325888
29.800000 0.269849 0.398968 0.222530 0.231563 0.364754 0.428793 0.242548 0.325680
30.000000 0.270008 0.398636 0.222504 0.231560 0.364427 0.428917 0.242454 0.325359
30.200000 0.269949 0.398691 0.222291 0.231525 0.363885 0.428825 0.242347 0.325032
30.400000 0.270072 0.398471 0.222620 0.231622 0.363743 0.428596 0.242282 0.324863
30.600000 0.269998 0.398132 0.222506 0.231513 0.363606 0.428647 0.242243 0.324694
30.800000 0.270262 0.398175 0.222271 0.231325 0.363287 0.428672 0.242158 0.324461
31.000000 0.270779 0.398065 0.222441 0.231488 0.362813 0.428749 0.242243 0.324196
31.200000 0.271579 0.397802 0.222330 0.231442 0.362514 0.428635 0.242143 0.323811
31.400000 0.272655 0.397775 0.222439 0.231580 0.362203 0.428534 0.242081 0.323567
31.600000 0.274293 0.397604 0.222624 0.231571 0.361873 0.428687 0.242095 0.323533
31.800000 0.276127 0.397378 0.222601 0.231377 0.361710 0.428546 0.242152 0.323350
32.000000 0.278072 0.397255 0.222625 0.231567 0.361291 0.428489 0.242077 0.323220
32.200000 0.280353 0.397250 0.222372 0.231356 0.361311 0.428480 0.241886 0.323156
32.400000 0.282787 0.397127 0.222454 0.231400 0.361257 0.428618 0.241958 0.323058
32.600000 0.285188 0.396981 0.222367 0.231359 0.361230 0.428672 0.241953 0.322910
32.800000 0.287896 0.396980 0.222523 0.231462 0.361185 0.428761 0.241969 0.322893
33.000000 0.290083 0.396828 0.222499 0.231417 0.361435 0.428477 0.241927 0.323094
33.200000 0.292591 0.396894 0.222712 0.231543 0.361646 0.428550 0.241888 0.323255
33.400000 0.294808 0.397101 0.222548 0.231589 0.361859 0.428513 0.241895 0.323376
33.600000 0.297131 0.397192 0.222536 0.231462 0.362331 0.428537 0.241997 0.323681
33.800000 0.299143 0.397331 0.222555 0.231520 0.362783 0.428560 0.241748 0.323981
34.000000 0.300977 0.397500 0.222568 0.231733 0.363295 0.428572 0.241874 0.324336
34.200000 0.302867 0.397945 0.222549 0.231820 0.363851 0.428536 0.241733 0.324832
34.400000 0.304309 0.398218 0.222532 0.231866 0.364395 0.428770 0.241970 0.325190
34.600000 0.305731 0.398597 0.222698 0.231953 0.365223 0.428594 0.241873 0.325793
34.800000 0.307075 0.399075 0.222546 0.232074 0.365766 0.428414 0.241891 0.326161
35.000000 0.308277 0.399753 0.222534 0.232174 0.367154 0.428757 0.241904 0.327145
35.200000 0.309398 0.400280 0.222736 0.232301 0.367977 0.428508 0.241917 0.327656
35.400000 0.310313 0.400857 0.222556 0.232269 0.369056 0.428560 0.241911 0.328272
35.600000 0.311168 0.401871 0.222675 0.232413 0.370081 0.428714 0.241956 0.329202
35.800000 0.311936 0.402665 0.222643 0.232608 0.371131 0.428751 0.241867 0.329786
36.000000 0.312697 0.403426 0.222756 0.232772 0.372304 0.428644 0.241947 0.330737
36.200000 0.313349 0.404273 0.222718 0.232871 0.373401 0.428696 0.241998 0.331512
36.400000 0.313932 0.405440 0.222894 0.233024 0.374696 0.428705 0.242104 0.332242
36.600000 0.314362 0.406553 0.222712 0.233091 0.376023 0.428765 0.242034 0.333332
36.800000 0.315084 0.407777 0.222924 0.233247 0.377206 0.428696 0.242070 0.334217
37.000000 0.315474 0.408781 0.222816 0.233403 0.378482 0.428727 0.241892 0.335196
37.200000 0.315899 0.410178 0.222864 0.233474 0.380076 0.428672 0.242111 0.336049
37.400000 0.316287 0.411526 0.222888 0.233740 0.381569 0.428659 0.242136 0.337115
37.600000 0.316585 0.412827 0.222904 0.233707 0.382983 0.428710 0.242143 0.338220
37.800000 0.316998 0.414553 0.222805 0.233765 0.384816 0.428644 0.242178 0.339615
38.000000 0.317244 0.415988 0.222903 0.233997 0.386294 0.428736 0.242243 0.340835
38.200000 0.317563 0.417540 0.222921 0.234268 0.387754 0.428795 0.242214 0.341900
38.400000 0.317694 0.419220 0.222982 0.234277 0.389695 0.428909 0.242305 0.342972
38.600000 0.318057 0.420736 0.222889 0.195356 0.391124 0.428866 0.242184 0.344172
38.800000 0.318260 0.422502 0.223169 0.234552 0.392882 0.428814 0.242283 0.345400
39.000000 0.318418 0.424183 0.222970 0.234774 0.394459 0.428838 0.242362 0.346550
39.200000 0.318483 0.425993 0.223042 0.234755 0.396272 0.428849 0.242495 0.347964
39.400000 0.318748 0.427737 0.223032 0.234930 0.398125 0.429010 0.242317 0.349289
39.600000 0.318980 0.429832 0.223211 0.234851 0.399912 0.428890 0.242322 0.350412
39.800000 0.319134 0.431583 0.223098 0.235288 0.401704 0.428976 0.242549 0.351927
40.000000 0.319278 0.433519 0.223123 0.235224 0.403456 0.428944 0.242567 0.353134
40.200000 0.319226 0.435727 0.223175 0.235325 0.405571 0.429061 0.242580 0.354618
40.400000 0.319375 0.437699 0.223221 0.235019 0.406989 0.429002 0.242732 0.356051
40.600000 0.319642 0.439649 0.223193 0.235739 0.409383 0.429068 0.242712 0.357629
40.800000 0.319523 0.441440 0.223027 0.235658 0.411128 0.428824 0.242606 0.358860
41.000000 0.319712 0.444053 0.222936 0.235707 0.413414 0.428849 0.242562 0.360536
41.200000 0.319881 0.446515 0.223221 0.235750 0.415884 0.428814 0.242867 0.362583
41.400000 0.320055 0.449117 0.223342 0.236101 0.418104 0.429203 0.243040 0.364189
41.600000 0.320254 0.451585 0.223373 0.236244 0.420324 0.429295 0.242986 0.365621
41.800000 0.320300 0.453537 0.223354 0.236462 0.422472 0.429162 0.243008 0.367132
42.000000 0.320414 0.455873 0.223343 0.236493 0.424426 0.429350 0.243019 0.368750
42.200000 0.320313 0.458131 0.223415 0.236606 0.426542 0.429001 0.242954 0.370210
42.400000 0.320550 0.460391 0.223379 0.236564 0.428594 0.429276 0.243104 0.371977
42.600000 0.320625 0.462696 0.223278 0.236803 0.430708 0.429299 0.243224 0.373443
42.800000 0.320684 0.464874 0.223309 0.236693 0.432832 0.429193 0.243257 0.374919
43.000000 0.320584 0.467190 0.223516 0.236899 0.434951 0.429362 0.243366 0.376452
43.200000 0.320801 0.469505 0.223458 0.237028 0.436902 0.429232 0.243233 0.378150
43.400000 0.320833 0.471594 0.223510 0.237139 0.439220 0.429323 0.243415 0.379854
43.600000 0.320780 0.473915 0.223417 0.237177 0.441360 0.429504 0.243425 0.381403
43.800000 0.320931 0.476024 0.223503 0.237342 0.443721 0.429494 0.243392 0.383104
44.000000 0.320984 0.478475 0.223458 0.237294 0.445772 0.429679 0.243540 0.384873
44.200000 0.321132 0.481415 0.223579 0.237586 0.448807 0.429515 0.243648 0.387190
44.400000 0.321145 0.483793 0.223561 0.237617 0.451034 0.429418 0.243746 0.388935
44.600000 0.321217 0.486043 0.223644 0.237711 0.453175 0.429397 0.243749 0.390523
44.800000 0.321307 0.488151 0.223452 0.237771 0.455171 0.429670 0.243704 0.391862
45.000000 0.321244 0.490367 0.223689 0.237746 0.457539 0.429610 0.243930 0.393749
45.200000 0.321124 0.492450 0.223684 0.238001 0.459399 0.429661 0.243930 0.395240
45.400000 0.321409 0.494583 0.223689 0.238068 0.461804 0.390670 0.244134 0.397034
45.600000 0.321491 0.496646 0.223740 0.238047 0.463926 0.429757 0.244114 0.398773
45.800000 0.321367 0.498725 0.223702 0.238299 0.466089 0.429813 0.244113 0.400366
46.000000 0.321578 0.500559 0.223746 0.238287 0.468197 0.429727 0.244111 0.401830
46.200000 0.321601 0.502740 0.223724 0.238267 0.470254 0.429729 0.244221 0.403466
46.400000 0.321651 0.504867 0.223751 0.238261 0.472458 0.429894 0.244314 0.405279
46.600000 0.321797 0.506751 0.223828 0.238512 0.474506 0.429938 0.244387 0.406579
46.800000 0.321807 0.508835 0.223750 0.238579 0.476674 0.429979 0.244440 0.408332
47.000000 0.321711 0.510658 0.223973 0.238601 0.478415 0.429932 0.244451 0.410098
47.200000 0.321741 0.512442 0.223846 0.238695 0.480680 0.429845 0.244644 0.411661
47.400000 0.321823 0.514153 0.223832 0.238775 0.482875 0.429863 0.244599 0.413340
47.600000 0.321886 0.516354 0.223942 0.238757 0.484861 0.429924 0.244708 0.414932
47.800000 0.321879 0.517935 0.223953 0.239059 0.487026 0.430082 0.244735 0.416422
48.000000 0.321946 0.519837 0.223950 0.238694 0.489082 0.430118 0.244634 0.418160
48.200000 0.322010 0.521665 0.223851 0.238901 0.491144 0.429997 0.245052 0.419911
48.400000 0.321971 0.523292 0.223860 0.238972 0.493195 0.429995 0.244818 0.421321
48.600000 0.322059 0.524951 0.224116 0.239182 0.495178 0.430167 0.244904 0.422962
48.800000 0.321969 0.526711 0.224110 0.239159 0.497149 0.430175 0.244916 0.424347
49.000000 0.322125 0.528325 0.224033 0.239133 0.499035 0.430420 0.245193 0.426006
49.200000 0.321857 0.529635 0.223850 0.239388 0.500998 0.430244 0.245241 0.427427
49.400000 0.322142 0.531504 0.224008 0.239282 0.503196 0.430238 0.245259 0.429011
49.600000 0.322208 0.533125 0.224052 0.239539 0.504991 0.430447 0.245281 0.430563
49.800000 0.322259 0.534565 0.224066 0.239555 0.506912 0.430355 0.245388 0.432112
50.000000 0.322323 0.536086 0.224039 0.239455 0.508843 0.430353 0.245383 0.433580
50.200000 0.322269 0.537666 0.224208 0.239682 0.510835 0.430440 0.245406 0.435132
50.400000 0.322367 0.539287 0.224237 0.239848 0.512997 0.430576 0.245668 0.436927
50.600000 0.322387 0.541180 0.224296 0.239803 0.515301 0.430470 0.245744 0.438786
50.800000 0.322380 0.542509 0.224005 0.239894 0.517358 0.430554 0.245764 0.440262
51.000000 0.322415 0.543836 0.224174 0.239939 0.519051 0.430642 0.245877 0.441707
51.200000 0.322461 0.545173 0.224052 0.239952 0.520803 0.430635 0.245906 0.443090
51.400000 0.322193 0.546684 0.224215 0.239986 0.522707 0.430555 0.245968 0.444601
51.600000 0.322555 0.547789 0.224226 0.240054 0.524485 0.430712 0.246096 0.445940
51.800000 0.322526 0.549201 0.224222 0.240111 0.526373 0.430610 0.246087 0.447307
52.000000 0.322568 0.550535 0.224369 0.240133 0.528258 0.430630 0.246101 0.448805
52.200000 0.322613 0.551449 0.224170 0.240178 0.529890 0.430836 0.246127 0.450247
52.400000 0.322632 0.552846 0.224425 0.240254 0.531449 0.430895 0.246357 0.451611
52.600000 0.322609 0.553905 0.224324 0.240325 0.533397 0.430761 0.246386 0.452765
52.800000 0.322442 0.554817 0.224210 0.240323 0.534824 0.430833 0.246277 0.454017
53.000000 0.322675 0.556360 0.224255 0.240250 0.536699 0.431055 0.246088 0.455552
53.200000 0.322583 0.557329 0.224354 0.240369 0.538374 0.430933 0.246450 0.456742
53.400000 0.322750 0.558223 0.224312 0.240539 0.540069 0.431021 0.246607 0.458171
53.600000 0.322865 0.559422 0.224373 0.240543 0.541799 0.431047 0.246660 0.459462
53.800000 0.322809 0.560530 0.224397 0.240533 0.543187 0.430912 0.246822 0.460725
54.000000 0.322868 0.561582 0.224531 0.240678 0.544862 0.431051 0.246777 0.461946
54.200000 0.322834 0.562655 0.224592 0.240709 0.546397 0.431111 0.246898 0.463195
54.400000 0.322788 0.563631 0.224549 0.240701 0.547955 0.431206 0.246999 0.464336
54.600000 0.322831 0.564642 0.224536 0.240660 0.549476 0.431144 0.247093 0.465725
54.800000 0.322832 0.565256 0.224602 0.240890 0.551057 0.431338 0.247290 0.466779
55.000000 0.322871 0.566498 0.224518 0.240963 0.552670 0.431300 0.247220 0.467988
55.200000 0.322755 0.567434 0.224344 0.240971 0.554013 0.431358 0.247288 0.469328
55.400000 0.323017 0.568365 0.224314 0.240998 0.555326 0.431227 0.247402 0.470290
55.600000 0.322970 0.569120 0.224590 0.240940 0.556725 0.431479 0.247411 0.471548
55.800000 0.322970 0.569839 0.224540 0.240984 0.558468 0.431228 0.247519 0.472668
56.000000 0.322956 0.570718 0.224494 0.241165 0.559626 0.431278 0.247523 0.473714
56.200000 0.322926 0.571334 0.224424 0.241082 0.560970 0.431489 0.247510 0.474944
56.400000 0.323011 0.572464 0.224725 0.241061 0.562381 0.431502 0.247723 0.476025
56.600000 0.322918 0.573003 0.224705 0.241359 0.563934 0.431550 0.247911 0.477201
56.800000 0.323053 0.574052 0.224575 0.241308 0.565507 0.431650 0.247810 0.478464
57.000000 0.322921 0.574886 0.224593 0.241358 0.566763 0.431532 0.247942 0.479560
57.200000 0.323113 0.575641 0.224469 0.241359 0.568119 0.431612 0.247933 0.480574
57.400000 0.323086 0.576200 0.224665 0.241290 0.569370 0.431486 0.248064 0.481525
57.600000 0.323134 0.577067 0.224743 0.241395 0.570639 0.431727 0.248017 0.482620
57.800000 0.323061 0.577732 0.224651 0.241483 0.571763 0.431708 0.248189 0.483473
58.000000 0.323102 0.578059 0.224674 0.241542 0.573201 0.431609 0.248406 0.484568
58.200000 0.323108 0.578792 0.224725 0.241643 0.574460 0.431726 0.248190 0.485424
58.400000 0.323033 0.579614 0.224741 0.241522 0.575639 0.431677 0.248565 0.486409
58.600000 0.323178 0.580071 0.224749 0.241599 0.576881 0.431899 0.248436 0.487236
58.800000 0.323033 0.580789 0.224714 0.241622 0.577889 0.431904 0.248697 0.488255
59.000000 0.323180 0.581259 0.224674 0.241846 0.579045 0.432060 0.248690 0.489265
59.200000 0.323258 0.582013 0.224739 0.241767 0.580182 0.431913 0.248665 0.489916
59.400000 0.323061 0.582510 0.224639 0.241613 0.581199 0.431906 0.248625 0.490824
59.600000 0.323216 0.583178 0.224568 0.241827 0.582423 0.432045 0.248821 0.491937
59.800000 0.323231 0.583639 0.224662 0.241742 0.583593 0.432078 0.248861 0.492597
60.000000 0.323298 0.584203 0.224822 0.241912 0.584521 0.432134 0.248925 0.493767
60.200000 0.323225 0.584700 0.224789 0.241920 0.585542 0.432280 0.248990 0.494450
60.400000 0.323204 0.585277 0.224876 0.242000 0.586559 0.432167 0.249100 0.495278
60.600000 0.322970 0.585796 0.224703 0.241984 0.587604 0.432144 0.249175 0.496122
60.800000 0.323297 0.586193 0.224704 0.241949 0.588694 0.432188 0.249213 0.496952
61.000000 0.323315 0.586706 0.224863 0.241911 0.589783 0.432261 0.249236 0.497619
61.200000 0.323295 0.587237 0.224848 0.242102 0.590552 0.432125 0.249285 0.498201
61.400000 0.323324 0.587490 0.224881 0.242125 0.591585 0.432267 0.249375 0.499366
61.600000 0.323189 0.588106 0.224867 0.242294 0.592755 0.432342 0.249435 0.500091
61.800000 0.323397 0.588536 0.225064 0.242192 0.593609 0.432456 0.249429 0.500704
62.000000 0.323370 0.589011 0.224825 0.242307 0.594533 0.432429 0.249745 0.501640
62.200000 0.323434 0.589392 0.224880 0.241930 0.595419 0.432463 0.249510 0.502397
62.400000 0.323426 0.589874 0.225067 0.242323 0.596348 0.432543 0.249714 0.503079
62.600000 0.323455 0.590273 0.224775 0.242320 0.597416 0.432459 0.249824 0.503720
62.800000 0.323375 0.590611 0.224818 0.242314 0.598151 0.432350 0.249847 0.504501
63.000000 0.323285 0.591276 0.225036 0.242442 0.599382 0.432440 0.249788 0.505461
63.200000 0.323424 0.591648 0.224782 0.242431 0.600570 0.432702 0.250230 0.506179
63.400000 0.323426 0.591890 0.224947 0.242535 0.601308 0.432714 0.250203 0.506882
63.600000 0.323398 0.592347 0.224972 0.242547 0.602024 0.432872 0.250155 0.507502
63.800000 0.323475 0.592778 0.224984 0.242556 0.602949 0.432749 0.250385 0.508163
64.000000 0.323459 0.593059 0.224959 0.242487 0.603699 0.432749 0.250295 0.508864
64.200000 0.323442 0.593336 0.225010 0.242496 0.604705 0.432867 0.250327 0.509369
64.400000 0.323509 0.593825 0.225033 0.242607 0.605190 0.432846 0.250285 0.510085
64.600000 0.323517 0.594153 0.225053 0.242485 0.606005 0.432875 0.250514 0.510612
64.800000 0.323637 0.594432 0.225136 0.242710 0.606850 0.432760 0.250631 0.511326
65.000000 0.323339 0.594663 0.225044 0.242648 0.607629 0.432984 0.250619 0.511786
65.200000 0.323371 0.594975 0.225205 0.242712 0.608484 0.433027 0.250620 0.512542
65.400000 0.323547 0.595228 0.225101 0.242803 0.609068 0.433033 0.250784 0.512940
65.600000 0.323350 0.595646 0.225131 0.242713 0.609639 0.432867 0.250990 0.513677
65.800000 0.323535 0.596000 0.225079 0.242839 0.610586 0.433064 0.250891 0.514199
66.000000 0.323595 0.596101 0.225006 0.242881 0.611155 0.433040 0.250974 0.514603
66.200000 0.323555 0.596590 0.224969 0.242911 0.611716 0.433158 0.250998 0.515094
66.400000 0.323548 0.596662 0.225253 0.242941 0.612682 0.433070 0.251127 0.515761
66.600000 0.323532 0.597026 0.225132 0.243060 0.613354 0.433049 0.251152 0.516440
66.800000 0.323421 0.597234 0.225095 0.243053 0.613910 0.433053 0.251254 0.516921
67.000000 0.323533 0.597460 0.225155 0.242810 0.614767 0.433275 0.251268 0.517404
67.200000 0.323586 0.597815 0.225188 0.242965 0.615169 0.433235 0.251285 0.517776
67.400000 0.323614 0.598093 0.225148 0.243134 0.616115 0.433270 0.251378 0.518293
67.600000 0.323625 0.598249 0.225163 0.243173 0.616552 0.433310 0.251338 0.518672
67.800000 0.323616 0.598591 0.225187 0.243206 0.617127 0.433397 0.251528 0.519385
68.000000 0.323604 0.598870 0.225157 0.243112 0.617789 0.433450 0.251474 0.519785
68.200000 0.323629 0.599093 0.225239 0.243089 0.618395 0.433384 0.251655 0.520383
68.400000 0.323516 0.599304 0.225156 0.243171 0.618953 0.433452 0.251701 0.520909
68.600000 0.323644 0.599635 0.225212 0.243362 0.619416 0.433544 0.251899 0.521383
68.800000 0.323609 0.599793 0.225243 0.243060 0.620249 0.433505 0.251831 0.521795
69.000000 0.323763 0.599839 0.225285 0.243458 0.620834 0.433505 0.251859 0.522294
69.200000 0.323514 0.600260 0.225245 0.243335 0.621435 0.433654 0.251793 0.522589
69.400000 0.323537 0.600404 0.225345 0.243335 0.621885 0.433607 0.252025 0.523136
69.600000 0.323672 0.600472 0.225286 0.243264 0.622550 0.433530 0.252090 0.523447
69.800000 0.323683 0.600637 0.225241 0.243276 0.623127 0.433547 0.252111 0.524047
70.000000 0.323699 0.600911 0.225299 0.243452 0.623496 0.433765 0.252142 0.524302
70.200000 0.323489 0.601133 0.225309 0.243467 0.624037 0.433736 0.252286 0.524857
70.400000 0.323657 0.601329 0.225358 0.243480 0.624644 0.433767 0.252281 0.525239
70.600000 0.323697 0.601641 0.225267 0.243413 0.625201 0.433946 0.252233 0.525637
70.800000 0.323730 0.601539 0.225126 0.243636 0.625520 0.433754 0.252474 0.525883
71.000000 0.323757 0.601885 0.225291 0.243396 0.626072 0.433897 0.252535 0.526426
71.200000 0.323719 0.602083 0.225263 0.243627 0.626769 0.433810 0.252598 0.526838
71.400000 0.323747 0.602236 0.225321 0.243636 0.626949 0.433915 0.252586 0.527234
71.600000 0.323496 0.602342 0.225220 0.243531 0.627554 0.433970 0.252731 0.527572
71.800000 0.323709 0.602557 0.225520 0.243809 0.627698 0.434076 0.252802 0.527876
72.000000 0.323727 0.602685 0.225341 0.243607 0.628764 0.434092 0.252696 0.528326
72.200000 0.323733 0.602857 0.225356 0.243579 0.629022 0.434200 0.252897 0.528677
72.400000 0.323758 0.602944 0.225518 0.243794 0.629573 0.433964 0.253014 0.529012
72.600000 0.323758 0.603107 0.225504 0.243800 0.629843 0.434172 0.252861 0.529310
72.800000 0.323728 0.603211 0.225416 0.243772 0.630415 0.434119 0.253040 0.529721
73.000000 0.323804 0.603377 0.225374 0.243714 0.630722 0.434151 0.253208 0.530086
73.200000 0.323828 0.603707 0.225384 0.243816 0.631120 0.434247 0.253229 0.530250
73.400000 0.323821 0.603883 0.225410 0.243855 0.631597 0.434232 0.253174 0.530687
73.600000 0.323661 0.603927 0.225518 0.243886 0.631879 0.434181 0.253368 0.530874
73.800000 0.323883 0.603914 0.225412 0.243941 0.632327 0.434383 0.253349 0.531410
74.000000 0.323610 0.604054 0.225416 0.243925 0.632778 0.434353 0.253548 0.531599
74.200000 0.323853 0.604128 0.225418 0.243976 0.633085 0.434553 0.253490 0.531781
74.400000 0.323817 0.604469 0.225487 0.243958 0.633602 0.434364 0.253522 0.532110
74.600000 0.323833 0.604621 0.225356 0.244033 0.634057 0.434430 0.253701 0.532393
74.800000 0.323843 0.604589 0.225436 0.244033 0.634370 0.434536 0.253704 0.532720
75.000000 0.323831 0.604851 0.225530 0.244073 0.634684 0.434595 0.253754 0.533225
75.200000 0.323706 0.605081 0.225502 0.244130 0.635260 0.434549 0.253808 0.533513
75.400000 0.323838 0.604998 0.225266 0.244084 0.635541 0.434430 0.253881 0.533728
75.600000 0.323790 0.605157 0.225415 0.244221 0.635895 0.434630 0.253817 0.534154
75.800000 0.323681 0.605255 0.225509 0.244148 0.636302 0.434576 0.254007 0.534316
76.000000 0.323825 0.605239 0.225534 0.244210 0.636516 0.434637 0.254084 0.534628
76.200000 0.323874 0.605596 0.225587 0.244424 0.636945 0.434827 0.254118 0.534713
76.400000 0.323762 0.605627 0.225545 0.244275 0.637245 0.434777 0.254166 0.535111
76.600000 0.323852 0.605726 0.225568 0.244141 0.637546 0.434758 0.254069 0.535415
76.800000 0.323844 0.605870 0.225574 0.244354 0.637935 0.434836 0.254326 0.535441
77.000000 0.323704 0.605848 0.225557 0.244269 0.637865 0.434846 0.254213 0.535879
77.200000 0.323823 0.605897 0.225585 0.244336 0.638675 0.434912 0.254404 0.535815
77.400000 0.323699 0.605947 0.225579 0.244359 0.638792 0.434769 0.254472 0.536208
77.600000 0.323674 0.606111 0.225600 0.244373 0.639207 0.434980 0.254555 0.536428
77.800000 0.323665 0.606149 0.225544 0.244324 0.639402 0.434654 0.254576 0.536534
78.000000 0.323893 0.606521 0.225568 0.244430 0.639782 0.435171 0.254738 0.537034
78.200000 0.323699 0.606507 0.225568 0.244443 0.640056 0.435085 0.254816 0.537162
78.400000 0.323860 0.606589 0.225554 0.244321 0.640497 0.435042 0.254743 0.537548
78.600000 0.323833 0.606609 0.225603 0.244558 0.640687 0.435099 0.254704 0.537698
78.800000 0.323877 0.606535 0.225601 0.244327 0.641006 0.435092 0.254958 0.537887
79.000000 0.323789 0.606629 0.225532 0.244442 0.641156 0.434986 0.254673 0.537989
79.200000 0.323874 0.606818 0.225632 0.244474 0.641589 0.434973 0.254912 0.538417
79.400000 0.323817 0.606885 0.225554 0.244597 0.641844 0.435240 0.255026 0.538496
79.600000 0.323862 0.607072 0.225652 0.244452 0.642061 0.435243 0.255056 0.538845
79.800000 0.323913 0.606930 0.225653 0.244614 0.642163 0.435454 0.255084 0.538919
80.000000 0.323885 0.607046 0.225772 0.244553 0.642440 0.435219 0.255181 0.539156
80.200000 0.323905 0.607150 0.225547 0.244743 0.642806 0.435358 0.255245 0.539343
80.400000 0.323845 0.607149 0.225685 0.244676 0.642939 0.435382 0.255395 0.539363
80.600000 0.323870 0.607155 0.225533 0.244666 0.643450 0.435191 0.255141 0.539682
80.800000 0.323905 0.607433 0.225720 0.244767 0.643500 0.435422 0.255376 0.539804
81.000000 0.323930 0.607332 0.225576 0.244724 0.643682 0.435478 0.255409 0.540060
81.200000 0.323814 0.607684 0.225725 0.244805 0.644052 0.435602 0.255512 0.540439
81.400000 0.323901 0.607638 0.225722 0.244657 0.644085 0.435408 0.255476 0.540451
81.600000 0.323891 0.607703 0.225760 0.244803 0.644661 0.435526 0.255586 0.540686
81.800000 0.323933 0.607756 0.225629 0.244809 0.644726 0.435368 0.255639 0.540620
82.000000 0.323900 0.607845 0.225709 0.244876 0.644919 0.435436 0.255598 0.540844
82.200000 0.323912 0.607699 0.225745 0.244857 0.645282 0.435506 0.255597 0.541024
82.400000 0.323914 0.607690 0.225707 0.244951 0.645297 0.435731 0.255775 0.541218
82.600000 0.323885 0.607863 0.225773 0.244778 0.645542 0.435684 0.255837 0.541430
82.800000 0.323738 0.608049 0.225789 0.244957 0.645761 0.435776 0.255851 0.541438
83.000000 0.323897 0.608015 0.225772 0.244923 0.645803 0.435568 0.255929 0.541731
83.200000 0.324084 0.608183 0.225688 0.244991 0.646182 0.435729 0.255783 0.541951
83.400000 0.323935 0.608080 0.225907 0.244988 0.646327 0.435500 0.256189 0.541983
83.600000 0.323812 0.608268 0.225927 0.244986 0.646646 0.435646 0.255994 0.542264
83.800000 0.323916 0.608287 0.225684 0.245005 0.646762 0.435846 0.255958 0.542226
84.000000 0.323957 0.608297 0.225823 0.245195 0.646842 0.435847 0.256077 0.542387
84.200000 0.323823 0.608259 0.225680 0.245025 0.647032 0.435912 0.256301 0.542470
84.400000 0.323935 0.608342 0.225752 0.244967 0.647142 0.435902 0.256064 0.542682
84.600000 0.323798 0.608460 0.225801 0.245033 0.647401 0.435912 0.256252 0.542846
84.800000 0.323805 0.608478 0.225740 0.245057 0.647608 0.435965 0.256473 0.542986
85.000000 0.323809 0.608541 0.225837 0.245011 0.647742 0.435972 0.256344 0.543191
85.200000 0.323961 0.608600 0.225694 0.245132 0.647944 0.435723 0.256432 0.543258
85.400000 0.323666 0.608556 0.225768 0.245168 0.648049 0.435855 0.256380 0.543327
85.600000 0.323845 0.608682 0.225877 0.245163 0.648259 0.436083 0.256483 0.543459
85.800000 0.323907 0.608522 0.225925 0.245041 0.648303 0.436026 0.256392 0.543405
86.000000 0.323990 0.608860 0.225934 0.245081 0.648653 0.436148 0.256634 0.543725
86.200000 0.324007 0.608863 0.225890 0.245223 0.648993 0.436143 0.256505 0.543904
86.400000 0.323843 0.608734 0.225728 0.245255 0.648996 0.436026 0.256686 0.543893
86.600000 0.323836 0.608935 0.225825 0.245236 0.649193 0.436171 0.256705 0.544061
86.800000 0.323775 0.608715 0.226123 0.245280 0.649118 0.436108 0.256956 0.544097
87.000000 0.324029 0.609089 0.225925 0.245338 0.649559 0.436255 0.256873 0.544403
87.200000 0.324014 0.608885 0.225917 0.245308 0.649606 0.436162 0.256912 0.544287
87.400000 0.324011 0.608989 0.225923 0.245483 0.649855 0.436179 0.256865 0.544632
87.600000 0.324017 0.609146 0.225914 0.245363 0.650110 0.436347 0.257013 0.544629
87.800000 0.323836 0.609181 0.225742 0.245339 0.650079 0.436465 0.256978 0.544884
88.000000 0.324041 0.609247 0.225887 0.245265 0.650396 0.436533 0.257047 0.544806
88.200000 0.323827 0.609250 0.225884 0.245397 0.650629 0.436361 0.257227 0.545087
88.400000 0.323817 0.609247 0.225896 0.245432 0.650501 0.436169 0.257127 0.545182
88.600000 0.323996 0.609311 0.225914 0.245364 0.650875 0.436521 0.257391 0.545278
88.800000 0.324009 0.609545 0.225941 0.245184 0.650987 0.436546 0.257151 0.545290
89.000000 0.323962 0.609329 0.226018 0.245433 0.651192 0.436476 0.257286 0.545566
89.200000 0.323926 0.608909 0.225847 0.245436 0.651245 0.436466 0.257367 0.545612
89.400000 0.323964 0.609537 0.225958 0.245566 0.651265 0.436594 0.257311 0.545548
89.600000 0.323871 0.609666 0.225925 0.245382 0.651592 0.436615 0.257313 0.545818
89.800000 0.323930 0.609485 0.225924 0.245541 0.651724 0.436623 0.257328 0.545858
90.000000 0.323956 0.609695 0.226106 0.245580 0.651974 0.436658 0.257467 0.546042
