0.200000 0.201949 0.329228 0.159764 0.167677 0.260466 0.584540 0.177807 0.235219
0.400000 0.201800 0.328762 0.159886 0.167298 0.259840 0.584177 0.177386 0.234763
0.600000 0.201793 0.328596 0.159724 0.167326 0.259349 0.583814 0.177445 0.234413
0.800000 0.201775 0.328535 0.159643 0.167416 0.259415 0.583650 0.177500 0.234194
1.000000 0.201742 0.328291 0.159810 0.167328 0.258933 0.583702 0.177316 0.234041
1.200000 0.201706 0.328153 0.159708 0.167162 0.258533 0.583562 0.177298 0.233740
1.400000 0.201871 0.328183 0.159858 0.167258 0.258225 0.583419 0.177193 0.233626
1.600000 0.201626 0.327970 0.159740 0.167286 0.257903 0.583395 0.177005 0.233282
1.800000 0.201651 0.328039 0.159651 0.167325 0.257710 0.583462 0.177042 0.233063
2.000000 0.201615 0.327715 0.159623 0.167370 0.257394 0.583137 0.176861 0.232723
2.200000 0.201684 0.327527 0.159670 0.167351 0.257098 0.582985 0.176932 0.232645
2.400000 0.201632 0.327293 0.159711 0.167204 0.256799 0.582763 0.176609 0.232291
2.600000 0.201618 0.327264 0.159700 0.167133 0.256377 0.582885 0.176767 0.232065
2.800000 0.201719 0.326998 0.159499 0.167016 0.256135 0.582594 0.176564 0.231888
3.000000 0.201480 0.326772 0.159645 0.167322 0.255753 0.582441 0.176636 0.231686
3.200000 0.201435 0.326772 0.159737 0.166996 0.255460 0.582129 0.176582 0.231613
3.400000 0.201545 0.326642 0.159675 0.167144 0.255147 0.582200 0.176540 0.231199
3.600000 0.201442 0.326490 0.159697 0.166936 0.255004 0.582245 0.176399 0.231040
3.800000 0.201501 0.326380 0.159503 0.166944 0.254633 0.581891 0.176320 0.230541
4.000000 0.201473 0.326319 0.159489 0.166801 0.254513 0.581772 0.176324 0.230492
4.200000 0.201525 0.325954 0.159489 0.167003 0.254131 0.581698 0.176250 0.230261
4.400000 0.201448 0.326160 0.159662 0.167072 0.254024 0.581538 0.176349 0.230103
4.600000 0.201497 0.325896 0.159665 0.166916 0.253665 0.581434 0.176179 0.230082
4.800000 0.201277 0.325531 0.159605 0.166828 0.253309 0.581349 0.175790 0.229748
5.000000 0.201393 0.325508 0.159575 0.166695 0.253053 0.581223 0.176036 0.229571
5.200000 0.201388 0.325268 0.159477 0.166509 0.252736 0.581132 0.176025 0.229229
5.400000 0.201379 0.325208 0.159629 0.166738 0.252502 0.581015 0.175846 0.229049
5.600000 0.201375 0.325103 0.159562 0.166837 0.252113 0.580898 0.175933 0.229082
5.800000 0.201347 0.325003 0.159610 0.166750 0.251774 0.580642 0.175761 0.228703
6.000000 0.201276 0.324732 0.159467 0.166658 0.251617 0.580723 0.175748 0.228567
6.200000 0.201160 0.324577 0.159751 0.166346 0.251455 0.580336 0.175558 0.228385
6.400000 0.201306 0.324467 0.159631 0.166504 0.251129 0.580389 0.175581 0.228052
6.600000 0.201283 0.324358 0.159558 0.166616 0.250816 0.580217 0.175625 0.227911
6.800000 0.201262 0.324283 0.159475 0.166585 0.250403 0.580123 0.175436 0.227685
7.000000 0.201243 0.323998 0.159585 0.166499 0.250254 0.579890 0.175388 0.227422
7.200000 0.201219 0.324192 0.159598 0.166360 0.249873 0.579768 0.175455 0.227290
7.400000 0.201234 0.323944 0.159331 0.166613 0.249729 0.579648 0.175215 0.227081
7.600000 0.201160 0.323724 0.159542 0.166345 0.249628 0.579707 0.175241 0.226890
7.800000 0.201136 0.323785 0.159160 0.165877 0.249183 0.579369 0.175023 0.226666
8.000000 0.201134 0.323512 0.159407 0.166425 0.248916 0.579330 0.175126 0.226523
8.200000 0.201170 0.323404 0.159520 0.166444 0.248725 0.579173 0.175033 0.226171
8.400000 0.201152 0.323187 0.159505 0.166346 0.248435 0.579143 0.174987 0.225998
8.600000 0.201027 0.323061 0.159599 0.166201 0.248224 0.578898 0.174971 0.225832
8.800000 0.200978 0.322977 0.159496 0.166304 0.248032 0.578792 0.174796 0.225778
9.000000 0.201094 0.322737 0.159462 0.166234 0.247725 0.578548 0.174823 0.225576
9.200000 0.201069 0.322861 0.159476 0.166444 0.247953 0.578611 0.174720 0.225319
9.400000 0.201059 0.322673 0.159492 0.166224 0.247282 0.578578 0.174700 0.225074
9.600000 0.201070 0.322524 0.159421 0.165983 0.246964 0.578389 0.174667 0.225215
9.800000 0.200974 0.322270 0.159591 0.166289 0.246783 0.578178 0.174637 0.224880
10.000000 0.201032 0.322332 0.159490 0.166206 0.246443 0.577723 0.174569 0.224617
10.200000 0.200976 0.321983 0.159442 0.166036 0.246319 0.577954 0.174422 0.224339
10.400000 0.200868 0.322030 0.159436 0.166055 0.246069 0.577615 0.174461 0.224304
10.600000 0.200864 0.321943 0.159392 0.166281 0.245698 0.577552 0.174434 0.224293
10.800000 0.200980 0.321809 0.159436 0.166121 0.245662 0.577668 0.174344 0.223944
11.000000 0.200946 0.321717 0.159333 0.166062 0.245274 0.577524 0.174348 0.223649
11.200000 0.200815 0.321600 0.159416 0.165951 0.245130 0.577208 0.174105 0.223651
11.400000 0.200975 0.321651 0.159442 0.166240 0.245045 0.577112 0.174111 0.223477
11.600000 0.200806 0.321348 0.159341 0.165792 0.244460 0.576981 0.174136 0.223218
11.800000 0.200894 0.321252 0.159316 0.166094 0.244539 0.576779 0.174240 0.223230
12.000000 0.201069 0.321314 0.159318 0.165876 0.244339 0.576818 0.174105 0.222926
12.200000 0.200904 0.321019 0.159512 0.165963 0.243977 0.576567 0.174000 0.222635
12.400000 0.201027 0.320752 0.159347 0.166013 0.243871 0.576580 0.173953 0.222567
12.600000 0.200884 0.320820 0.159429 0.165750 0.243490 0.576242 0.173860 0.222367
12.800000 0.200854 0.320602 0.159460 0.165977 0.243287 0.576368 0.174007 0.222216
13.000000 0.200833 0.320717 0.159428 0.165764 0.243102 0.576249 0.173841 0.222065
13.200000 0.200875 0.320363 0.159243 0.165851 0.242780 0.576109 0.173742 0.222130
13.400000 0.200790 0.320327 0.159556 0.165349 0.242639 0.576006 0.173738 0.221666
13.600000 0.200760 0.320142 0.159411 0.165860 0.242263 0.575887 0.173658 0.221607
13.800000 0.200753 0.320000 0.159165 0.165764 0.242177 0.575821 0.173745 0.221459
14.000000 0.200780 0.320118 0.159333 0.165820 0.242010 0.575670 0.173523 0.221297
14.200000 0.200635 0.319936 0.159338 0.165756 0.241946 0.575454 0.173572 0.221104
14.400000 0.200704 0.319796 0.159366 0.165846 0.241786 0.575391 0.173519 0.221095
14.600000 0.200753 0.319655 0.159348 0.165788 0.241532 0.575371 0.173391 0.220840
14.800000 0.200701 0.319617 0.159358 0.165559 0.241222 0.575217 0.173444 0.220758
15.000000 0.200757 0.319685 0.159346 0.165614 0.241119 0.575150 0.173430 0.220568
15.200000 0.200687 0.319569 0.159298 0.165706 0.240801 0.575013 0.173398 0.220522
15.400000 0.200688 0.319362 0.159211 0.165640 0.240713 0.574884 0.173195 0.220318
15.600000 0.200686 0.319214 0.159163 0.165622 0.240417 0.574938 0.173314 0.220158
15.800000 0.200677 0.319135 0.159370 0.165586 0.240287 0.574513 0.173221 0.219998
16.000000 0.200670 0.319163 0.159206 0.165526 0.240254 0.574779 0.173263 0.219752
16.200000 0.200748 0.319127 0.159430 0.165693 0.240003 0.574640 0.173131 0.219675
16.400000 0.200623 0.318759 0.159383 0.165571 0.239798 0.574261 0.173159 0.219530
16.600000 0.200626 0.319041 0.159006 0.165558 0.239505 0.574223 0.173078 0.219308
16.800000 0.200627 0.318758 0.159258 0.165532 0.239489 0.574168 0.173204 0.219314
17.000000 0.200629 0.318621 0.159215 0.165506 0.239190 0.573902 0.173023 0.219119
17.200000 0.200539 0.318568 0.159206 0.165502 0.238987 0.573747 0.172980 0.218934
17.400000 0.200605 0.318327 0.159449 0.165484 0.238684 0.573661 0.173009 0.218950
17.600000 0.200574 0.318310 0.159281 0.165451 0.238634 0.573716 0.172938 0.218802
17.800000 0.200576 0.318511 0.159257 0.165483 0.238409 0.573477 0.173001 0.218600
18.000000 0.200571 0.318413 0.159300 0.165450 0.238278 0.573540 0.172864 0.218463
18.200000 0.200560 0.318137 0.159017 0.165315 0.238159 0.573403 0.172701 0.218324
18.400000 0.200569 0.318061 0.159266 0.165480 0.237942 0.573397 0.172762 0.218055
18.600000 0.200567 0.318043 0.159270 0.165297 0.237830 0.573210 0.172664 0.218033
18.800000 0.200533 0.317918 0.159019 0.165551 0.237571 0.573018 0.172882 0.217795
19.000000 0.200642 0.317729 0.159264 0.165375 0.237311 0.572873 0.172679 0.217631
19.200000 0.200530 0.317767 0.159262 0.165212 0.237238 0.572772 0.172607 0.217609
19.400000 0.200495 0.317636 0.159217 0.165259 0.236856 0.572673 0.172585 0.217544
19.600000 0.200372 0.317582 0.159087 0.165206 0.236781 0.572618 0.172284 0.217375
19.800000 0.200363 0.317487 0.159227 0.165140 0.236795 0.572451 0.172497 0.217145
20.000000 0.200437 0.317518 0.159208 0.165243 0.236426 0.572402 0.172440 0.217047
20.200000 0.200453 0.317124 0.159248 0.165152 0.236295 0.572137 0.172184 0.216929
20.400000 0.200487 0.317200 0.159128 0.165266 0.236182 0.572155 0.172362 0.216784
20.600000 0.200260 0.316863 0.159044 0.165110 0.235775 0.571956 0.172281 0.216647
20.800000 0.200409 0.317012 0.159232 0.165200 0.235631 0.571866 0.172370 0.216556
21.000000 0.200399 0.316925 0.159054 0.165199 0.235486 0.571833 0.172349 0.216411
21.200000 0.200404 0.317144 0.159236 0.165228 0.235449 0.571888 0.172125 0.216315
21.400000 0.200415 0.316720 0.159150 0.165117 0.235204 0.571517 0.172388 0.216190
21.600000 0.200400 0.316680 0.159194 0.165166 0.234917 0.571521 0.172203 0.216055
21.800000 0.200349 0.316592 0.159258 0.165121 0.234837 0.571408 0.172025 0.215879
22.000000 0.200242 0.316533 0.159195 0.165123 0.234712 0.571239 0.171997 0.215618
22.200000 0.200408 0.316377 0.159052 0.165098 0.234564 0.571202 0.172107 0.215668
22.400000 0.200226 0.316298 0.159181 0.164968 0.234461 0.571047 0.172055 0.215537
22.600000 0.200347 0.316375 0.159165 0.165090 0.234303 0.570957 0.171893 0.215498
22.800000 0.200446 0.316247 0.159119 0.164948 0.234103 0.570822 0.172094 0.215284
23.000000 0.200336 0.316054 0.158871 0.165076 0.233989 0.570816 0.172055 0.215189
23.200000 0.200332 0.316002 0.159280 0.165091 0.233663 0.570558 0.171825 0.215037
23.400000 0.200332 0.315330 0.159132 0.164993 0.233687 0.570491 0.171824 0.214960
23.600000 0.200329 0.315931 0.159054 0.164954 0.233357 0.570293 0.171906 0.214835
23.800000 0.200303 0.315723 0.159298 0.164974 0.233063 0.570345 0.171899 0.214712
24.000000 0.200347 0.315722 0.159033 0.164778 0.232896 0.570139 0.171757 0.214475
24.200000 0.200294 0.315671 0.159004 0.165013 0.233150 0.570124 0.171842 0.214465
24.400000 0.200138 0.315380 0.159125 0.164971 0.232867 0.569941 0.171714 0.214371
24.600000 0.200197 0.315518 0.159230 0.165066 0.232805 0.569804 0.171807 0.214216
24.800000 0.200284 0.315256 0.159107 0.165004 0.232478 0.569878 0.171670 0.214199
25.000000 0.200124 0.315480 0.159022 0.164903 0.232250 0.569727 0.171721 0.213994
25.200000 0.200281 0.315173 0.159113 0.164853 0.232242 0.569610 0.171673 0.213839
25.400000 0.200112 0.315214 0.159070 0.164854 0.232078 0.569435 0.171527 0.213635
25.600000 0.200208 0.315033 0.159158 0.164844 0.231787 0.569248 0.171647 0.213640
25.800000 0.200294 0.314965 0.159020 0.164864 0.231932 0.569304 0.171618 0.213508
26.000000 0.200182 0.314860 0.159115 0.164833 0.231385 0.569023 0.171532 0.213417
26.200000 0.200176 0.314910 0.159054 0.164841 0.231358 0.569139 0.171561 0.213268
26.400000 0.200338 0.314794 0.159013 0.164703 0.231276 0.568863 0.171372 0.213046
26.600000 0.200190 0.314765 0.159121 0.164806 0.230887 0.568811 0.171474 0.213061
26.800000 0.200152 0.314778 0.159123 0.164702 0.230970 0.568610 0.171487 0.212985
27.000000 0.200188 0.314485 0.159218 0.164670 0.230855 0.568643 0.171641 0.212826
27.200000 0.200161 0.314498 0.159071 0.164716 0.230623 0.568595 0.171388 0.212576
27.400000 0.200139 0.314406 0.159023 0.164750 0.230420 0.568349 0.171353 0.212613
27.600000 0.200155 0.314219 0.158886 0.164785 0.230331 0.568359 0.171326 0.212492
27.800000 0.200190 0.314469 0.159106 0.164790 0.230165 0.568153 0.171325 0.212410
28.000000 0.200124 0.314246 0.158997 0.164713 0.230023 0.567988 0.171344 0.212137
28.200000 0.200133 0.314142 0.159126 0.164726 0.229905 0.567846 0.171297 0.212197
28.400000 0.200109 0.314093 0.159065 0.164698 0.229933 0.567790 0.171431 0.212075
28.600000 0.200190 0.314079 0.159078 0.164695 0.229577 0.567789 0.171205 0.211760
28.800000 0.200098 0.313965 0.159094 0.164650 0.229359 0.567520 0.171051 0.211799
29.000000 0.200106 0.313840 0.159050 0.164538 0.229382 0.567573 0.171106 0.211749
29.200000 0.200056 0.313771 0.159040 0.164737 0.229211 0.567542 0.171175 0.211634
29.400000 0.200086 0.314015 0.158831 0.164576 0.229099 0.567346 0.171124 0.211567
29.600000 0.199948 0.313271 0.159040 0.164529 0.228835 0.567273 0.171093 0.211394
29.800000 0.199903 0.313573 0.159033 0.164615 0.228802 0.567085 0.170924 0.211314
30.000000 0.199896 0.313557 0.158871 0.164585 0.228662 0.566955 0.170937 0.211089
30.200000 0.200077 0.313674 0.158995 0.164596 0.228532 0.566724 0.170937 0.210940
30.400000 0.200004 0.313275 0.158920 0.164398 0.228344 0.566868 0.170944 0.210943
30.600000 0.200098 0.313169 0.159099 0.164533 0.228077 0.566636 0.170859 0.210838
30.800000 0.200479 0.313246 0.158933 0.164510 0.227833 0.566570 0.170934 0.210789
31.000000 0.201119 0.313495 0.158923 0.164610 0.227976 0.566410 0.170850 0.210662
31.200000 0.202302 0.312972 0.158996 0.164418 0.227746 0.566375 0.171001 0.210537
31.400000 0.203479 0.313007 0.159135 0.164499 0.227675 0.566336 0.170878 0.210341
31.600000 0.205025 0.312685 0.159006 0.164520 0.227484 0.566121 0.170750 0.210347
31.800000 0.206769 0.312926 0.159117 0.164520 0.227374 0.566221 0.170928 0.210122
32.000000 0.208863 0.312678 0.159215 0.164520 0.227256 0.566103 0.171027 0.210259
32.200000 0.211211 0.312687 0.158851 0.164386 0.227240 0.566183 0.170926 0.210224
32.400000 0.213480 0.312783 0.159079 0.164580 0.227299 0.566283 0.171170 0.210144
32.600000 0.216202 0.312748 0.158854 0.164632 0.227262 0.566230 0.171216 0.210102
32.800000 0.218686 0.312673 0.159132 0.164717 0.227227 0.566179 0.171457 0.210211
33.000000 0.221441 0.312656 0.159280 0.164759 0.227330 0.566116 0.171505 0.210130
33.200000 0.224140 0.312704 0.159062 0.164672 0.227515 0.566127 0.171675 0.210271
33.400000 0.226315 0.312851 0.159041 0.165054 0.227687 0.566263 0.171842 0.210260
33.600000 0.228809 0.312654 0.159230 0.165090 0.227872 0.566117 0.172108 0.210491
33.800000 0.230846 0.312908 0.159185 0.165179 0.227989 0.566182 0.172191 0.210494
34.000000 0.233072 0.313212 0.159294 0.165365 0.228422 0.566350 0.172415 0.210859
34.200000 0.234954 0.313247 0.159279 0.165265 0.228521 0.566380 0.172501 0.210952
34.400000 0.236723 0.313555 0.159321 0.165389 0.228764 0.566392 0.173013 0.211043
34.600000 0.238258 0.313585 0.159426 0.165594 0.229192 0.566425 0.173112 0.211427
34.800000 0.239772 0.313904 0.159349 0.165831 0.229742 0.566500 0.173436 0.211639
35.000000 0.241069 0.314189 0.159354 0.165942 0.230001 0.566449 0.173523 0.211912
35.200000 0.242178 0.314634 0.159415 0.166127 0.230268 0.566661 0.174058 0.212120
35.400000 0.243273 0.314928 0.159567 0.166467 0.230833 0.566606 0.174135 0.212473
35.600000 0.244246 0.315229 0.159540 0.166353 0.231245 0.566944 0.174556 0.212782
35.800000 0.245112 0.315624 0.159593 0.166688 0.231554 0.566955 0.174685 0.213051
36.000000 0.245872 0.315813 0.159590 0.166881 0.232190 0.567016 0.174959 0.213349
36.200000 0.246560 0.316227 0.159574 0.167050 0.232651 0.566893 0.175242 0.213774
36.400000 0.247169 0.316876 0.159699 0.167298 0.233303 0.567092 0.175533 0.214063
36.600000 0.247661 0.317186 0.159684 0.167524 0.233645 0.567103 0.175820 0.214536
36.800000 0.248181 0.317609 0.159674 0.167450 0.234284 0.567386 0.176058 0.214728
37.000000 0.248567 0.318034 0.159701 0.167820 0.234869 0.567387 0.176376 0.215259
37.200000 0.249144 0.318491 0.159767 0.167856 0.235531 0.567581 0.176570 0.215705
37.400000 0.249619 0.319272 0.159780 0.168366 0.236238 0.567604 0.177022 0.216128
37.600000 0.249975 0.319969 0.159824 0.168516 0.237120 0.567753 0.177301 0.216706
37.800000 0.250239 0.320280 0.159860 0.168623 0.237436 0.567917 0.177491 0.217000
38.000000 0.250505 0.320916 0.159925 0.168763 0.237920 0.567732 0.177917 0.217555
38.200000 0.250613 0.321521 0.159954 0.168777 0.239006 0.568026 0.178122 0.218166
38.400000 0.250983 0.322120 0.159987 0.169106 0.239616 0.568014 0.178399 0.218422
38.600000 0.251120 0.322776 0.160195 0.169466 0.240384 0.568136 0.178540 0.219018
38.800000 0.251200 0.323278 0.160033 0.169587 0.240805 0.568152 0.178909 0.219457
39.000000 0.251507 0.323820 0.159972 0.169697 0.241669 0.568312 0.179252 0.219815
39.200000 0.251476 0.324463 0.160064 0.169839 0.242431 0.568514 0.179499 0.220422
39.400000 0.251780 0.325196 0.160158 0.170153 0.243217 0.568631 0.179854 0.221054
39.600000 0.251870 0.326040 0.160334 0.170379 0.243974 0.568814 0.180197 0.221586
39.800000 0.252053 0.326568 0.160260 0.170686 0.244471 0.568743 0.180224 0.222080
40.000000 0.252183 0.327272 0.160338 0.170621 0.245504 0.568965 0.180583 0.222474
40.200000 0.252106 0.328049 0.160242 0.171008 0.246249 0.568861 0.180837 0.223175
40.400000 0.252339 0.328582 0.160043 0.171143 0.247007 0.569004 0.181157 0.223744
40.600000 0.252248 0.329021 0.160356 0.171207 0.247737 0.568916 0.181386 0.224203
40.800000 0.252495 0.329984 0.160372 0.171437 0.248629 0.569204 0.181721 0.224972
41.000000 0.252629 0.330707 0.160385 0.171605 0.249382 0.569406 0.181978 0.225479
41.200000 0.252622 0.331388 0.160552 0.171749 0.250199 0.569322 0.182320 0.226069
41.400000 0.252670 0.331960 0.160573 0.172071 0.250917 0.569464 0.182343 0.226688
41.600000 0.252737 0.332746 0.160649 0.172112 0.251834 0.569534 0.182740 0.227276
41.800000 0.252905 0.333692 0.160530 0.172243 0.252630 0.569797 0.183036 0.227925
42.000000 0.252686 0.334294 0.160718 0.172286 0.253505 0.569957 0.183143 0.228544
42.200000 0.252782 0.334886 0.160707 0.172464 0.254245 0.569984 0.183545 0.229124
42.400000 0.252908 0.335631 0.160891 0.172719 0.255205 0.570123 0.183777 0.229861
42.600000 0.252860 0.336332 0.160893 0.172877 0.256080 0.570220 0.183942 0.230262
42.800000 0.252932 0.337057 0.160926 0.173026 0.256914 0.570236 0.184269 0.231030
43.000000 0.252929 0.337694 0.160875 0.173304 0.257779 0.570616 0.184473 0.231512
43.200000 0.252951 0.338294 0.160932 0.173466 0.258525 0.570673 0.184727 0.231963
43.400000 0.252990 0.339039 0.160847 0.173218 0.259431 0.570741 0.184997 0.232868
43.600000 0.252956 0.339818 0.161022 0.173685 0.260513 0.570728 0.185336 0.233657
43.800000 0.253068 0.340922 0.161099 0.173728 0.261773 0.570902 0.185610 0.234417
44.000000 0.252705 0.341456 0.161041 0.173823 0.262318 0.571097 0.185720 0.235019
44.200000 0.252971 0.342244 0.161037 0.174081 0.263513 0.571146 0.186021 0.235828
44.400000 0.252987 0.342766 0.160891 0.174246 0.264208 0.571165 0.186436 0.236425
44.600000 0.252941 0.343562 0.161173 0.174235 0.265036 0.571293 0.186527 0.236974
44.800000 0.252875 0.344061 0.161068 0.174329 0.265927 0.571468 0.186721 0.237650
45.000000 0.252920 0.344979 0.161291 0.174499 0.266945 0.571595 0.186853 0.238294
45.200000 0.252897 0.345535 0.161191 0.174697 0.267759 0.571703 0.187220 0.238885
45.400000 0.252831 0.345877 0.161133 0.174585 0.268533 0.571715 0.187270 0.239460
45.600000 0.252911 0.346965 0.161409 0.174778 0.269185 0.572179 0.187518 0.240319
45.800000 0.252934 0.347532 0.161380 0.174767 0.270173 0.572002 0.187700 0.240721
46.000000 0.252895 0.348203 0.161289 0.175005 0.271151 0.572182 0.187975 0.241461
46.200000 0.252926 0.348561 0.161300 0.175029 0.271804 0.572264 0.188086 0.242015
46.400000 0.252923 0.349222 0.161541 0.175079 0.272970 0.572318 0.188326 0.242835
46.600000 0.252713 0.350016 0.161366 0.175250 0.273492 0.572424 0.188592 0.243307
46.800000 0.252970 0.350665 0.161548 0.175380 0.274244 0.572641 0.188732 0.243841
47.000000 0.252880 0.350977 0.161556 0.175312 0.275193 0.572748 0.188900 0.244530
47.200000 0.252928 0.351825 0.161673 0.175563 0.275882 0.572822 0.189085 0.245158
47.400000 0.252866 0.352275 0.161474 0.175519 0.276731 0.572595 0.189185 0.245685
47.600000 0.252912 0.352790 0.161524 0.175645 0.277644 0.572928 0.189498 0.246397
47.800000 0.252945 0.353522 0.161717 0.175880 0.278216 0.573079 0.189655 0.246891
48.000000 0.252944 0.354081 0.161547 0.176037 0.279239 0.573306 0.189722 0.247620
48.200000 0.252888 0.354547 0.161614 0.176017 0.280147 0.573278 0.189930 0.248266
48.400000 0.252975 0.355229 0.161740 0.175970 0.280806 0.573407 0.190128 0.248815
48.600000 0.252874 0.355781 0.161706 0.176095 0.281586 0.573472 0.190303 0.249424
48.800000 0.252985 0.356336 0.161757 0.176123 0.282326 0.573618 0.190449 0.249989
49.000000 0.252860 0.356757 0.161771 0.176240 0.283079 0.573807 0.190569 0.250531
49.200000 0.252809 0.357274 0.161894 0.176302 0.283947 0.573875 0.190737 0.251041
49.400000 0.252934 0.357702 0.161845 0.176399 0.284593 0.573936 0.190932 0.251761
49.600000 0.252686 0.358330 0.161860 0.176606 0.285271 0.574080 0.191110 0.252379
49.800000 0.252771 0.358781 0.161875 0.176657 0.286239 0.574102 0.191328 0.253034
50.000000 0.252778 0.359478 0.161750 0.176767 0.287058 0.574197 0.191493 0.253568
50.200000 0.252735 0.359966 0.161940 0.176792 0.288072 0.574222 0.191581 0.254229
50.400000 0.252782 0.360594 0.161793 0.176966 0.288543 0.574555 0.191726 0.254675
50.600000 0.252796 0.360896 0.161904 0.176881 0.289404 0.574750 0.192000 0.255423
50.800000 0.252667 0.361195 0.161755 0.176918 0.289918 0.574617 0.192050 0.256192
51.000000 0.252726 0.361708 0.161925 0.177047 0.290926 0.574847 0.192207 0.256408
51.200000 0.252554 0.362474 0.161982 0.177038 0.291601 0.574907 0.192300 0.257056
51.400000 0.252728 0.362961 0.161933 0.177100 0.292330 0.574974 0.192443 0.257537
51.600000 0.252681 0.363181 0.162318 0.177184 0.293037 0.575238 0.192660 0.257895
51.800000 0.252642 0.363590 0.162041 0.177165 0.293696 0.575168 0.192597 0.258597
52.000000 0.252664 0.364338 0.161796 0.177459 0.294240 0.575320 0.192861 0.259154
52.200000 0.252651 0.364618 0.162106 0.177432 0.295010 0.575413 0.192943 0.259607
52.400000 0.252489 0.364862 0.162205 0.177580 0.295717 0.575613 0.193124 0.260224
52.600000 0.252551 0.365738 0.162080 0.177575 0.296249 0.575449 0.193251 0.260695
52.800000 0.252626 0.365974 0.162054 0.177493 0.297028 0.575625 0.193447 0.261256
53.000000 0.252628 0.366371 0.162057 0.177519 0.297817 0.575939 0.193354 0.261800
53.200000 0.252631 0.366883 0.162172 0.177366 0.298376 0.575886 0.193535 0.262198
53.400000 0.252579 0.367190 0.162124 0.177618 0.299042 0.576059 0.193666 0.262742
53.600000 0.252547 0.367663 0.162250 0.177782 0.299672 0.576037 0.193688 0.263250
53.800000 0.252559 0.367907 0.162268 0.177903 0.300164 0.576156 0.194088 0.263774
54.000000 0.252383 0.368466 0.162262 0.177977 0.300908 0.576529 0.194014 0.264236
54.200000 0.252490 0.368952 0.162258 0.178179 0.301401 0.576508 0.194101 0.264629
54.400000 0.252285 0.369158 0.162444 0.178037 0.302091 0.576498 0.194241 0.265147
54.600000 0.252472 0.369549 0.162253 0.178043 0.302684 0.576639 0.194321 0.265632
54.800000 0.252358 0.369934 0.162480 0.178160 0.303285 0.576631 0.194418 0.266235
55.000000 0.252317 0.370461 0.162408 0.178299 0.303929 0.576701 0.194306 0.266516
55.200000 0.252276 0.370687 0.162454 0.178211 0.304533 0.576888 0.194686 0.266935
55.400000 0.252237 0.370905 0.162334 0.178333 0.305084 0.577032 0.194761 0.267453
55.600000 0.252211 0.371400 0.162304 0.178362 0.305644 0.577051 0.194792 0.267886
55.800000 0.252335 0.371789 0.162375 0.178252 0.306461 0.577241 0.194921 0.268350
56.000000 0.252148 0.372118 0.162405 0.178568 0.306782 0.577362 0.194987 0.268623
56.200000 0.252208 0.372405 0.162457 0.178505 0.307429 0.577405 0.195032 0.269300
56.400000 0.252106 0.372893 0.162653 0.178390 0.308209 0.577419 0.195243 0.269666
56.600000 0.251941 0.373119 0.162433 0.178606 0.308543 0.577725 0.156495 0.270216
56.800000 0.252060 0.373384 0.162429 0.178624 0.309038 0.577591 0.195338 0.270630
57.000000 0.252112 0.373740 0.162475 0.178778 0.309623 0.577751 0.195499 0.270913
57.200000 0.252054 0.374051 0.162398 0.178942 0.310149 0.578072 0.195591 0.271450
57.400000 0.252014 0.374312 0.162407 0.178530 0.310636 0.577979 0.195552 0.271609
57.600000 0.251989 0.374757 0.162568 0.178801 0.311220 0.578048 0.195611 0.272114
57.800000 0.252019 0.375078 0.162639 0.178767 0.311745 0.578299 0.195895 0.272687
58.000000 0.251897 0.375428 0.162373 0.178728 0.312283 0.578439 0.195863 0.272985
58.200000 0.252017 0.375550 0.162469 0.178686 0.312732 0.578430 0.195922 0.273376
58.400000 0.251799 0.375938 0.162231 0.178782 0.313100 0.578424 0.195959 0.273829
58.600000 0.251986 0.376146 0.162555 0.178878 0.313679 0.578642 0.196106 0.274109
58.800000 0.251943 0.376529 0.162524 0.178948 0.314077 0.578612 0.196133 0.274260
59.000000 0.251897 0.376772 0.162608 0.179120 0.314460 0.578621 0.196207 0.274929
59.200000 0.251939 0.377303 0.162488 0.179049 0.315000 0.578943 0.196193 0.275120
59.400000 0.251901 0.377412 0.162601 0.179121 0.315486 0.578938 0.196458 0.275665
59.600000 0.251897 0.377695 0.162453 0.179136 0.315971 0.579186 0.196452 0.275912
59.800000 0.251865 0.377967 0.162506 0.179406 0.316337 0.579168 0.196517 0.276336
60.000000 0.251852 0.377969 0.162742 0.179222 0.316856 0.579110 0.196573 0.276671
60.200000 0.251808 0.378479 0.162601 0.179138 0.317242 0.579576 0.196617 0.277015
60.400000 0.251778 0.378861 0.162622 0.179208 0.317800 0.579494 0.196769 0.277337
60.600000 0.251790 0.378950 0.162514 0.179268 0.318248 0.579627 0.196732 0.277696
60.800000 0.251626 0.379158 0.162559 0.179246 0.318453 0.579420 0.196721 0.278002
61.000000 0.251754 0.379421 0.162593 0.179374 0.319167 0.579740 0.196717 0.278402
61.200000 0.251657 0.379729 0.162659 0.179414 0.319511 0.579710 0.196865 0.278730
61.400000 0.251735 0.379997 0.162589 0.179395 0.319867 0.580065 0.196967 0.278962
61.600000 0.251641 0.380182 0.162561 0.179335 0.320201 0.580031 0.197073 0.279375
61.800000 0.251688 0.380478 0.162655 0.179473 0.320711 0.579921 0.197122 0.279560
62.000000 0.251665 0.380648 0.162544 0.179412 0.320902 0.580081 0.197144 0.279946
62.200000 0.251652 0.381011 0.162771 0.179451 0.321452 0.580292 0.197180 0.280228
62.400000 0.251651 0.381182 0.162755 0.179691 0.322064 0.580352 0.197197 0.280513
62.600000 0.251716 0.381441 0.162672 0.179217 0.322318 0.580457 0.197165 0.280969
62.800000 0.251621 0.381566 0.162666 0.179502 0.322797 0.580565 0.197219 0.281224
63.000000 0.251632 0.381923 0.162956 0.179642 0.323231 0.580605 0.197309 0.281577
63.200000 0.251578 0.381964 0.162734 0.179718 0.323525 0.580743 0.197479 0.281656
63.400000 0.251529 0.382570 0.162742 0.179551 0.323796 0.580887 0.197303 0.282162
63.600000 0.251501 0.382399 0.162735 0.179657 0.324191 0.581043 0.197563 0.282434
63.800000 0.251501 0.382779 0.162761 0.179743 0.324637 0.580963 0.197486 0.282730
64.000000 0.251394 0.382957 0.162566 0.179675 0.324780 0.580815 0.197465 0.282888
64.200000 0.251390 0.383290 0.162743 0.179815 0.325360 0.580942 0.197668 0.283253
64.400000 0.251409 0.383176 0.162758 0.179800 0.325642 0.581133 0.197722 0.283359
64.600000 0.251411 0.383498 0.162787 0.180100 0.326079 0.581225 0.197896 0.283805
64.800000 0.251396 0.383752 0.162820 0.179997 0.326241 0.581442 0.197836 0.284109
65.000000 0.251361 0.384063 0.162786 0.179998 0.326564 0.581427 0.197874 0.284379
65.200000 0.251358 0.384039 0.162819 0.179904 0.327062 0.581548 0.197830 0.284631
65.400000 0.251173 0.384353 0.162835 0.179986 0.327374 0.581810 0.197954 0.284761
65.600000 0.251324 0.384386 0.162851 0.179930 0.327607 0.581781 0.197997 0.285118
65.800000 0.251178 0.384715 0.162933 0.180112 0.328007 0.581304 0.197983 0.285489
66.000000 0.251204 0.384848 0.162833 0.179987 0.328262 0.581913 0.198044 0.285593
66.200000 0.251284 0.385127 0.162826 0.180016 0.328644 0.582078 0.198033 0.285873
66.400000 0.251290 0.385118 0.162729 0.179973 0.328894 0.582247 0.197966 0.286235
66.600000 0.251268 0.385284 0.162793 0.179959 0.329215 0.582183 0.198173 0.286307
66.800000 0.251219 0.385553 0.162693 0.180184 0.329297 0.582133 0.198138 0.286691
67.000000 0.251208 0.385675 0.162932 0.180059 0.329766 0.582312 0.198329 0.286818
67.200000 0.251174 0.385945 0.162686 0.180173 0.330131 0.582284 0.198228 0.287136
67.400000 0.251271 0.386078 0.162869 0.180158 0.330418 0.582218 0.198236 0.287305
67.600000 0.251270 0.386291 0.162838 0.180118 0.330571 0.582609 0.198281 0.287525
67.800000 0.251247 0.386407 0.162877 0.180337 0.331104 0.582643 0.198271 0.287718
68.000000 0.251188 0.386598 0.163178 0.180231 0.331262 0.582864 0.198214 0.288004
68.200000 0.251199 0.386540 0.163050 0.180299 0.331550 0.582944 0.198462 0.288109
68.400000 0.251178 0.386900 0.162904 0.180345 0.331871 0.583002 0.198383 0.288480
68.600000 0.251225 0.386990 0.162833 0.180450 0.332111 0.582920 0.198472 0.288820
68.800000 0.251007 0.387242 0.162908 0.180288 0.332490 0.583261 0.198449 0.288891
69.000000 0.251099 0.387352 0.162869 0.180302 0.332775 0.583007 0.198454 0.289033
69.200000 0.251058 0.387670 0.162920 0.180320 0.332817 0.583243 0.198379 0.289410
69.400000 0.251057 0.387958 0.162920 0.180505 0.333237 0.583444 0.198626 0.289534
69.600000 0.250879 0.387778 0.162842 0.180481 0.333473 0.583437 0.198587 0.289704
69.800000 0.250867 0.387888 0.162939 0.180478 0.333640 0.583447 0.198421 0.289916
70.000000 0.251073 0.388306 0.162945 0.180385 0.333999 0.583767 0.198613 0.290133
70.200000 0.251083 0.388207 0.162961 0.180431 0.334179 0.583775 0.198576 0.290307
70.400000 0.251033 0.388488 0.163008 0.180272 0.334377 0.583723 0.198696 0.290451
70.600000 0.250996 0.388567 0.163050 0.180485 0.334770 0.583866 0.198695 0.290546
70.800000 0.250797 0.388673 0.162896 0.180472 0.334975 0.584009 0.198553 0.290939
71.000000 0.250973 0.388809 0.162954 0.180417 0.335220 0.584078 0.198644 0.291008
71.200000 0.250950 0.388804 0.162942 0.180497 0.335463 0.583971 0.198737 0.291163
71.400000 0.250741 0.389011 0.162776 0.180557 0.335595 0.584030 0.198753 0.291471
71.600000 0.250932 0.389523 0.162823 0.180593 0.335997 0.584113 0.198774 0.291617
71.800000 0.250912 0.389275 0.163104 0.180571 0.336180 0.584183 0.198807 0.291841
72.000000 0.250713 0.389265 0.162744 0.180639 0.336407 0.584402 0.198945 0.291978
72.200000 0.250930 0.389684 0.162954 0.180605 0.336660 0.584432 0.198902 0.292189
72.400000 0.250887 0.389854 0.163006 0.180566 0.336832 0.584492 0.198715 0.292258
72.600000 0.250742 0.389760 0.163048 0.180614 0.336962 0.584621 0.198954 0.292559
72.800000 0.250930 0.389761 0.162900 0.180520 0.337332 0.584850 0.198748 0.292759
73.000000 0.250874 0.390208 0.162979 0.180662 0.337375 0.584706 0.198873 0.292863
73.200000 0.250880 0.390198 0.163023 0.180755 0.337706 0.584859 0.198950 0.293074
73.400000 0.250759 0.351672 0.163058 0.180715 0.337884 0.584958 0.198885 0.293177
73.600000 0.250739 0.390590 0.162847 0.180585 0.338230 0.584993 0.198935 0.293335
73.800000 0.250702 0.390592 0.163018 0.180548 0.338188 0.584791 0.198988 0.293364
74.000000 0.250706 0.390639 0.162973 0.180748 0.338442 0.585232 0.198945 0.293721
74.200000 0.250930 0.390818 0.163000 0.180696 0.338889 0.585266 0.198796 0.293838
74.400000 0.250843 0.390663 0.163085 0.180714 0.338927 0.585377 0.198983 0.293927
74.600000 0.250938 0.391186 0.163040 0.180827 0.339266 0.585372 0.199071 0.294327
74.800000 0.250840 0.391321 0.163069 0.180687 0.339571 0.585336 0.198897 0.294480
75.000000 0.250806 0.391343 0.162925 0.180811 0.339807 0.585506 0.199046 0.294767
75.200000 0.250774 0.391466 0.163001 0.180836 0.339944 0.585728 0.199063 0.294766
75.400000 0.250822 0.391681 0.163065 0.180702 0.340085 0.585685 0.199115 0.294787
75.600000 0.250766 0.391806 0.163233 0.180898 0.340375 0.585886 0.199111 0.295031
75.800000 0.250494 0.391725 0.163007 0.180821 0.340082 0.585903 0.199111 0.295243
76.000000 0.250849 0.392039 0.163032 0.180841 0.340626 0.624865 0.199232 0.295401
76.200000 0.250683 0.392038 0.163071 0.180861 0.340733 0.585994 0.199147 0.295507
76.400000 0.250849 0.392091 0.163015 0.180829 0.340924 0.586042 0.199092 0.295613
76.600000 0.250688 0.392215 0.163049 0.181096 0.341217 0.586199 0.199107 0.295849
76.800000 0.250668 0.392358 0.163064 0.181105 0.341409 0.586131 0.199024 0.295970
77.000000 0.250668 0.392370 0.163047 0.180861 0.341274 0.586204 0.199117 0.296158
77.200000 0.250678 0.392560 0.163231 0.180875 0.341790 0.586467 0.199163 0.296186
77.400000 0.250627 0.392661 0.163057 0.180835 0.341851 0.586398 0.199278 0.296243
77.600000 0.250497 0.392701 0.163058 0.180807 0.342020 0.586445 0.199270 0.296338
77.800000 0.250673 0.392616 0.163063 0.181109 0.342349 0.586648 0.199270 0.296586
78.000000 0.250593 0.392891 0.163130 0.181019 0.342462 0.586591 0.199251 0.296904
78.200000 0.250642 0.392954 0.162974 0.181091 0.342618 0.586586 0.199202 0.296832
78.400000 0.250658 0.393143 0.163113 0.180843 0.342864 0.586659 0.199234 0.296975
78.600000 0.250610 0.393128 0.162964 0.181091 0.342832 0.586976 0.199238 0.297167
78.800000 0.250596 0.393275 0.162976 0.180970 0.343085 0.586939 0.199035 0.297163
79.000000 0.250685 0.393448 0.163191 0.181028 0.343236 0.587106 0.199137 0.297408
79.200000 0.250445 0.393390 0.163140 0.181232 0.343404 0.587055 0.199137 0.297397
79.400000 0.250668 0.393525 0.163072 0.180987 0.343515 0.587265 0.199307 0.297645
79.600000 0.250531 0.393615 0.163041 0.181035 0.343708 0.587217 0.199260 0.297815
79.800000 0.250544 0.393709 0.163115 0.181095 0.344026 0.587288 0.199189 0.297715
80.000000 0.250477 0.393956 0.163263 0.180978 0.343831 0.587370 0.199263 0.298146
80.200000 0.250245 0.393529 0.162967 0.181178 0.344042 0.587326 0.199198 0.298054
80.400000 0.250474 0.393857 0.163261 0.181267 0.344241 0.587452 0.199140 0.298216
80.600000 0.250486 0.394005 0.163179 0.181201 0.344455 0.587484 0.199338 0.298437
80.800000 0.250420 0.394091 0.163016 0.181127 0.344586 0.587607 0.199271 0.298409
81.000000 0.250263 0.394154 0.163234 0.181158 0.344845 0.587666 0.199283 0.298583
81.200000 0.250473 0.394389 0.163119 0.181201 0.344910 0.587635 0.199327 0.298720
81.400000 0.250249 0.394337 0.162841 0.181162 0.344879 0.587865 0.199372 0.298976
81.600000 0.250394 0.394509 0.163181 0.181201 0.345134 0.587918 0.199340 0.298942
81.800000 0.250360 0.394656 0.163120 0.181215 0.345230 0.587811 0.199318 0.298995
82.000000 0.250308 0.394620 0.163167 0.181153 0.345418 0.588101 0.199357 0.299208
82.200000 0.250034 0.394709 0.163199 0.181271 0.345534 0.588211 0.199350 0.299340
82.400000 0.250216 0.394747 0.163155 0.181161 0.345482 0.588154 0.199322 0.299161
82.600000 0.250210 0.394825 0.163252 0.181284 0.345735 0.588222 0.199340 0.299459
82.800000 0.250123 0.395023 0.163144 0.181410 0.345843 0.588101 0.199389 0.299504
83.000000 0.250098 0.394946 0.163167 0.181292 0.345927 0.588247 0.199302 0.299563
83.200000 0.249992 0.394955 0.163163 0.180974 0.345928 0.588241 0.199348 0.299619
83.400000 0.250070 0.395184 0.163177 0.181134 0.346124 0.588440 0.199206 0.299560
83.600000 0.249996 0.394927 0.163038 0.181106 0.346255 0.588514 0.199296 0.299787
83.800000 0.249912 0.395333 0.163196 0.181294 0.346391 0.588541 0.199364 0.299942
84.000000 0.249934 0.395613 0.162977 0.181322 0.346502 0.588597 0.199360 0.299861
84.200000 0.249854 0.395654 0.163181 0.181218 0.346590 0.588652 0.199354 0.300080
84.400000 0.249852 0.395250 0.163128 0.181425 0.346829 0.588830 0.199351 0.300202
84.600000 0.249810 0.395451 0.163242 0.181204 0.346847 0.588690 0.199188 0.300244
84.800000 0.249847 0.395820 0.163133 0.181287 0.346952 0.588829 0.199223 0.300357
85.000000 0.249808 0.395570 0.163190 0.181401 0.347061 0.588937 0.199366 0.300338
85.200000 0.249932 0.395418 0.163192 0.181409 0.347159 0.588871 0.199382 0.300507
85.400000 0.249859 0.395663 0.163252 0.181497 0.347147 0.589156 0.199390 0.300620
85.600000 0.249832 0.395719 0.163303 0.181401 0.347297 0.589199 0.199431 0.300840
85.800000 0.249854 0.395673 0.163058 0.181410 0.347493 0.589213 0.199380 0.300829
86.000000 0.249926 0.395786 0.163140 0.181416 0.347722 0.589165 0.199392 0.301011
86.200000 0.249817 0.395925 0.162878 0.181357 0.347738 0.589373 0.199301 0.301017
86.400000 0.249909 0.396115 0.163236 0.181376 0.347776 0.589519 0.199402 0.301016
86.600000 0.249832 0.395967 0.163132 0.181289 0.347874 0.589445 0.199205 0.301114
86.800000 0.249802 0.396052 0.163232 0.181382 0.347947 0.589346 0.199402 0.301102
87.000000 0.249788 0.395994 0.163233 0.181363 0.347988 0.589510 0.199414 0.301138
87.200000 0.249646 0.395821 0.163173 0.181353 0.347924 0.589596 0.199372 0.301236
87.400000 0.249832 0.396177 0.163165 0.181391 0.347904 0.589740 0.199173 0.301423
87.600000 0.249785 0.396180 0.163085 0.181398 0.348289 0.589796 0.199336 0.301461
87.800000 0.249764 0.396213 0.163227 0.181317 0.348406 0.589888 0.199363 0.301591
88.000000 0.249897 0.396416 0.163062 0.181360 0.348558 0.589971 0.199377 0.301657
88.200000 0.249653 0.396142 0.163000 0.181562 0.348602 0.589919 0.199249 0.301561
88.400000 0.249649 0.396348 0.163256 0.181453 0.348631 0.589969 0.199400 0.301688
88.600000 0.249624 0.396396 0.163243 0.181465 0.348706 0.590015 0.199417 0.301699
88.800000 0.249625 0.396490 0.163175 0.181415 0.348888 0.590063 0.199310 0.301883
89.000000 0.249609 0.396516 0.163252 0.181506 0.349076 0.590125 0.199402 0.301949
89.200000 0.249609 0.396516 0.163211 0.181284 0.349030 0.590199 0.199373 0.301847
89.400000 0.249627 0.396634 0.163154 0.181467 0.349036 0.590307 0.199378 0.302073
89.600000 0.249617 0.396614 0.163268 0.181502 0.349247 0.590129 0.199253 0.302252
89.800000 0.249594 0.396597 0.163259 0.181524 0.349274 0.590334 0.199336 0.302230
90.000000 0.249611 0.396617 0.163406 0.181391 0.349209 0.590461 0.199326 0.302177
