0.200000 0.280904 0.445308 0.236803 0.265994 0.490325 0.532653 0.263432 0.417439
0.400000 0.280497 0.444635 0.236638 0.265866 0.488457 0.532679 0.263297 0.416104
0.600000 0.280649 0.444167 0.236633 0.265662 0.487652 0.532656 0.263238 0.415257
0.800000 0.280547 0.443412 0.236784 0.265923 0.486543 0.532671 0.263138 0.414628
1.000000 0.280519 0.443226 0.236602 0.265749 0.485643 0.532461 0.263045 0.413882
1.200000 0.280474 0.442751 0.236740 0.265619 0.484526 0.532544 0.263197 0.413138
1.400000 0.280467 0.442296 0.236577 0.265386 0.483591 0.532409 0.262976 0.412381
1.600000 0.280407 0.441899 0.236585 0.265244 0.482484 0.532433 0.262995 0.411580
1.800000 0.280209 0.441288 0.236576 0.265214 0.481635 0.532404 0.262891 0.410970
2.000000 0.280165 0.441154 0.236501 0.265144 0.480764 0.532285 0.262749 0.410413
2.200000 0.280237 0.440833 0.236391 0.265079 0.479876 0.532332 0.262745 0.409489
2.400000 0.280224 0.440264 0.236610 0.265168 0.478696 0.532526 0.262538 0.408827
2.600000 0.280202 0.439959 0.236540 0.264999 0.477619 0.532327 0.262580 0.408137
2.800000 0.280134 0.439489 0.236483 0.265026 0.476826 0.532236 0.262341 0.407293
3.000000 0.280091 0.439230 0.236447 0.264865 0.475981 0.532285 0.262582 0.406778
3.200000 0.280064 0.438947 0.236460 0.264745 0.474962 0.532090 0.262370 0.406138
3.400000 0.279870 0.438440 0.236443 0.264601 0.473983 0.532161 0.262254 0.405424
3.600000 0.279964 0.438121 0.236475 0.264550 0.473082 0.531993 0.262234 0.404589
3.800000 0.279909 0.437514 0.236474 0.264474 0.472253 0.532158 0.262124 0.404058
4.000000 0.279697 0.437215 0.236420 0.264478 0.471216 0.532076 0.262083 0.403554
4.200000 0.279862 0.436792 0.236439 0.264161 0.470376 0.531927 0.261884 0.402754
4.400000 0.279719 0.436693 0.236281 0.264353 0.469453 0.532002 0.261942 0.402098
4.600000 0.279605 0.436270 0.236350 0.264370 0.468482 0.531808 0.261698 0.401428
4.800000 0.279751 0.435664 0.236315 0.264004 0.467683 0.531904 0.261751 0.400780
5.000000 0.279673 0.435586 0.236318 0.264218 0.466747 0.531865 0.261730 0.399934
5.200000 0.279674 0.435101 0.236083 0.263920 0.465754 0.531671 0.261499 0.399452
5.400000 0.279623 0.434799 0.236341 0.263906 0.464937 0.531811 0.261474 0.398970
5.600000 0.279582 0.434215 0.236303 0.263841 0.464115 0.531735 0.261399 0.398216
5.800000 0.279520 0.433987 0.236265 0.263789 0.463364 0.531684 0.261423 0.397492
6.000000 0.279518 0.433682 0.236331 0.263619 0.462422 0.531600 0.261338 0.396918
6.200000 0.279457 0.433415 0.236070 0.263457 0.461564 0.531646 0.261266 0.396236
6.400000 0.279442 0.433123 0.236241 0.263609 0.460692 0.531517 0.261251 0.395609
6.600000 0.279263 0.432508 0.236087 0.263236 0.459495 0.531476 0.261210 0.394701
6.800000 0.279079 0.432255 0.235938 0.263346 0.458655 0.531517 0.260943 0.394072
7.000000 0.279369 0.431932 0.235893 0.263274 0.457750 0.531402 0.260978 0.393516
7.200000 0.279308 0.431657 0.236169 0.263150 0.456892 0.531405 0.260833 0.392799
7.400000 0.279313 0.431199 0.236120 0.263138 0.456175 0.531173 0.260830 0.392332
7.600000 0.279183 0.430765 0.236167 0.262978 0.455184 0.531165 0.260748 0.391833
7.800000 0.279134 0.430580 0.236093 0.262765 0.454443 0.531292 0.260656 0.390993
8.000000 0.278947 0.430152 0.236084 0.263044 0.453568 0.531295 0.260806 0.390541
8.200000 0.279051 0.429944 0.235922 0.262855 0.452759 0.531251 0.260350 0.389928
8.400000 0.279067 0.429502 0.235928 0.262695 0.451914 0.531458 0.260544 0.389261
8.600000 0.279024 0.429586 0.235929 0.262609 0.451220 0.531167 0.260382 0.388646
8.800000 0.278980 0.428949 0.235912 0.262568 0.450562 0.531216 0.260233 0.388269
9.000000 0.278912 0.428599 0.235941 0.262505 0.449738 0.531099 0.260263 0.387659
9.200000 0.278896 0.428366 0.235969 0.262364 0.448948 0.530906 0.260241 0.387031
9.400000 0.278881 0.428067 0.236004 0.262356 0.448204 0.531083 0.260142 0.386595
9.600000 0.278542 0.427815 0.236034 0.262290 0.447507 0.530989 0.260111 0.385902
9.800000 0.278667 0.427522 0.235903 0.262148 0.446770 0.531092 0.260156 0.385537
10.000000 0.278822 0.427254 0.235994 0.262295 0.445904 0.530865 0.260005 0.384706
10.200000 0.278717 0.426686 0.235938 0.262066 0.445079 0.530802 0.259869 0.384427
10.400000 0.278682 0.426608 0.235976 0.262080 0.444461 0.530910 0.259813 0.383767
10.600000 0.278630 0.426276 0.235950 0.261867 0.443770 0.530877 0.259765 0.383182
10.800000 0.278475 0.426020 0.235900 0.261841 0.442946 0.530816 0.259784 0.382804
11.000000 0.278580 0.425789 0.235825 0.261731 0.442292 0.530765 0.259563 0.382090
11.200000 0.278505 0.425450 0.235762 0.261775 0.441496 0.530813 0.259401 0.381751
11.400000 0.278528 0.425179 0.235749 0.261675 0.440937 0.530630 0.259548 0.381253
11.600000 0.278597 0.424931 0.235864 0.261648 0.440117 0.530678 0.259545 0.380759
11.800000 0.278397 0.424644 0.235720 0.261672 0.439401 0.530673 0.259250 0.380100
12.000000 0.278375 0.424492 0.235822 0.261494 0.438721 0.530657 0.259265 0.379569
12.200000 0.278333 0.423922 0.235832 0.261463 0.437882 0.530506 0.259216 0.379306
12.400000 0.278211 0.423737 0.235791 0.261177 0.437170 0.530465 0.259215 0.378637
12.600000 0.278353 0.423548 0.235866 0.261368 0.436671 0.530420 0.259135 0.378096
12.800000 0.278273 0.423092 0.235876 0.261201 0.435728 0.530433 0.258993 0.377564
13.000000 0.278225 0.422901 0.235717 0.261197 0.435166 0.530461 0.258819 0.377064
13.200000 0.278228 0.422819 0.235640 0.260931 0.434490 0.530458 0.258929 0.376781
13.400000 0.278116 0.422494 0.235626 0.261028 0.433885 0.530174 0.259058 0.376170
13.600000 0.278135 0.422264 0.235716 0.260915 0.433249 0.530352 0.258863 0.375749
13.800000 0.278069 0.421934 0.235733 0.260867 0.432588 0.530332 0.258785 0.375334
14.000000 0.278130 0.421684 0.235653 0.261010 0.432105 0.530135 0.258669 0.375002
14.200000 0.278067 0.421462 0.235527 0.260800 0.431417 0.530224 0.258488 0.374337
14.400000 0.278012 0.421245 0.235664 0.260761 0.430847 0.530127 0.258501 0.373879
14.600000 0.278021 0.420981 0.235634 0.260732 0.430291 0.529957 0.258616 0.373428
14.800000 0.277957 0.420710 0.235736 0.260727 0.429588 0.530152 0.258437 0.373190
15.000000 0.277925 0.420399 0.235479 0.260224 0.428929 0.530111 0.258354 0.372561
15.200000 0.277931 0.420371 0.235454 0.260587 0.428442 0.530073 0.258081 0.372309
15.400000 0.277863 0.419952 0.235693 0.260629 0.427720 0.530027 0.258235 0.371853
15.600000 0.277855 0.419703 0.235655 0.260365 0.427395 0.530000 0.258202 0.371470
15.800000 0.277720 0.419575 0.235454 0.260267 0.426711 0.529790 0.258281 0.371000
16.000000 0.277795 0.419233 0.235742 0.260224 0.426062 0.529932 0.258027 0.370555
16.200000 0.277728 0.418856 0.235571 0.260235 0.425562 0.529838 0.258102 0.370159
16.400000 0.277585 0.418707 0.235488 0.260093 0.424829 0.529884 0.257914 0.369690
16.600000 0.277709 0.418465 0.235568 0.260040 0.424318 0.529655 0.257945 0.369170
16.800000 0.277628 0.418372 0.235450 0.259927 0.423710 0.529724 0.257956 0.368800
17.000000 0.277658 0.418097 0.235456 0.259995 0.423234 0.529696 0.257805 0.368433
17.200000 0.277622 0.418000 0.235355 0.259935 0.422644 0.529714 0.257854 0.368120
17.400000 0.277420 0.417670 0.235581 0.259901 0.422070 0.529382 0.257568 0.367754
17.600000 0.277703 0.417526 0.235496 0.259807 0.421670 0.529713 0.257664 0.367272
17.800000 0.277520 0.417453 0.235292 0.260006 0.421013 0.529516 0.257686 0.366675
18.000000 0.277470 0.417030 0.235438 0.259652 0.420470 0.529563 0.257513 0.366453
18.200000 0.277459 0.416650 0.235572 0.259485 0.419844 0.529530 0.257530 0.366039
18.400000 0.277267 0.416605 0.235389 0.259658 0.419182 0.529348 0.257386 0.365647
18.600000 0.277451 0.416438 0.235403 0.259485 0.418738 0.529453 0.257337 0.365285
18.800000 0.277362 0.416179 0.235298 0.259470 0.418330 0.529476 0.257260 0.364977
19.000000 0.277275 0.415905 0.235396 0.259414 0.417827 0.529381 0.257285 0.364454
19.200000 0.277306 0.415776 0.235425 0.259330 0.416950 0.529398 0.257140 0.363980
19.400000 0.277301 0.415500 0.235305 0.259080 0.416421 0.529426 0.257391 0.363542
19.600000 0.277270 0.415336 0.235304 0.259184 0.416022 0.529198 0.257064 0.363274
19.800000 0.277084 0.415271 0.235365 0.259008 0.415357 0.529326 0.257100 0.362726
20.000000 0.277247 0.414976 0.235314 0.259187 0.415016 0.529098 0.256894 0.362511
20.200000 0.276988 0.414713 0.234916 0.258848 0.414522 0.528979 0.256830 0.361844
20.400000 0.277132 0.414493 0.235268 0.258966 0.413970 0.529090 0.256829 0.361730
20.600000 0.277131 0.414537 0.235284 0.258929 0.413405 0.529162 0.256750 0.361372
20.800000 0.277115 0.414012 0.235229 0.258861 0.412957 0.528961 0.256738 0.360975
21.000000 0.277076 0.413908 0.235217 0.258822 0.412380 0.529037 0.256514 0.360641
21.200000 0.277033 0.413706 0.235249 0.258711 0.411870 0.528907 0.256587 0.360115
21.400000 0.277051 0.413579 0.235103 0.258734 0.411399 0.528947 0.256597 0.359880
21.600000 0.276858 0.413346 0.235224 0.258623 0.410841 0.528767 0.256528 0.359497
21.800000 0.277000 0.413140 0.235165 0.258566 0.410380 0.528790 0.256331 0.359181
22.000000 0.276798 0.413005 0.235009 0.258557 0.409889 0.528827 0.256495 0.358743
22.200000 0.276892 0.412707 0.235108 0.258365 0.409503 0.528969 0.256225 0.358395
22.400000 0.276905 0.412602 0.234997 0.258421 0.409018 0.528838 0.256295 0.358164
22.600000 0.276889 0.412545 0.235195 0.258420 0.408512 0.528848 0.256165 0.357766
22.800000 0.276864 0.412170 0.235145 0.258369 0.407913 0.528663 0.256107 0.357482
23.000000 0.276848 0.412127 0.235192 0.258212 0.407538 0.528565 0.256187 0.356908
23.200000 0.276820 0.411819 0.235026 0.258219 0.406982 0.528649 0.255750 0.356751
23.400000 0.276788 0.411629 0.235053 0.257964 0.406755 0.528660 0.256003 0.356429
23.600000 0.276609 0.411177 0.234833 0.258045 0.406021 0.528461 0.255878 0.355955
23.800000 0.276691 0.411362 0.235073 0.258125 0.405710 0.528568 0.255894 0.355546
24.000000 0.276653 0.411025 0.235054 0.257922 0.405055 0.528483 0.255870 0.355370
24.200000 0.276697 0.410628 0.235239 0.257934 0.404725 0.528494 0.255808 0.355036
24.400000 0.276638 0.410717 0.234847 0.258018 0.404321 0.528460 0.255804 0.354712
24.600000 0.276511 0.410466 0.235034 0.257680 0.403884 0.528495 0.255654 0.354382
24.800000 0.276566 0.410236 0.235021 0.257776 0.403427 0.528336 0.255505 0.353963
25.000000 0.276567 0.410011 0.235070 0.257735 0.402879 0.528269 0.255587 0.353612
25.200000 0.276540 0.409924 0.234855 0.257672 0.402498 0.528269 0.255555 0.353347
25.400000 0.276613 0.409609 0.234923 0.257689 0.401858 0.528226 0.255536 0.352838
25.600000 0.276337 0.409498 0.235091 0.257653 0.401428 0.528235 0.255472 0.352628
25.800000 0.276479 0.409302 0.234940 0.257592 0.400934 0.528228 0.255342 0.352196
26.000000 0.276458 0.409189 0.234887 0.257519 0.400695 0.528240 0.255321 0.351896
26.200000 0.276379 0.408950 0.234900 0.257559 0.400147 0.528167 0.255306 0.351735
26.400000 0.276396 0.408860 0.234952 0.257329 0.399637 0.528181 0.255224 0.351332
26.600000 0.275732 0.408730 0.234684 0.257347 0.399259 0.527974 0.255204 0.351060
26.800000 0.276303 0.408620 0.234972 0.257381 0.398756 0.527992 0.255142 0.350790
27.000000 0.276331 0.408427 0.234850 0.257372 0.398349 0.527979 0.255097 0.350361
27.200000 0.276297 0.408038 0.234911 0.257195 0.398039 0.527886 0.255099 0.350142
27.400000 0.276287 0.408169 0.234850 0.257144 0.397638 0.527805 0.255033 0.349795
27.600000 0.276288 0.407826 0.234936 0.257112 0.397033 0.527937 0.254950 0.349497
27.800000 0.276223 0.407568 0.234835 0.257109 0.396724 0.527842 0.254926 0.349262
28.000000 0.276193 0.407445 0.234836 0.257100 0.396219 0.527769 0.254874 0.348823
28.200000 0.276159 0.407353 0.234827 0.256784 0.395711 0.527802 0.254701 0.348599
28.400000 0.276133 0.407227 0.234535 0.256824 0.395324 0.527692 0.254765 0.348176
28.600000 0.276143 0.407168 0.234714 0.256751 0.395085 0.527890 0.254706 0.348009
28.800000 0.276138 0.406857 0.234786 0.256873 0.394754 0.527768 0.254525 0.347735
29.000000 0.276116 0.406670 0.234937 0.256680 0.394191 0.527654 0.254517 0.347399
29.200000 0.276088 0.406717 0.234699 0.256789 0.393727 0.527540 0.254533 0.347028
29.400000 0.276050 0.406407 0.234982 0.256684 0.393523 0.527660 0.254505 0.346925
29.600000 0.276024 0.406211 0.234816 0.256683 0.392958 0.527638 0.254495 0.346518
29.800000 0.275996 0.406107 0.234777 0.256694 0.392585 0.527498 0.254402 0.346131
30.000000 0.276011 0.405937 0.234786 0.256710 0.392230 0.527589 0.254439 0.346051
30.200000 0.275980 0.405586 0.234729 0.256465 0.391746 0.527458 0.254092 0.345504
30.400000 0.275927 0.405715 0.234823 0.256430 0.391530 0.527498 0.254231 0.345380
30.600000 0.275959 0.405424 0.234686 0.256473 0.391185 0.527467 0.254237 0.345091
30.800000 0.276378 0.405234 0.234557 0.256249 0.390695 0.527408 0.254084 0.344828
31.000000 0.277185 0.405114 0.234669 0.256329 0.390340 0.527269 0.254080 0.344512
31.200000 0.278056 0.404834 0.234746 0.256321 0.389881 0.527423 0.254169 0.344091
31.400000 0.279642 0.404868 0.234701 0.256111 0.389549 0.527263 0.254135 0.344028
31.600000 0.282285 0.404565 0.234752 0.256234 0.389056 0.527275 0.254158 0.343672
31.800000 0.284622 0.404396 0.234631 0.256010 0.388825 0.527332 0.254032 0.343617
32.000000 0.287437 0.404267 0.234673 0.256342 0.388497 0.527040 0.254005 0.343216
32.200000 0.290667 0.404322 0.234739 0.256215 0.388572 0.527206 0.253956 0.343410
32.400000 0.293528 0.404047 0.234656 0.256278 0.388483 0.527101 0.253980 0.343237
32.600000 0.296592 0.404164 0.234538 0.256283 0.388706 0.527072 0.253765 0.343470
32.800000 0.299818 0.404149 0.234757 0.256227 0.388930 0.527028 0.253638 0.343564
33.000000 0.302801 0.404069 0.234832 0.256426 0.389444 0.527163 0.253775 0.343893
33.200000 0.305654 0.404402 0.234790 0.256510 0.389818 0.526967 0.253924 0.344213
33.400000 0.308362 0.404607 0.234694 0.256586 0.390405 0.527069 0.253882 0.344427
33.600000 0.310734 0.404958 0.234818 0.256679 0.391308 0.527104 0.253974 0.345153
33.800000 0.313020 0.405026 0.234962 0.256660 0.392290 0.527177 0.253927 0.345826
34.000000 0.314981 0.405611 0.234876 0.257016 0.393515 0.527078 0.253991 0.346423
34.200000 0.317051 0.406309 0.234870 0.257230 0.394627 0.527073 0.254000 0.347432
34.400000 0.318847 0.407054 0.234916 0.257558 0.395954 0.527182 0.253876 0.348275
34.600000 0.320381 0.407773 0.234935 0.257775 0.397624 0.526963 0.254042 0.349550
34.800000 0.321879 0.408821 0.234864 0.257775 0.399157 0.526935 0.253980 0.350480
35.000000 0.323032 0.409898 0.234901 0.258159 0.400917 0.527117 0.253924 0.351834
35.200000 0.324370 0.411177 0.235058 0.258613 0.402802 0.527114 0.254090 0.353090
35.400000 0.325227 0.412532 0.234836 0.258689 0.404780 0.527129 0.254118 0.354455
35.600000 0.326339 0.413708 0.235029 0.258980 0.406621 0.527049 0.254138 0.355776
35.800000 0.327008 0.415410 0.235087 0.259255 0.408753 0.527087 0.254128 0.357062
36.000000 0.327985 0.417091 0.235093 0.259408 0.410658 0.527127 0.254208 0.358821
36.200000 0.328670 0.418596 0.235040 0.259964 0.412938 0.527265 0.254199 0.360294
36.400000 0.329342 0.420674 0.234991 0.260124 0.415289 0.527171 0.254131 0.362046
36.600000 0.329992 0.422680 0.235163 0.260453 0.417712 0.527331 0.254241 0.363687
36.800000 0.330487 0.424793 0.235252 0.260635 0.420074 0.527031 0.254303 0.365247
37.000000 0.330983 0.427103 0.235243 0.260969 0.422587 0.527175 0.254439 0.367184
37.200000 0.331509 0.429497 0.235146 0.261320 0.425157 0.527171 0.254452 0.368999
37.400000 0.331951 0.432003 0.235292 0.261694 0.427890 0.527099 0.254639 0.370933
37.600000 0.332352 0.434548 0.235319 0.262079 0.430617 0.527088 0.254600 0.372852
37.800000 0.332683 0.438080 0.235403 0.262308 0.434503 0.527214 0.254654 0.375408
38.000000 0.333189 0.440928 0.235565 0.262816 0.437240 0.527312 0.254903 0.377642
38.200000 0.333624 0.444028 0.235458 0.262949 0.440514 0.527247 0.254756 0.379515
38.400000 0.333777 0.446890 0.235557 0.263263 0.443373 0.527200 0.254744 0.381845
38.600000 0.334104 0.449978 0.235522 0.263758 0.446381 0.527134 0.254799 0.383853
38.800000 0.334223 0.453094 0.235584 0.263834 0.449536 0.527383 0.254887 0.386213
39.000000 0.334608 0.456452 0.235691 0.264390 0.452622 0.527484 0.254766 0.388571
39.200000 0.334780 0.459623 0.235624 0.264627 0.455906 0.526883 0.255017 0.390816
39.400000 0.335057 0.463247 0.235883 0.264977 0.459031 0.527389 0.255067 0.393211
39.600000 0.335296 0.466476 0.235654 0.265341 0.462558 0.527444 0.254977 0.395572
39.800000 0.335494 0.470020 0.235707 0.265595 0.465867 0.527412 0.255207 0.397992
40.000000 0.335543 0.473679 0.235617 0.265832 0.469328 0.527552 0.255240 0.400296
40.200000 0.335559 0.477352 0.235786 0.266145 0.472773 0.527573 0.255182 0.402706
40.400000 0.335965 0.481070 0.235832 0.266384 0.476371 0.527399 0.255200 0.405177
40.600000 0.336300 0.484505 0.235884 0.266802 0.479785 0.527617 0.255485 0.407757
40.800000 0.336328 0.488355 0.235906 0.266889 0.483379 0.527560 0.255493 0.410425
41.000000 0.336553 0.492107 0.235994 0.267234 0.486972 0.527521 0.255439 0.412927
41.200000 0.336610 0.495707 0.236025 0.267493 0.490532 0.527668 0.255669 0.415562
41.400000 0.336659 0.499550 0.236015 0.267778 0.494173 0.527742 0.255623 0.418126
41.600000 0.336896 0.503301 0.236120 0.267953 0.497890 0.527656 0.255610 0.420794
41.800000 0.337098 0.507005 0.235978 0.268310 0.501390 0.527760 0.255870 0.423399
42.000000 0.337036 0.510643 0.236155 0.268680 0.504934 0.527685 0.255949 0.426171
42.200000 0.337289 0.514230 0.236272 0.268819 0.508840 0.527836 0.256079 0.428748
42.400000 0.337473 0.517957 0.236138 0.269122 0.512484 0.527878 0.256073 0.431218
42.600000 0.337474 0.521730 0.236357 0.269303 0.516183 0.527853 0.256066 0.433979
42.800000 0.337637 0.525338 0.236243 0.269499 0.519818 0.527916 0.256337 0.436593
43.000000 0.337741 0.528722 0.236213 0.269917 0.523509 0.527776 0.256198 0.439385
43.200000 0.337725 0.532345 0.236245 0.270066 0.527303 0.527987 0.256430 0.441992
43.400000 0.337900 0.535981 0.236109 0.270296 0.530924 0.528038 0.256373 0.444607
43.600000 0.338010 0.539497 0.236396 0.270524 0.534537 0.528379 0.256601 0.447266
43.800000 0.338029 0.542796 0.236505 0.270706 0.538388 0.527957 0.256652 0.449970
44.000000 0.338199 0.546287 0.236383 0.270892 0.542261 0.528124 0.256676 0.453019
44.200000 0.338147 0.550966 0.236427 0.271264 0.547352 0.528230 0.256853 0.456390
44.400000 0.338394 0.554252 0.236380 0.271344 0.551018 0.528138 0.256894 0.459005
44.600000 0.338498 0.556896 0.236558 0.271502 0.554609 0.528148 0.257000 0.461736
44.800000 0.338543 0.560495 0.236574 0.271818 0.558097 0.528201 0.257097 0.464363
45.000000 0.338584 0.563597 0.236617 0.272061 0.561771 0.528162 0.257115 0.466986
45.200000 0.338586 0.566433 0.236596 0.272321 0.565210 0.528328 0.257112 0.469458
45.400000 0.338618 0.569499 0.236633 0.272402 0.568699 0.528112 0.257314 0.472175
45.600000 0.338844 0.572659 0.236601 0.272774 0.572410 0.527611 0.257349 0.474753
45.800000 0.338879 0.575318 0.236691 0.272892 0.576118 0.528479 0.257546 0.477418
46.000000 0.338935 0.577565 0.236791 0.272858 0.579532 0.528525 0.257529 0.479915
46.200000 0.339011 0.580900 0.236723 0.273240 0.582892 0.528530 0.257650 0.482240
46.400000 0.339061 0.583549 0.236852 0.273384 0.586479 0.528491 0.257588 0.484901
46.600000 0.339168 0.586220 0.236927 0.273578 0.589942 0.528653 0.257746 0.487385
46.800000 0.339186 0.588787 0.236896 0.273639 0.593366 0.528538 0.257953 0.489937
47.000000 0.339249 0.591319 0.236922 0.273880 0.596598 0.528593 0.257868 0.492306
47.200000 0.339285 0.593569 0.236909 0.274085 0.599874 0.528569 0.258156 0.494796
47.400000 0.339212 0.596026 0.236875 0.273982 0.603326 0.528847 0.258088 0.497174
47.600000 0.339442 0.598339 0.236927 0.274394 0.606451 0.528660 0.258202 0.499428
47.800000 0.339226 0.600798 0.236944 0.274403 0.609688 0.528747 0.258276 0.501965
48.000000 0.339567 0.602959 0.237048 0.274465 0.612812 0.528824 0.258400 0.504428
48.200000 0.339806 0.605099 0.236996 0.274895 0.616185 0.529011 0.258465 0.506656
48.400000 0.339576 0.607206 0.237106 0.275181 0.619333 0.528954 0.258384 0.509023
48.600000 0.339799 0.609167 0.236943 0.275037 0.622305 0.528965 0.258484 0.511258
48.800000 0.339816 0.611343 0.237161 0.275347 0.625579 0.528967 0.258647 0.513390
49.000000 0.339687 0.613244 0.237167 0.275503 0.628580 0.528984 0.258695 0.515791
49.200000 0.339897 0.615318 0.237029 0.275661 0.631543 0.528880 0.258865 0.517793
49.400000 0.339899 0.616993 0.237387 0.275829 0.634458 0.529063 0.258812 0.520057
49.600000 0.339829 0.618916 0.237262 0.275952 0.637431 0.529119 0.259015 0.522376
49.800000 0.339995 0.620737 0.237364 0.276130 0.640336 0.529240 0.259035 0.524484
50.000000 0.340052 0.622644 0.237328 0.276278 0.643118 0.529234 0.259169 0.526614
50.200000 0.340091 0.624296 0.237176 0.276386 0.646033 0.529069 0.259208 0.528526
50.400000 0.340186 0.626439 0.237404 0.276633 0.649180 0.529206 0.259330 0.531179
50.600000 0.340198 0.628546 0.237379 0.276579 0.652626 0.529295 0.259500 0.533588
50.800000 0.340254 0.630199 0.237414 0.276862 0.655505 0.529448 0.259647 0.535646
51.000000 0.340120 0.631614 0.237287 0.276897 0.657806 0.529433 0.259700 0.537631
51.200000 0.340170 0.633092 0.237290 0.277159 0.660648 0.529370 0.259736 0.539792
51.400000 0.340318 0.634483 0.237458 0.277200 0.663394 0.529422 0.259814 0.541786
51.600000 0.340394 0.636118 0.237502 0.277265 0.666007 0.529593 0.259864 0.543776
51.800000 0.340406 0.637275 0.237431 0.277430 0.668578 0.529410 0.259903 0.545558
52.000000 0.340344 0.638362 0.237357 0.277630 0.671226 0.529313 0.260052 0.547529
52.200000 0.340549 0.639968 0.237435 0.277733 0.673606 0.529542 0.260069 0.549401
52.400000 0.340527 0.641039 0.237656 0.277824 0.676014 0.529739 0.260264 0.551127
52.600000 0.340453 0.642368 0.237489 0.277972 0.678701 0.529693 0.260426 0.553230
52.800000 0.340644 0.643593 0.237712 0.278088 0.681126 0.529760 0.260427 0.554991
53.000000 0.340720 0.644769 0.237595 0.278156 0.683577 0.529894 0.260460 0.557074
53.200000 0.340580 0.645821 0.237675 0.278453 0.685623 0.529891 0.260597 0.558776
53.400000 0.340750 0.647008 0.237668 0.278467 0.688115 0.529850 0.260720 0.560381
53.600000 0.340773 0.647872 0.237622 0.278602 0.690243 0.529743 0.260663 0.562229
53.800000 0.340793 0.648333 0.237671 0.278736 0.692402 0.529746 0.260886 0.563936
54.000000 0.341026 0.649644 0.237734 0.278660 0.694746 0.529825 0.260853 0.565603
54.200000 0.340896 0.650435 0.237651 0.278814 0.696846 0.529953 0.260989 0.567111
54.400000 0.341031 0.651473 0.237780 0.278848 0.699082 0.529965 0.260955 0.568837
54.600000 0.340988 0.652298 0.237818 0.279096 0.701021 0.530225 0.261090 0.570664
54.800000 0.340934 0.653131 0.237673 0.279343 0.703180 0.529952 0.261267 0.571926
55.000000 0.341087 0.654075 0.237855 0.279394 0.705211 0.529962 0.261316 0.573699
55.200000 0.341100 0.654900 0.237772 0.279489 0.707215 0.530113 0.261347 0.575196
55.400000 0.341141 0.655532 0.237868 0.279607 0.708941 0.530015 0.261521 0.576508
55.600000 0.341157 0.656312 0.237862 0.279582 0.710905 0.530226 0.261386 0.578147
55.800000 0.341166 0.657129 0.237776 0.279689 0.713029 0.530026 0.261606 0.579670
56.000000 0.341184 0.657755 0.237770 0.279853 0.714776 0.530127 0.261720 0.581154
56.200000 0.341253 0.658510 0.237915 0.280018 0.716630 0.530151 0.261825 0.582445
56.400000 0.341108 0.659084 0.237927 0.280135 0.718451 0.530323 0.261933 0.584062
56.600000 0.341187 0.659972 0.237994 0.280283 0.720503 0.530254 0.262018 0.585733
56.800000 0.341191 0.660777 0.237956 0.280321 0.722751 0.530486 0.262093 0.587527
57.000000 0.341088 0.661386 0.237905 0.280153 0.724211 0.530275 0.262101 0.588708
57.200000 0.341482 0.661984 0.237963 0.280414 0.726232 0.530358 0.262263 0.590220
57.400000 0.341307 0.662683 0.238169 0.280485 0.727547 0.530452 0.262451 0.591471
57.600000 0.341200 0.663068 0.238028 0.280732 0.729465 0.530449 0.262404 0.592540
57.800000 0.341424 0.663885 0.238117 0.281025 0.730944 0.530651 0.262487 0.593967
58.000000 0.341414 0.664456 0.238149 0.280921 0.732448 0.530624 0.262591 0.595225
58.200000 0.341433 0.664859 0.237900 0.280892 0.734226 0.530588 0.262550 0.596497
58.400000 0.341396 0.665512 0.238124 0.281163 0.735719 0.530629 0.262734 0.597826
58.600000 0.341612 0.665922 0.238166 0.281320 0.737094 0.530576 0.262874 0.599194
58.800000 0.341339 0.666425 0.238170 0.281330 0.738652 0.530626 0.262919 0.600017
59.000000 0.341355 0.667086 0.238337 0.281489 0.739942 0.530804 0.262982 0.601217
59.200000 0.341635 0.667475 0.238102 0.281483 0.741419 0.530562 0.262914 0.602448
59.400000 0.341576 0.668007 0.238141 0.281566 0.742788 0.530706 0.263177 0.603587
59.600000 0.341464 0.668057 0.238109 0.281587 0.744035 0.531005 0.263144 0.604713
59.800000 0.341633 0.668708 0.238158 0.281682 0.745398 0.530925 0.263342 0.605782
60.000000 0.341784 0.669283 0.238237 0.281782 0.746909 0.530949 0.263396 0.607176
60.200000 0.341698 0.669860 0.238252 0.281947 0.748050 0.530579 0.263382 0.608027
60.400000 0.341502 0.669932 0.238138 0.281897 0.749242 0.530964 0.263395 0.608909
60.600000 0.341678 0.670463 0.238252 0.282096 0.750707 0.531094 0.263607 0.609941
60.800000 0.341689 0.670777 0.238200 0.282128 0.751869 0.530876 0.263633 0.610997
61.000000 0.341706 0.671385 0.238196 0.282136 0.752931 0.531098 0.263757 0.611930
61.200000 0.341721 0.671600 0.238190 0.282349 0.754351 0.531139 0.263726 0.613161
61.400000 0.341659 0.671879 0.238313 0.282401 0.755593 0.531155 0.263889 0.614036
61.600000 0.341402 0.671412 0.238321 0.282289 0.756739 0.531013 0.263848 0.615148
61.800000 0.341790 0.672758 0.238256 0.282492 0.757882 0.531124 0.264024 0.616085
62.000000 0.341496 0.672790 0.238220 0.282630 0.758707 0.531157 0.264066 0.616784
62.200000 0.341606 0.673116 0.238255 0.282546 0.760036 0.531026 0.264055 0.617928
62.400000 0.341677 0.673576 0.238406 0.282841 0.761529 0.531462 0.264279 0.619088
62.600000 0.341868 0.674414 0.238378 0.282775 0.762596 0.531254 0.264218 0.620031
62.800000 0.341912 0.674391 0.238397 0.282764 0.764001 0.531370 0.264499 0.621171
63.000000 0.341911 0.674613 0.238484 0.283045 0.764818 0.531425 0.264535 0.622014
63.200000 0.341946 0.674902 0.238429 0.283198 0.765891 0.531311 0.264587 0.622981
63.400000 0.341975 0.675206 0.238467 0.283252 0.767046 0.531482 0.264593 0.623814
63.600000 0.341903 0.675504 0.238344 0.283257 0.767859 0.531517 0.264872 0.624583
63.800000 0.341998 0.675820 0.238413 0.283312 0.768887 0.531500 0.264874 0.625333
64.000000 0.341995 0.676037 0.238428 0.283385 0.769715 0.531516 0.264909 0.626052
64.200000 0.342063 0.676297 0.238476 0.283542 0.770571 0.531594 0.264993 0.627061
64.400000 0.342040 0.676507 0.238546 0.283621 0.771484 0.531730 0.264909 0.627614
64.600000 0.342099 0.676755 0.238598 0.283487 0.772441 0.531474 0.265344 0.628414
64.800000 0.342140 0.677126 0.238581 0.283748 0.773413 0.531716 0.265141 0.629343
65.000000 0.341982 0.677336 0.238507 0.283632 0.774080 0.531643 0.265281 0.629956
65.200000 0.342178 0.677706 0.238642 0.283850 0.775005 0.531827 0.265501 0.630896
65.400000 0.341967 0.677641 0.238633 0.284092 0.775836 0.531823 0.265446 0.631422
65.600000 0.342104 0.677929 0.238721 0.284060 0.776597 0.531783 0.265545 0.631986
65.800000 0.342190 0.678310 0.238519 0.284134 0.777488 0.531868 0.265644 0.633067
66.000000 0.342190 0.678197 0.238589 0.284015 0.778011 0.531933 0.265718 0.633633
66.200000 0.342252 0.678529 0.238693 0.284135 0.779184 0.531852 0.265734 0.634168
66.400000 0.342246 0.678788 0.238799 0.284321 0.779902 0.531926 0.265958 0.635026
66.600000 0.342251 0.678938 0.238676 0.284123 0.780540 0.531759 0.265852 0.635644
66.800000 0.342296 0.679314 0.238799 0.284511 0.781115 0.531836 0.265851 0.636229
67.000000 0.342334 0.679448 0.238701 0.284568 0.781940 0.532031 0.266089 0.636801
67.200000 0.342318 0.679500 0.238727 0.284717 0.782916 0.531992 0.265976 0.637529
67.400000 0.342275 0.679718 0.238730 0.284712 0.783416 0.532060 0.266228 0.638242
67.600000 0.342326 0.679962 0.238612 0.284786 0.784209 0.531976 0.266313 0.638883
67.800000 0.342358 0.680170 0.238756 0.284836 0.784779 0.532153 0.266384 0.639406
68.000000 0.342343 0.680264 0.238794 0.284888 0.785606 0.532090 0.266391 0.640060
68.200000 0.342324 0.680666 0.238773 0.284885 0.786249 0.532199 0.266325 0.640678
68.400000 0.342389 0.680699 0.238656 0.284981 0.787032 0.532225 0.266514 0.641071
68.600000 0.342177 0.680776 0.238668 0.285102 0.787450 0.532247 0.266479 0.641661
68.800000 0.342274 0.681026 0.238807 0.285310 0.788374 0.532438 0.266737 0.642606
69.000000 0.342525 0.681207 0.238902 0.285087 0.789316 0.532334 0.266702 0.643208
69.200000 0.342550 0.681372 0.238762 0.285288 0.789675 0.532515 0.267026 0.643724
69.400000 0.342466 0.681602 0.238751 0.285416 0.790031 0.532482 0.266979 0.644318
69.600000 0.342463 0.681685 0.238826 0.285450 0.790866 0.532291 0.266991 0.644693
69.800000 0.342452 0.681882 0.238885 0.285422 0.791366 0.532280 0.266897 0.645403
70.000000 0.342398 0.681815 0.238689 0.285590 0.791870 0.532329 0.266920 0.645671
70.200000 0.342422 0.682118 0.238904 0.285770 0.792568 0.532410 0.267235 0.646277
70.400000 0.342280 0.682222 0.239037 0.285689 0.793013 0.532583 0.267305 0.646555
70.600000 0.342437 0.681878 0.238880 0.285916 0.793750 0.532661 0.267395 0.647226
70.800000 0.342463 0.682550 0.238979 0.285851 0.794193 0.532534 0.267435 0.647615
71.000000 0.342459 0.682600 0.238811 0.285865 0.794819 0.532572 0.267494 0.648181
71.200000 0.342402 0.682780 0.238835 0.285829 0.795170 0.532566 0.267590 0.648762
71.400000 0.342437 0.682961 0.239026 0.285973 0.795794 0.532674 0.267652 0.649199
71.600000 0.342463 0.683087 0.238967 0.286237 0.796242 0.532786 0.267730 0.649823
71.800000 0.342457 0.683209 0.239001 0.286108 0.796725 0.532699 0.267737 0.649958
72.000000 0.342463 0.683186 0.238896 0.286222 0.797190 0.532798 0.267939 0.650341
72.200000 0.342435 0.683119 0.238997 0.286129 0.797615 0.532742 0.267850 0.650863
72.400000 0.342485 0.683435 0.239069 0.286354 0.798303 0.532689 0.267940 0.651299
72.600000 0.342494 0.683565 0.239055 0.286332 0.798693 0.532895 0.268059 0.651763
72.800000 0.342432 0.683566 0.238999 0.286312 0.799060 0.532867 0.268220 0.652093
73.000000 0.342494 0.683691 0.239003 0.286508 0.799574 0.532898 0.268226 0.652614
73.200000 0.342498 0.683662 0.239227 0.286561 0.799899 0.532779 0.268382 0.652974
73.400000 0.342304 0.683679 0.239214 0.286645 0.800468 0.532963 0.268354 0.653231
73.600000 0.342488 0.683772 0.239226 0.286696 0.800660 0.532976 0.268320 0.653807
73.800000 0.342435 0.683808 0.239170 0.286560 0.801106 0.532866 0.268272 0.654033
74.000000 0.342485 0.684038 0.239220 0.286813 0.801749 0.532927 0.268453 0.654321
74.200000 0.342509 0.684041 0.239196 0.286735 0.802010 0.533106 0.268649 0.654763
74.400000 0.342495 0.684132 0.239149 0.286887 0.802448 0.533087 0.268708 0.655081
74.600000 0.342453 0.684182 0.239164 0.286961 0.802769 0.533031 0.268756 0.655553
74.800000 0.342540 0.684126 0.239131 0.287092 0.803216 0.533176 0.268844 0.655981
75.000000 0.342514 0.684247 0.239150 0.287101 0.803796 0.533239 0.268921 0.656369
75.200000 0.342532 0.684503 0.239160 0.287104 0.804106 0.533257 0.268927 0.656836
75.400000 0.342456 0.684448 0.239299 0.287257 0.804466 0.533209 0.268987 0.656912
75.600000 0.342476 0.684517 0.239295 0.287235 0.804684 0.533258 0.269067 0.657306
75.800000 0.342540 0.684450 0.239239 0.287287 0.804982 0.533198 0.269030 0.657554
76.000000 0.342525 0.684536 0.239121 0.287281 0.805233 0.533246 0.269235 0.658093
76.200000 0.342503 0.684757 0.239135 0.287600 0.805782 0.533208 0.269349 0.658404
76.400000 0.342482 0.684581 0.239190 0.287421 0.805954 0.533086 0.269260 0.658451
76.600000 0.342420 0.684673 0.239342 0.287542 0.806553 0.533420 0.269241 0.658867
76.800000 0.342442 0.684686 0.239142 0.287601 0.806676 0.533323 0.269437 0.659071
77.000000 0.342515 0.684802 0.239313 0.287665 0.806997 0.533497 0.269620 0.659337
77.200000 0.342475 0.684954 0.239357 0.287749 0.807465 0.533586 0.269556 0.659711
77.400000 0.342655 0.684935 0.239401 0.287899 0.807708 0.533556 0.269489 0.660044
77.600000 0.342425 0.685082 0.239303 0.287805 0.807741 0.533485 0.269682 0.660131
77.800000 0.342552 0.684844 0.239381 0.287727 0.808223 0.533567 0.269740 0.660496
78.000000 0.342410 0.684943 0.239391 0.287786 0.808504 0.533601 0.269799 0.660806
78.200000 0.342449 0.684977 0.239308 0.288054 0.808659 0.533776 0.269897 0.660307
78.400000 0.342538 0.684998 0.239480 0.288166 0.808974 0.533693 0.269913 0.661300
78.600000 0.342593 0.685086 0.239511 0.288021 0.809126 0.533623 0.269831 0.661563
78.800000 0.342442 0.685219 0.239416 0.288197 0.809392 0.533724 0.270032 0.661673
79.000000 0.342414 0.684967 0.239452 0.288175 0.809924 0.533695 0.270217 0.662037
79.200000 0.342355 0.685413 0.239509 0.288263 0.810078 0.533865 0.270214 0.662083
79.400000 0.342490 0.685127 0.239466 0.288100 0.810360 0.533648 0.270188 0.662438
79.600000 0.342432 0.685324 0.239504 0.288127 0.810412 0.533886 0.270343 0.662655
79.800000 0.342407 0.684999 0.239487 0.288401 0.810719 0.533688 0.270305 0.662879
80.000000 0.342581 0.685170 0.239553 0.288259 0.811023 0.533845 0.270499 0.663225
80.200000 0.342435 0.685337 0.239536 0.288434 0.811317 0.533781 0.270407 0.663427
80.400000 0.342463 0.685398 0.239460 0.288552 0.811423 0.533796 0.270463 0.663453
80.600000 0.342572 0.685465 0.239443 0.288404 0.811619 0.533987 0.270678 0.663775
80.800000 0.342629 0.685418 0.239123 0.288655 0.812036 0.533825 0.270573 0.664004
81.000000 0.342618 0.685573 0.239627 0.288399 0.812293 0.534056 0.270680 0.664361
81.200000 0.342617 0.685479 0.239450 0.288813 0.812491 0.533912 0.270698 0.664386
81.400000 0.342576 0.685567 0.239565 0.288737 0.812568 0.534079 0.270786 0.664636
81.600000 0.342445 0.685551 0.239562 0.288792 0.812753 0.533944 0.270721 0.664617
81.800000 0.342647 0.685522 0.239469 0.288776 0.813023 0.533928 0.270708 0.664916
82.000000 0.342587 0.685666 0.239432 0.288711 0.813037 0.533983 0.270923 0.664985
82.200000 0.342584 0.685515 0.239657 0.288936 0.813296 0.534204 0.270979 0.665138
82.400000 0.342447 0.685457 0.239549 0.288920 0.813537 0.534175 0.271137 0.665554
82.600000 0.342608 0.685462 0.239659 0.288988 0.813552 0.533987 0.271009 0.665487
82.800000 0.342610 0.685680 0.239581 0.289035 0.813950 0.534079 0.271097 0.665702
83.000000 0.342606 0.685687 0.239675 0.289234 0.813986 0.534064 0.271173 0.665757
83.200000 0.342608 0.685709 0.239831 0.289083 0.814154 0.534353 0.271429 0.666184
83.400000 0.342702 0.685700 0.239639 0.289028 0.814064 0.534148 0.271167 0.666317
83.600000 0.342614 0.685637 0.239592 0.289156 0.814564 0.534249 0.271333 0.666431
83.800000 0.342682 0.685700 0.239576 0.289172 0.814930 0.534166 0.271357 0.666386
84.000000 0.342670 0.685431 0.239694 0.289199 0.814834 0.534306 0.271452 0.666759
84.200000 0.342656 0.685646 0.239731 0.289338 0.815072 0.534214 0.271574 0.666880
84.400000 0.342658 0.685639 0.239749 0.289415 0.815200 0.534218 0.271531 0.667054
84.600000 0.342605 0.685681 0.239753 0.289370 0.815437 0.534301 0.271540 0.667005
84.800000 0.342660 0.685710 0.239735 0.289455 0.815634 0.534299 0.271689 0.667285
85.000000 0.342653 0.685698 0.239565 0.289736 0.815791 0.534456 0.271701 0.667460
85.200000 0.342661 0.685577 0.239856 0.289572 0.815981 0.534490 0.271866 0.667528
85.400000 0.342690 0.685725 0.239708 0.289588 0.816044 0.534438 0.271632 0.667843
85.600000 0.342644 0.685711 0.239846 0.289645 0.816098 0.534211 0.271806 0.667859
85.800000 0.342623 0.685663 0.239812 0.289685 0.816309 0.534431 0.271795 0.667894
86.000000 0.342578 0.685584 0.239810 0.289696 0.816417 0.534238 0.271940 0.668128
86.200000 0.342667 0.685510 0.239775 0.289663 0.816541 0.534460 0.272095 0.668323
86.400000 0.342814 0.685806 0.239858 0.289921 0.816743 0.534427 0.272011 0.668482
86.600000 0.342445 0.685710 0.239766 0.289754 0.816833 0.534577 0.271912 0.668376
86.800000 0.342619 0.685663 0.239822 0.289825 0.816960 0.534525 0.272127 0.668658
87.000000 0.342640 0.685805 0.239642 0.289916 0.817234 0.534542 0.272176 0.668693
87.200000 0.342689 0.686010 0.239751 0.289924 0.817309 0.534746 0.272135 0.668945
87.400000 0.342596 0.685511 0.239889 0.290042 0.817475 0.534716 0.272305 0.669126
87.600000 0.342680 0.685846 0.239997 0.290210 0.817609 0.534798 0.272324 0.669085
87.800000 0.342804 0.685918 0.239857 0.290130 0.817759 0.534796 0.272417 0.669146
88.000000 0.342580 0.685752 0.239720 0.290216 0.817707 0.534790 0.272288 0.669371
88.200000 0.342667 0.685801 0.239887 0.290186 0.818001 0.534910 0.272502 0.669512
88.400000 0.342664 0.685747 0.239923 0.290142 0.818085 0.534729 0.272420 0.669705
88.600000 0.342696 0.685821 0.239720 0.290219 0.818083 0.534821 0.272568 0.669727
88.800000 0.342569 0.685816 0.239887 0.290301 0.818191 0.534850 0.272576 0.669854
89.000000 0.342647 0.685697 0.239962 0.290194 0.818400 0.534939 0.272530 0.669885
89.200000 0.342661 0.685755 0.239878 0.290304 0.818476 0.534722 0.272437 0.669857
89.400000 0.342633 0.685836 0.240098 0.290413 0.818537 0.534938 0.272700 0.669992
89.600000 0.342664 0.685853 0.239900 0.290512 0.818658 0.534905 0.272781 0.670059
89.800000 0.342649 0.685793 0.239911 0.290493 0.818641 0.534840 0.272803 0.670228
90.000000 0.342426 0.685435 0.239792 0.290230 0.818698 0.534933 0.272687 0.670219
