0.200000 0.188461 0.393120 0.130938 0.169414 0.476416 0.559529 0.184693 0.387306
0.400000 0.188415 0.392032 0.131047 0.168865 0.473449 0.559096 0.183929 0.385258
0.600000 0.188340 0.391517 0.130871 0.168680 0.471539 0.559082 0.183632 0.383960
0.800000 0.188187 0.391232 0.130885 0.168421 0.470111 0.558967 0.183231 0.382728
1.000000 0.188243 0.390595 0.130633 0.168130 0.468405 0.558842 0.182797 0.381504
1.200000 0.188158 0.389913 0.130668 0.167712 0.466763 0.558726 0.182475 0.380374
1.400000 0.188127 0.389327 0.130464 0.167610 0.465236 0.558530 0.181977 0.379162
1.600000 0.188065 0.388930 0.130515 0.167292 0.463700 0.558454 0.181705 0.378000
1.800000 0.188051 0.388485 0.130507 0.166795 0.462077 0.558274 0.181282 0.376805
2.000000 0.187897 0.387727 0.130391 0.166796 0.460347 0.558041 0.180820 0.375738
2.200000 0.187582 0.387017 0.130360 0.166568 0.459027 0.558043 0.180618 0.374542
2.400000 0.187919 0.386809 0.130157 0.166347 0.457360 0.557810 0.180082 0.373333
2.600000 0.187873 0.386269 0.130276 0.166035 0.455651 0.557601 0.179821 0.372198
2.800000 0.187957 0.385965 0.130224 0.165723 0.454528 0.557672 0.179481 0.370939
3.000000 0.187810 0.385582 0.130108 0.165648 0.452836 0.557426 0.179126 0.370123
3.200000 0.187731 0.385113 0.130106 0.165397 0.451378 0.557382 0.178707 0.368824
3.400000 0.187675 0.384390 0.129890 0.165183 0.449864 0.557129 0.178475 0.367852
3.600000 0.187489 0.384129 0.130147 0.164799 0.448368 0.557054 0.178075 0.366703
3.800000 0.187609 0.383660 0.129901 0.164783 0.447227 0.556818 0.177761 0.365711
4.000000 0.187519 0.382960 0.129744 0.164605 0.445629 0.556772 0.177395 0.364601
4.200000 0.187411 0.382314 0.129775 0.164313 0.444082 0.556428 0.176961 0.363237
4.400000 0.187436 0.382327 0.129781 0.164154 0.442663 0.556449 0.176802 0.362424
4.600000 0.187241 0.382018 0.129725 0.163689 0.441361 0.556319 0.176344 0.361397
4.800000 0.187250 0.381708 0.129570 0.163452 0.439942 0.556483 0.175946 0.360364
5.000000 0.187310 0.381339 0.129631 0.163528 0.438432 0.556066 0.175606 0.359332
5.200000 0.187253 0.380079 0.129610 0.162992 0.437036 0.555967 0.175281 0.358329
5.400000 0.187182 0.379601 0.129488 0.162928 0.435646 0.555602 0.174888 0.357246
5.600000 0.187197 0.378897 0.129651 0.162698 0.434440 0.555863 0.174652 0.356386
5.800000 0.187113 0.378650 0.129445 0.162497 0.433108 0.555565 0.174403 0.355322
6.000000 0.187216 0.378192 0.129147 0.162280 0.431746 0.555410 0.174007 0.354329
6.200000 0.187045 0.377901 0.129319 0.162083 0.430327 0.555176 0.173641 0.353320
6.400000 0.187013 0.377395 0.129377 0.161765 0.429061 0.555084 0.173195 0.352287
6.600000 0.186892 0.376732 0.129250 0.161693 0.427340 0.554817 0.172956 0.351057
6.800000 0.186802 0.376250 0.129353 0.161393 0.426114 0.554852 0.172721 0.350101
7.000000 0.186839 0.375739 0.129144 0.161229 0.424850 0.554547 0.172372 0.349157
7.200000 0.186800 0.375214 0.129103 0.160845 0.423608 0.554426 0.172111 0.348245
7.400000 0.186701 0.375019 0.129083 0.160835 0.422342 0.554131 0.171661 0.347143
7.600000 0.186724 0.374450 0.129030 0.160605 0.420995 0.554100 0.171294 0.346233
7.800000 0.186696 0.373905 0.128838 0.160486 0.419888 0.554034 0.170987 0.345389
8.000000 0.186667 0.373657 0.129055 0.160258 0.418586 0.553922 0.170724 0.344566
8.200000 0.186572 0.373204 0.128829 0.160056 0.417336 0.553674 0.170394 0.343674
8.400000 0.186679 0.373131 0.129085 0.159977 0.416331 0.553720 0.170156 0.342838
8.600000 0.186630 0.372575 0.128952 0.159832 0.414987 0.553561 0.169876 0.341813
8.800000 0.186507 0.372109 0.128783 0.159585 0.413788 0.553313 0.169383 0.340951
9.000000 0.186333 0.371666 0.128734 0.159326 0.412694 0.553135 0.169187 0.340017
9.200000 0.186412 0.371179 0.128521 0.159021 0.411422 0.552920 0.168879 0.339291
9.400000 0.186400 0.370846 0.128692 0.158963 0.410157 0.552859 0.168760 0.338543
9.600000 0.186307 0.370548 0.128337 0.158761 0.409131 0.552705 0.168166 0.337329
9.800000 0.186452 0.370109 0.128556 0.158604 0.407914 0.552642 0.168064 0.336697
10.000000 0.186251 0.369837 0.128542 0.158522 0.406854 0.552393 0.167739 0.335954
10.200000 0.186157 0.369383 0.128412 0.158131 0.405742 0.552068 0.167486 0.334945
10.400000 0.186287 0.368992 0.128471 0.158007 0.404679 0.552180 0.167183 0.334471
10.600000 0.186125 0.368533 0.128337 0.157847 0.403563 0.551944 0.166863 0.333458
10.800000 0.186099 0.368347 0.128344 0.157664 0.402368 0.551798 0.166542 0.332654
11.000000 0.186039 0.367598 0.128334 0.157741 0.401413 0.551650 0.166275 0.331841
11.200000 0.186039 0.367562 0.128325 0.157351 0.400267 0.551462 0.166074 0.331060
11.400000 0.186094 0.367186 0.128201 0.157427 0.399216 0.551521 0.165894 0.330382
11.600000 0.186045 0.366799 0.128445 0.157143 0.398333 0.551405 0.165644 0.329697
11.800000 0.185863 0.366386 0.128301 0.157062 0.397331 0.551169 0.165394 0.328919
12.000000 0.185991 0.366173 0.128270 0.156783 0.396266 0.551059 0.165105 0.328081
12.200000 0.185919 0.365655 0.128248 0.156791 0.395158 0.550975 0.164728 0.327157
12.400000 0.185976 0.365390 0.128157 0.156379 0.394206 0.550745 0.164636 0.326603
12.600000 0.185927 0.365116 0.128132 0.156252 0.392954 0.550564 0.164253 0.325720
12.800000 0.185825 0.364663 0.128142 0.156248 0.391818 0.550391 0.163981 0.324758
13.000000 0.185832 0.364636 0.128041 0.156223 0.391043 0.550371 0.163854 0.324161
13.200000 0.185796 0.364001 0.128026 0.155918 0.389999 0.550215 0.163496 0.323623
13.400000 0.185815 0.363682 0.128049 0.155678 0.389012 0.550184 0.163227 0.322744
13.600000 0.185726 0.363267 0.128067 0.155761 0.388258 0.549795 0.162889 0.322142
13.800000 0.185751 0.363221 0.127969 0.155537 0.387374 0.549850 0.162671 0.321490
14.000000 0.185670 0.362709 0.127864 0.155300 0.386453 0.549352 0.162455 0.320773
14.200000 0.185672 0.362498 0.127900 0.155255 0.385641 0.549592 0.162209 0.320222
14.400000 0.185657 0.362254 0.127819 0.154957 0.384569 0.549326 0.162188 0.319381
14.600000 0.185624 0.362077 0.128006 0.154747 0.383877 0.549167 0.161945 0.318923
14.800000 0.185598 0.362146 0.127665 0.154849 0.382963 0.549049 0.161700 0.318189
15.000000 0.185552 0.361372 0.127758 0.154653 0.381950 0.548912 0.161573 0.317656
15.200000 0.185555 0.360933 0.127741 0.154586 0.381275 0.548958 0.161299 0.317045
15.400000 0.185530 0.360857 0.127864 0.154291 0.380462 0.548832 0.161023 0.316367
15.600000 0.185512 0.360271 0.127799 0.154135 0.379512 0.548633 0.160805 0.315812
15.800000 0.185502 0.360190 0.127605 0.154172 0.378752 0.548551 0.160630 0.315197
16.000000 0.185450 0.359921 0.127462 0.154012 0.377771 0.548370 0.160514 0.314589
16.200000 0.185431 0.359532 0.127494 0.153946 0.377064 0.548239 0.160136 0.313952
16.400000 0.185439 0.359324 0.127650 0.153957 0.376157 0.548050 0.159983 0.313278
16.600000 0.185393 0.359113 0.127518 0.153539 0.375431 0.547791 0.159715 0.312750
16.800000 0.185394 0.358833 0.127488 0.153501 0.374616 0.547819 0.159460 0.312332
17.000000 0.185359 0.358724 0.127454 0.153361 0.373922 0.547664 0.159366 0.311683
17.200000 0.185353 0.358339 0.127265 0.153204 0.373112 0.547419 0.159079 0.310987
17.400000 0.185317 0.358030 0.127562 0.153107 0.372461 0.547444 0.158916 0.310212
17.600000 0.185171 0.357796 0.127287 0.152922 0.371478 0.547149 0.158610 0.309596
17.800000 0.185205 0.357369 0.127278 0.152608 0.370752 0.547058 0.158426 0.309180
18.000000 0.185189 0.357084 0.127211 0.152863 0.369855 0.546873 0.157957 0.308774
18.200000 0.185155 0.356786 0.127192 0.152484 0.369163 0.546649 0.158076 0.308036
18.400000 0.185119 0.356559 0.127256 0.152535 0.368429 0.546671 0.157827 0.307529
18.600000 0.185035 0.356390 0.127162 0.152360 0.367783 0.546562 0.157672 0.306882
18.800000 0.185025 0.356087 0.126968 0.152294 0.366831 0.546174 0.157402 0.306528
19.000000 0.185041 0.355719 0.127183 0.152181 0.366159 0.546233 0.157275 0.305834
19.200000 0.184847 0.355433 0.126998 0.151915 0.365011 0.545827 0.156986 0.305021
19.400000 0.184968 0.355189 0.127006 0.151715 0.364324 0.545900 0.156815 0.304461
19.600000 0.184962 0.354985 0.126801 0.151732 0.363656 0.545806 0.156609 0.304081
19.800000 0.184903 0.354704 0.126954 0.151662 0.362921 0.545616 0.156417 0.303573
20.000000 0.184898 0.354311 0.126900 0.151600 0.362130 0.545585 0.156142 0.302914
20.200000 0.184852 0.354180 0.126980 0.151628 0.361518 0.545290 0.156236 0.302462
20.400000 0.184976 0.354037 0.127086 0.151439 0.360889 0.545240 0.156018 0.301890
20.600000 0.184903 0.353814 0.126824 0.151309 0.360128 0.545155 0.155672 0.301446
20.800000 0.184866 0.353266 0.126941 0.151401 0.359494 0.544884 0.155559 0.300819
21.000000 0.184901 0.353393 0.126972 0.151091 0.358704 0.544925 0.155484 0.300394
21.200000 0.184873 0.352854 0.126933 0.151052 0.358027 0.544784 0.155406 0.299971
21.400000 0.184824 0.352641 0.126895 0.150988 0.357478 0.544698 0.155100 0.299481
21.600000 0.184804 0.352746 0.126702 0.150888 0.356689 0.544308 0.154878 0.298923
21.800000 0.184814 0.352345 0.126846 0.150644 0.356035 0.544341 0.154789 0.298314
22.000000 0.184642 0.352154 0.126800 0.150536 0.355312 0.544177 0.154583 0.297852
22.200000 0.184745 0.351957 0.126806 0.150420 0.354681 0.544107 0.154403 0.297468
22.400000 0.184740 0.351630 0.126625 0.150419 0.354057 0.543854 0.154203 0.296952
22.600000 0.184734 0.351137 0.126945 0.150133 0.353375 0.543798 0.154047 0.296527
22.800000 0.184647 0.351250 0.126751 0.150144 0.352931 0.543523 0.153912 0.295883
23.000000 0.184580 0.350918 0.126715 0.150116 0.352236 0.543649 0.153680 0.295563
23.200000 0.184591 0.350742 0.126721 0.149968 0.351485 0.543405 0.153581 0.295113
23.400000 0.184545 0.350630 0.126496 0.149798 0.350902 0.543206 0.153244 0.294595
23.600000 0.184612 0.350075 0.126522 0.149564 0.350065 0.543057 0.153211 0.293905
23.800000 0.184401 0.349796 0.126525 0.149387 0.349464 0.542812 0.152997 0.293444
24.000000 0.184258 0.349496 0.126346 0.149455 0.348861 0.542653 0.152826 0.293096
24.200000 0.184230 0.349274 0.126458 0.149317 0.348218 0.542713 0.152531 0.292785
24.400000 0.184333 0.349225 0.126417 0.149137 0.347680 0.542456 0.152468 0.292176
24.600000 0.184280 0.348917 0.126360 0.149180 0.347050 0.542470 0.152373 0.291852
24.800000 0.184410 0.348750 0.126427 0.149100 0.346401 0.542228 0.152208 0.291140
25.000000 0.184230 0.348228 0.126348 0.148965 0.345805 0.542296 0.152110 0.290881
25.200000 0.184247 0.348296 0.126247 0.148826 0.345265 0.542138 0.152036 0.290467
25.400000 0.184166 0.347997 0.126362 0.148717 0.344421 0.541964 0.151790 0.289858
25.600000 0.184146 0.347865 0.126330 0.148498 0.343834 0.541747 0.151618 0.289411
25.800000 0.184120 0.347539 0.126085 0.148588 0.343242 0.541641 0.151392 0.288871
26.000000 0.184071 0.347429 0.126240 0.148447 0.342803 0.541513 0.151253 0.288499
26.200000 0.184083 0.347029 0.126250 0.148381 0.342091 0.541257 0.151145 0.288082
26.400000 0.184047 0.346546 0.126096 0.148251 0.341491 0.541127 0.150808 0.287522
26.600000 0.184018 0.346456 0.126328 0.148298 0.340958 0.541006 0.150806 0.287162
26.800000 0.183996 0.346096 0.126106 0.148091 0.340413 0.540922 0.150645 0.286809
27.000000 0.184003 0.346074 0.126107 0.148098 0.339802 0.540639 0.150498 0.286395
27.200000 0.184001 0.345771 0.126056 0.147871 0.339174 0.540685 0.150341 0.285978
27.400000 0.183947 0.345469 0.125912 0.147881 0.338590 0.540426 0.150156 0.285431
27.600000 0.183892 0.345305 0.126128 0.147719 0.338084 0.540219 0.150146 0.285113
27.800000 0.183893 0.345178 0.126020 0.147653 0.337385 0.540237 0.150088 0.284702
28.000000 0.183855 0.344877 0.125968 0.147685 0.336915 0.540022 0.149694 0.284309
28.200000 0.183799 0.344927 0.125983 0.147522 0.336441 0.539801 0.149836 0.283884
28.400000 0.183821 0.344666 0.126104 0.147206 0.335960 0.539942 0.149641 0.283389
28.600000 0.183787 0.344516 0.125891 0.147293 0.335301 0.539557 0.149503 0.283175
28.800000 0.183861 0.344404 0.126054 0.147351 0.334910 0.539644 0.149462 0.282769
29.000000 0.183837 0.344197 0.126158 0.147113 0.334194 0.539534 0.149141 0.282224
29.200000 0.183726 0.343926 0.126008 0.147035 0.333840 0.539321 0.149077 0.281836
29.400000 0.183545 0.343754 0.125872 0.146988 0.333099 0.539071 0.148913 0.281512
29.600000 0.183691 0.343441 0.126036 0.146872 0.332542 0.538853 0.148810 0.281193
29.800000 0.183644 0.343186 0.125866 0.146909 0.332127 0.538915 0.148695 0.280691
30.000000 0.183676 0.343230 0.125825 0.146666 0.331353 0.538721 0.148532 0.280322
30.200000 0.183616 0.342767 0.125678 0.146611 0.331107 0.538632 0.148261 0.279923
30.400000 0.183583 0.342460 0.125816 0.146526 0.330654 0.538384 0.148296 0.279400
30.600000 0.184022 0.342698 0.125589 0.146419 0.329956 0.538281 0.148038 0.279121
30.800000 0.186784 0.342231 0.125811 0.146341 0.329330 0.538184 0.148054 0.278730
31.000000 0.192258 0.342015 0.125996 0.146186 0.329041 0.538086 0.147974 0.278327
31.200000 0.199537 0.341867 0.125691 0.146247 0.328695 0.537746 0.147786 0.278029
31.400000 0.209556 0.341699 0.125793 0.146295 0.328541 0.537770 0.147902 0.278144
31.600000 0.228850 0.341548 0.126136 0.146267 0.329035 0.537711 0.147987 0.278202
31.800000 0.243800 0.341751 0.125735 0.146350 0.329835 0.537697 0.148111 0.279001
32.000000 0.259008 0.341919 0.125911 0.146707 0.331245 0.537582 0.148455 0.279926
32.200000 0.273917 0.342360 0.126085 0.146822 0.333120 0.537477 0.148718 0.281626
32.400000 0.288093 0.343136 0.126262 0.147297 0.335849 0.537457 0.149170 0.283569
32.600000 0.301622 0.344130 0.126456 0.148060 0.339602 0.537495 0.149781 0.286070
32.800000 0.313762 0.346050 0.126745 0.148884 0.343667 0.537313 0.150484 0.289292
33.000000 0.324999 0.348120 0.127165 0.149975 0.348678 0.537425 0.151215 0.292760
33.200000 0.334868 0.351186 0.127870 0.151405 0.354580 0.537770 0.152361 0.297055
33.400000 0.343348 0.354528 0.128928 0.152921 0.360556 0.537461 0.153258 0.301223
33.600000 0.351046 0.358703 0.129693 0.154700 0.367269 0.537541 0.154226 0.306323
33.800000 0.357951 0.363733 0.130630 0.156600 0.374324 0.537630 0.155419 0.311809
34.000000 0.363342 0.368975 0.131471 0.158555 0.381883 0.537582 0.156546 0.316994
34.200000 0.368498 0.375167 0.132514 0.160826 0.389582 0.537844 0.157662 0.323141
34.400000 0.372692 0.382043 0.133487 0.162972 0.397847 0.537755 0.158612 0.329284
34.600000 0.376325 0.389391 0.134558 0.165707 0.406342 0.537905 0.160121 0.335783
34.800000 0.379398 0.396994 0.135537 0.168242 0.414943 0.537910 0.161351 0.342326
35.000000 0.381995 0.405337 0.136676 0.170660 0.424029 0.538123 0.162532 0.349401
35.200000 0.384152 0.414238 0.137529 0.173211 0.433446 0.538261 0.164006 0.356453
35.400000 0.385870 0.422836 0.138638 0.175909 0.441986 0.538232 0.165300 0.363346
35.600000 0.387214 0.431877 0.139660 0.178464 0.450600 0.538434 0.166603 0.370204
35.800000 0.388280 0.440691 0.140659 0.181017 0.459665 0.538462 0.167836 0.377212
36.000000 0.389198 0.450646 0.141568 0.183689 0.468710 0.538380 0.169114 0.384435
36.200000 0.389938 0.460578 0.142540 0.186294 0.477975 0.538732 0.170403 0.391547
36.400000 0.390554 0.470684 0.143455 0.189005 0.487122 0.538752 0.171700 0.399144
36.600000 0.390992 0.481200 0.144503 0.191508 0.496748 0.538897 0.173082 0.406480
36.800000 0.391259 0.491749 0.145509 0.194356 0.506237 0.538980 0.174270 0.413986
37.000000 0.391407 0.502381 0.146357 0.196933 0.515629 0.539116 0.175513 0.421577
37.200000 0.391766 0.513116 0.147299 0.199539 0.525636 0.539187 0.176950 0.429124
37.400000 0.391861 0.524204 0.148227 0.202130 0.535402 0.539381 0.178125 0.436759
37.600000 0.392058 0.535529 0.149114 0.204889 0.545917 0.539482 0.179446 0.445308
37.800000 0.391748 0.551554 0.150354 0.208699 0.560218 0.539441 0.181490 0.456327
38.000000 0.391961 0.562700 0.151241 0.211142 0.570338 0.539593 0.182745 0.464135
38.200000 0.391953 0.573855 0.152275 0.213698 0.580462 0.539824 0.183958 0.471963
38.400000 0.391714 0.584617 0.152998 0.216317 0.590578 0.539950 0.185276 0.480133
38.600000 0.391579 0.595687 0.153846 0.218667 0.601041 0.540040 0.186767 0.488024
38.800000 0.391333 0.606355 0.154716 0.221140 0.611295 0.540048 0.187910 0.496214
39.000000 0.390958 0.617113 0.155533 0.223788 0.621578 0.540368 0.189196 0.504170
39.200000 0.390739 0.627739 0.156248 0.226246 0.631850 0.540468 0.190530 0.512037
39.400000 0.390335 0.637881 0.157004 0.228730 0.641824 0.540708 0.191655 0.520076
39.600000 0.389963 0.648070 0.157897 0.230995 0.652038 0.540497 0.192999 0.527990
39.800000 0.389426 0.658031 0.158532 0.233189 0.662134 0.540775 0.194185 0.536007
40.000000 0.389212 0.667288 0.158975 0.235637 0.672154 0.541011 0.195440 0.544107
40.200000 0.388644 0.677008 0.159950 0.238000 0.682234 0.541220 0.196639 0.551874
40.400000 0.388419 0.686721 0.160611 0.240243 0.692486 0.541092 0.197754 0.559856
40.600000 0.388179 0.695503 0.161388 0.242757 0.702360 0.541309 0.199102 0.567687
40.800000 0.387838 0.704405 0.162060 0.244752 0.712048 0.541402 0.200309 0.575420
41.000000 0.387611 0.712916 0.162953 0.246977 0.721740 0.541630 0.201480 0.583093
41.200000 0.387160 0.721046 0.163390 0.249240 0.731343 0.541691 0.202649 0.590945
41.400000 0.387058 0.728779 0.163952 0.251396 0.740420 0.541736 0.203846 0.598410
41.600000 0.386718 0.736676 0.164780 0.253466 0.750011 0.542107 0.205038 0.606092
41.800000 0.386656 0.743788 0.165255 0.255595 0.759069 0.542107 0.205995 0.613394
42.000000 0.386362 0.750586 0.165926 0.257691 0.768039 0.542378 0.207252 0.620636
42.200000 0.386136 0.757317 0.166469 0.259590 0.776910 0.542446 0.208432 0.627840
42.400000 0.385965 0.763975 0.167021 0.261698 0.785430 0.542536 0.209571 0.634974
42.600000 0.385650 0.770022 0.167580 0.263657 0.794115 0.542870 0.210608 0.641937
42.800000 0.385582 0.776016 0.168135 0.265660 0.802508 0.542697 0.211924 0.648723
43.000000 0.385057 0.781510 0.168584 0.267637 0.810682 0.542944 0.212835 0.655541
43.200000 0.384539 0.786867 0.169069 0.269583 0.818772 0.543168 0.213799 0.662027
43.400000 0.384339 0.791808 0.169624 0.271317 0.826500 0.543237 0.214941 0.668634
43.600000 0.383911 0.797162 0.170199 0.273261 0.834054 0.543374 0.215997 0.675050
43.800000 0.383472 0.801794 0.170885 0.275098 0.841803 0.543597 0.217242 0.681426
44.000000 0.383536 0.806576 0.171328 0.276966 0.850073 0.543841 0.218242 0.688703
44.200000 0.383175 0.812579 0.172117 0.279430 0.859497 0.544034 0.219641 0.696344
44.400000 0.382777 0.816301 0.172367 0.281147 0.866103 0.544109 0.220708 0.702140
44.600000 0.382617 0.820108 0.172856 0.282814 0.872864 0.544162 0.221540 0.707660
44.800000 0.382260 0.823377 0.173126 0.284371 0.879486 0.544369 0.222625 0.713184
45.000000 0.382378 0.826817 0.173537 0.285983 0.885887 0.544310 0.223256 0.718662
45.200000 0.381931 0.829986 0.173945 0.287705 0.891982 0.544471 0.224298 0.723975
45.400000 0.381864 0.833280 0.174320 0.289118 0.898100 0.544866 0.225332 0.729280
45.600000 0.381491 0.836102 0.174744 0.290589 0.904055 0.544782 0.226167 0.734388
45.800000 0.381184 0.838711 0.175141 0.292388 0.909658 0.544815 0.227118 0.739294
46.000000 0.381076 0.841423 0.175592 0.294015 0.915234 0.545076 0.228024 0.744241
46.200000 0.380774 0.843933 0.175838 0.295318 0.920670 0.545322 0.228745 0.748762
46.400000 0.380485 0.846378 0.176194 0.296305 0.925925 0.545273 0.229780 0.753533
46.600000 0.380154 0.848830 0.176448 0.298503 0.931665 0.545520 0.230691 0.758554
46.800000 0.379646 0.851218 0.176726 0.300071 0.936799 0.545710 0.231589 0.763024
47.000000 0.379474 0.853152 0.177135 0.301498 0.941533 0.545888 0.232461 0.767225
47.200000 0.379162 0.854803 0.177542 0.302711 0.946320 0.545885 0.233178 0.771365
47.400000 0.378666 0.856458 0.177688 0.303977 0.950685 0.545873 0.234022 0.775323
47.600000 0.378634 0.858339 0.178034 0.305398 0.955193 0.546268 0.234751 0.779370
47.800000 0.378315 0.859946 0.178252 0.306497 0.959202 0.546405 0.235652 0.783066
48.000000 0.378152 0.861386 0.178669 0.308225 0.963355 0.546541 0.236354 0.787037
48.200000 0.377981 0.862837 0.178853 0.309213 0.967283 0.546675 0.237206 0.790395
48.400000 0.377803 0.864231 0.178998 0.310514 0.971299 0.546780 0.237886 0.793951
48.600000 0.377661 0.865355 0.179381 0.311587 0.975300 0.546873 0.238498 0.797376
48.800000 0.377610 0.866718 0.179744 0.312871 0.978658 0.547085 0.239191 0.800562
49.000000 0.377467 0.868014 0.179952 0.314091 0.982355 0.547102 0.240105 0.803853
49.200000 0.377285 0.869126 0.180032 0.315133 0.985688 0.547130 0.240638 0.806775
49.400000 0.376939 0.870192 0.180414 0.316402 0.989045 0.547345 0.241529 0.809997
49.600000 0.376766 0.871196 0.180635 0.317498 0.992288 0.547415 0.242304 0.813127
49.800000 0.376626 0.871959 0.180776 0.318534 0.995496 0.547681 0.242833 0.815895
50.000000 0.376325 0.872983 0.180910 0.319704 0.998954 0.547849 0.243409 0.818930
50.200000 0.376023 0.873985 0.181159 0.320664 1.001852 0.547996 0.244221 0.821728
50.400000 0.375797 0.874693 0.181525 0.322215 1.005188 0.548097 0.245034 0.824978
50.600000 0.375484 0.875664 0.181707 0.323220 1.008099 0.548297 0.245545 0.827631
50.800000 0.375261 0.876307 0.181692 0.324149 1.010599 0.548347 0.245973 0.830119
51.000000 0.375148 0.877144 0.182046 0.325274 1.013377 0.548458 0.246809 0.832514
51.200000 0.374966 0.877676 0.182437 0.326341 1.016024 0.548695 0.247466 0.834873
51.400000 0.374888 0.878325 0.182526 0.327224 1.018658 0.548899 0.248059 0.837183
51.600000 0.374811 0.878824 0.182574 0.328363 1.021065 0.548862 0.248604 0.839418
51.800000 0.374728 0.879358 0.182828 0.329320 1.023676 0.549117 0.249218 0.841724
52.000000 0.374672 0.879903 0.182968 0.330108 1.025908 0.549268 0.249640 0.843793
52.200000 0.374424 0.880405 0.183196 0.331134 1.028249 0.549282 0.250357 0.845914
52.400000 0.374326 0.880655 0.183374 0.332142 1.030150 0.549461 0.250987 0.847985
52.600000 0.374015 0.881332 0.183553 0.333157 1.032304 0.549509 0.251461 0.850024
52.800000 0.373544 0.881570 0.183560 0.333810 1.034151 0.549322 0.251688 0.851674
53.000000 0.373492 0.881847 0.183710 0.334851 1.036949 0.549483 0.252529 0.853953
53.200000 0.373167 0.882364 0.183598 0.335938 1.039407 0.549647 0.253090 0.856149
53.400000 0.372964 0.882898 0.184203 0.336932 1.041337 0.550130 0.253806 0.858392
53.600000 0.373074 0.883203 0.184379 0.337873 1.043154 0.550516 0.254421 0.859851
53.800000 0.372731 0.883470 0.184453 0.338694 1.044866 0.550336 0.254832 0.861499
54.000000 0.372440 0.883603 0.184588 0.339140 1.046573 0.550436 0.255198 0.863131
54.200000 0.372365 0.883808 0.184535 0.340135 1.048364 0.550786 0.255829 0.864923
54.400000 0.372238 0.884038 0.184861 0.341130 1.049873 0.550825 0.256217 0.866314
54.600000 0.372101 0.884260 0.185005 0.341804 1.051368 0.550741 0.256703 0.867754
54.800000 0.371993 0.884549 0.184941 0.342561 1.052844 0.550973 0.257159 0.868954
55.000000 0.371737 0.884619 0.185291 0.343344 1.054525 0.551061 0.257590 0.870736
55.200000 0.371792 0.884594 0.185214 0.344166 1.055877 0.551223 0.257899 0.872008
55.400000 0.371689 0.884734 0.185599 0.344903 1.057287 0.551423 0.258336 0.873317
55.600000 0.371469 0.884724 0.185646 0.345694 1.058546 0.551590 0.258845 0.874605
55.800000 0.371285 0.884997 0.185849 0.346340 1.060125 0.551578 0.259374 0.875682
56.000000 0.371291 0.885148 0.185732 0.347022 1.061372 0.551850 0.259852 0.877110
56.200000 0.371135 0.885063 0.186094 0.347847 1.062777 0.551820 0.260087 0.878401
56.400000 0.370925 0.885314 0.186077 0.348538 1.064064 0.551821 0.260575 0.879572
56.600000 0.370848 0.885078 0.186006 0.349259 1.065332 0.552067 0.260891 0.880630
56.800000 0.370446 0.885205 0.186230 0.349743 1.066290 0.552160 0.261260 0.881927
57.000000 0.370448 0.885207 0.186396 0.350545 1.067409 0.552297 0.261555 0.882796
57.200000 0.370206 0.885459 0.186326 0.351211 1.068635 0.552507 0.261776 0.883991
57.400000 0.370100 0.885305 0.186611 0.351751 1.069420 0.552585 0.262365 0.884787
57.600000 0.370036 0.885422 0.186649 0.352511 1.070848 0.552685 0.262650 0.886055
57.800000 0.369968 0.885493 0.186765 0.353118 1.071926 0.552895 0.263099 0.886884
58.000000 0.369790 0.885577 0.186825 0.353763 1.072579 0.552965 0.263416 0.887821
58.200000 0.369681 0.885528 0.186915 0.354381 1.073613 0.553275 0.263786 0.888788
58.400000 0.369542 0.885524 0.186675 0.355054 1.074646 0.552982 0.264054 0.889789
58.600000 0.369437 0.885744 0.187112 0.355618 1.075598 0.553003 0.264407 0.890584
58.800000 0.369182 0.885415 0.187145 0.356289 1.076580 0.553402 0.264615 0.891541
59.000000 0.369077 0.885422 0.187081 0.356899 1.077433 0.553514 0.265079 0.892187
59.200000 0.368833 0.885319 0.187495 0.357356 1.078056 0.553608 0.265387 0.892821
59.400000 0.368799 0.885379 0.187423 0.357962 1.079008 0.553814 0.265797 0.893709
59.600000 0.368555 0.885396 0.187499 0.358276 1.079789 0.553976 0.265986 0.894586
59.800000 0.368230 0.885085 0.187498 0.358982 1.080524 0.554032 0.266150 0.895299
60.000000 0.368185 0.885037 0.187584 0.359373 1.081147 0.554063 0.266537 0.895925
60.200000 0.367950 0.885150 0.187834 0.360321 1.082025 0.554245 0.266824 0.896619
60.400000 0.367754 0.884736 0.187797 0.360716 1.082726 0.554236 0.267100 0.897297
60.600000 0.367650 0.884940 0.187798 0.361132 1.083399 0.554565 0.267411 0.898108
60.800000 0.367469 0.884613 0.187956 0.361582 1.084089 0.554617 0.267669 0.898547
61.000000 0.367358 0.884742 0.187836 0.362095 1.084641 0.554732 0.267864 0.899285
61.200000 0.367155 0.884653 0.187876 0.362635 1.085443 0.554960 0.268133 0.899890
61.400000 0.367214 0.884144 0.188103 0.362943 1.086047 0.554939 0.268384 0.900331
61.600000 0.367174 0.884212 0.188251 0.363341 1.086623 0.554997 0.268661 0.900823
61.800000 0.367267 0.884012 0.188162 0.364000 1.087151 0.555404 0.268923 0.901672
62.000000 0.366884 0.883872 0.188423 0.364385 1.087671 0.555267 0.269151 0.902191
62.200000 0.366993 0.883527 0.188223 0.364911 1.088150 0.555514 0.269347 0.902599
62.400000 0.367155 0.883491 0.188459 0.365509 1.088753 0.555607 0.269648 0.903272
62.600000 0.367253 0.883267 0.188531 0.366072 1.089484 0.555645 0.269834 0.903794
62.800000 0.367076 0.883086 0.188633 0.366441 1.090074 0.555828 0.270103 0.904278
63.000000 0.366908 0.883066 0.188605 0.367072 1.090663 0.555951 0.270377 0.904802
63.200000 0.366953 0.883170 0.188671 0.367309 1.090846 0.555844 0.270401 0.905259
63.400000 0.366840 0.882982 0.188593 0.367784 1.091607 0.556139 0.270743 0.905656
63.600000 0.366570 0.882408 0.188887 0.368288 1.091729 0.556284 0.270947 0.906082
63.800000 0.366607 0.882477 0.188815 0.368759 1.092115 0.556209 0.271138 0.906541
64.000000 0.366401 0.882512 0.188799 0.369021 1.092671 0.556083 0.271320 0.906949
64.200000 0.366347 0.882402 0.188952 0.369470 1.093014 0.556565 0.271521 0.907519
64.400000 0.366126 0.881919 0.189151 0.369904 1.093347 0.556701 0.271664 0.907846
64.600000 0.365926 0.882058 0.189207 0.370246 1.093977 0.556567 0.271851 0.908079
64.800000 0.365846 0.882061 0.189080 0.370873 1.094280 0.556813 0.271950 0.908589
65.000000 0.365465 0.882038 0.189085 0.371155 1.094753 0.557005 0.272418 0.909009
65.200000 0.365157 0.881799 0.189173 0.371518 1.094977 0.556990 0.272421 0.909222
65.400000 0.365213 0.881429 0.189155 0.371961 1.095164 0.556982 0.272584 0.909706
65.600000 0.365057 0.881310 0.189240 0.372192 1.095568 0.557360 0.272685 0.909841
65.800000 0.364985 0.881352 0.189452 0.372477 1.095955 0.557385 0.272905 0.910254
66.000000 0.364742 0.881133 0.189493 0.372948 1.096439 0.557420 0.273067 0.910505
66.200000 0.364782 0.881042 0.189463 0.373364 1.096622 0.557669 0.273160 0.910385
66.400000 0.364553 0.880724 0.189462 0.373750 1.096769 0.557591 0.273407 0.911037
66.600000 0.364580 0.880865 0.189365 0.374116 1.097168 0.557799 0.273507 0.911510
66.800000 0.364296 0.880376 0.188941 0.374043 1.097232 0.557630 0.273536 0.911511
67.000000 0.364668 0.880354 0.189921 0.374940 1.097929 0.558091 0.273892 0.912110
67.200000 0.364541 0.879997 0.189628 0.375328 1.097988 0.557931 0.273681 0.912187
67.400000 0.364454 0.879898 0.189678 0.375773 1.098471 0.558257 0.274186 0.912532
67.600000 0.364419 0.879909 0.189746 0.376065 1.098499 0.558389 0.274435 0.912828
67.800000 0.364318 0.879573 0.189952 0.376368 1.098943 0.558363 0.274445 0.912937
68.000000 0.364218 0.879446 0.189794 0.376617 1.099075 0.558580 0.274594 0.913361
68.200000 0.364073 0.879275 0.189899 0.376948 1.099535 0.558624 0.274685 0.913626
68.400000 0.363967 0.879142 0.189848 0.377369 1.099449 0.558897 0.274819 0.913781
68.600000 0.363662 0.878908 0.190052 0.377766 1.099777 0.558854 0.274954 0.913829
68.800000 0.363387 0.878629 0.189859 0.377913 1.099979 0.558839 0.274997 0.914231
69.000000 0.363483 0.878660 0.189968 0.378385 1.099900 0.558987 0.274985 0.914258
69.200000 0.363321 0.878210 0.190117 0.378696 1.100076 0.559126 0.275000 0.914329
69.400000 0.363503 0.878327 0.189977 0.378894 1.100375 0.559310 0.275006 0.914657
69.600000 0.363451 0.878182 0.190044 0.379290 1.100566 0.559414 0.275310 0.915063
69.800000 0.363338 0.877936 0.190230 0.379629 1.100740 0.559436 0.275563 0.914967
70.000000 0.363385 0.877851 0.190212 0.379812 1.100682 0.559688 0.275609 0.915082
70.200000 0.363299 0.877510 0.190195 0.380064 1.100680 0.559524 0.275657 0.915089
70.400000 0.363364 0.877484 0.190136 0.380337 1.101111 0.559829 0.275845 0.915412
70.600000 0.363363 0.877270 0.190314 0.380694 1.101326 0.559710 0.275950 0.915436
70.800000 0.363183 0.877040 0.190135 0.380591 1.101228 0.559918 0.275966 0.915789
71.000000 0.363168 0.876942 0.190493 0.381187 1.101629 0.559900 0.276034 0.915900
71.200000 0.363138 0.876883 0.190363 0.381476 1.101601 0.560150 0.276292 0.915963
71.400000 0.363117 0.876832 0.190342 0.381779 1.101662 0.560252 0.276278 0.916095
71.600000 0.362724 0.876750 0.190437 0.382220 1.102138 0.560352 0.276404 0.916470
71.800000 0.362902 0.876568 0.190511 0.382231 1.102013 0.560242 0.276439 0.916591
72.000000 0.362808 0.876516 0.190527 0.382547 1.102439 0.560698 0.276617 0.916683
72.200000 0.362728 0.876203 0.190506 0.382834 1.102239 0.560817 0.276736 0.916655
72.400000 0.362727 0.875889 0.190433 0.383119 1.102567 0.560680 0.276681 0.916998
72.600000 0.362572 0.875847 0.190460 0.383401 1.102587 0.560831 0.276651 0.917016
72.800000 0.362462 0.875729 0.190476 0.383718 1.102834 0.560986 0.276804 0.917160
73.000000 0.362507 0.875701 0.190655 0.383614 1.102761 0.561028 0.276719 0.917119
73.200000 0.362326 0.875525 0.190755 0.384083 1.102809 0.560950 0.277008 0.917352
73.400000 0.362301 0.875163 0.190840 0.384250 1.102896 0.561016 0.276821 0.917177
73.600000 0.362307 0.875372 0.190815 0.384672 1.103067 0.561287 0.277008 0.917475
73.800000 0.362232 0.875143 0.190723 0.384953 1.102935 0.561448 0.277220 0.917545
74.000000 0.362172 0.875174 0.190607 0.385260 1.103296 0.561569 0.277263 0.917696
74.200000 0.362074 0.875074 0.190834 0.385369 1.103295 0.561596 0.277353 0.917673
74.400000 0.362079 0.874988 0.190942 0.385711 1.103417 0.561722 0.277451 0.917857
74.600000 0.361905 0.874803 0.190976 0.385845 1.103301 0.561808 0.277457 0.917832
74.800000 0.361928 0.874796 0.190979 0.386289 1.103540 0.561848 0.277411 0.918038
75.000000 0.361853 0.874741 0.190972 0.386138 1.103580 0.561987 0.277653 0.918245
75.200000 0.361658 0.874516 0.191008 0.386552 1.103682 0.562044 0.277647 0.918233
75.400000 0.361753 0.874594 0.191038 0.386709 1.103718 0.562140 0.277674 0.918385
75.600000 0.361655 0.874474 0.191124 0.387005 1.103420 0.562306 0.277607 0.918470
75.800000 0.361636 0.874314 0.191096 0.387535 1.103907 0.562378 0.277817 0.918374
76.000000 0.361415 0.873886 0.191072 0.387458 1.103721 0.562549 0.277827 0.918274
76.200000 0.361584 0.873839 0.191044 0.387710 1.103894 0.562351 0.277587 0.918642
76.400000 0.361468 0.873731 0.191113 0.387729 1.103758 0.562510 0.277845 0.918639
76.600000 0.361400 0.873425 0.191318 0.387911 1.104124 0.562592 0.277782 0.918619
76.800000 0.361316 0.873710 0.191109 0.388277 1.104193 0.562970 0.277777 0.918822
77.000000 0.361204 0.873692 0.191217 0.388367 1.104361 0.562949 0.278031 0.918895
77.200000 0.361217 0.873386 0.191256 0.388725 1.104205 0.562962 0.277988 0.918768
77.400000 0.361130 0.873144 0.191309 0.389128 1.104108 0.563116 0.278134 0.918942
77.600000 0.360994 0.873121 0.191280 0.389106 1.104028 0.563061 0.278032 0.918892
77.800000 0.360904 0.873211 0.191351 0.389304 1.104288 0.563244 0.278054 0.918988
78.000000 0.361058 0.873088 0.191243 0.389362 1.104155 0.563243 0.278176 0.918825
78.200000 0.361083 0.872799 0.191398 0.389587 1.104429 0.563458 0.278181 0.918993
78.400000 0.361109 0.872576 0.191469 0.389764 1.104288 0.563488 0.278274 0.919129
78.600000 0.361159 0.872565 0.191549 0.390088 1.104099 0.563524 0.278305 0.919201
78.800000 0.361057 0.872437 0.191348 0.390035 1.104327 0.563760 0.278192 0.919327
79.000000 0.360896 0.872232 0.191590 0.390390 1.104528 0.563878 0.278329 0.919162
79.200000 0.361300 0.872436 0.191513 0.390720 1.104539 0.563951 0.278403 0.919326
79.400000 0.361399 0.872027 0.191604 0.390848 1.104407 0.563945 0.278381 0.919370
79.600000 0.361274 0.872073 0.191637 0.391021 1.104470 0.564103 0.278575 0.919707
79.800000 0.361029 0.872017 0.191566 0.391196 1.104652 0.564115 0.278401 0.919469
80.000000 0.361214 0.872179 0.191789 0.391464 1.104671 0.564411 0.278504 0.919723
80.200000 0.360936 0.871980 0.191796 0.391617 1.104706 0.564408 0.278561 0.919618
80.400000 0.360883 0.871940 0.191695 0.391865 1.104800 0.564526 0.278600 0.919578
80.600000 0.360628 0.871701 0.191736 0.391920 1.104735 0.564486 0.278533 0.919300
80.800000 0.360691 0.871857 0.191759 0.392084 1.104722 0.564512 0.278595 0.919710
81.000000 0.360325 0.871728 0.191770 0.392597 1.104452 0.564668 0.278592 0.919689
81.200000 0.360166 0.871568 0.191698 0.392740 1.104660 0.564637 0.278875 0.919705
81.400000 0.360038 0.871899 0.191757 0.392759 1.104704 0.564596 0.278475 0.919760
81.600000 0.359842 0.871451 0.191950 0.392833 1.104446 0.565021 0.278723 0.919798
81.800000 0.359718 0.871326 0.191880 0.392953 1.104623 0.564931 0.278648 0.919921
82.000000 0.359623 0.871140 0.191861 0.393186 1.104592 0.565019 0.278660 0.919727
82.200000 0.359553 0.871005 0.191938 0.393284 1.104499 0.565103 0.278689 0.919510
82.400000 0.359745 0.870969 0.191903 0.393415 1.104601 0.565293 0.278687 0.919737
82.600000 0.359683 0.870863 0.191935 0.393490 1.104518 0.565463 0.278684 0.919774
82.800000 0.359533 0.870661 0.191950 0.393831 1.104353 0.565457 0.278481 0.919669
83.000000 0.359861 0.870551 0.191862 0.393881 1.104514 0.565419 0.278744 0.919678
83.200000 0.359721 0.870365 0.191886 0.393775 1.104394 0.565223 0.278723 0.919620
83.400000 0.359983 0.870237 0.192086 0.394048 1.104552 0.565572 0.278752 0.919502
83.600000 0.360048 0.870074 0.192104 0.394163 1.104543 0.565525 0.278699 0.919615
83.800000 0.360205 0.870166 0.192024 0.394346 1.104477 0.565727 0.278757 0.919768
84.000000 0.360194 0.869936 0.191785 0.394552 1.104450 0.565893 0.278780 0.919789
84.200000 0.360251 0.870024 0.192140 0.394712 1.104435 0.565941 0.278916 0.919736
84.400000 0.360189 0.869926 0.192141 0.394831 1.104533 0.565943 0.278824 0.919848
84.600000 0.360156 0.869823 0.192195 0.395002 1.104468 0.565897 0.278760 0.919760
84.800000 0.360195 0.869894 0.192131 0.395111 1.104568 0.566043 0.278893 0.919938
85.000000 0.360211 0.869644 0.192111 0.395170 1.104280 0.566011 0.278914 0.919795
85.200000 0.360111 0.869852 0.192150 0.395432 1.104838 0.566298 0.278887 0.919808
85.400000 0.360358 0.869743 0.192048 0.395548 1.104589 0.566329 0.278848 0.919885
85.600000 0.360112 0.869373 0.192129 0.395697 1.104479 0.566362 0.278818 0.919795
85.800000 0.360318 0.869508 0.192109 0.395882 1.104850 0.566560 0.278826 0.919930
86.000000 0.360358 0.869596 0.192129 0.395867 1.104542 0.566540 0.278714 0.919581
86.200000 0.360395 0.869634 0.192401 0.396129 1.104631 0.566594 0.279062 0.919885
86.400000 0.360268 0.869559 0.192382 0.396366 1.104862 0.566561 0.278880 0.920111
86.600000 0.360327 0.869399 0.192374 0.396332 1.104640 0.566863 0.278890 0.919972
86.800000 0.360423 0.869491 0.192409 0.396709 1.105003 0.566910 0.278994 0.920342
87.000000 0.360113 0.869206 0.192537 0.396877 1.104978 0.567128 0.278984 0.920096
87.200000 0.359924 0.869120 0.192270 0.397010 1.104978 0.567146 0.278897 0.920405
87.400000 0.359994 0.869476 0.192506 0.397289 1.104955 0.567054 0.278933 0.920302
87.600000 0.360091 0.869364 0.192453 0.397229 1.105017 0.567151 0.278947 0.920194
87.800000 0.359833 0.869279 0.192540 0.397447 1.104999 0.567321 0.279002 0.920391
88.000000 0.359854 0.869441 0.192531 0.397531 1.104940 0.567103 0.278968 0.920336
88.200000 0.359952 0.869340 0.192629 0.397723 1.104955 0.567606 0.278966 0.920274
88.400000 0.359836 0.869720 0.192494 0.397856 1.105010 0.567539 0.278969 0.920445
88.600000 0.359764 0.869436 0.192655 0.398023 1.105136 0.567606 0.278850 0.920470
88.800000 0.359885 0.869471 0.192622 0.398199 1.104995 0.567525 0.279036 0.920465
89.000000 0.359811 0.869581 0.192814 0.398160 1.105046 0.567690 0.279214 0.920387
89.200000 0.359669 0.869497 0.192610 0.398414 1.105244 0.567873 0.279005 0.920491
89.400000 0.359872 0.869338 0.192583 0.398611 1.105155 0.567855 0.278933 0.920528
89.600000 0.359876 0.869498 0.192788 0.398678 1.105176 0.567979 0.279018 0.920701
89.800000 0.359666 0.869495 0.192752 0.398844 1.105051 0.568084 0.279012 0.920507
90.000000 0.359679 0.869083 0.192646 0.398906 1.105176 0.568027 0.278987 0.920462
