0.200000 0.051705 0.364155 0.158699 0.171942 0.310831 0.434276 0.180516 0.267416
0.400000 0.051529 0.363627 0.158762 0.171824 0.310007 0.434367 0.180361 0.266787
0.600000 0.051503 0.363375 0.158731 0.171773 0.309452 0.434210 0.180340 0.266355
0.800000 0.051496 0.363134 0.158595 0.171714 0.308870 0.434153 0.180346 0.265895
1.000000 0.051529 0.362983 0.158833 0.171775 0.308391 0.434343 0.180299 0.265666
1.200000 0.051488 0.362450 0.158699 0.171752 0.308061 0.434229 0.180347 0.265318
1.400000 0.051524 0.362524 0.158823 0.171703 0.307540 0.434356 0.180162 0.264930
1.600000 0.051495 0.361975 0.158631 0.171567 0.306870 0.434161 0.180154 0.264665
1.800000 0.051488 0.361833 0.158410 0.171610 0.306416 0.434043 0.180201 0.264252
2.000000 0.051495 0.361776 0.158604 0.171658 0.306078 0.434208 0.179999 0.264007
2.200000 0.051438 0.361454 0.158693 0.171582 0.305536 0.434084 0.180024 0.263577
2.400000 0.051481 0.361230 0.158619 0.171481 0.305135 0.434049 0.179970 0.263305
2.600000 0.051492 0.360919 0.158610 0.171449 0.304624 0.433921 0.179880 0.262756
2.800000 0.051495 0.360450 0.158559 0.171561 0.304199 0.433900 0.179751 0.262659
3.000000 0.051467 0.360269 0.158618 0.171492 0.303660 0.433858 0.179811 0.262267
3.200000 0.051551 0.360256 0.158584 0.171264 0.303319 0.433817 0.179870 0.261880
3.400000 0.051484 0.360020 0.158486 0.171252 0.302635 0.433850 0.179713 0.261657
3.600000 0.051472 0.359832 0.158617 0.171431 0.302186 0.433893 0.179524 0.261219
3.800000 0.051460 0.359513 0.158661 0.171421 0.301690 0.433934 0.179654 0.260986
4.000000 0.051543 0.359236 0.158567 0.171242 0.301247 0.433691 0.179570 0.260546
4.200000 0.051462 0.358970 0.158590 0.171270 0.300941 0.433775 0.179484 0.260219
4.400000 0.051444 0.358911 0.158665 0.171200 0.300455 0.433752 0.179369 0.259854
4.600000 0.051460 0.358682 0.158394 0.171188 0.300050 0.433679 0.179300 0.259540
4.800000 0.051456 0.358283 0.158567 0.171115 0.299583 0.433723 0.179423 0.259201
5.000000 0.051502 0.358146 0.158612 0.171144 0.299149 0.433668 0.179306 0.258905
5.200000 0.051469 0.358090 0.158426 0.171040 0.298589 0.433505 0.179364 0.258567
5.400000 0.051277 0.357674 0.158530 0.171160 0.298291 0.433806 0.179249 0.258216
5.600000 0.051516 0.357569 0.158545 0.171023 0.297942 0.433565 0.179244 0.257910
5.800000 0.051432 0.357284 0.158400 0.171108 0.297378 0.433607 0.179171 0.257668
6.000000 0.051470 0.357190 0.158473 0.170911 0.297063 0.433525 0.179115 0.257129
6.200000 0.051428 0.356880 0.158408 0.171011 0.296329 0.433458 0.179055 0.256982
6.400000 0.051474 0.356737 0.158455 0.170924 0.296142 0.433395 0.179122 0.256620
6.600000 0.051271 0.356232 0.158274 0.170877 0.295395 0.433219 0.178950 0.256146
6.800000 0.051392 0.356023 0.158530 0.170828 0.295033 0.433410 0.178913 0.255976
7.000000 0.051447 0.355985 0.158474 0.170891 0.294592 0.433453 0.178782 0.255615
7.200000 0.051562 0.355826 0.158528 0.170727 0.294196 0.433369 0.178765 0.254988
7.400000 0.051417 0.355556 0.158407 0.170717 0.293830 0.433257 0.178793 0.255030
7.600000 0.051562 0.355182 0.158528 0.170706 0.293416 0.433323 0.178601 0.254686
7.800000 0.051416 0.355144 0.158537 0.170670 0.293102 0.433244 0.178821 0.254214
8.000000 0.051534 0.354927 0.158456 0.170594 0.292804 0.433258 0.178433 0.254075
8.200000 0.051416 0.354829 0.158492 0.170456 0.292164 0.433160 0.178611 0.253732
8.400000 0.051369 0.354540 0.158393 0.170463 0.291617 0.433068 0.178677 0.253550
8.600000 0.051374 0.354396 0.158464 0.170463 0.291165 0.433158 0.178677 0.253255
8.800000 0.051293 0.354258 0.158436 0.170567 0.290943 0.433069 0.178407 0.253129
9.000000 0.051370 0.354028 0.158494 0.170537 0.290634 0.433075 0.178397 0.252557
9.200000 0.051381 0.353773 0.158256 0.170497 0.290201 0.433107 0.178440 0.252482
9.400000 0.051357 0.353630 0.158440 0.170488 0.289817 0.432959 0.178482 0.252175
9.600000 0.051374 0.353507 0.158405 0.170347 0.289519 0.432923 0.178267 0.251884
9.800000 0.051368 0.353279 0.158478 0.170336 0.288953 0.432899 0.178360 0.251481
10.000000 0.051380 0.353072 0.158511 0.170432 0.288563 0.432978 0.178297 0.251177
10.200000 0.051389 0.353078 0.158325 0.170349 0.288366 0.432938 0.178230 0.251075
10.400000 0.051386 0.352721 0.158676 0.170335 0.287839 0.432931 0.178362 0.250916
10.600000 0.051356 0.352499 0.158454 0.170323 0.287557 0.433032 0.178185 0.250536
10.800000 0.051363 0.352469 0.158429 0.170272 0.287083 0.432903 0.178221 0.250208
11.000000 0.051342 0.352027 0.158420 0.170138 0.286792 0.432857 0.178092 0.249986
11.200000 0.051545 0.351955 0.158409 0.170142 0.286543 0.432807 0.177919 0.249715
11.400000 0.051374 0.351660 0.158337 0.170195 0.285952 0.432656 0.177988 0.249400
11.600000 0.051357 0.351679 0.158538 0.170234 0.285738 0.432813 0.177951 0.249050
11.800000 0.051356 0.351487 0.158528 0.170169 0.285396 0.432869 0.178046 0.248866
12.000000 0.051346 0.351126 0.158495 0.170136 0.284824 0.432637 0.177783 0.248662
12.200000 0.051340 0.351194 0.158387 0.170153 0.284699 0.432874 0.177845 0.248560
12.400000 0.051319 0.351060 0.158258 0.170093 0.284312 0.432870 0.177863 0.248236
12.600000 0.051320 0.350787 0.158238 0.170117 0.283866 0.432668 0.177788 0.247867
12.800000 0.051274 0.350629 0.158346 0.170029 0.283561 0.432442 0.177720 0.247580
13.000000 0.051311 0.350453 0.158367 0.170106 0.283071 0.432597 0.177730 0.247442
13.200000 0.051333 0.350164 0.158318 0.169838 0.282757 0.432510 0.177646 0.247127
13.400000 0.051348 0.350155 0.158358 0.170078 0.282561 0.432552 0.177733 0.246835
13.600000 0.051336 0.349899 0.158237 0.169884 0.282280 0.432493 0.177470 0.246470
13.800000 0.051280 0.349785 0.158261 0.169882 0.281922 0.432562 0.177531 0.246527
14.000000 0.051118 0.349635 0.158281 0.169809 0.281591 0.432311 0.177155 0.246121
14.200000 0.051303 0.349475 0.158373 0.169824 0.281264 0.432306 0.177417 0.245947
14.400000 0.051301 0.349406 0.158322 0.169694 0.281016 0.432366 0.177424 0.245704
14.600000 0.051320 0.349185 0.158288 0.169904 0.280689 0.432428 0.177355 0.245391
14.800000 0.051274 0.349172 0.158347 0.169708 0.280360 0.432345 0.177165 0.245248
15.000000 0.051280 0.348914 0.158383 0.169848 0.280005 0.432292 0.177307 0.245001
15.200000 0.051351 0.348691 0.158322 0.169648 0.279663 0.432277 0.177239 0.244825
15.400000 0.051292 0.348548 0.158246 0.169718 0.279363 0.432214 0.177264 0.244600
15.600000 0.051420 0.348249 0.158200 0.169561 0.278788 0.432198 0.177212 0.244398
15.800000 0.051323 0.348354 0.158350 0.169657 0.278701 0.432223 0.177119 0.244271
16.000000 0.051289 0.348144 0.158252 0.169576 0.278429 0.432219 0.177138 0.243920
16.200000 0.051128 0.348023 0.158351 0.169553 0.278239 0.431993 0.176866 0.243626
16.400000 0.051290 0.347795 0.158297 0.169607 0.277802 0.432212 0.177046 0.243498
16.600000 0.051257 0.347687 0.158170 0.169364 0.277556 0.431860 0.176944 0.243156
16.800000 0.051271 0.347588 0.158373 0.169522 0.277220 0.432052 0.176851 0.242975
17.000000 0.051305 0.347175 0.158352 0.169529 0.277005 0.432051 0.177083 0.242809
17.200000 0.051123 0.347313 0.158381 0.169519 0.276727 0.432125 0.176922 0.242580
17.400000 0.051146 0.347000 0.158251 0.169496 0.276426 0.431978 0.176985 0.242419
17.600000 0.051121 0.347127 0.158122 0.169509 0.276173 0.431948 0.176942 0.242168
17.800000 0.051259 0.346915 0.158240 0.169436 0.275871 0.432063 0.176824 0.241887
18.000000 0.051136 0.346726 0.158185 0.169426 0.275520 0.431961 0.176723 0.241757
18.200000 0.051257 0.346627 0.158215 0.169485 0.275239 0.431929 0.176829 0.241548
18.400000 0.051264 0.346486 0.158094 0.169339 0.274836 0.431538 0.176730 0.241374
18.600000 0.051267 0.346322 0.158217 0.169345 0.274723 0.431711 0.176692 0.241160
18.800000 0.051282 0.346175 0.158102 0.169220 0.274322 0.431913 0.176662 0.240938
19.000000 0.051120 0.346001 0.158199 0.169104 0.273920 0.431772 0.176556 0.240674
19.200000 0.051250 0.345878 0.158112 0.169256 0.273842 0.431765 0.176411 0.240439
19.400000 0.051116 0.345732 0.158221 0.169299 0.273577 0.431596 0.176528 0.240260
19.600000 0.051205 0.345548 0.158120 0.169358 0.273283 0.431772 0.176433 0.240129
19.800000 0.051262 0.345562 0.158224 0.169218 0.272859 0.431523 0.176458 0.239846
20.000000 0.051225 0.345181 0.158115 0.169068 0.272644 0.431380 0.176380 0.239648
20.200000 0.051200 0.345250 0.158167 0.169144 0.272479 0.431635 0.176322 0.239512
20.400000 0.051212 0.345032 0.158113 0.169120 0.272168 0.431300 0.176314 0.239270
20.600000 0.051163 0.344976 0.158169 0.169092 0.271883 0.431600 0.176299 0.239043
20.800000 0.051197 0.344690 0.158164 0.169077 0.271637 0.431641 0.176178 0.238906
21.000000 0.051218 0.344753 0.158112 0.169176 0.271359 0.431567 0.176094 0.238718
21.200000 0.051190 0.344574 0.157956 0.168992 0.271127 0.431493 0.176091 0.238532
21.400000 0.051196 0.344261 0.158163 0.168964 0.270752 0.431384 0.176189 0.238234
21.600000 0.051211 0.344281 0.158131 0.169009 0.270539 0.431467 0.176153 0.238135
21.800000 0.051216 0.344174 0.158117 0.169002 0.270071 0.431470 0.176237 0.237990
22.000000 0.051206 0.344130 0.157967 0.168948 0.269984 0.431415 0.176017 0.237725
22.200000 0.051066 0.343801 0.157932 0.168880 0.269647 0.431510 0.176210 0.237439
22.400000 0.051206 0.343809 0.158035 0.168898 0.269517 0.431298 0.176017 0.237359
22.600000 0.051190 0.343632 0.158232 0.168727 0.269214 0.431313 0.176023 0.237016
22.800000 0.051197 0.343493 0.158141 0.168866 0.268999 0.431370 0.175813 0.237112
23.000000 0.051184 0.343602 0.158210 0.168799 0.268614 0.431260 0.175996 0.236760
23.200000 0.051211 0.343452 0.157861 0.168767 0.268454 0.431256 0.175878 0.236645
23.400000 0.051255 0.343145 0.158061 0.168703 0.268207 0.431120 0.175673 0.236225
23.600000 0.051180 0.343127 0.158046 0.168765 0.267653 0.431123 0.175818 0.236256
23.800000 0.051134 0.342930 0.158048 0.168817 0.267746 0.431116 0.175808 0.236084
24.000000 0.051136 0.342774 0.157936 0.168704 0.267455 0.431096 0.175655 0.235801
24.200000 0.051169 0.342730 0.158066 0.168635 0.266977 0.431135 0.175667 0.235680
24.400000 0.051122 0.342468 0.158027 0.168705 0.266961 0.430988 0.175678 0.235552
24.600000 0.051004 0.342523 0.158003 0.168620 0.266708 0.430958 0.175781 0.235341
24.800000 0.051131 0.342553 0.157948 0.168658 0.266314 0.430993 0.175485 0.235086
25.000000 0.051128 0.342222 0.158079 0.168635 0.266201 0.431053 0.175625 0.235113
25.200000 0.051239 0.341963 0.158035 0.168590 0.265728 0.430779 0.175557 0.234797
25.400000 0.050989 0.342035 0.157961 0.168545 0.265759 0.431016 0.175540 0.234584
25.600000 0.051243 0.341835 0.157935 0.168719 0.265446 0.430793 0.175484 0.234407
25.800000 0.051106 0.341794 0.158008 0.168320 0.265268 0.430830 0.175331 0.234278
26.000000 0.051138 0.341767 0.158063 0.168400 0.265009 0.430806 0.175445 0.234088
26.200000 0.050981 0.341502 0.157970 0.168521 0.264791 0.430808 0.175416 0.233837
26.400000 0.051268 0.341440 0.157950 0.168608 0.264515 0.430791 0.175334 0.233617
26.600000 0.050973 0.341478 0.157805 0.168507 0.264300 0.430629 0.175445 0.233566
26.800000 0.051091 0.341123 0.157731 0.168440 0.264117 0.430638 0.175276 0.233356
27.000000 0.051084 0.341033 0.157962 0.168469 0.263814 0.430611 0.175231 0.233187
27.200000 0.051103 0.340916 0.157970 0.168390 0.263541 0.430749 0.175270 0.232905
27.400000 0.051104 0.340847 0.157974 0.168387 0.263324 0.430638 0.175266 0.232888
27.600000 0.051112 0.340831 0.157947 0.168367 0.263168 0.430710 0.175209 0.232716
27.800000 0.050873 0.340574 0.157973 0.168393 0.262806 0.430673 0.175205 0.232672
28.000000 0.050980 0.340451 0.158080 0.168373 0.262648 0.430458 0.175173 0.232376
28.200000 0.050968 0.340292 0.157912 0.168358 0.262411 0.430717 0.175151 0.232214
28.400000 0.050973 0.340513 0.158060 0.168161 0.262154 0.430647 0.174912 0.232072
28.600000 0.051102 0.340189 0.157929 0.168336 0.261870 0.430397 0.175053 0.231586
28.800000 0.050999 0.339980 0.157800 0.168293 0.261729 0.430363 0.174965 0.231689
29.000000 0.051080 0.340024 0.157824 0.168241 0.261471 0.430397 0.174881 0.231485
29.200000 0.051065 0.339867 0.157898 0.168184 0.261200 0.430343 0.174970 0.231336
29.400000 0.051105 0.339764 0.157790 0.168284 0.260888 0.430394 0.174922 0.231246
29.600000 0.051095 0.339526 0.157830 0.168294 0.260829 0.430322 0.174897 0.231051
29.800000 0.051077 0.339396 0.157851 0.168177 0.260488 0.430216 0.174885 0.230876
30.000000 0.051088 0.339496 0.157849 0.168212 0.260403 0.430285 0.174856 0.230602
30.200000 0.051067 0.339224 0.158020 0.168142 0.260140 0.430287 0.174989 0.230457
30.400000 0.051185 0.339192 0.157926 0.168174 0.259935 0.430268 0.174789 0.230470
30.600000 0.051182 0.339179 0.157798 0.168080 0.259820 0.430253 0.174750 0.230130
30.800000 0.051186 0.339202 0.157778 0.168122 0.259531 0.430136 0.174561 0.230078
31.000000 0.051242 0.338976 0.157787 0.168118 0.259285 0.430170 0.174611 0.230035
31.200000 0.051150 0.338870 0.157781 0.168086 0.259205 0.430264 0.174698 0.229652
31.400000 0.051433 0.338634 0.158048 0.168116 0.258904 0.430128 0.174660 0.229580
31.600000 0.051470 0.338580 0.157887 0.168026 0.258491 0.430076 0.174691 0.229421
31.800000 0.051587 0.338541 0.157878 0.168008 0.258450 0.430089 0.174587 0.229253
32.000000 0.051731 0.338301 0.158002 0.167871 0.258284 0.430050 0.174602 0.229092
32.200000 0.051759 0.338295 0.157875 0.168038 0.258243 0.430071 0.174701 0.229138
32.400000 0.052072 0.338228 0.157871 0.168073 0.258099 0.429882 0.174500 0.229092
32.600000 0.052331 0.338202 0.157776 0.168068 0.258120 0.429846 0.174595 0.228936
32.800000 0.052408 0.338041 0.157967 0.168055 0.258131 0.430096 0.174425 0.229119
33.000000 0.052589 0.338248 0.157953 0.168026 0.258135 0.430112 0.174610 0.229138
33.200000 0.052891 0.338229 0.157979 0.168129 0.258464 0.429843 0.174564 0.229136
33.400000 0.053090 0.338227 0.157937 0.168256 0.258397 0.429888 0.174443 0.229257
33.600000 0.053124 0.338364 0.157996 0.168269 0.258589 0.429928 0.174646 0.229400
33.800000 0.053302 0.338315 0.157993 0.168168 0.258845 0.429976 0.174695 0.229551
34.000000 0.053265 0.338557 0.157931 0.168370 0.259001 0.429914 0.174596 0.229793
34.200000 0.053527 0.338644 0.158163 0.168517 0.259473 0.429847 0.174606 0.229999
34.400000 0.053671 0.338792 0.157992 0.168533 0.260000 0.429704 0.174660 0.230155
34.600000 0.053810 0.339330 0.158013 0.168477 0.260224 0.429854 0.174512 0.230579
34.800000 0.053758 0.339355 0.157930 0.168747 0.260763 0.429707 0.174644 0.230771
35.000000 0.054123 0.339922 0.158030 0.168865 0.261141 0.429744 0.174574 0.231192
35.200000 0.054114 0.340232 0.157944 0.168843 0.261717 0.429887 0.174749 0.231411
35.400000 0.054184 0.340727 0.158093 0.169030 0.262325 0.429900 0.174763 0.232005
35.600000 0.054224 0.341017 0.158070 0.169053 0.262787 0.429922 0.174475 0.232390
35.800000 0.054185 0.341414 0.158032 0.169193 0.263416 0.429893 0.174795 0.232798
36.000000 0.054346 0.341887 0.158328 0.169305 0.264035 0.429910 0.174992 0.233243
36.200000 0.054445 0.342416 0.158095 0.169371 0.265029 0.429971 0.174726 0.233644
36.400000 0.054610 0.342878 0.158156 0.169548 0.265375 0.429925 0.174945 0.234076
36.600000 0.054507 0.343618 0.158110 0.169674 0.265989 0.429874 0.174930 0.234639
36.800000 0.054567 0.343989 0.158186 0.169749 0.267015 0.429736 0.174956 0.235142
37.000000 0.054743 0.344712 0.158126 0.169939 0.267721 0.429990 0.175169 0.235604
37.200000 0.054649 0.345343 0.158162 0.170010 0.268531 0.429942 0.175056 0.236234
37.400000 0.054678 0.346230 0.158304 0.170119 0.269392 0.429871 0.175059 0.237174
37.600000 0.054728 0.347396 0.158245 0.170246 0.270567 0.429980 0.175039 0.237808
37.800000 0.054734 0.348141 0.158272 0.170302 0.271590 0.429968 0.175210 0.238491
38.000000 0.054770 0.348694 0.158284 0.170449 0.272308 0.429857 0.175248 0.239101
38.200000 0.054817 0.349810 0.158310 0.170487 0.273289 0.429912 0.175306 0.239857
38.400000 0.054839 0.350503 0.158312 0.170670 0.274229 0.430036 0.175351 0.240409
38.600000 0.054829 0.390510 0.158309 0.170805 0.275362 0.429947 0.175389 0.241057
38.800000 0.054883 0.352576 0.158265 0.171042 0.276058 0.430004 0.175356 0.241408
39.000000 0.054869 0.353490 0.158307 0.170888 0.276970 0.430015 0.175453 0.242164
39.200000 0.055046 0.354444 0.158427 0.171139 0.278284 0.430086 0.175481 0.243177
39.400000 0.054929 0.355290 0.158358 0.171227 0.279143 0.430113 0.175577 0.243908
39.600000 0.055056 0.356393 0.158246 0.171345 0.280214 0.430273 0.175616 0.244631
39.800000 0.054985 0.357468 0.158418 0.171378 0.280983 0.430200 0.175677 0.245277
40.000000 0.054910 0.358514 0.158250 0.171360 0.282264 0.430112 0.175636 0.246055
40.200000 0.055003 0.359634 0.158278 0.171661 0.283235 0.430141 0.175712 0.246866
40.400000 0.055044 0.360715 0.158454 0.171799 0.284564 0.430066 0.175915 0.247607
40.600000 0.055023 0.361747 0.158677 0.171852 0.285529 0.430184 0.175815 0.248411
40.800000 0.055012 0.362855 0.158477 0.171818 0.286648 0.430166 0.175909 0.249255
41.000000 0.054999 0.364057 0.158418 0.172034 0.287899 0.430202 0.176002 0.250024
41.200000 0.055025 0.365228 0.158660 0.172181 0.288938 0.430276 0.175984 0.250703
41.400000 0.055039 0.366379 0.158549 0.172400 0.290123 0.430155 0.176067 0.251682
41.600000 0.054998 0.367609 0.158539 0.172291 0.291187 0.430411 0.175939 0.252386
41.800000 0.055082 0.368950 0.158564 0.172529 0.292375 0.430236 0.176175 0.253384
42.000000 0.055075 0.369906 0.158612 0.172495 0.293602 0.430352 0.176216 0.254216
42.200000 0.054960 0.371313 0.158554 0.172623 0.294789 0.430357 0.176386 0.255017
42.400000 0.055073 0.372511 0.158812 0.172600 0.295972 0.430150 0.176264 0.255941
42.600000 0.054942 0.373797 0.158648 0.172813 0.297115 0.430340 0.176373 0.256822
42.800000 0.055230 0.374878 0.158744 0.172909 0.298375 0.430569 0.176406 0.257574
43.000000 0.055139 0.376280 0.158618 0.173000 0.299415 0.430436 0.176325 0.258561
43.200000 0.055086 0.377510 0.158610 0.173183 0.300776 0.430328 0.176399 0.259534
43.400000 0.055151 0.378798 0.158809 0.172926 0.302035 0.430449 0.176516 0.260276
43.600000 0.055142 0.379949 0.158705 0.173446 0.303288 0.430344 0.176551 0.261340
43.800000 0.055179 0.381384 0.158756 0.173391 0.304657 0.430585 0.176784 0.262178
44.000000 0.055143 0.383183 0.158965 0.173481 0.306174 0.430552 0.176804 0.263397
44.200000 0.055131 0.384439 0.158785 0.173581 0.307233 0.430461 0.176747 0.264358
44.400000 0.055151 0.385713 0.158737 0.173655 0.308707 0.430450 0.176916 0.265195
44.600000 0.055308 0.386944 0.158764 0.173752 0.310139 0.430751 0.176932 0.265964
44.800000 0.055168 0.388198 0.158638 0.173645 0.311129 0.430491 0.176962 0.267000
45.000000 0.055170 0.389476 0.158798 0.173851 0.312352 0.430591 0.177086 0.267903
45.200000 0.055172 0.390859 0.158786 0.174059 0.313604 0.430557 0.177012 0.268838
45.400000 0.055194 0.392150 0.158985 0.174059 0.315056 0.430641 0.177259 0.269713
45.600000 0.055164 0.393319 0.158791 0.174090 0.316215 0.430749 0.177148 0.270469
45.800000 0.055193 0.394677 0.158912 0.174163 0.317416 0.430826 0.177442 0.271536
46.000000 0.055211 0.395861 0.158890 0.174236 0.318479 0.430727 0.177363 0.272440
46.200000 0.055273 0.396885 0.158836 0.174198 0.319947 0.430874 0.177323 0.312444
46.400000 0.055222 0.398042 0.158881 0.174281 0.321241 0.430836 0.177424 0.274281
46.600000 0.055210 0.399407 0.159054 0.174493 0.322510 0.430856 0.177564 0.275160
46.800000 0.055177 0.400665 0.158852 0.174461 0.323706 0.430760 0.177487 0.276092
47.000000 0.055211 0.401914 0.158859 0.174585 0.325008 0.430853 0.177743 0.277016
47.200000 0.055221 0.403102 0.158854 0.174605 0.326275 0.430779 0.177686 0.277963
47.400000 0.055212 0.404246 0.158985 0.174658 0.327475 0.430802 0.177664 0.278882
47.600000 0.055233 0.405533 0.158848 0.174747 0.328669 0.430914 0.177845 0.279799
47.800000 0.055204 0.406695 0.158819 0.174735 0.330022 0.431042 0.177893 0.280699
48.000000 0.055227 0.407758 0.159040 0.174894 0.331178 0.430921 0.177974 0.281601
48.200000 0.055245 0.408972 0.159134 0.174935 0.332425 0.431027 0.177968 0.282528
48.400000 0.055246 0.410081 0.159018 0.175080 0.333599 0.431045 0.178161 0.283292
48.600000 0.055346 0.411258 0.159072 0.175071 0.334926 0.431033 0.177947 0.284304
48.800000 0.055319 0.412311 0.158910 0.175023 0.336081 0.431097 0.178151 0.285143
49.000000 0.055245 0.413374 0.159122 0.175226 0.337277 0.431172 0.178360 0.286113
49.200000 0.055334 0.414552 0.159056 0.175321 0.338566 0.431116 0.178236 0.286949
49.400000 0.055224 0.415582 0.159059 0.175192 0.339599 0.431165 0.178319 0.287841
49.600000 0.055259 0.416483 0.159005 0.175459 0.340796 0.431187 0.178381 0.288835
49.800000 0.055273 0.417655 0.159123 0.175326 0.341958 0.431210 0.178483 0.289614
50.000000 0.055280 0.418774 0.159203 0.175336 0.343244 0.431207 0.178642 0.290499
50.200000 0.055205 0.419709 0.159138 0.175352 0.344338 0.431170 0.178401 0.291398
50.400000 0.055280 0.420935 0.159076 0.175514 0.345733 0.431293 0.178623 0.292255
50.600000 0.055339 0.421739 0.159275 0.175664 0.346891 0.431151 0.178815 0.293193
50.800000 0.055273 0.422957 0.159197 0.175654 0.348120 0.431323 0.178758 0.294130
51.000000 0.055333 0.423830 0.159021 0.175630 0.349274 0.431354 0.178708 0.294990
51.200000 0.055282 0.424898 0.159158 0.175902 0.350466 0.431241 0.178699 0.295826
51.400000 0.055278 0.426001 0.159195 0.175824 0.312617 0.431284 0.178933 0.296720
51.600000 0.055242 0.426604 0.159221 0.175916 0.352746 0.431449 0.178987 0.297511
51.800000 0.055342 0.427567 0.159209 0.175931 0.353818 0.431377 0.179054 0.298373
52.000000 0.055295 0.428642 0.159183 0.175999 0.355031 0.431445 0.179110 0.299372
52.200000 0.055323 0.429657 0.159157 0.175947 0.356104 0.431510 0.179259 0.299907
52.400000 0.055323 0.430381 0.159233 0.175961 0.357348 0.431458 0.179235 0.300797
52.600000 0.055338 0.431342 0.159262 0.176214 0.358026 0.431400 0.179155 0.301740
52.800000 0.055333 0.432181 0.159286 0.176218 0.359461 0.431584 0.179316 0.302517
53.000000 0.055354 0.433170 0.159189 0.176190 0.360469 0.431578 0.179402 0.303210
53.200000 0.055358 0.433853 0.159241 0.176325 0.361521 0.431588 0.179297 0.304151
53.400000 0.055356 0.434623 0.159292 0.176290 0.362656 0.431452 0.179531 0.304940
53.600000 0.055305 0.435478 0.159205 0.176248 0.363354 0.431565 0.179594 0.305669
53.800000 0.055308 0.436383 0.159423 0.176429 0.364690 0.431635 0.179643 0.306402
54.000000 0.055181 0.437130 0.159329 0.176414 0.365813 0.431696 0.179639 0.307316
54.200000 0.055327 0.438060 0.159326 0.176498 0.367018 0.431782 0.179725 0.308163
54.400000 0.055326 0.438583 0.159310 0.176435 0.367898 0.431820 0.179824 0.308892
54.600000 0.055344 0.439588 0.159161 0.176465 0.369006 0.431771 0.179874 0.309694
54.800000 0.055376 0.440269 0.159378 0.176463 0.370055 0.431736 0.179994 0.310462
55.000000 0.055367 0.440957 0.159445 0.176626 0.370945 0.431851 0.179822 0.311220
55.200000 0.055348 0.441677 0.159379 0.176647 0.371913 0.431727 0.179961 0.311941
55.400000 0.055339 0.442381 0.159400 0.176724 0.373126 0.431939 0.180083 0.312730
55.600000 0.055334 0.443079 0.159345 0.176821 0.374047 0.431693 0.180073 0.313502
55.800000 0.055372 0.443698 0.159397 0.176815 0.375050 0.431887 0.180196 0.314057
56.000000 0.055220 0.444353 0.159373 0.176756 0.376114 0.431854 0.180190 0.314868
56.200000 0.055358 0.445175 0.159432 0.176722 0.377023 0.432007 0.180315 0.315608
56.400000 0.055386 0.445750 0.159389 0.176914 0.377992 0.431995 0.180380 0.316448
56.600000 0.055289 0.446576 0.159323 0.176931 0.378950 0.432124 0.180386 0.317189
56.800000 0.055383 0.447205 0.159303 0.176865 0.379788 0.432068 0.180460 0.317974
57.000000 0.055380 0.447882 0.159439 0.176868 0.380656 0.432050 0.180532 0.318566
57.200000 0.055370 0.448512 0.159419 0.177096 0.381743 0.432104 0.180222 0.319064
57.400000 0.055337 0.449061 0.159453 0.177107 0.382570 0.432070 0.180605 0.319882
57.600000 0.055238 0.449617 0.159309 0.177153 0.383497 0.432075 0.180703 0.320733
57.800000 0.055249 0.450165 0.159497 0.177290 0.384367 0.432191 0.180725 0.321193
58.000000 0.055429 0.450810 0.159500 0.177271 0.385182 0.432181 0.180771 0.321955
58.200000 0.055406 0.451359 0.159532 0.177250 0.386058 0.432196 0.180855 0.322328
58.400000 0.055395 0.451964 0.159344 0.177273 0.386827 0.432224 0.180921 0.323051
58.600000 0.055413 0.452553 0.159525 0.177002 0.387896 0.432252 0.180838 0.323671
58.800000 0.055428 0.453023 0.159531 0.177414 0.388699 0.432216 0.181007 0.324466
59.000000 0.055541 0.453345 0.159371 0.177382 0.389581 0.432320 0.181050 0.325043
59.200000 0.055419 0.453951 0.159433 0.177403 0.390434 0.432156 0.181093 0.325697
59.400000 0.055444 0.454528 0.159490 0.177375 0.391224 0.432386 0.181140 0.326180
59.600000 0.055525 0.455031 0.159593 0.177318 0.391918 0.432414 0.181235 0.326957
59.800000 0.055403 0.455566 0.159556 0.177361 0.392868 0.432397 0.181143 0.327501
60.000000 0.055439 0.456232 0.159574 0.177503 0.393662 0.432501 0.181420 0.328124
60.200000 0.055442 0.456464 0.159562 0.177575 0.394452 0.432397 0.181416 0.328712
60.400000 0.055423 0.457047 0.159577 0.177491 0.394561 0.432327 0.181393 0.329311
60.600000 0.055401 0.457477 0.159575 0.177681 0.395979 0.432532 0.181501 0.330025
60.800000 0.055428 0.457971 0.159491 0.177512 0.396808 0.432568 0.181525 0.330370
61.000000 0.055425 0.458400 0.159755 0.177664 0.397574 0.432540 0.181462 0.331062
61.200000 0.055438 0.458794 0.159726 0.177653 0.398406 0.432572 0.181624 0.331560
61.400000 0.055408 0.459204 0.159614 0.177891 0.399111 0.432551 0.181673 0.332333
61.600000 0.055444 0.459634 0.159600 0.177646 0.399696 0.432509 0.181847 0.332757
61.800000 0.055463 0.460029 0.159609 0.177788 0.400581 0.432620 0.181786 0.333276
62.000000 0.055441 0.460634 0.159647 0.177816 0.401279 0.432697 0.181831 0.333818
62.200000 0.055481 0.460927 0.159751 0.177690 0.402003 0.432583 0.181777 0.334451
62.400000 0.055475 0.461400 0.159690 0.177982 0.402682 0.432593 0.182008 0.335034
62.600000 0.055485 0.461819 0.159656 0.177965 0.403466 0.432610 0.181992 0.335491
62.800000 0.055441 0.462242 0.159745 0.177938 0.404143 0.432605 0.182064 0.336123
63.000000 0.055465 0.462573 0.159709 0.178020 0.405017 0.432820 0.182086 0.336430
63.200000 0.055474 0.462830 0.159643 0.177988 0.405647 0.432817 0.182167 0.337105
63.400000 0.055469 0.463221 0.159629 0.178033 0.406227 0.432803 0.182059 0.337412
63.600000 0.055491 0.463600 0.159627 0.177938 0.406836 0.432866 0.182194 0.338050
63.800000 0.055456 0.464117 0.159506 0.178036 0.407599 0.432874 0.182273 0.338405
64.000000 0.055482 0.464336 0.159680 0.178152 0.408130 0.432671 0.182309 0.338923
64.200000 0.055478 0.464712 0.159857 0.178168 0.408790 0.432935 0.182183 0.339382
64.400000 0.055484 0.464991 0.159719 0.178142 0.409536 0.432832 0.182416 0.339995
64.600000 0.055486 0.465395 0.159679 0.178157 0.410067 0.432974 0.182464 0.340440
64.800000 0.055464 0.465843 0.159838 0.178109 0.410828 0.432954 0.182536 0.340750
65.000000 0.055507 0.466093 0.159698 0.178254 0.411415 0.433001 0.182594 0.341384
65.200000 0.055467 0.466376 0.159865 0.178311 0.412051 0.433022 0.182649 0.341834
65.400000 0.055456 0.466748 0.159747 0.178286 0.412636 0.433013 0.182517 0.342386
65.600000 0.055519 0.466921 0.159701 0.178331 0.413211 0.432916 0.182757 0.342570
65.800000 0.055474 0.467333 0.159852 0.178249 0.413714 0.433131 0.182925 0.343164
66.000000 0.055338 0.467442 0.159729 0.178356 0.414335 0.433123 0.182731 0.343598
66.200000 0.055484 0.467946 0.159699 0.178437 0.414994 0.433124 0.182925 0.344045
66.400000 0.055453 0.467995 0.159764 0.178306 0.415508 0.433122 0.182899 0.344432
66.600000 0.055504 0.468494 0.159901 0.178491 0.415812 0.433139 0.182824 0.344890
66.800000 0.055401 0.468625 0.159720 0.178524 0.416598 0.433195 0.182946 0.345241
67.000000 0.055461 0.468804 0.159820 0.178381 0.417079 0.433335 0.183070 0.345737
67.200000 0.055445 0.469238 0.159821 0.178493 0.417690 0.433093 0.182953 0.345812
67.400000 0.055457 0.469620 0.159793 0.178645 0.418260 0.433052 0.183139 0.346375
67.600000 0.055448 0.469795 0.159851 0.178620 0.418838 0.433226 0.183217 0.346884
67.800000 0.055420 0.469983 0.159906 0.178611 0.419337 0.433272 0.183132 0.347286
68.000000 0.055457 0.470284 0.159898 0.178620 0.419856 0.433265 0.183235 0.347712
68.200000 0.055454 0.470480 0.159881 0.178759 0.420370 0.433210 0.183334 0.348026
68.400000 0.055482 0.470690 0.159639 0.178774 0.420725 0.433354 0.183322 0.348409
68.600000 0.055474 0.471162 0.159768 0.178784 0.421301 0.433211 0.183371 0.348894
68.800000 0.055466 0.471283 0.159659 0.178772 0.421996 0.433458 0.183672 0.349225
69.000000 0.055451 0.471540 0.159808 0.178731 0.422460 0.433469 0.183529 0.349507
69.200000 0.055422 0.471737 0.159881 0.178807 0.422953 0.433357 0.183674 0.349953
69.400000 0.055462 0.471844 0.159833 0.178796 0.423420 0.433387 0.183612 0.350191
69.600000 0.055465 0.472252 0.159883 0.178919 0.423871 0.433522 0.183611 0.350798
69.800000 0.055463 0.472356 0.159822 0.178859 0.424310 0.433514 0.183641 0.350989
70.000000 0.055456 0.472446 0.159702 0.178829 0.424708 0.433648 0.183737 0.351318
70.200000 0.055416 0.472605 0.160020 0.178879 0.425149 0.433593 0.183745 0.351651
70.400000 0.055447 0.473012 0.159834 0.178887 0.425600 0.433610 0.183629 0.352141
70.600000 0.055453 0.473207 0.159786 0.178894 0.426027 0.433608 0.183904 0.352333
70.800000 0.055452 0.473397 0.159874 0.178946 0.426490 0.433597 0.184003 0.352681
71.000000 0.055414 0.473723 0.159966 0.178769 0.427073 0.433772 0.183883 0.352939
71.200000 0.055288 0.473788 0.159929 0.178980 0.427475 0.433667 0.183930 0.353243
71.400000 0.055398 0.473813 0.159904 0.179011 0.427946 0.433530 0.184156 0.353681
71.600000 0.055424 0.474011 0.159796 0.179111 0.428326 0.433751 0.184110 0.354118
71.800000 0.055429 0.474192 0.159960 0.179064 0.428659 0.433676 0.184096 0.354282
72.000000 0.055431 0.474572 0.159938 0.179132 0.429214 0.433807 0.184121 0.354558
72.200000 0.055438 0.474691 0.159963 0.179084 0.429453 0.433765 0.183908 0.354895
72.400000 0.055531 0.474783 0.160030 0.179096 0.429861 0.433756 0.184252 0.355190
72.600000 0.055427 0.474940 0.159929 0.179154 0.430384 0.433630 0.184318 0.355501
72.800000 0.055451 0.475157 0.160040 0.179157 0.430616 0.432900 0.184279 0.355809
73.000000 0.055529 0.475438 0.159815 0.179172 0.431110 0.433900 0.184441 0.356075
73.200000 0.055451 0.475496 0.160001 0.179211 0.431426 0.433708 0.184390 0.356346
73.400000 0.055250 0.475515 0.159814 0.179204 0.431867 0.433728 0.184462 0.356651
73.600000 0.055488 0.475771 0.159928 0.179230 0.432317 0.433947 0.184506 0.356987
73.800000 0.055426 0.475977 0.159973 0.179181 0.432695 0.433906 0.184501 0.357189
74.000000 0.055430 0.476080 0.160007 0.179423 0.432961 0.433942 0.184500 0.357485
74.200000 0.055420 0.475944 0.159950 0.179273 0.433412 0.433890 0.184485 0.357754
74.400000 0.055420 0.476506 0.160047 0.179306 0.433744 0.434110 0.184542 0.358098
74.600000 0.055445 0.476600 0.160003 0.179153 0.434417 0.434095 0.184516 0.358353
74.800000 0.055439 0.476695 0.160020 0.179371 0.434582 0.434067 0.184636 0.358618
75.000000 0.055462 0.476877 0.160209 0.179335 0.434940 0.434031 0.184780 0.358759
75.200000 0.055430 0.477115 0.159977 0.179436 0.435283 0.434091 0.184648 0.359101
75.400000 0.055454 0.477165 0.159971 0.179386 0.435681 0.434104 0.184622 0.359268
75.600000 0.055420 0.477351 0.160011 0.179390 0.436074 0.434055 0.184879 0.359623
75.800000 0.055515 0.477361 0.160015 0.179560 0.436289 0.434061 0.184890 0.359896
76.000000 0.055430 0.477712 0.160033 0.179449 0.436471 0.434223 0.184943 0.359929
76.200000 0.055442 0.477475 0.159832 0.179456 0.436956 0.434169 0.185025 0.360384
76.400000 0.055316 0.477825 0.160217 0.179479 0.437293 0.434245 0.185023 0.360466
76.600000 0.055432 0.477969 0.159956 0.179507 0.437510 0.434209 0.184941 0.360811
76.800000 0.055541 0.478137 0.159933 0.179449 0.438048 0.434274 0.184972 0.361120
77.000000 0.055307 0.478279 0.160023 0.179642 0.438194 0.434313 0.185176 0.361285
77.200000 0.055447 0.478236 0.160034 0.179564 0.438389 0.434299 0.185127 0.361506
77.400000 0.055478 0.478459 0.159925 0.179563 0.438799 0.434234 0.185185 0.361745
77.600000 0.055364 0.478360 0.159854 0.179386 0.438989 0.434089 0.185011 0.361730
77.800000 0.055116 0.478385 0.159901 0.179431 0.439246 0.434166 0.184961 0.362025
78.000000 0.055310 0.478801 0.160049 0.179619 0.439813 0.434374 0.185357 0.362507
78.200000 0.055425 0.478835 0.160126 0.179715 0.440028 0.434291 0.185388 0.362704
78.400000 0.055392 0.479061 0.160112 0.179610 0.440492 0.434417 0.185290 0.362936
78.600000 0.055454 0.479105 0.160109 0.179789 0.440579 0.434434 0.185294 0.363019
78.800000 0.055435 0.479222 0.160198 0.179648 0.440863 0.434486 0.185140 0.363001
79.000000 0.055427 0.479310 0.160153 0.179739 0.441193 0.434454 0.185487 0.363616
79.200000 0.055434 0.479358 0.159940 0.179759 0.441416 0.434520 0.185428 0.363679
79.400000 0.055447 0.479540 0.160108 0.179757 0.441718 0.434478 0.185620 0.363901
79.600000 0.055310 0.479735 0.160103 0.179803 0.442012 0.434502 0.185620 0.364103
79.800000 0.055459 0.479611 0.160081 0.179644 0.442166 0.434429 0.185630 0.364378
80.000000 0.055467 0.479790 0.160143 0.179863 0.442494 0.434436 0.185553 0.364426
80.200000 0.055453 0.479851 0.159931 0.179855 0.442764 0.434464 0.185730 0.364543
80.400000 0.055474 0.479968 0.160217 0.180053 0.443003 0.434651 0.185769 0.364721
80.600000 0.055476 0.479936 0.160112 0.180051 0.443180 0.434659 0.185760 0.365042
80.800000 0.055424 0.480065 0.160213 0.179892 0.443288 0.434622 0.185701 0.365280
81.000000 0.055429 0.480126 0.160207 0.179759 0.443547 0.434648 0.185823 0.365328
81.200000 0.055473 0.480248 0.160114 0.179949 0.443840 0.434638 0.185764 0.365715
81.400000 0.055478 0.480339 0.160150 0.179962 0.444067 0.434589 0.185932 0.365661
81.600000 0.055445 0.480627 0.160183 0.179920 0.444314 0.434721 0.185935 0.365799
81.800000 0.055465 0.480470 0.160119 0.180053 0.444441 0.434721 0.185841 0.366021
82.000000 0.055467 0.480522 0.160137 0.180044 0.444592 0.434775 0.185932 0.366140
82.200000 0.055412 0.480528 0.160349 0.179963 0.444908 0.434861 0.186112 0.366282
82.400000 0.055471 0.480675 0.160192 0.179999 0.445184 0.434761 0.186025 0.366457
82.600000 0.055459 0.480740 0.160240 0.180188 0.445395 0.434821 0.186134 0.366667
82.800000 0.055438 0.480904 0.160319 0.179915 0.445690 0.434643 0.186278 0.366691
83.000000 0.055289 0.480805 0.160314 0.180191 0.445781 0.434752 0.186226 0.366934
83.200000 0.055493 0.481014 0.160197 0.179923 0.445950 0.434892 0.186225 0.366975
83.400000 0.055466 0.481089 0.160347 0.180017 0.446036 0.434800 0.186198 0.367187
83.600000 0.055461 0.481022 0.160193 0.180148 0.446379 0.434864 0.186284 0.367351
83.800000 0.055464 0.481130 0.160326 0.180141 0.446476 0.434741 0.186280 0.367583
84.000000 0.055459 0.481131 0.160361 0.180179 0.446630 0.434902 0.186458 0.367492
84.200000 0.055431 0.481175 0.160275 0.180056 0.446779 0.434966 0.186361 0.367754
84.400000 0.055472 0.481525 0.160111 0.180131 0.447145 0.434806 0.186350 0.367865
84.600000 0.055481 0.481311 0.160298 0.180064 0.447290 0.434958 0.186303 0.368010
84.800000 0.055479 0.481426 0.160102 0.180048 0.447497 0.434904 0.186492 0.368174
85.000000 0.055454 0.481467 0.160357 0.180122 0.447683 0.435017 0.186601 0.368307
85.200000 0.055476 0.481535 0.160252 0.180200 0.447831 0.434898 0.186474 0.368409
85.400000 0.055439 0.481642 0.160242 0.180082 0.447976 0.435167 0.186496 0.368537
85.600000 0.055445 0.481781 0.160255 0.180303 0.448031 0.434932 0.186521 0.368704
85.800000 0.055400 0.481691 0.160273 0.180278 0.448214 0.435043 0.186587 0.368934
86.000000 0.055453 0.481870 0.160275 0.180127 0.448466 0.435106 0.186726 0.369064
86.200000 0.055457 0.481965 0.160331 0.180289 0.448715 0.435274 0.186444 0.368832
86.400000 0.055469 0.482006 0.160230 0.180243 0.448832 0.435104 0.186676 0.369259
86.600000 0.055467 0.482068 0.160273 0.180510 0.449131 0.435221 0.186766 0.369374
86.800000 0.055521 0.482069 0.160315 0.180373 0.449308 0.435202 0.186681 0.369515
87.000000 0.055530 0.482079 0.160283 0.180244 0.449452 0.435085 0.186652 0.369631
87.200000 0.055457 0.482318 0.160261 0.180331 0.449551 0.435062 0.186885 0.369720
87.400000 0.055500 0.482280 0.160238 0.180404 0.449773 0.435076 0.186826 0.369845
87.600000 0.055472 0.482203 0.160338 0.180217 0.449970 0.435241 0.186843 0.369958
87.800000 0.055569 0.482223 0.160362 0.180415 0.450124 0.435247 0.186876 0.369926
88.000000 0.055501 0.482391 0.160177 0.180368 0.450027 0.435230 0.186847 0.370184
88.200000 0.055491 0.482469 0.160356 0.180286 0.450392 0.435128 0.186870 0.370244
88.400000 0.055500 0.482474 0.160319 0.180410 0.450525 0.435196 0.186787 0.370429
88.600000 0.055517 0.482632 0.160300 0.180444 0.450521 0.435189 0.186933 0.370485
88.800000 0.055399 0.482574 0.160303 0.180450 0.450817 0.435334 0.187007 0.370777
89.000000 0.055456 0.482584 0.160465 0.180451 0.451004 0.435299 0.187030 0.370752
89.200000 0.055451 0.482643 0.160282 0.180489 0.451072 0.435345 0.187018 0.370673
89.400000 0.055476 0.482724 0.160344 0.180537 0.451260 0.435411 0.186943 0.370845
89.600000 0.055458 0.482676 0.160305 0.180339 0.451487 0.435411 0.187064 0.371026
89.800000 0.055489 0.482687 0.160367 0.180487 0.451445 0.435181 0.187014 0.371040
90.000000 0.055480 0.482837 0.160283 0.180578 0.451653 0.435481 0.187127 0.371103
