0.200000 0.152700 0.420254 0.193472 0.234634 0.476663 0.444593 0.218691 0.401207
0.400000 0.152432 0.419200 0.193099 0.234112 0.474677 0.444474 0.218390 0.399771
0.600000 0.152314 0.418668 0.193246 0.233965 0.473352 0.444257 0.218432 0.398727
0.800000 0.152336 0.418453 0.192958 0.233826 0.471998 0.444205 0.218485 0.397857
1.000000 0.152320 0.417591 0.193150 0.233471 0.470832 0.444152 0.218272 0.396736
1.200000 0.152115 0.417165 0.192878 0.233383 0.469659 0.444323 0.218098 0.395950
1.400000 0.152224 0.416585 0.193160 0.233163 0.468305 0.444214 0.218063 0.395017
1.600000 0.152161 0.416119 0.192967 0.233021 0.467094 0.444298 0.217992 0.394061
1.800000 0.152146 0.415457 0.193083 0.232722 0.465785 0.444138 0.217819 0.393081
2.000000 0.152103 0.415168 0.192906 0.232682 0.464503 0.444168 0.217890 0.392239
2.200000 0.152043 0.414639 0.193013 0.232285 0.463459 0.444151 0.217747 0.391219
2.400000 0.152047 0.414345 0.192828 0.232154 0.462073 0.444034 0.217817 0.390351
2.600000 0.151953 0.413637 0.192959 0.231922 0.460978 0.443949 0.217645 0.389547
2.800000 0.151957 0.413194 0.192845 0.231892 0.459836 0.443912 0.217544 0.388768
3.000000 0.151908 0.412621 0.192829 0.231538 0.458632 0.443900 0.217465 0.387750
3.200000 0.151913 0.412402 0.192772 0.231573 0.457386 0.443950 0.217398 0.386879
3.400000 0.151690 0.411940 0.192578 0.231289 0.456166 0.443806 0.217258 0.385792
3.600000 0.151800 0.411506 0.192823 0.231019 0.455101 0.443756 0.217400 0.384986
3.800000 0.151773 0.411018 0.192606 0.230989 0.453886 0.443861 0.217277 0.384126
4.000000 0.151705 0.410491 0.192819 0.230854 0.452766 0.443794 0.217094 0.383377
4.200000 0.151693 0.410196 0.192699 0.230641 0.451565 0.443849 0.217082 0.382537
4.400000 0.151663 0.409815 0.192698 0.230393 0.450583 0.443878 0.216895 0.381483
4.600000 0.151616 0.409154 0.192639 0.230333 0.449346 0.443814 0.216682 0.380737
4.800000 0.151578 0.408826 0.192701 0.230222 0.448291 0.443594 0.216733 0.379894
5.000000 0.151374 0.408456 0.192633 0.229654 0.447194 0.443724 0.216541 0.379175
5.200000 0.151425 0.408015 0.192490 0.229620 0.445909 0.443456 0.216540 0.378181
5.400000 0.151492 0.407578 0.192669 0.229555 0.445150 0.443676 0.216399 0.377439
5.600000 0.151373 0.407243 0.192488 0.229352 0.443777 0.443685 0.216410 0.376695
5.800000 0.151261 0.406648 0.192418 0.229334 0.442767 0.443544 0.216345 0.375828
6.000000 0.151363 0.406411 0.192547 0.229173 0.441735 0.443499 0.216324 0.375047
6.200000 0.151325 0.405896 0.192544 0.229018 0.440704 0.443534 0.216167 0.374242
6.400000 0.151337 0.405635 0.192497 0.228835 0.439450 0.443488 0.216165 0.373365
6.600000 0.151363 0.405067 0.192424 0.228584 0.438313 0.443510 0.216029 0.372412
6.800000 0.151185 0.404801 0.192359 0.228372 0.437034 0.443384 0.215790 0.371656
7.000000 0.151129 0.404207 0.192379 0.228413 0.436228 0.443365 0.215834 0.370845
7.200000 0.151151 0.403754 0.192293 0.228292 0.435111 0.443353 0.215827 0.369945
7.400000 0.151121 0.403462 0.192255 0.227876 0.434066 0.443148 0.215751 0.369190
7.600000 0.151209 0.403065 0.191990 0.227561 0.433011 0.443264 0.215494 0.368649
7.800000 0.151027 0.402806 0.192177 0.227588 0.432011 0.443383 0.215511 0.367937
8.000000 0.150962 0.402287 0.192199 0.227502 0.430957 0.443344 0.215529 0.366874
8.200000 0.150970 0.402202 0.192008 0.227502 0.430022 0.443214 0.215363 0.366294
8.400000 0.150800 0.401661 0.192114 0.227168 0.429186 0.442987 0.215449 0.365471
8.600000 0.151055 0.401456 0.192376 0.226913 0.428133 0.443071 0.215375 0.364697
8.800000 0.150872 0.400955 0.192116 0.226889 0.427145 0.443128 0.215111 0.364138
9.000000 0.150840 0.400803 0.191892 0.226631 0.426109 0.442916 0.215073 0.363295
9.200000 0.150843 0.400310 0.192052 0.226611 0.425344 0.443041 0.214994 0.362842
9.400000 0.150812 0.399669 0.191947 0.226303 0.424310 0.443015 0.214969 0.361959
9.600000 0.150784 0.399568 0.191957 0.226257 0.423419 0.442994 0.214930 0.361322
9.800000 0.150716 0.399199 0.192194 0.226173 0.422525 0.442898 0.214839 0.360692
10.000000 0.150743 0.398908 0.192027 0.226067 0.421473 0.442952 0.214621 0.359902
10.200000 0.150679 0.398573 0.192034 0.225908 0.420701 0.442815 0.214831 0.359381
10.400000 0.150630 0.398166 0.192106 0.225792 0.419879 0.442872 0.214690 0.358716
10.600000 0.150613 0.397745 0.192064 0.225565 0.418733 0.442882 0.214641 0.358005
10.800000 0.150589 0.397643 0.191984 0.225493 0.417970 0.442851 0.214397 0.357272
11.000000 0.150543 0.396973 0.191857 0.225514 0.417039 0.442793 0.214394 0.356668
11.200000 0.150534 0.396784 0.192013 0.225253 0.416258 0.442689 0.214312 0.355889
11.400000 0.150477 0.396447 0.191810 0.225076 0.415223 0.442731 0.214376 0.355349
11.600000 0.150558 0.396287 0.191817 0.224839 0.414477 0.442661 0.214182 0.354710
11.800000 0.150355 0.395962 0.191782 0.224741 0.413688 0.442652 0.214182 0.353875
12.000000 0.150375 0.395539 0.191750 0.224711 0.412791 0.442722 0.214186 0.353452
12.200000 0.150415 0.395276 0.191882 0.224593 0.411865 0.442769 0.213669 0.352921
12.400000 0.150356 0.395114 0.191942 0.224426 0.411015 0.442509 0.213859 0.352148
12.600000 0.150297 0.394660 0.191665 0.224257 0.410083 0.442592 0.213928 0.351371
12.800000 0.150273 0.393997 0.191687 0.224157 0.409344 0.442393 0.213714 0.350656
13.000000 0.150348 0.394118 0.191765 0.224002 0.408598 0.442360 0.213746 0.350264
13.200000 0.150213 0.393821 0.191760 0.223964 0.407631 0.442363 0.213514 0.349611
13.400000 0.150191 0.393500 0.191673 0.223787 0.407009 0.442448 0.213568 0.349108
13.600000 0.150180 0.393228 0.191556 0.223609 0.406219 0.442387 0.213334 0.348611
13.800000 0.149995 0.393003 0.191795 0.223529 0.405319 0.442379 0.213428 0.348035
14.000000 0.150105 0.392693 0.191667 0.223456 0.404630 0.442308 0.213340 0.347416
14.200000 0.150083 0.392447 0.191560 0.223267 0.404023 0.442308 0.213227 0.346918
14.400000 0.150096 0.392199 0.191555 0.223286 0.403391 0.442347 0.213208 0.346266
14.600000 0.150038 0.391896 0.191514 0.222971 0.402526 0.442340 0.213282 0.345636
14.800000 0.150047 0.391668 0.191602 0.222853 0.401847 0.442265 0.213101 0.345263
15.000000 0.149851 0.391355 0.191523 0.222886 0.401028 0.442245 0.212909 0.344831
15.200000 0.149874 0.391038 0.191523 0.222650 0.400440 0.442275 0.212815 0.344147
15.400000 0.149905 0.390844 0.191577 0.222700 0.399376 0.442081 0.212851 0.343540
15.600000 0.149891 0.390606 0.191603 0.222576 0.398989 0.442122 0.212739 0.343085
15.800000 0.149880 0.390080 0.191591 0.222458 0.398333 0.442009 0.212774 0.342603
16.000000 0.149882 0.390120 0.191507 0.222402 0.397528 0.442192 0.212691 0.342039
16.200000 0.149795 0.389667 0.191539 0.222249 0.396956 0.442116 0.212617 0.341567
16.400000 0.149795 0.389435 0.191484 0.222025 0.396161 0.442034 0.212594 0.341050
16.600000 0.149802 0.389386 0.191545 0.222163 0.395622 0.441829 0.212337 0.340499
16.800000 0.149792 0.389097 0.191761 0.221914 0.394791 0.441975 0.212488 0.340041
17.000000 0.149724 0.388712 0.191488 0.221821 0.394152 0.441952 0.212380 0.339362
17.200000 0.149722 0.388448 0.191446 0.221671 0.393647 0.441756 0.212314 0.339029
17.400000 0.149569 0.388343 0.191373 0.221598 0.392816 0.441922 0.212250 0.338574
17.600000 0.149675 0.388138 0.191442 0.221486 0.392162 0.441843 0.212218 0.338029
17.800000 0.149675 0.387732 0.191626 0.221295 0.391422 0.441815 0.211998 0.337547
18.000000 0.149449 0.387511 0.191198 0.221128 0.390809 0.441825 0.212021 0.337057
18.200000 0.149580 0.387355 0.191242 0.221227 0.390273 0.441767 0.211982 0.336598
18.400000 0.149596 0.387144 0.191423 0.221083 0.389701 0.441623 0.212094 0.336130
18.600000 0.149685 0.386810 0.191296 0.220876 0.388911 0.441644 0.211880 0.335586
18.800000 0.149585 0.386798 0.191377 0.220940 0.388311 0.441617 0.211800 0.335190
19.000000 0.149384 0.386311 0.191178 0.220708 0.387451 0.441602 0.211766 0.334556
19.200000 0.149377 0.386097 0.191213 0.220420 0.386952 0.441666 0.211707 0.334076
19.400000 0.149439 0.385943 0.191302 0.220546 0.386149 0.441741 0.211601 0.333478
19.600000 0.149450 0.385625 0.191463 0.220488 0.385627 0.441518 0.211745 0.333123
19.800000 0.149452 0.385308 0.191105 0.220477 0.384926 0.441527 0.211577 0.332670
20.000000 0.149401 0.385137 0.191299 0.220251 0.384242 0.441707 0.211473 0.332167
20.200000 0.149397 0.384958 0.191321 0.220144 0.383628 0.441383 0.211443 0.331576
20.400000 0.149232 0.384758 0.191112 0.220082 0.383095 0.441561 0.211448 0.331132
20.600000 0.149501 0.384338 0.191332 0.219945 0.382804 0.441359 0.211281 0.330958
20.800000 0.149332 0.384326 0.191110 0.219828 0.381997 0.441308 0.211234 0.330326
21.000000 0.149298 0.384207 0.191303 0.219831 0.381404 0.441405 0.211223 0.329933
21.200000 0.149294 0.383989 0.191051 0.219682 0.380657 0.441352 0.211037 0.329361
21.400000 0.149244 0.383635 0.191144 0.219612 0.380267 0.441373 0.211101 0.329017
21.600000 0.149098 0.383440 0.191113 0.219364 0.379568 0.441306 0.210886 0.328612
21.800000 0.149365 0.383250 0.191264 0.219294 0.379018 0.441351 0.210958 0.328270
22.000000 0.149108 0.382987 0.191221 0.219331 0.378407 0.441300 0.210739 0.327850
22.200000 0.149156 0.382825 0.191126 0.219363 0.377858 0.441227 0.210821 0.327376
22.400000 0.149132 0.382651 0.190887 0.219016 0.377303 0.441108 0.210760 0.326885
22.600000 0.149100 0.382286 0.190914 0.219097 0.376722 0.441309 0.210522 0.326515
22.800000 0.149104 0.382240 0.191047 0.218940 0.376171 0.441256 0.210780 0.326219
23.000000 0.149091 0.381979 0.191023 0.218960 0.375606 0.441237 0.210546 0.325775
23.200000 0.149046 0.381902 0.190955 0.218724 0.374994 0.441030 0.210389 0.325034
23.400000 0.149037 0.381475 0.191020 0.218583 0.374509 0.441114 0.210491 0.324901
23.600000 0.149046 0.381419 0.190999 0.218520 0.373976 0.441119 0.210420 0.324504
23.800000 0.148943 0.381063 0.191008 0.218601 0.373502 0.440980 0.210314 0.324053
24.000000 0.149010 0.380862 0.191017 0.218074 0.372915 0.441042 0.210273 0.323517
24.200000 0.148938 0.380791 0.191000 0.218312 0.372423 0.440853 0.210233 0.323255
24.400000 0.148784 0.380602 0.190898 0.218218 0.371818 0.440955 0.210189 0.322745
24.600000 0.148783 0.380392 0.190949 0.218221 0.371288 0.440961 0.210266 0.322483
24.800000 0.148909 0.380218 0.190834 0.217959 0.370711 0.440903 0.210041 0.322003
25.000000 0.148870 0.380024 0.190814 0.218111 0.370315 0.440868 0.210079 0.321717
25.200000 0.148858 0.379685 0.190980 0.217922 0.369454 0.440861 0.210036 0.321041
25.400000 0.148821 0.379497 0.190868 0.217876 0.369096 0.440775 0.209877 0.320814
25.600000 0.148781 0.379217 0.190671 0.217711 0.368422 0.440819 0.209664 0.320423
25.800000 0.148650 0.379130 0.190738 0.217685 0.367981 0.440756 0.209771 0.320000
26.000000 0.148918 0.378988 0.190876 0.217730 0.367553 0.440729 0.209690 0.319809
26.200000 0.148755 0.378852 0.190916 0.217566 0.367048 0.440682 0.209632 0.319313
26.400000 0.148723 0.378701 0.190790 0.217403 0.366368 0.440745 0.209624 0.318919
26.600000 0.148702 0.378411 0.190838 0.217378 0.366151 0.440633 0.209581 0.318515
26.800000 0.148672 0.378230 0.190759 0.217212 0.365473 0.440606 0.209441 0.318213
27.000000 0.148650 0.378025 0.191023 0.217105 0.364984 0.440611 0.209434 0.317765
27.200000 0.148507 0.377947 0.190586 0.217104 0.364515 0.440516 0.209389 0.317435
27.400000 0.148609 0.377547 0.190578 0.216846 0.363966 0.440607 0.209222 0.316936
27.600000 0.148612 0.377474 0.190734 0.216834 0.363651 0.440492 0.209330 0.316687
27.800000 0.148608 0.377211 0.190762 0.216768 0.363125 0.440376 0.209293 0.316375
28.000000 0.148548 0.377320 0.190648 0.216841 0.362555 0.440370 0.209045 0.315940
28.200000 0.148543 0.376921 0.190792 0.216602 0.361823 0.440469 0.209088 0.315609
28.400000 0.148345 0.376844 0.190831 0.216628 0.361633 0.440497 0.209055 0.315112
28.600000 0.148445 0.376436 0.190644 0.216634 0.361064 0.440249 0.208998 0.314962
28.800000 0.148463 0.376400 0.190485 0.216462 0.360668 0.440329 0.208863 0.314550
29.000000 0.148437 0.376247 0.190640 0.216316 0.360107 0.440338 0.208821 0.314199
29.200000 0.148417 0.375876 0.190574 0.216265 0.359792 0.440365 0.208852 0.313863
29.400000 0.148420 0.375957 0.190715 0.216275 0.359247 0.440328 0.208753 0.313484
29.600000 0.148389 0.375733 0.190570 0.216112 0.358788 0.440209 0.208613 0.313211
29.800000 0.148363 0.375557 0.190721 0.215964 0.358127 0.440065 0.208755 0.312876
30.000000 0.148366 0.375416 0.190538 0.216017 0.357881 0.440189 0.208712 0.312633
30.200000 0.148186 0.375171 0.190375 0.215675 0.357482 0.440187 0.208578 0.311987
30.400000 0.148274 0.375212 0.190502 0.215845 0.357035 0.440188 0.208609 0.311863
30.600000 0.148370 0.374988 0.190468 0.215910 0.356540 0.439930 0.208519 0.311478
30.800000 0.148878 0.374761 0.190466 0.215677 0.356096 0.439975 0.208473 0.310974
31.000000 0.150291 0.374693 0.190550 0.215706 0.355759 0.439926 0.208458 0.310670
31.200000 0.151827 0.374545 0.190641 0.215605 0.355361 0.440194 0.208321 0.310587
31.400000 0.155129 0.374168 0.190529 0.215466 0.354633 0.439784 0.208343 0.310059
31.600000 0.157946 0.374268 0.190438 0.215582 0.354642 0.439947 0.208319 0.310196
31.800000 0.161374 0.373854 0.190505 0.215271 0.354723 0.439859 0.208185 0.310091
32.000000 0.165029 0.374031 0.190588 0.215349 0.355003 0.440021 0.208387 0.310217
32.200000 0.168672 0.374016 0.190576 0.215581 0.355381 0.439942 0.208223 0.310760
32.400000 0.172148 0.374169 0.190622 0.215809 0.356365 0.439768 0.208211 0.311180
32.600000 0.175643 0.374437 0.190695 0.215969 0.357314 0.439999 0.208255 0.312013
32.800000 0.179009 0.374838 0.190663 0.216305 0.358774 0.439786 0.208265 0.313063
33.000000 0.182276 0.375530 0.190665 0.216625 0.360414 0.439954 0.208320 0.314274
33.200000 0.185193 0.376266 0.190880 0.216957 0.362613 0.439805 0.208343 0.315594
33.400000 0.187809 0.377461 0.190840 0.217465 0.365127 0.439883 0.208325 0.317385
33.600000 0.190161 0.378950 0.190844 0.218199 0.367612 0.439930 0.208346 0.319182
33.800000 0.192341 0.380639 0.190972 0.218655 0.370390 0.439860 0.208307 0.321258
34.000000 0.194370 0.382663 0.190801 0.219420 0.373813 0.439960 0.208430 0.323512
34.200000 0.195953 0.384699 0.191174 0.220025 0.377092 0.439792 0.208316 0.326046
34.400000 0.197611 0.387525 0.191215 0.220677 0.380566 0.440024 0.208461 0.328664
34.600000 0.199043 0.429667 0.191405 0.221536 0.384470 0.439839 0.208578 0.331360
34.800000 0.200318 0.393875 0.191548 0.222166 0.388286 0.439996 0.208733 0.334209
35.000000 0.201518 0.397567 0.191701 0.223395 0.392816 0.440016 0.208515 0.337299
35.200000 0.202501 0.401796 0.191889 0.224326 0.397095 0.439999 0.208657 0.340452
35.400000 0.203306 0.405767 0.191994 0.225191 0.401398 0.440013 0.208633 0.343698
35.600000 0.204206 0.410162 0.192031 0.226040 0.405622 0.440043 0.208637 0.346885
35.800000 0.204855 0.414452 0.192314 0.226966 0.410028 0.440002 0.209022 0.350084
36.000000 0.205519 0.419449 0.192400 0.227538 0.414577 0.440012 0.209001 0.353318
36.200000 0.205889 0.424224 0.192666 0.228427 0.419359 0.439937 0.209023 0.356907
36.400000 0.206597 0.429545 0.192676 0.229212 0.424089 0.440041 0.209096 0.360462
36.600000 0.207045 0.434876 0.192844 0.230281 0.428808 0.439984 0.209152 0.364183
36.800000 0.207393 0.440164 0.192974 0.231162 0.433721 0.440089 0.209241 0.367775
37.000000 0.207971 0.446010 0.193045 0.231758 0.438581 0.440179 0.209267 0.371646
37.200000 0.207981 0.451387 0.193166 0.232751 0.443710 0.440131 0.209218 0.375429
37.400000 0.208660 0.457555 0.193375 0.233715 0.449328 0.440133 0.209245 0.380039
37.600000 0.209112 0.466569 0.193534 0.234670 0.456555 0.440197 0.209574 0.385333
37.800000 0.209402 0.472255 0.193631 0.235456 0.462011 0.440068 0.209689 0.389405
38.000000 0.209799 0.477787 0.193735 0.236127 0.467108 0.440302 0.209776 0.393462
38.200000 0.209671 0.484269 0.193909 0.237108 0.472354 0.439965 0.209528 0.397508
38.400000 0.209998 0.490393 0.193977 0.237833 0.477694 0.440189 0.209802 0.401622
38.600000 0.210241 0.496303 0.194055 0.238565 0.483072 0.440272 0.209929 0.405880
38.800000 0.210458 0.502290 0.194035 0.239364 0.488391 0.440343 0.210021 0.409942
39.000000 0.210643 0.507997 0.194374 0.239948 0.493670 0.440309 0.210080 0.413973
39.200000 0.210764 0.513997 0.194278 0.240670 0.499033 0.440314 0.210113 0.418336
39.400000 0.210943 0.519903 0.194463 0.241535 0.504201 0.440295 0.210229 0.422514
39.600000 0.211087 0.525648 0.194630 0.242217 0.509547 0.440239 0.210415 0.426498
39.800000 0.211037 0.531342 0.194658 0.242916 0.515120 0.440433 0.210254 0.430756
40.000000 0.211204 0.537149 0.194654 0.243597 0.520380 0.440431 0.210498 0.435064
40.200000 0.211443 0.542756 0.194831 0.244251 0.525549 0.440390 0.210438 0.439372
40.400000 0.211567 0.548476 0.194939 0.244791 0.531077 0.440575 0.210679 0.443595
40.600000 0.211642 0.553756 0.195022 0.245518 0.536378 0.440382 0.210663 0.447753
40.800000 0.211784 0.559425 0.195107 0.246280 0.541827 0.440649 0.210794 0.452074
41.000000 0.211847 0.564779 0.156388 0.247015 0.546920 0.440524 0.210887 0.456387
41.200000 0.211931 0.570321 0.156273 0.247728 0.552414 0.440618 0.210934 0.460613
41.400000 0.211977 0.575565 0.234253 0.248395 0.557709 0.440621 0.211047 0.464838
41.600000 0.212055 0.580771 0.195494 0.248778 0.562777 0.440680 0.211099 0.468991
41.800000 0.211958 0.585853 0.195585 0.249391 0.568367 0.440542 0.211260 0.473101
42.000000 0.212188 0.590769 0.195655 0.250147 0.573541 0.440704 0.211394 0.477256
42.200000 0.212236 0.595723 0.195715 0.250797 0.578552 0.440713 0.211359 0.481107
42.400000 0.211987 0.600547 0.195671 0.251426 0.583897 0.440790 0.211526 0.485237
42.600000 0.212376 0.605466 0.195830 0.251918 0.588996 0.440754 0.211492 0.489417
42.800000 0.212445 0.609784 0.195664 0.252486 0.593898 0.440816 0.211720 0.493427
43.000000 0.212141 0.614327 0.195976 0.253086 0.599137 0.440822 0.211260 0.497388
43.200000 0.212533 0.618644 0.196070 0.253519 0.603833 0.440928 0.211924 0.501241
43.400000 0.212622 0.622955 0.196191 0.254347 0.609015 0.440975 0.211920 0.505052
43.600000 0.212632 0.627121 0.196211 0.254709 0.613802 0.440685 0.212056 0.508806
43.800000 0.212793 0.631715 0.196371 0.255280 0.619465 0.440996 0.212190 0.513567
44.000000 0.212764 0.637004 0.196431 0.256095 0.625507 0.440834 0.212366 0.518013
44.200000 0.212993 0.640684 0.196458 0.256633 0.630769 0.441116 0.212402 0.521673
44.400000 0.212925 0.644420 0.196460 0.257145 0.635167 0.441075 0.212269 0.525073
44.600000 0.212799 0.648285 0.196655 0.257615 0.639651 0.441024 0.212629 0.528835
44.800000 0.212974 0.651972 0.196661 0.258061 0.644366 0.441014 0.212649 0.532239
45.000000 0.213067 0.655137 0.196813 0.258673 0.648913 0.441260 0.212771 0.535837
45.200000 0.213079 0.658295 0.196561 0.259092 0.653303 0.441068 0.212827 0.539238
45.400000 0.213084 0.661506 0.196797 0.259597 0.657896 0.441039 0.212868 0.542650
45.600000 0.213142 0.664768 0.196790 0.260112 0.662316 0.440849 0.212958 0.545838
45.800000 0.213141 0.667595 0.196844 0.260561 0.666744 0.441204 0.213017 0.549344
46.000000 0.213229 0.670764 0.196741 0.260932 0.670959 0.441251 0.213219 0.552631
46.200000 0.213263 0.673513 0.196840 0.261399 0.675302 0.441182 0.213179 0.555842
46.400000 0.213259 0.676294 0.197092 0.261957 0.679647 0.441284 0.213175 0.559012
46.600000 0.213200 0.678893 0.197279 0.262355 0.683683 0.441162 0.213432 0.562160
46.800000 0.213379 0.681486 0.197268 0.262843 0.687958 0.441307 0.213541 0.565134
47.000000 0.213423 0.684077 0.197253 0.263494 0.691884 0.441161 0.213768 0.568386
47.200000 0.213499 0.686390 0.197231 0.263774 0.695916 0.441332 0.213660 0.571352
47.400000 0.213447 0.688881 0.197321 0.264285 0.699945 0.441410 0.213850 0.574337
47.600000 0.213514 0.691097 0.197335 0.264887 0.703758 0.441428 0.213842 0.577352
47.800000 0.213531 0.693480 0.197554 0.265108 0.707923 0.441558 0.214066 0.580162
48.000000 0.213596 0.695604 0.197399 0.265592 0.711702 0.441424 0.214101 0.583151
48.200000 0.213611 0.697715 0.197727 0.265985 0.715500 0.441490 0.213962 0.586013
48.400000 0.213705 0.699750 0.197530 0.266327 0.719171 0.441535 0.214300 0.588650
48.600000 0.213661 0.701640 0.197748 0.266803 0.722906 0.441474 0.214323 0.591279
48.800000 0.213718 0.703448 0.197747 0.267261 0.726279 0.441639 0.214493 0.594080
49.000000 0.213753 0.705113 0.197555 0.267655 0.730082 0.441613 0.214465 0.596638
49.200000 0.213697 0.706745 0.197712 0.268002 0.733700 0.441635 0.214646 0.599350
49.400000 0.213757 0.708545 0.197647 0.268289 0.737004 0.441625 0.214475 0.601826
49.600000 0.213498 0.710183 0.197844 0.268819 0.740224 0.441729 0.214875 0.604337
49.800000 0.213785 0.711686 0.197899 0.269123 0.743637 0.441644 0.214801 0.606783
50.000000 0.213829 0.713283 0.198014 0.269522 0.746884 0.441599 0.214892 0.609354
50.200000 0.213865 0.714801 0.197914 0.269877 0.750744 0.441645 0.214970 0.612084
50.400000 0.213895 0.716401 0.197943 0.270270 0.754020 0.441883 0.215095 0.614670
50.600000 0.214016 0.717866 0.198053 0.270730 0.757359 0.441845 0.215185 0.617074
50.800000 0.213962 0.719156 0.198018 0.271121 0.760210 0.441751 0.215278 0.619098
51.000000 0.213985 0.720432 0.198342 0.271567 0.763328 0.441967 0.215433 0.621504
51.200000 0.213942 0.721563 0.198122 0.271749 0.766136 0.441842 0.215323 0.624070
51.400000 0.214065 0.722900 0.198334 0.272313 0.769122 0.441806 0.215553 0.625992
51.600000 0.213929 0.723947 0.198111 0.272737 0.772275 0.441949 0.215639 0.628349
51.800000 0.214098 0.724971 0.198088 0.272683 0.775088 0.441991 0.215523 0.630584
52.000000 0.213953 0.726068 0.198106 0.312398 0.777667 0.441866 0.215611 0.632325
52.200000 0.214134 0.727137 0.198228 0.273591 0.780637 0.441985 0.215900 0.634741
52.400000 0.214154 0.728170 0.198416 0.274122 0.783142 0.442187 0.215945 0.636606
52.600000 0.214134 0.729237 0.198255 0.274481 0.785740 0.442127 0.216039 0.638585
52.800000 0.214216 0.730378 0.198430 0.274813 0.788518 0.442097 0.216085 0.640758
53.000000 0.214101 0.731050 0.198499 0.275198 0.790802 0.442089 0.216365 0.642609
53.200000 0.214252 0.732073 0.198379 0.275529 0.793462 0.442194 0.216334 0.644525
53.400000 0.214322 0.732908 0.198371 0.276024 0.796140 0.442100 0.216435 0.646476
53.600000 0.214311 0.733766 0.198597 0.276043 0.798352 0.442115 0.216464 0.648275
53.800000 0.214247 0.734657 0.198705 0.276483 0.800832 0.442308 0.216569 0.650174
54.000000 0.214269 0.735025 0.198664 0.276820 0.803000 0.441769 0.216654 0.651829
54.200000 0.214253 0.736103 0.198684 0.277104 0.805259 0.442213 0.216698 0.653684
54.400000 0.214410 0.736821 0.198724 0.277532 0.807585 0.442309 0.216755 0.655244
54.600000 0.214452 0.737406 0.198730 0.277717 0.809659 0.442308 0.216943 0.656893
54.800000 0.214475 0.738264 0.198553 0.278186 0.811946 0.442284 0.216857 0.658584
55.000000 0.214495 0.738756 0.198786 0.278521 0.814037 0.442340 0.217064 0.660343
55.200000 0.214528 0.739448 0.198815 0.278919 0.815903 0.442445 0.217277 0.662042
55.400000 0.214472 0.739906 0.198815 0.278932 0.817918 0.442296 0.217137 0.663441
55.600000 0.214574 0.740851 0.198948 0.279403 0.819907 0.442100 0.217395 0.664806
55.800000 0.214589 0.741349 0.198985 0.279613 0.821709 0.442374 0.217298 0.666456
56.000000 0.214621 0.741862 0.198741 0.280048 0.823966 0.442479 0.217503 0.667899
56.200000 0.214658 0.742443 0.199092 0.280377 0.826139 0.442635 0.217677 0.669592
56.400000 0.214673 0.743107 0.199013 0.280867 0.828347 0.442531 0.217688 0.671092
56.600000 0.214714 0.743842 0.199078 0.281071 0.830292 0.442429 0.217794 0.672887
56.800000 0.214545 0.744183 0.198951 0.281575 0.832012 0.442566 0.217854 0.674203
57.000000 0.214717 0.744907 0.199103 0.281584 0.833678 0.442561 0.218011 0.675533
57.200000 0.214747 0.745239 0.199174 0.281844 0.835351 0.442507 0.217870 0.676731
57.400000 0.214819 0.745730 0.199031 0.282273 0.836947 0.442796 0.218164 0.678246
57.600000 0.214729 0.746566 0.199146 0.282503 0.838689 0.442582 0.218169 0.679440
57.800000 0.214712 0.746657 0.199175 0.282623 0.840148 0.442504 0.218197 0.680839
58.000000 0.214766 0.747108 0.199333 0.283144 0.841774 0.442769 0.218440 0.681848
58.200000 0.214814 0.747498 0.199372 0.283446 0.843452 0.442604 0.218426 0.683277
58.400000 0.214697 0.747937 0.199422 0.283765 0.844869 0.442788 0.218621 0.684277
58.600000 0.214831 0.748053 0.199391 0.283886 0.846079 0.442657 0.218576 0.685554
58.800000 0.214975 0.748604 0.199308 0.284380 0.847651 0.442805 0.218537 0.686531
59.000000 0.214738 0.748981 0.199312 0.284510 0.849279 0.442737 0.218665 0.687628
59.200000 0.214925 0.749286 0.199431 0.284602 0.850660 0.442742 0.218576 0.688418
59.400000 0.214797 0.749874 0.199280 0.285102 0.851948 0.443106 0.218928 0.689936
59.600000 0.214838 0.750018 0.199553 0.285261 0.853359 0.442913 0.218868 0.690778
59.800000 0.214692 0.750539 0.199291 0.285620 0.854687 0.443049 0.219091 0.691747
60.000000 0.214704 0.750933 0.199411 0.285714 0.855991 0.442925 0.219158 0.692901
60.200000 0.214810 0.751198 0.199526 0.286036 0.857162 0.442748 0.219249 0.693851
60.400000 0.214837 0.751297 0.199364 0.286413 0.858405 0.442997 0.219417 0.695025
60.600000 0.214814 0.751676 0.199558 0.286623 0.859689 0.442965 0.219413 0.695909
60.800000 0.214850 0.752013 0.199189 0.286980 0.860887 0.442734 0.219335 0.696853
61.000000 0.214860 0.752344 0.199661 0.287188 0.862081 0.443037 0.219525 0.697708
61.200000 0.214879 0.752772 0.199712 0.287429 0.863209 0.443077 0.219635 0.698404
61.400000 0.214891 0.752808 0.199636 0.287750 0.864355 0.443007 0.219585 0.699588
61.600000 0.214905 0.753090 0.199853 0.287942 0.865592 0.443094 0.219756 0.700247
61.800000 0.214904 0.753455 0.199654 0.288380 0.866655 0.443075 0.219823 0.701147
62.000000 0.214934 0.753420 0.199598 0.288454 0.867816 0.443044 0.219973 0.702014
62.200000 0.214847 0.754172 0.199671 0.288796 0.868739 0.443243 0.219997 0.702896
62.400000 0.214996 0.754119 0.199814 0.289030 0.869944 0.443265 0.220181 0.703872
62.600000 0.214713 0.754201 0.199283 0.289104 0.871115 0.442968 0.219941 0.704633
62.800000 0.214710 0.754474 0.199681 0.289432 0.872395 0.442897 0.220180 0.705460
63.000000 0.214905 0.754972 0.199600 0.289722 0.873776 0.442824 0.220064 0.706633
63.200000 0.215073 0.755290 0.199748 0.290147 0.874909 0.443286 0.220471 0.707388
63.400000 0.215086 0.755318 0.199899 0.290473 0.875892 0.443340 0.220559 0.708200
63.600000 0.215099 0.755590 0.199938 0.290617 0.876687 0.443342 0.220703 0.708954
63.800000 0.215129 0.755678 0.199971 0.291064 0.877829 0.443348 0.220736 0.709733
64.000000 0.215014 0.756011 0.199986 0.291268 0.878482 0.443370 0.220780 0.710400
64.200000 0.215138 0.756178 0.199787 0.291404 0.879386 0.443476 0.220834 0.710986
64.400000 0.215004 0.756471 0.199890 0.291680 0.880420 0.443419 0.220876 0.711932
64.600000 0.215002 0.756436 0.199871 0.291601 0.881144 0.443556 0.221046 0.712407
64.800000 0.215046 0.756537 0.200086 0.292149 0.881842 0.443372 0.221058 0.712903
65.000000 0.215000 0.756985 0.199922 0.292292 0.882698 0.443270 0.221056 0.713485
65.200000 0.215282 0.757073 0.200050 0.292382 0.883545 0.443531 0.221154 0.714294
65.400000 0.215195 0.757216 0.200251 0.292672 0.884280 0.443591 0.221343 0.714846
65.600000 0.215191 0.757520 0.200093 0.293092 0.885087 0.443568 0.221372 0.715482
65.800000 0.215156 0.757583 0.199775 0.293238 0.885893 0.443484 0.221276 0.716078
66.000000 0.215196 0.757628 0.200187 0.293444 0.886642 0.443504 0.221376 0.716391
66.200000 0.215228 0.757908 0.200059 0.293700 0.887306 0.443695 0.221666 0.717023
66.400000 0.215142 0.758025 0.200051 0.293734 0.887670 0.443452 0.221658 0.717631
66.600000 0.215024 0.758318 0.200237 0.294089 0.888793 0.443474 0.221828 0.718258
66.800000 0.215289 0.758211 0.200220 0.294334 0.889528 0.443667 0.221802 0.718803
67.000000 0.215001 0.758380 0.200309 0.294522 0.890168 0.443678 0.221714 0.719044
67.200000 0.215036 0.758528 0.200122 0.294573 0.890823 0.443648 0.221947 0.719677
67.400000 0.215212 0.758416 0.200315 0.294854 0.891497 0.443739 0.221952 0.720271
67.600000 0.215247 0.758697 0.200201 0.295026 0.892111 0.443744 0.222099 0.720700
67.800000 0.215243 0.758889 0.200431 0.295385 0.892788 0.443628 0.222127 0.721244
68.000000 0.215251 0.759019 0.200451 0.295492 0.893353 0.443767 0.222084 0.721595
68.200000 0.215284 0.759183 0.200239 0.295722 0.893867 0.443831 0.222194 0.722109
68.400000 0.215299 0.759395 0.200481 0.295996 0.894734 0.443856 0.222395 0.722736
68.600000 0.215278 0.759280 0.200388 0.296282 0.895396 0.444000 0.222337 0.723360
68.800000 0.215134 0.759579 0.200361 0.296459 0.895904 0.443729 0.222594 0.723586
69.000000 0.215271 0.759690 0.200497 0.296634 0.896599 0.443872 0.222546 0.724124
69.200000 0.215427 0.759791 0.200623 0.296648 0.897054 0.443729 0.222661 0.724522
69.400000 0.215285 0.759949 0.200598 0.296801 0.897561 0.443913 0.222762 0.724894
69.600000 0.215446 0.759944 0.200449 0.297284 0.898155 0.443912 0.222849 0.725272
69.800000 0.215253 0.760074 0.200791 0.297421 0.898768 0.443910 0.222840 0.725831
70.000000 0.215223 0.760172 0.200407 0.297564 0.899347 0.444153 0.222901 0.725941
70.200000 0.215342 0.760279 0.200535 0.297772 0.899552 0.443882 0.222955 0.726567
70.400000 0.215171 0.760417 0.200603 0.297989 0.900200 0.444154 0.223022 0.726936
70.600000 0.215156 0.760375 0.200641 0.298179 0.900743 0.443929 0.223104 0.727288
70.800000 0.215369 0.760406 0.200557 0.298189 0.901030 0.443731 0.223215 0.727766
71.000000 0.215255 0.760605 0.200374 0.298603 0.901988 0.444096 0.223278 0.728026
71.200000 0.215360 0.760827 0.200571 0.298913 0.902159 0.444081 0.223360 0.727965
71.400000 0.215167 0.760555 0.200596 0.298985 0.902743 0.444121 0.223408 0.728898
71.600000 0.215293 0.760807 0.200513 0.299175 0.903119 0.444165 0.223507 0.729185
71.800000 0.215249 0.760952 0.200505 0.299341 0.903769 0.444176 0.223490 0.729497
72.000000 0.215251 0.761068 0.200678 0.299543 0.904055 0.444187 0.223690 0.729691
72.200000 0.215278 0.761139 0.200727 0.299698 0.904463 0.444066 0.223645 0.730072
72.400000 0.215256 0.761144 0.200611 0.299847 0.904918 0.444074 0.223837 0.730142
72.600000 0.215248 0.761126 0.200740 0.300003 0.905168 0.444261 0.223788 0.730791
72.800000 0.215250 0.761258 0.200673 0.300180 0.905613 0.444278 0.223736 0.730902
73.000000 0.215206 0.761111 0.200657 0.300383 0.906054 0.444309 0.223891 0.731264
73.200000 0.215251 0.761304 0.200708 0.300449 0.906530 0.444249 0.223979 0.731626
73.400000 0.215275 0.761310 0.200907 0.300612 0.906734 0.444200 0.224023 0.731912
73.600000 0.215265 0.761399 0.200722 0.301034 0.907339 0.444270 0.224087 0.731843
73.800000 0.215336 0.761427 0.200682 0.301051 0.907664 0.444377 0.224159 0.732379
74.000000 0.215426 0.761271 0.201037 0.301269 0.907782 0.444394 0.224189 0.732644
74.200000 0.215349 0.761549 0.200884 0.301228 0.908172 0.444479 0.224305 0.732731
74.400000 0.215406 0.761706 0.201091 0.301533 0.908781 0.444483 0.224372 0.733205
74.600000 0.215319 0.761592 0.200853 0.301778 0.908994 0.444235 0.224324 0.733612
74.800000 0.215376 0.761706 0.200954 0.302017 0.909656 0.444462 0.224313 0.733858
75.000000 0.215438 0.761927 0.200850 0.302137 0.909789 0.444456 0.224583 0.734145
75.200000 0.215429 0.761792 0.201059 0.302382 0.910261 0.444605 0.224685 0.734258
75.400000 0.215424 0.761756 0.200931 0.302537 0.910350 0.444360 0.224723 0.734580
75.600000 0.215310 0.761961 0.201107 0.302627 0.910749 0.444351 0.224612 0.734741
75.800000 0.215533 0.761895 0.200920 0.302654 0.911254 0.444542 0.224641 0.735049
76.000000 0.215523 0.761964 0.200857 0.302924 0.911389 0.444560 0.224814 0.735186
76.200000 0.215578 0.762277 0.200864 0.303086 0.911737 0.444626 0.224786 0.735618
76.400000 0.215595 0.762171 0.201032 0.303294 0.912144 0.444751 0.224980 0.735731
76.600000 0.215642 0.761886 0.200884 0.303272 0.912559 0.444606 0.225028 0.736061
76.800000 0.215455 0.762226 0.201043 0.303614 0.912631 0.444720 0.224934 0.736372
77.000000 0.215661 0.762409 0.201248 0.303654 0.913011 0.444774 0.225250 0.736142
77.200000 0.215647 0.762597 0.200927 0.303747 0.913233 0.444500 0.225135 0.736711
77.400000 0.215637 0.762407 0.201084 0.304091 0.913828 0.444750 0.225271 0.736961
77.600000 0.215675 0.762838 0.201057 0.304253 0.914093 0.444573 0.225285 0.737116
77.800000 0.215744 0.762529 0.201103 0.304269 0.914075 0.444729 0.225244 0.737383
78.000000 0.215737 0.762742 0.201096 0.304556 0.914588 0.444684 0.225275 0.737581
78.200000 0.215611 0.762559 0.201165 0.304770 0.914654 0.444673 0.225311 0.737812
78.400000 0.215642 0.762920 0.200970 0.304982 0.915060 0.444645 0.225563 0.738046
78.600000 0.215756 0.763037 0.201130 0.305059 0.915371 0.444687 0.225426 0.738348
78.800000 0.215674 0.763064 0.201116 0.305193 0.915802 0.444825 0.225617 0.738245
79.000000 0.215666 0.763103 0.201182 0.305429 0.916123 0.444887 0.225529 0.738561
79.200000 0.215663 0.763201 0.201175 0.305597 0.916271 0.444728 0.225809 0.738822
79.400000 0.215687 0.763164 0.201217 0.305659 0.916474 0.444919 0.225818 0.739083
79.600000 0.215458 0.763229 0.201253 0.305836 0.916852 0.444815 0.225846 0.739206
79.800000 0.215685 0.763365 0.201308 0.306086 0.916949 0.444944 0.225892 0.739315
80.000000 0.215492 0.763221 0.201072 0.305940 0.917081 0.444801 0.225980 0.739480
80.200000 0.215672 0.763458 0.201364 0.305973 0.917118 0.444773 0.225934 0.739704
80.400000 0.215683 0.763414 0.201111 0.306304 0.917674 0.445008 0.225831 0.739773
80.600000 0.215632 0.763508 0.201263 0.306577 0.918039 0.445036 0.226272 0.740276
80.800000 0.215502 0.763636 0.201314 0.306625 0.918129 0.444986 0.226215 0.740289
81.000000 0.215603 0.763603 0.201262 0.306768 0.918424 0.444817 0.226223 0.740498
81.200000 0.215642 0.763558 0.201321 0.307035 0.918595 0.445030 0.226434 0.740631
81.400000 0.215671 0.763679 0.201363 0.307111 0.918786 0.444973 0.226390 0.740801
81.600000 0.215691 0.763767 0.201531 0.307062 0.919034 0.444979 0.226396 0.740663
81.800000 0.215625 0.763716 0.201329 0.307488 0.919063 0.445012 0.226324 0.741103
82.000000 0.215641 0.763826 0.201342 0.307408 0.919276 0.445079 0.226484 0.740892
82.200000 0.215654 0.763722 0.201301 0.307751 0.919350 0.444996 0.226518 0.741266
82.400000 0.215750 0.763806 0.201341 0.307773 0.919632 0.445077 0.226589 0.741329
82.600000 0.215681 0.763741 0.201291 0.307854 0.919752 0.444986 0.226702 0.741525
82.800000 0.215643 0.763901 0.201499 0.307930 0.920097 0.445004 0.226654 0.741515
83.000000 0.215635 0.763739 0.201411 0.308059 0.920172 0.445111 0.226602 0.741465
83.200000 0.215645 0.763927 0.201352 0.308250 0.920485 0.445194 0.226632 0.741950
83.400000 0.215690 0.763929 0.201544 0.308396 0.920559 0.445114 0.226822 0.741981
83.600000 0.215700 0.763906 0.201288 0.308672 0.920838 0.445173 0.226865 0.781104
83.800000 0.215780 0.764063 0.201420 0.308684 0.920975 0.445277 0.226929 0.742294
84.000000 0.215709 0.764035 0.201463 0.308713 0.920948 0.445366 0.227047 0.742371
84.200000 0.215728 0.764014 0.201455 0.308943 0.921137 0.445186 0.226928 0.742316
84.400000 0.215620 0.764138 0.201505 0.308951 0.921400 0.445155 0.226949 0.742604
84.600000 0.215870 0.764136 0.201468 0.309132 0.921516 0.445182 0.227148 0.742684
84.800000 0.215910 0.764074 0.201291 0.309372 0.921615 0.445333 0.227159 0.742921
85.000000 0.215770 0.764267 0.201467 0.309321 0.921921 0.445342 0.227073 0.743038
85.200000 0.215620 0.764276 0.201541 0.309486 0.922009 0.445319 0.227276 0.743138
85.400000 0.215901 0.764240 0.201522 0.309626 0.922152 0.445396 0.227150 0.743118
85.600000 0.215802 0.764116 0.201271 0.309649 0.922351 0.445282 0.227283 0.743256
85.800000 0.215628 0.764189 0.201427 0.309811 0.922443 0.445510 0.227506 0.743607
86.000000 0.215743 0.764176 0.201448 0.310023 0.922462 0.445385 0.227430 0.743473
86.200000 0.215749 0.764205 0.201436 0.310131 0.922755 0.445284 0.227393 0.743612
86.400000 0.215711 0.764247 0.201672 0.310281 0.922819 0.445302 0.227567 0.743862
86.600000 0.215709 0.764365 0.201686 0.310063 0.923061 0.445427 0.227514 0.743926
86.800000 0.215614 0.764404 0.201713 0.310418 0.923308 0.445507 0.227596 0.743933
87.000000 0.215693 0.764351 0.201566 0.310541 0.923304 0.445455 0.227651 0.744100
87.200000 0.215717 0.764467 0.201710 0.310764 0.923367 0.445489 0.227799 0.744147
87.400000 0.215711 0.764383 0.201709 0.310880 0.923489 0.445434 0.227743 0.744354
87.600000 0.215612 0.764393 0.201630 0.311103 0.923709 0.445556 0.227795 0.744420
87.800000 0.215758 0.764564 0.201507 0.310934 0.923514 0.445615 0.227668 0.744265
88.000000 0.215625 0.764505 0.201613 0.311174 0.924003 0.445638 0.227889 0.744637
88.200000 0.215753 0.764483 0.201703 0.311403 0.923942 0.445414 0.227900 0.744703
88.400000 0.215624 0.764334 0.201699 0.311384 0.924088 0.445478 0.227945 0.744765
88.600000 0.215630 0.764587 0.201675 0.311364 0.924353 0.445601 0.227944 0.744856
88.800000 0.215695 0.764527 0.201603 0.311558 0.924234 0.445417 0.228032 0.744852
89.000000 0.215808 0.764544 0.201744 0.311640 0.924460 0.445642 0.228125 0.744955
89.200000 0.215672 0.764334 0.201532 0.311806 0.924469 0.445636 0.228167 0.745158
89.400000 0.215817 0.764673 0.201778 0.311981 0.924742 0.445570 0.228209 0.745303
89.600000 0.215868 0.764559 0.201670 0.311961 0.924806 0.445670 0.228232 0.745096
89.800000 0.215851 0.764501 0.201771 0.312119 0.924708 0.445575 0.228123 0.745494
90.000000 0.215866 0.764687 0.201757 0.312308 0.925005 0.445578 0.228299 0.745595
