0.200000 0.152361 0.419623 0.192707 0.232806 0.475161 0.439431 0.217722 0.400204
0.400000 0.152347 0.418755 0.192869 0.232271 0.473072 0.439543 0.217446 0.398562
0.600000 0.152280 0.418142 0.192630 0.232301 0.471711 0.439371 0.217409 0.397749
0.800000 0.152243 0.417482 0.192694 0.232070 0.470716 0.439200 0.217578 0.396829
1.000000 0.152216 0.417435 0.192688 0.231827 0.469449 0.439187 0.217385 0.395885
1.200000 0.152170 0.416617 0.192581 0.231703 0.468006 0.439198 0.217405 0.394818
1.400000 0.152137 0.416348 0.192654 0.231383 0.466834 0.439240 0.217208 0.394052
1.600000 0.152041 0.415898 0.192636 0.231221 0.465579 0.439262 0.217046 0.393164
1.800000 0.152075 0.415449 0.192652 0.231175 0.464485 0.439028 0.217075 0.392222
2.000000 0.151857 0.414980 0.192477 0.230910 0.463130 0.439051 0.216833 0.391274
2.200000 0.151935 0.414397 0.192465 0.230759 0.461995 0.439044 0.216791 0.390337
2.400000 0.151966 0.413835 0.192476 0.230609 0.460843 0.439097 0.216898 0.389524
2.600000 0.151891 0.413374 0.192717 0.230367 0.459684 0.439014 0.216578 0.388551
2.800000 0.151882 0.413116 0.192499 0.230176 0.458592 0.438921 0.216605 0.387628
3.000000 0.151699 0.412663 0.192392 0.229909 0.457344 0.438843 0.216593 0.386808
3.200000 0.151793 0.412201 0.192403 0.229956 0.456166 0.439138 0.216514 0.385988
3.400000 0.151690 0.411680 0.192267 0.229777 0.455228 0.438955 0.216574 0.385020
3.600000 0.151820 0.411332 0.192396 0.229572 0.453808 0.438913 0.216432 0.384073
3.800000 0.151664 0.411190 0.192338 0.229242 0.452783 0.438927 0.216285 0.383437
4.000000 0.151629 0.410361 0.192341 0.229154 0.451722 0.438942 0.216175 0.382610
4.200000 0.151637 0.409977 0.192326 0.228926 0.450527 0.438708 0.216121 0.381769
4.400000 0.151574 0.409603 0.192270 0.228778 0.449233 0.438862 0.215986 0.380856
4.600000 0.151501 0.409172 0.192325 0.228711 0.448341 0.438815 0.215929 0.380036
4.800000 0.151632 0.408733 0.192254 0.228283 0.447327 0.438743 0.215752 0.378962
5.000000 0.151461 0.408465 0.192352 0.228378 0.446104 0.438560 0.215901 0.378397
5.200000 0.151484 0.407880 0.192152 0.228141 0.444930 0.438722 0.215721 0.377560
5.400000 0.151416 0.407488 0.192041 0.228016 0.443960 0.438621 0.215641 0.376589
5.600000 0.151277 0.407035 0.191983 0.227851 0.442739 0.438633 0.215606 0.376066
5.800000 0.151306 0.406664 0.192162 0.227763 0.441784 0.438592 0.215552 0.375083
6.000000 0.151262 0.406246 0.192238 0.227585 0.440777 0.438492 0.215486 0.374212
6.200000 0.151256 0.405897 0.192354 0.227417 0.439580 0.438433 0.215350 0.373514
6.400000 0.151266 0.405510 0.192040 0.227329 0.438399 0.438552 0.215282 0.372605
6.600000 0.151174 0.404827 0.192046 0.226920 0.437123 0.438501 0.215117 0.371697
6.800000 0.151069 0.404618 0.191998 0.226788 0.435950 0.438414 0.215024 0.371060
7.000000 0.151083 0.404101 0.191962 0.226870 0.435124 0.438431 0.215060 0.370041
7.200000 0.151060 0.403630 0.191939 0.226639 0.433994 0.438329 0.214940 0.369408
7.400000 0.151036 0.403579 0.192087 0.226678 0.433055 0.438246 0.214671 0.368770
7.600000 0.151030 0.402892 0.191831 0.226254 0.432068 0.438326 0.214757 0.367862
7.800000 0.150994 0.402663 0.191883 0.226058 0.431176 0.438381 0.214542 0.367052
8.000000 0.150918 0.402259 0.191941 0.225849 0.430117 0.438273 0.214613 0.366268
8.200000 0.150910 0.401795 0.191887 0.225703 0.429059 0.438093 0.214434 0.365655
8.400000 0.150861 0.401527 0.191686 0.225561 0.428219 0.438371 0.214480 0.364848
8.600000 0.150847 0.401295 0.191812 0.225648 0.427115 0.438216 0.214519 0.364369
8.800000 0.150784 0.400814 0.191672 0.225364 0.426034 0.437970 0.214294 0.363359
9.000000 0.150795 0.400497 0.191882 0.225108 0.425323 0.438160 0.214108 0.362688
9.200000 0.150903 0.400223 0.191878 0.225177 0.424350 0.438122 0.214198 0.362101
9.400000 0.150719 0.399723 0.191630 0.224980 0.423590 0.438162 0.214139 0.361454
9.600000 0.150654 0.399513 0.191781 0.224948 0.422657 0.437933 0.214036 0.360722
9.800000 0.150648 0.399202 0.191768 0.224668 0.421742 0.438050 0.214000 0.360217
10.000000 0.150644 0.398903 0.191734 0.224692 0.420727 0.438033 0.213943 0.359293
10.200000 0.150577 0.398601 0.191667 0.224450 0.419897 0.438001 0.213885 0.358779
10.400000 0.150434 0.397999 0.191798 0.224304 0.418879 0.438067 0.213709 0.358113
10.600000 0.150522 0.397723 0.191748 0.224178 0.417945 0.437879 0.213740 0.357439
10.800000 0.150518 0.397250 0.191503 0.224031 0.417188 0.437823 0.213727 0.356793
11.000000 0.150489 0.397163 0.191582 0.223938 0.416356 0.437869 0.213479 0.356013
11.200000 0.150422 0.396960 0.191560 0.223772 0.415354 0.437805 0.213536 0.355418
11.400000 0.150430 0.396543 0.191598 0.223620 0.414666 0.437894 0.213463 0.354636
11.600000 0.150410 0.396213 0.191608 0.223487 0.413812 0.437672 0.213371 0.354009
11.800000 0.150371 0.395855 0.191532 0.223501 0.412880 0.437837 0.213214 0.353410
12.000000 0.150312 0.395543 0.191370 0.223219 0.412092 0.437886 0.213162 0.352896
12.200000 0.150275 0.395214 0.191485 0.222955 0.411153 0.437697 0.213192 0.352188
12.400000 0.150288 0.394984 0.191348 0.222792 0.410340 0.437769 0.213086 0.351677
12.600000 0.150241 0.394550 0.191425 0.222834 0.409283 0.437635 0.212941 0.350904
12.800000 0.150085 0.394328 0.191404 0.222771 0.408589 0.437571 0.213038 0.350323
13.000000 0.150166 0.393983 0.191393 0.222744 0.407897 0.437533 0.212947 0.349718
13.200000 0.150160 0.393702 0.191453 0.222352 0.407040 0.437477 0.212767 0.349236
13.400000 0.150122 0.393485 0.191330 0.222341 0.406312 0.437543 0.212579 0.348631
13.600000 0.150086 0.393180 0.191457 0.222218 0.405569 0.437596 0.212656 0.347931
13.800000 0.150078 0.392904 0.191301 0.222156 0.404719 0.437419 0.212558 0.347521
14.000000 0.150105 0.392729 0.191388 0.222029 0.403947 0.437452 0.212554 0.347015
14.200000 0.149880 0.392205 0.191250 0.221947 0.403440 0.437327 0.212497 0.346504
14.400000 0.149856 0.392119 0.191234 0.221713 0.402617 0.437193 0.212442 0.346034
14.600000 0.149850 0.391915 0.191417 0.221688 0.401959 0.437440 0.212489 0.345387
14.800000 0.149922 0.391692 0.191320 0.221536 0.401242 0.437279 0.212235 0.344929
15.000000 0.149965 0.391383 0.191191 0.221451 0.400511 0.437219 0.212158 0.344381
15.200000 0.149974 0.391198 0.191262 0.221506 0.399792 0.437187 0.212140 0.343801
15.400000 0.149924 0.390850 0.191206 0.221188 0.399090 0.437168 0.212177 0.343153
15.600000 0.149871 0.390570 0.191197 0.221095 0.398400 0.437254 0.212094 0.342590
15.800000 0.149832 0.390268 0.191319 0.221120 0.397748 0.437156 0.212057 0.342189
16.000000 0.149786 0.390114 0.191069 0.220839 0.397083 0.437302 0.211828 0.341607
16.200000 0.149770 0.389555 0.191337 0.220909 0.396375 0.437020 0.211795 0.341238
16.400000 0.149766 0.389455 0.191203 0.220646 0.395690 0.437070 0.211653 0.340708
16.600000 0.149747 0.389292 0.191047 0.220642 0.395035 0.437096 0.211536 0.340211
16.800000 0.149717 0.389088 0.191024 0.220587 0.394298 0.436994 0.211615 0.339572
17.000000 0.149542 0.388697 0.191088 0.220504 0.393637 0.437065 0.211644 0.339249
17.200000 0.149609 0.388615 0.191080 0.220592 0.392985 0.436873 0.211533 0.338677
17.400000 0.149650 0.388050 0.191162 0.220213 0.392329 0.436972 0.211458 0.338280
17.600000 0.149590 0.388171 0.191159 0.220193 0.391664 0.436974 0.211430 0.337570
17.800000 0.149614 0.387997 0.191148 0.220011 0.391039 0.437160 0.211253 0.337238
18.000000 0.149557 0.387667 0.190896 0.219916 0.390467 0.436899 0.211325 0.336731
18.200000 0.149547 0.387393 0.190985 0.219742 0.389844 0.436713 0.211222 0.336229
18.400000 0.149491 0.387215 0.190926 0.219620 0.388980 0.436723 0.211149 0.335810
18.600000 0.149462 0.386870 0.190943 0.219664 0.388598 0.436747 0.210992 0.335317
18.800000 0.149518 0.386610 0.191022 0.219671 0.387792 0.436754 0.210977 0.334919
19.000000 0.149452 0.386310 0.190893 0.219430 0.386950 0.436742 0.210911 0.334154
19.200000 0.149452 0.386073 0.191119 0.219373 0.386276 0.436777 0.210729 0.333595
19.400000 0.149247 0.385867 0.190769 0.219140 0.385507 0.436592 0.210845 0.333376
19.600000 0.149266 0.385713 0.190941 0.219249 0.385131 0.436701 0.210611 0.332857
19.800000 0.149342 0.385361 0.190895 0.219063 0.384402 0.436403 0.210764 0.332212
20.000000 0.149320 0.385335 0.190895 0.218840 0.383798 0.436602 0.210676 0.332026
20.200000 0.149168 0.385125 0.190756 0.218748 0.383163 0.436595 0.210623 0.331369
20.400000 0.149264 0.384807 0.190777 0.218733 0.382574 0.436550 0.210269 0.330998
20.600000 0.149125 0.384649 0.190865 0.218655 0.382009 0.436515 0.210442 0.330436
20.800000 0.149250 0.384288 0.190583 0.218571 0.381327 0.436505 0.210347 0.329962
21.000000 0.149212 0.384038 0.190802 0.218366 0.380798 0.436461 0.210289 0.329705
21.200000 0.149207 0.383831 0.190793 0.218468 0.380292 0.436351 0.210360 0.329273
21.400000 0.149165 0.383593 0.190597 0.218310 0.379690 0.436284 0.210281 0.328713
21.600000 0.148988 0.383462 0.190583 0.218179 0.379087 0.436260 0.210198 0.328350
21.800000 0.149120 0.383223 0.190882 0.218067 0.378515 0.436401 0.210208 0.327677
22.000000 0.148936 0.383034 0.190647 0.217935 0.377888 0.436267 0.210080 0.327557
22.200000 0.148987 0.382704 0.190501 0.217847 0.377280 0.436110 0.209970 0.326884
22.400000 0.149045 0.382524 0.190587 0.217895 0.376771 0.436284 0.209807 0.326630
22.600000 0.149100 0.382355 0.190594 0.217684 0.376212 0.436112 0.209799 0.326346
22.800000 0.149013 0.382220 0.190659 0.217481 0.375736 0.436099 0.209765 0.325835
23.000000 0.148976 0.381796 0.190698 0.217484 0.375130 0.436115 0.209656 0.325397
23.200000 0.148981 0.381705 0.190642 0.217304 0.374540 0.436261 0.209656 0.324965
23.400000 0.149072 0.381557 0.190775 0.217402 0.374072 0.436150 0.209689 0.324433
23.600000 0.148786 0.381226 0.190635 0.217167 0.373407 0.436097 0.209569 0.324206
23.800000 0.148792 0.381119 0.190522 0.217222 0.372888 0.436035 0.209534 0.323667
24.000000 0.148891 0.380943 0.190529 0.217280 0.372249 0.435889 0.209520 0.323374
24.200000 0.148865 0.380610 0.190436 0.216923 0.371968 0.435971 0.209423 0.322968
24.400000 0.148849 0.380705 0.190434 0.216876 0.371540 0.436043 0.209433 0.322439
24.600000 0.148787 0.380366 0.190495 0.216845 0.370866 0.435997 0.209337 0.322154
24.800000 0.148785 0.379992 0.190534 0.216700 0.370380 0.435834 0.209322 0.321788
25.000000 0.148773 0.380088 0.190479 0.216744 0.369511 0.436016 0.209283 0.321371
25.200000 0.148712 0.379688 0.190487 0.216631 0.368972 0.435983 0.209125 0.320835
25.400000 0.148688 0.379348 0.190556 0.216664 0.368493 0.435879 0.209172 0.320345
25.600000 0.148706 0.379354 0.190523 0.216386 0.367826 0.435935 0.208989 0.320079
25.800000 0.148682 0.379095 0.190466 0.216495 0.367526 0.435872 0.208912 0.319806
26.000000 0.148636 0.378900 0.190448 0.216287 0.366932 0.435662 0.208989 0.319454
26.200000 0.148641 0.378520 0.190554 0.216127 0.366409 0.435653 0.209022 0.319032
26.400000 0.148601 0.378451 0.190476 0.216191 0.365793 0.435653 0.208989 0.318695
26.600000 0.148482 0.378283 0.190533 0.216062 0.365509 0.435656 0.208776 0.318250
26.800000 0.148568 0.378134 0.190295 0.215974 0.364895 0.435515 0.208588 0.317990
27.000000 0.148554 0.378040 0.190514 0.215860 0.364389 0.435706 0.208736 0.317388
27.200000 0.148535 0.377801 0.190423 0.215796 0.363949 0.435769 0.208640 0.317186
27.400000 0.148529 0.377554 0.190349 0.215626 0.363455 0.435649 0.208688 0.316764
27.600000 0.148341 0.377361 0.190188 0.215546 0.362904 0.435781 0.208536 0.316371
27.800000 0.148605 0.377208 0.190150 0.215367 0.362352 0.435554 0.208500 0.316080
28.000000 0.148598 0.377120 0.190278 0.215437 0.362144 0.435534 0.208290 0.315621
28.200000 0.148607 0.376870 0.190343 0.215345 0.361728 0.435394 0.208225 0.315318
28.400000 0.148553 0.376604 0.190420 0.215333 0.361257 0.435361 0.208434 0.314893
28.600000 0.148361 0.376502 0.190287 0.215215 0.360859 0.435475 0.208417 0.314502
28.800000 0.148304 0.376180 0.190304 0.215068 0.360047 0.435395 0.208166 0.314246
29.000000 0.148346 0.376168 0.190218 0.215054 0.359692 0.435393 0.208237 0.313954
29.200000 0.148347 0.376051 0.190147 0.214797 0.359150 0.434969 0.208114 0.313674
29.400000 0.148335 0.375912 0.190216 0.214918 0.358788 0.435203 0.208003 0.313205
29.600000 0.148121 0.375305 0.189880 0.214560 0.358267 0.435047 0.207680 0.312719
29.800000 0.148050 0.375261 0.189993 0.214412 0.357367 0.435032 0.207757 0.312381
30.000000 0.148081 0.374916 0.190104 0.214589 0.357351 0.435293 0.207906 0.312130
30.200000 0.148231 0.375179 0.190039 0.214475 0.356633 0.435200 0.207811 0.311663
30.400000 0.148255 0.375049 0.190202 0.214520 0.356434 0.435151 0.207930 0.311436
30.600000 0.148174 0.375053 0.190228 0.214422 0.355842 0.435273 0.207747 0.311092
30.800000 0.148913 0.374634 0.190184 0.214475 0.355248 0.435153 0.207810 0.310681
31.000000 0.150043 0.374556 0.190168 0.214378 0.354943 0.435069 0.207537 0.310507
31.200000 0.152104 0.374320 0.190197 0.214213 0.354580 0.435060 0.207611 0.309908
31.400000 0.154489 0.374250 0.190235 0.214146 0.354312 0.435056 0.207610 0.309882
31.600000 0.157156 0.374104 0.190181 0.214232 0.354059 0.434973 0.207528 0.309767
31.800000 0.160423 0.374066 0.190265 0.214114 0.354062 0.435096 0.207533 0.309607
32.000000 0.163914 0.373576 0.190134 0.213928 0.354208 0.434945 0.207353 0.310041
32.200000 0.167567 0.373921 0.190035 0.214350 0.354700 0.435022 0.207191 0.310068
32.400000 0.171217 0.374056 0.190241 0.214429 0.355520 0.434986 0.207515 0.310564
32.600000 0.174770 0.374264 0.190229 0.214576 0.356340 0.434937 0.207477 0.311389
32.800000 0.178123 0.374678 0.190150 0.214720 0.357760 0.435105 0.207424 0.312318
33.000000 0.181223 0.375264 0.190418 0.215017 0.359402 0.434979 0.207459 0.313477
33.200000 0.184055 0.375686 0.190286 0.215560 0.361372 0.434967 0.207632 0.314837
33.400000 0.186765 0.377033 0.190428 0.216039 0.363593 0.434953 0.207502 0.316390
33.600000 0.189121 0.378215 0.190459 0.216630 0.366085 0.434780 0.207670 0.318185
33.800000 0.191298 0.379868 0.190595 0.216950 0.368888 0.435011 0.207444 0.320150
34.000000 0.193190 0.381924 0.190541 0.217705 0.371977 0.435026 0.207595 0.322290
34.200000 0.195085 0.384051 0.190702 0.218465 0.375210 0.434933 0.207649 0.324677
34.400000 0.196659 0.386685 0.190806 0.218978 0.378711 0.434974 0.207649 0.327193
34.600000 0.197921 0.389532 0.190952 0.219969 0.382332 0.434899 0.207744 0.330023
34.800000 0.199373 0.392618 0.191339 0.220733 0.386322 0.434891 0.207878 0.332716
35.000000 0.200500 0.396152 0.191224 0.221692 0.390180 0.435057 0.207801 0.335612
35.200000 0.201466 0.400047 0.191205 0.222354 0.394496 0.434972 0.207961 0.338702
35.400000 0.202358 0.403929 0.191520 0.222986 0.398654 0.435106 0.207928 0.341728
35.600000 0.203186 0.408054 0.191607 0.224001 0.402781 0.435039 0.208061 0.344901
35.800000 0.203717 0.412520 0.191859 0.224721 0.407005 0.434926 0.208012 0.347984
36.000000 0.204517 0.417107 0.191830 0.225574 0.411245 0.435045 0.207990 0.351346
36.200000 0.205021 0.421709 0.191975 0.226555 0.415900 0.434957 0.208054 0.354571
36.400000 0.205636 0.426868 0.192113 0.227322 0.420516 0.435029 0.208220 0.358052
36.600000 0.206107 0.432029 0.192317 0.228162 0.424967 0.435070 0.208287 0.361490
36.800000 0.206562 0.437287 0.192408 0.228831 0.429984 0.435180 0.208429 0.365230
37.000000 0.206978 0.442709 0.192463 0.229577 0.434818 0.435308 0.208367 0.368936
37.200000 0.207454 0.448443 0.192765 0.230511 0.439769 0.435130 0.208457 0.372946
37.400000 0.207865 0.456379 0.193009 0.231504 0.446695 0.434963 0.208589 0.378041
37.600000 0.208170 0.462143 0.193168 0.232265 0.451552 0.435234 0.208684 0.381792
37.800000 0.208524 0.467920 0.193133 0.232795 0.456685 0.435253 0.208592 0.385817
38.000000 0.208739 0.473397 0.193221 0.233784 0.461779 0.435448 0.208809 0.389565
38.200000 0.208951 0.479323 0.193213 0.234507 0.466828 0.435277 0.208879 0.393640
38.400000 0.209065 0.485092 0.193587 0.235235 0.472032 0.435183 0.208963 0.397590
38.600000 0.209134 0.491002 0.193614 0.235826 0.477064 0.435314 0.208973 0.401564
38.800000 0.209574 0.496956 0.193707 0.236558 0.482280 0.435230 0.209122 0.405636
39.000000 0.209727 0.502532 0.193766 0.237351 0.487505 0.435396 0.209193 0.409711
39.200000 0.209850 0.508389 0.193841 0.238130 0.492651 0.435440 0.209315 0.413952
39.400000 0.209826 0.514035 0.193949 0.238647 0.497863 0.435373 0.209445 0.417829
39.600000 0.209975 0.519719 0.194134 0.239416 0.502947 0.435349 0.209398 0.422110
39.800000 0.210221 0.525270 0.194218 0.240035 0.508238 0.435464 0.209368 0.426068
40.000000 0.210362 0.530962 0.194117 0.240579 0.513390 0.435404 0.209520 0.430076
40.200000 0.210449 0.536608 0.194372 0.241364 0.518761 0.435357 0.209632 0.434414
40.400000 0.210577 0.542086 0.194433 0.241904 0.524012 0.435590 0.209718 0.438437
40.600000 0.210656 0.547513 0.194482 0.242606 0.529162 0.435491 0.209858 0.442519
40.800000 0.210812 0.552678 0.194629 0.243366 0.534213 0.435553 0.209917 0.446899
41.000000 0.210919 0.558317 0.194810 0.244018 0.539532 0.435574 0.209968 0.450918
41.200000 0.211021 0.563502 0.194790 0.244363 0.544854 0.435624 0.210069 0.455096
41.400000 0.211121 0.568681 0.194886 0.245168 0.549893 0.435504 0.210163 0.459144
41.600000 0.211155 0.573643 0.195299 0.245774 0.555041 0.435678 0.210170 0.463346
41.800000 0.211275 0.578750 0.195050 0.246427 0.559987 0.435777 0.210356 0.467486
42.000000 0.211406 0.583474 0.195109 0.246924 0.565205 0.435715 0.210375 0.471208
42.200000 0.211452 0.588254 0.194588 0.247614 0.570077 0.435656 0.210453 0.475400
42.400000 0.211487 0.592819 0.195303 0.248004 0.575046 0.435696 0.210691 0.479391
42.600000 0.211564 0.597577 0.234279 0.248484 0.580118 0.435803 0.210660 0.483362
42.800000 0.211498 0.602102 0.156270 0.249181 0.584995 0.435733 0.210555 0.487224
43.000000 0.211734 0.606451 0.195579 0.249676 0.590077 0.435891 0.210812 0.491127
43.200000 0.211918 0.610983 0.195313 0.250246 0.594942 0.435744 0.210701 0.495254
43.400000 0.211819 0.615185 0.195618 0.250965 0.599901 0.435824 0.211133 0.498953
43.600000 0.211909 0.619651 0.195696 0.251318 0.605019 0.435982 0.211188 0.503342
43.800000 0.211826 0.625402 0.195681 0.252033 0.611570 0.436018 0.211175 0.508178
44.000000 0.212079 0.629402 0.195863 0.252624 0.616347 0.435833 0.211302 0.511908
44.200000 0.212139 0.632982 0.195855 0.253185 0.621284 0.435970 0.211409 0.515586
44.400000 0.212184 0.636563 0.195974 0.253726 0.625758 0.435958 0.211341 0.519226
44.600000 0.212109 0.640319 0.196036 0.254177 0.630338 0.436168 0.211584 0.522641
44.800000 0.212296 0.643884 0.196182 0.254666 0.634807 0.436146 0.211737 0.526245
45.000000 0.212277 0.647157 0.196150 0.255148 0.639302 0.436099 0.211754 0.529550
45.200000 0.212270 0.650595 0.196193 0.255666 0.643617 0.436192 0.211825 0.533018
45.400000 0.212382 0.653585 0.196379 0.256003 0.647884 0.435975 0.211694 0.536301
45.600000 0.212501 0.657031 0.196356 0.256620 0.652336 0.436198 0.212069 0.539850
45.800000 0.212411 0.659828 0.196365 0.257056 0.656791 0.436198 0.212048 0.543079
46.000000 0.212573 0.662910 0.196382 0.257652 0.661306 0.436364 0.212208 0.546413
46.200000 0.212604 0.665642 0.196409 0.257940 0.665215 0.436336 0.212218 0.549762
46.400000 0.212668 0.668422 0.196422 0.258421 0.669305 0.436286 0.212349 0.552594
46.600000 0.212700 0.671113 0.196518 0.258985 0.673585 0.436387 0.212458 0.555785
46.800000 0.212593 0.673956 0.196709 0.259362 0.677512 0.436127 0.212605 0.558856
47.000000 0.212858 0.676321 0.196832 0.259748 0.681613 0.436541 0.212624 0.561839
47.200000 0.212787 0.678915 0.196344 0.260098 0.685682 0.436452 0.212829 0.565010
47.400000 0.212794 0.681383 0.196825 0.260595 0.689554 0.436485 0.212840 0.568000
47.600000 0.212829 0.683709 0.196790 0.261073 0.693596 0.436459 0.212833 0.570895
47.800000 0.212806 0.685781 0.196896 0.261325 0.697379 0.436515 0.212953 0.573880
48.000000 0.212728 0.687882 0.196911 0.261889 0.701040 0.436564 0.213076 0.576628
48.200000 0.212858 0.690097 0.196840 0.262288 0.704747 0.436354 0.213123 0.579275
48.400000 0.212879 0.692008 0.197138 0.262938 0.708439 0.436533 0.213307 0.582061
48.600000 0.212947 0.693900 0.196748 0.262926 0.712106 0.436608 0.213172 0.584744
48.800000 0.213002 0.695756 0.197039 0.263514 0.715475 0.436460 0.213217 0.587288
49.000000 0.212969 0.697751 0.197094 0.263778 0.718901 0.436619 0.213411 0.590078
49.200000 0.212902 0.699344 0.197215 0.264231 0.722463 0.436651 0.213560 0.592628
49.400000 0.213081 0.701043 0.197153 0.264685 0.725853 0.436671 0.213496 0.594977
49.600000 0.213105 0.702823 0.197489 0.265158 0.729222 0.436503 0.213662 0.597764
49.800000 0.212943 0.704365 0.197330 0.265433 0.732548 0.436728 0.213833 0.600111
50.000000 0.213220 0.706289 0.197430 0.265805 0.736153 0.436629 0.213836 0.602948
50.200000 0.213258 0.707775 0.197576 0.266114 0.739427 0.436496 0.213915 0.605421
50.400000 0.213246 0.709115 0.197359 0.266683 0.742874 0.436863 0.214118 0.607766
50.600000 0.213348 0.710585 0.197401 0.266924 0.745910 0.436873 0.214200 0.610058
50.800000 0.213442 0.712131 0.197552 0.267190 0.749196 0.436916 0.214371 0.612568
51.000000 0.213372 0.713223 0.197688 0.267709 0.752195 0.436894 0.214375 0.614662
51.200000 0.213378 0.714662 0.197472 0.268053 0.754998 0.436805 0.214445 0.617028
51.400000 0.213418 0.715705 0.197667 0.268451 0.757811 0.436997 0.214497 0.619294
51.600000 0.213416 0.716859 0.197631 0.268775 0.760735 0.437150 0.214624 0.621355
51.800000 0.213437 0.718040 0.197741 0.269098 0.763512 0.436859 0.214641 0.623325
52.000000 0.213344 0.719279 0.197943 0.269511 0.766426 0.437037 0.214779 0.625599
52.200000 0.213429 0.720339 0.197474 0.269657 0.769040 0.436891 0.214584 0.627671
52.400000 0.213485 0.721322 0.197892 0.270219 0.771747 0.437076 0.214921 0.629670
52.600000 0.213549 0.722302 0.198027 0.270438 0.774199 0.436999 0.215102 0.631640
52.800000 0.213575 0.723261 0.197951 0.270698 0.776683 0.437284 0.215027 0.633509
53.000000 0.213597 0.724261 0.197949 0.271078 0.779321 0.437020 0.215243 0.635436
53.200000 0.213479 0.725141 0.198158 0.271506 0.781741 0.437085 0.215298 0.637135
53.400000 0.213507 0.725994 0.198022 0.271803 0.784375 0.437113 0.215354 0.639191
53.600000 0.213742 0.726877 0.197909 0.272193 0.786814 0.437073 0.215336 0.641005
53.800000 0.213738 0.727815 0.197917 0.272622 0.789012 0.437178 0.215490 0.642737
54.000000 0.213628 0.728506 0.198194 0.272688 0.791382 0.437313 0.215582 0.644540
54.200000 0.213925 0.729079 0.198162 0.273181 0.793581 0.437220 0.215709 0.646319
54.400000 0.213817 0.730264 0.198361 0.273580 0.795847 0.437360 0.215790 0.647892
54.600000 0.213782 0.730817 0.198121 0.273752 0.798239 0.437195 0.215762 0.649784
54.800000 0.213821 0.731573 0.198227 0.273897 0.800138 0.437339 0.215976 0.651341
55.000000 0.213800 0.732133 0.198273 0.274397 0.802285 0.437556 0.216077 0.653052
55.200000 0.213695 0.732877 0.198352 0.274685 0.804354 0.437456 0.216197 0.654431
55.400000 0.213700 0.733548 0.198385 0.275002 0.806524 0.437576 0.216100 0.656000
55.600000 0.213888 0.734204 0.198066 0.275267 0.808437 0.437368 0.216277 0.657501
55.800000 0.213918 0.734750 0.198395 0.275485 0.810284 0.437520 0.216359 0.659170
56.000000 0.213884 0.735476 0.198440 0.275918 0.812497 0.437489 0.216398 0.660786
56.200000 0.213645 0.736122 0.198516 0.276278 0.814864 0.437552 0.216761 0.662471
56.400000 0.213923 0.736835 0.198403 0.276626 0.816592 0.437462 0.216422 0.663947
56.600000 0.213896 0.737050 0.198612 0.276871 0.818250 0.437494 0.216717 0.665289
56.800000 0.213977 0.737648 0.198437 0.277208 0.820096 0.437744 0.216826 0.666710
57.000000 0.213968 0.738112 0.198607 0.277473 0.821837 0.437491 0.216928 0.668161
57.200000 0.214062 0.738781 0.198565 0.277817 0.823544 0.437660 0.217091 0.669292
57.400000 0.213732 0.738989 0.198652 0.278016 0.825283 0.437751 0.217031 0.670626
57.600000 0.213971 0.739625 0.198535 0.278311 0.826737 0.437661 0.217212 0.671946
57.800000 0.213977 0.740175 0.198701 0.278574 0.828635 0.437768 0.217134 0.673184
58.000000 0.213820 0.740652 0.198748 0.278782 0.829874 0.437510 0.217257 0.674402
58.200000 0.214030 0.740913 0.198713 0.279204 0.831509 0.437885 0.217381 0.675640
58.400000 0.213898 0.741477 0.198734 0.279481 0.832987 0.438042 0.217440 0.676779
58.600000 0.214033 0.741621 0.198789 0.279722 0.834474 0.437865 0.217504 0.677884
58.800000 0.213974 0.741915 0.198679 0.279829 0.835873 0.437793 0.217612 0.678794
59.000000 0.214120 0.742468 0.198926 0.280178 0.837238 0.437819 0.217477 0.679999
59.200000 0.214147 0.742825 0.198929 0.280597 0.838661 0.437861 0.217763 0.681048
59.400000 0.214163 0.743219 0.198911 0.280637 0.840012 0.438043 0.217830 0.682135
59.600000 0.214018 0.743247 0.198680 0.281017 0.841512 0.438058 0.217886 0.683227
59.800000 0.214083 0.744000 0.198924 0.281397 0.842685 0.437824 0.217968 0.684263
60.000000 0.214251 0.744062 0.198933 0.281511 0.844033 0.437961 0.218161 0.685316
60.200000 0.214297 0.744578 0.198965 0.281710 0.845433 0.437968 0.218118 0.686134
60.400000 0.214382 0.744909 0.198875 0.282025 0.846698 0.438035 0.218169 0.687131
60.600000 0.214349 0.745217 0.199059 0.282135 0.847487 0.437880 0.218296 0.688217
60.800000 0.214335 0.745351 0.199015 0.282565 0.849035 0.438039 0.218204 0.688984
61.000000 0.214311 0.745159 0.199058 0.282698 0.850237 0.438060 0.218383 0.689994
61.200000 0.214464 0.746139 0.198985 0.283186 0.851483 0.437965 0.218548 0.691040
61.400000 0.214477 0.746346 0.198981 0.283347 0.852853 0.438052 0.218433 0.691624
61.600000 0.214348 0.746469 0.199119 0.283362 0.853438 0.438140 0.218554 0.692853
61.800000 0.214381 0.746910 0.199233 0.283676 0.854854 0.438028 0.218778 0.693741
62.000000 0.214258 0.747240 0.199194 0.283976 0.856137 0.438035 0.218595 0.694338
62.200000 0.214243 0.747666 0.199133 0.284152 0.857303 0.438221 0.219079 0.695635
62.400000 0.214374 0.747442 0.199412 0.284430 0.858713 0.438116 0.219054 0.696524
62.600000 0.214373 0.748139 0.199270 0.284956 0.859608 0.438216 0.219036 0.697214
62.800000 0.214364 0.748217 0.199180 0.285177 0.860742 0.438374 0.219215 0.697971
63.000000 0.214417 0.748684 0.199409 0.285360 0.861435 0.438282 0.219140 0.698851
63.200000 0.214397 0.748859 0.199331 0.285556 0.862429 0.438382 0.219163 0.699737
63.400000 0.214428 0.748932 0.199336 0.285799 0.863527 0.438338 0.219307 0.700406
63.600000 0.214381 0.749097 0.199319 0.286066 0.864536 0.438267 0.219290 0.701197
63.800000 0.214351 0.749619 0.199577 0.286298 0.865356 0.438240 0.219507 0.701780
64.000000 0.214483 0.749707 0.199509 0.286538 0.866507 0.438446 0.219573 0.702464
64.200000 0.214401 0.749937 0.199341 0.286594 0.867330 0.438512 0.219651 0.664187
64.400000 0.214288 0.750065 0.199449 0.286900 0.868074 0.438415 0.219756 0.703845
64.600000 0.214252 0.750263 0.199368 0.287210 0.868923 0.438468 0.219746 0.704459
64.800000 0.214399 0.750308 0.199493 0.287335 0.869749 0.438495 0.219734 0.705212
65.000000 0.214524 0.750533 0.199525 0.287659 0.870562 0.438492 0.219970 0.705585
65.200000 0.214425 0.750593 0.199436 0.287923 0.871341 0.438328 0.220150 0.706198
65.400000 0.214431 0.750620 0.199529 0.287992 0.872340 0.438602 0.220093 0.706957
65.600000 0.214406 0.751030 0.199460 0.288139 0.873218 0.438604 0.220156 0.707416
65.800000 0.214406 0.751135 0.199506 0.288509 0.873598 0.438601 0.220175 0.708065
66.000000 0.214435 0.751208 0.199607 0.288613 0.874379 0.438675 0.220288 0.708621
66.200000 0.214514 0.751379 0.199581 0.288873 0.875176 0.438651 0.220332 0.709197
66.400000 0.214479 0.751699 0.199646 0.289109 0.875898 0.438662 0.220456 0.709885
66.600000 0.214484 0.751761 0.199636 0.289317 0.876699 0.438663 0.220604 0.710306
66.800000 0.214400 0.751908 0.199631 0.289533 0.877358 0.438697 0.220571 0.710514
67.000000 0.214676 0.752047 0.199721 0.289699 0.877848 0.438578 0.220568 0.711477
67.200000 0.214488 0.752353 0.199782 0.289987 0.878630 0.438591 0.220718 0.711892
67.400000 0.214670 0.752183 0.199651 0.290071 0.879302 0.438809 0.220644 0.712282
67.600000 0.214678 0.752341 0.199592 0.290337 0.879911 0.438746 0.220841 0.712774
67.800000 0.214507 0.752372 0.199666 0.290397 0.880285 0.438918 0.220922 0.713258
68.000000 0.214492 0.752685 0.199781 0.290571 0.881089 0.438758 0.220990 0.713908
68.200000 0.214537 0.752713 0.199812 0.290914 0.881850 0.438793 0.221205 0.714360
68.400000 0.214587 0.752956 0.199874 0.291053 0.882496 0.438727 0.221108 0.715162
68.600000 0.214688 0.752869 0.199839 0.291374 0.883139 0.438966 0.221179 0.715361
68.800000 0.214420 0.753042 0.199891 0.291716 0.883854 0.438899 0.221243 0.715672
69.000000 0.214528 0.753314 0.199775 0.291866 0.884518 0.438917 0.221289 0.716313
69.200000 0.214636 0.753214 0.199775 0.291998 0.884971 0.438967 0.221266 0.716758
69.400000 0.214616 0.753330 0.199997 0.292154 0.885603 0.438885 0.221530 0.717248
69.600000 0.214621 0.753511 0.199904 0.292307 0.886226 0.438971 0.221551 0.717694
69.800000 0.214648 0.753685 0.199909 0.292631 0.886621 0.438898 0.221630 0.717886
70.000000 0.214686 0.753804 0.199953 0.292684 0.887258 0.439143 0.221668 0.718232
70.200000 0.214544 0.753936 0.199962 0.292823 0.887733 0.439038 0.221730 0.718771
70.400000 0.214705 0.753917 0.199899 0.292996 0.888353 0.439281 0.221828 0.719181
70.600000 0.214624 0.754224 0.200042 0.293350 0.888866 0.438963 0.221986 0.719590
70.800000 0.214715 0.754166 0.200020 0.293329 0.889323 0.439089 0.221941 0.719879
71.000000 0.214757 0.754301 0.200134 0.293700 0.889532 0.438746 0.221900 0.720509
71.200000 0.214395 0.754134 0.199921 0.293849 0.890107 0.438921 0.222039 0.720680
71.400000 0.214731 0.754626 0.199901 0.293934 0.890681 0.439099 0.222105 0.721030
71.600000 0.214783 0.754534 0.200056 0.294046 0.891138 0.439059 0.222309 0.721392
71.800000 0.214679 0.754509 0.200049 0.294306 0.891609 0.439224 0.222241 0.721880
72.000000 0.214741 0.754806 0.200179 0.294294 0.892348 0.439059 0.222292 0.721988
72.200000 0.214837 0.754882 0.200084 0.294775 0.892711 0.439211 0.222411 0.722466
72.400000 0.214734 0.754912 0.200248 0.295051 0.893139 0.439230 0.222442 0.722666
72.600000 0.214697 0.754943 0.200071 0.295026 0.893366 0.439242 0.222549 0.722964
72.800000 0.214738 0.755102 0.200161 0.295260 0.893989 0.439065 0.222519 0.723283
73.000000 0.214726 0.755186 0.200091 0.295433 0.894206 0.439245 0.222656 0.723657
73.200000 0.214742 0.755261 0.200226 0.295584 0.894734 0.439026 0.222700 0.724003
73.400000 0.214753 0.755254 0.200131 0.295936 0.895009 0.439229 0.222778 0.724401
73.600000 0.214751 0.755308 0.200169 0.295932 0.895683 0.439268 0.222800 0.724588
73.800000 0.214758 0.755274 0.200279 0.296139 0.895968 0.439327 0.222753 0.725075
74.000000 0.214753 0.755055 0.200307 0.296230 0.896239 0.439318 0.222940 0.725133
74.200000 0.214768 0.755600 0.200282 0.296373 0.896711 0.439452 0.222955 0.725463
74.400000 0.214850 0.755634 0.200295 0.296631 0.897284 0.439410 0.223148 0.725929
74.600000 0.214843 0.755740 0.200329 0.296908 0.897470 0.439574 0.223139 0.726047
74.800000 0.214801 0.755664 0.200472 0.297104 0.898072 0.439464 0.223082 0.726468
75.000000 0.214822 0.755884 0.200362 0.297120 0.898382 0.439407 0.223262 0.726637
75.200000 0.214575 0.755881 0.200298 0.297257 0.898559 0.439428 0.223355 0.726779
75.400000 0.214871 0.756005 0.200468 0.297397 0.899268 0.439360 0.223337 0.727157
75.600000 0.214900 0.755999 0.200382 0.297635 0.899382 0.439363 0.223283 0.727416
75.800000 0.214907 0.756109 0.200467 0.297710 0.899719 0.439596 0.223430 0.727467
76.000000 0.214901 0.756113 0.200129 0.297904 0.900146 0.439543 0.223584 0.727750
76.200000 0.214885 0.756146 0.200380 0.298154 0.900471 0.439625 0.223613 0.728282
76.400000 0.214900 0.756340 0.200469 0.298381 0.900870 0.439599 0.223660 0.728535
76.600000 0.214566 0.756580 0.200477 0.298491 0.901092 0.439552 0.223604 0.728669
76.800000 0.214828 0.756388 0.200443 0.298762 0.901392 0.439638 0.223639 0.729009
77.000000 0.214773 0.756262 0.200353 0.298633 0.901662 0.439501 0.223862 0.729069
77.200000 0.214833 0.756819 0.200560 0.298809 0.902011 0.439506 0.223963 0.729286
77.400000 0.214775 0.756739 0.200650 0.299098 0.902294 0.439720 0.223864 0.729535
77.600000 0.214759 0.756511 0.200524 0.298997 0.902500 0.439629 0.223920 0.729692
77.800000 0.214767 0.756701 0.200515 0.299441 0.902881 0.439712 0.224031 0.730124
78.000000 0.214688 0.756580 0.200508 0.299574 0.902944 0.439715 0.224138 0.730255
78.200000 0.214825 0.756758 0.200590 0.299743 0.903350 0.439713 0.224208 0.730394
78.400000 0.214674 0.756823 0.200632 0.299888 0.903257 0.439557 0.224186 0.730639
78.600000 0.214668 0.756829 0.200588 0.300054 0.903919 0.439726 0.224165 0.730764
78.800000 0.214724 0.756868 0.200514 0.300069 0.904014 0.439835 0.224310 0.730983
79.000000 0.214652 0.756783 0.200706 0.300390 0.904332 0.439768 0.224452 0.731091
79.200000 0.214561 0.756865 0.200692 0.300513 0.904520 0.439868 0.224506 0.731451
79.400000 0.214751 0.756906 0.200743 0.300581 0.904774 0.439836 0.224538 0.731446
79.600000 0.214583 0.756935 0.200632 0.300719 0.905107 0.439469 0.224527 0.731706
79.800000 0.214728 0.756943 0.200639 0.300844 0.905252 0.439885 0.224689 0.731938
80.000000 0.214751 0.756927 0.200694 0.300994 0.905526 0.439963 0.224677 0.732006
80.200000 0.214745 0.757135 0.200560 0.300895 0.905525 0.440015 0.224896 0.731998
80.400000 0.214986 0.757035 0.200751 0.301361 0.906016 0.440034 0.224778 0.732346
80.600000 0.214814 0.756944 0.200725 0.301498 0.906208 0.440031 0.224903 0.732434
80.800000 0.214977 0.757178 0.200707 0.301615 0.906531 0.439879 0.224893 0.732665
81.000000 0.214995 0.757015 0.200740 0.301756 0.906595 0.440189 0.225040 0.732841
81.200000 0.214725 0.756996 0.200768 0.301799 0.906799 0.439999 0.225024 0.732967
81.400000 0.214825 0.756905 0.200689 0.301861 0.906837 0.440023 0.225167 0.733107
81.600000 0.214748 0.757158 0.200694 0.302119 0.907276 0.440033 0.225061 0.733193
81.800000 0.214697 0.757092 0.200681 0.302273 0.907187 0.439919 0.225006 0.733407
82.000000 0.214880 0.757099 0.200768 0.302349 0.907527 0.440215 0.225152 0.733513
82.200000 0.214861 0.757222 0.200692 0.302464 0.907766 0.440147 0.225243 0.733689
82.400000 0.214868 0.757032 0.200710 0.302557 0.907869 0.439960 0.225319 0.733759
82.600000 0.214754 0.757039 0.200783 0.302880 0.908019 0.439956 0.225327 0.733893
82.800000 0.214913 0.757156 0.200688 0.302858 0.908184 0.440201 0.225349 0.734250
83.000000 0.214879 0.757314 0.200686 0.302982 0.908358 0.440189 0.225502 0.734242
83.200000 0.214861 0.757145 0.200909 0.303091 0.908401 0.440134 0.225483 0.734220
83.400000 0.214893 0.757319 0.200868 0.303149 0.908541 0.440085 0.225435 0.734329
83.600000 0.214736 0.757424 0.200954 0.303262 0.908942 0.440095 0.225530 0.734522
83.800000 0.214994 0.757326 0.200867 0.303623 0.909065 0.440095 0.225605 0.734633
84.000000 0.214859 0.757341 0.200870 0.303376 0.909035 0.440159 0.225675 0.734563
84.200000 0.214708 0.757378 0.200872 0.303790 0.909301 0.440339 0.225749 0.734968
84.400000 0.214697 0.757312 0.200750 0.303761 0.909571 0.440229 0.225745 0.734878
84.600000 0.214887 0.757331 0.201063 0.304031 0.909578 0.440269 0.225750 0.735028
84.800000 0.214798 0.757436 0.200831 0.303911 0.909546 0.440170 0.225730 0.735111
85.000000 0.214873 0.757573 0.200819 0.304049 0.909767 0.440357 0.225879 0.735316
85.200000 0.214927 0.757527 0.200851 0.304118 0.909949 0.440432 0.225845 0.735378
85.400000 0.214976 0.757497 0.200916 0.304362 0.910049 0.440274 0.225842 0.735348
85.600000 0.214916 0.757305 0.201007 0.304456 0.910246 0.440260 0.225842 0.735526
85.800000 0.214943 0.757644 0.200980 0.304650 0.910217 0.440283 0.226030 0.735879
86.000000 0.214927 0.757478 0.200949 0.304828 0.910497 0.440196 0.226091 0.736054
86.200000 0.214980 0.757511 0.200963 0.304834 0.910714 0.440252 0.226054 0.735959
86.400000 0.214921 0.757461 0.200972 0.304872 0.910939 0.440258 0.226204 0.736033
86.600000 0.214864 0.757506 0.200828 0.305173 0.910989 0.440367 0.226277 0.736071
86.800000 0.215087 0.757508 0.201027 0.305110 0.911034 0.440345 0.226253 0.736149
87.000000 0.215038 0.757725 0.201041 0.305175 0.910819 0.440165 0.226210 0.736289
87.200000 0.214881 0.757886 0.201038 0.305560 0.911561 0.440381 0.226421 0.736633
87.400000 0.215036 0.757660 0.200818 0.305231 0.911300 0.440439 0.226375 0.736538
87.600000 0.215027 0.757651 0.200970 0.305699 0.911808 0.440492 0.226291 0.736675
87.800000 0.214896 0.758197 0.201025 0.305780 0.911813 0.440401 0.226488 0.736784
88.000000 0.214968 0.757913 0.201055 0.305786 0.912033 0.440459 0.226530 0.736718
88.200000 0.214942 0.757961 0.201020 0.305858 0.912060 0.440397 0.226728 0.736996
88.400000 0.215023 0.758027 0.201082 0.306279 0.912303 0.440409 0.226685 0.736953
88.600000 0.215067 0.758011 0.201089 0.306147 0.912368 0.440551 0.226501 0.737252
88.800000 0.215054 0.757974 0.201243 0.306380 0.912596 0.440200 0.226655 0.737423
89.000000 0.215082 0.757955 0.201138 0.306411 0.912591 0.440595 0.226777 0.737432
89.200000 0.215103 0.758130 0.200973 0.306446 0.912886 0.440468 0.226837 0.737374
89.400000 0.215082 0.758420 0.200995 0.306568 0.913057 0.440578 0.226765 0.737481
89.600000 0.215080 0.758068 0.201207 0.306579 0.913044 0.440606 0.226823 0.737591
89.800000 0.215094 0.758243 0.201163 0.306768 0.913208 0.440549 0.227039 0.737642
90.000000 0.215071 0.758268 0.201259 0.306947 0.913269 0.440539 0.226793 0.737766
