0.200000 0.055456 0.429794 0.161793 0.223145 0.510483 0.372527 0.201864 0.424321
0.400000 0.055271 0.428456 0.161009 0.222447 0.507584 0.372260 0.201424 0.422001
0.600000 0.055298 0.427980 0.161306 0.221940 0.506131 0.372521 0.201492 0.420767
0.800000 0.055258 0.427321 0.161322 0.221803 0.504426 0.372340 0.201269 0.419565
1.000000 0.055379 0.426758 0.161394 0.221357 0.502901 0.372399 0.201247 0.418536
1.200000 0.055314 0.426129 0.161023 0.221077 0.501110 0.372415 0.201156 0.417140
1.400000 0.055099 0.425392 0.161283 0.220742 0.499604 0.372397 0.200870 0.415804
1.600000 0.055353 0.424848 0.161231 0.220226 0.498298 0.372205 0.200922 0.414654
1.800000 0.055223 0.424208 0.161251 0.220005 0.496630 0.372185 0.200726 0.413579
2.000000 0.055170 0.423564 0.160984 0.219778 0.495072 0.372216 0.200627 0.412430
2.200000 0.055192 0.422980 0.161042 0.219362 0.493597 0.372256 0.200354 0.411372
2.400000 0.055191 0.422512 0.161042 0.219016 0.491807 0.372319 0.200407 0.410032
2.600000 0.055130 0.421974 0.160952 0.218775 0.490491 0.372217 0.200259 0.408854
2.800000 0.055023 0.421280 0.160967 0.218270 0.488834 0.372201 0.200110 0.407613
3.000000 0.055099 0.420768 0.160845 0.217969 0.487421 0.372168 0.199989 0.406581
3.200000 0.055118 0.420368 0.160832 0.217786 0.486051 0.372313 0.199749 0.405413
3.400000 0.055133 0.419701 0.160864 0.217368 0.484478 0.372099 0.199623 0.404251
3.600000 0.055111 0.419189 0.160853 0.217258 0.482972 0.372105 0.199494 0.403186
3.800000 0.055108 0.418544 0.160764 0.216647 0.481653 0.372050 0.199495 0.402018
4.000000 0.055088 0.417970 0.160742 0.216417 0.480269 0.372116 0.199345 0.401104
4.200000 0.054914 0.417463 0.160610 0.216125 0.478894 0.371878 0.199215 0.399773
4.400000 0.055104 0.417030 0.160527 0.215809 0.477259 0.372005 0.199245 0.398790
4.600000 0.054939 0.416470 0.160819 0.215588 0.475926 0.371859 0.198882 0.397513
4.800000 0.054934 0.415905 0.160623 0.215289 0.474281 0.372127 0.198848 0.396626
5.000000 0.054996 0.415590 0.160567 0.214865 0.473400 0.371929 0.198801 0.395596
5.200000 0.054992 0.414941 0.160503 0.214765 0.471585 0.371875 0.198656 0.394540
5.400000 0.055053 0.414497 0.160390 0.214500 0.470700 0.371960 0.198467 0.393462
5.600000 0.055034 0.413755 0.160407 0.214110 0.469194 0.371795 0.198407 0.392318
5.800000 0.055026 0.413500 0.160508 0.213867 0.467552 0.371710 0.198252 0.391411
6.000000 0.054985 0.412903 0.160459 0.213592 0.466328 0.371831 0.198171 0.390439
6.200000 0.055022 0.412465 0.160353 0.213218 0.465030 0.371826 0.198007 0.389376
6.400000 0.055037 0.411986 0.160353 0.212989 0.463483 0.371562 0.197873 0.388256
6.600000 0.054833 0.411276 0.160343 0.212449 0.461612 0.371558 0.197901 0.386893
6.800000 0.055079 0.410817 0.160254 0.212382 0.460433 0.371643 0.197597 0.385925
7.000000 0.054945 0.410359 0.160215 0.211877 0.459143 0.371675 0.197375 0.384872
7.200000 0.055081 0.409792 0.160115 0.211753 0.457951 0.371553 0.197368 0.383857
7.400000 0.055064 0.409530 0.160178 0.211476 0.456566 0.371457 0.197252 0.382960
7.600000 0.054895 0.408986 0.160120 0.211039 0.455278 0.371611 0.197086 0.381983
7.800000 0.054933 0.408403 0.160209 0.210901 0.453979 0.371433 0.196962 0.380732
8.000000 0.054783 0.408087 0.160188 0.210578 0.452815 0.371493 0.196871 0.380027
8.200000 0.054893 0.407448 0.159990 0.210300 0.451438 0.371481 0.196559 0.379174
8.400000 0.054919 0.407047 0.159954 0.210202 0.450347 0.371550 0.196771 0.378200
8.600000 0.054895 0.406721 0.159965 0.209687 0.449050 0.371478 0.196486 0.377209
8.800000 0.054886 0.406281 0.159861 0.209754 0.447795 0.371479 0.196520 0.376250
9.000000 0.054868 0.405755 0.159768 0.209462 0.446688 0.371298 0.196267 0.375518
9.200000 0.054873 0.405366 0.159827 0.209119 0.445500 0.371363 0.196113 0.374327
9.400000 0.054857 0.405076 0.159767 0.208994 0.444386 0.371506 0.196035 0.373721
9.600000 0.054843 0.404618 0.159823 0.208647 0.443164 0.371337 0.195889 0.372751
9.800000 0.054845 0.404231 0.159645 0.208368 0.442181 0.371358 0.195811 0.371924
10.000000 0.054829 0.403600 0.159706 0.208160 0.440937 0.371320 0.195740 0.370990
10.200000 0.054829 0.403355 0.159726 0.207873 0.439834 0.371227 0.195538 0.370095
10.400000 0.054628 0.403135 0.159628 0.207698 0.438842 0.370939 0.195351 0.369229
10.600000 0.054834 0.402407 0.159495 0.207375 0.437555 0.371212 0.195268 0.368415
10.800000 0.054791 0.402302 0.159666 0.207096 0.436267 0.371145 0.195195 0.367584
11.000000 0.054629 0.401893 0.159538 0.207041 0.435310 0.371153 0.195063 0.366585
11.200000 0.054895 0.401335 0.159609 0.206686 0.434389 0.371113 0.194968 0.365894
11.400000 0.054639 0.400989 0.159546 0.206571 0.433015 0.370975 0.194719 0.365120
11.600000 0.054777 0.400615 0.159454 0.206291 0.432078 0.370950 0.194682 0.364139
11.800000 0.054648 0.400211 0.159558 0.206041 0.430760 0.371067 0.194467 0.363336
12.000000 0.054778 0.399755 0.159351 0.205799 0.429941 0.371088 0.194499 0.362537
12.200000 0.054737 0.399344 0.159594 0.205609 0.428736 0.370969 0.194510 0.361764
12.400000 0.054749 0.398905 0.159348 0.205343 0.427831 0.370981 0.194285 0.360943
12.600000 0.054736 0.398637 0.159370 0.205122 0.426585 0.370817 0.194146 0.360019
12.800000 0.054677 0.398042 0.159237 0.204672 0.425166 0.370681 0.193799 0.359190
13.000000 0.054698 0.397857 0.159475 0.204684 0.424525 0.370740 0.193900 0.358294
13.200000 0.054721 0.397382 0.159053 0.204398 0.423725 0.370901 0.193664 0.357678
13.400000 0.054693 0.397122 0.159249 0.204215 0.422723 0.370784 0.193724 0.357113
13.600000 0.054706 0.396775 0.159172 0.203947 0.421678 0.370811 0.193580 0.356402
13.800000 0.054708 0.396467 0.159177 0.203838 0.420746 0.370648 0.193481 0.355644
14.000000 0.054719 0.396196 0.159289 0.203605 0.419897 0.370637 0.193408 0.354974
14.200000 0.054678 0.395866 0.159221 0.203576 0.419000 0.370738 0.193289 0.354362
14.400000 0.054672 0.395416 0.159216 0.203250 0.417965 0.370482 0.193300 0.353647
14.600000 0.054693 0.395331 0.159300 0.203141 0.417061 0.370687 0.193169 0.352899
14.800000 0.054514 0.394945 0.159001 0.202944 0.416393 0.370721 0.192958 0.352252
15.000000 0.054641 0.394526 0.159035 0.202649 0.415456 0.370644 0.192980 0.390617
15.200000 0.054638 0.394368 0.158868 0.202615 0.414531 0.370661 0.192770 0.351062
15.400000 0.054647 0.394085 0.159004 0.202401 0.413763 0.370572 0.192567 0.350285
15.600000 0.054650 0.393554 0.159023 0.202224 0.412507 0.370569 0.192561 0.349525
15.800000 0.054546 0.393288 0.158967 0.202177 0.411916 0.370540 0.192136 0.348856
16.000000 0.054618 0.392995 0.158862 0.201838 0.410998 0.370399 0.192315 0.348229
16.200000 0.054478 0.392664 0.158780 0.201632 0.410119 0.370367 0.192193 0.347387
16.400000 0.054685 0.392385 0.158920 0.201485 0.409238 0.370541 0.192130 0.346888
16.600000 0.054613 0.392018 0.158922 0.201291 0.408515 0.370455 0.191975 0.346189
16.800000 0.054613 0.391825 0.158965 0.201242 0.407684 0.370462 0.191848 0.345639
17.000000 0.054587 0.391536 0.158748 0.200840 0.406665 0.370421 0.191849 0.345006
17.200000 0.054594 0.391132 0.158693 0.200673 0.405923 0.370347 0.191727 0.344365
17.400000 0.054575 0.390897 0.158814 0.200524 0.405201 0.370376 0.191584 0.343729
17.600000 0.054582 0.390479 0.158816 0.200233 0.403946 0.370182 0.191553 0.343134
17.800000 0.054572 0.390222 0.158726 0.200235 0.403385 0.370305 0.191470 0.342453
18.000000 0.054536 0.390037 0.158577 0.200398 0.402643 0.370318 0.191360 0.341902
18.200000 0.054538 0.389679 0.158728 0.199882 0.401807 0.370288 0.191246 0.341262
18.400000 0.054572 0.389465 0.158763 0.199984 0.401058 0.370330 0.191050 0.340818
18.600000 0.054506 0.389226 0.158629 0.199566 0.400350 0.370240 0.190920 0.340215
18.800000 0.054547 0.388871 0.158590 0.199330 0.399356 0.370243 0.191031 0.339465
19.000000 0.054549 0.388598 0.158620 0.199201 0.398319 0.370044 0.190829 0.338731
19.200000 0.054506 0.388286 0.158650 0.199050 0.397776 0.370233 0.190883 0.338106
19.400000 0.054522 0.387985 0.158510 0.198794 0.396791 0.370287 0.190621 0.337507
19.600000 0.054443 0.387579 0.158395 0.198594 0.395852 0.369977 0.190414 0.336798
19.800000 0.054504 0.387140 0.158496 0.198643 0.395488 0.370083 0.190381 0.336251
20.000000 0.054481 0.386841 0.158682 0.198385 0.394716 0.370035 0.190327 0.335745
20.200000 0.054340 0.386762 0.158433 0.198133 0.393706 0.369942 0.190218 0.335230
20.400000 0.054548 0.386617 0.158597 0.197923 0.393196 0.370069 0.190192 0.334733
20.600000 0.054481 0.386386 0.158508 0.197795 0.392323 0.369957 0.190180 0.334135
20.800000 0.054594 0.386076 0.158499 0.197743 0.391636 0.369552 0.189954 0.333528
21.000000 0.054459 0.385672 0.158433 0.197513 0.390701 0.369962 0.189858 0.332968
21.200000 0.054403 0.385475 0.158308 0.197383 0.390111 0.370022 0.189778 0.332457
21.400000 0.054441 0.385188 0.158503 0.197409 0.389457 0.369906 0.189653 0.331922
21.600000 0.054461 0.385097 0.158274 0.196888 0.388207 0.369949 0.189611 0.331391
21.800000 0.054451 0.384771 0.158356 0.196970 0.388023 0.369749 0.189489 0.330830
22.000000 0.054429 0.384516 0.158316 0.196745 0.387321 0.369700 0.189255 0.330325
22.200000 0.054471 0.384108 0.158344 0.196571 0.386655 0.369753 0.189331 0.329647
22.400000 0.054423 0.384042 0.158164 0.196350 0.385813 0.369844 0.189202 0.329216
22.600000 0.054395 0.383744 0.158319 0.196331 0.385114 0.369768 0.189084 0.328689
22.800000 0.054407 0.383366 0.158275 0.196189 0.384513 0.369617 0.188934 0.328139
23.000000 0.054352 0.383255 0.158352 0.196028 0.383689 0.369595 0.188710 0.327558
23.200000 0.054398 0.382982 0.158377 0.196072 0.383101 0.369608 0.188876 0.327078
23.400000 0.054408 0.382708 0.158247 0.195706 0.382484 0.369525 0.188707 0.326566
23.600000 0.054359 0.382302 0.158092 0.195592 0.381746 0.369642 0.188473 0.326039
23.800000 0.054382 0.382191 0.158163 0.195604 0.380881 0.369512 0.188514 0.325573
24.000000 0.054345 0.381994 0.158190 0.195286 0.380482 0.369452 0.188595 0.325161
24.200000 0.054336 0.381895 0.158216 0.195124 0.379668 0.369552 0.188361 0.324479
24.400000 0.054350 0.381546 0.157978 0.195050 0.378923 0.369421 0.188404 0.323959
24.600000 0.054346 0.381341 0.158122 0.194826 0.378414 0.369478 0.188142 0.323576
24.800000 0.054352 0.380940 0.158103 0.194788 0.377744 0.369560 0.188093 0.323036
25.000000 0.054336 0.380706 0.157937 0.194597 0.377055 0.369442 0.187851 0.322515
25.200000 0.054203 0.380648 0.158115 0.194539 0.376391 0.369516 0.187957 0.322027
25.400000 0.054318 0.380240 0.158082 0.194361 0.375636 0.369470 0.187802 0.321462
25.600000 0.054255 0.379794 0.157895 0.194020 0.375037 0.369318 0.187699 0.321033
25.800000 0.054292 0.379671 0.158011 0.194005 0.374310 0.369391 0.187638 0.320584
26.000000 0.054300 0.379574 0.158034 0.193816 0.373696 0.369409 0.187404 0.320088
26.200000 0.054180 0.379259 0.157973 0.193924 0.372955 0.369168 0.187433 0.319381
26.400000 0.054249 0.378878 0.157987 0.193616 0.372533 0.369347 0.187473 0.318912
26.600000 0.054454 0.378771 0.157751 0.193491 0.371938 0.369288 0.187287 0.318482
26.800000 0.054272 0.378592 0.158021 0.193206 0.371330 0.369226 0.187128 0.318174
27.000000 0.054291 0.378395 0.157957 0.193063 0.370502 0.369146 0.187158 0.317652
27.200000 0.054290 0.378172 0.157789 0.192959 0.369931 0.369208 0.186770 0.317218
27.400000 0.054297 0.377963 0.157867 0.193002 0.369484 0.369261 0.186960 0.316622
27.600000 0.054279 0.377721 0.157813 0.192652 0.368691 0.369246 0.186830 0.316459
27.800000 0.054268 0.377523 0.157741 0.192673 0.368328 0.368990 0.186629 0.315730
28.000000 0.054203 0.377203 0.157784 0.192713 0.367456 0.369068 0.186699 0.315249
28.200000 0.054193 0.377179 0.157688 0.192326 0.367055 0.369004 0.186605 0.314850
28.400000 0.054266 0.376785 0.157678 0.192328 0.366430 0.369085 0.186548 0.314544
28.600000 0.054256 0.376638 0.157747 0.192185 0.365872 0.368974 0.186332 0.314047
28.800000 0.054219 0.376712 0.157775 0.192089 0.365150 0.369008 0.186513 0.313680
29.000000 0.054243 0.376200 0.157682 0.191895 0.364801 0.368884 0.186270 0.313132
29.200000 0.054240 0.375858 0.157721 0.191894 0.364221 0.368900 0.186071 0.312745
29.400000 0.054228 0.375766 0.157661 0.191745 0.363673 0.368902 0.186092 0.312391
29.600000 0.054212 0.375440 0.157775 0.191442 0.362908 0.368739 0.185962 0.311775
29.800000 0.054252 0.375383 0.157724 0.191442 0.362333 0.368809 0.185763 0.311530
30.000000 0.054224 0.375183 0.157721 0.191293 0.361959 0.368899 0.185773 0.310986
30.200000 0.054315 0.374984 0.157563 0.191270 0.361453 0.368824 0.185566 0.310435
30.400000 0.054203 0.374813 0.157695 0.191124 0.360842 0.368733 0.185835 0.310086
30.600000 0.054227 0.374566 0.157501 0.190975 0.360185 0.368788 0.185615 0.310035
30.800000 0.054302 0.374166 0.157563 0.190777 0.359530 0.368741 0.185415 0.309428
31.000000 0.054843 0.374149 0.157523 0.190797 0.359191 0.368719 0.185465 0.309068
31.200000 0.055353 0.373946 0.157475 0.190664 0.358815 0.368828 0.185336 0.308739
31.400000 0.056217 0.373557 0.157574 0.190523 0.358430 0.368787 0.185311 0.308522
31.600000 0.057064 0.373620 0.157543 0.190542 0.358688 0.368599 0.185120 0.308605
31.800000 0.057866 0.373639 0.157686 0.190543 0.358989 0.368573 0.185105 0.308723
32.000000 0.058896 0.373566 0.157545 0.190568 0.359764 0.368727 0.185136 0.309391
32.200000 0.059832 0.373890 0.157692 0.190622 0.361033 0.368550 0.185066 0.310234
32.400000 0.060786 0.374369 0.157727 0.191184 0.362830 0.368604 0.184959 0.311884
32.600000 0.061503 0.375131 0.157751 0.191455 0.364993 0.368615 0.185109 0.313203
32.800000 0.062503 0.376330 0.157498 0.191839 0.367850 0.368539 0.185128 0.315397
33.000000 0.063266 0.377844 0.157875 0.192586 0.371425 0.368639 0.185134 0.317752
33.200000 0.063948 0.380005 0.158056 0.193611 0.375233 0.368563 0.185201 0.320696
33.400000 0.064635 0.382415 0.158093 0.194584 0.379576 0.368558 0.185131 0.323807
33.600000 0.065259 0.385836 0.158478 0.195984 0.384204 0.368800 0.185354 0.327210
33.800000 0.065803 0.389574 0.158795 0.197015 0.389065 0.368608 0.185342 0.330943
34.000000 0.066282 0.393999 0.159101 0.198619 0.394537 0.368633 0.185457 0.334913
34.200000 0.066755 0.399267 0.159367 0.200192 0.400375 0.368529 0.185561 0.339283
34.400000 0.066988 0.404946 0.159608 0.201994 0.406293 0.368787 0.185604 0.343778
34.600000 0.067496 0.411263 0.159944 0.203500 0.412432 0.368655 0.185699 0.348487
34.800000 0.067828 0.418011 0.160461 0.205219 0.418804 0.368694 0.185807 0.353244
35.000000 0.068102 0.424958 0.160744 0.206855 0.425396 0.368713 0.185830 0.358313
35.200000 0.068471 0.432973 0.161249 0.208454 0.432214 0.368714 0.185873 0.363652
35.400000 0.068603 0.440610 0.161341 0.210021 0.438768 0.368730 0.186108 0.368840
35.600000 0.068951 0.448759 0.161536 0.211664 0.445471 0.368701 0.186215 0.374114
35.800000 0.068973 0.456704 0.162026 0.213178 0.452194 0.368526 0.186160 0.379419
36.000000 0.069141 0.465368 0.162328 0.214880 0.459254 0.368872 0.186260 0.384950
36.200000 0.069237 0.473854 0.162509 0.216505 0.466092 0.368791 0.186508 0.390537
36.400000 0.069562 0.482919 0.162864 0.217906 0.473231 0.368928 0.186700 0.396190
36.600000 0.069691 0.491680 0.163037 0.219276 0.480560 0.368883 0.186889 0.402014
36.800000 0.069608 0.500944 0.163063 0.220819 0.488035 0.368831 0.186911 0.407940
37.000000 0.069609 0.509979 0.163314 0.222262 0.495282 0.368956 0.186874 0.413775
37.200000 0.069641 0.519292 0.164068 0.223919 0.502755 0.368978 0.186994 0.419727
37.400000 0.069981 0.528717 0.164262 0.225540 0.510927 0.369047 0.187479 0.426731
37.600000 0.070022 0.542217 0.164502 0.227487 0.521504 0.369114 0.187502 0.434929
37.800000 0.070067 0.551476 0.164669 0.228882 0.528984 0.369058 0.187459 0.441015
38.000000 0.070211 0.560617 0.165014 0.230359 0.536552 0.368992 0.187716 0.447518
38.200000 0.070246 0.569791 0.165401 0.231743 0.544270 0.369074 0.187693 0.453513
38.400000 0.070313 0.579120 0.165417 0.233185 0.551976 0.369154 0.187868 0.459951
38.600000 0.070344 0.587890 0.165858 0.234401 0.559530 0.369190 0.187851 0.466238
38.800000 0.070269 0.597010 0.166150 0.235797 0.567234 0.369128 0.188169 0.472530
39.000000 0.070463 0.605627 0.166287 0.237411 0.574895 0.369387 0.188345 0.478739
39.200000 0.070499 0.614454 0.166494 0.238526 0.582489 0.369255 0.188478 0.485379
39.400000 0.070540 0.623235 0.166732 0.240006 0.590166 0.369312 0.188581 0.491433
39.600000 0.070586 0.631441 0.167071 0.241122 0.597407 0.369167 0.188689 0.497561
39.800000 0.070618 0.639848 0.167184 0.242576 0.605183 0.369376 0.188841 0.503817
40.000000 0.070673 0.648158 0.167241 0.243687 0.612733 0.369362 0.189050 0.509869
40.200000 0.070499 0.656027 0.167555 0.245131 0.620552 0.369381 0.189129 0.516241
40.400000 0.070400 0.703099 0.167720 0.246535 0.627902 0.369474 0.189273 0.522398
40.600000 0.070563 0.672205 0.167944 0.247545 0.635805 0.369301 0.189428 0.528775
40.800000 0.070781 0.679826 0.168071 0.248973 0.643185 0.369545 0.189374 0.535067
41.000000 0.070670 0.687352 0.168379 0.250155 0.650550 0.369636 0.189684 0.541216
41.200000 0.070816 0.694686 0.168759 0.251434 0.658232 0.369451 0.189770 0.547075
41.400000 0.070820 0.701515 0.168647 0.252651 0.665371 0.369476 0.189914 0.553063
41.600000 0.070840 0.708455 0.168980 0.253806 0.672551 0.369664 0.190076 0.558857
41.800000 0.070874 0.714887 0.169160 0.255017 0.679727 0.369698 0.190197 0.564749
42.000000 0.070901 0.721348 0.169379 0.256210 0.686402 0.369708 0.190375 0.570363
42.200000 0.071087 0.727576 0.169383 0.257289 0.693823 0.369685 0.190484 0.575929
42.400000 0.070813 0.733242 0.169661 0.258568 0.700380 0.369586 0.190716 0.581547
42.600000 0.070958 0.739414 0.169915 0.259825 0.707207 0.369577 0.190630 0.587057
42.800000 0.070993 0.744865 0.169951 0.260844 0.713914 0.369750 0.190910 0.592524
43.000000 0.070972 0.750007 0.170034 0.261828 0.720221 0.369654 0.191001 0.597641
43.200000 0.070995 0.755372 0.170327 0.263106 0.726642 0.369817 0.191051 0.603006
43.400000 0.071101 0.760497 0.170517 0.264214 0.733422 0.369761 0.191124 0.608297
43.600000 0.070959 0.765033 0.170710 0.265261 0.739545 0.369774 0.191447 0.613273
43.800000 0.071239 0.769823 0.171034 0.266492 0.746379 0.369905 0.191678 0.619020
44.000000 0.071000 0.776038 0.171054 0.267983 0.754520 0.369579 0.191655 0.625471
44.200000 0.071142 0.780431 0.171257 0.269055 0.760605 0.369896 0.191985 0.630306
44.400000 0.071167 0.784254 0.171206 0.270072 0.766351 0.369972 0.192079 0.634927
44.600000 0.071186 0.788229 0.171383 0.271065 0.772119 0.369964 0.192191 0.639765
44.800000 0.071209 0.791895 0.171648 0.272323 0.777842 0.370013 0.192342 0.644266
45.000000 0.071043 0.795487 0.171757 0.273284 0.783351 0.369932 0.192469 0.648657
45.200000 0.071253 0.798866 0.171850 0.274179 0.788628 0.370247 0.192624 0.653046
45.400000 0.071120 0.802011 0.171844 0.275158 0.793921 0.370161 0.192757 0.657367
45.600000 0.071108 0.805411 0.172209 0.276217 0.799298 0.370315 0.192902 0.661687
45.800000 0.071388 0.808404 0.172312 0.277169 0.804431 0.370240 0.192872 0.665920
46.000000 0.071318 0.811134 0.172565 0.278223 0.809193 0.370054 0.193049 0.669902
46.200000 0.071282 0.813952 0.172634 0.279169 0.814080 0.370281 0.193450 0.673862
46.400000 0.071343 0.816484 0.172691 0.280157 0.818928 0.370327 0.193406 0.677782
46.600000 0.071323 0.819216 0.172822 0.281145 0.823525 0.370207 0.193519 0.681678
46.800000 0.071321 0.821580 0.172894 0.282028 0.828218 0.370377 0.193781 0.685290
47.000000 0.071332 0.823841 0.173147 0.283128 0.832645 0.370307 0.193867 0.688956
47.200000 0.071347 0.826244 0.173053 0.283966 0.836976 0.370441 0.193792 0.692835
47.400000 0.071356 0.828173 0.173454 0.284949 0.841224 0.370390 0.194234 0.696333
47.600000 0.071393 0.830439 0.173282 0.285707 0.845388 0.370475 0.194283 0.699656
47.800000 0.071453 0.832422 0.173526 0.286564 0.849472 0.370547 0.194408 0.703068
48.000000 0.071552 0.834057 0.173662 0.287579 0.853501 0.370385 0.194539 0.706434
48.200000 0.071428 0.835939 0.173605 0.288531 0.857369 0.370508 0.194683 0.709411
48.400000 0.071417 0.837776 0.173677 0.289336 0.861153 0.370590 0.194836 0.712662
48.600000 0.071431 0.839689 0.173897 0.290325 0.864908 0.370714 0.194832 0.715814
48.800000 0.071448 0.841079 0.173985 0.291269 0.868439 0.370604 0.195110 0.718885
49.000000 0.071467 0.842654 0.173991 0.291904 0.872153 0.370734 0.195259 0.721745
49.200000 0.071489 0.844336 0.174075 0.292875 0.875568 0.370610 0.156318 0.724650
49.400000 0.071473 0.845730 0.174318 0.293852 0.878906 0.370667 0.195557 0.727549
49.600000 0.071474 0.847120 0.174546 0.294547 0.882161 0.370787 0.195656 0.730358
49.800000 0.071452 0.848515 0.174418 0.295481 0.885368 0.370780 0.195629 0.733029
50.000000 0.071496 0.849817 0.174416 0.296279 0.888531 0.370930 0.195897 0.735635
50.200000 0.071524 0.851112 0.174592 0.297390 0.892127 0.370677 0.196117 0.738643
50.400000 0.071499 0.852504 0.174816 0.298300 0.895053 0.370894 0.195923 0.741124
50.600000 0.071513 0.853503 0.174716 0.298826 0.898061 0.370932 0.196370 0.743571
50.800000 0.071487 0.854446 0.174961 0.299796 0.900745 0.370892 0.196466 0.745950
51.000000 0.071511 0.855572 0.175095 0.300397 0.903602 0.370974 0.196593 0.748342
51.200000 0.071513 0.856556 0.175121 0.301175 0.906072 0.371044 0.196653 0.750613
51.400000 0.071495 0.857492 0.175295 0.302123 0.909083 0.370885 0.196831 0.752848
51.600000 0.071514 0.858416 0.175399 0.302832 0.911422 0.370645 0.196981 0.755115
51.800000 0.071529 0.820433 0.175377 0.303568 0.914146 0.370948 0.197144 0.757368
52.000000 0.071491 0.860350 0.175558 0.304284 0.916773 0.370942 0.197197 0.759552
52.200000 0.071532 0.860909 0.175560 0.305088 0.918998 0.371242 0.197422 0.761643
52.400000 0.071418 0.861826 0.175754 0.305879 0.921487 0.371000 0.197338 0.763410
52.600000 0.071704 0.862536 0.175694 0.306561 0.923679 0.370979 0.197473 0.765394
52.800000 0.071435 0.863442 0.175645 0.307193 0.926148 0.371107 0.197618 0.767453
53.000000 0.071585 0.864014 0.175875 0.308079 0.928300 0.371122 0.197835 0.769343
53.200000 0.071415 0.865004 0.176039 0.308922 0.930501 0.371045 0.197910 0.771174
53.400000 0.071578 0.865456 0.175993 0.309610 0.932554 0.371099 0.198130 0.773060
53.600000 0.071585 0.866342 0.175998 0.310340 0.934895 0.371328 0.198288 0.774718
53.800000 0.071633 0.866644 0.175935 0.311031 0.936775 0.371262 0.198423 0.776594
54.000000 0.071600 0.867300 0.176151 0.311846 0.938778 0.371383 0.198588 0.778466
54.200000 0.071627 0.867970 0.176368 0.312455 0.940737 0.371367 0.198795 0.780014
54.400000 0.071628 0.868443 0.176094 0.313187 0.942456 0.371149 0.198962 0.781478
54.600000 0.071512 0.869236 0.176279 0.313997 0.944489 0.371282 0.198823 0.783095
54.800000 0.071653 0.869523 0.176533 0.314770 0.946333 0.371343 0.199070 0.784877
55.000000 0.071628 0.870157 0.176408 0.315171 0.947919 0.371311 0.199199 0.786175
55.200000 0.071631 0.870218 0.176505 0.315766 0.949627 0.371524 0.199417 0.787704
55.400000 0.071677 0.871188 0.176647 0.316574 0.951402 0.371391 0.199419 0.789116
55.600000 0.071664 0.871565 0.176656 0.317293 0.953005 0.371365 0.199552 0.790510
55.800000 0.071630 0.872016 0.176847 0.317818 0.954781 0.371478 0.199662 0.792031
56.000000 0.071638 0.872533 0.176712 0.318486 0.956537 0.371531 0.199819 0.793211
56.200000 0.071637 0.872966 0.176709 0.319111 0.957873 0.371552 0.200034 0.794743
56.400000 0.071626 0.873273 0.176856 0.319917 0.959486 0.371336 0.200079 0.796069
56.600000 0.071647 0.873826 0.176885 0.320670 0.961011 0.371620 0.200335 0.797467
56.800000 0.071642 0.874238 0.177020 0.321050 0.962673 0.371497 0.200198 0.798763
57.000000 0.071666 0.874574 0.177016 0.321902 0.964010 0.371852 0.200452 0.799852
57.200000 0.071683 0.874906 0.177051 0.322442 0.965426 0.371648 0.200623 0.801159
57.400000 0.071633 0.875392 0.177110 0.323317 0.966844 0.371787 0.200801 0.802323
57.600000 0.071693 0.875438 0.177278 0.323752 0.968117 0.371701 0.200838 0.803327
57.800000 0.071569 0.875658 0.177232 0.324392 0.969352 0.371462 0.200948 0.804435
58.000000 0.071707 0.876063 0.177266 0.324935 0.970496 0.371769 0.201060 0.805437
58.200000 0.071660 0.876449 0.177347 0.325502 0.972124 0.371828 0.201193 0.806639
58.400000 0.071840 0.876451 0.177471 0.326220 0.973135 0.371792 0.201175 0.807710
58.600000 0.071868 0.876982 0.177528 0.326706 0.974391 0.371809 0.201306 0.808780
58.800000 0.071705 0.877165 0.177508 0.327208 0.975356 0.371743 0.201428 0.809684
59.000000 0.071737 0.877372 0.177555 0.327978 0.976643 0.371953 0.201687 0.810837
59.200000 0.071743 0.877733 0.177714 0.328627 0.977862 0.371923 0.201964 0.811613
59.400000 0.071770 0.877901 0.177499 0.329016 0.978997 0.371891 0.201889 0.812626
59.600000 0.071735 0.878368 0.177720 0.329598 0.979713 0.371648 0.201929 0.813627
59.800000 0.071713 0.878425 0.177674 0.330239 0.981251 0.371999 0.202302 0.814608
60.000000 0.071779 0.878689 0.177636 0.330877 0.982217 0.372031 0.202220 0.815403
60.200000 0.071797 0.878930 0.177866 0.331432 0.983364 0.372136 0.202344 0.816234
60.400000 0.071790 0.879105 0.177613 0.331882 0.984287 0.371897 0.202512 0.817194
60.600000 0.071782 0.879226 0.177902 0.332397 0.985363 0.372089 0.202622 0.817908
60.800000 0.071797 0.879678 0.178062 0.333211 0.986320 0.372083 0.202760 0.818815
61.000000 0.071802 0.879874 0.178027 0.333558 0.987359 0.372213 0.202732 0.819566
61.200000 0.071793 0.879827 0.178008 0.334232 0.988360 0.372146 0.202915 0.820491
61.400000 0.071794 0.880302 0.177970 0.334805 0.989483 0.372039 0.203230 0.821454
61.600000 0.071850 0.880554 0.178133 0.335373 0.990125 0.372084 0.203213 0.822238
61.800000 0.071840 0.880863 0.178124 0.335998 0.991182 0.372030 0.203379 0.822881
62.000000 0.071810 0.880886 0.178348 0.336379 0.991866 0.372018 0.203429 0.823577
62.200000 0.071862 0.881187 0.178258 0.336773 0.992901 0.372145 0.203404 0.824393
62.400000 0.071856 0.881481 0.178267 0.337658 0.993870 0.372331 0.203598 0.825197
62.600000 0.071828 0.881721 0.178367 0.338261 0.995128 0.372190 0.203809 0.826021
62.800000 0.071837 0.881680 0.178389 0.338693 0.995860 0.372169 0.203904 0.826919
63.000000 0.071815 0.881987 0.178378 0.339232 0.996690 0.372456 0.203915 0.827688
63.200000 0.071864 0.882375 0.178522 0.339687 0.997477 0.372425 0.204166 0.828362
63.400000 0.072007 0.882467 0.178458 0.340278 0.998138 0.372314 0.204080 0.828958
63.600000 0.071735 0.882420 0.178676 0.340843 0.999050 0.372413 0.204412 0.829548
63.800000 0.071865 0.882627 0.178617 0.341225 0.999901 0.372338 0.204526 0.830101
64.000000 0.071867 0.882858 0.178568 0.341799 1.000369 0.372317 0.204489 0.830767
64.200000 0.071886 0.883306 0.178724 0.342308 1.001253 0.372509 0.204822 0.831534
64.400000 0.071747 0.883135 0.178719 0.342643 1.002168 0.372599 0.204861 0.831999
64.600000 0.071600 0.883471 0.178710 0.343297 1.002687 0.372543 0.205187 0.832738
64.800000 0.071887 0.883429 0.178787 0.343782 1.003386 0.372577 0.205094 0.833423
65.000000 0.071872 0.883400 0.178792 0.344285 1.003981 0.372508 0.205026 0.833752
65.200000 0.071904 0.884080 0.178887 0.344769 1.004893 0.372483 0.205245 0.834462
65.400000 0.071739 0.884036 0.178943 0.345231 1.005440 0.372762 0.205426 0.835025
65.600000 0.071924 0.884197 0.178974 0.345723 1.006057 0.372563 0.205519 0.835648
65.800000 0.071985 0.884165 0.178984 0.346089 1.006634 0.372767 0.205828 0.836131
66.000000 0.071897 0.884334 0.178715 0.346701 1.007525 0.372755 0.205733 0.836589
66.200000 0.071872 0.884339 0.179027 0.347186 1.007914 0.372711 0.205799 0.836813
66.400000 0.071735 0.884482 0.179032 0.347546 1.008400 0.372627 0.205959 0.837504
66.600000 0.071905 0.884686 0.179116 0.347901 1.009002 0.372508 0.206062 0.838090
66.800000 0.071884 0.884722 0.178995 0.348364 1.009984 0.372710 0.206196 0.838513
67.000000 0.071921 0.884779 0.179067 0.348913 1.010093 0.372740 0.206262 0.838894
67.200000 0.071892 0.884752 0.178986 0.349330 1.010614 0.372701 0.206398 0.839393
67.400000 0.071913 0.885053 0.179181 0.349966 1.011512 0.373014 0.206532 0.840145
67.600000 0.071892 0.884920 0.179183 0.350176 1.011731 0.372896 0.206550 0.840156
67.800000 0.071885 0.885313 0.179287 0.350506 1.012399 0.372822 0.206807 0.840781
68.000000 0.071958 0.885168 0.179148 0.351085 1.012948 0.372857 0.206759 0.841094
68.200000 0.071928 0.885242 0.179326 0.351471 1.013125 0.372792 0.206836 0.841559
68.400000 0.071916 0.885226 0.179296 0.351988 1.013806 0.372935 0.207003 0.841944
68.600000 0.071971 0.885576 0.179343 0.352555 1.014410 0.372953 0.207183 0.842688
68.800000 0.071970 0.885650 0.179320 0.352809 1.015144 0.373027 0.207178 0.843019
69.000000 0.071949 0.885844 0.179291 0.353374 1.015602 0.373064 0.207325 0.843344
69.200000 0.071971 0.885895 0.179531 0.353707 1.015932 0.373023 0.207264 0.843796
69.400000 0.071973 0.885684 0.179538 0.354223 1.016513 0.373221 0.207455 0.844245
69.600000 0.071960 0.885854 0.179576 0.354507 1.016783 0.372940 0.207630 0.844632
69.800000 0.071980 0.886169 0.179607 0.355061 1.017417 0.373178 0.207747 0.845059
70.000000 0.071979 0.886184 0.179473 0.355447 1.017506 0.373005 0.207679 0.845233
70.200000 0.071915 0.886334 0.179608 0.355708 1.018145 0.373142 0.207904 0.845490
70.400000 0.071966 0.886356 0.179631 0.356173 1.018762 0.373053 0.208023 0.846228
70.600000 0.071963 0.886453 0.179474 0.356544 1.019081 0.372962 0.208071 0.846322
70.800000 0.071960 0.886542 0.179907 0.357136 1.019442 0.373362 0.208261 0.846858
71.000000 0.071927 0.886559 0.179667 0.357584 1.019989 0.373230 0.208427 0.847058
71.200000 0.071934 0.886759 0.179893 0.357845 1.020225 0.373182 0.208295 0.847353
71.400000 0.071931 0.886542 0.179803 0.358142 1.020626 0.373132 0.208467 0.847795
71.600000 0.071939 0.886896 0.179806 0.358585 1.021029 0.373336 0.208681 0.848147
71.800000 0.071952 0.886732 0.179790 0.359027 1.021390 0.373240 0.208702 0.848386
72.000000 0.071884 0.886719 0.179844 0.359286 1.021843 0.373290 0.208821 0.848659
72.200000 0.071961 0.887131 0.180078 0.359799 1.022222 0.373443 0.208858 0.848959
72.400000 0.071962 0.886911 0.179991 0.360181 1.022639 0.373389 0.209062 0.849088
72.600000 0.071962 0.886998 0.180038 0.360565 1.022685 0.373268 0.209119 0.849494
72.800000 0.071879 0.886850 0.179782 0.361018 1.023198 0.373490 0.209215 0.849774
73.000000 0.071942 0.887006 0.179943 0.361359 1.023464 0.373426 0.209267 0.850135
73.200000 0.071952 0.886868 0.180103 0.361530 1.023702 0.373491 0.209457 0.850348
73.400000 0.071793 0.887201 0.180006 0.361869 1.024057 0.373432 0.209411 0.850624
73.600000 0.072028 0.887115 0.179921 0.362251 1.024287 0.373403 0.209549 0.850736
73.800000 0.072000 0.887148 0.179948 0.362768 1.024718 0.373389 0.209767 0.851217
74.000000 0.071970 0.886948 0.179992 0.363092 1.024975 0.373521 0.209740 0.851570
74.200000 0.071949 0.887028 0.180101 0.363606 1.025328 0.373616 0.209850 0.851739
74.400000 0.072168 0.887541 0.180227 0.363869 1.025750 0.373672 0.209962 0.852048
74.600000 0.071992 0.887409 0.180078 0.364308 1.026260 0.373657 0.210036 0.852240
74.800000 0.071970 0.887149 0.180204 0.364566 1.026183 0.373632 0.210093 0.852507
75.000000 0.071976 0.887235 0.180124 0.365036 1.026478 0.373447 0.210181 0.852779
75.200000 0.071969 0.887157 0.180131 0.365146 1.026795 0.373550 0.210368 0.852880
75.400000 0.072004 0.887405 0.180395 0.365577 1.027177 0.373821 0.210351 0.853022
75.600000 0.072002 0.887221 0.180240 0.365705 1.027376 0.373703 0.210421 0.853561
75.800000 0.072013 0.887715 0.180264 0.366437 1.027721 0.373734 0.210714 0.853700
76.000000 0.072023 0.887359 0.180322 0.366608 1.027962 0.373772 0.210602 0.853781
76.200000 0.071869 0.887659 0.180477 0.366915 1.028078 0.373758 0.210780 0.853813
76.400000 0.072037 0.887348 0.180314 0.367427 1.028323 0.373815 0.210867 0.854056
76.600000 0.071872 0.887508 0.180481 0.367605 1.028763 0.373818 0.211017 0.854349
76.800000 0.072027 0.887553 0.180413 0.367910 1.028912 0.373799 0.211153 0.854423
77.000000 0.072059 0.887491 0.180421 0.368305 1.029166 0.373854 0.211173 0.854943
77.200000 0.072142 0.887727 0.180344 0.368637 1.029419 0.373772 0.211150 0.855154
77.400000 0.071890 0.887780 0.180455 0.369020 1.029902 0.373825 0.211205 0.855305
77.600000 0.072044 0.887686 0.180458 0.369306 1.029829 0.373856 0.211444 0.855451
77.800000 0.071849 0.887666 0.180404 0.369500 1.029974 0.373883 0.211446 0.855436
78.000000 0.071802 0.887674 0.180399 0.369980 1.030476 0.373910 0.211489 0.855965
78.200000 0.072015 0.887855 0.180659 0.370254 1.030845 0.373904 0.211511 0.856102
78.400000 0.071876 0.888011 0.180566 0.370609 1.030927 0.373844 0.211790 0.856395
78.600000 0.072166 0.888049 0.180479 0.370692 1.031106 0.373998 0.211778 0.856398
78.800000 0.071893 0.888110 0.180621 0.371208 1.031457 0.374023 0.211901 0.856683
79.000000 0.071983 0.888182 0.180586 0.371472 1.031627 0.374102 0.211987 0.856888
79.200000 0.071870 0.888122 0.180663 0.371594 1.031574 0.374001 0.212050 0.857084
79.400000 0.072038 0.888171 0.180800 0.371881 1.031883 0.374143 0.212116 0.857151
79.600000 0.072031 0.888156 0.180547 0.372434 1.031999 0.374124 0.212166 0.857366
79.800000 0.072165 0.888064 0.180777 0.372484 1.032301 0.374055 0.212289 0.857219
80.000000 0.072008 0.887947 0.180697 0.372802 1.032295 0.374035 0.212484 0.857476
80.200000 0.072149 0.888115 0.180757 0.373134 1.032633 0.374007 0.212690 0.857636
80.400000 0.072081 0.888289 0.180853 0.373405 1.032740 0.374242 0.212427 0.857900
80.600000 0.071877 0.888133 0.180762 0.373740 1.032984 0.373848 0.212618 0.858069
80.800000 0.071872 0.888193 0.180717 0.374075 1.033127 0.374162 0.212651 0.858145
81.000000 0.071873 0.887930 0.180677 0.374175 1.033223 0.374196 0.212752 0.858267
81.200000 0.071878 0.888140 0.180793 0.374431 1.033445 0.374233 0.212724 0.858333
81.400000 0.071870 0.887779 0.180814 0.374722 1.033381 0.374259 0.212814 0.858339
81.600000 0.072010 0.887929 0.180959 0.375155 1.033543 0.374228 0.212932 0.858570
81.800000 0.071915 0.888086 0.180858 0.375516 1.034083 0.374152 0.213053 0.858812
82.000000 0.071870 0.888189 0.180947 0.375677 1.034091 0.374416 0.213100 0.858916
82.200000 0.072012 0.888072 0.180815 0.375825 1.033849 0.374237 0.213285 0.858876
82.400000 0.071915 0.888060 0.180678 0.375975 1.034134 0.374287 0.213093 0.858976
82.600000 0.072047 0.887941 0.180932 0.376333 1.034232 0.374432 0.213324 0.859115
82.800000 0.071881 0.888319 0.181075 0.376454 1.034677 0.374146 0.213342 0.859334
83.000000 0.071986 0.888159 0.180928 0.376773 1.034578 0.374190 0.213476 0.820455
83.200000 0.072036 0.888208 0.181063 0.377044 1.034835 0.374199 0.213620 0.859414
83.400000 0.072050 0.888071 0.180857 0.377435 1.034908 0.374329 0.213639 0.859783
83.600000 0.071750 0.888188 0.180926 0.377511 1.035107 0.374258 0.213698 0.859548
83.800000 0.072063 0.888007 0.180961 0.377771 1.035078 0.374391 0.213811 0.859795
84.000000 0.072048 0.888136 0.180988 0.378037 1.035158 0.374313 0.213954 0.859937
84.200000 0.072149 0.887943 0.181109 0.378135 1.035379 0.374310 0.213887 0.859892
84.400000 0.072039 0.888196 0.181016 0.378644 1.035529 0.374317 0.213941 0.860103
84.600000 0.072032 0.888121 0.181032 0.378755 1.035742 0.374174 0.214022 0.860262
84.800000 0.072036 0.887954 0.181041 0.378925 1.035649 0.374451 0.214224 0.860387
85.000000 0.072040 0.888143 0.180933 0.379329 1.035994 0.374544 0.214165 0.860412
85.200000 0.072051 0.888193 0.181087 0.379565 1.036269 0.374551 0.214115 0.860593
85.400000 0.071923 0.888286 0.180970 0.379734 1.036239 0.374612 0.214319 0.860669
85.600000 0.072074 0.888086 0.181101 0.379958 1.036337 0.374565 0.214322 0.860769
85.800000 0.072066 0.888352 0.181071 0.380154 1.036354 0.374620 0.214264 0.860810
86.000000 0.072095 0.888482 0.181113 0.380398 1.036512 0.374355 0.214448 0.860937
86.200000 0.072082 0.888190 0.180982 0.380639 1.036512 0.374690 0.214401 0.861198
86.400000 0.072081 0.888158 0.181057 0.380718 1.036649 0.374520 0.214478 0.861051
86.600000 0.072102 0.888319 0.181025 0.380881 1.036754 0.374708 0.214816 0.861164
86.800000 0.072101 0.888226 0.181252 0.381380 1.036969 0.374717 0.214814 0.861486
87.000000 0.072062 0.887902 0.181264 0.381603 1.037032 0.374713 0.214875 0.861358
87.200000 0.072074 0.888507 0.181195 0.381830 1.037243 0.374679 0.214880 0.861635
87.400000 0.072079 0.888321 0.181229 0.382013 1.037238 0.374754 0.214964 0.861520
87.600000 0.072066 0.888510 0.181150 0.382319 1.037479 0.374920 0.214993 0.861753
87.800000 0.072091 0.888335 0.181320 0.382534 1.037573 0.374656 0.215271 0.861765
88.000000 0.072039 0.888293 0.181254 0.382819 1.037490 0.374650 0.215102 0.861712
88.200000 0.072097 0.888366 0.181385 0.382769 1.037545 0.374634 0.215092 0.861777
88.400000 0.072074 0.888252 0.181196 0.383189 1.037717 0.374894 0.215383 0.861867
88.600000 0.072041 0.888276 0.181161 0.383387 1.037780 0.374817 0.215194 0.862071
88.800000 0.072041 0.888117 0.181183 0.383593 1.037835 0.374829 0.215374 0.862007
89.000000 0.072077 0.888216 0.181304 0.383620 1.037831 0.374900 0.215483 0.862235
89.200000 0.072097 0.888341 0.181319 0.383972 1.037970 0.374802 0.215493 0.862143
89.400000 0.072110 0.888311 0.181317 0.384077 1.038187 0.374842 0.215504 0.862271
89.600000 0.072050 0.888503 0.181339 0.384513 1.038382 0.374835 0.215649 0.862359
89.800000 0.072069 0.888353 0.181387 0.384426 1.037943 0.374696 0.215655 0.862355
90.000000 0.072086 0.888372 0.181395 0.384756 1.038216 0.374780 0.215821 0.862680
