0.200000 0.190377 0.386193 0.159122 0.203372 0.423911 0.512359 0.206717 0.354437
0.400000 0.190219 0.385140 0.158858 0.202883 0.421988 0.512226 0.207054 0.352886
0.600000 0.190135 0.384742 0.158963 0.202673 0.420800 0.512167 0.206668 0.351948
0.800000 0.190157 0.384390 0.158806 0.202417 0.419652 0.512146 0.206582 0.351170
1.000000 0.189984 0.383642 0.158597 0.202033 0.418429 0.511989 0.206257 0.350067
1.200000 0.190087 0.383338 0.158995 0.201928 0.417241 0.512038 0.206005 0.349360
1.400000 0.190076 0.383128 0.158841 0.201631 0.416185 0.511963 0.205808 0.348794
1.600000 0.189920 0.382512 0.158717 0.201449 0.415143 0.511841 0.205399 0.347704
1.800000 0.189846 0.381988 0.158755 0.201219 0.413677 0.511829 0.205357 0.346800
2.000000 0.189853 0.381434 0.158668 0.200788 0.412118 0.511732 0.204842 0.345382
2.200000 0.189830 0.380983 0.158594 0.200565 0.411006 0.511507 0.204621 0.344812
2.400000 0.189781 0.380689 0.158609 0.200192 0.409969 0.511574 0.204530 0.343874
2.600000 0.189705 0.380198 0.158619 0.200087 0.408769 0.511407 0.204262 0.343029
2.800000 0.189400 0.379781 0.158426 0.199960 0.407567 0.511203 0.204019 0.342394
3.000000 0.189651 0.379431 0.158439 0.199645 0.406566 0.511248 0.203723 0.341349
3.200000 0.189592 0.378927 0.158432 0.199508 0.405557 0.511252 0.203487 0.340684
3.400000 0.189535 0.378667 0.158343 0.199137 0.404425 0.511225 0.203261 0.339893
3.600000 0.189517 0.378150 0.158386 0.199055 0.403409 0.511057 0.203152 0.339201
3.800000 0.189415 0.377714 0.158256 0.198849 0.402191 0.511134 0.202982 0.338309
4.000000 0.189409 0.377262 0.158136 0.198598 0.401422 0.510880 0.202764 0.337488
4.200000 0.189376 0.376915 0.158151 0.198622 0.400251 0.511011 0.202532 0.336624
4.400000 0.189379 0.376679 0.158198 0.198073 0.399019 0.510933 0.202290 0.335802
4.600000 0.189261 0.376350 0.158132 0.198112 0.398219 0.510938 0.202059 0.335097
4.800000 0.189267 0.375773 0.158001 0.197842 0.397311 0.510718 0.201722 0.334608
5.000000 0.189261 0.375562 0.158212 0.197577 0.396022 0.510796 0.201660 0.333785
5.200000 0.189065 0.375337 0.158024 0.197410 0.395198 0.510294 0.201395 0.332968
5.400000 0.189164 0.374698 0.158044 0.197238 0.394232 0.510706 0.201193 0.332058
5.600000 0.189160 0.374571 0.157996 0.196855 0.393184 0.510509 0.200844 0.331461
5.800000 0.189096 0.374128 0.157959 0.196812 0.392256 0.510704 0.200690 0.330785
6.000000 0.189116 0.373761 0.157880 0.196564 0.391260 0.510475 0.200626 0.330086
6.200000 0.189002 0.373362 0.157821 0.196533 0.390306 0.510343 0.200367 0.329318
6.400000 0.188983 0.373068 0.157805 0.196169 0.389133 0.510192 0.200193 0.328419
6.600000 0.189045 0.372496 0.157880 0.196055 0.388390 0.510109 0.199970 0.327771
6.800000 0.188897 0.372052 0.157813 0.195779 0.387288 0.510104 0.199606 0.327214
7.000000 0.188857 0.371977 0.157657 0.195649 0.386363 0.510101 0.199556 0.326493
7.200000 0.188824 0.371578 0.157736 0.195450 0.385488 0.510057 0.199280 0.325825
7.400000 0.188630 0.371165 0.157654 0.195070 0.384427 0.510027 0.199005 0.325043
7.600000 0.188724 0.370910 0.157693 0.194950 0.383633 0.509874 0.198929 0.324406
7.800000 0.188709 0.370779 0.157556 0.195035 0.382592 0.509983 0.198685 0.323765
8.000000 0.188703 0.370315 0.157660 0.194739 0.382029 0.509655 0.198699 0.323086
8.200000 0.188493 0.369715 0.157697 0.194426 0.380462 0.509763 0.198259 0.322161
8.400000 0.188563 0.369478 0.157568 0.194248 0.379928 0.509762 0.198054 0.321510
8.600000 0.188549 0.369110 0.157379 0.193990 0.378806 0.509617 0.197798 0.320873
8.800000 0.188521 0.368770 0.157396 0.193780 0.377983 0.509631 0.197608 0.320146
9.000000 0.188454 0.368376 0.157543 0.193790 0.377110 0.509427 0.197345 0.319571
9.200000 0.188448 0.368182 0.157328 0.193520 0.376374 0.509397 0.197298 0.318983
9.400000 0.188426 0.367762 0.157346 0.193258 0.375477 0.509191 0.196976 0.318351
9.600000 0.188403 0.367454 0.157446 0.193262 0.374594 0.509310 0.196767 0.317605
9.800000 0.188416 0.367150 0.157275 0.192722 0.373712 0.509138 0.196655 0.316998
10.000000 0.188267 0.366970 0.157245 0.192777 0.372958 0.509166 0.196488 0.316361
10.200000 0.188180 0.366811 0.157178 0.192757 0.372239 0.509042 0.196231 0.315950
10.400000 0.188268 0.366502 0.157171 0.192531 0.371295 0.509087 0.196207 0.315322
10.600000 0.188175 0.366028 0.157242 0.192275 0.370546 0.509042 0.195982 0.314710
10.800000 0.188184 0.365825 0.157168 0.192215 0.369729 0.508943 0.195790 0.314142
11.000000 0.188168 0.365574 0.157185 0.192060 0.368722 0.508785 0.195712 0.313554
11.200000 0.188101 0.365136 0.157032 0.192052 0.368135 0.508756 0.195386 0.313098
11.400000 0.188089 0.364847 0.157026 0.191702 0.367386 0.508757 0.195254 0.312406
11.600000 0.188048 0.364628 0.157043 0.191630 0.366464 0.508583 0.194905 0.311768
11.800000 0.188136 0.364255 0.156860 0.191485 0.365841 0.508682 0.194846 0.311249
12.000000 0.187991 0.363941 0.157046 0.191290 0.364902 0.508441 0.194705 0.310656
12.200000 0.187889 0.363691 0.156897 0.191413 0.364170 0.508329 0.194455 0.310013
12.400000 0.187946 0.363362 0.156921 0.191020 0.363478 0.508416 0.194336 0.309548
12.600000 0.187755 0.363159 0.156968 0.190964 0.362801 0.508294 0.194186 0.308873
12.800000 0.187967 0.362885 0.156798 0.190526 0.361897 0.508293 0.194019 0.308650
13.000000 0.187547 0.362591 0.156828 0.190436 0.361342 0.508075 0.193877 0.308025
13.200000 0.187814 0.362265 0.156933 0.190407 0.360754 0.508246 0.193740 0.307435
13.400000 0.187803 0.362015 0.156891 0.190334 0.360094 0.508001 0.193614 0.306870
13.600000 0.187761 0.361878 0.156824 0.190064 0.359415 0.508038 0.193220 0.306516
13.800000 0.187705 0.361562 0.156798 0.190044 0.358659 0.507983 0.193236 0.305964
14.000000 0.187531 0.361391 0.156831 0.189754 0.357994 0.507908 0.192813 0.305355
14.200000 0.187768 0.361173 0.156669 0.189697 0.357404 0.507865 0.192742 0.305026
14.400000 0.187598 0.360969 0.156699 0.189626 0.356467 0.507793 0.192689 0.304332
14.600000 0.187645 0.360493 0.156522 0.189387 0.355954 0.468797 0.192417 0.303918
14.800000 0.187569 0.360381 0.156702 0.189242 0.355297 0.507761 0.192276 0.303479
15.000000 0.187508 0.359963 0.156584 0.189188 0.354552 0.507522 0.192250 0.302928
15.200000 0.187537 0.359933 0.156587 0.189033 0.353867 0.507494 0.192254 0.302489
15.400000 0.187382 0.359632 0.156611 0.188867 0.353053 0.507600 0.191931 0.301851
15.600000 0.187423 0.359322 0.156499 0.188717 0.352678 0.507357 0.191674 0.301490
15.800000 0.187481 0.359328 0.156407 0.188681 0.352065 0.507455 0.191591 0.301157
16.000000 0.187457 0.358980 0.156513 0.188488 0.351512 0.507473 0.191324 0.300459
16.200000 0.187483 0.358582 0.156506 0.188390 0.350870 0.506970 0.191361 0.300169
16.400000 0.187378 0.358499 0.156433 0.188249 0.350252 0.507107 0.191188 0.299832
16.600000 0.187365 0.358194 0.156476 0.187999 0.349634 0.507051 0.190915 0.299319
16.800000 0.187261 0.357983 0.156428 0.188020 0.348829 0.506941 0.190889 0.298588
17.000000 0.187319 0.357865 0.156266 0.187950 0.348402 0.507172 0.190689 0.298387
17.200000 0.187285 0.357523 0.156396 0.187938 0.347756 0.507107 0.190552 0.297916
17.400000 0.187112 0.357330 0.156426 0.187680 0.347052 0.506819 0.190442 0.297372
17.600000 0.187225 0.356960 0.156269 0.187590 0.346634 0.506952 0.190355 0.296944
17.800000 0.187076 0.356756 0.156304 0.187268 0.345981 0.506812 0.190199 0.296487
18.000000 0.187154 0.356612 0.156253 0.187230 0.345594 0.506600 0.190017 0.296206
18.200000 0.187162 0.356495 0.117193 0.187356 0.344925 0.506740 0.189847 0.295796
18.400000 0.187133 0.356199 0.156218 0.186950 0.344266 0.506455 0.189759 0.295342
18.600000 0.187152 0.356044 0.156109 0.186789 0.343738 0.506589 0.189609 0.295054
18.800000 0.187071 0.355637 0.156167 0.186797 0.343027 0.506556 0.189402 0.294529
19.000000 0.186977 0.355408 0.155950 0.186605 0.342591 0.506362 0.189098 0.293999
19.200000 0.187020 0.355334 0.156150 0.186471 0.341965 0.506361 0.189244 0.293672
19.400000 0.186995 0.355164 0.156161 0.186337 0.341576 0.506307 0.189133 0.293333
19.600000 0.186986 0.354927 0.156073 0.186328 0.340981 0.506150 0.188878 0.292882
19.800000 0.187066 0.354887 0.156127 0.186215 0.340615 0.506007 0.188839 0.292488
20.000000 0.186920 0.354469 0.156187 0.186011 0.339825 0.506131 0.188644 0.291951
20.200000 0.186908 0.354344 0.156041 0.185884 0.339395 0.506124 0.188575 0.291650
20.400000 0.186883 0.354222 0.156078 0.185901 0.338798 0.506048 0.188305 0.291402
20.600000 0.186691 0.353969 0.155870 0.185571 0.338263 0.505996 0.188190 0.290801
20.800000 0.186631 0.353622 0.155767 0.185668 0.337699 0.505831 0.188147 0.290436
21.000000 0.186723 0.353532 0.155818 0.185607 0.337124 0.505778 0.188121 0.290068
21.200000 0.186636 0.353506 0.156001 0.185512 0.336648 0.505723 0.187916 0.289674
21.400000 0.186900 0.353096 0.156158 0.185475 0.335895 0.505653 0.187748 0.289249
21.600000 0.186766 0.353027 0.155771 0.185119 0.335657 0.505590 0.187597 0.288863
21.800000 0.186695 0.352649 0.155916 0.185192 0.335159 0.505691 0.187511 0.288459
22.000000 0.186663 0.352447 0.156023 0.185061 0.334568 0.505617 0.187464 0.287945
22.200000 0.186495 0.352327 0.155901 0.184927 0.334101 0.505573 0.187248 0.287673
22.400000 0.186603 0.352052 0.155810 0.184849 0.333549 0.505669 0.187153 0.287178
22.600000 0.186504 0.351962 0.155904 0.184771 0.333083 0.505315 0.186977 0.286941
22.800000 0.186583 0.351787 0.155639 0.184581 0.332559 0.505276 0.186664 0.286483
23.000000 0.186484 0.351544 0.155768 0.184506 0.331923 0.505303 0.186730 0.286320
23.200000 0.186507 0.351395 0.155904 0.184386 0.331507 0.505018 0.186553 0.285894
23.400000 0.186326 0.351249 0.155686 0.184323 0.331000 0.504932 0.186315 0.285594
23.600000 0.186344 0.351062 0.155745 0.184054 0.330543 0.505125 0.186574 0.285146
23.800000 0.186477 0.350931 0.155671 0.184159 0.330059 0.505164 0.186244 0.284834
24.000000 0.186411 0.350773 0.155684 0.183944 0.329713 0.505055 0.186073 0.284417
24.200000 0.186420 0.350388 0.155634 0.183892 0.329008 0.505009 0.185875 0.283973
24.400000 0.186456 0.350261 0.155749 0.183823 0.328705 0.504917 0.185952 0.283667
24.600000 0.186359 0.350163 0.155560 0.183553 0.328293 0.504857 0.185807 0.283502
24.800000 0.186352 0.349924 0.155540 0.183632 0.327852 0.504702 0.185561 0.282998
25.000000 0.186356 0.349800 0.155776 0.183429 0.327303 0.504846 0.185569 0.282718
25.200000 0.186294 0.349649 0.155503 0.183408 0.326698 0.504666 0.185373 0.282326
25.400000 0.186245 0.349465 0.155614 0.183325 0.326270 0.504366 0.185313 0.281888
25.600000 0.186259 0.349320 0.155529 0.183175 0.325895 0.504533 0.185217 0.281630
25.800000 0.186231 0.349038 0.155481 0.183142 0.325433 0.504409 0.185025 0.281250
26.000000 0.186197 0.348873 0.155548 0.183082 0.324962 0.504394 0.185037 0.280981
26.200000 0.186219 0.348675 0.155569 0.182992 0.324491 0.504339 0.184929 0.280701
26.400000 0.186301 0.348558 0.155358 0.182850 0.324026 0.504165 0.184876 0.280293
26.600000 0.186170 0.348239 0.155606 0.182742 0.323600 0.504233 0.184702 0.279908
26.800000 0.186133 0.347989 0.155404 0.182608 0.322799 0.504085 0.184526 0.279388
27.000000 0.186126 0.347963 0.155637 0.182613 0.322594 0.504068 0.184464 0.279102
27.200000 0.186075 0.347795 0.155394 0.182476 0.322043 0.504031 0.184317 0.278934
27.400000 0.186079 0.347682 0.155194 0.182402 0.321781 0.504015 0.184209 0.278575
27.600000 0.186037 0.347503 0.155365 0.182394 0.321333 0.503926 0.184064 0.278378
27.800000 0.185897 0.347428 0.155435 0.182040 0.320956 0.503951 0.183900 0.278007
28.000000 0.186018 0.347148 0.155334 0.182201 0.320496 0.503795 0.183894 0.277411
28.200000 0.186003 0.347018 0.155314 0.181830 0.319936 0.503553 0.183780 0.277265
28.400000 0.185804 0.346682 0.155226 0.181933 0.319416 0.503607 0.183856 0.276833
28.600000 0.185944 0.346584 0.155322 0.181780 0.319350 0.503589 0.183452 0.276515
28.800000 0.185887 0.346676 0.155284 0.181471 0.318678 0.503478 0.183347 0.276293
29.000000 0.185819 0.346291 0.155209 0.181555 0.318269 0.503475 0.183290 0.276010
29.200000 0.185869 0.346215 0.155462 0.181708 0.317755 0.503566 0.183322 0.275789
29.400000 0.185870 0.346131 0.155267 0.181326 0.317494 0.503578 0.183170 0.275522
29.600000 0.185795 0.345765 0.155267 0.181341 0.316964 0.503244 0.182841 0.274995
29.800000 0.185747 0.345712 0.155090 0.181424 0.316922 0.503264 0.182921 0.274816
30.000000 0.185747 0.345445 0.155244 0.181233 0.316171 0.503126 0.182704 0.274516
30.200000 0.185823 0.345380 0.155073 0.181147 0.315975 0.503138 0.182534 0.274123
30.400000 0.185766 0.345156 0.155323 0.180974 0.315479 0.503197 0.182729 0.274004
30.600000 0.186000 0.345058 0.155073 0.180982 0.315077 0.503042 0.182595 0.273610
30.800000 0.187156 0.344992 0.155050 0.180964 0.314757 0.502942 0.182504 0.273311
31.000000 0.189332 0.344787 0.155041 0.180960 0.314341 0.502837 0.182397 0.273104
31.200000 0.192303 0.344636 0.155317 0.180680 0.314118 0.502824 0.182424 0.272908
31.400000 0.196266 0.344316 0.155096 0.180730 0.313868 0.502929 0.182295 0.272799
31.600000 0.201685 0.344302 0.155233 0.180743 0.313674 0.502966 0.182308 0.272612
31.800000 0.207938 0.344140 0.155265 0.180950 0.313847 0.502663 0.182207 0.272622
32.000000 0.214927 0.344387 0.155565 0.180870 0.313940 0.502638 0.182058 0.272788
32.200000 0.222146 0.344334 0.155247 0.180523 0.314305 0.502615 0.182129 0.273062
32.400000 0.229437 0.344542 0.155380 0.181119 0.315221 0.502716 0.182311 0.273685
32.600000 0.236611 0.344555 0.155323 0.181341 0.316250 0.502549 0.182350 0.274410
32.800000 0.244684 0.345073 0.155393 0.181710 0.317885 0.502673 0.182598 0.275681
33.000000 0.250980 0.345744 0.155554 0.182040 0.319926 0.502673 0.182588 0.276944
33.200000 0.256647 0.346603 0.155760 0.182775 0.322029 0.502706 0.182958 0.278443
33.400000 0.261812 0.347595 0.155641 0.183215 0.324317 0.502759 0.183197 0.280265
33.600000 0.266609 0.349024 0.155936 0.183909 0.327127 0.502709 0.183445 0.281982
33.800000 0.270886 0.350817 0.156055 0.184870 0.330343 0.502504 0.183812 0.284286
34.000000 0.274533 0.352649 0.156381 0.185540 0.333508 0.502599 0.184106 0.286719
34.200000 0.277878 0.355144 0.156579 0.186403 0.337161 0.502912 0.184347 0.289196
34.400000 0.281035 0.357778 0.156830 0.187471 0.341023 0.502904 0.184744 0.292137
34.600000 0.283697 0.360895 0.156953 0.188136 0.345073 0.502747 0.185184 0.295173
34.800000 0.285952 0.364207 0.157557 0.189525 0.349327 0.502631 0.185500 0.298418
35.000000 0.288171 0.368034 0.157803 0.190706 0.353940 0.502749 0.185907 0.301722
35.200000 0.290109 0.372139 0.158213 0.191893 0.358480 0.502893 0.186436 0.305376
35.400000 0.291732 0.376235 0.158877 0.192930 0.363288 0.502910 0.186660 0.308553
35.600000 0.293003 0.380552 0.159062 0.194179 0.367894 0.502963 0.187209 0.312346
35.800000 0.294184 0.385073 0.159636 0.195239 0.372469 0.502927 0.187479 0.316081
36.000000 0.295197 0.389988 0.160056 0.196439 0.377699 0.502799 0.187878 0.319936
36.200000 0.296179 0.394476 0.160295 0.197593 0.382838 0.502791 0.188425 0.323805
36.400000 0.297076 0.400010 0.160785 0.198743 0.387917 0.502920 0.188875 0.327879
36.600000 0.297785 0.405396 0.161143 0.199931 0.393175 0.503062 0.189298 0.331788
36.800000 0.298517 0.410640 0.161663 0.201094 0.398299 0.503047 0.189679 0.335993
37.000000 0.299159 0.416307 0.162184 0.202132 0.403649 0.503013 0.190138 0.340086
37.200000 0.299650 0.421802 0.162554 0.203431 0.409140 0.502986 0.190449 0.344479
37.400000 0.300290 0.427460 0.162907 0.204533 0.414536 0.502982 0.191050 0.348815
37.600000 0.300461 0.433137 0.163261 0.205714 0.419771 0.503085 0.191540 0.353197
37.800000 0.300944 0.438811 0.163703 0.206712 0.425199 0.503302 0.191982 0.357505
38.000000 0.301288 0.444512 0.163936 0.207864 0.430704 0.503382 0.192356 0.361835
38.200000 0.301369 0.450250 0.164404 0.209125 0.436165 0.503192 0.192913 0.366461
38.400000 0.301666 0.456008 0.164925 0.210174 0.441738 0.503303 0.193439 0.370774
38.600000 0.302046 0.461996 0.165109 0.211483 0.447208 0.503366 0.193842 0.375090
38.800000 0.302177 0.467534 0.165701 0.212590 0.452613 0.503273 0.194351 0.379700
39.000000 0.302537 0.474414 0.165788 0.213867 0.459383 0.503390 0.194902 0.385138
39.200000 0.302677 0.480443 0.166351 0.214852 0.464828 0.503416 0.156342 0.389727
39.400000 0.302861 0.485956 0.166674 0.216201 0.470409 0.503419 0.195903 0.394190
39.600000 0.302866 0.491487 0.167011 0.217018 0.475715 0.503658 0.196411 0.398582
39.800000 0.303142 0.497107 0.167292 0.218105 0.481061 0.503583 0.196779 0.403057
40.000000 0.303297 0.502806 0.167594 0.219536 0.486525 0.503737 0.197330 0.407693
40.200000 0.303229 0.508212 0.168091 0.220441 0.491679 0.503736 0.197837 0.411842
40.400000 0.303463 0.513675 0.168449 0.221494 0.497264 0.503758 0.198241 0.416471
40.600000 0.303605 0.519155 0.168656 0.222550 0.502427 0.503834 0.198628 0.420803
40.800000 0.303606 0.524538 0.168859 0.223329 0.508053 0.503935 0.199264 0.425237
41.000000 0.303728 0.529808 0.169323 0.224613 0.513181 0.503931 0.199736 0.390678
41.200000 0.303764 0.535283 0.169618 0.225745 0.518538 0.503956 0.200210 0.433894
41.400000 0.303652 0.540527 0.169878 0.226468 0.524188 0.503891 0.200658 0.438135
41.600000 0.303838 0.545604 0.170242 0.227671 0.529100 0.503954 0.201366 0.442590
41.800000 0.303903 0.550822 0.170632 0.228739 0.534330 0.504119 0.201764 0.446824
42.000000 0.303918 0.555475 0.171014 0.229623 0.539379 0.504046 0.202053 0.451033
42.200000 0.303830 0.560284 0.171183 0.230413 0.544137 0.504021 0.202781 0.455022
42.400000 0.303825 0.565093 0.171399 0.231727 0.549346 0.504234 0.203193 0.459217
42.600000 0.303904 0.569539 0.171887 0.232763 0.554226 0.504153 0.203450 0.463207
42.800000 0.303920 0.574078 0.172001 0.233834 0.559115 0.504375 0.204050 0.467268
43.000000 0.303865 0.578686 0.172199 0.234676 0.563796 0.504346 0.204563 0.471120
43.200000 0.303932 0.582946 0.172521 0.235602 0.568932 0.504522 0.205025 0.475000
43.400000 0.303811 0.587224 0.172813 0.236523 0.573499 0.504538 0.205467 0.478625
43.600000 0.303813 0.591297 0.172955 0.237462 0.578456 0.504537 0.206105 0.482575
43.800000 0.304062 0.595441 0.173478 0.238393 0.583294 0.504677 0.206311 0.486372
44.000000 0.304034 0.599434 0.173582 0.239434 0.587800 0.504530 0.206999 0.490076
44.200000 0.304071 0.603358 0.173856 0.240157 0.592414 0.504745 0.207413 0.493724
44.400000 0.304104 0.607156 0.174105 0.241053 0.597179 0.504636 0.207799 0.497164
44.600000 0.304078 0.610793 0.174224 0.241853 0.601759 0.504845 0.208153 0.500927
44.800000 0.303977 0.614463 0.174516 0.242788 0.606253 0.504530 0.208682 0.504159
45.000000 0.304096 0.618005 0.174787 0.243734 0.610762 0.504946 0.209141 0.468796
45.200000 0.304103 0.621870 0.175136 0.244787 0.615882 0.504919 0.209756 0.512167
45.400000 0.304019 0.625942 0.175129 0.245780 0.621408 0.505041 0.210202 0.515931
45.600000 0.304030 0.629220 0.175567 0.246636 0.625754 0.505025 0.210664 0.519322
45.800000 0.304061 0.632259 0.175684 0.247471 0.630015 0.505130 0.211087 0.522656
46.000000 0.304107 0.635483 0.176077 0.248406 0.634425 0.504826 0.211533 0.525836
46.200000 0.303962 0.638322 0.176234 0.249125 0.638533 0.505191 0.212000 0.529054
46.400000 0.303871 0.641173 0.176239 0.249882 0.642609 0.505299 0.212263 0.532427
46.600000 0.303825 0.644025 0.176520 0.250599 0.646832 0.505250 0.212844 0.535562
46.800000 0.303987 0.646876 0.176701 0.251354 0.650952 0.505365 0.213284 0.538545
47.000000 0.303983 0.649525 0.176967 0.252327 0.655049 0.505424 0.213722 0.541597
47.200000 0.304018 0.651863 0.177164 0.253122 0.658829 0.505232 0.214131 0.544657
47.400000 0.303832 0.654572 0.177286 0.253621 0.663069 0.505343 0.214400 0.547572
47.600000 0.303906 0.656588 0.177481 0.254651 0.666726 0.505533 0.214901 0.550667
47.800000 0.303994 0.659366 0.177711 0.255304 0.670766 0.505603 0.215365 0.553655
48.000000 0.303725 0.661191 0.177774 0.255990 0.674514 0.505635 0.215759 0.556363
48.200000 0.303900 0.663526 0.178030 0.256770 0.678196 0.505667 0.216197 0.559157
48.400000 0.303856 0.665672 0.178205 0.257509 0.682197 0.505556 0.216428 0.561873
48.600000 0.303850 0.667661 0.178365 0.258266 0.685508 0.505784 0.216680 0.564313
48.800000 0.303824 0.669740 0.178527 0.259002 0.689586 0.505817 0.217370 0.567672
49.000000 0.303760 0.671362 0.178698 0.259775 0.692923 0.505872 0.217803 0.570223
49.200000 0.303645 0.673553 0.178754 0.260575 0.696446 0.505973 0.218201 0.572822
49.400000 0.303708 0.675320 0.178933 0.261190 0.699802 0.505846 0.218756 0.575430
49.600000 0.303669 0.676903 0.179250 0.261800 0.703158 0.505904 0.219061 0.577934
49.800000 0.303718 0.678622 0.179394 0.262578 0.706599 0.506002 0.219321 0.580579
50.000000 0.303512 0.680338 0.179139 0.263181 0.709850 0.506094 0.219643 0.582982
50.200000 0.303500 0.681978 0.179497 0.263755 0.713233 0.506045 0.220156 0.585559
50.400000 0.303615 0.683308 0.179690 0.264466 0.716269 0.506013 0.220504 0.587868
50.600000 0.303731 0.685037 0.179642 0.265297 0.719842 0.506283 0.220891 0.590255
50.800000 0.303507 0.686436 0.179818 0.265907 0.722829 0.506269 0.221143 0.592663
51.000000 0.303481 0.687787 0.180085 0.266723 0.726099 0.506355 0.221478 0.594960
51.200000 0.303592 0.689156 0.180200 0.267167 0.729122 0.506386 0.222046 0.597277
51.400000 0.303574 0.690600 0.180264 0.267819 0.732408 0.506570 0.222456 0.599867
51.600000 0.303443 0.692056 0.180655 0.268808 0.735658 0.506499 0.222901 0.602536
51.800000 0.303624 0.693057 0.180622 0.269288 0.739011 0.506511 0.223332 0.604692
52.000000 0.303542 0.694482 0.180744 0.269921 0.741834 0.506586 0.223624 0.606754
52.200000 0.303357 0.695619 0.180877 0.270667 0.744593 0.506798 0.223961 0.609015
52.400000 0.303430 0.696473 0.180956 0.271289 0.747239 0.506683 0.224224 0.610881
52.600000 0.303420 0.697715 0.181007 0.271846 0.750272 0.506879 0.224430 0.612791
52.800000 0.303465 0.698425 0.180970 0.272464 0.752925 0.506595 0.224988 0.615180
53.000000 0.303431 0.699664 0.181564 0.273015 0.755357 0.506873 0.225267 0.616951
53.200000 0.303413 0.700820 0.181357 0.273672 0.757759 0.506770 0.225653 0.619019
53.400000 0.303496 0.701699 0.181543 0.274165 0.760478 0.506840 0.225953 0.620993
53.600000 0.303199 0.702425 0.181803 0.274747 0.762939 0.506945 0.226425 0.622748
53.800000 0.303370 0.703312 0.181783 0.275567 0.765464 0.506978 0.226718 0.624762
54.000000 0.303194 0.703917 0.182037 0.275969 0.768036 0.507099 0.227017 0.626265
54.200000 0.303327 0.704882 0.181970 0.276547 0.770158 0.507326 0.227328 0.628320
54.400000 0.303294 0.705827 0.182157 0.277200 0.772799 0.507223 0.227555 0.630186
54.600000 0.303291 0.706064 0.181898 0.277685 0.775052 0.507161 0.227866 0.631734
54.800000 0.303226 0.707349 0.182251 0.278080 0.777244 0.507286 0.228422 0.633366
55.000000 0.303302 0.707858 0.182399 0.278813 0.779339 0.507324 0.228632 0.635203
55.200000 0.303183 0.708760 0.182612 0.279356 0.781512 0.507326 0.228916 0.636736
55.400000 0.303173 0.709260 0.182607 0.279890 0.783666 0.507370 0.229092 0.638285
55.600000 0.303183 0.709759 0.182737 0.280609 0.785822 0.507473 0.229545 0.639945
55.800000 0.303146 0.710629 0.182772 0.280983 0.787718 0.507477 0.229712 0.641362
56.000000 0.303161 0.711352 0.182833 0.281460 0.789632 0.507359 0.230134 0.642979
56.200000 0.303124 0.711732 0.182841 0.281902 0.791653 0.507605 0.230274 0.644406
56.400000 0.303031 0.712103 0.182871 0.282333 0.793687 0.507533 0.230879 0.645856
56.600000 0.303179 0.713132 0.183036 0.283188 0.795725 0.507724 0.231149 0.647432
56.800000 0.303039 0.713537 0.183184 0.283627 0.797436 0.507731 0.231022 0.648921
57.000000 0.302980 0.713996 0.183082 0.284095 0.799390 0.507807 0.231563 0.650306
57.200000 0.302790 0.714499 0.183302 0.284684 0.801160 0.507709 0.231871 0.651538
57.400000 0.302743 0.714762 0.183270 0.285024 0.803024 0.507955 0.232145 0.652965
57.600000 0.302919 0.715649 0.183409 0.285704 0.805051 0.507967 0.232395 0.654472
57.800000 0.302834 0.716071 0.183443 0.286251 0.806863 0.507906 0.232706 0.655923
58.000000 0.302804 0.716257 0.183446 0.286684 0.808539 0.508102 0.233029 0.656903
58.200000 0.302804 0.716742 0.183578 0.287185 0.810226 0.508026 0.233366 0.658278
58.400000 0.302808 0.717422 0.183721 0.287756 0.811795 0.507991 0.233536 0.659480
58.600000 0.302605 0.717642 0.183958 0.287977 0.813185 0.508120 0.233872 0.660662
58.800000 0.302708 0.718006 0.183969 0.288680 0.814851 0.508248 0.234161 0.661879
59.000000 0.302604 0.718205 0.184099 0.288920 0.816172 0.508251 0.234343 0.662915
59.200000 0.302705 0.718801 0.183910 0.289555 0.817742 0.508286 0.234581 0.664013
59.400000 0.302668 0.718997 0.184114 0.289997 0.819323 0.508335 0.234964 0.665208
59.600000 0.302607 0.719571 0.184213 0.290425 0.820513 0.508367 0.235009 0.666065
59.800000 0.302609 0.719626 0.184206 0.290688 0.822131 0.508524 0.235437 0.667242
60.000000 0.302461 0.720016 0.184302 0.291327 0.823224 0.508550 0.235893 0.668188
60.200000 0.302646 0.720461 0.184451 0.291799 0.824628 0.508482 0.236042 0.669367
60.400000 0.302432 0.720581 0.184364 0.292339 0.826063 0.508337 0.236075 0.670260
60.600000 0.302277 0.721176 0.184403 0.292614 0.827333 0.508705 0.236328 0.671249
60.800000 0.302447 0.721309 0.184565 0.293060 0.828578 0.508452 0.236611 0.672341
61.000000 0.302556 0.721702 0.184642 0.293477 0.830056 0.508588 0.236839 0.673245
61.200000 0.302484 0.721817 0.184479 0.293996 0.831114 0.508846 0.237075 0.674185
61.400000 0.302505 0.722303 0.184777 0.294387 0.832303 0.508623 0.237318 0.675162
61.600000 0.302537 0.722351 0.184767 0.294879 0.833309 0.508787 0.237523 0.675936
61.800000 0.302662 0.722711 0.184894 0.295300 0.834665 0.509005 0.237868 0.676910
62.000000 0.302393 0.722938 0.185033 0.295591 0.835836 0.508972 0.238022 0.677707
62.200000 0.302458 0.723265 0.185009 0.296158 0.837010 0.508903 0.238057 0.678592
62.400000 0.302295 0.723402 0.184966 0.296115 0.838128 0.508899 0.238452 0.679438
62.600000 0.302457 0.724016 0.184978 0.296924 0.839321 0.509090 0.238614 0.680164
62.800000 0.302371 0.723582 0.185165 0.297212 0.840066 0.509058 0.238862 0.680878
63.000000 0.302379 0.723820 0.185214 0.297549 0.841500 0.509068 0.239035 0.681714
63.200000 0.302340 0.724209 0.185218 0.298123 0.842335 0.509160 0.239403 0.682554
63.400000 0.302213 0.724448 0.185258 0.298406 0.843201 0.509263 0.239514 0.683439
63.600000 0.302371 0.724675 0.185370 0.298871 0.844528 0.509224 0.239670 0.684118
63.800000 0.302312 0.724747 0.185392 0.299307 0.845445 0.509324 0.239904 0.685014
64.000000 0.302314 0.725196 0.185333 0.299667 0.846433 0.509461 0.240088 0.685713
64.200000 0.302262 0.725303 0.185543 0.299950 0.847467 0.509431 0.240399 0.686231
64.400000 0.302216 0.725456 0.185640 0.300539 0.848306 0.509346 0.240534 0.687037
64.600000 0.302218 0.725568 0.185840 0.300962 0.849189 0.509374 0.240783 0.687755
64.800000 0.302187 0.725949 0.185558 0.301290 0.849929 0.509358 0.240855 0.688459
65.000000 0.301985 0.726154 0.185556 0.301397 0.851034 0.509633 0.241022 0.688975
65.200000 0.302092 0.725918 0.185659 0.301946 0.851852 0.509642 0.241241 0.689680
65.400000 0.302023 0.726193 0.185807 0.302134 0.852522 0.509607 0.241507 0.690224
65.600000 0.301833 0.726204 0.185886 0.302598 0.853426 0.509606 0.241679 0.690829
65.800000 0.302034 0.726391 0.185816 0.302997 0.854349 0.509741 0.241800 0.691409
66.000000 0.302011 0.726881 0.186001 0.303480 0.855187 0.509716 0.241852 0.692216
66.200000 0.301954 0.726828 0.185940 0.303659 0.855842 0.509739 0.242043 0.692719
66.400000 0.301951 0.726800 0.185976 0.304049 0.856522 0.509902 0.242228 0.693282
66.600000 0.301855 0.727198 0.185912 0.304441 0.857453 0.510091 0.242543 0.693921
66.800000 0.301876 0.727090 0.186078 0.304781 0.858075 0.509892 0.242637 0.694154
67.000000 0.302058 0.727261 0.186062 0.305254 0.859060 0.509995 0.242869 0.694773
67.200000 0.301868 0.727512 0.186101 0.305339 0.820370 0.510049 0.242773 0.695205
67.400000 0.301861 0.727321 0.186296 0.305749 0.860158 0.510038 0.243212 0.695669
67.600000 0.301796 0.727559 0.186197 0.305787 0.860671 0.510044 0.243285 0.696282
67.800000 0.301680 0.727725 0.186248 0.306249 0.861403 0.510110 0.243241 0.696772
68.000000 0.301669 0.727965 0.186265 0.306718 0.862103 0.509971 0.243648 0.697261
68.200000 0.301763 0.727943 0.186314 0.307074 0.862863 0.510176 0.243773 0.697675
68.400000 0.301729 0.728022 0.186368 0.307398 0.863422 0.510153 0.243956 0.698198
68.600000 0.301750 0.728261 0.186441 0.307757 0.864135 0.510259 0.243935 0.698751
68.800000 0.301686 0.728271 0.186345 0.308043 0.864703 0.510344 0.244144 0.699120
69.000000 0.301580 0.728285 0.186453 0.308331 0.865188 0.510390 0.244420 0.699690
69.200000 0.301676 0.728445 0.186608 0.308629 0.866088 0.510290 0.244542 0.699989
69.400000 0.301586 0.728527 0.186545 0.308917 0.866488 0.510431 0.244855 0.700485
69.600000 0.301575 0.728614 0.186484 0.309149 0.866866 0.510259 0.244912 0.700855
69.800000 0.301403 0.728837 0.186545 0.309465 0.867723 0.510555 0.245163 0.701208
70.000000 0.301480 0.728708 0.186554 0.309874 0.868188 0.510572 0.244727 0.701716
70.200000 0.301335 0.728816 0.186512 0.310012 0.868728 0.510616 0.245236 0.702342
70.400000 0.301483 0.728936 0.186895 0.310365 0.869155 0.510598 0.245453 0.702569
70.600000 0.301433 0.728967 0.186620 0.310761 0.869799 0.510610 0.245529 0.702741
70.800000 0.301445 0.729043 0.186785 0.311253 0.870110 0.510672 0.245563 0.703172
71.000000 0.301425 0.729104 0.186782 0.311298 0.870957 0.510831 0.245876 0.703594
71.200000 0.301503 0.729161 0.186849 0.311728 0.871400 0.510618 0.245783 0.703749
71.400000 0.301386 0.729094 0.186852 0.311967 0.871704 0.510731 0.246083 0.704261
71.600000 0.301257 0.729132 0.187020 0.312276 0.872433 0.510776 0.246484 0.704795
71.800000 0.301305 0.729456 0.187023 0.312512 0.872905 0.510911 0.246356 0.705125
72.000000 0.301319 0.729439 0.186998 0.312793 0.873374 0.511085 0.246573 0.705421
72.200000 0.301291 0.729569 0.187044 0.313148 0.873616 0.510992 0.246640 0.705825
72.400000 0.301135 0.729399 0.187005 0.313355 0.874033 0.510926 0.246647 0.705971
72.600000 0.301270 0.729800 0.187046 0.313651 0.874774 0.511070 0.246818 0.706468
72.800000 0.301074 0.729664 0.187192 0.313932 0.874826 0.511092 0.247000 0.706641
73.000000 0.301075 0.729545 0.187143 0.314155 0.875433 0.511097 0.247080 0.707004
73.200000 0.301086 0.729678 0.187180 0.314306 0.875864 0.511249 0.247248 0.707237
73.400000 0.301219 0.729924 0.187091 0.314683 0.876525 0.511295 0.247352 0.707579
73.600000 0.301080 0.729685 0.187213 0.314977 0.876651 0.511170 0.247520 0.708001
73.800000 0.301144 0.729832 0.187258 0.315212 0.877146 0.511311 0.247540 0.708286
74.000000 0.301184 0.730115 0.187370 0.315675 0.877552 0.511297 0.247700 0.708597
74.200000 0.301158 0.729990 0.187352 0.315786 0.877963 0.511400 0.247676 0.708717
74.400000 0.301066 0.729957 0.187367 0.315979 0.878184 0.511420 0.247942 0.708994
74.600000 0.301039 0.730022 0.187268 0.316260 0.878600 0.511354 0.248032 0.709229
74.800000 0.301003 0.730278 0.187300 0.316333 0.878815 0.511471 0.248165 0.709670
75.000000 0.300977 0.730254 0.187516 0.316656 0.879293 0.511558 0.248290 0.709964
75.200000 0.300803 0.730209 0.187410 0.317050 0.879572 0.511590 0.248358 0.710044
75.400000 0.300816 0.730223 0.187507 0.317237 0.880032 0.511722 0.248560 0.710332
75.600000 0.300890 0.730307 0.187472 0.317536 0.880394 0.511538 0.248656 0.710702
75.800000 0.300851 0.730375 0.187512 0.317751 0.880440 0.511558 0.248597 0.711014
76.000000 0.300865 0.730164 0.187328 0.318062 0.881109 0.511517 0.248587 0.711148
76.200000 0.300871 0.730478 0.187653 0.318195 0.881351 0.511662 0.248907 0.711498
76.400000 0.300813 0.730368 0.187603 0.318253 0.881450 0.511420 0.248967 0.711621
76.600000 0.300875 0.730564 0.187583 0.318607 0.881922 0.511628 0.249160 0.711738
76.800000 0.300874 0.730715 0.187615 0.318961 0.882273 0.511810 0.249319 0.711987
77.000000 0.300769 0.730552 0.187550 0.319058 0.882430 0.511914 0.249137 0.712423
77.200000 0.300781 0.730550 0.187638 0.319629 0.882995 0.512013 0.249369 0.712474
77.400000 0.300881 0.730520 0.187689 0.319594 0.883283 0.512022 0.249333 0.712578
77.600000 0.300977 0.730778 0.187494 0.319561 0.883380 0.512022 0.249552 0.712971
77.800000 0.300891 0.730463 0.187707 0.320025 0.883852 0.512029 0.249507 0.713072
78.000000 0.301003 0.730674 0.187737 0.320568 0.884047 0.512137 0.249689 0.713303
78.200000 0.300758 0.730667 0.187766 0.320283 0.884439 0.512195 0.249868 0.713503
78.400000 0.300774 0.730816 0.187754 0.320935 0.884659 0.511941 0.249884 0.713577
78.600000 0.300869 0.730651 0.187747 0.321064 0.884621 0.512000 0.249746 0.713816
78.800000 0.300898 0.730640 0.187982 0.321335 0.885136 0.512040 0.249935 0.713757
79.000000 0.300852 0.730685 0.188023 0.321243 0.885553 0.512123 0.250134 0.714356
79.200000 0.300868 0.730850 0.187837 0.321771 0.885652 0.512297 0.250092 0.714502
79.400000 0.300840 0.730817 0.187970 0.321692 0.885995 0.512117 0.250381 0.714663
79.600000 0.300871 0.730783 0.187945 0.322123 0.886328 0.512276 0.250356 0.714797
79.800000 0.300794 0.731106 0.187942 0.322404 0.886483 0.512436 0.250490 0.715051
80.000000 0.300829 0.731003 0.187979 0.322621 0.886833 0.512462 0.250467 0.715320
80.200000 0.300798 0.731010 0.188136 0.322754 0.886997 0.512502 0.250665 0.715464
80.400000 0.300759 0.731150 0.188001 0.322989 0.887039 0.512399 0.250861 0.715624
80.600000 0.300633 0.731179 0.188239 0.323275 0.887349 0.512595 0.250780 0.715721
80.800000 0.300794 0.731160 0.188044 0.323351 0.887823 0.512616 0.250877 0.716075
81.000000 0.300894 0.731280 0.187869 0.323590 0.887759 0.512651 0.250906 0.715984
81.200000 0.300707 0.731288 0.188105 0.323687 0.888208 0.512729 0.251000 0.716168
81.400000 0.300729 0.731353 0.187916 0.323954 0.888276 0.512782 0.251114 0.716279
81.600000 0.300747 0.731103 0.188209 0.324242 0.888538 0.512705 0.251126 0.716670
81.800000 0.300661 0.731275 0.188192 0.324488 0.888881 0.512990 0.251249 0.716768
82.000000 0.300446 0.731317 0.188259 0.324621 0.888937 0.512695 0.251206 0.716663
82.200000 0.300604 0.731269 0.188025 0.324849 0.889027 0.512738 0.251226 0.717063
82.400000 0.300627 0.731234 0.188078 0.324871 0.889171 0.512881 0.251403 0.717119
82.600000 0.300462 0.731270 0.188218 0.325012 0.889578 0.512710 0.251463 0.717097
82.800000 0.300449 0.731320 0.188256 0.325434 0.889832 0.512959 0.251517 0.717340
83.000000 0.300577 0.731493 0.188416 0.325443 0.890011 0.512946 0.251387 0.717533
83.200000 0.300572 0.731359 0.188283 0.325573 0.890142 0.512940 0.251637 0.717768
83.400000 0.300505 0.731538 0.188309 0.325750 0.890383 0.513128 0.251648 0.717908
83.600000 0.300331 0.731225 0.188124 0.325996 0.890126 0.513136 0.251696 0.717789
83.800000 0.300362 0.731426 0.188361 0.326126 0.890365 0.513070 0.251658 0.717945
84.000000 0.300471 0.731626 0.188385 0.326380 0.890681 0.513110 0.251845 0.718185
84.200000 0.300349 0.731371 0.188337 0.326390 0.890816 0.513051 0.251901 0.718322
84.400000 0.300158 0.731346 0.188371 0.326555 0.890950 0.513136 0.252019 0.718392
84.600000 0.300291 0.731465 0.188329 0.326871 0.890977 0.513094 0.252050 0.718427
84.800000 0.300251 0.731607 0.188295 0.326919 0.891138 0.513104 0.252188 0.718662
85.000000 0.300215 0.731370 0.188307 0.327284 0.891405 0.513287 0.252166 0.718582
85.200000 0.300009 0.731474 0.188385 0.327252 0.891264 0.513232 0.251983 0.718660
85.400000 0.300145 0.731530 0.188507 0.327348 0.891653 0.513448 0.252217 0.718772
85.600000 0.300247 0.731504 0.188495 0.327636 0.891848 0.513431 0.252299 0.718987
85.800000 0.300171 0.731426 0.188453 0.327794 0.891938 0.513424 0.252325 0.718895
86.000000 0.300165 0.731468 0.188585 0.328018 0.892140 0.513446 0.251902 0.719062
86.200000 0.300216 0.731652 0.188549 0.328080 0.892223 0.513393 0.252427 0.719263
86.400000 0.300146 0.731365 0.188560 0.328323 0.892199 0.513492 0.252472 0.719175
86.600000 0.300282 0.731681 0.188598 0.328512 0.892493 0.513531 0.252456 0.719593
86.800000 0.300100 0.731403 0.188708 0.328584 0.892527 0.513600 0.252520 0.719541
87.000000 0.299994 0.731746 0.188518 0.328705 0.892661 0.513515 0.252596 0.719698
87.200000 0.300058 0.731610 0.188487 0.328721 0.892716 0.513547 0.252540 0.719670
87.400000 0.300007 0.731614 0.188478 0.329117 0.893005 0.513715 0.252836 0.719854
87.600000 0.300029 0.731555 0.188736 0.329244 0.893093 0.513696 0.252829 0.719833
87.800000 0.299691 0.731549 0.188519 0.329191 0.893098 0.513714 0.252770 0.719887
88.000000 0.299951 0.731497 0.188486 0.329558 0.893370 0.513743 0.252895 0.720137
88.200000 0.299931 0.731366 0.188532 0.329701 0.893278 0.513868 0.252989 0.720110
88.400000 0.299796 0.731585 0.188673 0.329766 0.893402 0.513780 0.252988 0.720072
88.600000 0.299784 0.731261 0.188711 0.329946 0.893372 0.513651 0.252904 0.720172
88.800000 0.299825 0.731220 0.188648 0.330051 0.893703 0.513790 0.252856 0.720424
89.000000 0.299969 0.731486 0.188698 0.330260 0.893602 0.513876 0.252999 0.720286
89.200000 0.299806 0.731378 0.188719 0.330375 0.893799 0.513789 0.253018 0.720426
89.400000 0.299737 0.731494 0.188897 0.330644 0.893740 0.513783 0.253134 0.720517
89.600000 0.299798 0.731464 0.188717 0.330559 0.893929 0.513970 0.253030 0.720654
89.800000 0.299815 0.731424 0.188885 0.330781 0.894125 0.513984 0.253201 0.720624
90.000000 0.299714 0.731289 0.188804 0.330890 0.894107 0.514032 0.253217 0.720689
