0.200000 0.051780 0.421045 0.174256 0.223576 0.458188 0.456362 0.216162 0.386822
0.400000 0.051692 0.420070 0.173913 0.222951 0.455467 0.456211 0.215881 0.384937
0.600000 0.051565 0.419604 0.173900 0.222888 0.454457 0.456066 0.215701 0.384160
0.800000 0.051558 0.419017 0.173803 0.222602 0.453304 0.455948 0.215468 0.383192
1.000000 0.051427 0.418502 0.173914 0.222446 0.452180 0.455915 0.215402 0.382271
1.200000 0.051530 0.418177 0.173736 0.222096 0.450748 0.455998 0.215270 0.381447
1.400000 0.051574 0.417607 0.173656 0.221933 0.449561 0.455824 0.215125 0.380437
1.600000 0.051539 0.417141 0.173565 0.221595 0.448543 0.455865 0.214910 0.379598
1.800000 0.051530 0.416552 0.173700 0.221372 0.447446 0.455887 0.214843 0.378602
2.000000 0.051356 0.416384 0.173554 0.221004 0.446214 0.455673 0.214654 0.377811
2.200000 0.051478 0.415688 0.173545 0.220839 0.445032 0.455716 0.214441 0.376908
2.400000 0.051506 0.415087 0.173492 0.220655 0.443898 0.455645 0.214356 0.376105
2.600000 0.051510 0.414847 0.173762 0.220423 0.442697 0.455559 0.214383 0.375208
2.800000 0.051473 0.414316 0.173519 0.220116 0.441679 0.455540 0.214058 0.374344
3.000000 0.051485 0.413827 0.173495 0.219870 0.440400 0.455590 0.213870 0.373481
3.200000 0.051505 0.413281 0.173474 0.219845 0.439396 0.455568 0.213740 0.372506
3.400000 0.051502 0.413038 0.173447 0.219463 0.438351 0.455445 0.213552 0.371746
3.600000 0.051445 0.412509 0.173351 0.219290 0.437202 0.455341 0.213447 0.370865
3.800000 0.051468 0.412077 0.173356 0.219040 0.436170 0.455416 0.213063 0.370100
4.000000 0.051467 0.411637 0.173466 0.218862 0.435177 0.455231 0.213048 0.369030
4.200000 0.051433 0.411235 0.173205 0.218611 0.433826 0.455340 0.213074 0.368400
4.400000 0.051421 0.410758 0.173315 0.218325 0.432741 0.455304 0.212742 0.367575
4.600000 0.051275 0.410391 0.173222 0.218125 0.431792 0.455250 0.212579 0.366820
4.800000 0.051529 0.409893 0.173308 0.218040 0.430744 0.455169 0.212526 0.365822
5.000000 0.051420 0.409569 0.173101 0.217722 0.429621 0.455286 0.212542 0.365007
5.200000 0.051416 0.409152 0.173132 0.217501 0.428759 0.455109 0.212231 0.364398
5.400000 0.051300 0.408709 0.172893 0.217197 0.427595 0.455076 0.212202 0.363550
5.600000 0.051344 0.408161 0.173074 0.216929 0.426387 0.455010 0.211864 0.362668
5.800000 0.051385 0.407787 0.173174 0.216774 0.425546 0.454994 0.211877 0.361875
6.000000 0.051383 0.407452 0.173008 0.216662 0.424621 0.454997 0.211731 0.361055
6.200000 0.051362 0.407060 0.172932 0.216417 0.423464 0.454894 0.211587 0.360482
6.400000 0.051192 0.406576 0.173032 0.216205 0.422261 0.455001 0.211244 0.359517
6.600000 0.051360 0.406131 0.172669 0.215824 0.421173 0.454824 0.211183 0.358614
6.800000 0.051330 0.405822 0.172995 0.215672 0.420324 0.454565 0.210968 0.357995
7.000000 0.051379 0.405523 0.172992 0.215527 0.419291 0.454827 0.210811 0.357290
7.200000 0.051367 0.405034 0.173011 0.215290 0.418335 0.454635 0.210712 0.356594
7.400000 0.051351 0.404782 0.172870 0.215107 0.417446 0.454651 0.210426 0.355730
7.600000 0.051351 0.404227 0.172838 0.214724 0.416263 0.454555 0.210434 0.355037
7.800000 0.051336 0.403995 0.172911 0.214676 0.415478 0.454549 0.210410 0.354028
8.000000 0.051320 0.403506 0.172745 0.214510 0.414454 0.454524 0.210123 0.353646
8.200000 0.051158 0.403240 0.172756 0.214239 0.413645 0.454426 0.209996 0.352927
8.400000 0.051303 0.402731 0.172827 0.213906 0.412433 0.454394 0.209850 0.352026
8.600000 0.051294 0.402486 0.172664 0.213879 0.411654 0.454390 0.209736 0.351504
8.800000 0.051124 0.402079 0.172666 0.213646 0.410636 0.454230 0.209398 0.350723
9.000000 0.051270 0.401611 0.172704 0.213560 0.409745 0.454238 0.209466 0.350143
9.200000 0.051295 0.401359 0.172723 0.213357 0.409043 0.454067 0.209250 0.349417
9.400000 0.051261 0.400973 0.172605 0.213190 0.408068 0.454170 0.209144 0.348729
9.600000 0.051300 0.400571 0.172585 0.213144 0.407018 0.454208 0.208998 0.348007
9.800000 0.051288 0.400344 0.172552 0.212849 0.406286 0.453984 0.208882 0.347290
10.000000 0.051242 0.400049 0.172521 0.212576 0.405455 0.454192 0.208860 0.346703
10.200000 0.051219 0.399771 0.172462 0.212519 0.404514 0.454089 0.208522 0.345937
10.400000 0.051226 0.399189 0.172488 0.212395 0.403746 0.453847 0.208515 0.345449
10.600000 0.051231 0.398997 0.172517 0.212042 0.402832 0.453916 0.208347 0.344784
10.800000 0.051239 0.398676 0.172440 0.211832 0.401918 0.453835 0.208230 0.343990
11.000000 0.051239 0.398207 0.172272 0.211720 0.401166 0.453897 0.208120 0.343427
11.200000 0.051246 0.398025 0.172541 0.211506 0.400366 0.453734 0.208051 0.342996
11.400000 0.051089 0.397542 0.172329 0.211369 0.399352 0.453767 0.207821 0.342163
11.600000 0.051205 0.397419 0.172375 0.211193 0.398676 0.453796 0.207606 0.341632
11.800000 0.051183 0.397074 0.172420 0.210958 0.397686 0.453637 0.207639 0.340970
12.000000 0.051234 0.396671 0.172123 0.210485 0.397015 0.453601 0.207413 0.340323
12.200000 0.051008 0.396164 0.172346 0.210652 0.396403 0.453579 0.207277 0.339736
12.400000 0.051208 0.396097 0.172369 0.210518 0.395461 0.453528 0.207170 0.339075
12.600000 0.051153 0.395691 0.172218 0.210364 0.394339 0.453348 0.206991 0.338352
12.800000 0.051218 0.395367 0.172126 0.210255 0.393768 0.453472 0.206681 0.337808
13.000000 0.051211 0.395116 0.172252 0.209878 0.393046 0.453416 0.206671 0.337068
13.200000 0.051149 0.394766 0.172005 0.209524 0.392176 0.453289 0.206612 0.336700
13.400000 0.051146 0.394489 0.172105 0.209775 0.391268 0.453302 0.206512 0.336089
13.600000 0.051013 0.394201 0.171987 0.209408 0.390725 0.453299 0.206382 0.335559
13.800000 0.051190 0.393847 0.172007 0.209497 0.390166 0.453227 0.206257 0.335047
14.000000 0.051184 0.393575 0.172203 0.209215 0.389317 0.453173 0.206286 0.334495
14.200000 0.051163 0.393475 0.172035 0.208909 0.388741 0.453048 0.206031 0.333996
14.400000 0.051123 0.393131 0.172088 0.209012 0.387967 0.453035 0.205914 0.333485
14.600000 0.051165 0.392764 0.172044 0.208665 0.387351 0.453100 0.205787 0.332806
14.800000 0.051138 0.392607 0.171907 0.208614 0.386639 0.453015 0.205568 0.332429
15.000000 0.051140 0.392181 0.171853 0.208370 0.385810 0.452899 0.205622 0.331747
15.200000 0.050978 0.392113 0.171961 0.208304 0.385222 0.453146 0.205476 0.331386
15.400000 0.050970 0.391841 0.171934 0.208153 0.384447 0.452915 0.205308 0.330883
15.600000 0.051079 0.391533 0.171861 0.208079 0.383773 0.452872 0.205179 0.330318
15.800000 0.051106 0.391374 0.171804 0.207795 0.383021 0.452827 0.205064 0.329832
16.000000 0.051092 0.391007 0.171964 0.207772 0.382502 0.452576 0.204940 0.329419
16.200000 0.050827 0.390759 0.171834 0.207525 0.381878 0.452666 0.204895 0.328783
16.400000 0.051095 0.390368 0.171872 0.207459 0.381149 0.452653 0.204858 0.328364
16.600000 0.051187 0.390237 0.171811 0.207254 0.380489 0.452664 0.204761 0.327810
16.800000 0.051098 0.389990 0.171641 0.207075 0.379804 0.452491 0.204536 0.327439
17.000000 0.051053 0.389815 0.171669 0.207144 0.379053 0.452583 0.204362 0.326946
17.200000 0.051064 0.389455 0.171755 0.206916 0.378646 0.452527 0.204233 0.326242
17.400000 0.051066 0.389153 0.171548 0.206783 0.377843 0.452358 0.204015 0.325783
17.600000 0.051058 0.389004 0.171753 0.206630 0.377345 0.452317 0.204050 0.325425
17.800000 0.051067 0.388688 0.171773 0.206580 0.376723 0.452379 0.203946 0.325159
18.000000 0.050917 0.388624 0.171710 0.206340 0.376043 0.452343 0.203853 0.324564
18.200000 0.051044 0.388240 0.171645 0.206262 0.375556 0.452195 0.203811 0.324079
18.400000 0.051041 0.388181 0.171748 0.206125 0.374858 0.452398 0.203756 0.323569
18.600000 0.051039 0.387801 0.171605 0.205869 0.374227 0.452147 0.203627 0.322961
18.800000 0.051054 0.387459 0.171639 0.205881 0.373663 0.452247 0.203465 0.322489
19.000000 0.051046 0.387170 0.171522 0.205675 0.372675 0.452206 0.203272 0.321950
19.200000 0.051022 0.387067 0.171513 0.205476 0.372119 0.452030 0.203216 0.321398
19.400000 0.051023 0.386657 0.171366 0.205494 0.371265 0.451970 0.202987 0.320995
19.600000 0.051013 0.386474 0.171437 0.205209 0.370812 0.451883 0.202861 0.320571
19.800000 0.051010 0.386232 0.171501 0.205181 0.370208 0.451850 0.202855 0.320111
20.000000 0.051008 0.385984 0.171464 0.205057 0.369758 0.451821 0.202708 0.319718
20.200000 0.051000 0.385532 0.171449 0.204906 0.369118 0.451913 0.202602 0.319232
20.400000 0.051006 0.385577 0.171500 0.204868 0.368612 0.451924 0.202541 0.318905
20.600000 0.050974 0.385279 0.171410 0.204514 0.368022 0.451719 0.202438 0.318342
20.800000 0.051020 0.385192 0.171303 0.204536 0.367314 0.451807 0.202082 0.317901
21.000000 0.050995 0.384815 0.171389 0.204291 0.366797 0.451667 0.202326 0.317455
21.200000 0.051042 0.384456 0.171497 0.204439 0.366350 0.451674 0.202169 0.316981
21.400000 0.050976 0.384421 0.171292 0.204127 0.365701 0.451629 0.202017 0.316665
21.600000 0.050976 0.384098 0.171482 0.203891 0.365269 0.451565 0.201944 0.316204
21.800000 0.050994 0.383953 0.171185 0.203893 0.364665 0.451509 0.201559 0.315804
22.000000 0.050827 0.383741 0.171242 0.203739 0.364019 0.451387 0.201628 0.315349
22.200000 0.050991 0.383563 0.171212 0.203478 0.363566 0.451626 0.201526 0.314761
22.400000 0.050955 0.383263 0.171335 0.203503 0.362971 0.451484 0.201274 0.314570
22.600000 0.050959 0.383102 0.171095 0.203542 0.362409 0.451500 0.201307 0.314143
22.800000 0.050813 0.382939 0.171199 0.203368 0.361874 0.451343 0.201383 0.313583
23.000000 0.050814 0.382822 0.171221 0.203150 0.361282 0.451210 0.201240 0.313160
23.200000 0.050945 0.382500 0.171157 0.203062 0.360845 0.451050 0.201030 0.312876
23.400000 0.050945 0.382248 0.171480 0.203059 0.360249 0.451056 0.200915 0.312468
23.600000 0.050930 0.382146 0.171114 0.202913 0.359727 0.451173 0.200837 0.311942
23.800000 0.050925 0.381777 0.171146 0.202549 0.359144 0.451052 0.200790 0.311620
24.000000 0.051057 0.381716 0.171111 0.202760 0.358792 0.451096 0.200652 0.311211
24.200000 0.050921 0.381438 0.171092 0.202491 0.358191 0.451003 0.200372 0.310696
24.400000 0.050935 0.381167 0.170929 0.202475 0.357717 0.451021 0.200413 0.310501
24.600000 0.050921 0.380898 0.171099 0.202290 0.356984 0.450900 0.200321 0.310000
24.800000 0.050931 0.380994 0.171140 0.202090 0.356642 0.450922 0.200297 0.309745
25.000000 0.050860 0.380427 0.171011 0.202044 0.356109 0.451021 0.200167 0.309423
25.200000 0.050940 0.380319 0.171034 0.201907 0.355502 0.450723 0.200031 0.308899
25.400000 0.050904 0.380232 0.170972 0.201857 0.355051 0.450752 0.199937 0.308481
25.600000 0.050845 0.379805 0.170903 0.201699 0.354354 0.450665 0.199851 0.308037
25.800000 0.050873 0.379756 0.171006 0.201596 0.353985 0.450742 0.199697 0.307751
26.000000 0.050802 0.379376 0.170794 0.201148 0.353175 0.450700 0.199363 0.306891
26.200000 0.050709 0.379209 0.170818 0.201188 0.352692 0.450237 0.199156 0.306702
26.400000 0.050735 0.378751 0.170720 0.200955 0.351968 0.450521 0.199054 0.306109
26.600000 0.050877 0.378794 0.170773 0.200992 0.351799 0.450501 0.199422 0.306060
26.800000 0.050729 0.378635 0.170890 0.201023 0.351309 0.450313 0.199147 0.305696
27.000000 0.050863 0.378491 0.170895 0.200896 0.350901 0.450421 0.198960 0.305178
27.200000 0.050875 0.378410 0.171019 0.200677 0.350266 0.450343 0.199273 0.304977
27.400000 0.050877 0.378025 0.170892 0.200709 0.350019 0.450341 0.198946 0.304664
27.600000 0.050865 0.377818 0.170750 0.200575 0.349309 0.450372 0.198891 0.304279
27.800000 0.050845 0.377756 0.170813 0.200353 0.348949 0.450321 0.198771 0.303897
28.000000 0.050868 0.377529 0.170811 0.200268 0.348442 0.450024 0.198667 0.303553
28.200000 0.050853 0.377346 0.170784 0.200332 0.347964 0.450057 0.198616 0.303206
28.400000 0.050749 0.377054 0.170639 0.200302 0.347481 0.450005 0.198483 0.302737
28.600000 0.050702 0.376912 0.170631 0.200176 0.347085 0.450103 0.198419 0.302505
28.800000 0.050800 0.376869 0.170710 0.199951 0.346587 0.449843 0.198213 0.301973
29.000000 0.050843 0.376717 0.170485 0.200030 0.346208 0.449997 0.198239 0.301846
29.200000 0.050834 0.376573 0.170701 0.199746 0.345651 0.449859 0.198159 0.301473
29.400000 0.050963 0.376293 0.170755 0.199709 0.345315 0.449752 0.198013 0.301203
29.600000 0.050684 0.376108 0.170623 0.199658 0.344887 0.449930 0.197760 0.300791
29.800000 0.050832 0.375891 0.170680 0.199499 0.344432 0.449892 0.197862 0.300483
30.000000 0.050685 0.375672 0.170479 0.199385 0.344057 0.449868 0.197833 0.300212
30.200000 0.050959 0.375633 0.170568 0.199330 0.343563 0.449971 0.197512 0.299705
30.400000 0.050794 0.375223 0.170620 0.199239 0.343036 0.449706 0.197578 0.299381
30.600000 0.050962 0.375078 0.170649 0.199007 0.342646 0.449767 0.197574 0.299215
30.800000 0.050947 0.375100 0.170531 0.198905 0.342197 0.449580 0.197309 0.298811
31.000000 0.051055 0.374937 0.170522 0.198975 0.341709 0.449723 0.197381 0.298482
31.200000 0.051668 0.374627 0.170453 0.198909 0.341485 0.449616 0.197321 0.298175
31.400000 0.052311 0.374341 0.170485 0.198690 0.341321 0.449618 0.197214 0.297880
31.600000 0.052763 0.374414 0.170701 0.198766 0.340945 0.449404 0.196878 0.297951
31.800000 0.053452 0.374305 0.170743 0.198683 0.341077 0.449464 0.197079 0.298011
32.000000 0.054165 0.374273 0.170470 0.198803 0.341366 0.449272 0.196864 0.298233
32.200000 0.054810 0.374352 0.170714 0.198829 0.342349 0.449376 0.197167 0.298806
32.400000 0.055702 0.374554 0.170658 0.198930 0.343111 0.449437 0.197052 0.299384
32.600000 0.056604 0.374655 0.170702 0.199162 0.344669 0.449519 0.197046 0.300479
32.800000 0.057155 0.375463 0.170684 0.199387 0.346524 0.449510 0.197098 0.301740
33.000000 0.057717 0.376204 0.170612 0.199877 0.348485 0.449418 0.197273 0.303251
33.200000 0.058293 0.377207 0.170817 0.200372 0.351054 0.449390 0.197207 0.305067
33.400000 0.058987 0.378696 0.170921 0.200658 0.353704 0.449410 0.197240 0.307096
33.600000 0.059368 0.380467 0.170928 0.201467 0.356965 0.449328 0.197301 0.309301
33.800000 0.059968 0.382742 0.171334 0.202231 0.360329 0.449281 0.197526 0.312038
34.000000 0.060394 0.385158 0.171323 0.203037 0.364217 0.449360 0.197594 0.314778
34.200000 0.060779 0.388309 0.171481 0.203954 0.368339 0.449399 0.197723 0.317757
34.400000 0.061082 0.391690 0.171763 0.204777 0.372320 0.449265 0.197893 0.321017
34.600000 0.061566 0.395520 0.172111 0.205786 0.377184 0.449266 0.197989 0.324362
34.800000 0.061597 0.399780 0.172271 0.206949 0.381668 0.449451 0.197914 0.327864
35.000000 0.061962 0.404565 0.172659 0.208126 0.386363 0.449471 0.198078 0.331643
35.200000 0.062183 0.409718 0.173019 0.209126 0.391674 0.449440 0.198313 0.335637
35.400000 0.062358 0.414810 0.173243 0.210233 0.396671 0.449440 0.198510 0.339448
35.600000 0.062522 0.420370 0.173355 0.211300 0.401494 0.449406 0.198627 0.343382
35.800000 0.062597 0.425942 0.173724 0.212271 0.406693 0.449572 0.198889 0.347443
36.000000 0.062782 0.431878 0.174093 0.213318 0.411940 0.449584 0.199001 0.390511
36.200000 0.062902 0.437906 0.174253 0.214596 0.417271 0.449553 0.199223 0.355767
36.400000 0.063167 0.444409 0.174503 0.215471 0.422713 0.449798 0.199364 0.360335
36.600000 0.063129 0.451011 0.174745 0.216785 0.428169 0.449682 0.199543 0.364548
36.800000 0.063201 0.457535 0.175140 0.217806 0.433786 0.449668 0.199733 0.369001
37.000000 0.063247 0.464346 0.175192 0.218810 0.439306 0.449980 0.199741 0.373741
37.200000 0.063369 0.471354 0.175568 0.219924 0.445815 0.449809 0.199897 0.379173
37.400000 0.063387 0.482056 0.175869 0.221465 0.453823 0.449828 0.200260 0.385568
37.600000 0.063600 0.488845 0.176238 0.222605 0.459818 0.449845 0.200548 0.390183
37.800000 0.063505 0.495703 0.176535 0.223497 0.465441 0.449857 0.200761 0.395107
38.000000 0.063508 0.502918 0.176649 0.224404 0.471224 0.449830 0.200527 0.400081
38.200000 0.063567 0.510118 0.176764 0.225345 0.477463 0.449864 0.201256 0.405082
38.400000 0.063549 0.517148 0.177071 0.226427 0.483517 0.449854 0.201148 0.409934
38.600000 0.063614 0.524112 0.177264 0.227336 0.489308 0.449919 0.201505 0.414736
38.800000 0.063649 0.531026 0.177414 0.228412 0.495452 0.450008 0.201659 0.419880
39.000000 0.063652 0.538025 0.177709 0.229295 0.501270 0.450119 0.201877 0.424857
39.200000 0.063702 0.544856 0.177923 0.230381 0.507061 0.450023 0.201994 0.429966
39.400000 0.063707 0.551488 0.178121 0.231187 0.513017 0.450175 0.202281 0.434799
39.600000 0.063716 0.558062 0.178282 0.232234 0.518797 0.450273 0.202358 0.439893
39.800000 0.063766 0.564669 0.178593 0.233087 0.524783 0.450436 0.202689 0.444755
40.000000 0.063770 0.571141 0.178771 0.233929 0.530496 0.450416 0.202918 0.449592
40.200000 0.063933 0.577536 0.179014 0.234914 0.536490 0.450406 0.202979 0.454627
40.400000 0.063819 0.583887 0.179206 0.235767 0.542201 0.450577 0.203354 0.459500
40.600000 0.063660 0.590051 0.179458 0.236764 0.547987 0.450503 0.203511 0.464492
40.800000 0.063704 0.596050 0.179669 0.237576 0.553749 0.450553 0.203779 0.469248
41.000000 0.063856 0.602202 0.179666 0.238378 0.559595 0.450634 0.203949 0.474200
41.200000 0.063825 0.608164 0.180010 0.239285 0.565216 0.450476 0.204203 0.479134
41.400000 0.063838 0.613689 0.180351 0.240127 0.570905 0.450651 0.204397 0.483930
41.600000 0.063863 0.619339 0.180221 0.240971 0.576621 0.450634 0.204584 0.488724
41.800000 0.063727 0.624869 0.180545 0.241752 0.582193 0.450881 0.204630 0.493226
42.000000 0.063806 0.630081 0.180720 0.242577 0.587570 0.450799 0.204929 0.497971
42.200000 0.063840 0.635278 0.180883 0.243396 0.592812 0.450804 0.205190 0.502504
42.400000 0.063877 0.640547 0.180966 0.244146 0.598587 0.450974 0.205458 0.507020
42.600000 0.063884 0.645323 0.181254 0.245124 0.603878 0.451002 0.205680 0.511568
42.800000 0.063863 0.650464 0.181365 0.245807 0.609121 0.451195 0.205870 0.515766
43.000000 0.063881 0.655007 0.181533 0.246469 0.614286 0.450946 0.206054 0.519896
43.200000 0.063903 0.659376 0.181655 0.247285 0.619291 0.451065 0.206277 0.524378
43.400000 0.063861 0.663735 0.181764 0.248007 0.624499 0.451096 0.206454 0.528657
43.600000 0.063931 0.668414 0.181968 0.249053 0.630092 0.451201 0.206769 0.533627
43.800000 0.063903 0.674417 0.182256 0.249825 0.637040 0.451304 0.207034 0.538796
44.000000 0.063919 0.678389 0.182211 0.250565 0.641848 0.451210 0.207313 0.542928
44.200000 0.063915 0.682117 0.182520 0.251428 0.646579 0.451254 0.207447 0.546805
44.400000 0.063930 0.685772 0.182654 0.252175 0.651466 0.451414 0.207613 0.550658
44.600000 0.063905 0.689466 0.182823 0.252699 0.656276 0.451388 0.207779 0.554709
44.800000 0.063904 0.693147 0.182927 0.253463 0.660993 0.451595 0.208079 0.558394
45.000000 0.063933 0.696285 0.183072 0.254087 0.665190 0.451658 0.208308 0.562188
45.200000 0.063932 0.699637 0.183197 0.254906 0.669855 0.451589 0.208294 0.565673
45.400000 0.063862 0.702500 0.183233 0.255390 0.674255 0.451576 0.208644 0.569089
45.600000 0.063924 0.705643 0.183448 0.256314 0.678710 0.451749 0.208944 0.572734
45.800000 0.063936 0.708541 0.183519 0.256941 0.683079 0.451733 0.209101 0.576192
46.000000 0.063940 0.711244 0.183230 0.257518 0.687078 0.451773 0.209306 0.579619
46.200000 0.064061 0.713900 0.183816 0.258211 0.691245 0.451704 0.209537 0.582984
46.400000 0.064028 0.716653 0.183807 0.258826 0.695532 0.451878 0.209795 0.586238
46.600000 0.063933 0.719127 0.184005 0.259411 0.699298 0.451841 0.209951 0.589295
46.800000 0.063965 0.721434 0.183950 0.260019 0.703153 0.451944 0.210082 0.592448
47.000000 0.063944 0.723845 0.184158 0.260763 0.707243 0.451875 0.210351 0.595595
47.200000 0.064073 0.725989 0.184190 0.261287 0.710921 0.451887 0.210509 0.598530
47.400000 0.063786 0.728054 0.184459 0.261722 0.714628 0.452094 0.210696 0.601399
47.600000 0.064071 0.730245 0.184518 0.262500 0.718426 0.452154 0.210902 0.604491
47.800000 0.063809 0.732029 0.184497 0.262940 0.721991 0.452181 0.211291 0.607041
48.000000 0.063950 0.734080 0.184647 0.263538 0.725460 0.452123 0.211450 0.610005
48.200000 0.063784 0.735915 0.184698 0.264427 0.729056 0.452312 0.211543 0.612819
48.400000 0.063946 0.737690 0.184896 0.265021 0.732443 0.452259 0.211714 0.615420
48.600000 0.063682 0.738950 0.184942 0.265461 0.735791 0.452272 0.211931 0.618257
48.800000 0.063801 0.740783 0.184928 0.265865 0.738891 0.452138 0.212014 0.620626
49.000000 0.063784 0.742648 0.185035 0.266600 0.742241 0.452399 0.212326 0.623282
49.200000 0.063949 0.744072 0.185297 0.267073 0.745393 0.452437 0.212485 0.625913
49.400000 0.064067 0.745376 0.185303 0.267667 0.748585 0.452492 0.212715 0.628280
49.600000 0.063955 0.746999 0.185387 0.268192 0.751579 0.452581 0.212941 0.630740
49.800000 0.064076 0.748019 0.185542 0.268849 0.754428 0.452625 0.213102 0.632941
50.000000 0.063950 0.749533 0.185446 0.269412 0.757931 0.452512 0.213175 0.635668
50.200000 0.063975 0.750865 0.185629 0.269802 0.760821 0.452604 0.213544 0.637869
50.400000 0.063935 0.752093 0.185730 0.270570 0.763747 0.452808 0.213729 0.639955
50.600000 0.063788 0.752893 0.185741 0.271072 0.766672 0.452732 0.213943 0.642212
50.800000 0.063887 0.754003 0.185840 0.271582 0.769236 0.452797 0.213982 0.644366
51.000000 0.063782 0.755252 0.185757 0.272216 0.771819 0.453005 0.214332 0.646637
51.200000 0.063887 0.756113 0.185983 0.272621 0.774581 0.452974 0.214393 0.648501
51.400000 0.064042 0.757429 0.186097 0.273141 0.777212 0.453013 0.214756 0.650663
51.600000 0.063784 0.758343 0.186049 0.273675 0.779774 0.453169 0.214994 0.652669
51.800000 0.063916 0.759112 0.186228 0.274290 0.782078 0.453110 0.215091 0.654500
52.000000 0.063900 0.759816 0.186285 0.274562 0.784538 0.453146 0.215283 0.656402
52.200000 0.063867 0.760421 0.186227 0.275098 0.786808 0.452930 0.215503 0.657927
52.400000 0.063910 0.761287 0.186415 0.275614 0.789157 0.453064 0.215671 0.659925
52.600000 0.063948 0.762193 0.186348 0.276106 0.791622 0.453190 0.215910 0.661761
52.800000 0.063785 0.762886 0.186531 0.276586 0.793496 0.453466 0.216188 0.663427
53.000000 0.064069 0.763576 0.186750 0.277117 0.795734 0.453425 0.216225 0.665249
53.200000 0.063933 0.764077 0.186495 0.277483 0.797822 0.453284 0.216431 0.666755
53.400000 0.063918 0.764784 0.186746 0.278049 0.799789 0.453449 0.216311 0.668284
53.600000 0.063788 0.765449 0.187017 0.278617 0.801935 0.453410 0.216938 0.669876
53.800000 0.063928 0.765850 0.186815 0.278980 0.803728 0.453497 0.216870 0.671441
54.000000 0.064039 0.766535 0.186893 0.279418 0.805801 0.453643 0.217235 0.673034
54.200000 0.063912 0.767197 0.186801 0.279947 0.807764 0.453592 0.217213 0.674375
54.400000 0.063844 0.767600 0.186999 0.280394 0.809345 0.453723 0.217533 0.675691
54.600000 0.063888 0.767958 0.187125 0.280677 0.811213 0.453705 0.217669 0.677112
54.800000 0.064058 0.768696 0.187078 0.281163 0.813117 0.453661 0.217875 0.678606
55.000000 0.063927 0.768990 0.187174 0.281803 0.814570 0.453647 0.217953 0.679922
55.200000 0.063932 0.769478 0.187027 0.281984 0.816353 0.453891 0.218118 0.681260
55.400000 0.063903 0.769857 0.187125 0.282469 0.818074 0.453891 0.218653 0.682417
55.600000 0.063830 0.770164 0.187235 0.282989 0.819650 0.453815 0.218706 0.683846
55.800000 0.063915 0.770640 0.187227 0.283502 0.821233 0.454070 0.218562 0.684770
56.000000 0.064030 0.770990 0.187392 0.283701 0.822747 0.453985 0.219091 0.686259
56.200000 0.063930 0.771483 0.187393 0.284203 0.824612 0.453993 0.219267 0.687691
56.400000 0.063899 0.771769 0.187450 0.284600 0.826064 0.454247 0.219383 0.688762
56.600000 0.063915 0.771875 0.187311 0.284907 0.827396 0.454035 0.219436 0.689766
56.800000 0.063874 0.772256 0.187403 0.285554 0.828959 0.454208 0.219421 0.690939
57.000000 0.063888 0.772547 0.187594 0.286095 0.830278 0.454201 0.219792 0.692005
57.200000 0.063897 0.772436 0.187460 0.286182 0.831240 0.454112 0.220074 0.692921
57.400000 0.063866 0.772885 0.187700 0.286837 0.832861 0.454354 0.220032 0.694025
57.600000 0.063877 0.773350 0.187735 0.287289 0.834181 0.454263 0.220248 0.695071
57.800000 0.063845 0.773604 0.187770 0.287441 0.835255 0.454536 0.220511 0.696023
58.000000 0.063865 0.773819 0.187742 0.287781 0.836551 0.454500 0.220810 0.696891
58.200000 0.063828 0.773780 0.187685 0.288340 0.837645 0.454468 0.220895 0.697858
58.400000 0.064002 0.774183 0.187889 0.288669 0.838817 0.454630 0.220801 0.698727
58.600000 0.063866 0.774382 0.187876 0.289110 0.839884 0.454534 0.221266 0.699535
58.800000 0.063849 0.773953 0.187779 0.289388 0.840842 0.454512 0.221331 0.700284
59.000000 0.063832 0.774679 0.188085 0.289871 0.842087 0.454570 0.221415 0.701014
59.200000 0.063837 0.774689 0.187898 0.290164 0.843126 0.454656 0.221716 0.701918
59.400000 0.063799 0.774967 0.187862 0.290575 0.843991 0.454790 0.221921 0.702804
59.600000 0.063869 0.775173 0.188040 0.290964 0.845145 0.454836 0.222041 0.703605
59.800000 0.063868 0.775006 0.188078 0.291287 0.845816 0.454781 0.222316 0.704245
60.000000 0.063838 0.774967 0.188081 0.291633 0.847068 0.454800 0.222195 0.704998
60.200000 0.063837 0.775428 0.188160 0.291979 0.847840 0.455017 0.222514 0.705847
60.400000 0.063834 0.775466 0.188197 0.292250 0.848466 0.454949 0.222708 0.706198
60.600000 0.063866 0.775458 0.188150 0.292513 0.849704 0.454971 0.222917 0.707117
60.800000 0.063832 0.775619 0.188388 0.293121 0.850755 0.454906 0.223042 0.707880
61.000000 0.063854 0.775800 0.188437 0.293359 0.851494 0.455129 0.223346 0.708520
61.200000 0.063842 0.775905 0.188367 0.293660 0.852255 0.455100 0.223338 0.709117
61.400000 0.063828 0.775827 0.188288 0.293937 0.853075 0.455028 0.223478 0.709730
61.600000 0.063834 0.776040 0.188571 0.294428 0.854067 0.455177 0.223637 0.710363
61.800000 0.063797 0.775933 0.188556 0.294722 0.854502 0.455186 0.223982 0.711020
62.000000 0.063871 0.776073 0.188307 0.294894 0.855427 0.455305 0.223916 0.711580
62.200000 0.063881 0.776383 0.188577 0.295432 0.856534 0.455420 0.224119 0.712324
62.400000 0.063841 0.776256 0.188479 0.295737 0.857169 0.455433 0.224199 0.712811
62.600000 0.063857 0.776382 0.188512 0.296253 0.857917 0.455418 0.224515 0.713542
62.800000 0.063853 0.776247 0.188459 0.296343 0.858633 0.455584 0.224482 0.713950
63.000000 0.063879 0.776492 0.188448 0.296816 0.820587 0.455582 0.224611 0.714527
63.200000 0.063842 0.776389 0.188452 0.297059 0.860081 0.455534 0.224929 0.714980
63.400000 0.063877 0.776667 0.188473 0.297430 0.860425 0.455496 0.224931 0.715546
63.600000 0.063866 0.776576 0.188549 0.297562 0.861279 0.455527 0.225076 0.716069
63.800000 0.063855 0.776799 0.188701 0.298073 0.862020 0.455572 0.225469 0.716568
64.000000 0.063844 0.776587 0.188691 0.298360 0.862602 0.455755 0.225619 0.717115
64.200000 0.063877 0.776756 0.188725 0.298708 0.863244 0.455760 0.225630 0.717288
64.400000 0.063719 0.776700 0.188883 0.299030 0.863823 0.455810 0.225788 0.717959
64.600000 0.063832 0.776873 0.188751 0.299493 0.864331 0.455630 0.225916 0.718466
64.800000 0.063922 0.776730 0.188637 0.299572 0.865005 0.455899 0.225998 0.718709
65.000000 0.063833 0.776945 0.188766 0.299941 0.865557 0.455880 0.226203 0.719226
65.200000 0.063841 0.776889 0.189046 0.300241 0.866127 0.455962 0.226339 0.719599
65.400000 0.063796 0.776719 0.188862 0.300440 0.866568 0.456041 0.226315 0.719853
65.600000 0.063787 0.776883 0.188983 0.300811 0.867042 0.455953 0.226661 0.719990
65.800000 0.063813 0.776839 0.188758 0.301194 0.867656 0.455937 0.226769 0.720689
66.000000 0.063521 0.777243 0.188835 0.301322 0.868135 0.456026 0.226912 0.721174
66.200000 0.063675 0.777161 0.188825 0.301527 0.868545 0.456182 0.227182 0.721551
66.400000 0.063816 0.777111 0.188994 0.301935 0.869166 0.456187 0.227346 0.721814
66.600000 0.063649 0.776980 0.189005 0.302051 0.869462 0.456102 0.227313 0.722086
66.800000 0.063836 0.777092 0.189011 0.302491 0.869921 0.456146 0.227367 0.722578
67.000000 0.063743 0.777026 0.189044 0.302866 0.870261 0.456285 0.227603 0.722928
67.200000 0.063787 0.777053 0.189161 0.302917 0.870838 0.456494 0.227435 0.723189
67.400000 0.063918 0.776932 0.188953 0.303281 0.871244 0.456413 0.227830 0.723282
67.600000 0.063639 0.776941 0.189052 0.303626 0.871727 0.456290 0.227944 0.723834
67.800000 0.063781 0.777125 0.189025 0.303946 0.872017 0.456513 0.227972 0.723757
68.000000 0.063633 0.776888 0.189174 0.304169 0.872490 0.456685 0.228235 0.724474
68.200000 0.063635 0.776728 0.189346 0.304519 0.872795 0.456629 0.228421 0.724686
68.400000 0.063758 0.776755 0.189165 0.304584 0.873227 0.456690 0.228553 0.724895
68.600000 0.063711 0.776752 0.189191 0.304732 0.873210 0.456458 0.228630 0.725034
68.800000 0.063781 0.776789 0.189332 0.305212 0.873944 0.456680 0.228813 0.725478
69.000000 0.063632 0.776787 0.189165 0.305466 0.873945 0.456740 0.228868 0.725647
69.200000 0.063740 0.776538 0.189270 0.305727 0.874563 0.456833 0.228931 0.725743
69.400000 0.063760 0.776684 0.189183 0.306016 0.874884 0.456826 0.229061 0.726101
69.600000 0.063749 0.776107 0.189180 0.306225 0.875225 0.456654 0.229268 0.725912
69.800000 0.063738 0.776656 0.189078 0.306442 0.875498 0.456867 0.229448 0.726596
70.000000 0.063854 0.776268 0.189251 0.306678 0.875687 0.456970 0.229530 0.726752
70.200000 0.063903 0.776213 0.189303 0.306889 0.875952 0.456952 0.229589 0.726779
70.400000 0.063781 0.776305 0.189288 0.307063 0.876136 0.456977 0.229772 0.727137
70.600000 0.063639 0.776357 0.189307 0.307378 0.876563 0.456913 0.229906 0.727410
70.800000 0.063776 0.776330 0.189417 0.307515 0.876934 0.457028 0.230027 0.727665
71.000000 0.063784 0.776259 0.189338 0.307796 0.877220 0.457060 0.230131 0.727772
71.200000 0.063768 0.776252 0.189226 0.308145 0.877307 0.457136 0.230244 0.727896
71.400000 0.063774 0.776147 0.189376 0.308262 0.877682 0.457119 0.230498 0.728296
71.600000 0.063633 0.776362 0.189328 0.308563 0.877842 0.457206 0.230531 0.728157
71.800000 0.063715 0.776112 0.189400 0.308794 0.878180 0.457305 0.230653 0.728451
72.000000 0.063821 0.776016 0.189395 0.309173 0.878325 0.457161 0.230800 0.728816
72.200000 0.063761 0.776024 0.189385 0.309332 0.878706 0.457412 0.230933 0.728889
72.400000 0.063763 0.775987 0.189465 0.309302 0.878776 0.457313 0.230997 0.729035
72.600000 0.063739 0.775977 0.189481 0.309732 0.879110 0.457457 0.231059 0.729111
72.800000 0.063761 0.775821 0.189410 0.310032 0.878940 0.457338 0.231030 0.729348
73.000000 0.063739 0.775991 0.189624 0.310250 0.879583 0.457433 0.231197 0.729408
73.200000 0.063750 0.775946 0.189548 0.310482 0.879631 0.457606 0.231396 0.729569
73.400000 0.063753 0.776017 0.189645 0.310816 0.879852 0.457495 0.231424 0.729799
73.600000 0.063710 0.775890 0.189542 0.310931 0.880239 0.457414 0.231632 0.729975
73.800000 0.063729 0.775813 0.189550 0.311034 0.880342 0.457546 0.231753 0.730059
74.000000 0.063746 0.775844 0.189590 0.311346 0.880547 0.457544 0.231721 0.730198
74.200000 0.063633 0.775815 0.189742 0.311658 0.880799 0.457646 0.232052 0.730363
74.400000 0.063732 0.775669 0.189655 0.311821 0.881000 0.457560 0.232050 0.730443
74.600000 0.063678 0.775516 0.189619 0.311897 0.881318 0.457655 0.232193 0.730631
74.800000 0.063720 0.775539 0.189606 0.312229 0.881228 0.457879 0.232334 0.730594
75.000000 0.063703 0.775432 0.189796 0.312398 0.881256 0.457739 0.232312 0.730699
75.200000 0.063717 0.775589 0.189546 0.312654 0.881563 0.457869 0.232506 0.731002
75.400000 0.063661 0.775305 0.189529 0.312939 0.881724 0.457885 0.232639 0.731028
75.600000 0.063755 0.775243 0.189792 0.313104 0.881823 0.457955 0.232773 0.730370
75.800000 0.063725 0.775152 0.189655 0.313333 0.882227 0.458053 0.232790 0.731332
76.000000 0.063806 0.775187 0.189697 0.313275 0.882300 0.458040 0.232865 0.731249
76.200000 0.063733 0.775098 0.189662 0.313784 0.882539 0.457985 0.232741 0.731231
76.400000 0.063765 0.775196 0.189762 0.313673 0.882581 0.458209 0.233035 0.731641
76.600000 0.063725 0.775302 0.189795 0.314109 0.882605 0.458000 0.233228 0.731778
76.800000 0.063754 0.775232 0.189816 0.314059 0.882804 0.458140 0.233176 0.731695
77.000000 0.063736 0.774997 0.189704 0.314366 0.882954 0.458199 0.233409 0.731946
77.200000 0.063750 0.774968 0.189785 0.314692 0.883103 0.458174 0.233597 0.732023
77.400000 0.063743 0.774856 0.189596 0.314934 0.883226 0.458248 0.233604 0.732121
77.600000 0.063751 0.774974 0.189706 0.315026 0.883247 0.458326 0.233699 0.732169
77.800000 0.063743 0.774700 0.189767 0.315216 0.883339 0.458316 0.233653 0.732208
78.000000 0.063729 0.774726 0.189754 0.315464 0.883535 0.458291 0.233874 0.732362
78.200000 0.063691 0.774666 0.189732 0.315476 0.883742 0.458045 0.233904 0.732309
78.400000 0.063838 0.774770 0.189930 0.315855 0.884031 0.458447 0.234081 0.732432
78.600000 0.063697 0.774818 0.189920 0.316114 0.883982 0.458465 0.234206 0.732708
78.800000 0.063683 0.774803 0.189965 0.316271 0.884072 0.458520 0.234172 0.732697
79.000000 0.063688 0.774788 0.189778 0.316396 0.883948 0.458406 0.234352 0.732672
79.200000 0.063710 0.774407 0.189837 0.316491 0.884060 0.458630 0.273308 0.732852
79.400000 0.063688 0.774543 0.189933 0.316787 0.884106 0.458538 0.234224 0.732770
79.600000 0.063657 0.774464 0.189874 0.316919 0.884398 0.458590 0.234397 0.732774
79.800000 0.063726 0.774515 0.189931 0.317045 0.884277 0.458652 0.234678 0.732988
80.000000 0.063701 0.774526 0.189856 0.317269 0.884591 0.458751 0.234771 0.732743
80.200000 0.063769 0.774499 0.190095 0.317687 0.884574 0.458715 0.234935 0.733090
80.400000 0.063708 0.774263 0.189963 0.317541 0.884643 0.458754 0.234969 0.733127
80.600000 0.063567 0.774123 0.189868 0.317695 0.884985 0.458697 0.235056 0.733259
80.800000 0.063707 0.774254 0.189953 0.317879 0.884990 0.458729 0.235115 0.733056
81.000000 0.063671 0.774084 0.189918 0.318073 0.884744 0.459092 0.235199 0.733233
81.200000 0.063695 0.774328 0.189968 0.318162 0.884956 0.459052 0.235316 0.733463
81.400000 0.063717 0.774132 0.190036 0.318553 0.885132 0.458856 0.235238 0.733034
81.600000 0.063711 0.774088 0.190004 0.318632 0.885134 0.459019 0.235574 0.733315
81.800000 0.063614 0.774195 0.189984 0.318827 0.885280 0.458556 0.235363 0.733214
82.000000 0.063710 0.773935 0.189968 0.318773 0.885080 0.459037 0.235521 0.733376
82.200000 0.063716 0.773818 0.189976 0.318974 0.885331 0.459017 0.235665 0.733450
82.400000 0.063713 0.773723 0.190077 0.319352 0.885269 0.459090 0.235711 0.733384
82.600000 0.063515 0.773776 0.190104 0.319458 0.885444 0.459117 0.235873 0.733373
82.800000 0.063693 0.773857 0.190067 0.319545 0.885537 0.459220 0.236030 0.733552
83.000000 0.063672 0.773750 0.189997 0.319824 0.885546 0.459160 0.235920 0.733617
83.200000 0.063674 0.773715 0.189991 0.319735 0.885514 0.459217 0.235919 0.733363
83.400000 0.063686 0.773510 0.190004 0.319873 0.885689 0.459278 0.236139 0.733665
83.600000 0.063714 0.773470 0.190081 0.320118 0.885648 0.459419 0.236324 0.733784
83.800000 0.063697 0.773406 0.190117 0.320213 0.885540 0.459157 0.236238 0.733544
84.000000 0.063695 0.773391 0.190071 0.320433 0.885728 0.459319 0.236337 0.733517
84.200000 0.063685 0.773432 0.190073 0.320495 0.885667 0.459343 0.236241 0.733653
84.400000 0.063676 0.773580 0.190073 0.320739 0.885902 0.459419 0.236504 0.733769
84.600000 0.063589 0.773499 0.190109 0.320756 0.885874 0.459540 0.236542 0.733751
84.800000 0.063698 0.773031 0.189998 0.320920 0.885804 0.459573 0.236576 0.733714
85.000000 0.063680 0.773227 0.189975 0.321184 0.885888 0.459513 0.236600 0.733718
85.200000 0.063657 0.773008 0.190113 0.321154 0.885727 0.459564 0.236698 0.733908
85.400000 0.063711 0.773105 0.190076 0.321222 0.885908 0.459616 0.236815 0.733866
85.600000 0.063660 0.772874 0.189972 0.321357 0.885780 0.459516 0.236688 0.733905
85.800000 0.063686 0.773106 0.190012 0.321659 0.885995 0.459673 0.236905 0.733860
86.000000 0.063691 0.773052 0.189989 0.321602 0.886000 0.459673 0.237013 0.733919
86.200000 0.063701 0.773090 0.190269 0.321831 0.886218 0.459691 0.237060 0.733933
86.400000 0.063713 0.772776 0.189983 0.321921 0.886161 0.459763 0.236985 0.734074
86.600000 0.063652 0.772886 0.190196 0.322136 0.886176 0.459822 0.237124 0.733798
86.800000 0.063716 0.772963 0.190203 0.322384 0.886107 0.459527 0.237151 0.733900
87.000000 0.063677 0.772770 0.190201 0.322459 0.886124 0.459839 0.237336 0.733960
87.200000 0.063704 0.772805 0.190240 0.322716 0.886315 0.459871 0.237356 0.734031
87.400000 0.063664 0.772581 0.190206 0.322831 0.886206 0.459820 0.237303 0.734059
87.600000 0.063524 0.772737 0.190218 0.322799 0.886363 0.459964 0.237570 0.734081
87.800000 0.063703 0.772615 0.190235 0.323047 0.886262 0.459995 0.237595 0.734069
88.000000 0.063706 0.772620 0.190148 0.323123 0.886294 0.459958 0.237709 0.734078
88.200000 0.063699 0.772579 0.190159 0.323368 0.886345 0.459999 0.237870 0.733977
88.400000 0.063674 0.772557 0.190252 0.323414 0.886469 0.459919 0.237820 0.734082
88.600000 0.063699 0.772563 0.190253 0.323553 0.886393 0.460035 0.237883 0.734109
88.800000 0.063688 0.772289 0.190246 0.323737 0.886531 0.460094 0.237738 0.734174
89.000000 0.063666 0.772454 0.190209 0.323681 0.886417 0.460115 0.237843 0.734177
89.200000 0.063699 0.772684 0.190377 0.323970 0.886476 0.460054 0.237909 0.734105
89.400000 0.063710 0.772626 0.190162 0.324152 0.886386 0.460064 0.237966 0.734324
89.600000 0.063698 0.772680 0.190178 0.324208 0.886552 0.460166 0.238130 0.734236
89.800000 0.063655 0.772400 0.190330 0.324228 0.886515 0.460178 0.238116 0.734234
90.000000 0.063637 0.772659 0.190302 0.324515 0.886672 0.460331 0.238303 0.734101
