0.200000 0.054454 0.406538 0.169200 0.190089 0.411882 0.323702 0.189402 0.348521
0.400000 0.054275 0.405751 0.169195 0.189869 0.410257 0.323768 0.189518 0.347408
0.600000 0.054242 0.405358 0.169148 0.189888 0.409389 0.323683 0.189504 0.346743
0.800000 0.054206 0.404868 0.169136 0.189944 0.408544 0.323687 0.189304 0.346156
1.000000 0.054240 0.404503 0.169114 0.189717 0.407596 0.323525 0.189384 0.345383
1.200000 0.054321 0.404100 0.169216 0.189613 0.406915 0.323637 0.189379 0.344630
1.400000 0.054197 0.403820 0.169129 0.189556 0.405878 0.323622 0.189341 0.344060
1.600000 0.054218 0.403335 0.169202 0.189388 0.404981 0.323640 0.189329 0.343366
1.800000 0.054252 0.403016 0.169078 0.189499 0.404094 0.323644 0.189095 0.342616
2.000000 0.054211 0.402610 0.169137 0.189278 0.403249 0.323591 0.189264 0.342016
2.200000 0.054321 0.402071 0.168953 0.189244 0.402415 0.323588 0.189183 0.341396
2.400000 0.054201 0.401778 0.169092 0.189062 0.401609 0.323548 0.188760 0.340709
2.600000 0.054196 0.401428 0.169060 0.188990 0.400462 0.323376 0.188980 0.340102
2.800000 0.054159 0.401037 0.168875 0.188962 0.399722 0.323448 0.188916 0.339217
3.000000 0.054294 0.400812 0.169055 0.188934 0.398853 0.323460 0.188841 0.338611
3.200000 0.054185 0.400177 0.168971 0.188887 0.398083 0.323409 0.188800 0.338129
3.400000 0.054162 0.399919 0.168982 0.188812 0.397115 0.323336 0.188739 0.337494
3.600000 0.054155 0.399498 0.169050 0.188751 0.396373 0.323428 0.188874 0.336829
3.800000 0.054165 0.399169 0.169176 0.188710 0.395606 0.323396 0.188668 0.336006
4.000000 0.054116 0.398988 0.168990 0.188547 0.394888 0.323336 0.188650 0.335456
4.200000 0.054117 0.398418 0.168989 0.188535 0.393912 0.323377 0.188487 0.334799
4.400000 0.054061 0.398066 0.169016 0.188335 0.393109 0.323311 0.188499 0.334306
4.600000 0.054083 0.397717 0.169063 0.188141 0.392185 0.323281 0.188342 0.333559
4.800000 0.054132 0.397369 0.168917 0.188269 0.391489 0.323223 0.188307 0.332993
5.000000 0.054123 0.396946 0.169036 0.188229 0.390697 0.323247 0.188327 0.332400
5.200000 0.054108 0.396628 0.168768 0.188068 0.389845 0.323419 0.188277 0.331768
5.400000 0.054126 0.396196 0.168822 0.187851 0.389066 0.323260 0.188280 0.331123
5.600000 0.054095 0.395883 0.168895 0.188112 0.388273 0.323051 0.188194 0.330671
5.800000 0.054122 0.395524 0.168863 0.187942 0.387295 0.323165 0.188102 0.329971
6.000000 0.054100 0.395352 0.168903 0.187871 0.386773 0.323050 0.188020 0.329511
6.200000 0.054091 0.394977 0.169051 0.187787 0.385838 0.323218 0.188036 0.328963
6.400000 0.054138 0.394651 0.168884 0.187739 0.385206 0.323267 0.188000 0.328228
6.600000 0.054078 0.393993 0.168856 0.187582 0.384138 0.323004 0.187984 0.327600
6.800000 0.054064 0.393778 0.168835 0.187565 0.383279 0.323132 0.188053 0.326961
7.000000 0.054079 0.393521 0.168791 0.187655 0.382645 0.323170 0.187845 0.326330
7.200000 0.054027 0.392989 0.168872 0.187452 0.381859 0.323103 0.187773 0.325655
7.400000 0.054052 0.392678 0.168645 0.187231 0.381018 0.322931 0.187832 0.325080
7.600000 0.054035 0.392476 0.168476 0.187331 0.380305 0.323116 0.187554 0.324577
7.800000 0.053879 0.392063 0.168667 0.187159 0.379341 0.322733 0.187390 0.323989
8.000000 0.054048 0.391870 0.168746 0.187091 0.378779 0.322925 0.187427 0.323353
8.200000 0.054057 0.391517 0.168619 0.187027 0.378039 0.322946 0.187568 0.322884
8.400000 0.054063 0.391213 0.168752 0.186946 0.377471 0.322959 0.187454 0.322352
8.600000 0.054165 0.390796 0.168629 0.187053 0.376717 0.323072 0.187464 0.321934
8.800000 0.054085 0.390624 0.168679 0.186905 0.375860 0.322759 0.187386 0.321398
9.000000 0.054037 0.390254 0.168666 0.186786 0.375300 0.322845 0.187361 0.321017
9.200000 0.054045 0.389932 0.168802 0.186669 0.374653 0.322888 0.187235 0.320409
9.400000 0.053872 0.389730 0.168480 0.186695 0.373925 0.322727 0.187351 0.319883
9.600000 0.054036 0.389262 0.168613 0.186756 0.373237 0.322927 0.187135 0.319359
9.800000 0.054055 0.388953 0.168681 0.186569 0.372499 0.322810 0.187111 0.318803
10.000000 0.053977 0.388848 0.168624 0.186487 0.371975 0.322763 0.187061 0.318200
10.200000 0.053985 0.388367 0.168498 0.186468 0.371338 0.322757 0.187106 0.317799
10.400000 0.054162 0.388185 0.168734 0.186426 0.370565 0.322784 0.186934 0.317240
10.600000 0.054159 0.387908 0.168493 0.186338 0.370010 0.322858 0.186887 0.316643
10.800000 0.053952 0.387424 0.168632 0.186278 0.368929 0.322723 0.186867 0.316265
11.000000 0.053960 0.387374 0.168497 0.186222 0.368694 0.322633 0.186885 0.315785
11.200000 0.054011 0.387215 0.168470 0.186092 0.367944 0.322591 0.186906 0.315388
11.400000 0.053991 0.386795 0.168566 0.186073 0.367224 0.322686 0.186746 0.314671
11.600000 0.053996 0.386470 0.168622 0.186121 0.366674 0.322670 0.186684 0.314230
11.800000 0.053959 0.386252 0.168573 0.186002 0.365915 0.322667 0.186679 0.313801
12.000000 0.053974 0.386182 0.168471 0.185871 0.365300 0.322692 0.186608 0.313284
12.200000 0.053941 0.385675 0.168563 0.185801 0.364705 0.322480 0.186505 0.312921
12.400000 0.054097 0.385289 0.168570 0.185802 0.364074 0.322518 0.186540 0.312375
12.600000 0.053932 0.385016 0.168533 0.185838 0.363181 0.322561 0.186573 0.311840
12.800000 0.053946 0.384831 0.168568 0.185550 0.362757 0.322511 0.186389 0.311413
13.000000 0.053799 0.384518 0.168358 0.185548 0.361996 0.322692 0.186339 0.310960
13.200000 0.053929 0.384233 0.168621 0.185258 0.361664 0.322566 0.186275 0.310533
13.400000 0.053949 0.384224 0.168471 0.185505 0.361054 0.322537 0.186201 0.310100
13.600000 0.053958 0.383818 0.168659 0.185471 0.360522 0.322386 0.186269 0.309686
13.800000 0.053866 0.383590 0.168304 0.185257 0.359812 0.322483 0.186203 0.309225
14.000000 0.053954 0.383496 0.168538 0.185249 0.359404 0.322277 0.186213 0.308867
14.200000 0.053935 0.383105 0.168501 0.185335 0.358909 0.322480 0.186103 0.308287
14.400000 0.053933 0.382902 0.168322 0.185177 0.358177 0.322467 0.185931 0.307800
14.600000 0.053907 0.382811 0.168605 0.185180 0.357788 0.322270 0.185977 0.307567
14.800000 0.053997 0.382388 0.168317 0.185025 0.357266 0.322414 0.185854 0.306941
15.000000 0.053954 0.382316 0.168318 0.185132 0.356661 0.322676 0.185921 0.306737
15.200000 0.053934 0.382049 0.168444 0.185052 0.356225 0.322120 0.185915 0.306292
15.400000 0.053891 0.381829 0.168405 0.185078 0.355391 0.322274 0.185824 0.306082
15.600000 0.053915 0.381513 0.168204 0.184994 0.354930 0.322315 0.185936 0.305552
15.800000 0.053920 0.381177 0.168344 0.185056 0.354480 0.322104 0.185745 0.305036
16.000000 0.053622 0.381182 0.168572 0.184899 0.353867 0.322320 0.185635 0.304830
16.200000 0.053886 0.380999 0.168371 0.184644 0.353500 0.322200 0.185778 0.304464
16.400000 0.053905 0.380654 0.168061 0.184739 0.353022 0.322246 0.185643 0.303983
16.600000 0.053875 0.380647 0.168352 0.184749 0.352340 0.322295 0.185590 0.303467
16.800000 0.053879 0.380144 0.168389 0.184503 0.351878 0.322188 0.185472 0.303233
17.000000 0.053716 0.379973 0.168328 0.184425 0.351220 0.322149 0.185491 0.302820
17.200000 0.053775 0.379810 0.168410 0.184442 0.350763 0.322211 0.185459 0.302479
17.400000 0.053716 0.379583 0.168277 0.184543 0.350367 0.322222 0.185428 0.302066
17.600000 0.053993 0.379254 0.168447 0.184326 0.349934 0.322067 0.185354 0.301818
17.800000 0.053737 0.379051 0.168244 0.184400 0.349354 0.322022 0.185310 0.301329
18.000000 0.053847 0.378774 0.168188 0.184332 0.348874 0.322111 0.185249 0.301044
18.200000 0.053832 0.378853 0.168729 0.184340 0.348487 0.322245 0.185126 0.300577
18.400000 0.053724 0.378414 0.168428 0.184289 0.347962 0.322195 0.185226 0.300215
18.600000 0.053925 0.378255 0.168453 0.184301 0.347365 0.322070 0.185168 0.299847
18.800000 0.053856 0.378010 0.168320 0.184096 0.346870 0.322014 0.185156 0.299448
19.000000 0.053835 0.377778 0.168313 0.184151 0.346596 0.322014 0.184940 0.298955
19.200000 0.053837 0.377471 0.168434 0.183893 0.345811 0.321893 0.185038 0.298678
19.400000 0.053834 0.377225 0.168095 0.183905 0.345337 0.321963 0.184832 0.298288
19.600000 0.053826 0.377187 0.168303 0.183918 0.345036 0.321980 0.184922 0.297914
19.800000 0.053849 0.376992 0.168245 0.183968 0.344518 0.321969 0.185084 0.297588
20.000000 0.053853 0.376833 0.168274 0.183851 0.343983 0.321847 0.184820 0.297203
20.200000 0.053835 0.376520 0.168238 0.183875 0.343380 0.321719 0.184875 0.296791
20.400000 0.053790 0.376547 0.168262 0.183830 0.342966 0.321975 0.184743 0.296612
20.600000 0.053845 0.376204 0.168300 0.183582 0.342644 0.321720 0.184828 0.296125
20.800000 0.053840 0.375932 0.168133 0.183587 0.342120 0.321817 0.184718 0.295683
21.000000 0.053838 0.375721 0.168235 0.183653 0.341780 0.321740 0.184672 0.295443
21.200000 0.053806 0.375516 0.168230 0.183625 0.341282 0.321949 0.184619 0.295066
21.400000 0.053810 0.375332 0.168284 0.183700 0.340835 0.321893 0.184569 0.294772
21.600000 0.053776 0.375239 0.168299 0.183505 0.340222 0.321696 0.184354 0.294463
21.800000 0.053810 0.374969 0.168162 0.183386 0.339765 0.321694 0.184336 0.294039
22.000000 0.053974 0.374661 0.168021 0.183540 0.339398 0.321803 0.184352 0.293791
22.200000 0.053650 0.374498 0.168281 0.183531 0.338751 0.321773 0.184394 0.293274
22.400000 0.053756 0.374247 0.168169 0.183290 0.338585 0.321647 0.184365 0.293090
22.600000 0.053800 0.374259 0.168303 0.183354 0.337944 0.321515 0.184309 0.292723
22.800000 0.053800 0.373887 0.168287 0.183250 0.337633 0.321563 0.184307 0.292419
23.000000 0.053758 0.373617 0.168120 0.183188 0.337108 0.321789 0.184230 0.292134
23.200000 0.053768 0.373568 0.168105 0.183173 0.336616 0.321579 0.184259 0.291801
23.400000 0.053779 0.373296 0.168279 0.183248 0.336245 0.321507 0.184174 0.291329
23.600000 0.053783 0.373347 0.168294 0.183209 0.335867 0.321645 0.184159 0.291042
23.800000 0.053759 0.373189 0.168051 0.183023 0.335391 0.321363 0.184168 0.290780
24.000000 0.053855 0.372942 0.168028 0.183078 0.334973 0.321617 0.184093 0.290598
24.200000 0.053757 0.372644 0.168070 0.182822 0.334238 0.321633 0.184131 0.290196
24.400000 0.053763 0.372546 0.168110 0.182801 0.334216 0.321410 0.183998 0.289780
24.600000 0.053781 0.372253 0.168057 0.182826 0.333822 0.321353 0.183842 0.289589
24.800000 0.053750 0.372183 0.168042 0.182796 0.333183 0.321354 0.183917 0.289248
25.000000 0.053821 0.372039 0.168273 0.182952 0.332978 0.321583 0.183866 0.289139
25.200000 0.053738 0.371749 0.168080 0.182728 0.332487 0.321401 0.183716 0.288408
25.400000 0.053636 0.371644 0.168111 0.182797 0.331996 0.321540 0.183668 0.288236
25.600000 0.053740 0.371391 0.168026 0.182724 0.331723 0.321456 0.183613 0.287806
25.800000 0.053741 0.371148 0.168046 0.182531 0.331178 0.321238 0.183808 0.287581
26.000000 0.053761 0.371020 0.167927 0.182565 0.330643 0.321264 0.183576 0.287254
26.200000 0.053735 0.370920 0.168026 0.182502 0.330318 0.321209 0.183679 0.287117
26.400000 0.053567 0.371092 0.167879 0.182397 0.330002 0.321282 0.183600 0.286574
26.600000 0.053566 0.370563 0.167906 0.182438 0.329482 0.321326 0.183517 0.286382
26.800000 0.053705 0.370443 0.168132 0.182395 0.329152 0.321270 0.183548 0.286165
27.000000 0.053844 0.370218 0.167874 0.182201 0.328726 0.321351 0.183514 0.285934
27.200000 0.053560 0.370026 0.168082 0.182290 0.328377 0.321238 0.183300 0.285537
27.400000 0.053572 0.369895 0.167971 0.182421 0.327929 0.321236 0.183389 0.285049
27.600000 0.053836 0.369720 0.168066 0.182230 0.327762 0.321292 0.183323 0.284908
27.800000 0.053768 0.369600 0.167958 0.182263 0.327189 0.321117 0.183158 0.284621
28.000000 0.053639 0.369307 0.167809 0.182164 0.326820 0.321105 0.183144 0.284324
28.200000 0.053860 0.369209 0.168127 0.182180 0.326542 0.321236 0.183387 0.283997
28.400000 0.053703 0.368927 0.167896 0.182095 0.325984 0.321271 0.183211 0.283833
28.600000 0.053562 0.368973 0.167943 0.182098 0.325717 0.321299 0.183178 0.283613
28.800000 0.053843 0.368632 0.167951 0.181890 0.325072 0.321133 0.183160 0.283284
29.000000 0.053695 0.368452 0.167915 0.181995 0.325161 0.321162 0.183144 0.282993
29.200000 0.053719 0.368307 0.167785 0.181972 0.324512 0.321136 0.183094 0.282662
29.400000 0.053743 0.368434 0.167913 0.181755 0.324373 0.321118 0.183023 0.282420
29.600000 0.053618 0.368055 0.167794 0.181763 0.323606 0.320925 0.182987 0.282102
29.800000 0.053675 0.367933 0.167874 0.181881 0.323466 0.321193 0.183089 0.281964
30.000000 0.053666 0.367631 0.167896 0.181872 0.323301 0.321008 0.182909 0.281578
30.200000 0.053675 0.367627 0.167743 0.181731 0.322761 0.320900 0.182822 0.281100
30.400000 0.053661 0.367293 0.167895 0.181663 0.322270 0.320980 0.182669 0.281174
30.600000 0.053577 0.366883 0.167940 0.181677 0.321892 0.321030 0.182657 0.280629
30.800000 0.053828 0.366978 0.167894 0.181667 0.321740 0.320938 0.182745 0.280574
31.000000 0.054004 0.366993 0.167857 0.181635 0.321417 0.320964 0.182744 0.280168
31.200000 0.053868 0.366957 0.167975 0.181570 0.321009 0.320866 0.182707 0.279876
31.400000 0.054202 0.366658 0.167893 0.181555 0.320528 0.320963 0.182647 0.279614
31.600000 0.054322 0.366512 0.167928 0.181574 0.320344 0.321025 0.182594 0.279523
31.800000 0.054984 0.366362 0.167837 0.181489 0.320202 0.320801 0.182504 0.279362
32.000000 0.055386 0.366362 0.167704 0.181483 0.320025 0.320932 0.182496 0.279499
32.200000 0.055791 0.366308 0.167877 0.181446 0.320130 0.320742 0.182591 0.279346
32.400000 0.056236 0.366195 0.167924 0.181663 0.320451 0.320762 0.182572 0.279499
32.600000 0.056638 0.366075 0.167866 0.181474 0.320761 0.320881 0.182550 0.279781
32.800000 0.056918 0.366315 0.167931 0.181725 0.321205 0.320620 0.182573 0.280054
33.000000 0.057449 0.366505 0.167899 0.181650 0.321950 0.320641 0.182539 0.280579
33.200000 0.057765 0.366839 0.167900 0.181847 0.322663 0.320758 0.182411 0.281166
33.400000 0.058282 0.367247 0.167955 0.181920 0.323649 0.320865 0.182514 0.281716
33.600000 0.058437 0.367825 0.168079 0.182160 0.324695 0.320855 0.182617 0.282550
33.800000 0.058612 0.368476 0.167940 0.182297 0.326135 0.320774 0.182522 0.283371
34.000000 0.058935 0.369116 0.167956 0.182474 0.327337 0.320816 0.182593 0.284532
34.200000 0.059275 0.370306 0.168147 0.182768 0.329050 0.320816 0.182544 0.285636
34.400000 0.059450 0.371145 0.167927 0.182840 0.330627 0.320735 0.182536 0.286668
34.600000 0.059789 0.372558 0.168040 0.183240 0.332241 0.320700 0.182604 0.288084
34.800000 0.059866 0.373925 0.168083 0.183530 0.334273 0.320748 0.182796 0.289338
35.000000 0.060028 0.375552 0.168039 0.183864 0.336266 0.320591 0.182510 0.290762
35.200000 0.060144 0.377497 0.168230 0.183880 0.338332 0.320859 0.182782 0.292366
35.400000 0.060252 0.379180 0.168066 0.184281 0.340402 0.320826 0.182727 0.293795
35.600000 0.060363 0.380902 0.168206 0.184614 0.342522 0.320878 0.182714 0.295379
35.800000 0.060475 0.383033 0.168290 0.184845 0.344641 0.320754 0.182893 0.297027
36.000000 0.060540 0.385069 0.168197 0.185171 0.346803 0.320872 0.182750 0.298680
36.200000 0.060623 0.387512 0.168127 0.185282 0.349200 0.320752 0.182927 0.300399
36.400000 0.060720 0.389946 0.168322 0.185720 0.351633 0.320936 0.182900 0.302191
36.600000 0.060815 0.392514 0.168567 0.185988 0.354073 0.320948 0.182906 0.304099
36.800000 0.060862 0.395117 0.168476 0.186422 0.356547 0.320908 0.182859 0.306022
37.000000 0.060896 0.397871 0.168597 0.186553 0.358902 0.320743 0.182867 0.307880
37.200000 0.060983 0.400665 0.168673 0.186889 0.361655 0.321037 0.182816 0.309891
37.400000 0.061064 0.403484 0.168738 0.187225 0.364656 0.321012 0.183080 0.312268
37.600000 0.061072 0.408206 0.168679 0.187762 0.368288 0.320849 0.183057 0.315020
37.800000 0.061122 0.411296 0.168784 0.187945 0.370970 0.320948 0.183145 0.317187
38.000000 0.061165 0.414496 0.168781 0.188208 0.373896 0.320933 0.183006 0.319414
38.200000 0.061212 0.418068 0.169045 0.188518 0.376597 0.321146 0.183185 0.321554
38.400000 0.061260 0.421332 0.168825 0.188758 0.379435 0.320984 0.183240 0.323562
38.600000 0.061278 0.424514 0.168985 0.189109 0.382401 0.321035 0.183284 0.326076
38.800000 0.061280 0.428111 0.168977 0.189452 0.385373 0.320968 0.183204 0.328277
39.000000 0.061268 0.431395 0.169049 0.189648 0.388212 0.321185 0.183359 0.330600
39.200000 0.061336 0.435055 0.169054 0.189883 0.391370 0.320937 0.183209 0.332848
39.400000 0.061355 0.438579 0.169122 0.190154 0.394216 0.320925 0.183533 0.335345
39.600000 0.061487 0.442230 0.169365 0.190414 0.397162 0.321143 0.183399 0.337772
39.800000 0.061393 0.445954 0.169089 0.190645 0.400447 0.321147 0.183576 0.340224
40.000000 0.061406 0.449398 0.169083 0.190781 0.403468 0.321022 0.183661 0.342622
40.200000 0.061457 0.453128 0.169330 0.191188 0.406628 0.321105 0.183650 0.345055
40.400000 0.061463 0.456955 0.169368 0.191304 0.409913 0.321109 0.183688 0.347621
40.600000 0.061463 0.460381 0.169401 0.191649 0.412755 0.321210 0.183788 0.350295
40.800000 0.061468 0.464159 0.169383 0.191887 0.416155 0.321217 0.183819 0.352709
41.000000 0.061499 0.467816 0.169381 0.192241 0.419250 0.321156 0.183899 0.355412
41.200000 0.061466 0.471233 0.169498 0.192313 0.422354 0.321121 0.183720 0.357701
41.400000 0.061343 0.474773 0.169472 0.192542 0.425712 0.320917 0.183952 0.360287
41.600000 0.061554 0.478469 0.169382 0.192794 0.428737 0.321050 0.184143 0.362968
41.800000 0.061607 0.481911 0.169411 0.193002 0.432077 0.321302 0.184075 0.365603
42.000000 0.061581 0.485559 0.169566 0.193464 0.435481 0.321229 0.184026 0.368249
42.200000 0.061598 0.489008 0.169807 0.193356 0.438409 0.321199 0.184294 0.370842
42.400000 0.061783 0.492512 0.169706 0.193671 0.441628 0.321482 0.184050 0.373470
42.600000 0.061605 0.496045 0.169763 0.193884 0.444863 0.321412 0.184263 0.376101
42.800000 0.061639 0.499160 0.169783 0.193946 0.448091 0.321400 0.184413 0.378673
43.000000 0.061622 0.502354 0.169923 0.194286 0.451116 0.321324 0.184335 0.381251
43.200000 0.061511 0.505642 0.169757 0.194476 0.454527 0.321379 0.184478 0.383897
43.400000 0.061670 0.508854 0.169976 0.194694 0.457590 0.321457 0.184335 0.386385
43.600000 0.061700 0.511842 0.169902 0.194929 0.460517 0.321487 0.184569 0.388968
43.800000 0.061713 0.515248 0.170058 0.195011 0.464169 0.321550 0.184497 0.391943
44.000000 0.061653 0.519323 0.170043 0.195442 0.468012 0.321570 0.184681 0.395280
44.200000 0.061700 0.522218 0.170047 0.195552 0.471197 0.321454 0.184686 0.397759
44.400000 0.061708 0.525288 0.170000 0.195696 0.474464 0.321547 0.184773 0.400081
44.600000 0.061712 0.527962 0.170139 0.195825 0.477855 0.321641 0.184819 0.402694
44.800000 0.061758 0.530978 0.170068 0.196142 0.480546 0.321540 0.184934 0.405319
45.000000 0.061758 0.533715 0.170014 0.196148 0.483494 0.321528 0.184906 0.407805
45.200000 0.061757 0.536216 0.170216 0.196177 0.486544 0.321600 0.184810 0.410241
45.400000 0.061757 0.538806 0.170412 0.196620 0.489417 0.321457 0.185106 0.412839
45.600000 0.061760 0.541567 0.170412 0.196788 0.492393 0.321559 0.185045 0.415131
45.800000 0.061758 0.543863 0.170087 0.196957 0.495246 0.321506 0.185104 0.417535
46.000000 0.061794 0.546636 0.170414 0.197048 0.497757 0.321751 0.185173 0.419905
46.200000 0.061783 0.548955 0.170176 0.197313 0.500981 0.321709 0.185211 0.422246
46.400000 0.061700 0.551434 0.170361 0.197513 0.503925 0.321710 0.185340 0.424564
46.600000 0.061784 0.553550 0.170440 0.197700 0.506489 0.321507 0.185244 0.426980
46.800000 0.061658 0.555816 0.170346 0.197849 0.509445 0.321927 0.185400 0.429120
47.000000 0.061809 0.557987 0.170531 0.197973 0.511958 0.321713 0.185477 0.431591
47.200000 0.061829 0.560201 0.170320 0.198064 0.514461 0.321685 0.185503 0.433856
47.400000 0.061830 0.562173 0.170487 0.198210 0.517452 0.321901 0.185661 0.436024
47.600000 0.061928 0.564390 0.170496 0.198414 0.520125 0.321842 0.185635 0.438176
47.800000 0.061789 0.566410 0.170404 0.198337 0.522870 0.321695 0.185524 0.440660
48.000000 0.061623 0.568435 0.170334 0.198221 0.525969 0.321542 0.185540 0.443106
48.200000 0.061499 0.570946 0.170589 0.198810 0.529052 0.321938 0.185651 0.445505
48.400000 0.061839 0.573242 0.170603 0.198844 0.531677 0.321920 0.185877 0.447947
48.600000 0.061858 0.574824 0.170652 0.199183 0.534201 0.321947 0.185991 0.449862
48.800000 0.061849 0.576849 0.170479 0.199170 0.536736 0.321950 0.185924 0.452048
49.000000 0.061849 0.577878 0.170663 0.199294 0.538957 0.321859 0.186054 0.453949
49.200000 0.061876 0.580129 0.170671 0.199542 0.541552 0.322081 0.186070 0.455984
49.400000 0.061836 0.581676 0.170774 0.199695 0.543991 0.322010 0.186203 0.458112
49.600000 0.061871 0.583220 0.170689 0.199835 0.546541 0.322111 0.186244 0.460025
49.800000 0.061895 0.585031 0.170621 0.199951 0.548772 0.322091 0.186427 0.461932
50.000000 0.061904 0.586490 0.170765 0.200114 0.551251 0.322138 0.186322 0.464213
50.200000 0.061899 0.588301 0.170627 0.200251 0.554308 0.322235 0.186381 0.466509
50.400000 0.061908 0.590032 0.170795 0.200402 0.556593 0.322220 0.186552 0.468385
50.600000 0.061913 0.591438 0.170856 0.200369 0.558642 0.322215 0.186449 0.470225
50.800000 0.061885 0.592741 0.170757 0.200659 0.561004 0.322207 0.186546 0.472063
51.000000 0.061902 0.594172 0.170832 0.200654 0.563258 0.322224 0.186542 0.473841
51.200000 0.061876 0.595254 0.170862 0.200973 0.565262 0.322158 0.186687 0.475699
51.400000 0.061910 0.596654 0.170841 0.200963 0.567451 0.322193 0.186650 0.477363
51.600000 0.061931 0.597954 0.171010 0.201187 0.569576 0.322255 0.186902 0.479093
51.800000 0.061922 0.599249 0.170980 0.201221 0.571736 0.322213 0.186808 0.480892
52.000000 0.061942 0.600448 0.170972 0.201339 0.573588 0.322259 0.186809 0.482360
52.200000 0.062094 0.601602 0.170984 0.201506 0.575608 0.322300 0.186941 0.484102
52.400000 0.061920 0.602604 0.171012 0.201532 0.577636 0.322363 0.186980 0.485727
52.600000 0.061877 0.603756 0.170899 0.201514 0.579579 0.322340 0.186930 0.487365
52.800000 0.061969 0.604876 0.170952 0.201834 0.581563 0.322349 0.187223 0.488958
53.000000 0.061941 0.605817 0.171064 0.201936 0.583419 0.322361 0.187157 0.490365
53.200000 0.061944 0.607166 0.171117 0.201937 0.585387 0.322363 0.187222 0.492058
53.400000 0.061933 0.607820 0.171195 0.202204 0.587074 0.322312 0.187283 0.493329
53.600000 0.061856 0.609024 0.171068 0.202252 0.589213 0.322299 0.187291 0.494978
53.800000 0.061918 0.609875 0.171195 0.202305 0.590700 0.322464 0.187368 0.496241
54.000000 0.061650 0.610416 0.170985 0.202348 0.592626 0.322266 0.187411 0.497757
54.200000 0.061932 0.611854 0.171200 0.202563 0.594410 0.322472 0.187272 0.499335
54.400000 0.061989 0.612543 0.171349 0.202695 0.596291 0.322518 0.187494 0.500635
54.600000 0.061930 0.613307 0.171266 0.202768 0.597696 0.322595 0.187584 0.501885
54.800000 0.061950 0.614306 0.171322 0.202892 0.599539 0.322510 0.187615 0.503417
55.000000 0.061966 0.615002 0.171272 0.202988 0.601145 0.322668 0.187638 0.504686
55.200000 0.061960 0.615707 0.171262 0.202953 0.603024 0.322498 0.187590 0.505904
55.400000 0.061831 0.616721 0.171071 0.203220 0.604266 0.322511 0.187724 0.507332
55.600000 0.061959 0.617290 0.171268 0.203370 0.605955 0.322533 0.187780 0.508549
55.800000 0.061818 0.617906 0.171278 0.203190 0.607499 0.322458 0.187888 0.509809
56.000000 0.061966 0.618644 0.171241 0.203475 0.609288 0.322641 0.187940 0.510876
56.200000 0.061994 0.619482 0.171431 0.203506 0.610619 0.322689 0.188127 0.512348
56.400000 0.062079 0.620400 0.171318 0.203809 0.612378 0.322678 0.188078 0.513665
56.600000 0.061900 0.620959 0.171224 0.203776 0.614145 0.322861 0.188143 0.514817
56.800000 0.061807 0.621554 0.171281 0.203894 0.615382 0.322682 0.188129 0.515933
57.000000 0.062007 0.622234 0.171218 0.203860 0.616686 0.322830 0.188187 0.517053
57.200000 0.061988 0.622589 0.171440 0.204028 0.618184 0.322517 0.188186 0.518133
57.400000 0.061975 0.623586 0.171267 0.204289 0.619526 0.322783 0.188351 0.519372
57.600000 0.062089 0.623875 0.171483 0.204398 0.620844 0.322756 0.188396 0.520355
57.800000 0.062062 0.624566 0.171454 0.204404 0.622275 0.322779 0.188307 0.521383
58.000000 0.061830 0.625059 0.171484 0.204409 0.623679 0.322796 0.188332 0.522348
58.200000 0.062014 0.625653 0.171379 0.204564 0.663978 0.322726 0.188544 0.523396
58.400000 0.061963 0.626036 0.171422 0.204584 0.626289 0.322726 0.188704 0.524475
58.600000 0.062006 0.626586 0.171472 0.204719 0.627425 0.322886 0.188499 0.525371
58.800000 0.061998 0.626957 0.171523 0.204701 0.628797 0.322915 0.188689 0.526042
59.000000 0.061993 0.627524 0.171466 0.204827 0.629891 0.322938 0.188745 0.527315
59.200000 0.061964 0.627835 0.171326 0.204985 0.631004 0.322979 0.188562 0.528130
59.400000 0.061989 0.628209 0.171508 0.205045 0.632235 0.322832 0.188832 0.529110
59.600000 0.061957 0.628830 0.171523 0.205362 0.633462 0.322884 0.189020 0.529814
59.800000 0.062004 0.629244 0.171602 0.205079 0.634630 0.322974 0.188938 0.530772
60.000000 0.061984 0.629789 0.171635 0.205243 0.636124 0.323015 0.188967 0.531740
60.200000 0.062026 0.630311 0.171575 0.205348 0.636609 0.322931 0.189158 0.532675
60.400000 0.062004 0.630533 0.171564 0.205486 0.637829 0.323179 0.189095 0.533306
60.600000 0.062038 0.630846 0.171588 0.205370 0.639151 0.323038 0.189121 0.534275
60.800000 0.061961 0.631281 0.171521 0.205621 0.640158 0.322823 0.189167 0.535035
61.000000 0.062014 0.631656 0.171619 0.205701 0.641076 0.322917 0.189232 0.535953
61.200000 0.061834 0.632091 0.171384 0.205774 0.642205 0.323095 0.189230 0.536531
61.400000 0.062028 0.632299 0.171643 0.205910 0.643239 0.323154 0.189216 0.537497
61.600000 0.062047 0.632663 0.171756 0.205974 0.644270 0.323142 0.189479 0.538300
61.800000 0.062028 0.633014 0.171661 0.205932 0.645432 0.323212 0.189476 0.539103
62.000000 0.061988 0.633342 0.171548 0.206172 0.646231 0.323147 0.189372 0.539789
62.200000 0.061999 0.633736 0.171735 0.206254 0.647551 0.323181 0.189635 0.540617
62.400000 0.062181 0.634236 0.171732 0.206409 0.648419 0.323264 0.189595 0.541369
62.600000 0.061908 0.634573 0.171804 0.206348 0.649843 0.323156 0.189694 0.542222
62.800000 0.062059 0.634914 0.171858 0.206758 0.650649 0.323277 0.189749 0.543016
63.000000 0.062060 0.635306 0.171885 0.206533 0.651665 0.323279 0.189773 0.543535
63.200000 0.062070 0.635467 0.171793 0.206559 0.652432 0.323187 0.189912 0.544372
63.400000 0.062024 0.635773 0.171728 0.206775 0.653233 0.323364 0.189934 0.545178
63.600000 0.062020 0.635851 0.171811 0.206827 0.654045 0.323301 0.189824 0.545523
63.800000 0.062023 0.636281 0.171689 0.206898 0.655068 0.323350 0.190032 0.546351
64.000000 0.062045 0.636734 0.171832 0.206980 0.656071 0.323479 0.190026 0.546730
64.200000 0.062019 0.636663 0.171779 0.206894 0.656687 0.323280 0.190012 0.547366
64.400000 0.062051 0.636928 0.171946 0.206889 0.657613 0.323450 0.190080 0.548055
64.600000 0.062060 0.637220 0.171701 0.207201 0.658304 0.323406 0.190222 0.548596
64.800000 0.062042 0.637510 0.171728 0.207316 0.658944 0.323421 0.190144 0.549209
65.000000 0.062051 0.637803 0.171898 0.207232 0.660000 0.323363 0.190258 0.549803
65.200000 0.062058 0.637876 0.171754 0.207372 0.660632 0.323628 0.190341 0.550382
65.400000 0.062067 0.638136 0.171855 0.207398 0.661455 0.323353 0.190382 0.550707
65.600000 0.062067 0.638301 0.171864 0.207611 0.662173 0.323560 0.190294 0.551593
65.800000 0.062030 0.638340 0.171960 0.207538 0.662735 0.323495 0.190574 0.551997
66.000000 0.062058 0.638950 0.171986 0.207698 0.663613 0.323548 0.190504 0.552452
66.200000 0.062042 0.639029 0.171914 0.207640 0.664509 0.323622 0.190686 0.553007
66.400000 0.062060 0.639332 0.171934 0.207676 0.665116 0.323571 0.190613 0.553514
66.600000 0.062070 0.639463 0.171824 0.207726 0.665739 0.323609 0.190645 0.554080
66.800000 0.061990 0.639514 0.171957 0.207926 0.666393 0.323567 0.190706 0.554593
67.000000 0.062043 0.639705 0.171847 0.207776 0.666723 0.323440 0.190826 0.555243
67.200000 0.062081 0.640079 0.171939 0.208155 0.667584 0.323538 0.190812 0.555615
67.400000 0.061803 0.640143 0.171996 0.208253 0.668228 0.323674 0.191035 0.556090
67.600000 0.062053 0.640318 0.172097 0.208154 0.668819 0.323747 0.190873 0.556346
67.800000 0.062081 0.640505 0.171995 0.208271 0.669625 0.323675 0.191004 0.556894
68.000000 0.062065 0.640681 0.172018 0.208289 0.670263 0.323734 0.190972 0.557261
68.200000 0.062012 0.640810 0.172002 0.208364 0.670669 0.323668 0.190915 0.557783
68.400000 0.062095 0.640992 0.171844 0.208520 0.671402 0.323753 0.191104 0.558253
68.600000 0.062061 0.641261 0.171846 0.208730 0.672292 0.323902 0.191048 0.558880
68.800000 0.062077 0.641434 0.172108 0.208713 0.672752 0.323744 0.191475 0.559272
69.000000 0.062086 0.641480 0.172042 0.208631 0.673268 0.323761 0.191283 0.559614
69.200000 0.062081 0.641620 0.172040 0.208806 0.673832 0.323808 0.191316 0.560088
69.400000 0.062098 0.641868 0.172058 0.208785 0.674544 0.323828 0.191269 0.560591
69.600000 0.062112 0.642008 0.171755 0.208786 0.675010 0.323809 0.191358 0.560852
69.800000 0.062099 0.642173 0.172076 0.208941 0.675389 0.323871 0.191456 0.561180
70.000000 0.062078 0.642195 0.172046 0.209161 0.676064 0.323690 0.191361 0.561592
70.200000 0.062091 0.642351 0.172256 0.209060 0.676549 0.323842 0.191556 0.561978
70.400000 0.062242 0.642442 0.172119 0.209410 0.677106 0.323938 0.191590 0.562384
70.600000 0.062250 0.642654 0.172004 0.209236 0.677531 0.323921 0.191619 0.562669
70.800000 0.061977 0.642624 0.171967 0.209347 0.678153 0.323929 0.191649 0.563091
71.000000 0.062068 0.642703 0.172024 0.209269 0.678418 0.323713 0.191616 0.563319
71.200000 0.061959 0.643019 0.172013 0.209498 0.679140 0.323955 0.191781 0.563708
71.400000 0.061957 0.643047 0.172192 0.209645 0.679652 0.323977 0.191830 0.564128
71.600000 0.062128 0.643233 0.172186 0.209453 0.680153 0.323831 0.191891 0.564451
71.800000 0.062130 0.643458 0.172159 0.209781 0.680655 0.323967 0.191893 0.564796
72.000000 0.062141 0.643199 0.172191 0.209714 0.681105 0.323873 0.191940 0.565258
72.200000 0.062190 0.643511 0.172193 0.209731 0.681486 0.324056 0.192004 0.565422
72.400000 0.062130 0.643631 0.172218 0.209953 0.682049 0.324023 0.192025 0.565654
72.600000 0.061953 0.643827 0.172161 0.209935 0.682550 0.324042 0.191981 0.566176
72.800000 0.061973 0.644143 0.172163 0.210046 0.683124 0.324099 0.192124 0.566418
73.000000 0.062124 0.644088 0.172239 0.209971 0.683466 0.323994 0.192173 0.566835
73.200000 0.062131 0.644141 0.172157 0.210246 0.683740 0.323988 0.192108 0.567088
73.400000 0.062137 0.644346 0.172239 0.210146 0.684219 0.323972 0.192114 0.567428
73.600000 0.062115 0.644435 0.172129 0.210130 0.684555 0.324121 0.192386 0.567734
73.800000 0.062105 0.644458 0.172246 0.210178 0.685118 0.324137 0.192306 0.567803
74.000000 0.062118 0.644561 0.172228 0.210337 0.685459 0.324181 0.192559 0.568342
74.200000 0.062090 0.644646 0.172178 0.210209 0.685877 0.324076 0.192364 0.568467
74.400000 0.062142 0.644974 0.172148 0.210394 0.686324 0.324197 0.192335 0.568898
74.600000 0.062144 0.645048 0.172336 0.210503 0.686842 0.324288 0.192422 0.569069
74.800000 0.062125 0.645074 0.172261 0.210554 0.687236 0.324118 0.192441 0.569288
75.000000 0.061993 0.645279 0.172292 0.210710 0.687522 0.324212 0.192584 0.569715
75.200000 0.062225 0.645369 0.172148 0.210707 0.688018 0.324374 0.192658 0.569776
75.400000 0.062127 0.645539 0.172354 0.210618 0.688266 0.324134 0.192796 0.570166
75.600000 0.062122 0.645225 0.172365 0.210844 0.688503 0.324311 0.192858 0.570425
75.800000 0.062132 0.645562 0.172182 0.210815 0.688998 0.324284 0.192859 0.570660
76.000000 0.062136 0.645695 0.172283 0.210779 0.689246 0.324366 0.192855 0.570936
76.200000 0.062140 0.645892 0.172395 0.210965 0.689653 0.324297 0.192858 0.571137
76.400000 0.062149 0.645837 0.172322 0.211026 0.689861 0.324319 0.192916 0.571413
76.600000 0.062137 0.645773 0.172275 0.211065 0.690374 0.324358 0.192960 0.571673
76.800000 0.062150 0.645986 0.172400 0.211028 0.690846 0.324339 0.193006 0.571747
77.000000 0.062140 0.645941 0.172370 0.211220 0.691053 0.324388 0.193051 0.572070
77.200000 0.062147 0.646144 0.172302 0.211086 0.691346 0.324249 0.193023 0.572057
77.400000 0.062106 0.646166 0.172139 0.211225 0.691285 0.324374 0.193009 0.572478
77.600000 0.062122 0.646308 0.172327 0.211414 0.691881 0.324550 0.193034 0.572702
77.800000 0.062119 0.646291 0.172347 0.211447 0.692145 0.324417 0.193197 0.572924
78.000000 0.062125 0.646465 0.172544 0.211337 0.692744 0.324519 0.193245 0.573195
78.200000 0.062168 0.646431 0.172386 0.211496 0.692902 0.324488 0.193218 0.573498
78.400000 0.062166 0.646532 0.172329 0.211540 0.693148 0.324537 0.193373 0.573645
78.600000 0.062168 0.646739 0.172365 0.211507 0.693672 0.324424 0.193476 0.573861
78.800000 0.062138 0.646689 0.172505 0.211697 0.693873 0.324497 0.193436 0.574033
79.000000 0.062138 0.646902 0.172285 0.211780 0.694126 0.324544 0.193380 0.574339
79.200000 0.062119 0.646709 0.172329 0.211799 0.694386 0.324498 0.193588 0.573871
79.400000 0.062112 0.646883 0.172295 0.211679 0.694532 0.324425 0.193491 0.574617
79.600000 0.062149 0.646857 0.172279 0.211958 0.694956 0.324634 0.193530 0.574900
79.800000 0.062135 0.647125 0.172440 0.212085 0.695139 0.324668 0.193387 0.575016
80.000000 0.062140 0.646985 0.172275 0.212237 0.695490 0.324579 0.193484 0.575112
80.200000 0.062152 0.646980 0.172460 0.211957 0.695766 0.324408 0.193511 0.575135
80.400000 0.062205 0.647165 0.172564 0.212141 0.695974 0.324602 0.193573 0.575677
80.600000 0.062133 0.647184 0.172406 0.212086 0.696011 0.324616 0.193700 0.575672
80.800000 0.062171 0.647175 0.172533 0.212244 0.696489 0.324681 0.193649 0.575609
81.000000 0.062197 0.647401 0.172340 0.212246 0.696647 0.324664 0.193864 0.576127
81.200000 0.062137 0.647521 0.172505 0.212296 0.696921 0.324798 0.193875 0.576215
81.400000 0.062156 0.647448 0.172575 0.212405 0.697270 0.324616 0.193821 0.576425
81.600000 0.062163 0.647624 0.172425 0.212251 0.697519 0.324727 0.193908 0.576623
81.800000 0.062168 0.647438 0.172500 0.212492 0.697764 0.324768 0.193970 0.576539
82.000000 0.062188 0.647866 0.172508 0.212501 0.697798 0.324711 0.194040 0.576897
82.200000 0.062172 0.647684 0.172521 0.212425 0.698122 0.324737 0.193834 0.577007
82.400000 0.062193 0.647777 0.172570 0.212463 0.698348 0.324695 0.194044 0.576959
82.600000 0.062107 0.647861 0.172613 0.212837 0.698454 0.324776 0.194114 0.577285
82.800000 0.062178 0.648024 0.172498 0.212725 0.698658 0.324740 0.194103 0.577450
83.000000 0.062166 0.647873 0.172454 0.212582 0.699000 0.324846 0.194193 0.577566
83.200000 0.062181 0.647991 0.172502 0.212793 0.699204 0.324773 0.194203 0.577595
83.400000 0.062177 0.648120 0.172522 0.212726 0.699412 0.324855 0.194269 0.577992
83.600000 0.062160 0.647944 0.172557 0.212730 0.699502 0.324878 0.194352 0.577996
83.800000 0.062180 0.647926 0.172487 0.212884 0.699830 0.324714 0.194273 0.578224
84.000000 0.062174 0.648316 0.172541 0.213041 0.700219 0.324805 0.194287 0.578246
84.200000 0.062193 0.648211 0.172499 0.212864 0.700333 0.324864 0.194274 0.578432
84.400000 0.062225 0.648083 0.172469 0.213096 0.700263 0.324918 0.194484 0.578514
84.600000 0.062186 0.648249 0.172710 0.213215 0.700453 0.324739 0.194199 0.578627
84.800000 0.062162 0.648206 0.172708 0.213183 0.700656 0.324897 0.194529 0.578711
85.000000 0.062177 0.648326 0.172531 0.213148 0.700579 0.324895 0.194439 0.578852
85.200000 0.062147 0.648401 0.172409 0.213288 0.701112 0.324920 0.194405 0.579024
85.400000 0.062173 0.648410 0.172723 0.213317 0.701327 0.324916 0.194604 0.579092
85.600000 0.062012 0.648372 0.172533 0.213355 0.701469 0.324898 0.194657 0.579333
85.800000 0.062173 0.648635 0.172548 0.213333 0.701648 0.325149 0.194659 0.579463
86.000000 0.062192 0.648589 0.172708 0.213431 0.702013 0.325004 0.194688 0.579389
86.200000 0.062193 0.648544 0.172642 0.213562 0.701962 0.325013 0.194737 0.579752
86.400000 0.062114 0.648702 0.172660 0.213493 0.702242 0.324975 0.194762 0.579744
86.600000 0.062144 0.648654 0.172694 0.213472 0.702433 0.325121 0.194803 0.579981
86.800000 0.062180 0.648726 0.172704 0.213497 0.702624 0.325307 0.194861 0.580108
87.000000 0.062190 0.648787 0.172651 0.213665 0.702788 0.324873 0.194876 0.580132
87.200000 0.062146 0.648688 0.172676 0.213594 0.702830 0.325088 0.194762 0.580294
87.400000 0.062171 0.648913 0.172580 0.213495 0.703052 0.324950 0.194712 0.580280
87.600000 0.062173 0.648706 0.172592 0.213876 0.703406 0.325066 0.194918 0.580595
87.800000 0.062236 0.648698 0.172618 0.213628 0.703380 0.325102 0.194961 0.580487
88.000000 0.062166 0.648890 0.172618 0.213860 0.703575 0.325105 0.194918 0.580512
88.200000 0.062171 0.648915 0.172634 0.213797 0.703696 0.325289 0.195102 0.580893
88.400000 0.062160 0.648897 0.172639 0.213920 0.703853 0.325314 0.195064 0.580804
88.600000 0.062134 0.649098 0.172722 0.214003 0.704180 0.325142 0.195105 0.580845
88.800000 0.062161 0.648944 0.172723 0.213966 0.704176 0.325118 0.195298 0.580946
89.000000 0.062143 0.648922 0.172696 0.214048 0.704095 0.325096 0.195040 0.581074
89.200000 0.062128 0.649042 0.172694 0.214056 0.704210 0.325206 0.194986 0.581322
89.400000 0.062189 0.649047 0.172707 0.213955 0.704461 0.325260 0.195298 0.581230
89.600000 0.062183 0.649240 0.172439 0.214369 0.704609 0.325260 0.234326 0.581375
89.800000 0.062164 0.648967 0.172589 0.214202 0.704889 0.325428 0.156272 0.581403
90.000000 0.062175 0.649024 0.172701 0.214297 0.704854 0.325277 0.195411 0.581368
