0.200000 0.054356 0.406805 0.168655 0.189222 0.413557 0.318805 0.190599 0.350460
0.400000 0.054131 0.405768 0.168450 0.189027 0.412055 0.318702 0.190470 0.349164
0.600000 0.054172 0.405504 0.168153 0.188962 0.411061 0.318632 0.190448 0.348557
0.800000 0.054316 0.404974 0.168450 0.188767 0.410230 0.318648 0.190572 0.347996
1.000000 0.054293 0.404660 0.168343 0.188601 0.409311 0.318639 0.190420 0.347010
1.200000 0.054016 0.404336 0.168633 0.188648 0.408335 0.318610 0.190167 0.346391
1.400000 0.054307 0.403664 0.168446 0.188552 0.407527 0.318676 0.190232 0.345871
1.600000 0.054131 0.403428 0.168385 0.188432 0.406604 0.318614 0.190262 0.345006
1.800000 0.054172 0.403070 0.168427 0.188369 0.405497 0.318705 0.189980 0.344309
2.000000 0.054023 0.402577 0.168584 0.188278 0.404670 0.318631 0.190047 0.343639
2.200000 0.054084 0.402154 0.168243 0.188163 0.403854 0.318586 0.189986 0.342999
2.400000 0.054120 0.401462 0.168054 0.188189 0.402837 0.318585 0.190083 0.342253
2.600000 0.054181 0.401313 0.168352 0.188100 0.401993 0.318515 0.189897 0.341588
2.800000 0.054086 0.401002 0.168162 0.188039 0.401108 0.318597 0.189796 0.340926
3.000000 0.054107 0.400594 0.168421 0.187895 0.400233 0.318508 0.189796 0.340225
3.200000 0.054216 0.400286 0.168264 0.187851 0.399435 0.318490 0.189672 0.339618
3.400000 0.054111 0.399738 0.168230 0.187719 0.398264 0.318444 0.189622 0.338639
3.600000 0.054086 0.399379 0.168221 0.187649 0.397632 0.318426 0.189530 0.338239
3.800000 0.054203 0.399290 0.168244 0.187547 0.396730 0.318566 0.189649 0.337665
4.000000 0.054057 0.398594 0.168194 0.187449 0.396038 0.318320 0.189461 0.336995
4.200000 0.054075 0.398267 0.168214 0.187418 0.395150 0.318431 0.189417 0.336309
4.400000 0.054036 0.398058 0.168187 0.187243 0.394000 0.318390 0.189320 0.335630
4.600000 0.054067 0.397511 0.168160 0.187443 0.393375 0.318379 0.189317 0.335070
4.800000 0.053911 0.397338 0.168265 0.187280 0.392439 0.318412 0.189184 0.334382
5.000000 0.054044 0.396956 0.168075 0.187110 0.391750 0.318368 0.189176 0.333808
5.200000 0.054051 0.396504 0.168042 0.187128 0.390924 0.318368 0.188925 0.333146
5.400000 0.054078 0.396013 0.168201 0.187212 0.389952 0.318303 0.188928 0.332565
5.600000 0.054051 0.395691 0.168021 0.186950 0.389246 0.318269 0.188958 0.331944
5.800000 0.054042 0.395405 0.168031 0.186797 0.388409 0.318103 0.188773 0.331318
6.000000 0.054016 0.395162 0.168126 0.186855 0.387682 0.318286 0.188837 0.330707
6.200000 0.054016 0.394689 0.168137 0.186828 0.386860 0.318268 0.188792 0.330144
6.400000 0.054157 0.394504 0.168234 0.186742 0.386179 0.318210 0.188804 0.329508
6.600000 0.053993 0.393838 0.168126 0.186510 0.384961 0.318195 0.188658 0.328605
6.800000 0.053983 0.393552 0.168138 0.186545 0.383914 0.318216 0.188518 0.327931
7.000000 0.054011 0.393145 0.168062 0.186492 0.383338 0.318148 0.188529 0.327729
7.200000 0.053962 0.392786 0.168007 0.186413 0.382588 0.318126 0.188484 0.326909
7.400000 0.053983 0.392462 0.167920 0.186288 0.381777 0.318093 0.188376 0.326402
7.600000 0.053875 0.392295 0.167980 0.186207 0.381097 0.318080 0.188437 0.325730
7.800000 0.053968 0.391985 0.168065 0.186034 0.380241 0.318095 0.188193 0.324931
8.000000 0.053990 0.391399 0.168000 0.186120 0.379574 0.317873 0.188187 0.324550
8.200000 0.053852 0.391083 0.168148 0.186096 0.378874 0.318108 0.188181 0.323969
8.400000 0.053964 0.391028 0.167930 0.185978 0.378079 0.317847 0.188060 0.323387
8.600000 0.053943 0.390639 0.168038 0.185970 0.377479 0.318013 0.188112 0.322968
8.800000 0.053965 0.390220 0.168020 0.185595 0.376512 0.317978 0.187885 0.322342
9.000000 0.053983 0.390139 0.167976 0.185847 0.375951 0.318108 0.187918 0.321868
9.200000 0.053922 0.389586 0.167964 0.185776 0.375209 0.317984 0.187937 0.321287
9.400000 0.053949 0.389416 0.167908 0.185804 0.374510 0.317929 0.187803 0.320672
9.600000 0.053969 0.389206 0.167890 0.185847 0.373822 0.317909 0.187711 0.320247
9.800000 0.053942 0.388899 0.167627 0.185600 0.373316 0.317956 0.187789 0.319712
10.000000 0.053936 0.388507 0.167937 0.185471 0.372474 0.317715 0.187550 0.319130
10.200000 0.053936 0.388310 0.167977 0.185465 0.371783 0.317549 0.187678 0.318648
10.400000 0.054007 0.387884 0.167874 0.185348 0.370811 0.317677 0.187404 0.318139
10.600000 0.053921 0.387576 0.167856 0.185370 0.370469 0.317759 0.187491 0.317605
10.800000 0.053939 0.387361 0.167759 0.185204 0.369636 0.317710 0.187488 0.317041
11.000000 0.053990 0.387090 0.167784 0.185226 0.368995 0.317724 0.187412 0.316392
11.200000 0.053907 0.386750 0.167823 0.185114 0.368204 0.317743 0.187299 0.316055
11.400000 0.053730 0.386548 0.167726 0.184961 0.367643 0.317732 0.187296 0.315431
11.600000 0.053891 0.386153 0.167820 0.184962 0.367016 0.317734 0.187233 0.315148
11.800000 0.053867 0.385937 0.168104 0.184979 0.366325 0.317575 0.187148 0.314549
12.000000 0.053895 0.385498 0.167623 0.184821 0.365690 0.317671 0.187143 0.314143
12.200000 0.053884 0.385408 0.167727 0.184653 0.364922 0.317712 0.187058 0.313615
12.400000 0.053740 0.385222 0.167604 0.184829 0.364447 0.317605 0.187041 0.313052
12.600000 0.053712 0.384799 0.167751 0.184712 0.363534 0.317559 0.186922 0.312525
12.800000 0.053719 0.384491 0.167732 0.184193 0.363140 0.317535 0.186646 0.312083
13.000000 0.053737 0.384241 0.167577 0.184534 0.362304 0.317575 0.186843 0.311551
13.200000 0.054009 0.383763 0.167754 0.184538 0.361804 0.317326 0.186647 0.311164
13.400000 0.053712 0.383651 0.167724 0.184479 0.361222 0.317457 0.186776 0.310704
13.600000 0.053720 0.383369 0.167812 0.184404 0.360591 0.317420 0.186636 0.310311
13.800000 0.053816 0.383029 0.167671 0.184232 0.359973 0.317431 0.186636 0.309831
14.000000 0.053848 0.382969 0.167531 0.184303 0.359390 0.317460 0.186569 0.309370
14.200000 0.053844 0.382801 0.167598 0.184288 0.358903 0.317446 0.186585 0.309105
14.400000 0.053790 0.382137 0.167564 0.184318 0.358417 0.317430 0.186425 0.308406
14.600000 0.053838 0.382407 0.167819 0.184068 0.357965 0.317422 0.186376 0.308011
14.800000 0.053795 0.381987 0.167632 0.184092 0.357475 0.317179 0.186424 0.307744
15.000000 0.053808 0.381626 0.167597 0.184153 0.356740 0.317335 0.186352 0.307180
15.200000 0.053785 0.381531 0.167580 0.184121 0.356060 0.317534 0.186279 0.306826
15.400000 0.053757 0.381222 0.167342 0.183918 0.355546 0.317237 0.186217 0.306491
15.600000 0.053821 0.381092 0.167865 0.183933 0.355075 0.317335 0.186237 0.306135
15.800000 0.053815 0.380770 0.167564 0.183883 0.354399 0.317339 0.185927 0.305751
16.000000 0.053804 0.380601 0.167627 0.183786 0.353932 0.317277 0.186082 0.305243
16.200000 0.053817 0.380338 0.167627 0.183648 0.353545 0.317290 0.186042 0.304773
16.400000 0.053774 0.380029 0.167570 0.183648 0.352863 0.317121 0.185976 0.304484
16.600000 0.053853 0.379934 0.167626 0.183669 0.352752 0.317357 0.185947 0.304047
16.800000 0.053732 0.379756 0.167589 0.183608 0.351725 0.317225 0.185924 0.303508
17.000000 0.053825 0.379625 0.167432 0.183607 0.351374 0.317104 0.185827 0.303186
17.200000 0.053750 0.379030 0.167413 0.183423 0.350731 0.317006 0.185836 0.302696
17.400000 0.053772 0.379183 0.167440 0.183609 0.350321 0.317203 0.185764 0.302367
17.600000 0.053781 0.378829 0.167407 0.183482 0.349802 0.317189 0.185539 0.302081
17.800000 0.053912 0.378709 0.167435 0.183550 0.349277 0.317168 0.185725 0.301791
18.000000 0.053759 0.378534 0.167629 0.183333 0.348656 0.317014 0.185629 0.301271
18.200000 0.053788 0.378250 0.167519 0.183212 0.348356 0.317165 0.185596 0.300763
18.400000 0.053802 0.377810 0.167415 0.183132 0.347604 0.317145 0.185539 0.300499
18.600000 0.053778 0.377578 0.167470 0.183016 0.347281 0.317072 0.185697 0.300140
18.800000 0.053745 0.377560 0.167553 0.183153 0.346711 0.317009 0.185514 0.299828
19.000000 0.053741 0.377252 0.167486 0.182971 0.346118 0.317047 0.185342 0.299293
19.200000 0.053723 0.377012 0.167464 0.183078 0.345708 0.316994 0.185573 0.298910
19.400000 0.053759 0.376619 0.167465 0.183024 0.345294 0.316936 0.185370 0.298575
19.600000 0.053767 0.376709 0.167443 0.183001 0.344563 0.316945 0.185233 0.297936
19.800000 0.053740 0.376452 0.167470 0.182864 0.344366 0.316789 0.185183 0.297831
20.000000 0.053760 0.376238 0.167457 0.183014 0.343559 0.316982 0.185144 0.297487
20.200000 0.053752 0.375865 0.167466 0.182930 0.343301 0.316785 0.184954 0.297226
20.400000 0.053626 0.375774 0.167271 0.182780 0.342745 0.316844 0.185190 0.296721
20.600000 0.053856 0.375419 0.167418 0.182593 0.342217 0.316706 0.184930 0.296280
20.800000 0.053744 0.375390 0.167428 0.182669 0.341670 0.316909 0.184955 0.296070
21.000000 0.053861 0.375276 0.167410 0.182548 0.341414 0.316843 0.185076 0.295641
21.200000 0.053729 0.374987 0.167425 0.182539 0.340866 0.316800 0.184882 0.295331
21.400000 0.053748 0.374636 0.167291 0.182656 0.340325 0.316822 0.184818 0.295100
21.600000 0.053674 0.374476 0.167459 0.182351 0.339845 0.316761 0.184745 0.294607
21.800000 0.053729 0.374409 0.167538 0.182430 0.339457 0.316814 0.184759 0.294263
22.000000 0.053850 0.374095 0.167367 0.182256 0.338959 0.316895 0.184506 0.293933
22.200000 0.053723 0.374081 0.167367 0.182335 0.338610 0.316919 0.184755 0.293468
22.400000 0.053847 0.373765 0.167424 0.182192 0.338211 0.316641 0.184539 0.293248
22.600000 0.053718 0.373521 0.167360 0.182294 0.337554 0.316669 0.184544 0.292921
22.800000 0.053726 0.373446 0.167401 0.182310 0.337231 0.316759 0.184357 0.292568
23.000000 0.053573 0.373273 0.167350 0.182055 0.336902 0.316702 0.184417 0.292262
23.200000 0.053701 0.373080 0.167353 0.182295 0.336372 0.316543 0.184431 0.291829
23.400000 0.053669 0.372839 0.167354 0.182079 0.335782 0.316471 0.184401 0.291505
23.600000 0.053701 0.372740 0.167379 0.182073 0.335450 0.316583 0.184322 0.291270
23.800000 0.053701 0.372558 0.167268 0.182002 0.335057 0.316635 0.184457 0.290935
24.000000 0.053642 0.372273 0.167222 0.181927 0.334518 0.316559 0.184323 0.290601
24.200000 0.053641 0.372260 0.167277 0.181987 0.334125 0.316473 0.184225 0.290294
24.400000 0.053673 0.372008 0.167255 0.181872 0.333728 0.316569 0.184320 0.289935
24.600000 0.053687 0.371838 0.167302 0.182015 0.333323 0.316588 0.184150 0.289727
24.800000 0.053660 0.371690 0.167270 0.181811 0.332750 0.316529 0.184010 0.289183
25.000000 0.053675 0.371468 0.167131 0.181881 0.332378 0.316511 0.183904 0.288975
25.200000 0.053567 0.371365 0.167263 0.181836 0.332130 0.316564 0.183958 0.288578
25.400000 0.053695 0.370991 0.167372 0.181609 0.331455 0.316374 0.183979 0.288345
25.600000 0.053645 0.370638 0.167109 0.181626 0.331058 0.316498 0.183889 0.287873
25.800000 0.053621 0.370621 0.167359 0.181572 0.330743 0.316432 0.183850 0.287578
26.000000 0.053632 0.370511 0.167244 0.181534 0.330213 0.316320 0.183774 0.287313
26.200000 0.053661 0.370213 0.167344 0.181517 0.329868 0.316424 0.183635 0.286872
26.400000 0.053588 0.370071 0.167186 0.181516 0.329379 0.316455 0.183740 0.286605
26.600000 0.053636 0.369999 0.167120 0.181478 0.329128 0.316354 0.183586 0.286459
26.800000 0.053630 0.369845 0.167190 0.181350 0.328612 0.316312 0.183638 0.286084
27.000000 0.053651 0.369530 0.167165 0.181515 0.328164 0.316340 0.183579 0.285938
27.200000 0.053645 0.369300 0.167126 0.181296 0.327620 0.316306 0.183301 0.285353
27.400000 0.053642 0.369322 0.167366 0.181279 0.327398 0.316459 0.183489 0.285149
27.600000 0.053546 0.369002 0.167161 0.181128 0.327011 0.316189 0.183488 0.284880
27.800000 0.053655 0.368916 0.167166 0.181199 0.326662 0.316287 0.183439 0.284644
28.000000 0.053606 0.368724 0.167361 0.181148 0.326152 0.316238 0.183331 0.284317
28.200000 0.053613 0.368447 0.167125 0.181221 0.325906 0.316251 0.183345 0.284047
28.400000 0.053655 0.368258 0.166969 0.181076 0.325365 0.316310 0.183335 0.283667
28.600000 0.053483 0.368267 0.167134 0.181223 0.325053 0.316258 0.183153 0.283356
28.800000 0.053597 0.368044 0.167210 0.180887 0.324761 0.316293 0.183223 0.283104
29.000000 0.053629 0.367933 0.167108 0.180984 0.324335 0.316152 0.183135 0.282849
29.200000 0.053709 0.367791 0.167223 0.180948 0.324081 0.315902 0.183138 0.282583
29.400000 0.053708 0.367534 0.166985 0.180866 0.323541 0.316089 0.182984 0.282171
29.600000 0.053413 0.367284 0.167096 0.180737 0.323054 0.316081 0.183080 0.281861
29.800000 0.053573 0.367317 0.167124 0.180866 0.322760 0.316195 0.183017 0.281709
30.000000 0.053584 0.367245 0.167149 0.180746 0.322301 0.315768 0.182996 0.281466
30.200000 0.053617 0.366855 0.166910 0.180528 0.322217 0.316106 0.182841 0.281171
30.400000 0.053597 0.366954 0.167142 0.180708 0.321621 0.316034 0.182880 0.281061
30.600000 0.053706 0.366578 0.167079 0.180652 0.321214 0.315954 0.182760 0.280548
30.800000 0.053585 0.366408 0.167260 0.180649 0.321004 0.315910 0.182926 0.280370
31.000000 0.053762 0.366502 0.167013 0.180612 0.320508 0.316008 0.182799 0.280028
31.200000 0.053920 0.366199 0.167019 0.180548 0.320254 0.315977 0.182750 0.279732
31.400000 0.054160 0.365765 0.167056 0.180342 0.319916 0.315996 0.182766 0.279548
31.600000 0.054516 0.365777 0.167041 0.180543 0.319558 0.316005 0.182689 0.279266
31.800000 0.054802 0.365651 0.167094 0.180376 0.319628 0.315930 0.182779 0.279239
32.000000 0.055087 0.365465 0.167099 0.180513 0.319299 0.315869 0.182797 0.279196
32.200000 0.055629 0.365734 0.167089 0.180631 0.319409 0.315930 0.182745 0.279176
32.400000 0.056072 0.365563 0.167126 0.180604 0.319641 0.315999 0.182573 0.279290
32.600000 0.056528 0.365469 0.167076 0.180812 0.319977 0.315878 0.182641 0.279516
32.800000 0.056979 0.365656 0.167181 0.180550 0.320283 0.316007 0.182556 0.279810
33.000000 0.057397 0.365704 0.166964 0.180957 0.320895 0.315841 0.182562 0.280281
33.200000 0.057819 0.366030 0.167151 0.180849 0.321915 0.315731 0.182584 0.280798
33.400000 0.058158 0.366377 0.167120 0.181054 0.322726 0.315704 0.182590 0.281466
33.600000 0.058511 0.366737 0.167170 0.181116 0.323849 0.315730 0.182604 0.282220
33.800000 0.058889 0.367432 0.166869 0.181103 0.325036 0.315844 0.182636 0.282911
34.000000 0.059109 0.368432 0.167215 0.181461 0.326627 0.315841 0.182579 0.284097
34.200000 0.059389 0.369433 0.166833 0.181814 0.327982 0.315861 0.182507 0.285317
34.400000 0.059606 0.370359 0.167124 0.181632 0.329744 0.315737 0.182517 0.286511
34.600000 0.059823 0.371733 0.167125 0.182064 0.331678 0.315942 0.182663 0.287861
34.800000 0.060025 0.373085 0.167294 0.182617 0.333302 0.315796 0.182675 0.289226
35.000000 0.060209 0.374896 0.167316 0.182790 0.335664 0.315796 0.182765 0.290575
35.200000 0.060356 0.376652 0.167324 0.183032 0.337897 0.315845 0.182708 0.292373
35.400000 0.060528 0.378704 0.167400 0.183344 0.340039 0.316001 0.182944 0.293928
35.600000 0.060598 0.380278 0.167454 0.183576 0.342126 0.315838 0.182853 0.295423
35.800000 0.060757 0.382671 0.167510 0.183898 0.344595 0.315956 0.182661 0.297149
36.000000 0.060768 0.384876 0.167443 0.184174 0.347137 0.315881 0.182850 0.298967
36.200000 0.060927 0.387217 0.167593 0.184523 0.349345 0.315622 0.182910 0.300794
36.400000 0.061054 0.389784 0.167663 0.184640 0.351769 0.315957 0.182914 0.302840
36.600000 0.061116 0.392487 0.167567 0.185230 0.354526 0.316007 0.182959 0.304675
36.800000 0.061180 0.395116 0.167720 0.185438 0.357130 0.315926 0.182976 0.306796
37.000000 0.061268 0.398113 0.167619 0.185756 0.359891 0.315983 0.183046 0.308788
37.200000 0.061271 0.400868 0.167736 0.185934 0.362588 0.315917 0.182858 0.310907
37.400000 0.061200 0.404362 0.167949 0.186176 0.365496 0.316060 0.183126 0.313251
37.600000 0.061424 0.408093 0.167912 0.186692 0.368899 0.315818 0.182971 0.315799
37.800000 0.061340 0.411384 0.168284 0.186952 0.371721 0.315916 0.183214 0.318048
38.000000 0.061522 0.414860 0.168033 0.187096 0.374898 0.316125 0.183278 0.320222
38.200000 0.061561 0.418337 0.167903 0.187588 0.377777 0.315911 0.183404 0.322677
38.400000 0.061588 0.421792 0.167907 0.187924 0.380943 0.316100 0.183356 0.325117
38.600000 0.061637 0.425475 0.168262 0.188034 0.384003 0.316042 0.183364 0.327530
38.800000 0.061567 0.429103 0.168197 0.188423 0.387093 0.316025 0.183393 0.329968
39.000000 0.061703 0.432805 0.168382 0.188747 0.390134 0.315875 0.183455 0.332387
39.200000 0.061679 0.436850 0.168281 0.188967 0.393510 0.316206 0.183527 0.334793
39.400000 0.061709 0.440425 0.168178 0.189406 0.396716 0.316159 0.183545 0.337450
39.600000 0.061758 0.444361 0.168352 0.189497 0.399916 0.315870 0.183655 0.340062
39.800000 0.061784 0.448298 0.168659 0.189748 0.403224 0.316157 0.183643 0.342644
40.000000 0.061646 0.452376 0.168434 0.190102 0.406496 0.316301 0.183697 0.345333
40.200000 0.061822 0.456126 0.168502 0.190253 0.409727 0.316149 0.183767 0.348009
40.400000 0.061815 0.460305 0.168566 0.190492 0.413336 0.316104 0.183827 0.350654
40.600000 0.061811 0.464258 0.168546 0.190706 0.416667 0.316127 0.183770 0.353509
40.800000 0.061857 0.468010 0.168736 0.191174 0.420232 0.316300 0.183740 0.356267
41.000000 0.061741 0.472064 0.168636 0.191303 0.423657 0.316185 0.183983 0.359041
41.200000 0.061880 0.475635 0.168886 0.191616 0.426984 0.316164 0.183913 0.361869
41.400000 0.061921 0.479955 0.168744 0.191850 0.430453 0.316309 0.184066 0.364661
41.600000 0.062068 0.483843 0.168817 0.192021 0.434057 0.316247 0.184029 0.367536
41.800000 0.061932 0.487657 0.168828 0.192401 0.437370 0.316308 0.184189 0.370216
42.000000 0.061802 0.491442 0.168618 0.192519 0.440898 0.316039 0.184304 0.372971
42.200000 0.061970 0.494970 0.169064 0.192816 0.444270 0.316456 0.184308 0.375928
42.400000 0.061978 0.498568 0.168635 0.192946 0.447776 0.316258 0.184175 0.378654
42.600000 0.061988 0.502315 0.169013 0.193098 0.451251 0.316456 0.184409 0.381324
42.800000 0.062006 0.505690 0.169205 0.193349 0.454509 0.316421 0.184621 0.384367
43.000000 0.062038 0.509482 0.168930 0.193529 0.457994 0.316322 0.184501 0.386829
43.200000 0.062038 0.512948 0.169122 0.193597 0.461381 0.316520 0.184509 0.389602
43.400000 0.061969 0.516307 0.169135 0.194055 0.464582 0.316590 0.184621 0.392481
43.600000 0.062051 0.519686 0.169154 0.194144 0.468220 0.316607 0.184709 0.395328
43.800000 0.062100 0.523148 0.169266 0.194263 0.471429 0.316559 0.184714 0.398269
44.000000 0.062038 0.527607 0.169117 0.194527 0.476105 0.316387 0.184631 0.401813
44.200000 0.062044 0.530742 0.169247 0.195004 0.479491 0.316336 0.184871 0.404766
44.400000 0.062088 0.534040 0.169237 0.195026 0.482927 0.316546 0.184963 0.407421
44.600000 0.062090 0.536859 0.169382 0.195292 0.486000 0.316545 0.185024 0.410127
44.800000 0.062091 0.539844 0.169317 0.195358 0.489212 0.316609 0.185057 0.412663
45.000000 0.062116 0.542899 0.169383 0.195472 0.492594 0.316495 0.185056 0.415629
45.200000 0.061965 0.545766 0.169376 0.195704 0.495755 0.316646 0.185103 0.418041
45.400000 0.061972 0.547998 0.169453 0.195915 0.498747 0.316699 0.185214 0.420762
45.600000 0.062133 0.551736 0.169597 0.196070 0.501946 0.316708 0.185306 0.423381
45.800000 0.062184 0.553911 0.169533 0.196367 0.504932 0.316690 0.185361 0.425985
46.000000 0.062167 0.556549 0.169600 0.196418 0.508227 0.316671 0.185248 0.428465
46.200000 0.062141 0.559047 0.169624 0.196685 0.511308 0.316747 0.185433 0.431015
46.400000 0.062127 0.561468 0.169655 0.196759 0.514366 0.316761 0.185309 0.433440
46.600000 0.062178 0.564075 0.169611 0.196990 0.517189 0.316849 0.185657 0.436035
46.800000 0.062162 0.566612 0.169395 0.197281 0.520372 0.316853 0.185667 0.438497
47.000000 0.062371 0.568889 0.169783 0.197321 0.523074 0.316856 0.185767 0.440939
47.200000 0.062212 0.571213 0.169766 0.197414 0.526252 0.316978 0.185742 0.443389
47.400000 0.062109 0.573254 0.169538 0.197440 0.528575 0.316656 0.185777 0.445484
47.600000 0.062107 0.575581 0.169746 0.197670 0.531902 0.316888 0.185937 0.448104
47.800000 0.062149 0.577621 0.169773 0.197850 0.534677 0.316847 0.185965 0.450228
48.000000 0.062151 0.579705 0.169778 0.197821 0.537497 0.316791 0.185946 0.452618
48.200000 0.062257 0.581778 0.169894 0.198111 0.540165 0.316735 0.186016 0.454943
48.400000 0.062232 0.583686 0.169753 0.198332 0.542802 0.316953 0.186005 0.457231
48.600000 0.062220 0.585484 0.169725 0.198437 0.545545 0.317020 0.186269 0.459256
48.800000 0.062190 0.587465 0.170013 0.198566 0.548253 0.317034 0.186295 0.461617
49.000000 0.062227 0.589210 0.169839 0.198773 0.550883 0.317119 0.186340 0.463853
49.200000 0.062231 0.591024 0.169892 0.198963 0.553545 0.316982 0.186389 0.465998
49.400000 0.062253 0.592817 0.169864 0.198721 0.556142 0.317220 0.186336 0.468137
49.600000 0.062239 0.594440 0.170019 0.199145 0.558613 0.316993 0.186347 0.469867
49.800000 0.062121 0.596299 0.170053 0.199416 0.561124 0.317118 0.186498 0.472333
50.000000 0.062135 0.597777 0.170066 0.199426 0.563409 0.317155 0.186651 0.474212
50.200000 0.062307 0.599731 0.170215 0.199465 0.566539 0.317173 0.186701 0.476539
50.400000 0.062247 0.601442 0.170112 0.199696 0.569306 0.317178 0.186862 0.478885
50.600000 0.062265 0.602953 0.170103 0.199781 0.571886 0.317200 0.186837 0.480721
50.800000 0.062214 0.604335 0.170040 0.199922 0.573898 0.317121 0.186883 0.482385
51.000000 0.062310 0.605893 0.170158 0.200096 0.576451 0.317208 0.187072 0.484756
51.200000 0.062299 0.607339 0.170124 0.200282 0.578771 0.317346 0.186958 0.486481
51.400000 0.062311 0.608695 0.170314 0.200385 0.581188 0.317357 0.187172 0.488545
51.600000 0.062298 0.610027 0.170156 0.200492 0.583193 0.317322 0.187222 0.490197
51.800000 0.062276 0.611383 0.170439 0.200632 0.585614 0.317240 0.187237 0.492236
52.000000 0.062304 0.612105 0.170264 0.200738 0.587658 0.317282 0.187275 0.493820
52.200000 0.062288 0.613692 0.170296 0.200923 0.589824 0.317231 0.187295 0.495504
52.400000 0.062300 0.614821 0.170295 0.200880 0.591980 0.317519 0.187356 0.497065
52.600000 0.062328 0.615853 0.170344 0.200959 0.594039 0.317528 0.187490 0.498933
52.800000 0.062261 0.616961 0.170354 0.201187 0.596104 0.317422 0.187397 0.500626
53.000000 0.062343 0.617858 0.170379 0.201271 0.598074 0.317520 0.187585 0.502285
53.200000 0.062302 0.619456 0.170400 0.201503 0.600081 0.317501 0.187596 0.503739
53.400000 0.062305 0.620195 0.170513 0.201529 0.602183 0.317404 0.187699 0.505434
53.600000 0.062304 0.621216 0.170468 0.201650 0.604378 0.317400 0.187776 0.506931
53.800000 0.062324 0.622202 0.170407 0.201464 0.606108 0.317398 0.187813 0.508528
54.000000 0.062338 0.623211 0.170370 0.202020 0.607922 0.317611 0.187952 0.509971
54.200000 0.062293 0.623914 0.170507 0.201956 0.609869 0.317412 0.187839 0.511547
54.400000 0.062316 0.624935 0.170492 0.202081 0.611576 0.317622 0.188060 0.512962
54.600000 0.062191 0.625697 0.170553 0.202226 0.613515 0.317672 0.188059 0.514287
54.800000 0.062361 0.626654 0.170525 0.202180 0.615239 0.317423 0.188275 0.515818
55.000000 0.062365 0.627483 0.170580 0.202415 0.616928 0.317642 0.188274 0.517225
55.200000 0.062366 0.628332 0.170741 0.202667 0.618818 0.317633 0.188100 0.518721
55.400000 0.062372 0.629183 0.170732 0.202729 0.620694 0.317594 0.188375 0.519865
55.600000 0.062363 0.629839 0.170564 0.202717 0.622546 0.317805 0.188535 0.521351
55.800000 0.062259 0.630793 0.170620 0.202860 0.624076 0.317692 0.188510 0.522512
56.000000 0.062379 0.631270 0.170640 0.203009 0.625502 0.317830 0.188518 0.523797
56.200000 0.062375 0.632078 0.170682 0.202954 0.627295 0.317732 0.188749 0.525109
56.400000 0.062270 0.632810 0.170631 0.203108 0.629056 0.317934 0.188715 0.526643
56.600000 0.062386 0.634001 0.170667 0.203373 0.631109 0.317778 0.188634 0.528222
56.800000 0.062375 0.634625 0.170702 0.203437 0.632724 0.317840 0.188638 0.529376
57.000000 0.062355 0.635051 0.170715 0.203495 0.634273 0.317960 0.188751 0.530546
57.200000 0.062352 0.635802 0.170737 0.203604 0.635747 0.317903 0.188905 0.531633
57.400000 0.062324 0.636333 0.170668 0.203667 0.637176 0.317770 0.188957 0.532720
57.600000 0.062370 0.636851 0.170807 0.203722 0.638859 0.317922 0.189031 0.533695
57.800000 0.062560 0.637897 0.170760 0.203875 0.640146 0.317898 0.189175 0.535048
58.000000 0.062389 0.638254 0.170600 0.203927 0.641573 0.317886 0.189123 0.535954
58.200000 0.062380 0.638509 0.170825 0.204102 0.642892 0.317858 0.189220 0.537226
58.400000 0.062536 0.639039 0.170860 0.204244 0.644258 0.317854 0.189301 0.538172
58.600000 0.062412 0.639520 0.170826 0.204271 0.645498 0.318042 0.189225 0.539155
58.800000 0.062386 0.639975 0.170767 0.204445 0.646676 0.317854 0.189415 0.540104
59.000000 0.062429 0.640485 0.170954 0.204614 0.647889 0.318015 0.189424 0.540990
59.200000 0.062405 0.641087 0.170775 0.204832 0.649496 0.317912 0.189506 0.541863
59.400000 0.062401 0.641584 0.171155 0.204734 0.650568 0.318114 0.189603 0.542908
59.600000 0.062258 0.642017 0.170973 0.204738 0.651792 0.317996 0.189607 0.543956
59.800000 0.062274 0.642448 0.171014 0.204835 0.653144 0.318105 0.189524 0.544878
60.000000 0.062394 0.642899 0.171043 0.205033 0.654448 0.318279 0.189750 0.545845
60.200000 0.062534 0.643279 0.170796 0.204877 0.655807 0.318179 0.189852 0.546641
60.400000 0.062424 0.643619 0.170995 0.205141 0.656591 0.318272 0.189840 0.547539
60.600000 0.062436 0.643978 0.171002 0.205190 0.657697 0.318275 0.189894 0.548298
60.800000 0.062357 0.644513 0.170928 0.205261 0.659058 0.318428 0.189862 0.549291
61.000000 0.062553 0.644802 0.170835 0.205372 0.660041 0.318278 0.190031 0.550053
61.200000 0.062411 0.645277 0.170954 0.205398 0.661311 0.318289 0.190094 0.550878
61.400000 0.062554 0.645489 0.171016 0.205528 0.662370 0.318321 0.190160 0.551836
61.600000 0.062428 0.645974 0.171138 0.205628 0.663430 0.318207 0.190051 0.552532
61.800000 0.062388 0.646195 0.171105 0.205776 0.664235 0.318209 0.190222 0.553433
62.000000 0.062426 0.646799 0.170912 0.205743 0.665380 0.318447 0.190183 0.554100
62.200000 0.062442 0.646954 0.171167 0.205703 0.666397 0.318324 0.190353 0.554766
62.400000 0.062380 0.647181 0.171065 0.205927 0.667291 0.318391 0.190560 0.555484
62.600000 0.062457 0.647442 0.171126 0.205873 0.668522 0.318354 0.190443 0.556461
62.800000 0.062436 0.647912 0.171112 0.206169 0.669956 0.318300 0.190538 0.557343
63.000000 0.062441 0.648322 0.171223 0.206105 0.670667 0.318414 0.190638 0.558027
63.200000 0.062407 0.648413 0.171132 0.206267 0.671641 0.318395 0.190664 0.558707
63.400000 0.062416 0.648911 0.171166 0.206327 0.672693 0.318341 0.190616 0.559245
63.600000 0.062279 0.649175 0.171188 0.206455 0.673741 0.318522 0.190701 0.560088
63.800000 0.062422 0.649562 0.171075 0.206568 0.674564 0.318475 0.190839 0.560681
64.000000 0.062212 0.649456 0.171195 0.206543 0.675179 0.318533 0.190930 0.561256
64.200000 0.062294 0.649852 0.171302 0.206721 0.676252 0.318689 0.190957 0.561838
64.400000 0.062438 0.650328 0.171221 0.206651 0.677114 0.318708 0.191114 0.562527
64.600000 0.062553 0.650243 0.171296 0.206981 0.677688 0.318466 0.191094 0.563083
64.800000 0.062454 0.650608 0.171314 0.207021 0.678703 0.318469 0.191129 0.563519
65.000000 0.062447 0.650916 0.171157 0.206969 0.679541 0.318472 0.191236 0.564288
65.200000 0.062258 0.651018 0.171286 0.207025 0.680204 0.318624 0.191299 0.564847
65.400000 0.062560 0.651155 0.171284 0.207180 0.681066 0.318689 0.191205 0.565586
65.600000 0.062428 0.651479 0.171208 0.207150 0.681833 0.318705 0.191255 0.566242
65.800000 0.062446 0.651586 0.171204 0.207304 0.682609 0.318697 0.191430 0.566571
66.000000 0.062445 0.651894 0.171307 0.207220 0.683363 0.318646 0.191490 0.567127
66.200000 0.062550 0.652008 0.171364 0.207459 0.684047 0.318570 0.191640 0.567511
66.400000 0.062516 0.652301 0.171219 0.207396 0.684705 0.318757 0.191562 0.568146
66.600000 0.062438 0.652561 0.171430 0.207453 0.685524 0.318759 0.191748 0.568655
66.800000 0.062422 0.652632 0.171472 0.207656 0.686036 0.318616 0.191838 0.569217
67.000000 0.062453 0.652766 0.171392 0.207751 0.686849 0.318860 0.191742 0.569726
67.200000 0.062472 0.653190 0.171327 0.207968 0.687516 0.318763 0.191761 0.569918
67.400000 0.062430 0.653154 0.171461 0.207907 0.688136 0.318784 0.191858 0.570605
67.600000 0.062469 0.653122 0.171374 0.207971 0.688927 0.318894 0.192060 0.570860
67.800000 0.062441 0.653433 0.171308 0.208070 0.689537 0.318633 0.192050 0.571583
68.000000 0.062456 0.653752 0.171626 0.208064 0.690141 0.318877 0.192037 0.571969
68.200000 0.062491 0.653707 0.171492 0.208145 0.690764 0.318934 0.191984 0.572401
68.400000 0.062442 0.653976 0.171402 0.208307 0.691375 0.318903 0.192120 0.572945
68.600000 0.062472 0.654053 0.171453 0.208314 0.691760 0.318970 0.192198 0.573320
68.800000 0.062536 0.654561 0.171471 0.208384 0.692626 0.319030 0.192167 0.573884
69.000000 0.062467 0.654432 0.171453 0.208304 0.693421 0.319040 0.192338 0.574187
69.200000 0.062458 0.654560 0.171499 0.208436 0.693911 0.318920 0.192350 0.574780
69.400000 0.062460 0.654628 0.171363 0.208622 0.694415 0.319001 0.192363 0.575129
69.600000 0.062461 0.654947 0.171385 0.208677 0.694778 0.319027 0.192343 0.575377
69.800000 0.062413 0.655050 0.171489 0.208834 0.695361 0.319192 0.192354 0.575826
70.000000 0.062450 0.655192 0.171488 0.208767 0.696073 0.319093 0.192590 0.576259
70.200000 0.062478 0.655216 0.171410 0.208890 0.696455 0.319056 0.192630 0.576269
70.400000 0.062452 0.655486 0.171449 0.208851 0.697101 0.319094 0.192624 0.577006
70.600000 0.062469 0.655376 0.171641 0.209178 0.697507 0.319123 0.192804 0.577366
70.800000 0.062451 0.655465 0.171538 0.209075 0.698184 0.319098 0.192648 0.577739
71.000000 0.062487 0.655865 0.171581 0.209147 0.698817 0.319364 0.192815 0.578009
71.200000 0.062435 0.655826 0.171601 0.209227 0.699268 0.319204 0.192957 0.578505
71.400000 0.062491 0.655830 0.171570 0.209337 0.699742 0.319175 0.192910 0.578641
71.600000 0.062475 0.655752 0.171599 0.209414 0.700208 0.319312 0.192944 0.579172
71.800000 0.062482 0.656162 0.171620 0.209432 0.700404 0.319275 0.193013 0.579273
72.000000 0.062463 0.656196 0.171509 0.209625 0.701075 0.319236 0.193102 0.579801
72.200000 0.062300 0.655996 0.171492 0.209498 0.701396 0.319170 0.193035 0.579878
72.400000 0.062280 0.656295 0.171469 0.209441 0.701817 0.319064 0.192969 0.580393
72.600000 0.062482 0.656637 0.171629 0.209780 0.702607 0.319248 0.193248 0.580896
72.800000 0.062481 0.656771 0.171430 0.209759 0.703159 0.319266 0.193259 0.581251
73.000000 0.062490 0.656778 0.171552 0.209896 0.703503 0.319411 0.193358 0.581486
73.200000 0.062459 0.656998 0.171681 0.209894 0.703986 0.319244 0.193459 0.581970
73.400000 0.062483 0.657003 0.171513 0.209758 0.704231 0.319372 0.193396 0.582121
73.600000 0.062478 0.656907 0.171774 0.209938 0.704559 0.319326 0.193390 0.582149
73.800000 0.062455 0.657067 0.171771 0.209972 0.705022 0.319548 0.193582 0.582599
74.000000 0.062490 0.657132 0.171707 0.210159 0.705702 0.319096 0.193533 0.582740
74.200000 0.062488 0.657439 0.171831 0.210216 0.705997 0.319492 0.193701 0.583214
74.400000 0.062463 0.657460 0.171562 0.210397 0.706383 0.319366 0.193675 0.583360
74.600000 0.062490 0.657556 0.171747 0.210387 0.706681 0.319591 0.193636 0.583789
74.800000 0.062466 0.657387 0.171807 0.210428 0.706946 0.319560 0.193792 0.584026
75.000000 0.062478 0.657628 0.171741 0.210450 0.707606 0.319529 0.193877 0.584314
75.200000 0.062482 0.657666 0.171735 0.210494 0.707578 0.319456 0.193923 0.584542
75.400000 0.062431 0.657765 0.171726 0.210719 0.708010 0.319433 0.193976 0.584767
75.600000 0.062451 0.657722 0.171800 0.210744 0.708609 0.319664 0.194014 0.585105
75.800000 0.062482 0.657908 0.171708 0.210572 0.709065 0.319601 0.194083 0.585099
76.000000 0.062492 0.657960 0.171785 0.210803 0.709266 0.319637 0.193955 0.585277
76.200000 0.062501 0.658005 0.171668 0.210834 0.709338 0.319667 0.194152 0.585677
76.400000 0.062485 0.658113 0.171801 0.210784 0.709697 0.319630 0.194144 0.585862
76.600000 0.062500 0.658090 0.171716 0.211021 0.710296 0.319519 0.194280 0.585945
76.800000 0.062487 0.658234 0.171774 0.210924 0.710388 0.319667 0.194168 0.586374
77.000000 0.062543 0.658506 0.171731 0.211099 0.710607 0.319601 0.194336 0.586618
77.200000 0.062490 0.658365 0.171776 0.211086 0.711043 0.319644 0.194328 0.586765
77.400000 0.062543 0.658568 0.171816 0.211148 0.711412 0.319774 0.194352 0.586988
77.600000 0.062470 0.658515 0.171744 0.211335 0.711522 0.319744 0.194438 0.587083
77.800000 0.062505 0.658473 0.171705 0.211321 0.711902 0.319716 0.194450 0.587277
78.000000 0.062448 0.658566 0.171912 0.211399 0.712236 0.319731 0.194696 0.587630
78.200000 0.062498 0.658704 0.171844 0.211082 0.712595 0.319759 0.194592 0.587858
78.400000 0.062477 0.658846 0.171850 0.211443 0.712904 0.319899 0.194647 0.587946
78.600000 0.062501 0.658737 0.171938 0.211524 0.713123 0.319719 0.194497 0.588133
78.800000 0.062483 0.658835 0.171832 0.211528 0.713222 0.319830 0.194831 0.588385
79.000000 0.062506 0.658779 0.171835 0.211589 0.713551 0.319924 0.194778 0.588443
79.200000 0.062430 0.658754 0.171848 0.211491 0.713929 0.319883 0.194799 0.588715
79.400000 0.062473 0.658768 0.171868 0.211710 0.713980 0.319840 0.194859 0.588888
79.600000 0.062467 0.659012 0.171885 0.211785 0.714359 0.319925 0.194755 0.589014
79.800000 0.062482 0.658962 0.171813 0.211670 0.714783 0.319936 0.194963 0.589191
80.000000 0.062466 0.659128 0.171953 0.211911 0.714879 0.319942 0.194864 0.589323
80.200000 0.062413 0.659303 0.171911 0.211816 0.715177 0.319952 0.195153 0.589582
80.400000 0.062486 0.659009 0.171919 0.211983 0.715417 0.320014 0.194936 0.589647
80.600000 0.062539 0.659313 0.171943 0.212077 0.715609 0.320122 0.195122 0.589624
80.800000 0.062482 0.659313 0.172101 0.212122 0.715988 0.319898 0.195143 0.590110
81.000000 0.062485 0.659293 0.171901 0.212100 0.716153 0.320066 0.195105 0.590352
81.200000 0.062483 0.659384 0.171959 0.212230 0.716503 0.319997 0.195276 0.590409
81.400000 0.062485 0.659412 0.172032 0.212289 0.716579 0.319982 0.195308 0.590630
81.600000 0.062469 0.659040 0.171868 0.212305 0.716826 0.320082 0.195323 0.590728
81.800000 0.062438 0.659435 0.171942 0.212364 0.716876 0.320030 0.195346 0.590707
82.000000 0.062514 0.659626 0.171826 0.212443 0.717254 0.320277 0.195416 0.591075
82.200000 0.062480 0.659504 0.172008 0.212436 0.717358 0.320013 0.195566 0.591179
82.400000 0.062509 0.659587 0.171901 0.212481 0.717652 0.319986 0.195320 0.591333
82.600000 0.062464 0.659669 0.172000 0.212275 0.718048 0.320252 0.195535 0.591395
82.800000 0.062485 0.659577 0.172077 0.212892 0.718036 0.320206 0.195593 0.591333
83.000000 0.062492 0.659503 0.171876 0.212606 0.718106 0.320067 0.195757 0.591590
83.200000 0.062460 0.659702 0.172053 0.212592 0.718429 0.320250 0.195657 0.591852
83.400000 0.062435 0.659630 0.171853 0.212617 0.718244 0.320081 0.195591 0.591788
83.600000 0.062500 0.659807 0.172051 0.212818 0.718790 0.320277 0.195767 0.591976
83.800000 0.062500 0.659620 0.172017 0.212840 0.718963 0.320351 0.195816 0.592215
84.000000 0.062457 0.659759 0.172020 0.212857 0.718975 0.320270 0.195634 0.591846
84.200000 0.062527 0.659736 0.172032 0.212961 0.719298 0.320156 0.195825 0.592405
84.400000 0.062530 0.659942 0.172201 0.213136 0.719351 0.320475 0.195915 0.592575
84.600000 0.062532 0.660049 0.172058 0.213098 0.719538 0.320378 0.195771 0.592615
84.800000 0.062521 0.660005 0.172173 0.213146 0.719745 0.320298 0.195809 0.592737
85.000000 0.062504 0.659969 0.172006 0.213071 0.719860 0.320343 0.195954 0.592836
85.200000 0.062506 0.660091 0.172043 0.213016 0.720153 0.320387 0.195891 0.592925
85.400000 0.062470 0.659952 0.172023 0.213175 0.720298 0.320311 0.195994 0.593075
85.600000 0.062530 0.659972 0.172091 0.213388 0.720405 0.320355 0.196103 0.593237
85.800000 0.062466 0.660074 0.171996 0.213246 0.720735 0.320380 0.196178 0.593217
86.000000 0.062517 0.659707 0.172067 0.213181 0.720737 0.320329 0.196124 0.593310
86.200000 0.062517 0.660230 0.171977 0.213229 0.720803 0.320326 0.196195 0.593289
86.400000 0.062370 0.660267 0.171969 0.213406 0.720934 0.320314 0.196481 0.593349
86.600000 0.062509 0.660140 0.172227 0.213329 0.720948 0.320422 0.196354 0.593469
86.800000 0.062513 0.660198 0.171976 0.213500 0.721382 0.320492 0.196318 0.593725
87.000000 0.062546 0.660329 0.172195 0.213489 0.721711 0.320430 0.196293 0.593985
87.200000 0.062549 0.660082 0.172200 0.213507 0.721571 0.320400 0.196531 0.593902
87.400000 0.062526 0.660169 0.171991 0.213737 0.721931 0.320562 0.196425 0.593898
87.600000 0.062411 0.660384 0.172015 0.213327 0.721989 0.320347 0.196425 0.594211
87.800000 0.062540 0.660353 0.172166 0.213636 0.722213 0.320538 0.196530 0.594309
88.000000 0.062526 0.660327 0.172268 0.213789 0.722404 0.320585 0.196680 0.594435
88.200000 0.062515 0.660755 0.172154 0.213785 0.722727 0.320572 0.196640 0.594389
88.400000 0.062495 0.660350 0.172154 0.213897 0.722653 0.320645 0.196641 0.594511
88.600000 0.062513 0.660765 0.171986 0.213925 0.722705 0.320517 0.196594 0.594726
88.800000 0.062534 0.660487 0.172187 0.213904 0.722819 0.320483 0.196677 0.594878
89.000000 0.062514 0.660433 0.172249 0.213942 0.722966 0.320459 0.196798 0.594910
89.200000 0.062519 0.660333 0.171981 0.214081 0.723228 0.320659 0.196659 0.594860
89.400000 0.062514 0.660635 0.172174 0.214092 0.723366 0.320545 0.196826 0.595139
89.600000 0.062543 0.660588 0.172018 0.214107 0.723438 0.320668 0.196788 0.595123
89.800000 0.062608 0.660814 0.172189 0.213969 0.723857 0.320702 0.196973 0.595320
90.000000 0.062540 0.660715 0.171967 0.214282 0.723795 0.320706 0.196958 0.595396
