0.200000 0.294656 0.476698 0.264469 0.289186 0.539020 0.558182 0.287566 0.463223
0.400000 0.294626 0.475621 0.264355 0.288866 0.537125 0.558258 0.287209 0.461816
0.600000 0.294456 0.475446 0.264130 0.288755 0.535996 0.558255 0.287262 0.461036
0.800000 0.294397 0.474860 0.264196 0.288729 0.535157 0.558033 0.287216 0.460253
1.000000 0.294395 0.474609 0.264015 0.288682 0.534025 0.558096 0.287119 0.459366
1.200000 0.294347 0.474098 0.264394 0.288587 0.533079 0.558065 0.287128 0.458651
1.400000 0.294168 0.473753 0.264208 0.288502 0.532036 0.558119 0.286943 0.457882
1.600000 0.294290 0.473437 0.263950 0.288332 0.530877 0.557867 0.286862 0.457127
1.800000 0.294211 0.472944 0.264264 0.288436 0.530083 0.557886 0.286807 0.456344
2.000000 0.294161 0.472558 0.264023 0.288265 0.528727 0.557825 0.286629 0.455503
2.200000 0.294185 0.472227 0.264086 0.288298 0.527984 0.557938 0.286568 0.454719
2.400000 0.294287 0.471658 0.263990 0.288097 0.526897 0.557844 0.286601 0.454100
2.600000 0.294068 0.471460 0.263988 0.288179 0.526113 0.557817 0.286423 0.453490
2.800000 0.293902 0.470891 0.263985 0.288035 0.524959 0.557588 0.286521 0.452578
3.000000 0.293992 0.470707 0.264105 0.288029 0.523999 0.557627 0.286397 0.451887
3.200000 0.293839 0.470315 0.263991 0.288029 0.523068 0.557565 0.286270 0.451170
3.400000 0.293930 0.469855 0.263920 0.287781 0.521928 0.557619 0.286162 0.450381
3.600000 0.293897 0.469599 0.264051 0.287845 0.520972 0.557584 0.286197 0.449764
3.800000 0.293735 0.469064 0.263895 0.287817 0.520116 0.557539 0.286028 0.448839
4.000000 0.293798 0.468770 0.264038 0.287672 0.519183 0.557423 0.286009 0.448297
4.200000 0.293626 0.468426 0.264117 0.287700 0.517992 0.557413 0.285815 0.447686
4.400000 0.293717 0.468090 0.263907 0.287596 0.517164 0.557304 0.285924 0.446841
4.600000 0.293696 0.467725 0.263826 0.287374 0.516355 0.557392 0.285699 0.446019
4.800000 0.293670 0.467501 0.264106 0.287387 0.515379 0.557342 0.285778 0.445404
5.000000 0.293602 0.466952 0.263917 0.287426 0.514445 0.557336 0.285756 0.444730
5.200000 0.293689 0.466759 0.263763 0.287439 0.513572 0.556959 0.285577 0.443953
5.400000 0.293555 0.466245 0.263801 0.287135 0.512391 0.556954 0.285565 0.443194
5.600000 0.293334 0.466110 0.263715 0.287223 0.511862 0.557204 0.285467 0.442512
5.800000 0.293446 0.465633 0.263774 0.287266 0.510982 0.557252 0.285376 0.441946
6.000000 0.293469 0.465248 0.263757 0.287060 0.510100 0.557059 0.285430 0.441426
6.200000 0.293282 0.464825 0.263705 0.286934 0.509157 0.556977 0.285194 0.440641
6.400000 0.293413 0.464668 0.263824 0.286878 0.508142 0.557172 0.285187 0.439864
6.600000 0.293332 0.464293 0.263776 0.286719 0.506996 0.556871 0.284883 0.438938
6.800000 0.293143 0.463838 0.263668 0.286832 0.506015 0.556881 0.285077 0.438345
7.000000 0.292975 0.463559 0.263758 0.286836 0.505075 0.556861 0.285152 0.437688
7.200000 0.293229 0.463200 0.263648 0.286733 0.504330 0.556908 0.284895 0.436935
7.400000 0.293192 0.462836 0.263720 0.286692 0.503390 0.556851 0.284879 0.436410
7.600000 0.292999 0.462583 0.263766 0.286387 0.502614 0.556945 0.284845 0.435901
7.800000 0.293144 0.462327 0.263710 0.286512 0.501804 0.556713 0.284680 0.435166
8.000000 0.293191 0.461986 0.263612 0.286458 0.500794 0.556609 0.284572 0.434461
8.200000 0.293068 0.461717 0.263735 0.286411 0.500048 0.556341 0.284424 0.433908
8.400000 0.293000 0.461327 0.263456 0.286267 0.499331 0.556679 0.284354 0.433314
8.600000 0.292679 0.460934 0.263614 0.286326 0.498385 0.556350 0.284371 0.432528
8.800000 0.292965 0.460857 0.263544 0.286276 0.497692 0.556622 0.284315 0.432018
9.000000 0.292949 0.460293 0.263562 0.286217 0.496975 0.556389 0.284402 0.431383
9.200000 0.292870 0.459963 0.263577 0.286015 0.496114 0.556310 0.284219 0.430827
9.400000 0.292785 0.459848 0.263550 0.285981 0.495324 0.556473 0.284163 0.430251
9.600000 0.292810 0.459464 0.263419 0.285968 0.494416 0.556376 0.284084 0.429647
9.800000 0.292767 0.459015 0.263506 0.285871 0.493730 0.556409 0.284050 0.429043
10.000000 0.292756 0.458934 0.263538 0.286038 0.493096 0.556293 0.283917 0.428495
10.200000 0.292746 0.458529 0.263647 0.285875 0.492346 0.556272 0.283856 0.427921
10.400000 0.292687 0.458385 0.263501 0.285782 0.491491 0.556312 0.283833 0.427389
10.600000 0.292518 0.458207 0.263473 0.285726 0.490673 0.556072 0.283741 0.426662
10.800000 0.292629 0.457670 0.263437 0.285696 0.489914 0.556173 0.283657 0.426025
11.000000 0.292627 0.457490 0.263370 0.285584 0.488961 0.556123 0.283539 0.425687
11.200000 0.292423 0.457081 0.263433 0.285525 0.488357 0.556090 0.283430 0.424966
11.400000 0.292568 0.456929 0.263447 0.285580 0.487579 0.555927 0.283416 0.424458
11.600000 0.292659 0.456578 0.263273 0.285474 0.486882 0.555914 0.283427 0.423993
11.800000 0.292509 0.456396 0.263141 0.285454 0.486183 0.555894 0.283229 0.423289
12.000000 0.292409 0.456237 0.263285 0.285342 0.485516 0.556023 0.283332 0.422677
12.200000 0.292267 0.455588 0.263506 0.285191 0.484717 0.555903 0.283062 0.422323
12.400000 0.292404 0.455597 0.263322 0.285307 0.483887 0.555984 0.283198 0.421829
12.600000 0.292376 0.455390 0.263442 0.285364 0.483306 0.556012 0.283319 0.421175
12.800000 0.292336 0.454905 0.263240 0.285139 0.482438 0.555855 0.282981 0.420594
13.000000 0.292316 0.454783 0.263264 0.285113 0.481781 0.555762 0.283002 0.420139
13.200000 0.292255 0.454528 0.263298 0.285099 0.481149 0.555663 0.282875 0.419550
13.400000 0.292149 0.454260 0.263273 0.284910 0.480546 0.555719 0.282859 0.419096
13.600000 0.292064 0.453959 0.263196 0.285000 0.479861 0.555589 0.282875 0.418659
13.800000 0.292191 0.453826 0.263088 0.284827 0.479231 0.555704 0.282614 0.418148
14.000000 0.292190 0.453675 0.263103 0.284874 0.478621 0.555427 0.282609 0.417755
14.200000 0.292093 0.453333 0.263264 0.284853 0.477983 0.555571 0.282417 0.417014
14.400000 0.292091 0.453282 0.263193 0.284788 0.477419 0.555424 0.282413 0.416793
14.600000 0.291908 0.452896 0.263065 0.284707 0.476968 0.555519 0.282477 0.416261
14.800000 0.292205 0.452668 0.263103 0.284584 0.476101 0.555465 0.282490 0.415801
15.000000 0.291999 0.452378 0.263310 0.284476 0.475548 0.555335 0.282388 0.415419
15.200000 0.291909 0.452185 0.263090 0.284569 0.475000 0.555283 0.282267 0.414940
15.400000 0.291793 0.451889 0.263321 0.284572 0.474215 0.555130 0.282233 0.414544
15.600000 0.291960 0.451713 0.263152 0.284514 0.473763 0.555033 0.282165 0.413880
15.800000 0.291914 0.451500 0.263143 0.284343 0.473282 0.555254 0.282175 0.413517
16.000000 0.291885 0.451304 0.262920 0.284390 0.472507 0.555219 0.282071 0.413190
16.200000 0.291767 0.451118 0.263087 0.284337 0.471866 0.555208 0.282055 0.412656
16.400000 0.291613 0.450895 0.263034 0.284298 0.471194 0.555214 0.281917 0.412158
16.600000 0.291824 0.450497 0.263053 0.284231 0.470641 0.555114 0.281926 0.411732
16.800000 0.291775 0.450361 0.262998 0.284225 0.470179 0.555060 0.281882 0.411264
17.000000 0.291750 0.450081 0.262924 0.284203 0.469465 0.554922 0.281535 0.410911
17.200000 0.291784 0.449868 0.262932 0.284197 0.468955 0.554991 0.281615 0.410466
17.400000 0.291891 0.449731 0.262963 0.284112 0.468530 0.554854 0.281503 0.409852
17.600000 0.291721 0.449618 0.262870 0.284042 0.467867 0.554835 0.281620 0.409459
17.800000 0.291677 0.449234 0.263057 0.283722 0.467366 0.554903 0.281619 0.409103
18.000000 0.291661 0.449115 0.263010 0.283975 0.466732 0.554845 0.281377 0.408733
18.200000 0.291602 0.449029 0.263006 0.283856 0.466195 0.554676 0.281492 0.408196
18.400000 0.291629 0.448864 0.262963 0.283718 0.465522 0.554795 0.281394 0.407944
18.600000 0.291742 0.448575 0.263010 0.283725 0.465101 0.554673 0.281338 0.407514
18.800000 0.291448 0.448298 0.262889 0.283694 0.464389 0.554563 0.281109 0.407041
19.000000 0.291561 0.448144 0.262764 0.283787 0.463957 0.554583 0.281261 0.406752
19.200000 0.291537 0.447718 0.262761 0.283743 0.463067 0.554593 0.281181 0.405992
19.400000 0.291325 0.447611 0.262777 0.283653 0.462514 0.554640 0.281139 0.405663
19.600000 0.291405 0.447528 0.262744 0.283536 0.461991 0.554541 0.281061 0.405133
19.800000 0.291432 0.447089 0.262777 0.283392 0.461448 0.554646 0.281038 0.404704
20.000000 0.291429 0.446962 0.262803 0.283455 0.460681 0.554514 0.280900 0.404410
20.200000 0.291333 0.446802 0.262895 0.283494 0.460458 0.554500 0.281001 0.404009
20.400000 0.291207 0.446500 0.262675 0.283375 0.460017 0.554457 0.280821 0.403678
20.600000 0.291154 0.446456 0.262899 0.283298 0.459392 0.554380 0.280731 0.403224
20.800000 0.291143 0.446099 0.262717 0.283338 0.458939 0.554226 0.280744 0.402695
21.000000 0.291399 0.445982 0.262883 0.283283 0.458491 0.554219 0.280680 0.402284
21.200000 0.291138 0.445832 0.262627 0.283334 0.457798 0.554259 0.280460 0.402033
21.400000 0.291246 0.445701 0.262882 0.283024 0.457200 0.554195 0.280660 0.401697
21.600000 0.291176 0.445502 0.262634 0.283143 0.456800 0.554062 0.280533 0.401272
21.800000 0.291151 0.445182 0.262651 0.283072 0.456101 0.554190 0.280555 0.400890
22.000000 0.291182 0.445050 0.262632 0.282906 0.455830 0.554047 0.280408 0.400530
22.200000 0.291208 0.444921 0.262688 0.282937 0.455408 0.554095 0.280424 0.400091
22.400000 0.291007 0.444686 0.262619 0.283074 0.454830 0.554078 0.280208 0.399784
22.600000 0.291020 0.444620 0.262532 0.282767 0.454149 0.553961 0.280252 0.399455
22.800000 0.291112 0.444439 0.262556 0.282753 0.453858 0.553982 0.280201 0.399095
23.000000 0.291081 0.444078 0.262497 0.282781 0.453327 0.554014 0.280129 0.398620
23.200000 0.291028 0.443879 0.262606 0.282766 0.452862 0.553998 0.280080 0.398298
23.400000 0.291001 0.443869 0.262458 0.282779 0.452539 0.553747 0.279996 0.397858
23.600000 0.290993 0.443786 0.262651 0.282743 0.451896 0.553847 0.280002 0.397553
23.800000 0.290961 0.443414 0.262673 0.282738 0.451317 0.553551 0.279993 0.397261
24.000000 0.290952 0.443239 0.262640 0.282672 0.450969 0.553641 0.279939 0.396751
24.200000 0.290838 0.442997 0.262573 0.282742 0.450527 0.553741 0.279713 0.396532
24.400000 0.290876 0.442945 0.262664 0.282532 0.450035 0.553733 0.279807 0.396193
24.600000 0.290876 0.442675 0.262585 0.282524 0.449390 0.553662 0.279643 0.395662
24.800000 0.290821 0.442392 0.262471 0.282512 0.449117 0.553693 0.279660 0.395400
25.000000 0.290827 0.442439 0.262576 0.282451 0.448557 0.553518 0.279445 0.395073
25.200000 0.290819 0.442319 0.262510 0.282408 0.448055 0.553553 0.279400 0.394771
25.400000 0.290779 0.441994 0.262626 0.282164 0.447481 0.553484 0.279444 0.394281
25.600000 0.290745 0.441805 0.262481 0.282263 0.447117 0.553472 0.279462 0.393962
25.800000 0.290762 0.441620 0.262339 0.282244 0.446588 0.553349 0.279452 0.393658
26.000000 0.290803 0.441345 0.262310 0.282204 0.446070 0.553348 0.279380 0.393316
26.200000 0.290673 0.441244 0.262446 0.282017 0.445713 0.553376 0.279325 0.392985
26.400000 0.290528 0.441011 0.262301 0.281931 0.445123 0.553182 0.279095 0.392606
26.600000 0.290587 0.440911 0.262235 0.282068 0.444740 0.553154 0.279098 0.392266
26.800000 0.290573 0.440808 0.262442 0.281882 0.444217 0.553222 0.279216 0.391902
27.000000 0.290596 0.440624 0.262386 0.281707 0.443717 0.553196 0.278999 0.391622
27.200000 0.290663 0.440490 0.262364 0.281840 0.443482 0.553005 0.279019 0.391386
27.400000 0.290499 0.440271 0.262387 0.281820 0.443081 0.553145 0.279052 0.390840
27.600000 0.290424 0.440002 0.262373 0.281880 0.442588 0.553062 0.278963 0.390488
27.800000 0.290469 0.439787 0.262185 0.281792 0.442048 0.553119 0.278903 0.390236
28.000000 0.290400 0.439909 0.262429 0.281883 0.441806 0.553030 0.278806 0.389988
28.200000 0.290434 0.439609 0.262431 0.281792 0.441220 0.552860 0.278847 0.389618
28.400000 0.290283 0.439305 0.262370 0.281523 0.440838 0.552945 0.278715 0.389289
28.600000 0.290441 0.439185 0.262173 0.281755 0.440514 0.552871 0.278699 0.388984
28.800000 0.290340 0.439002 0.262151 0.281443 0.439986 0.552695 0.278521 0.388590
29.000000 0.290231 0.438914 0.262191 0.281634 0.439662 0.552787 0.278579 0.388441
29.200000 0.290334 0.438984 0.262160 0.281581 0.439411 0.552769 0.278586 0.388072
29.400000 0.290312 0.438659 0.262245 0.281231 0.438744 0.552606 0.278499 0.387784
29.600000 0.290346 0.438622 0.262190 0.281512 0.438478 0.552743 0.278489 0.387423
29.800000 0.290283 0.438384 0.262272 0.281417 0.438017 0.552787 0.278439 0.387149
30.000000 0.290282 0.438108 0.262167 0.281426 0.437588 0.552580 0.278322 0.386840
30.200000 0.290251 0.438042 0.262016 0.281471 0.437146 0.552588 0.278224 0.386269
30.400000 0.290108 0.437927 0.262094 0.281519 0.436650 0.552650 0.278273 0.386204
30.600000 0.290338 0.437730 0.262170 0.281360 0.436367 0.552434 0.278266 0.385933
30.800000 0.290648 0.437479 0.262294 0.281244 0.435895 0.552381 0.278055 0.385628
31.000000 0.291203 0.437359 0.262057 0.281283 0.435352 0.552518 0.278131 0.385408
31.200000 0.291902 0.437184 0.262029 0.281087 0.435037 0.552412 0.278134 0.385000
31.400000 0.293168 0.437120 0.262317 0.281122 0.434849 0.552288 0.278053 0.384750
31.600000 0.295597 0.436923 0.262070 0.281131 0.434178 0.552280 0.277970 0.384336
31.800000 0.297639 0.436968 0.262261 0.280930 0.434073 0.552355 0.277879 0.384077
32.000000 0.299719 0.436581 0.262153 0.281087 0.433589 0.552102 0.277640 0.383937
32.200000 0.302338 0.436702 0.262225 0.281161 0.433798 0.552254 0.277974 0.383765
32.400000 0.304833 0.436456 0.262228 0.281162 0.433929 0.552291 0.277932 0.383760
32.600000 0.307970 0.436509 0.262228 0.281216 0.433772 0.552260 0.277922 0.384056
32.800000 0.310751 0.436448 0.262252 0.281088 0.433932 0.552256 0.277880 0.384119
33.000000 0.313547 0.436517 0.262085 0.281208 0.434386 0.552227 0.278015 0.384331
33.200000 0.316261 0.436598 0.262191 0.281258 0.434759 0.552276 0.277914 0.384575
33.400000 0.318738 0.436740 0.262279 0.281313 0.435432 0.552094 0.277743 0.385004
33.600000 0.321214 0.436869 0.262149 0.281463 0.436150 0.552175 0.277956 0.385522
33.800000 0.323431 0.437339 0.262449 0.281454 0.437082 0.552126 0.277899 0.386136
34.000000 0.325573 0.437860 0.262321 0.281597 0.438165 0.552252 0.277982 0.386835
34.200000 0.327534 0.438370 0.262330 0.281637 0.439421 0.552206 0.277978 0.387760
34.400000 0.329139 0.439032 0.262417 0.281742 0.440678 0.551955 0.277977 0.388701
34.600000 0.330882 0.439613 0.262392 0.281900 0.442497 0.552146 0.277867 0.389766
34.800000 0.332614 0.440779 0.262280 0.282082 0.444287 0.552183 0.278124 0.390974
35.000000 0.333710 0.441829 0.262444 0.282206 0.446043 0.552178 0.278161 0.392271
35.200000 0.335116 0.443054 0.262449 0.282183 0.448150 0.552179 0.277882 0.393698
35.400000 0.336210 0.444453 0.262563 0.282590 0.450253 0.552167 0.278121 0.395181
35.600000 0.337191 0.445833 0.262530 0.282693 0.452418 0.552087 0.278093 0.396593
35.800000 0.338021 0.447111 0.262503 0.283033 0.454850 0.552175 0.278137 0.398331
36.000000 0.338838 0.448852 0.262340 0.283114 0.457192 0.552172 0.278160 0.400013
36.200000 0.339738 0.450735 0.262547 0.283302 0.459836 0.552165 0.278036 0.401886
36.400000 0.340388 0.452647 0.262483 0.283648 0.462550 0.552065 0.278313 0.403683
36.600000 0.341066 0.454573 0.262542 0.283746 0.465288 0.552274 0.278097 0.405588
36.800000 0.341666 0.456861 0.262576 0.283865 0.468352 0.552216 0.278150 0.407713
37.000000 0.342162 0.459013 0.262680 0.283973 0.471220 0.552262 0.278339 0.409788
37.200000 0.342829 0.461657 0.262668 0.284322 0.474684 0.552088 0.278350 0.412111
37.400000 0.343037 0.464390 0.262889 0.284531 0.477809 0.552238 0.278440 0.414391
37.600000 0.343533 0.467475 0.262905 0.284808 0.481429 0.552275 0.278543 0.416902
37.800000 0.343895 0.471490 0.262808 0.284964 0.486259 0.552485 0.278571 0.420198
38.000000 0.344429 0.474505 0.262835 0.285208 0.489608 0.552504 0.278609 0.422876
38.200000 0.344904 0.477712 0.262802 0.285215 0.493505 0.552285 0.278689 0.425347
38.400000 0.345220 0.481123 0.263049 0.285777 0.497195 0.552307 0.278776 0.427919
38.600000 0.345512 0.484534 0.263006 0.285923 0.500993 0.552222 0.278764 0.430868
38.800000 0.345756 0.488049 0.263023 0.286024 0.505213 0.552255 0.278893 0.433523
39.000000 0.346050 0.491552 0.263023 0.286287 0.508995 0.552367 0.278807 0.436251
39.200000 0.346129 0.495330 0.262945 0.286472 0.513110 0.552392 0.278857 0.439221
39.400000 0.346523 0.499133 0.262949 0.286632 0.517216 0.552465 0.278878 0.442298
39.600000 0.346751 0.502912 0.263007 0.286824 0.521432 0.552411 0.279027 0.445214
39.800000 0.346979 0.507017 0.263072 0.287026 0.525728 0.552422 0.279014 0.448360
40.000000 0.347117 0.511156 0.263210 0.287259 0.529951 0.552611 0.279197 0.451438
40.200000 0.347378 0.515209 0.263138 0.287327 0.534472 0.552579 0.279001 0.454435
40.400000 0.347499 0.518993 0.263210 0.287668 0.538911 0.552558 0.279210 0.457760
40.600000 0.347658 0.523152 0.263299 0.287640 0.543353 0.552613 0.279341 0.460983
40.800000 0.347664 0.527450 0.263122 0.287986 0.547740 0.552584 0.279301 0.464027
41.000000 0.347954 0.531630 0.263189 0.287927 0.552229 0.552631 0.279305 0.467506
41.200000 0.348144 0.535784 0.263315 0.288349 0.556853 0.552710 0.279510 0.470821
41.400000 0.348227 0.540000 0.263352 0.288447 0.561466 0.552700 0.279655 0.474144
41.600000 0.348439 0.544019 0.263244 0.288664 0.566082 0.552597 0.279664 0.477566
41.800000 0.348652 0.548114 0.263369 0.288816 0.570573 0.552751 0.279837 0.481104
42.000000 0.348685 0.552449 0.263460 0.289019 0.575329 0.552796 0.279558 0.484192
42.200000 0.348513 0.556377 0.263276 0.289104 0.579781 0.552633 0.279761 0.487518
42.400000 0.348738 0.560358 0.263495 0.289131 0.584484 0.552743 0.279738 0.491175
42.600000 0.348914 0.564653 0.263407 0.289598 0.589107 0.552968 0.279943 0.494571
42.800000 0.348883 0.568641 0.263587 0.289721 0.593712 0.552886 0.280125 0.498025
43.000000 0.349194 0.572587 0.263588 0.289646 0.598133 0.552893 0.280085 0.501528
43.200000 0.349177 0.576388 0.263584 0.290017 0.602626 0.552836 0.280114 0.504827
43.400000 0.349379 0.580216 0.263636 0.289962 0.607418 0.553085 0.280212 0.508118
43.600000 0.349547 0.584050 0.263558 0.290237 0.611838 0.552967 0.280175 0.511791
43.800000 0.349529 0.587837 0.263595 0.290399 0.616308 0.553124 0.280387 0.515094
44.000000 0.349688 0.591487 0.263724 0.290636 0.621075 0.553117 0.280551 0.518918
44.200000 0.349671 0.596017 0.263761 0.290751 0.626466 0.553075 0.280511 0.522841
44.400000 0.349814 0.599456 0.263656 0.290707 0.630950 0.553128 0.280578 0.526151
44.600000 0.349852 0.602959 0.263918 0.290854 0.635328 0.552982 0.280649 0.529621
44.800000 0.349798 0.606250 0.263968 0.291132 0.639471 0.553036 0.280755 0.532757
45.000000 0.350062 0.609540 0.263819 0.291003 0.643880 0.553246 0.280851 0.536340
45.200000 0.350091 0.612772 0.263904 0.291531 0.647994 0.553410 0.280832 0.539526
45.400000 0.350280 0.615845 0.263931 0.291561 0.652394 0.553240 0.281042 0.542613
45.600000 0.350118 0.618755 0.263904 0.291536 0.656233 0.553132 0.280821 0.545961
45.800000 0.350254 0.621880 0.263898 0.291806 0.660567 0.553224 0.281057 0.549035
46.000000 0.350320 0.624760 0.263974 0.291854 0.664381 0.553147 0.280989 0.552327
46.200000 0.350398 0.627773 0.263891 0.291912 0.668925 0.553334 0.281081 0.555576
46.400000 0.350345 0.630479 0.264040 0.292019 0.672689 0.553418 0.281366 0.558764
46.600000 0.350553 0.633114 0.263993 0.292293 0.676518 0.553327 0.281300 0.561907
46.800000 0.350499 0.635605 0.264109 0.292420 0.680321 0.553151 0.281277 0.564832
47.000000 0.350682 0.638081 0.264179 0.292496 0.684130 0.553287 0.281378 0.568046
47.200000 0.350798 0.640424 0.264096 0.292546 0.687756 0.553423 0.281476 0.570912
47.400000 0.350794 0.642874 0.264002 0.292569 0.691516 0.553383 0.281566 0.573855
47.600000 0.350851 0.645178 0.264230 0.292951 0.694927 0.553366 0.281820 0.576638
47.800000 0.350898 0.647497 0.264179 0.292945 0.698621 0.553648 0.281703 0.579615
48.000000 0.350862 0.649545 0.264144 0.292996 0.701993 0.553585 0.281786 0.582548
48.200000 0.350887 0.651696 0.264261 0.292980 0.705315 0.553457 0.281872 0.585187
48.400000 0.350989 0.653658 0.264233 0.293129 0.708808 0.553542 0.281947 0.587931
48.600000 0.351023 0.655636 0.264269 0.293359 0.711975 0.553675 0.281899 0.590779
48.800000 0.351045 0.657472 0.264275 0.293518 0.715474 0.553803 0.282071 0.593528
49.000000 0.351065 0.659112 0.264279 0.293499 0.718526 0.553579 0.282064 0.595886
49.200000 0.351217 0.660948 0.264372 0.293608 0.721614 0.553728 0.282220 0.598614
49.400000 0.351223 0.662484 0.264284 0.293696 0.724742 0.553741 0.282286 0.601261
49.600000 0.351297 0.664337 0.264364 0.293874 0.727832 0.553808 0.282315 0.603722
49.800000 0.351318 0.665895 0.264369 0.294016 0.730856 0.553753 0.282414 0.606141
50.000000 0.351332 0.667379 0.264379 0.294129 0.733770 0.553852 0.282514 0.608631
50.200000 0.351383 0.668942 0.264308 0.294327 0.736634 0.554038 0.282441 0.611073
50.400000 0.351501 0.670506 0.264506 0.294281 0.739551 0.553932 0.282595 0.613753
50.600000 0.351481 0.672224 0.264517 0.294404 0.743203 0.553778 0.282599 0.616750
50.800000 0.351490 0.673637 0.264532 0.294617 0.745950 0.553880 0.282766 0.618762
51.000000 0.351523 0.674844 0.264519 0.294734 0.748493 0.553864 0.282875 0.621269
51.200000 0.351459 0.676102 0.264519 0.294799 0.750938 0.553908 0.282944 0.623322
51.400000 0.351589 0.677394 0.264582 0.294730 0.753582 0.553939 0.282862 0.625491
51.600000 0.351639 0.678443 0.264437 0.294647 0.756036 0.554030 0.282970 0.627558
51.800000 0.351654 0.679458 0.264540 0.294850 0.758499 0.553907 0.283117 0.629842
52.000000 0.351534 0.680788 0.264502 0.294845 0.760703 0.554183 0.283160 0.631744
52.200000 0.351592 0.681537 0.264524 0.295078 0.763279 0.554192 0.283186 0.633774
52.400000 0.351757 0.682560 0.264500 0.295174 0.765470 0.554104 0.283331 0.635890
52.600000 0.351773 0.683681 0.264673 0.295252 0.767759 0.554155 0.283384 0.637751
52.800000 0.351980 0.684530 0.264289 0.295218 0.769944 0.554172 0.283507 0.639654
53.000000 0.351610 0.685353 0.264636 0.295520 0.772201 0.554233 0.283444 0.641611
53.200000 0.351888 0.686326 0.264595 0.295420 0.774143 0.554257 0.283567 0.643428
53.400000 0.352006 0.687108 0.264673 0.295655 0.776149 0.554116 0.283626 0.645236
53.600000 0.351981 0.688140 0.264588 0.295834 0.778260 0.554225 0.283534 0.647029
53.800000 0.352034 0.688773 0.264803 0.295736 0.780157 0.554245 0.283772 0.648590
54.000000 0.352149 0.689493 0.264747 0.295741 0.782014 0.554205 0.283959 0.650407
54.200000 0.352138 0.690048 0.264885 0.295810 0.783874 0.554241 0.283827 0.651957
54.400000 0.352131 0.690898 0.264666 0.296015 0.785728 0.554421 0.283867 0.653568
54.600000 0.352160 0.691557 0.264836 0.296038 0.787576 0.554492 0.284198 0.655321
54.800000 0.352115 0.692213 0.264832 0.296171 0.789331 0.554478 0.284173 0.656680
55.000000 0.352050 0.692851 0.264838 0.295948 0.791130 0.554476 0.284191 0.658140
55.200000 0.352290 0.693337 0.264844 0.296252 0.792559 0.554460 0.284238 0.659817
55.400000 0.352238 0.693958 0.264822 0.296301 0.794180 0.554631 0.284319 0.661241
55.600000 0.352240 0.694709 0.264800 0.296595 0.795790 0.554392 0.284317 0.662646
55.800000 0.352221 0.695340 0.264840 0.296530 0.797372 0.554601 0.284436 0.625085
56.000000 0.352190 0.695763 0.264831 0.296566 0.798838 0.554258 0.284540 0.665549
56.200000 0.352467 0.696188 0.264935 0.296482 0.800426 0.554540 0.284492 0.666601
56.400000 0.352225 0.696817 0.264990 0.296736 0.801716 0.554660 0.284622 0.667973
56.600000 0.352034 0.697322 0.264896 0.296810 0.803095 0.554625 0.284864 0.669100
56.800000 0.352367 0.697513 0.265045 0.296720 0.805053 0.554571 0.284763 0.670650
57.000000 0.352463 0.698252 0.264753 0.296816 0.806174 0.554527 0.284810 0.671956
57.200000 0.352430 0.698692 0.264978 0.297031 0.807600 0.554663 0.284740 0.673118
57.400000 0.352407 0.698899 0.264900 0.297079 0.808858 0.554517 0.285014 0.674396
57.600000 0.352215 0.699381 0.264904 0.296959 0.810029 0.554789 0.284845 0.674995
57.800000 0.352380 0.699636 0.264822 0.296955 0.811482 0.554566 0.285008 0.676427
58.000000 0.352090 0.700115 0.264846 0.297056 0.812862 0.554447 0.284885 0.677691
58.200000 0.352343 0.700570 0.265040 0.297098 0.814049 0.554790 0.285216 0.679216
58.400000 0.352448 0.701009 0.265137 0.297406 0.815316 0.554882 0.285277 0.680347
58.600000 0.352466 0.701592 0.265154 0.297255 0.816575 0.554907 0.285364 0.681319
58.800000 0.352436 0.701900 0.265067 0.297675 0.817633 0.554939 0.285375 0.682237
59.000000 0.352308 0.702190 0.265189 0.297617 0.818687 0.554902 0.285360 0.683201
59.200000 0.352445 0.702242 0.265080 0.297687 0.819806 0.554947 0.285456 0.684216
59.400000 0.352621 0.702816 0.265121 0.297675 0.820826 0.554833 0.285443 0.685222
59.600000 0.352505 0.702841 0.265080 0.297577 0.821794 0.554928 0.285736 0.686119
59.800000 0.352530 0.703154 0.265133 0.297761 0.822652 0.555037 0.285792 0.686990
60.000000 0.352566 0.703673 0.265157 0.297722 0.823882 0.555059 0.285813 0.687981
60.200000 0.352559 0.703870 0.265136 0.297906 0.824660 0.555100 0.285898 0.688695
60.400000 0.352618 0.704155 0.265142 0.297917 0.825535 0.555140 0.285933 0.689683
60.600000 0.352605 0.704368 0.265138 0.298078 0.826496 0.555222 0.286017 0.690330
60.800000 0.352466 0.704572 0.265173 0.298067 0.827418 0.555027 0.286076 0.691099
61.000000 0.352616 0.704747 0.265158 0.298123 0.828384 0.555184 0.286078 0.691975
61.200000 0.352612 0.704852 0.265122 0.298037 0.829037 0.555139 0.286131 0.692844
61.400000 0.352643 0.705398 0.265242 0.298158 0.830022 0.555239 0.286291 0.693783
61.600000 0.352671 0.705423 0.265097 0.298303 0.830799 0.555359 0.286290 0.694206
61.800000 0.352711 0.705584 0.265065 0.298381 0.831628 0.555204 0.286358 0.695151
62.000000 0.352517 0.705770 0.265185 0.298358 0.832381 0.555179 0.286280 0.695785
62.200000 0.352707 0.705987 0.265102 0.298160 0.832858 0.555188 0.286385 0.696132
62.400000 0.352645 0.706264 0.265191 0.298608 0.833879 0.555334 0.286446 0.697031
62.600000 0.352728 0.706424 0.265066 0.298753 0.834552 0.555356 0.286663 0.697635
62.800000 0.352683 0.706498 0.265208 0.298664 0.835431 0.555381 0.286762 0.698639
63.000000 0.352734 0.706691 0.265332 0.298628 0.836251 0.555292 0.286780 0.699307
63.200000 0.352761 0.706976 0.265327 0.298518 0.837067 0.555505 0.286693 0.699829
63.400000 0.352709 0.707169 0.265201 0.298877 0.837548 0.555397 0.286886 0.700502
63.600000 0.352549 0.707138 0.265138 0.298892 0.838446 0.555411 0.287016 0.701127
63.800000 0.352748 0.707344 0.265215 0.298939 0.838804 0.555542 0.287159 0.701628
64.000000 0.352754 0.707646 0.265319 0.298970 0.839431 0.555396 0.287088 0.702071
64.200000 0.352675 0.707846 0.265407 0.299001 0.839889 0.555508 0.287143 0.702904
64.400000 0.352900 0.707789 0.265278 0.299203 0.840909 0.555500 0.287259 0.703271
64.600000 0.352654 0.707903 0.265356 0.299204 0.841303 0.555711 0.287336 0.704003
64.800000 0.352697 0.708157 0.265308 0.299078 0.842043 0.555701 0.287243 0.704493
65.000000 0.352671 0.708278 0.265393 0.299323 0.842579 0.555576 0.287427 0.705218
65.200000 0.352824 0.708264 0.265368 0.299366 0.843191 0.555693 0.287332 0.705380
65.400000 0.352864 0.708344 0.265483 0.299443 0.843569 0.555741 0.287499 0.706017
65.600000 0.352923 0.708582 0.265475 0.299289 0.844036 0.555589 0.287564 0.706404
65.800000 0.352892 0.708730 0.265501 0.299461 0.844593 0.555648 0.287700 0.707041
66.000000 0.352786 0.708920 0.265428 0.299562 0.845137 0.555676 0.287669 0.707365
66.200000 0.352882 0.708791 0.265480 0.299591 0.845760 0.555673 0.287746 0.707786
66.400000 0.352842 0.708958 0.265422 0.299627 0.846154 0.555915 0.287831 0.708250
66.600000 0.352891 0.708988 0.265373 0.299675 0.846689 0.555682 0.287830 0.708652
66.800000 0.352873 0.709221 0.265437 0.299647 0.847015 0.555834 0.288060 0.708928
67.000000 0.352924 0.709295 0.265422 0.299790 0.847553 0.555855 0.287977 0.709443
67.200000 0.352791 0.709359 0.265622 0.299749 0.848094 0.555778 0.288001 0.709878
67.400000 0.352921 0.709483 0.265587 0.299934 0.848420 0.555997 0.288137 0.710247
67.600000 0.352818 0.709666 0.265587 0.299964 0.848899 0.555970 0.288146 0.710722
67.800000 0.352813 0.709426 0.265355 0.300003 0.849511 0.555998 0.288326 0.710962
68.000000 0.352970 0.709593 0.265583 0.300116 0.849900 0.555893 0.288172 0.711507
68.200000 0.352910 0.709727 0.265545 0.300003 0.850321 0.555913 0.288323 0.711948
68.400000 0.352991 0.709732 0.265411 0.300044 0.850635 0.555777 0.288237 0.712227
68.600000 0.353087 0.709915 0.265543 0.300235 0.850830 0.555896 0.288414 0.712513
68.800000 0.352808 0.709938 0.265653 0.300143 0.851396 0.555934 0.288454 0.712931
69.000000 0.352951 0.710078 0.265585 0.300275 0.851907 0.556117 0.288462 0.713397
69.200000 0.352961 0.710055 0.265648 0.300287 0.852265 0.556101 0.288649 0.713649
69.400000 0.352820 0.710241 0.265506 0.300197 0.852705 0.556068 0.288585 0.713877
69.600000 0.352982 0.710406 0.265549 0.300378 0.853034 0.556035 0.288737 0.714520
69.800000 0.352982 0.710403 0.265594 0.300447 0.853358 0.556158 0.288709 0.714422
70.000000 0.352998 0.710303 0.265707 0.300548 0.853865 0.556161 0.288854 0.714949
70.200000 0.352917 0.710453 0.265651 0.300544 0.854084 0.556268 0.288964 0.715283
70.400000 0.353071 0.710531 0.265746 0.300475 0.854623 0.556094 0.288901 0.715528
70.600000 0.352996 0.710745 0.265614 0.300604 0.854852 0.556319 0.289034 0.715928
70.800000 0.353079 0.710450 0.265358 0.300822 0.855182 0.556311 0.289076 0.716217
71.000000 0.352951 0.710903 0.265707 0.300706 0.855446 0.556248 0.289088 0.716485
71.200000 0.353034 0.710474 0.265563 0.300646 0.855988 0.556197 0.289241 0.716783
71.400000 0.353130 0.710734 0.265783 0.300461 0.856165 0.556229 0.289241 0.717025
71.600000 0.353009 0.710651 0.265522 0.300925 0.856580 0.556390 0.289448 0.717201
71.800000 0.353182 0.710831 0.265819 0.300757 0.856845 0.556454 0.289356 0.717532
72.000000 0.352975 0.710808 0.265601 0.300907 0.856984 0.556021 0.289360 0.717654
72.200000 0.353210 0.710853 0.265719 0.300966 0.857374 0.556272 0.289515 0.717955
72.400000 0.353317 0.710977 0.265808 0.300989 0.857830 0.556452 0.289463 0.718387
72.600000 0.353108 0.711041 0.265905 0.301208 0.857794 0.556563 0.289391 0.718551
72.800000 0.353233 0.711176 0.265638 0.301074 0.858306 0.556624 0.289636 0.718738
73.000000 0.353226 0.711150 0.265778 0.301315 0.858461 0.556365 0.289738 0.719063
73.200000 0.353188 0.711173 0.265708 0.301351 0.858757 0.556547 0.289637 0.719154
73.400000 0.353230 0.711169 0.265656 0.301235 0.859044 0.556542 0.289874 0.719352
73.600000 0.353046 0.711315 0.265820 0.301251 0.859401 0.556535 0.289905 0.719755
73.800000 0.353226 0.711301 0.265867 0.301212 0.859533 0.556623 0.289972 0.719823
74.000000 0.353110 0.711323 0.265878 0.301360 0.859924 0.556651 0.289928 0.720121
74.200000 0.353302 0.711187 0.265716 0.301243 0.860251 0.556780 0.289955 0.720381
74.400000 0.353305 0.711421 0.265724 0.301358 0.860403 0.556711 0.289984 0.720537
74.600000 0.353275 0.711398 0.265840 0.301647 0.860648 0.556774 0.290152 0.720874
74.800000 0.353364 0.711598 0.265857 0.301535 0.860889 0.556845 0.290253 0.721034
75.000000 0.353155 0.711596 0.265860 0.301503 0.861181 0.556762 0.290225 0.721314
75.200000 0.353104 0.711454 0.265751 0.301529 0.861106 0.556676 0.290087 0.721138
75.400000 0.353268 0.711646 0.265894 0.301601 0.861638 0.556678 0.290440 0.721605
75.600000 0.353215 0.711445 0.265933 0.301804 0.861804 0.556942 0.290445 0.721927
75.800000 0.353388 0.711925 0.266072 0.301698 0.862166 0.556834 0.290520 0.722116
76.000000 0.353356 0.711708 0.266051 0.301882 0.862157 0.556691 0.290503 0.722147
76.200000 0.353176 0.711771 0.265949 0.301557 0.862286 0.556870 0.290574 0.722320
76.400000 0.353365 0.711925 0.265927 0.301873 0.862646 0.556984 0.290638 0.722637
76.600000 0.353252 0.711967 0.265852 0.301849 0.862993 0.556805 0.290738 0.722851
76.800000 0.353241 0.711899 0.265996 0.301868 0.862744 0.557005 0.290752 0.722993
77.000000 0.353242 0.711749 0.265924 0.301945 0.863412 0.557032 0.290777 0.723099
77.200000 0.353283 0.711929 0.265997 0.302110 0.863376 0.557013 0.290833 0.723170
77.400000 0.353218 0.711972 0.266018 0.302091 0.863426 0.556942 0.290836 0.723291
77.600000 0.353255 0.711958 0.266011 0.302236 0.864064 0.557035 0.291051 0.723604
77.800000 0.353255 0.712033 0.266103 0.302187 0.863962 0.557028 0.291026 0.723581
78.000000 0.353415 0.711961 0.266086 0.302401 0.864281 0.557081 0.291068 0.723881
78.200000 0.353417 0.712038 0.266095 0.302427 0.864455 0.557249 0.291020 0.724089
78.400000 0.353449 0.712127 0.266137 0.302260 0.864381 0.557005 0.291093 0.724002
78.600000 0.353508 0.712031 0.265986 0.302256 0.864843 0.557231 0.290834 0.724397
78.800000 0.353428 0.712202 0.266135 0.302390 0.864880 0.557203 0.291238 0.724492
79.000000 0.353500 0.712082 0.266063 0.302443 0.865145 0.557149 0.291417 0.724632
79.200000 0.353648 0.712246 0.266032 0.302354 0.865283 0.557197 0.291393 0.724771
79.400000 0.353504 0.712133 0.266102 0.302461 0.865418 0.557223 0.291529 0.724888
79.600000 0.353296 0.712142 0.266004 0.302454 0.865632 0.557112 0.291427 0.724798
79.800000 0.353419 0.712364 0.266196 0.302528 0.865664 0.557129 0.291524 0.725102
80.000000 0.353554 0.712223 0.266258 0.302450 0.865869 0.557360 0.291552 0.725339
80.200000 0.353400 0.712131 0.266262 0.302661 0.866138 0.557104 0.291543 0.725460
80.400000 0.353574 0.712239 0.266205 0.302587 0.866101 0.557395 0.291483 0.725535
80.600000 0.353608 0.712332 0.266181 0.302671 0.866402 0.557337 0.291722 0.725568
80.800000 0.353632 0.712307 0.266125 0.302747 0.866397 0.557306 0.291681 0.725827
81.000000 0.353599 0.712284 0.266177 0.302818 0.866711 0.557555 0.291804 0.725929
81.200000 0.353596 0.712383 0.266131 0.302777 0.866935 0.557264 0.291678 0.726044
81.400000 0.353558 0.712284 0.266240 0.303006 0.867154 0.557414 0.292009 0.726077
81.600000 0.353575 0.712363 0.265924 0.302887 0.867120 0.557501 0.291761 0.726318
81.800000 0.353410 0.712325 0.266138 0.302832 0.867168 0.557445 0.292039 0.726242
82.000000 0.353835 0.712548 0.266114 0.302963 0.867347 0.557430 0.292036 0.726376
82.200000 0.353630 0.712517 0.266155 0.302954 0.867410 0.557478 0.291995 0.726459
82.400000 0.353599 0.712556 0.266288 0.303162 0.867760 0.557487 0.292191 0.726653
82.600000 0.353656 0.712567 0.266292 0.303052 0.867738 0.557213 0.292317 0.726743
82.800000 0.353758 0.712504 0.266205 0.303081 0.867871 0.557527 0.292156 0.726925
83.000000 0.353562 0.712453 0.266417 0.303149 0.867949 0.557655 0.292130 0.726816
83.200000 0.353641 0.712540 0.266317 0.303161 0.868114 0.557624 0.292348 0.726932
83.400000 0.353683 0.712570 0.266305 0.303061 0.868163 0.557708 0.292252 0.727170
83.600000 0.353438 0.712692 0.265697 0.303255 0.868200 0.557634 0.292506 0.727178
83.800000 0.353690 0.712547 0.266271 0.303313 0.868485 0.557675 0.292427 0.727279
84.000000 0.353691 0.712737 0.266363 0.303272 0.868822 0.557574 0.292471 0.727446
84.200000 0.353562 0.712660 0.266302 0.303234 0.868781 0.557662 0.292643 0.727397
84.400000 0.353690 0.712731 0.266328 0.303448 0.868707 0.557652 0.292534 0.727622
84.600000 0.353679 0.712852 0.266328 0.303375 0.868898 0.557561 0.292581 0.727553
84.800000 0.353550 0.712605 0.266370 0.303423 0.869008 0.557710 0.292615 0.727843
85.000000 0.353560 0.712596 0.266317 0.303450 0.869110 0.557783 0.292512 0.727840
85.200000 0.353583 0.712583 0.266307 0.303340 0.868979 0.557650 0.292608 0.727798
85.400000 0.353687 0.712708 0.266281 0.303620 0.869145 0.557807 0.292705 0.727951
85.600000 0.353565 0.712614 0.266150 0.303522 0.869398 0.557835 0.292698 0.728082
85.800000 0.353684 0.712709 0.266348 0.303389 0.869538 0.557788 0.292830 0.728207
86.000000 0.353404 0.712726 0.266389 0.303592 0.869593 0.557569 0.292897 0.728185
86.200000 0.353724 0.712791 0.266368 0.303631 0.869748 0.557828 0.292941 0.728183
86.400000 0.353565 0.712851 0.266318 0.303779 0.870018 0.557716 0.292907 0.728376
86.600000 0.353770 0.712862 0.266433 0.303721 0.869843 0.557971 0.292996 0.728443
86.800000 0.353737 0.712749 0.266403 0.303733 0.869915 0.557939 0.293070 0.728563
87.000000 0.353746 0.712947 0.266427 0.303742 0.870170 0.557985 0.293028 0.728489
87.200000 0.353742 0.712758 0.266429 0.303724 0.870068 0.558099 0.293160 0.728723
87.400000 0.353807 0.712826 0.266542 0.303900 0.870329 0.557953 0.293221 0.728909
87.600000 0.353798 0.712814 0.266135 0.303825 0.870236 0.557682 0.293252 0.728815
87.800000 0.353831 0.712954 0.266510 0.303807 0.870414 0.557973 0.293141 0.729013
88.000000 0.353800 0.712879 0.266491 0.303890 0.870547 0.557792 0.293270 0.728802
88.200000 0.353800 0.712799 0.266491 0.303829 0.870749 0.558081 0.293365 0.729064
88.400000 0.353949 0.712760 0.266516 0.303789 0.870694 0.558069 0.293279 0.728938
88.600000 0.353707 0.712774 0.266559 0.303883 0.870547 0.558003 0.293365 0.728824
88.800000 0.353711 0.712947 0.266286 0.304075 0.870963 0.558286 0.293282 0.729084
89.000000 0.353847 0.712818 0.266457 0.304042 0.870845 0.558129 0.293523 0.729293
89.200000 0.353871 0.712646 0.266464 0.304083 0.870999 0.558126 0.293537 0.729079
89.400000 0.353707 0.712863 0.266566 0.303856 0.871049 0.558292 0.293447 0.729320
89.600000 0.353839 0.712874 0.266514 0.304257 0.871139 0.558264 0.293639 0.729479
89.800000 0.353982 0.712878 0.266520 0.304045 0.870995 0.558099 0.293648 0.729429
90.000000 0.353851 0.712932 0.266432 0.304260 0.871424 0.558232 0.293639 0.729489
