0.200000 0.295183 0.477630 0.264106 0.288413 0.539810 0.555527 0.286207 0.463704
0.400000 0.294852 0.476649 0.264159 0.287923 0.537742 0.555161 0.286014 0.462127
0.600000 0.294792 0.476248 0.264154 0.287945 0.536685 0.555126 0.285880 0.461353
0.800000 0.294767 0.475701 0.264424 0.288070 0.535815 0.555244 0.285863 0.460411
1.000000 0.294750 0.475447 0.263997 0.287816 0.534789 0.555224 0.285708 0.459663
1.200000 0.294548 0.475154 0.264218 0.287794 0.533730 0.555254 0.285731 0.459053
1.400000 0.294498 0.474705 0.264228 0.287874 0.532596 0.555047 0.285596 0.458366
1.600000 0.294499 0.474138 0.264216 0.287664 0.531646 0.555084 0.285360 0.457398
1.800000 0.294606 0.473934 0.264190 0.287860 0.530761 0.554970 0.285620 0.456697
2.000000 0.294566 0.473610 0.264022 0.287747 0.529872 0.555073 0.285460 0.456215
2.200000 0.294343 0.473086 0.264077 0.287607 0.528750 0.555000 0.285417 0.455321
2.400000 0.294489 0.472809 0.264176 0.287555 0.527791 0.555019 0.285490 0.454481
2.600000 0.294362 0.472139 0.264143 0.287318 0.526720 0.554896 0.285301 0.453774
2.800000 0.294359 0.471894 0.264090 0.287380 0.525711 0.554826 0.285198 0.453170
3.000000 0.294340 0.471457 0.263940 0.287370 0.524818 0.554852 0.285127 0.452290
3.200000 0.294346 0.471105 0.263988 0.287358 0.523824 0.554676 0.285100 0.451590
3.400000 0.294048 0.470828 0.263937 0.287219 0.522641 0.554699 0.284989 0.450833
3.600000 0.294262 0.470333 0.264045 0.287269 0.521842 0.554678 0.284604 0.449988
3.800000 0.294216 0.470095 0.264074 0.287033 0.520971 0.554783 0.285020 0.449272
4.000000 0.294123 0.469561 0.263547 0.287120 0.520060 0.554619 0.284798 0.448819
4.200000 0.294116 0.469239 0.264044 0.287057 0.519178 0.554708 0.284638 0.447993
4.400000 0.294014 0.469033 0.263996 0.286877 0.518097 0.554534 0.284606 0.447090
4.600000 0.293947 0.468662 0.263875 0.287132 0.517174 0.554611 0.284646 0.446434
4.800000 0.293935 0.468320 0.264048 0.286946 0.516282 0.554646 0.284531 0.445799
5.000000 0.293999 0.467916 0.263802 0.286796 0.515425 0.554546 0.284533 0.445187
5.200000 0.293931 0.467493 0.264092 0.286735 0.514493 0.554429 0.284382 0.444415
5.400000 0.293956 0.467078 0.263972 0.286852 0.513476 0.554408 0.284414 0.443745
5.600000 0.293900 0.466880 0.264095 0.286628 0.512559 0.554375 0.284385 0.443153
5.800000 0.293850 0.466582 0.263974 0.286537 0.511870 0.554367 0.284132 0.442544
6.000000 0.293822 0.466216 0.263837 0.286372 0.510868 0.554344 0.284158 0.441871
6.200000 0.293812 0.465904 0.263912 0.286482 0.510038 0.554206 0.284030 0.441159
6.400000 0.293595 0.465427 0.263857 0.286321 0.509242 0.554317 0.283985 0.440393
6.600000 0.293706 0.464981 0.263907 0.286372 0.508028 0.554058 0.284039 0.439787
6.800000 0.293668 0.464897 0.263849 0.286379 0.507172 0.554223 0.283721 0.439016
7.000000 0.293617 0.464349 0.263845 0.286279 0.506292 0.554156 0.283882 0.438469
7.200000 0.293519 0.464031 0.263884 0.285978 0.505420 0.554113 0.283690 0.437703
7.400000 0.293459 0.463716 0.263967 0.286102 0.504489 0.554143 0.283965 0.437145
7.600000 0.293428 0.463524 0.263683 0.286064 0.503747 0.553998 0.283694 0.436408
7.800000 0.293554 0.463241 0.263721 0.286042 0.502853 0.554017 0.283567 0.435858
8.000000 0.293560 0.462821 0.263798 0.285962 0.502074 0.553902 0.283580 0.435197
8.200000 0.293466 0.462561 0.263674 0.285841 0.501270 0.553937 0.283551 0.434682
8.400000 0.293381 0.462276 0.263754 0.285852 0.500388 0.553932 0.283363 0.433843
8.600000 0.293400 0.461977 0.263673 0.285645 0.499711 0.553944 0.283363 0.433445
8.800000 0.293381 0.461658 0.263629 0.285748 0.498949 0.553847 0.283233 0.432850
9.000000 0.293269 0.461413 0.263724 0.285751 0.498195 0.553774 0.283253 0.432414
9.200000 0.293136 0.461069 0.263721 0.285731 0.497326 0.553839 0.283327 0.431739
9.400000 0.293130 0.460804 0.263823 0.285614 0.496388 0.553666 0.283020 0.431185
9.600000 0.293263 0.460322 0.263593 0.285633 0.495635 0.553719 0.283198 0.430601
9.800000 0.293190 0.459813 0.263817 0.285389 0.494992 0.553675 0.283049 0.429928
10.000000 0.293137 0.460047 0.263660 0.285278 0.494082 0.553693 0.283022 0.429429
10.200000 0.293161 0.459552 0.263564 0.285606 0.493442 0.553523 0.282981 0.428782
10.400000 0.292981 0.459321 0.263601 0.285366 0.492855 0.553516 0.282934 0.428223
10.600000 0.292983 0.458872 0.263814 0.285393 0.491947 0.553483 0.282865 0.427648
10.800000 0.292981 0.458714 0.263671 0.285244 0.491031 0.553533 0.282838 0.426973
11.000000 0.292828 0.458407 0.263469 0.285087 0.490357 0.553402 0.282692 0.426504
11.200000 0.293030 0.458145 0.263391 0.285061 0.489704 0.553287 0.282669 0.426021
11.400000 0.292964 0.457766 0.263515 0.285172 0.488966 0.553287 0.282596 0.425339
11.600000 0.292910 0.457680 0.263585 0.284920 0.488156 0.553312 0.282725 0.424901
11.800000 0.292959 0.457352 0.263541 0.284982 0.487529 0.553299 0.282511 0.424412
12.000000 0.292946 0.457226 0.263433 0.284917 0.486848 0.553393 0.282430 0.423842
12.200000 0.292881 0.456820 0.263554 0.284933 0.486092 0.553143 0.282311 0.423345
12.400000 0.292677 0.456419 0.263708 0.284877 0.485518 0.553208 0.282434 0.422776
12.600000 0.292807 0.456263 0.263655 0.284800 0.484567 0.553266 0.282256 0.422084
12.800000 0.292767 0.455989 0.263646 0.284780 0.484008 0.553210 0.282162 0.421429
13.000000 0.292755 0.455683 0.263657 0.284646 0.483183 0.553189 0.282219 0.421271
13.200000 0.292720 0.455542 0.263400 0.284708 0.482594 0.553019 0.281881 0.420714
13.400000 0.292673 0.455130 0.263376 0.284622 0.481957 0.553267 0.282092 0.420221
13.600000 0.292518 0.455036 0.263384 0.284539 0.481296 0.552874 0.282071 0.419698
13.800000 0.292658 0.454791 0.263408 0.284509 0.480684 0.553040 0.281946 0.419217
14.000000 0.292659 0.454617 0.263658 0.284447 0.479954 0.552899 0.281892 0.418774
14.200000 0.292655 0.454263 0.263559 0.284482 0.479441 0.552968 0.281972 0.418168
14.400000 0.292447 0.453974 0.263194 0.284568 0.478687 0.552977 0.281823 0.417715
14.600000 0.292555 0.453810 0.263425 0.284282 0.478134 0.552957 0.281735 0.417342
14.800000 0.292373 0.453538 0.263445 0.284286 0.477580 0.552688 0.281736 0.417022
15.000000 0.292488 0.453432 0.263402 0.284156 0.476945 0.552704 0.281590 0.416483
15.200000 0.292473 0.453175 0.263363 0.284405 0.476388 0.552757 0.281585 0.415965
15.400000 0.292468 0.452955 0.263389 0.284221 0.475777 0.552525 0.281603 0.415440
15.600000 0.292413 0.452803 0.263458 0.284178 0.475133 0.552754 0.281418 0.415094
15.800000 0.292404 0.452546 0.263380 0.284116 0.474538 0.552696 0.281456 0.414630
16.000000 0.292342 0.452313 0.263415 0.284095 0.474019 0.552709 0.281385 0.414135
16.200000 0.292379 0.451970 0.263397 0.284052 0.473411 0.552477 0.281119 0.413670
16.400000 0.292301 0.451905 0.263310 0.283998 0.472871 0.552533 0.281220 0.413359
16.600000 0.292339 0.451792 0.263261 0.283979 0.472169 0.552530 0.281305 0.412875
16.800000 0.292252 0.451421 0.263258 0.283892 0.471585 0.552526 0.281085 0.412301
17.000000 0.292251 0.451105 0.263248 0.283732 0.470907 0.552223 0.281196 0.412116
17.200000 0.292231 0.451041 0.263286 0.283878 0.470460 0.552227 0.281103 0.411385
17.400000 0.292336 0.450814 0.263272 0.283704 0.469892 0.552291 0.281197 0.410956
17.600000 0.292189 0.450702 0.263359 0.283784 0.469310 0.552226 0.280971 0.410609
17.800000 0.291976 0.450277 0.263259 0.283569 0.468592 0.552116 0.280897 0.410099
18.000000 0.292144 0.450194 0.263363 0.283772 0.468159 0.552242 0.280916 0.409860
18.200000 0.292074 0.449973 0.263361 0.283656 0.467646 0.552305 0.280877 0.409432
18.400000 0.292099 0.449686 0.263246 0.283636 0.466999 0.552162 0.280820 0.408941
18.600000 0.292145 0.449575 0.263296 0.283612 0.466572 0.552347 0.280798 0.408776
18.800000 0.292046 0.449330 0.262955 0.283395 0.466129 0.552259 0.280808 0.408257
19.000000 0.292020 0.449043 0.263318 0.283445 0.465263 0.551933 0.280761 0.407751
19.200000 0.291990 0.448989 0.263117 0.283269 0.464690 0.552191 0.280538 0.407381
19.400000 0.291984 0.448520 0.263358 0.283223 0.464295 0.551989 0.280697 0.406899
19.600000 0.291759 0.448484 0.263265 0.283349 0.463610 0.552095 0.280572 0.406556
19.800000 0.291616 0.448169 0.263262 0.283269 0.463193 0.551942 0.280506 0.406123
20.000000 0.291771 0.448016 0.263169 0.283262 0.462658 0.552049 0.280339 0.405643
20.200000 0.291891 0.447944 0.263082 0.283114 0.462111 0.551923 0.280304 0.405377
20.400000 0.291751 0.447779 0.263202 0.283226 0.461709 0.552034 0.280352 0.404778
20.600000 0.291829 0.447513 0.263127 0.283136 0.460982 0.551927 0.280178 0.404581
20.800000 0.291829 0.447345 0.263171 0.283040 0.460659 0.551812 0.280241 0.404192
21.000000 0.291822 0.447177 0.263187 0.283061 0.460070 0.551966 0.280153 0.403844
21.200000 0.291678 0.446777 0.263138 0.282934 0.459475 0.551663 0.280073 0.403392
21.400000 0.291611 0.446695 0.263070 0.283027 0.459041 0.551821 0.280110 0.403072
21.600000 0.291728 0.446592 0.263204 0.282747 0.458626 0.551815 0.280132 0.402637
21.800000 0.291659 0.446367 0.262967 0.282763 0.457975 0.551320 0.279796 0.402091
22.000000 0.291677 0.446249 0.262975 0.282894 0.457511 0.551683 0.279865 0.401989
22.200000 0.291649 0.445734 0.262920 0.282820 0.456859 0.551673 0.279864 0.401554
22.400000 0.291653 0.445815 0.263186 0.282799 0.456557 0.551612 0.279894 0.400680
22.600000 0.291380 0.445415 0.262772 0.282615 0.455694 0.551348 0.279660 0.400592
22.800000 0.291330 0.444946 0.262931 0.282475 0.455094 0.551174 0.279426 0.400047
23.000000 0.291197 0.445226 0.262895 0.282722 0.454814 0.551355 0.279548 0.399835
23.200000 0.291529 0.445203 0.262936 0.282645 0.454292 0.551494 0.279688 0.399361
23.400000 0.291510 0.444821 0.263065 0.282500 0.453830 0.551542 0.279669 0.399096
23.600000 0.291584 0.444761 0.262952 0.282570 0.453227 0.551469 0.279270 0.398771
23.800000 0.291494 0.444344 0.262981 0.282529 0.452851 0.551401 0.279658 0.398468
24.000000 0.291317 0.444307 0.262857 0.282562 0.452436 0.551376 0.279507 0.398220
24.200000 0.291340 0.444183 0.262993 0.282491 0.451838 0.551191 0.279469 0.397739
24.400000 0.291394 0.443761 0.262990 0.282291 0.451503 0.551190 0.279250 0.397415
24.600000 0.291362 0.443605 0.262809 0.282338 0.450992 0.551163 0.279337 0.396988
24.800000 0.291355 0.443514 0.263035 0.282290 0.450580 0.551233 0.279256 0.396681
25.000000 0.291415 0.443476 0.262788 0.282256 0.450072 0.551193 0.279182 0.396222
25.200000 0.291373 0.443241 0.262944 0.282222 0.449455 0.551277 0.279109 0.395811
25.400000 0.291306 0.443104 0.263035 0.282226 0.448774 0.550946 0.278849 0.395515
25.600000 0.291323 0.442744 0.262969 0.282216 0.448573 0.551027 0.279165 0.395154
25.800000 0.291281 0.442709 0.262982 0.282170 0.448090 0.551106 0.278946 0.394847
26.000000 0.291230 0.442504 0.263032 0.281985 0.447564 0.550879 0.278949 0.394340
26.200000 0.291231 0.442333 0.262941 0.282031 0.447202 0.551145 0.279006 0.394257
26.400000 0.291216 0.442058 0.262954 0.282036 0.446770 0.550981 0.279043 0.393795
26.600000 0.291120 0.441847 0.262758 0.281905 0.446196 0.550957 0.278797 0.393454
26.800000 0.291116 0.441697 0.262822 0.281886 0.445787 0.550993 0.278845 0.393325
27.000000 0.290990 0.441601 0.262789 0.281834 0.445477 0.550973 0.278795 0.392799
27.200000 0.291160 0.441577 0.262895 0.281935 0.445033 0.550898 0.278805 0.392550
27.400000 0.291286 0.441397 0.262846 0.281978 0.444529 0.550616 0.278751 0.392208
27.600000 0.291101 0.441253 0.262856 0.281909 0.444035 0.550690 0.278714 0.391904
27.800000 0.290688 0.440948 0.263044 0.281798 0.443808 0.550701 0.278689 0.391402
28.000000 0.291076 0.440823 0.262457 0.281575 0.443179 0.550593 0.278486 0.391212
28.200000 0.291120 0.440680 0.262849 0.281609 0.442857 0.550562 0.278584 0.390908
28.400000 0.290846 0.440446 0.262682 0.281676 0.442547 0.550664 0.278321 0.390594
28.600000 0.290865 0.440512 0.262808 0.281534 0.441979 0.550665 0.278614 0.390310
28.800000 0.290851 0.440223 0.262802 0.281554 0.441466 0.550656 0.278452 0.389869
29.000000 0.290942 0.440192 0.262836 0.281656 0.441194 0.550612 0.278015 0.389685
29.200000 0.290909 0.439850 0.262842 0.281667 0.440773 0.550479 0.278231 0.389283
29.400000 0.290791 0.439736 0.262837 0.281640 0.440328 0.550519 0.278361 0.389094
29.600000 0.290964 0.439483 0.262827 0.281419 0.440000 0.550457 0.278280 0.388782
29.800000 0.290934 0.439485 0.262769 0.281470 0.439514 0.550493 0.278254 0.388631
30.000000 0.290897 0.439342 0.262850 0.281506 0.439148 0.550296 0.278029 0.388278
30.200000 0.290905 0.439187 0.262556 0.281399 0.438793 0.550497 0.278125 0.387732
30.400000 0.290695 0.439070 0.262659 0.281342 0.438343 0.550373 0.278119 0.387443
30.600000 0.290926 0.438893 0.262708 0.281501 0.437908 0.550273 0.278108 0.387281
30.800000 0.291249 0.438755 0.262747 0.281317 0.437548 0.550355 0.278016 0.386825
31.000000 0.291844 0.438511 0.262694 0.281179 0.437128 0.550202 0.277926 0.386606
31.200000 0.292843 0.438445 0.262613 0.281271 0.436592 0.550139 0.277982 0.386265
31.400000 0.294329 0.438340 0.262651 0.281119 0.436283 0.550360 0.277967 0.385988
31.600000 0.295965 0.437996 0.262609 0.281162 0.435988 0.550179 0.277765 0.385780
31.800000 0.298013 0.438003 0.262901 0.281219 0.435748 0.550187 0.277725 0.385438
32.000000 0.300428 0.437875 0.262839 0.281141 0.435497 0.550101 0.277742 0.385379
32.200000 0.302822 0.437716 0.262765 0.281023 0.435411 0.550203 0.277779 0.385203
32.400000 0.305364 0.437559 0.262905 0.281136 0.435062 0.550208 0.277784 0.385174
32.600000 0.308307 0.437583 0.262755 0.281221 0.435459 0.550163 0.277820 0.385369
32.800000 0.310965 0.437609 0.262814 0.281264 0.435587 0.550159 0.277725 0.385464
33.000000 0.313950 0.437671 0.262964 0.281311 0.435819 0.550147 0.277802 0.385373
33.200000 0.316492 0.437637 0.262878 0.281342 0.436398 0.549933 0.277810 0.385996
33.400000 0.319035 0.437974 0.262889 0.281221 0.436796 0.550229 0.277810 0.386215
33.600000 0.321716 0.438134 0.262767 0.281428 0.437715 0.550073 0.277754 0.386880
33.800000 0.323865 0.438638 0.262904 0.281548 0.438614 0.549995 0.277795 0.387555
34.000000 0.326080 0.438972 0.262893 0.281330 0.439631 0.550124 0.277796 0.388231
34.200000 0.327963 0.439463 0.262843 0.281575 0.440822 0.550103 0.277840 0.389066
34.400000 0.329958 0.440087 0.262956 0.281928 0.442371 0.549997 0.277724 0.389984
34.600000 0.331721 0.440934 0.262990 0.281880 0.443983 0.550152 0.277858 0.390969
34.800000 0.333230 0.441862 0.262938 0.282072 0.445679 0.549964 0.277901 0.392259
35.000000 0.334538 0.442770 0.263005 0.282278 0.447609 0.550069 0.277922 0.393460
35.200000 0.335841 0.443987 0.262978 0.282440 0.449560 0.550049 0.277889 0.394827
35.400000 0.336902 0.445154 0.262946 0.282508 0.451614 0.550225 0.277952 0.396438
35.600000 0.337905 0.446713 0.263152 0.282835 0.453837 0.550142 0.277857 0.398073
35.800000 0.338832 0.448045 0.263122 0.283030 0.456135 0.549966 0.278074 0.399387
36.000000 0.339622 0.449756 0.263103 0.283124 0.458567 0.550146 0.278118 0.401257
36.200000 0.340459 0.451536 0.263190 0.283203 0.461233 0.550024 0.278056 0.403046
36.400000 0.341195 0.453634 0.263283 0.283632 0.463788 0.550159 0.278115 0.404825
36.600000 0.341870 0.455679 0.263348 0.283729 0.466677 0.550132 0.278065 0.406841
36.800000 0.342462 0.458053 0.262933 0.284074 0.469745 0.550139 0.278177 0.408856
37.000000 0.342879 0.460336 0.263163 0.284151 0.472800 0.550112 0.278267 0.411057
37.200000 0.343509 0.462766 0.263315 0.284554 0.475841 0.550296 0.278398 0.413362
37.400000 0.344182 0.465958 0.263307 0.284587 0.479648 0.550163 0.278472 0.415944
37.600000 0.344507 0.468513 0.263501 0.284775 0.482858 0.550346 0.278387 0.418302
37.800000 0.344998 0.471523 0.263433 0.284938 0.486315 0.550206 0.278425 0.420756
38.000000 0.345277 0.474554 0.263264 0.285225 0.490187 0.550309 0.278510 0.423358
38.200000 0.345510 0.477933 0.263498 0.285354 0.493866 0.550307 0.278498 0.425742
38.400000 0.346003 0.481066 0.263369 0.285763 0.497527 0.550339 0.278591 0.428425
38.600000 0.346299 0.484189 0.263582 0.285879 0.501451 0.550256 0.278640 0.431158
38.800000 0.346616 0.488031 0.263613 0.285981 0.505358 0.550335 0.278758 0.433843
39.000000 0.346567 0.491679 0.263544 0.286270 0.509192 0.550476 0.278689 0.436723
39.200000 0.347063 0.495160 0.263574 0.286514 0.513188 0.550516 0.278634 0.439553
39.400000 0.347312 0.498856 0.263798 0.286567 0.517287 0.550450 0.278843 0.442480
39.600000 0.347576 0.502711 0.263813 0.286756 0.521503 0.550297 0.278841 0.445382
39.800000 0.347707 0.506669 0.263818 0.287150 0.525540 0.550523 0.279007 0.448372
40.000000 0.347950 0.510710 0.263742 0.287309 0.529874 0.550517 0.279000 0.451422
40.200000 0.348195 0.514550 0.263814 0.287566 0.534235 0.550646 0.279126 0.454569
40.400000 0.348373 0.518789 0.263798 0.287777 0.538635 0.550487 0.279225 0.457914
40.600000 0.348467 0.523045 0.263674 0.287846 0.543191 0.550572 0.279125 0.460866
40.800000 0.348632 0.527121 0.263965 0.288072 0.547591 0.550636 0.279287 0.464286
41.000000 0.348789 0.531230 0.263917 0.288115 0.552257 0.550642 0.279262 0.467487
41.200000 0.348853 0.535348 0.263931 0.288311 0.556504 0.550460 0.279349 0.470709
41.400000 0.349038 0.539634 0.264071 0.288590 0.561287 0.550665 0.279491 0.474102
41.600000 0.349229 0.543768 0.263959 0.288763 0.565876 0.550701 0.279662 0.477492
41.800000 0.349360 0.548047 0.264007 0.288706 0.570412 0.550738 0.279659 0.480675
42.000000 0.349440 0.551997 0.263994 0.289057 0.575027 0.550584 0.279810 0.484174
42.200000 0.349566 0.556160 0.264015 0.289273 0.579591 0.550828 0.279615 0.487605
42.400000 0.349653 0.560182 0.264012 0.289308 0.584236 0.550755 0.279801 0.491006
42.600000 0.349800 0.564571 0.264158 0.289558 0.588546 0.550770 0.279784 0.494269
42.800000 0.350018 0.568307 0.264180 0.289669 0.593561 0.550845 0.279969 0.497787
43.000000 0.349956 0.571926 0.264156 0.289910 0.597723 0.550901 0.279877 0.501235
43.200000 0.349898 0.576266 0.264179 0.289988 0.602625 0.550974 0.280141 0.504654
43.400000 0.350140 0.580005 0.264209 0.290104 0.606980 0.550900 0.280176 0.507981
43.600000 0.350305 0.584005 0.264349 0.290304 0.611788 0.551041 0.280176 0.511690
43.800000 0.350350 0.588815 0.264212 0.290520 0.617507 0.550864 0.280175 0.516009
44.000000 0.350459 0.592568 0.264320 0.290648 0.622013 0.550889 0.280355 0.519361
44.200000 0.350372 0.596083 0.264410 0.290753 0.626488 0.551073 0.280363 0.522847
44.400000 0.350621 0.599588 0.264341 0.291028 0.631043 0.551255 0.280508 0.526001
44.600000 0.350615 0.602738 0.264295 0.291073 0.635347 0.551159 0.280572 0.529390
44.800000 0.350769 0.606517 0.264526 0.291175 0.639613 0.551178 0.280678 0.532833
45.000000 0.350863 0.609697 0.264606 0.291342 0.643942 0.551246 0.280847 0.536142
45.200000 0.350906 0.612852 0.264577 0.291510 0.648117 0.551384 0.280833 0.539246
45.400000 0.350864 0.616226 0.264613 0.291747 0.652296 0.551189 0.280874 0.542687
45.600000 0.351064 0.618960 0.264447 0.291874 0.656373 0.551286 0.280844 0.545920
45.800000 0.351244 0.622084 0.264615 0.291773 0.660603 0.551388 0.281019 0.549097
46.000000 0.351230 0.624853 0.264646 0.291914 0.664656 0.551060 0.280996 0.552239
46.200000 0.351232 0.627865 0.264644 0.292100 0.668492 0.551305 0.281160 0.555555
46.400000 0.351304 0.630359 0.264645 0.292327 0.672584 0.551441 0.281095 0.558567
46.600000 0.351261 0.633115 0.264684 0.292510 0.676353 0.551324 0.281268 0.561558
46.800000 0.351533 0.635944 0.264862 0.292516 0.680153 0.551344 0.281278 0.564668
47.000000 0.351470 0.638323 0.264877 0.292614 0.684054 0.551341 0.281417 0.567634
47.200000 0.351509 0.640752 0.264748 0.292651 0.687689 0.551594 0.281630 0.570810
47.400000 0.351416 0.643008 0.264883 0.292892 0.691615 0.551515 0.281582 0.573428
47.600000 0.351637 0.645454 0.264750 0.292823 0.694987 0.551676 0.281540 0.576714
47.800000 0.351708 0.647716 0.264853 0.293042 0.698581 0.551636 0.281821 0.579676
48.000000 0.351755 0.649711 0.264744 0.292970 0.701907 0.551531 0.281745 0.582139
48.200000 0.351861 0.651710 0.264888 0.293331 0.705698 0.551606 0.281896 0.585257
48.400000 0.351882 0.653879 0.264945 0.293376 0.708850 0.551619 0.281933 0.587950
48.600000 0.351942 0.655927 0.264921 0.293609 0.712553 0.551794 0.281988 0.590578
48.800000 0.352041 0.657706 0.264921 0.293641 0.715729 0.551763 0.282245 0.593427
49.000000 0.351912 0.659600 0.265030 0.293804 0.718762 0.551867 0.282124 0.595954
49.200000 0.352085 0.661317 0.264978 0.293785 0.721974 0.551908 0.282075 0.598754
49.400000 0.352145 0.663038 0.264928 0.293884 0.725230 0.551766 0.282416 0.601307
49.600000 0.352094 0.664727 0.265176 0.293913 0.728104 0.551953 0.282415 0.603765
49.800000 0.352269 0.666277 0.265112 0.294282 0.731073 0.551955 0.282311 0.606166
50.000000 0.352237 0.667921 0.264915 0.294282 0.734543 0.552140 0.282567 0.609144
50.200000 0.352358 0.670139 0.265190 0.294395 0.738455 0.552026 0.282640 0.612567
50.400000 0.352454 0.671500 0.265165 0.294499 0.741541 0.552129 0.282678 0.614888
50.600000 0.352445 0.672996 0.265344 0.294362 0.744057 0.552157 0.282792 0.617179
50.800000 0.352500 0.674156 0.265311 0.294575 0.746854 0.552067 0.282859 0.619467
51.000000 0.352514 0.675728 0.265332 0.294815 0.749483 0.552096 0.282891 0.621703
51.200000 0.352575 0.676740 0.265092 0.295072 0.752098 0.552180 0.283011 0.623962
51.400000 0.352544 0.678099 0.265191 0.294858 0.754834 0.552070 0.283049 0.626159
51.600000 0.352492 0.679296 0.265242 0.295039 0.757033 0.552192 0.283123 0.628223
51.800000 0.352695 0.680348 0.265288 0.295141 0.759495 0.552271 0.283182 0.630509
52.000000 0.352657 0.681318 0.265386 0.295247 0.761908 0.552312 0.283336 0.632505
52.200000 0.352707 0.682228 0.265325 0.295141 0.764233 0.552297 0.283205 0.634471
52.400000 0.352753 0.683432 0.265408 0.295321 0.766184 0.552282 0.283442 0.636521
52.600000 0.352792 0.684450 0.265487 0.295438 0.768823 0.552493 0.283535 0.638524
52.800000 0.352736 0.685406 0.265385 0.295461 0.771050 0.552503 0.283622 0.640318
53.000000 0.352840 0.686306 0.265509 0.295689 0.773037 0.552636 0.283788 0.642386
53.200000 0.352904 0.687184 0.265490 0.295733 0.775277 0.552561 0.283690 0.644221
53.400000 0.352874 0.687912 0.265354 0.295765 0.777174 0.552631 0.283669 0.645831
53.600000 0.352863 0.688782 0.265487 0.295967 0.779386 0.552657 0.283890 0.647736
53.800000 0.352807 0.689344 0.265535 0.295959 0.781386 0.552462 0.283834 0.649318
54.000000 0.352936 0.690181 0.265371 0.296071 0.783184 0.552651 0.283847 0.650958
54.200000 0.353036 0.691170 0.265411 0.296026 0.785156 0.552759 0.284091 0.652792
54.400000 0.353064 0.691965 0.265566 0.296310 0.786898 0.552777 0.284271 0.654443
54.600000 0.353102 0.692442 0.265552 0.296434 0.788838 0.552699 0.284190 0.655972
54.800000 0.353141 0.693064 0.265429 0.296388 0.790457 0.552746 0.284283 0.657613
55.000000 0.353230 0.693874 0.265628 0.296409 0.792219 0.552780 0.284372 0.659176
55.200000 0.353224 0.694190 0.265698 0.296592 0.793963 0.552775 0.284306 0.660662
55.400000 0.353143 0.694974 0.265511 0.296621 0.795579 0.552834 0.284511 0.662084
55.600000 0.353227 0.695465 0.265540 0.296679 0.797158 0.552922 0.284441 0.663565
55.800000 0.353246 0.696089 0.265514 0.296616 0.798658 0.552956 0.284451 0.664771
56.000000 0.353357 0.696474 0.265782 0.296847 0.800281 0.552874 0.284685 0.666127
56.200000 0.353307 0.697063 0.265786 0.297017 0.801664 0.553007 0.284956 0.667824
56.400000 0.353388 0.697764 0.265679 0.296998 0.803486 0.553101 0.284835 0.669189
56.600000 0.353264 0.698194 0.265793 0.297032 0.804938 0.553047 0.284987 0.670555
56.800000 0.353258 0.698666 0.265733 0.297151 0.806146 0.553065 0.284918 0.671759
57.000000 0.353472 0.699084 0.265935 0.297214 0.807545 0.552988 0.284976 0.673198
57.200000 0.353475 0.699521 0.265793 0.297386 0.809029 0.553224 0.285329 0.674232
57.400000 0.353525 0.699776 0.265721 0.297381 0.810521 0.553042 0.285256 0.675372
57.600000 0.353516 0.700470 0.265932 0.297411 0.811639 0.553192 0.285249 0.676634
57.800000 0.353596 0.700780 0.265895 0.297504 0.812864 0.553266 0.285355 0.677803
58.000000 0.353463 0.701125 0.265852 0.297468 0.813924 0.553230 0.285266 0.678672
58.200000 0.353393 0.701576 0.265730 0.297558 0.815137 0.553253 0.285360 0.680078
58.400000 0.353657 0.701768 0.265907 0.297799 0.816556 0.553306 0.285543 0.681024
58.600000 0.353686 0.702239 0.265891 0.297567 0.817739 0.553312 0.285641 0.681981
58.800000 0.353623 0.702456 0.265919 0.297784 0.818725 0.553408 0.285661 0.683034
59.000000 0.353627 0.702773 0.265890 0.297884 0.819830 0.553400 0.285645 0.683762
59.200000 0.353727 0.703321 0.266030 0.297866 0.821168 0.553508 0.285896 0.685228
59.400000 0.353746 0.703702 0.265757 0.297969 0.822102 0.553587 0.285930 0.686094
59.600000 0.353773 0.703765 0.266032 0.298138 0.823189 0.553479 0.286008 0.686959
59.800000 0.353732 0.704067 0.265818 0.298249 0.824149 0.553539 0.286192 0.687938
60.000000 0.353608 0.704583 0.266021 0.298101 0.825120 0.553560 0.286208 0.688781
60.200000 0.353770 0.704928 0.265889 0.298023 0.825668 0.553210 0.286048 0.689569
60.400000 0.353830 0.705079 0.265978 0.298278 0.827101 0.553680 0.286376 0.690551
60.600000 0.353850 0.705539 0.266076 0.298311 0.828008 0.553654 0.286294 0.691395
60.800000 0.353840 0.705559 0.265974 0.298251 0.828916 0.553740 0.286404 0.692144
61.000000 0.353835 0.705746 0.266086 0.298376 0.829631 0.553848 0.286496 0.693148
61.200000 0.353834 0.706323 0.266099 0.298604 0.830610 0.553802 0.286682 0.693985
61.400000 0.353701 0.706189 0.266126 0.298562 0.831468 0.553625 0.286445 0.694599
61.600000 0.353923 0.706617 0.266019 0.298685 0.832331 0.553775 0.286697 0.695629
61.800000 0.353911 0.706552 0.266248 0.298725 0.833427 0.553817 0.286700 0.696233
62.000000 0.353924 0.707085 0.266085 0.298873 0.833920 0.553832 0.286694 0.697002
62.200000 0.353960 0.707110 0.265978 0.298868 0.834798 0.553603 0.286995 0.697728
62.400000 0.354106 0.707465 0.266255 0.298941 0.835668 0.553992 0.287065 0.698437
62.600000 0.353866 0.707612 0.266168 0.298984 0.836710 0.553972 0.287125 0.699409
62.800000 0.354045 0.707932 0.266182 0.299083 0.837437 0.554031 0.287084 0.699945
63.000000 0.354086 0.708192 0.266012 0.299084 0.838306 0.553972 0.287244 0.700820
63.200000 0.354074 0.708268 0.266134 0.299166 0.838879 0.554022 0.287245 0.701344
63.400000 0.354094 0.708614 0.266290 0.299146 0.839711 0.554125 0.287297 0.701973
63.600000 0.354067 0.708634 0.266386 0.299275 0.840442 0.554122 0.287420 0.702749
63.800000 0.354090 0.708832 0.266189 0.299323 0.840915 0.554057 0.287576 0.703181
64.000000 0.354132 0.709051 0.266220 0.299402 0.841737 0.554056 0.287504 0.704001
64.200000 0.354127 0.709198 0.266262 0.299450 0.842173 0.554253 0.287611 0.704597
64.400000 0.354128 0.709320 0.266208 0.299270 0.842979 0.554203 0.287681 0.704964
64.600000 0.354065 0.709301 0.266310 0.299408 0.843466 0.554233 0.287682 0.705414
64.800000 0.354202 0.709594 0.266366 0.299664 0.844191 0.554239 0.287913 0.706329
65.000000 0.354188 0.709753 0.266266 0.299406 0.844777 0.554347 0.287919 0.706763
65.200000 0.354170 0.709896 0.266369 0.299709 0.845324 0.554411 0.287858 0.707204
65.400000 0.354104 0.710009 0.266239 0.299801 0.845670 0.554265 0.287851 0.707681
65.600000 0.354030 0.710122 0.266262 0.299718 0.846306 0.554354 0.287755 0.708261
65.800000 0.354124 0.710127 0.266293 0.299753 0.846900 0.554396 0.287957 0.708755
66.000000 0.353869 0.710217 0.266281 0.299687 0.847591 0.554465 0.288116 0.709215
66.200000 0.354229 0.710527 0.266345 0.299975 0.848112 0.554484 0.288223 0.709826
66.400000 0.354245 0.710521 0.266337 0.300092 0.848652 0.554474 0.288182 0.710248
66.600000 0.354253 0.710729 0.266322 0.299984 0.849076 0.554367 0.288378 0.710749
66.800000 0.354300 0.710802 0.266430 0.300044 0.849652 0.554408 0.288432 0.711042
67.000000 0.354288 0.711012 0.266299 0.300242 0.850096 0.554539 0.288440 0.711417
67.200000 0.354291 0.711068 0.266432 0.300168 0.850638 0.554295 0.288479 0.712026
67.400000 0.354299 0.711103 0.266482 0.300278 0.851199 0.554528 0.288642 0.712289
67.600000 0.354172 0.711297 0.266550 0.300235 0.851540 0.554514 0.288656 0.712826
67.800000 0.354341 0.711336 0.266326 0.300264 0.852005 0.554598 0.288569 0.712972
68.000000 0.354375 0.711448 0.266447 0.300299 0.852624 0.554587 0.288743 0.713749
68.200000 0.354374 0.711551 0.266278 0.300443 0.852892 0.554800 0.288729 0.713937
68.400000 0.354372 0.711628 0.266374 0.300512 0.853422 0.554806 0.288984 0.714360
68.600000 0.354389 0.711607 0.266522 0.300738 0.853748 0.554941 0.288960 0.714967
68.800000 0.354398 0.711737 0.266531 0.300504 0.854453 0.554867 0.289066 0.715075
69.000000 0.354449 0.711872 0.266460 0.300682 0.854775 0.554859 0.289143 0.715194
69.200000 0.354422 0.711883 0.266532 0.300764 0.855205 0.554953 0.289022 0.716157
69.400000 0.354474 0.712097 0.266425 0.300640 0.855510 0.554946 0.289254 0.716317
69.600000 0.354341 0.711992 0.266574 0.300825 0.856011 0.554906 0.289295 0.716643
69.800000 0.354328 0.712229 0.266435 0.300975 0.856290 0.554936 0.289174 0.716928
70.000000 0.354291 0.712336 0.266478 0.300863 0.856596 0.554783 0.289385 0.717198
70.200000 0.354555 0.712380 0.266568 0.300995 0.856997 0.555010 0.289344 0.717672
70.400000 0.354517 0.712591 0.266699 0.300984 0.857505 0.555058 0.289564 0.717962
70.600000 0.354551 0.712561 0.266603 0.300927 0.857720 0.554994 0.289497 0.718315
70.800000 0.354542 0.712558 0.266660 0.300948 0.858041 0.555080 0.289673 0.718660
71.000000 0.354525 0.712772 0.266467 0.301189 0.858314 0.555162 0.289694 0.718924
71.200000 0.354546 0.712637 0.266593 0.301135 0.858741 0.554993 0.289910 0.719197
71.400000 0.354556 0.712753 0.266644 0.301220 0.859124 0.555206 0.289814 0.719561
71.600000 0.354551 0.712851 0.266580 0.301423 0.820427 0.555183 0.289896 0.719685
71.800000 0.354534 0.712900 0.266659 0.301295 0.859726 0.555199 0.290034 0.720132
72.000000 0.354530 0.712921 0.266587 0.301286 0.860062 0.555120 0.290051 0.720459
72.200000 0.354630 0.712959 0.266448 0.301375 0.860353 0.555151 0.290073 0.720810
72.400000 0.354656 0.713055 0.266668 0.301367 0.860811 0.555346 0.290082 0.720966
72.600000 0.354602 0.713144 0.266595 0.301631 0.861259 0.555333 0.290194 0.721240
72.800000 0.354714 0.713286 0.266507 0.301373 0.861254 0.555496 0.290252 0.721328
73.000000 0.354726 0.713335 0.266777 0.301772 0.861513 0.555335 0.290360 0.721727
73.200000 0.354664 0.713292 0.266574 0.301632 0.861909 0.555389 0.290507 0.721968
73.400000 0.354675 0.713362 0.266763 0.301614 0.862155 0.555565 0.290406 0.722287
73.600000 0.354672 0.713455 0.266793 0.301721 0.862590 0.555407 0.290465 0.722390
73.800000 0.354741 0.713546 0.266807 0.301731 0.863018 0.555495 0.290593 0.722795
74.000000 0.354654 0.713573 0.266789 0.301811 0.863186 0.555443 0.290619 0.723008
74.200000 0.354788 0.713632 0.266788 0.301966 0.863375 0.555514 0.290832 0.723155
74.400000 0.354732 0.713567 0.266866 0.301940 0.863748 0.555611 0.290749 0.723521
74.600000 0.354647 0.713804 0.266829 0.301908 0.864087 0.555707 0.290803 0.723649
74.800000 0.354771 0.713676 0.266801 0.301910 0.864047 0.555589 0.290942 0.723952
75.000000 0.354978 0.713875 0.266731 0.302004 0.864613 0.555692 0.290925 0.724062
75.200000 0.354815 0.713813 0.266870 0.301925 0.864867 0.555698 0.290990 0.724340
75.400000 0.354852 0.713830 0.266732 0.301971 0.864896 0.555732 0.290841 0.724514
75.600000 0.354772 0.713872 0.266855 0.302031 0.865302 0.555731 0.291280 0.724943
75.800000 0.354888 0.714161 0.266910 0.302208 0.865556 0.555607 0.291155 0.724974
76.000000 0.354899 0.714069 0.266737 0.302199 0.865904 0.555776 0.291039 0.725041
76.200000 0.354764 0.713942 0.266435 0.302213 0.865855 0.555866 0.291230 0.725315
76.400000 0.354880 0.714197 0.266911 0.302299 0.866157 0.555854 0.291419 0.725689
76.600000 0.354911 0.714387 0.267020 0.302359 0.866548 0.555821 0.291238 0.725440
76.800000 0.354899 0.714320 0.266900 0.302304 0.866611 0.556017 0.291426 0.725870
77.000000 0.354809 0.714317 0.266802 0.302281 0.866758 0.555835 0.291458 0.726168
77.200000 0.354841 0.714322 0.267006 0.302581 0.867117 0.555791 0.291579 0.726076
77.400000 0.354916 0.714369 0.266796 0.302476 0.867167 0.555729 0.291728 0.726346
77.600000 0.354779 0.714279 0.266916 0.302497 0.867525 0.555902 0.291715 0.726547
77.800000 0.354809 0.714429 0.266920 0.302433 0.867571 0.555900 0.291727 0.726811
78.000000 0.355041 0.714446 0.266992 0.302677 0.867906 0.555896 0.291600 0.727080
78.200000 0.354858 0.714685 0.266973 0.302688 0.868163 0.556145 0.291809 0.727227
78.400000 0.354990 0.714432 0.266914 0.302704 0.868223 0.555908 0.291884 0.727264
78.600000 0.354947 0.714718 0.266945 0.302684 0.868510 0.556178 0.291912 0.727420
78.800000 0.354978 0.714533 0.266829 0.302785 0.868628 0.556136 0.291997 0.727657
79.000000 0.354983 0.714438 0.266973 0.302818 0.868873 0.556169 0.292161 0.727815
79.200000 0.354989 0.714591 0.266933 0.302880 0.869285 0.556113 0.292124 0.728009
79.400000 0.354991 0.714839 0.267077 0.302960 0.869183 0.556331 0.292137 0.728068
79.600000 0.355011 0.714742 0.267158 0.302857 0.869438 0.556212 0.292076 0.728333
79.800000 0.355026 0.714673 0.266724 0.303148 0.869479 0.556312 0.292255 0.728470
80.000000 0.355032 0.714874 0.266904 0.303000 0.869714 0.556256 0.292236 0.728467
80.200000 0.355061 0.714837 0.266959 0.303062 0.869783 0.556236 0.292499 0.728886
80.400000 0.355113 0.714992 0.267163 0.303166 0.870359 0.556374 0.292487 0.728895
80.600000 0.354938 0.715125 0.267106 0.303128 0.870224 0.556256 0.292364 0.728919
80.800000 0.354933 0.714834 0.267136 0.302982 0.870398 0.556234 0.292387 0.728998
81.000000 0.354923 0.715057 0.267072 0.303272 0.870575 0.556487 0.292575 0.729272
81.200000 0.354945 0.714903 0.267049 0.303067 0.870789 0.556408 0.292650 0.729233
81.400000 0.354927 0.714941 0.267147 0.303281 0.870648 0.556461 0.292714 0.729227
81.600000 0.355085 0.714890 0.267105 0.303333 0.870854 0.556379 0.292565 0.729655
81.800000 0.355178 0.714942 0.267327 0.303437 0.871238 0.556163 0.292435 0.729790
82.000000 0.354928 0.715091 0.267033 0.303413 0.871167 0.556471 0.292906 0.729680
82.200000 0.355157 0.715279 0.267178 0.303398 0.871159 0.556387 0.292894 0.729836
82.400000 0.355127 0.715106 0.267149 0.303404 0.871650 0.556610 0.292952 0.730054
82.600000 0.355120 0.715235 0.267213 0.303426 0.871692 0.556382 0.292759 0.730028
82.800000 0.355129 0.715305 0.267108 0.303546 0.871842 0.556558 0.292997 0.730136
83.000000 0.354983 0.715150 0.267149 0.303763 0.871861 0.556395 0.293070 0.730426
83.200000 0.355021 0.715318 0.267286 0.303636 0.872060 0.556566 0.292987 0.730305
83.400000 0.355157 0.715034 0.267257 0.303716 0.872339 0.556765 0.293136 0.730572
83.600000 0.355155 0.715255 0.267193 0.303576 0.872628 0.556525 0.293230 0.730732
83.800000 0.355111 0.715203 0.267258 0.303783 0.872401 0.556685 0.293209 0.730768
84.000000 0.355135 0.715332 0.267225 0.303755 0.872448 0.556724 0.293324 0.730886
84.200000 0.354961 0.715031 0.267142 0.303512 0.872533 0.556585 0.293126 0.730742
84.400000 0.354938 0.715194 0.267188 0.303800 0.872658 0.556673 0.293359 0.731000
84.600000 0.355138 0.715181 0.267172 0.303706 0.872850 0.556645 0.293533 0.731024
84.800000 0.355051 0.715230 0.267085 0.303679 0.872917 0.556534 0.293425 0.731160
85.000000 0.355179 0.715184 0.267126 0.303856 0.873057 0.556724 0.293309 0.731123
85.200000 0.355109 0.715218 0.267074 0.303851 0.872903 0.556642 0.293533 0.731335
85.400000 0.355120 0.715411 0.267242 0.303946 0.873344 0.556691 0.293575 0.731353
85.600000 0.355155 0.715250 0.267221 0.303937 0.873406 0.556842 0.293731 0.731459
85.800000 0.355158 0.715464 0.267267 0.303985 0.873529 0.556943 0.293663 0.731451
86.000000 0.355175 0.715345 0.267285 0.304163 0.873705 0.556945 0.293757 0.731686
86.200000 0.355192 0.715355 0.267351 0.304183 0.873845 0.556867 0.293771 0.731745
86.400000 0.355190 0.715398 0.267431 0.304240 0.873782 0.556937 0.293822 0.731807
86.600000 0.355164 0.715554 0.267476 0.304139 0.873931 0.556866 0.294008 0.731834
86.800000 0.355372 0.715335 0.267277 0.304208 0.874114 0.557094 0.293989 0.731911
87.000000 0.355138 0.715481 0.267310 0.304202 0.874175 0.556814 0.293945 0.732013
87.200000 0.355074 0.715479 0.267152 0.304008 0.874261 0.556983 0.293916 0.731981
87.400000 0.355119 0.715485 0.267363 0.304323 0.874263 0.556947 0.294063 0.732204
87.600000 0.355160 0.715343 0.267394 0.304253 0.874188 0.556700 0.294123 0.732190
87.800000 0.355367 0.715568 0.267360 0.304311 0.874754 0.556970 0.294136 0.732127
88.000000 0.355240 0.715527 0.267416 0.304376 0.874547 0.556981 0.294043 0.732339
88.200000 0.355088 0.715396 0.267434 0.304262 0.874670 0.556958 0.294260 0.732514
88.400000 0.355150 0.715466 0.267381 0.304415 0.874918 0.557164 0.294319 0.732507
88.600000 0.355349 0.715448 0.267403 0.304480 0.874814 0.557020 0.294344 0.732440
88.800000 0.355291 0.715563 0.267255 0.304444 0.875042 0.557280 0.294426 0.732591
89.000000 0.355311 0.715614 0.267382 0.304498 0.875096 0.557242 0.294297 0.732576
89.200000 0.355253 0.715636 0.267409 0.304506 0.875164 0.557118 0.294452 0.732749
89.400000 0.355320 0.715545 0.267430 0.304616 0.874947 0.557072 0.294356 0.732750
89.600000 0.355330 0.715429 0.267447 0.304657 0.875294 0.557141 0.294404 0.732873
89.800000 0.355278 0.715644 0.267631 0.304700 0.875309 0.557101 0.294725 0.732778
90.000000 0.355476 0.715510 0.267498 0.304675 0.875394 0.557273 0.294598 0.732971
