0.200000 0.206781 0.300349 0.124039 0.132869 0.225710 0.390773 0.138789 0.201427
0.400000 0.206737 0.300276 0.123883 0.132856 0.225471 0.390497 0.138650 0.201371
0.600000 0.206715 0.299873 0.123786 0.132868 0.225213 0.390381 0.138609 0.201198
0.800000 0.206702 0.299743 0.123809 0.132553 0.224771 0.390379 0.138444 0.200921
1.000000 0.206710 0.299719 0.123656 0.132681 0.224752 0.390439 0.138495 0.200782
1.200000 0.206654 0.299650 0.123867 0.132643 0.224336 0.390399 0.138245 0.200406
1.400000 0.206521 0.299547 0.123891 0.132718 0.224202 0.390601 0.138465 0.200411
1.600000 0.206645 0.299464 0.123829 0.132704 0.224002 0.390384 0.138261 0.200180
1.800000 0.206744 0.299361 0.123761 0.132449 0.223634 0.390360 0.138313 0.199964
2.000000 0.206608 0.299355 0.123800 0.132575 0.223393 0.390200 0.138277 0.199874
2.200000 0.206460 0.299015 0.123885 0.132560 0.223375 0.390237 0.138165 0.199504
2.400000 0.206549 0.299183 0.123613 0.132523 0.223205 0.390064 0.137948 0.199304
2.600000 0.206548 0.298616 0.123777 0.132471 0.222626 0.390070 0.138050 0.199184
2.800000 0.206549 0.298677 0.123809 0.132594 0.222523 0.390017 0.138077 0.199066
3.000000 0.206172 0.298094 0.123667 0.132214 0.222158 0.389785 0.137801 0.198616
3.200000 0.206292 0.298300 0.123451 0.132258 0.221793 0.389817 0.137640 0.198504
3.400000 0.206305 0.298380 0.123611 0.132579 0.221711 0.390074 0.137841 0.198386
3.600000 0.206445 0.298188 0.123757 0.132338 0.221412 0.390010 0.137673 0.198146
3.800000 0.206446 0.298055 0.123656 0.132629 0.221397 0.389866 0.137825 0.198193
4.000000 0.206428 0.297853 0.123587 0.132272 0.220984 0.389953 0.137652 0.197760
4.200000 0.206368 0.297248 0.123693 0.132313 0.220737 0.389926 0.137545 0.197688
4.400000 0.206386 0.297583 0.123844 0.132216 0.220521 0.389984 0.137504 0.197532
4.600000 0.206378 0.297645 0.123601 0.132315 0.220209 0.389872 0.137540 0.197337
4.800000 0.206361 0.297477 0.123701 0.132172 0.220181 0.389770 0.137388 0.197180
5.000000 0.206199 0.297362 0.123622 0.132206 0.219770 0.389718 0.137368 0.196777
5.200000 0.206316 0.297196 0.123742 0.132217 0.219612 0.389747 0.137440 0.196793
5.400000 0.206289 0.297003 0.123528 0.132050 0.219355 0.389760 0.137626 0.196612
5.600000 0.206406 0.296999 0.123740 0.132290 0.219342 0.389746 0.137312 0.196363
5.800000 0.206016 0.296860 0.123662 0.132248 0.218931 0.389693 0.137151 0.196185
6.000000 0.206238 0.296661 0.123354 0.132158 0.218776 0.389622 0.137313 0.196127
6.200000 0.206230 0.296676 0.123719 0.132228 0.218353 0.389665 0.137308 0.195819
6.400000 0.206106 0.296608 0.123564 0.131996 0.218236 0.389527 0.137140 0.195690
6.600000 0.206045 0.296429 0.123771 0.132083 0.217934 0.389580 0.137084 0.195497
6.800000 0.206189 0.296209 0.123660 0.132018 0.217699 0.389447 0.136980 0.195379
7.000000 0.206286 0.296324 0.123702 0.132043 0.217656 0.389430 0.136979 0.195165
7.200000 0.206091 0.295983 0.123665 0.132118 0.217304 0.389404 0.137060 0.194908
7.400000 0.206107 0.295979 0.123469 0.131953 0.217013 0.389518 0.136768 0.194805
7.600000 0.206094 0.295975 0.123883 0.131858 0.216967 0.389244 0.136858 0.194620
7.800000 0.206049 0.295854 0.123672 0.131964 0.216759 0.389369 0.136739 0.194533
8.000000 0.206263 0.295807 0.123705 0.131879 0.216647 0.389316 0.136763 0.194374
8.200000 0.206057 0.295603 0.123644 0.131925 0.216328 0.389350 0.136688 0.194087
8.400000 0.206069 0.295539 0.123730 0.131717 0.216098 0.389369 0.136511 0.194026
8.600000 0.206072 0.295336 0.123659 0.131869 0.215815 0.389131 0.136439 0.193864
8.800000 0.206037 0.295335 0.123667 0.131878 0.215668 0.389195 0.136544 0.193696
9.000000 0.205963 0.295171 0.123590 0.131766 0.215396 0.388953 0.136454 0.193372
9.200000 0.206038 0.295104 0.123736 0.131829 0.215200 0.389131 0.136545 0.193252
9.400000 0.205844 0.294892 0.123478 0.131774 0.215130 0.389170 0.136290 0.193201
9.600000 0.206121 0.294719 0.123214 0.131750 0.214773 0.389158 0.136380 0.192876
9.800000 0.205929 0.294813 0.123597 0.131882 0.214623 0.389059 0.136384 0.192925
10.000000 0.205960 0.294630 0.123578 0.131720 0.214496 0.389000 0.136278 0.192675
10.200000 0.205936 0.294518 0.123506 0.131584 0.214040 0.388882 0.136382 0.192591
10.400000 0.205974 0.294452 0.123637 0.131735 0.214192 0.389010 0.136259 0.192422
10.600000 0.205923 0.294477 0.123724 0.131682 0.213879 0.389046 0.136210 0.192300
10.800000 0.205879 0.294291 0.123729 0.131664 0.213662 0.388812 0.136170 0.192110
11.000000 0.205905 0.294190 0.123519 0.131428 0.213318 0.388815 0.136074 0.191945
11.200000 0.205874 0.294163 0.123531 0.131530 0.213270 0.388847 0.136032 0.191831
11.400000 0.205854 0.293909 0.123570 0.131655 0.213094 0.388680 0.135957 0.191531
11.600000 0.205981 0.293775 0.123516 0.131425 0.212864 0.388891 0.135843 0.191624
11.800000 0.205808 0.293444 0.123540 0.131543 0.212731 0.388761 0.135717 0.191209
12.000000 0.205749 0.293852 0.123501 0.131394 0.212481 0.388789 0.135905 0.190912
12.200000 0.205806 0.293624 0.123543 0.131611 0.212180 0.388521 0.135897 0.191057
12.400000 0.205692 0.293567 0.123518 0.131462 0.212066 0.388638 0.135940 0.190937
12.600000 0.205694 0.293425 0.123504 0.131302 0.211911 0.388523 0.135954 0.190769
12.800000 0.205748 0.293373 0.123741 0.131493 0.211756 0.388759 0.135728 0.190471
13.000000 0.205784 0.293220 0.123451 0.131445 0.211346 0.388567 0.135641 0.190352
13.200000 0.205746 0.293246 0.123484 0.131308 0.211197 0.388567 0.135525 0.190371
13.400000 0.205575 0.293000 0.123669 0.131397 0.211277 0.388557 0.135763 0.190169
13.600000 0.205537 0.293011 0.123535 0.131263 0.210962 0.388513 0.135527 0.190093
13.800000 0.205753 0.292860 0.123578 0.131381 0.210790 0.388640 0.135565 0.190120
14.000000 0.205721 0.292864 0.123572 0.131240 0.210726 0.388354 0.135516 0.189778
14.200000 0.205712 0.292686 0.123587 0.131236 0.210722 0.388483 0.135635 0.189522
14.400000 0.205537 0.292757 0.123518 0.131261 0.210511 0.388373 0.135625 0.189502
14.600000 0.205674 0.292057 0.123516 0.131354 0.210204 0.388395 0.135415 0.189402
14.800000 0.205641 0.292550 0.123484 0.131293 0.209947 0.388401 0.135491 0.189303
15.000000 0.205555 0.292306 0.123304 0.131258 0.209762 0.388330 0.135314 0.189157
15.200000 0.205565 0.292372 0.123529 0.131271 0.209674 0.388196 0.135047 0.189016
15.400000 0.205651 0.292236 0.123494 0.130990 0.209439 0.388058 0.135298 0.188848
15.600000 0.205625 0.292255 0.123498 0.131248 0.209311 0.388275 0.135201 0.188876
15.800000 0.205391 0.292177 0.123491 0.131210 0.209188 0.388237 0.135192 0.188563
16.000000 0.205408 0.291899 0.123497 0.131195 0.209019 0.388276 0.135162 0.188509
16.200000 0.205435 0.292034 0.123382 0.130944 0.208789 0.388039 0.135477 0.188389
16.400000 0.205414 0.291749 0.123559 0.131128 0.208662 0.388084 0.135144 0.188214
16.600000 0.205506 0.291799 0.123519 0.131180 0.208510 0.388157 0.135084 0.188032
16.800000 0.205489 0.291867 0.123476 0.131120 0.208381 0.387960 0.135187 0.188010
17.000000 0.205396 0.291659 0.123564 0.131085 0.208279 0.387788 0.135168 0.187876
17.200000 0.205500 0.291455 0.123526 0.131117 0.207830 0.387891 0.134930 0.187752
17.400000 0.205489 0.291426 0.123550 0.130985 0.207847 0.388052 0.134920 0.187656
17.600000 0.205488 0.291407 0.123576 0.131080 0.207819 0.387899 0.134934 0.187482
17.800000 0.205481 0.291328 0.123335 0.131224 0.207483 0.387894 0.134931 0.187275
18.000000 0.205483 0.291283 0.123341 0.130923 0.207393 0.387785 0.134992 0.187336
18.200000 0.205461 0.291197 0.123563 0.131165 0.207089 0.387858 0.134860 0.187238
18.400000 0.205461 0.291177 0.123633 0.131029 0.207016 0.387777 0.134866 0.187185
18.600000 0.205494 0.291046 0.123583 0.131062 0.207025 0.387810 0.134825 0.187069
18.800000 0.205446 0.290996 0.123444 0.130782 0.206856 0.387737 0.134612 0.186774
19.000000 0.205452 0.290878 0.123590 0.130991 0.206543 0.387431 0.134594 0.186668
19.200000 0.205339 0.290767 0.123545 0.131034 0.206310 0.387830 0.134641 0.186507
19.400000 0.205397 0.290811 0.123584 0.130796 0.206446 0.387877 0.134649 0.186414
19.600000 0.205399 0.290595 0.123495 0.130819 0.206177 0.387581 0.134433 0.186192
19.800000 0.205532 0.290411 0.123548 0.130889 0.205966 0.387666 0.134674 0.185857
20.000000 0.205359 0.290400 0.123477 0.130789 0.205867 0.387486 0.134563 0.186069
20.200000 0.205378 0.290422 0.123451 0.130813 0.205632 0.387703 0.134469 0.185921
20.400000 0.205340 0.290273 0.123332 0.130798 0.205424 0.387499 0.134441 0.185801
20.600000 0.205340 0.290255 0.123482 0.130914 0.205337 0.387245 0.134416 0.185685
20.800000 0.205328 0.290362 0.123473 0.131018 0.205336 0.387495 0.134140 0.185691
21.000000 0.205310 0.290083 0.123448 0.130817 0.204943 0.387453 0.134569 0.185675
21.200000 0.205374 0.290047 0.123337 0.130780 0.204855 0.387415 0.134314 0.185294
21.400000 0.205297 0.290010 0.123544 0.130683 0.204901 0.387126 0.134171 0.185263
21.600000 0.205323 0.290060 0.123578 0.130832 0.204472 0.387430 0.134392 0.184972
21.800000 0.205302 0.289909 0.123452 0.130801 0.204328 0.387231 0.134307 0.185022
22.000000 0.205295 0.289900 0.123443 0.130638 0.204329 0.387338 0.134194 0.184784
22.200000 0.205113 0.289727 0.123548 0.130745 0.204122 0.387182 0.134176 0.184679
22.400000 0.205100 0.289763 0.123576 0.130754 0.204035 0.387294 0.134178 0.184653
22.600000 0.205237 0.289601 0.123383 0.130761 0.203745 0.387328 0.134202 0.184585
22.800000 0.205108 0.289531 0.123431 0.130810 0.203827 0.387224 0.134156 0.184631
23.000000 0.205190 0.289339 0.123336 0.130645 0.203628 0.387143 0.134205 0.184296
23.200000 0.205137 0.289549 0.123374 0.130631 0.203458 0.387236 0.134105 0.184270
23.400000 0.205214 0.289289 0.123528 0.130565 0.203365 0.387035 0.134121 0.184041
23.600000 0.205207 0.289218 0.123299 0.130675 0.203351 0.387164 0.133998 0.184142
23.800000 0.205187 0.289306 0.123373 0.130653 0.202942 0.386953 0.134081 0.183792
24.000000 0.205157 0.288922 0.123294 0.130731 0.202897 0.386996 0.134122 0.183839
24.200000 0.205193 0.289066 0.123352 0.130562 0.202764 0.387052 0.133852 0.183675
24.400000 0.205096 0.288945 0.123314 0.130622 0.202754 0.387036 0.134110 0.183533
24.600000 0.205185 0.289145 0.123407 0.130606 0.202354 0.386813 0.134002 0.183447
24.800000 0.205178 0.288936 0.123327 0.130515 0.202370 0.387034 0.133942 0.183286
25.000000 0.205107 0.288913 0.123431 0.130431 0.202200 0.386868 0.133730 0.183303
25.200000 0.205087 0.288574 0.123320 0.130517 0.201946 0.386877 0.133706 0.183092
25.400000 0.205199 0.288683 0.123324 0.130562 0.201808 0.386950 0.133722 0.183031
25.600000 0.204957 0.288767 0.123413 0.130578 0.201578 0.386686 0.133762 0.182844
25.800000 0.205036 0.288486 0.123298 0.130466 0.201538 0.386767 0.133727 0.182658
26.000000 0.205072 0.288627 0.123392 0.130386 0.201525 0.386765 0.133782 0.182737
26.200000 0.205047 0.288258 0.123349 0.130537 0.201386 0.386706 0.133596 0.182461
26.400000 0.205039 0.288361 0.123315 0.130519 0.201193 0.386506 0.133790 0.182477
26.600000 0.204787 0.288223 0.123315 0.130451 0.200877 0.386624 0.133813 0.182381
26.800000 0.205034 0.288126 0.123363 0.130360 0.200914 0.386788 0.133549 0.182208
27.000000 0.205042 0.288330 0.123324 0.130586 0.200660 0.386519 0.133640 0.182238
27.200000 0.205054 0.287958 0.123364 0.130397 0.200788 0.386567 0.133658 0.182012
27.400000 0.204986 0.288029 0.123343 0.130424 0.200543 0.386497 0.133574 0.182008
27.600000 0.205013 0.287925 0.123280 0.130423 0.200359 0.386653 0.133562 0.181894
27.800000 0.204997 0.287802 0.123391 0.130421 0.200323 0.386406 0.133663 0.181789
28.000000 0.204992 0.287755 0.123433 0.130345 0.200170 0.386599 0.133507 0.181716
28.200000 0.204937 0.287904 0.123064 0.130272 0.199844 0.386314 0.133370 0.181584
28.400000 0.204954 0.287539 0.123311 0.130325 0.199978 0.386487 0.133404 0.181365
28.600000 0.204961 0.287607 0.123330 0.130185 0.199609 0.386419 0.133469 0.181289
28.800000 0.204899 0.287605 0.123374 0.130296 0.199517 0.386237 0.133419 0.181394
29.000000 0.204778 0.287495 0.123365 0.130178 0.199332 0.386236 0.133386 0.181159
29.200000 0.204791 0.287357 0.123286 0.130185 0.199315 0.386345 0.133229 0.181089
29.400000 0.204924 0.287530 0.123373 0.130419 0.199243 0.386200 0.133231 0.180823
29.600000 0.204909 0.287253 0.123422 0.130231 0.199114 0.386190 0.133210 0.180904
29.800000 0.204782 0.287266 0.123362 0.130221 0.199007 0.385717 0.133300 0.180802
30.000000 0.204868 0.287154 0.123187 0.130305 0.198875 0.386146 0.133317 0.180781
30.200000 0.204852 0.286948 0.123290 0.130205 0.198709 0.386009 0.132990 0.180610
30.400000 0.204860 0.287082 0.123245 0.130224 0.198655 0.386158 0.133315 0.180518
30.600000 0.204980 0.287128 0.123277 0.130206 0.198372 0.385921 0.133223 0.180268
30.800000 0.205389 0.286876 0.123155 0.130168 0.198364 0.386168 0.133238 0.180308
31.000000 0.206146 0.286951 0.123441 0.130201 0.198362 0.385915 0.133233 0.180278
31.200000 0.207586 0.286816 0.123355 0.130187 0.197783 0.386039 0.133061 0.179914
31.400000 0.208780 0.286745 0.123374 0.130201 0.198147 0.385936 0.133168 0.180017
31.600000 0.210474 0.286707 0.123305 0.130173 0.197787 0.386013 0.133159 0.179920
31.800000 0.212203 0.286622 0.123063 0.130266 0.197813 0.385755 0.133167 0.179954
32.000000 0.213940 0.286707 0.123337 0.130239 0.197849 0.385962 0.133254 0.179763
32.200000 0.215996 0.286666 0.123337 0.130278 0.197865 0.385980 0.133097 0.179961
32.400000 0.217817 0.286630 0.123145 0.130035 0.197723 0.385823 0.133238 0.179998
32.600000 0.219696 0.286682 0.123380 0.130334 0.198168 0.385754 0.133332 0.179952
32.800000 0.221308 0.286727 0.123359 0.130391 0.198144 0.385776 0.133514 0.180135
33.000000 0.223169 0.286806 0.123292 0.130441 0.198240 0.385860 0.133267 0.180193
33.200000 0.224722 0.286841 0.123302 0.130439 0.198600 0.385751 0.133504 0.180235
33.400000 0.226182 0.286843 0.123298 0.130602 0.198746 0.385898 0.133387 0.180357
33.600000 0.227494 0.287123 0.123302 0.130466 0.198857 0.385906 0.133730 0.180752
33.800000 0.228832 0.287264 0.123459 0.130617 0.199421 0.386033 0.133760 0.180876
34.000000 0.229661 0.287441 0.123423 0.130631 0.199579 0.385927 0.133808 0.181060
34.200000 0.230770 0.287717 0.123460 0.130754 0.199760 0.385985 0.133950 0.181360
34.400000 0.231536 0.287921 0.123419 0.131054 0.200062 0.385747 0.134047 0.181568
34.600000 0.232375 0.287980 0.123577 0.130948 0.200545 0.385982 0.134004 0.181808
34.800000 0.232873 0.288267 0.123341 0.131077 0.200930 0.385982 0.134426 0.182058
35.000000 0.233629 0.288706 0.123535 0.131187 0.201191 0.385905 0.134387 0.182459
35.200000 0.234202 0.288885 0.123435 0.131324 0.201836 0.386000 0.134469 0.182520
35.400000 0.234609 0.289162 0.123600 0.130934 0.202113 0.385876 0.134714 0.182815
35.600000 0.234927 0.289485 0.123528 0.131375 0.202152 0.385783 0.134645 0.183179
35.800000 0.235240 0.289998 0.123687 0.131546 0.202954 0.386039 0.134859 0.183513
36.000000 0.235469 0.290440 0.123506 0.131788 0.203274 0.386055 0.134907 0.183824
36.200000 0.235794 0.290667 0.123546 0.131714 0.203667 0.386147 0.135148 0.184141
36.400000 0.236121 0.291101 0.123860 0.131824 0.204142 0.385917 0.135124 0.184469
36.600000 0.236345 0.291427 0.123621 0.131876 0.204491 0.385991 0.135107 0.184569
36.800000 0.236640 0.291889 0.123866 0.131915 0.204986 0.385934 0.135390 0.185147
37.000000 0.236654 0.292274 0.123676 0.132126 0.205465 0.385836 0.135510 0.185436
37.200000 0.236680 0.292574 0.123653 0.132186 0.206039 0.386158 0.135547 0.185905
37.400000 0.236852 0.293270 0.123835 0.132214 0.206483 0.386050 0.135653 0.186328
37.600000 0.237066 0.293668 0.123926 0.132459 0.207078 0.386193 0.135892 0.186741
37.800000 0.237113 0.293910 0.123751 0.132574 0.207602 0.386171 0.136021 0.186965
38.000000 0.237187 0.294362 0.123845 0.132650 0.208090 0.386176 0.136185 0.187438
38.200000 0.237204 0.294903 0.123889 0.132737 0.208532 0.386056 0.136416 0.187953
38.400000 0.237280 0.295302 0.124044 0.132797 0.209116 0.386063 0.136350 0.188193
38.600000 0.237380 0.295742 0.123883 0.132918 0.209407 0.386280 0.136489 0.188575
38.800000 0.237337 0.296283 0.124008 0.132917 0.210010 0.386342 0.136684 0.188952
39.000000 0.237327 0.296589 0.123895 0.133082 0.210555 0.386126 0.136861 0.189153
39.200000 0.237412 0.297102 0.123959 0.133272 0.211034 0.386114 0.136870 0.189756
39.400000 0.237319 0.297552 0.123982 0.133297 0.211546 0.386068 0.136947 0.190176
39.600000 0.237421 0.298270 0.124010 0.133397 0.212025 0.386238 0.137073 0.190532
39.800000 0.237417 0.298572 0.124000 0.133452 0.212675 0.386304 0.137284 0.190961
40.000000 0.237290 0.299000 0.124005 0.133598 0.213221 0.386311 0.137349 0.191315
40.200000 0.237318 0.299518 0.124157 0.133653 0.213697 0.386230 0.137574 0.191813
40.400000 0.237429 0.299796 0.123952 0.133828 0.214154 0.386312 0.137708 0.192214
40.600000 0.237436 0.300352 0.123916 0.133839 0.214832 0.386300 0.137650 0.192630
40.800000 0.237426 0.300940 0.124195 0.134041 0.215446 0.386448 0.137926 0.193173
41.000000 0.237391 0.301278 0.123965 0.133998 0.215828 0.386215 0.138040 0.193340
41.200000 0.237397 0.301907 0.124111 0.134196 0.216224 0.386217 0.138131 0.193900
41.400000 0.237350 0.302040 0.123785 0.134115 0.216801 0.386441 0.138277 0.194325
41.600000 0.237423 0.302706 0.124122 0.134197 0.217480 0.386387 0.138343 0.194789
41.800000 0.237496 0.303292 0.124168 0.134328 0.218027 0.386285 0.138551 0.195034
42.000000 0.237404 0.303915 0.124231 0.134400 0.218458 0.386488 0.138541 0.195478
42.200000 0.237413 0.304160 0.124232 0.134513 0.219250 0.386468 0.138736 0.196040
42.400000 0.237182 0.304647 0.124158 0.134342 0.219827 0.386427 0.138980 0.196286
42.600000 0.237308 0.304881 0.124341 0.134437 0.220203 0.386444 0.138991 0.196912
42.800000 0.237332 0.305492 0.124107 0.134714 0.220823 0.386608 0.139303 0.197403
43.000000 0.237194 0.306081 0.124262 0.134778 0.221385 0.386595 0.139253 0.197753
43.200000 0.237294 0.306362 0.124145 0.134851 0.221840 0.386527 0.139349 0.198094
43.400000 0.237314 0.306857 0.124241 0.134985 0.222412 0.386650 0.139399 0.198614
43.600000 0.237396 0.307425 0.124222 0.134904 0.222931 0.386658 0.139645 0.199137
43.800000 0.237288 0.308058 0.124244 0.135075 0.223970 0.386807 0.139767 0.199691
44.000000 0.237304 0.308473 0.124420 0.135087 0.224333 0.386729 0.139967 0.200167
44.200000 0.237243 0.308713 0.124424 0.135188 0.224839 0.386729 0.140019 0.200506
44.400000 0.237241 0.309368 0.124472 0.135205 0.225496 0.386761 0.140162 0.200936
44.600000 0.237265 0.309611 0.124218 0.135378 0.225715 0.386697 0.140256 0.201370
44.800000 0.237177 0.310036 0.124354 0.135284 0.226291 0.386673 0.140284 0.201622
45.000000 0.237194 0.310572 0.124397 0.135498 0.227011 0.386751 0.140447 0.202192
45.200000 0.237001 0.310919 0.124509 0.135441 0.227329 0.386781 0.140669 0.202594
45.400000 0.236990 0.311164 0.124393 0.135529 0.228099 0.386773 0.140718 0.202950
45.600000 0.236994 0.311549 0.124452 0.135702 0.228447 0.386950 0.140714 0.203524
45.800000 0.236893 0.311911 0.124389 0.135546 0.229054 0.386660 0.140973 0.203977
46.000000 0.237085 0.312595 0.124375 0.135760 0.229606 0.386813 0.141137 0.204272
46.200000 0.237020 0.312932 0.124363 0.135919 0.230012 0.386640 0.141115 0.204763
46.400000 0.237000 0.313269 0.124459 0.135860 0.230661 0.386838 0.141236 0.205151
46.600000 0.237024 0.313636 0.124388 0.135881 0.231182 0.386576 0.141356 0.205556
46.800000 0.236995 0.314006 0.124269 0.135804 0.231753 0.386840 0.141422 0.205950
47.000000 0.236830 0.314436 0.124356 0.135975 0.232202 0.386953 0.141610 0.206362
47.200000 0.237096 0.314872 0.124505 0.136046 0.232810 0.386843 0.141705 0.206799
47.400000 0.237013 0.315198 0.124377 0.136206 0.233172 0.386859 0.141777 0.207155
47.600000 0.236852 0.315689 0.124619 0.136349 0.233742 0.387030 0.141858 0.207644
47.800000 0.236923 0.315905 0.124594 0.136211 0.234073 0.386819 0.141999 0.207852
48.000000 0.236936 0.316215 0.124410 0.136207 0.234758 0.386838 0.142062 0.208402
48.200000 0.236883 0.316526 0.124525 0.136201 0.235391 0.386977 0.142117 0.208761
48.400000 0.236914 0.317076 0.124553 0.136362 0.235629 0.386822 0.142264 0.209287
48.600000 0.236904 0.317243 0.124518 0.136442 0.236312 0.387078 0.142437 0.209599
48.800000 0.236743 0.317633 0.124531 0.136282 0.236779 0.387051 0.142495 0.209819
49.000000 0.236715 0.317977 0.124570 0.136516 0.237206 0.387231 0.142570 0.210399
49.200000 0.236788 0.318254 0.124794 0.136465 0.237647 0.387068 0.142657 0.210547
49.400000 0.236675 0.318582 0.124622 0.136586 0.238115 0.387260 0.142718 0.211325
49.600000 0.236669 0.318810 0.124529 0.136651 0.238650 0.387105 0.143070 0.211558
49.800000 0.236797 0.319268 0.124592 0.136826 0.239236 0.387017 0.143107 0.211820
50.000000 0.236962 0.319262 0.124885 0.136738 0.239684 0.387079 0.142995 0.212336
50.200000 0.236756 0.319852 0.124788 0.136794 0.240213 0.387168 0.143244 0.212769
50.400000 0.236788 0.320175 0.124783 0.136690 0.240661 0.387171 0.143158 0.213199
50.600000 0.236763 0.320529 0.124543 0.136728 0.241110 0.387316 0.143297 0.213526
50.800000 0.236741 0.320763 0.124552 0.136823 0.241654 0.387200 0.143545 0.213913
51.000000 0.236763 0.321142 0.124654 0.136897 0.242009 0.387260 0.143552 0.214261
51.200000 0.236668 0.321394 0.124547 0.136931 0.242464 0.387122 0.143852 0.214783
51.400000 0.236616 0.321580 0.124673 0.136974 0.243068 0.387183 0.143820 0.215144
51.600000 0.236529 0.322078 0.124682 0.137028 0.243400 0.387346 0.143974 0.215354
51.800000 0.236652 0.322332 0.124702 0.136889 0.243868 0.387347 0.143986 0.215668
52.000000 0.236642 0.322686 0.124789 0.137054 0.244162 0.387380 0.144046 0.215944
52.200000 0.236421 0.322969 0.124757 0.137135 0.244864 0.387365 0.144153 0.216477
52.400000 0.236597 0.323165 0.124748 0.137265 0.245340 0.387357 0.144272 0.216809
52.600000 0.236564 0.323253 0.124702 0.137033 0.245695 0.387364 0.144230 0.217219
52.800000 0.236563 0.323608 0.124750 0.137252 0.246270 0.387565 0.144386 0.217536
53.000000 0.236364 0.323911 0.124705 0.137178 0.246493 0.387500 0.144374 0.217817
53.200000 0.236242 0.324033 0.124600 0.137274 0.246915 0.387448 0.144594 0.218288
53.400000 0.236364 0.324169 0.124708 0.137208 0.247397 0.387507 0.144805 0.218472
53.600000 0.236363 0.324658 0.124763 0.137409 0.247877 0.387442 0.144609 0.218868
53.800000 0.236449 0.324951 0.124735 0.137475 0.248126 0.387542 0.144832 0.219213
54.000000 0.236480 0.325092 0.124767 0.137348 0.248652 0.387651 0.144879 0.219529
54.200000 0.236428 0.325460 0.124798 0.137364 0.248909 0.387489 0.144840 0.219798
54.400000 0.236415 0.325554 0.124756 0.137486 0.249455 0.387505 0.144961 0.220181
54.600000 0.236414 0.325896 0.124789 0.137517 0.249924 0.387594 0.145115 0.220495
54.800000 0.236360 0.326219 0.124793 0.137367 0.250527 0.387546 0.145190 0.220693
55.000000 0.236225 0.326115 0.124769 0.137557 0.250647 0.387703 0.145248 0.221198
55.200000 0.236216 0.326566 0.124992 0.137620 0.251058 0.387690 0.145313 0.221534
55.400000 0.236331 0.326822 0.124785 0.137683 0.251420 0.387819 0.145264 0.221741
55.600000 0.236170 0.326738 0.124801 0.137551 0.251671 0.387502 0.145485 0.222055
55.800000 0.236357 0.327243 0.124792 0.137641 0.252363 0.387620 0.145544 0.222364
56.000000 0.236223 0.327500 0.124894 0.137591 0.252436 0.387796 0.145715 0.222765
56.200000 0.236335 0.327713 0.124797 0.137862 0.253114 0.387597 0.145773 0.223178
56.400000 0.236306 0.327951 0.124742 0.137930 0.253585 0.387840 0.145814 0.223292
56.600000 0.236290 0.328070 0.124672 0.137827 0.253656 0.387778 0.145881 0.223548
56.800000 0.236234 0.328284 0.124892 0.137659 0.254087 0.387779 0.145957 0.223885
57.000000 0.236234 0.328531 0.124958 0.137821 0.254473 0.387996 0.146160 0.224275
57.200000 0.236332 0.328427 0.124958 0.137694 0.254592 0.387851 0.146098 0.224562
57.400000 0.236082 0.328921 0.124814 0.138057 0.255181 0.387903 0.146292 0.224788
57.600000 0.236208 0.329082 0.124733 0.137945 0.255329 0.387875 0.146358 0.224942
57.800000 0.236148 0.329146 0.124850 0.138066 0.255806 0.387892 0.146230 0.225228
58.000000 0.236151 0.329430 0.124950 0.137938 0.256051 0.387694 0.146461 0.225566
58.200000 0.236130 0.329507 0.124931 0.137834 0.256481 0.387816 0.146469 0.225722
58.400000 0.236012 0.329895 0.124841 0.138036 0.256836 0.388003 0.146511 0.226138
58.600000 0.236151 0.329923 0.124818 0.138060 0.257178 0.387997 0.146546 0.226330
58.800000 0.236124 0.330204 0.124842 0.138040 0.257467 0.387997 0.146499 0.226675
59.000000 0.236104 0.330471 0.124869 0.138055 0.257806 0.388010 0.146696 0.226904
59.200000 0.236027 0.330361 0.124711 0.138029 0.258107 0.387973 0.146618 0.227143
59.400000 0.236095 0.330593 0.124933 0.138126 0.258338 0.388053 0.146807 0.227357
59.600000 0.236108 0.330715 0.124692 0.138028 0.258732 0.388131 0.146886 0.227737
59.800000 0.236091 0.330980 0.124850 0.138189 0.259117 0.388106 0.146825 0.227904
60.000000 0.236062 0.331209 0.124667 0.137957 0.259153 0.387780 0.146989 0.228168
60.200000 0.235926 0.331270 0.125061 0.138235 0.259562 0.388107 0.147175 0.228451
60.400000 0.235926 0.331522 0.124850 0.138224 0.259899 0.388112 0.146968 0.228631
60.600000 0.235906 0.331725 0.124968 0.138329 0.260302 0.388066 0.147116 0.228597
60.800000 0.236052 0.331749 0.124825 0.138115 0.260608 0.388271 0.147104 0.229074
61.000000 0.235958 0.331767 0.124899 0.138389 0.260779 0.388056 0.147288 0.229463
61.200000 0.236005 0.332277 0.124907 0.138345 0.261144 0.388207 0.147308 0.229790
61.400000 0.236028 0.332273 0.124905 0.138244 0.261252 0.388088 0.147366 0.229856
61.600000 0.235918 0.332441 0.124912 0.138400 0.261744 0.388205 0.147417 0.230074
61.800000 0.235902 0.332495 0.124652 0.138274 0.262030 0.388236 0.147446 0.230374
62.000000 0.235930 0.332745 0.124909 0.138314 0.262349 0.388285 0.147548 0.230436
62.200000 0.236012 0.332956 0.124829 0.138279 0.262693 0.388299 0.147830 0.230837
62.400000 0.235803 0.332750 0.124849 0.138266 0.263011 0.388152 0.147660 0.231049
62.600000 0.235999 0.332999 0.124872 0.138451 0.263286 0.388476 0.147653 0.231417
62.800000 0.236048 0.333326 0.124933 0.138541 0.263508 0.388466 0.147802 0.231373
63.000000 0.235754 0.333439 0.124874 0.138440 0.263793 0.388389 0.147795 0.231757
63.200000 0.235776 0.333418 0.124859 0.138523 0.263851 0.388625 0.148005 0.231819
63.400000 0.235778 0.333736 0.124848 0.138400 0.264284 0.388482 0.147879 0.232134
63.600000 0.235902 0.333750 0.124965 0.138543 0.264528 0.388374 0.147777 0.232532
63.800000 0.235868 0.333866 0.124828 0.138408 0.264804 0.388387 0.148153 0.232574
64.000000 0.235716 0.334112 0.124872 0.138440 0.265063 0.388450 0.148081 0.232719
64.200000 0.235753 0.334208 0.125216 0.138564 0.265304 0.388560 0.148110 0.232993
64.400000 0.235890 0.334170 0.125020 0.138631 0.265573 0.388425 0.148049 0.233037
64.600000 0.235897 0.334594 0.124820 0.138572 0.265777 0.388520 0.148288 0.233211
64.800000 0.235833 0.334619 0.125092 0.138690 0.266070 0.388632 0.148249 0.233572
65.000000 0.235845 0.334712 0.124835 0.138532 0.266185 0.388531 0.148249 0.233709
65.200000 0.235878 0.334857 0.124831 0.138704 0.266562 0.388554 0.148444 0.233685
65.400000 0.235807 0.334786 0.124836 0.138568 0.266576 0.388536 0.148320 0.234219
65.600000 0.235803 0.334948 0.124946 0.138691 0.266809 0.388521 0.148360 0.234281
65.800000 0.235825 0.335150 0.124958 0.138785 0.267096 0.388576 0.148414 0.234387
66.000000 0.235785 0.335121 0.124924 0.138795 0.267482 0.388525 0.148489 0.234544
66.200000 0.235859 0.335462 0.124955 0.138745 0.267544 0.388731 0.148522 0.234543
66.400000 0.235797 0.335428 0.124946 0.138769 0.267661 0.388740 0.148718 0.234835
66.600000 0.235640 0.335482 0.124850 0.138762 0.268032 0.388496 0.148601 0.235195
66.800000 0.235741 0.335763 0.124828 0.138634 0.268112 0.388520 0.148517 0.235323
67.000000 0.235631 0.335887 0.125095 0.138754 0.268482 0.388682 0.148693 0.235449
67.200000 0.235776 0.335991 0.125104 0.138800 0.268571 0.388685 0.148692 0.235616
67.400000 0.235750 0.336043 0.124961 0.138803 0.268721 0.388665 0.148726 0.235763
67.600000 0.235600 0.336146 0.124965 0.138979 0.269144 0.388760 0.148718 0.236012
67.800000 0.235788 0.336160 0.124937 0.138880 0.269246 0.388680 0.148815 0.236093
68.000000 0.235550 0.336382 0.124946 0.138905 0.269521 0.388868 0.148897 0.236184
68.200000 0.235646 0.336556 0.124996 0.138867 0.269918 0.388725 0.148951 0.236658
68.400000 0.235710 0.336538 0.124908 0.138894 0.269816 0.388849 0.148921 0.236551
68.600000 0.235677 0.336679 0.124987 0.138730 0.270093 0.388668 0.148990 0.236707
68.800000 0.235645 0.336814 0.124974 0.138881 0.270292 0.388804 0.148973 0.236971
69.000000 0.235617 0.336639 0.124919 0.139003 0.270480 0.388811 0.149028 0.237209
69.200000 0.235664 0.336802 0.124922 0.139003 0.270561 0.388927 0.148957 0.237330
69.400000 0.235636 0.337048 0.124977 0.139130 0.270918 0.388833 0.149216 0.237433
69.600000 0.235701 0.337156 0.125051 0.139118 0.271129 0.388873 0.149112 0.237479
69.800000 0.235657 0.337265 0.125011 0.139084 0.271295 0.388799 0.149227 0.237724
70.000000 0.235623 0.337314 0.125068 0.139018 0.271294 0.389078 0.149078 0.238036
70.200000 0.235664 0.337407 0.125030 0.139039 0.271369 0.388839 0.149238 0.237888
70.400000 0.235570 0.337451 0.125075 0.139141 0.271791 0.388808 0.149358 0.238111
70.600000 0.235459 0.337538 0.125042 0.139008 0.271841 0.388813 0.149329 0.238295
70.800000 0.235449 0.337780 0.124874 0.139008 0.271960 0.388696 0.149287 0.238577
71.000000 0.235627 0.337746 0.125008 0.139139 0.272279 0.389096 0.149258 0.238590
71.200000 0.235457 0.337816 0.124953 0.139073 0.272460 0.389064 0.149453 0.238701
71.400000 0.235581 0.337831 0.124992 0.139050 0.272621 0.388988 0.149418 0.238846
71.600000 0.235528 0.338044 0.124825 0.139037 0.272796 0.388977 0.149487 0.238879
71.800000 0.235562 0.338246 0.124985 0.138966 0.272859 0.389115 0.149512 0.238960
72.000000 0.235388 0.337899 0.125008 0.139109 0.273148 0.389200 0.149315 0.239241
72.200000 0.235471 0.338042 0.124837 0.139079 0.273199 0.388906 0.149487 0.239525
72.400000 0.235513 0.338369 0.125106 0.139072 0.273628 0.389159 0.149686 0.239561
72.600000 0.235502 0.338324 0.125055 0.139270 0.273533 0.389174 0.149604 0.239842
72.800000 0.235310 0.338423 0.125129 0.139289 0.273601 0.389177 0.149618 0.239636
73.000000 0.235320 0.338564 0.124983 0.139188 0.273753 0.389184 0.149682 0.239750
73.200000 0.235407 0.338489 0.125117 0.139281 0.273795 0.389078 0.149616 0.239803
73.400000 0.235460 0.338856 0.125037 0.139189 0.274060 0.389203 0.149825 0.240134
73.600000 0.235439 0.338596 0.125093 0.139155 0.274358 0.389386 0.149704 0.240293
73.800000 0.235423 0.338661 0.125079 0.139180 0.274578 0.389383 0.149587 0.240355
74.000000 0.235459 0.338740 0.125101 0.139176 0.274732 0.389159 0.149820 0.240503
74.200000 0.235466 0.338931 0.125068 0.139330 0.274785 0.389105 0.149869 0.240753
74.400000 0.235315 0.339063 0.125077 0.139172 0.275073 0.389378 0.149848 0.240814
74.600000 0.235416 0.339192 0.125009 0.139294 0.275226 0.389316 0.149855 0.240918
74.800000 0.235382 0.339302 0.124982 0.139203 0.275353 0.389251 0.149865 0.240985
75.000000 0.235398 0.339147 0.125058 0.139298 0.275561 0.389340 0.149825 0.241166
75.200000 0.235335 0.339586 0.125049 0.139287 0.275670 0.389219 0.150023 0.241270
75.400000 0.235538 0.339474 0.125114 0.139374 0.275857 0.389444 0.149870 0.241525
75.600000 0.235421 0.339409 0.124698 0.139369 0.275984 0.389552 0.149848 0.241542
75.800000 0.235415 0.339648 0.125125 0.139432 0.276181 0.389438 0.149961 0.241599
76.000000 0.235401 0.339631 0.124978 0.139366 0.276101 0.389431 0.150020 0.241571
76.200000 0.235359 0.339733 0.125097 0.139117 0.276331 0.389432 0.149856 0.241705
76.400000 0.235420 0.339778 0.125179 0.139369 0.276442 0.389456 0.150055 0.241939
76.600000 0.235419 0.339912 0.125117 0.139400 0.276767 0.389513 0.150056 0.241854
76.800000 0.235364 0.339917 0.125102 0.139436 0.276396 0.389463 0.150043 0.242104
77.000000 0.235381 0.339945 0.125111 0.139384 0.276875 0.389503 0.150175 0.242238
77.200000 0.235353 0.340006 0.125067 0.139385 0.276946 0.389498 0.150012 0.242174
77.400000 0.235329 0.339925 0.125039 0.139582 0.277048 0.389270 0.150045 0.242395
77.600000 0.235343 0.340067 0.125121 0.139413 0.277175 0.389474 0.150225 0.242506
77.800000 0.235334 0.340377 0.124978 0.139446 0.277374 0.389674 0.150238 0.242584
78.000000 0.235380 0.340201 0.124974 0.139435 0.277121 0.389516 0.150206 0.242701
78.200000 0.235156 0.340307 0.125097 0.139433 0.277536 0.389530 0.150245 0.242765
78.400000 0.235327 0.340323 0.125031 0.139446 0.277619 0.389657 0.150023 0.242900
78.600000 0.235311 0.340371 0.125068 0.139474 0.277786 0.389627 0.150099 0.242786
78.800000 0.235179 0.340476 0.125112 0.139596 0.277847 0.389612 0.150406 0.243034
79.000000 0.235161 0.340525 0.125185 0.139315 0.277881 0.389565 0.150165 0.243076
79.200000 0.235145 0.340376 0.125117 0.139418 0.278107 0.389625 0.150154 0.242801
79.400000 0.235153 0.340467 0.125117 0.139504 0.278190 0.389691 0.150287 0.243288
79.600000 0.235148 0.340730 0.125002 0.139517 0.278320 0.389636 0.150420 0.243225
79.800000 0.235043 0.340738 0.125101 0.139597 0.278456 0.389788 0.150310 0.243527
80.000000 0.235420 0.340692 0.125142 0.139528 0.278533 0.389647 0.150430 0.243680
80.200000 0.235232 0.340853 0.125071 0.139478 0.278673 0.389628 0.150188 0.243644
80.400000 0.235145 0.340974 0.124980 0.139586 0.278776 0.389798 0.150498 0.243802
80.600000 0.235266 0.341018 0.125008 0.139318 0.279044 0.389734 0.150376 0.243976
80.800000 0.235418 0.340997 0.125149 0.139325 0.279054 0.390006 0.150604 0.243920
81.000000 0.235232 0.341002 0.124954 0.139580 0.279165 0.389814 0.150396 0.243902
81.200000 0.235256 0.340985 0.125081 0.139589 0.279107 0.389860 0.150461 0.244055
81.400000 0.235225 0.341085 0.125104 0.139543 0.279278 0.389868 0.150477 0.244045
81.600000 0.235188 0.341119 0.125105 0.139532 0.279381 0.389746 0.150560 0.244001
81.800000 0.235015 0.340793 0.125103 0.139578 0.279683 0.389859 0.150448 0.244238
82.000000 0.235252 0.341333 0.125235 0.139569 0.279600 0.389882 0.150566 0.244423
82.200000 0.235201 0.341455 0.125273 0.139491 0.279641 0.389943 0.150202 0.244300
82.400000 0.235283 0.341256 0.124927 0.139530 0.279633 0.389857 0.150567 0.244489
82.600000 0.235091 0.341468 0.125179 0.139718 0.279769 0.389940 0.150604 0.244579
82.800000 0.235021 0.341443 0.125122 0.139598 0.280092 0.389965 0.150577 0.244664
83.000000 0.235266 0.341437 0.124847 0.139725 0.279957 0.389799 0.150597 0.244699
83.200000 0.234996 0.341599 0.124971 0.139578 0.280041 0.390010 0.150580 0.244833
83.400000 0.235009 0.341342 0.125119 0.139815 0.280166 0.389952 0.150685 0.244791
83.600000 0.235072 0.341576 0.125141 0.139763 0.280281 0.390005 0.150557 0.244869
83.800000 0.235111 0.341599 0.125114 0.139757 0.280292 0.389977 0.150375 0.244946
84.000000 0.235254 0.341582 0.125088 0.139657 0.280495 0.390113 0.150476 0.244966
84.200000 0.235125 0.341350 0.125235 0.139521 0.280433 0.390120 0.150619 0.245016
84.400000 0.235112 0.341782 0.125134 0.139667 0.280462 0.389863 0.150682 0.245142
84.600000 0.235055 0.341756 0.125157 0.139761 0.280647 0.389923 0.150722 0.245074
84.800000 0.235122 0.341557 0.124975 0.139676 0.280696 0.389893 0.150667 0.245346
85.000000 0.235111 0.341805 0.125158 0.139681 0.280876 0.390051 0.150741 0.245297
85.200000 0.235068 0.341929 0.125272 0.139599 0.280818 0.390091 0.150610 0.245336
85.400000 0.235113 0.341854 0.124973 0.139717 0.280663 0.390071 0.150644 0.245342
85.600000 0.235112 0.342101 0.125004 0.139530 0.281115 0.390117 0.150674 0.245071
85.800000 0.235118 0.342063 0.125235 0.139728 0.281087 0.390119 0.150847 0.245544
86.000000 0.235086 0.342001 0.125222 0.139755 0.281209 0.390079 0.150849 0.245447
86.200000 0.235083 0.342047 0.125261 0.139645 0.281299 0.390270 0.150808 0.245627
86.400000 0.235096 0.342122 0.125026 0.139623 0.281360 0.390093 0.150844 0.245805
86.600000 0.235122 0.342025 0.124973 0.139716 0.281436 0.390074 0.150689 0.245788
86.800000 0.235131 0.342243 0.125268 0.139690 0.281628 0.390024 0.150772 0.245851
87.000000 0.235114 0.342135 0.125067 0.139923 0.281453 0.390291 0.150643 0.245962
87.200000 0.235105 0.342131 0.125164 0.139767 0.281578 0.390212 0.150691 0.245906
87.400000 0.235105 0.342268 0.125092 0.139800 0.281879 0.390272 0.150777 0.246075
87.600000 0.235096 0.342121 0.125123 0.139740 0.281512 0.390314 0.150777 0.246036
87.800000 0.235058 0.342144 0.125139 0.139737 0.281975 0.390266 0.150904 0.246152
88.000000 0.235012 0.342217 0.125043 0.139809 0.281975 0.390216 0.150781 0.246242
88.200000 0.235128 0.342262 0.125139 0.139855 0.281978 0.390304 0.150844 0.246223
88.400000 0.235060 0.342323 0.124992 0.139824 0.282199 0.390286 0.150887 0.246163
88.600000 0.234839 0.342281 0.124995 0.139757 0.281889 0.390193 0.150797 0.246266
88.800000 0.235040 0.342428 0.125218 0.139838 0.282149 0.390300 0.150877 0.246339
89.000000 0.235016 0.342429 0.125055 0.139821 0.282218 0.390381 0.150800 0.246286
89.200000 0.235029 0.342523 0.125127 0.139838 0.282279 0.390251 0.150875 0.246451
89.400000 0.235003 0.342567 0.125168 0.139853 0.282145 0.390183 0.150671 0.246580
89.600000 0.234859 0.342484 0.125158 0.139804 0.282312 0.390350 0.150940 0.246577
89.800000 0.234833 0.342470 0.125084 0.139716 0.282418 0.390331 0.150841 0.246459
90.000000 0.235043 0.342678 0.125257 0.139807 0.282472 0.390420 0.150802 0.246684
