0.200000 0.211170 0.334794 0.127685 0.145571 0.302017 0.424038 0.155158 0.262944
0.400000 0.210899 0.334187 0.127423 0.145549 0.301356 0.423804 0.154929 0.262228
0.600000 0.210971 0.333910 0.127559 0.145285 0.300651 0.423816 0.154610 0.261759
0.800000 0.211008 0.333775 0.127512 0.145347 0.300348 0.423845 0.154722 0.261403
1.000000 0.210955 0.333418 0.127474 0.145130 0.299782 0.423906 0.154454 0.261028
1.200000 0.210916 0.333212 0.127549 0.145157 0.299366 0.423863 0.154199 0.260490
1.400000 0.211020 0.333120 0.127554 0.145198 0.298737 0.423625 0.154282 0.260258
1.600000 0.210920 0.332673 0.127512 0.145155 0.298399 0.423824 0.154144 0.259758
1.800000 0.210847 0.332584 0.127500 0.145106 0.297580 0.423646 0.154002 0.259465
2.000000 0.210845 0.332473 0.127657 0.145047 0.297223 0.423672 0.153941 0.259032
2.200000 0.210802 0.332063 0.127546 0.144808 0.296711 0.423477 0.153659 0.258701
2.400000 0.210747 0.331814 0.127543 0.145026 0.296184 0.423499 0.153674 0.258200
2.600000 0.210762 0.331687 0.127553 0.144846 0.295707 0.423644 0.153552 0.257858
2.800000 0.210752 0.331316 0.127160 0.144701 0.295283 0.423608 0.153281 0.257534
3.000000 0.210682 0.331200 0.127372 0.144691 0.294734 0.423729 0.153349 0.257054
3.200000 0.210635 0.330998 0.127341 0.144683 0.294392 0.423476 0.153212 0.256788
3.400000 0.210671 0.330722 0.127373 0.144843 0.293828 0.423546 0.153142 0.256352
3.600000 0.210598 0.330365 0.127298 0.144638 0.293289 0.423382 0.153043 0.256142
3.800000 0.210657 0.330243 0.127279 0.144643 0.292773 0.423334 0.153009 0.255665
4.000000 0.210617 0.330192 0.127159 0.144469 0.292487 0.423417 0.152741 0.255280
4.200000 0.210429 0.329825 0.127404 0.144460 0.291983 0.423387 0.152661 0.254900
4.400000 0.210568 0.329629 0.127392 0.144473 0.291521 0.423381 0.152512 0.254549
4.600000 0.210500 0.329428 0.127305 0.144286 0.291080 0.423343 0.152466 0.254070
4.800000 0.210491 0.329238 0.127156 0.144227 0.290566 0.423384 0.152405 0.253806
5.000000 0.210437 0.329027 0.127133 0.144278 0.289978 0.423155 0.152142 0.253505
5.200000 0.210462 0.328806 0.127141 0.144149 0.289695 0.423310 0.152194 0.253271
5.400000 0.210449 0.328636 0.127115 0.144154 0.289236 0.423263 0.152058 0.252800
5.600000 0.210551 0.328237 0.127122 0.144172 0.288776 0.423373 0.152102 0.252408
5.800000 0.210273 0.328157 0.127196 0.143962 0.288374 0.423227 0.151821 0.251960
6.000000 0.210389 0.327795 0.127156 0.143942 0.287783 0.423219 0.151753 0.251729
6.200000 0.210409 0.327892 0.127137 0.144002 0.287468 0.423183 0.151639 0.251421
6.400000 0.210412 0.327591 0.127183 0.143941 0.286884 0.423160 0.151591 0.250882
6.600000 0.210322 0.327348 0.127249 0.143761 0.286431 0.423017 0.151381 0.250606
6.800000 0.210264 0.327028 0.127093 0.143754 0.285876 0.423275 0.151320 0.250222
7.000000 0.210155 0.326893 0.127131 0.143516 0.285375 0.423118 0.151182 0.249924
7.200000 0.210287 0.326780 0.126997 0.143676 0.285266 0.423023 0.151165 0.249490
7.400000 0.210255 0.326464 0.127006 0.143704 0.284685 0.422952 0.151038 0.249263
7.600000 0.210239 0.326350 0.127044 0.143538 0.284275 0.422942 0.150824 0.248747
7.800000 0.210196 0.326147 0.126811 0.143559 0.283869 0.422957 0.150672 0.248544
8.000000 0.210180 0.325776 0.127081 0.143328 0.283396 0.422922 0.150727 0.248235
8.200000 0.210159 0.325764 0.126882 0.143400 0.282931 0.422900 0.150601 0.247898
8.400000 0.210152 0.325615 0.127035 0.143387 0.282578 0.422696 0.150529 0.247411
8.600000 0.210005 0.325325 0.126891 0.143316 0.282138 0.422674 0.150381 0.247278
8.800000 0.210075 0.325101 0.126994 0.143302 0.281788 0.422840 0.150282 0.247010
9.000000 0.210105 0.324875 0.126901 0.143026 0.281211 0.422774 0.150044 0.246608
9.200000 0.210044 0.324836 0.126849 0.143173 0.281003 0.422758 0.150130 0.246339
9.400000 0.210068 0.324669 0.127103 0.143108 0.280632 0.422809 0.150068 0.246010
9.600000 0.210047 0.324481 0.126910 0.142902 0.280086 0.422648 0.149983 0.245677
9.800000 0.209997 0.324163 0.127075 0.142608 0.279835 0.422584 0.149843 0.245469
10.000000 0.210009 0.324067 0.126864 0.143041 0.279520 0.422708 0.149813 0.245158
10.200000 0.209973 0.323964 0.126869 0.142928 0.278696 0.422584 0.149602 0.244827
10.400000 0.209947 0.323911 0.126892 0.142849 0.278907 0.422381 0.149556 0.244551
10.600000 0.210078 0.323494 0.126901 0.142818 0.278032 0.422434 0.149527 0.244221
10.800000 0.209940 0.323339 0.127071 0.142692 0.278006 0.422598 0.149246 0.243851
11.000000 0.209852 0.323171 0.126731 0.142778 0.277439 0.422400 0.149291 0.243576
11.200000 0.209879 0.322878 0.126783 0.142694 0.277251 0.422553 0.149221 0.243370
11.400000 0.209869 0.322853 0.126964 0.142677 0.276764 0.422407 0.149146 0.243019
11.600000 0.209867 0.322756 0.126817 0.142805 0.276389 0.422493 0.148934 0.242867
11.800000 0.209834 0.322570 0.126742 0.142552 0.275731 0.422372 0.149073 0.242447
12.000000 0.209665 0.322413 0.126678 0.142653 0.275577 0.422225 0.148820 0.242132
12.200000 0.209957 0.322250 0.126938 0.142220 0.275309 0.422330 0.148603 0.241765
12.400000 0.209808 0.322150 0.126889 0.142465 0.274913 0.422226 0.148523 0.241682
12.600000 0.209790 0.321960 0.126807 0.142427 0.274644 0.422223 0.148671 0.241286
12.800000 0.209933 0.321868 0.126951 0.142512 0.273926 0.422261 0.148377 0.240806
13.000000 0.209714 0.321375 0.126649 0.142256 0.273688 0.422304 0.148331 0.240621
13.200000 0.209727 0.321264 0.126742 0.142286 0.273401 0.422183 0.148231 0.240387
13.400000 0.209697 0.321117 0.126785 0.142306 0.273058 0.422183 0.148314 0.240153
13.600000 0.209683 0.321014 0.126755 0.142090 0.272573 0.422146 0.148193 0.239957
13.800000 0.209618 0.320874 0.126764 0.142211 0.272290 0.422127 0.148245 0.239412
14.000000 0.209702 0.320454 0.126728 0.142156 0.271941 0.421917 0.148097 0.239280
14.200000 0.209767 0.320508 0.126777 0.142136 0.271854 0.421923 0.148067 0.238984
14.400000 0.209463 0.320353 0.126669 0.141738 0.271283 0.421908 0.147899 0.238857
14.600000 0.209728 0.320399 0.126399 0.142064 0.271037 0.421913 0.148001 0.238553
14.800000 0.209643 0.320203 0.126595 0.141950 0.270774 0.422097 0.147623 0.238432
15.000000 0.209573 0.319961 0.126551 0.141862 0.270440 0.421805 0.147699 0.238176
15.200000 0.209563 0.319892 0.126549 0.141765 0.270201 0.421968 0.147597 0.237788
15.400000 0.209532 0.319777 0.126743 0.141861 0.269980 0.421907 0.147523 0.237650
15.600000 0.209497 0.319510 0.126603 0.141787 0.269575 0.421871 0.147493 0.237254
15.800000 0.209374 0.319386 0.126696 0.141736 0.269181 0.421574 0.147470 0.237250
16.000000 0.209370 0.319493 0.126691 0.141772 0.268915 0.422034 0.147351 0.236940
16.200000 0.209378 0.319225 0.126585 0.141652 0.268630 0.421843 0.147290 0.236672
16.400000 0.209547 0.319006 0.126638 0.141641 0.268176 0.421835 0.147095 0.236390
16.600000 0.209476 0.318761 0.126629 0.141665 0.268028 0.421737 0.147107 0.236198
16.800000 0.209446 0.318905 0.126624 0.141471 0.267705 0.421683 0.147071 0.235891
17.000000 0.209422 0.318639 0.126542 0.141483 0.267472 0.421662 0.146826 0.235679
17.200000 0.209435 0.318447 0.126520 0.141602 0.267150 0.421490 0.146904 0.235212
17.400000 0.209225 0.318241 0.126516 0.141544 0.266735 0.421501 0.146790 0.235196
17.600000 0.209407 0.318034 0.126532 0.141585 0.266359 0.421416 0.146685 0.234989
17.800000 0.209386 0.318077 0.126550 0.141376 0.266116 0.421625 0.146725 0.234970
18.000000 0.209315 0.317881 0.126344 0.141418 0.265916 0.421580 0.146611 0.234678
18.200000 0.209274 0.317711 0.126619 0.141296 0.265664 0.421529 0.146719 0.234275
18.400000 0.209213 0.317639 0.126486 0.141191 0.265233 0.421590 0.146587 0.233930
18.600000 0.209237 0.317608 0.126551 0.141293 0.265023 0.421504 0.146451 0.233864
18.800000 0.209314 0.317425 0.126344 0.141282 0.264874 0.421590 0.146381 0.233467
19.000000 0.209208 0.317276 0.126408 0.141192 0.264346 0.421426 0.146257 0.233361
19.200000 0.209314 0.317152 0.126549 0.141236 0.264249 0.421557 0.146266 0.233210
19.400000 0.209250 0.317124 0.126399 0.141280 0.263678 0.421559 0.146136 0.232883
19.600000 0.209222 0.316895 0.126351 0.141081 0.263500 0.421374 0.146168 0.232554
19.800000 0.209154 0.316768 0.126482 0.140962 0.263346 0.421341 0.146077 0.232425
20.000000 0.209195 0.316650 0.126488 0.140917 0.262920 0.421338 0.146008 0.232315
20.200000 0.209170 0.316518 0.126405 0.140886 0.262684 0.421272 0.145955 0.231896
20.400000 0.209186 0.316460 0.126472 0.141062 0.262162 0.421267 0.146020 0.231806
20.600000 0.209106 0.316291 0.126451 0.141045 0.262058 0.421201 0.145724 0.231535
20.800000 0.209107 0.316112 0.126287 0.140864 0.261781 0.421149 0.145776 0.231105
21.000000 0.209059 0.316027 0.126358 0.140955 0.261541 0.421251 0.145569 0.231111
21.200000 0.209100 0.315955 0.126393 0.140885 0.261281 0.421286 0.145628 0.230821
21.400000 0.209137 0.315641 0.126323 0.140780 0.260970 0.421103 0.145443 0.230840
21.600000 0.209075 0.315641 0.126444 0.140763 0.260724 0.421103 0.145495 0.230498
21.800000 0.209088 0.315540 0.126259 0.140644 0.260500 0.421076 0.145497 0.230309
22.000000 0.208985 0.315274 0.126324 0.140836 0.260159 0.420998 0.145357 0.229983
22.200000 0.208914 0.315367 0.126203 0.140730 0.259946 0.420846 0.145196 0.229926
22.400000 0.208907 0.315100 0.126252 0.140551 0.259468 0.420847 0.145216 0.229692
22.600000 0.209024 0.314832 0.126397 0.140659 0.259104 0.420944 0.145239 0.229414
22.800000 0.209037 0.315084 0.126290 0.140438 0.259162 0.421053 0.145209 0.229302
23.000000 0.209027 0.314904 0.126368 0.140595 0.258887 0.421063 0.145244 0.229106
23.200000 0.209007 0.314725 0.126238 0.140544 0.258499 0.420935 0.145066 0.228744
23.400000 0.208987 0.314562 0.126246 0.140419 0.258331 0.420880 0.145059 0.228664
23.600000 0.208961 0.314396 0.126360 0.140454 0.258105 0.420911 0.144956 0.228313
23.800000 0.208951 0.314333 0.126245 0.140404 0.257873 0.420740 0.144706 0.228366
24.000000 0.208912 0.314209 0.126281 0.140426 0.257502 0.420960 0.144829 0.227972
24.200000 0.209028 0.314097 0.126267 0.140425 0.257338 0.420752 0.144787 0.227944
24.400000 0.208929 0.313994 0.126280 0.140331 0.256990 0.420535 0.144683 0.227715
24.600000 0.208746 0.313865 0.126216 0.140256 0.256844 0.420716 0.144544 0.227583
24.800000 0.208882 0.313733 0.126350 0.140238 0.256743 0.420690 0.144522 0.227236
25.000000 0.208750 0.313703 0.126058 0.140211 0.256396 0.420640 0.144504 0.227116
25.200000 0.208865 0.313482 0.126302 0.140371 0.256135 0.420642 0.144633 0.227087
25.400000 0.208877 0.313344 0.126284 0.140344 0.255933 0.420638 0.144632 0.226780
25.600000 0.208808 0.313319 0.126251 0.140151 0.255732 0.420474 0.144472 0.226441
25.800000 0.208819 0.313171 0.126321 0.139983 0.255342 0.420529 0.144168 0.226293
26.000000 0.208803 0.312969 0.126202 0.140140 0.255047 0.420442 0.144289 0.226257
26.200000 0.208597 0.312917 0.125994 0.140002 0.254955 0.420463 0.144345 0.225871
26.400000 0.208800 0.312918 0.126145 0.140056 0.254586 0.420538 0.144210 0.225612
26.600000 0.208767 0.312784 0.126138 0.140170 0.254388 0.420449 0.144084 0.225436
26.800000 0.208641 0.312631 0.126154 0.139987 0.254161 0.420263 0.143914 0.225374
27.000000 0.208732 0.312539 0.126122 0.140033 0.253855 0.420383 0.144153 0.225180
27.200000 0.208839 0.312465 0.126159 0.139952 0.253681 0.420083 0.143900 0.224997
27.400000 0.208733 0.312271 0.126048 0.139785 0.253453 0.420370 0.144010 0.224778
27.600000 0.208591 0.312082 0.126132 0.139771 0.253266 0.420343 0.143888 0.224682
27.800000 0.208693 0.312189 0.126151 0.139818 0.252702 0.420350 0.144042 0.224459
28.000000 0.208668 0.312038 0.126100 0.139799 0.252695 0.420175 0.143829 0.224437
28.200000 0.208687 0.311877 0.126110 0.139902 0.252501 0.420354 0.143591 0.224168
28.400000 0.208652 0.311849 0.126089 0.139669 0.252176 0.420266 0.143606 0.223972
28.600000 0.208630 0.311630 0.126189 0.139890 0.252129 0.420150 0.143667 0.223767
28.800000 0.208600 0.311464 0.126170 0.139710 0.251709 0.420194 0.143459 0.223607
29.000000 0.208522 0.311284 0.125899 0.139815 0.251420 0.420070 0.143387 0.223272
29.200000 0.208613 0.311384 0.126047 0.139688 0.251378 0.420076 0.143521 0.223285
29.400000 0.208582 0.311312 0.126083 0.139723 0.251108 0.419987 0.143499 0.223158
29.600000 0.208617 0.311349 0.125766 0.139672 0.250971 0.420157 0.143505 0.223066
29.800000 0.208446 0.311092 0.126078 0.139436 0.250695 0.420367 0.143396 0.222759
30.000000 0.208437 0.310822 0.125964 0.139612 0.250512 0.419927 0.143327 0.222546
30.200000 0.208551 0.310904 0.126058 0.139537 0.250276 0.420144 0.143200 0.222093
30.400000 0.208368 0.310844 0.126089 0.139520 0.250003 0.419850 0.143409 0.222223
30.600000 0.208775 0.310710 0.126082 0.139616 0.249846 0.419961 0.143105 0.221912
30.800000 0.210103 0.310805 0.125920 0.139477 0.249587 0.420052 0.143253 0.221917
31.000000 0.212628 0.310409 0.126044 0.139456 0.249401 0.419884 0.143163 0.221655
31.200000 0.216165 0.310416 0.126091 0.139394 0.249274 0.419875 0.143147 0.221600
31.400000 0.220344 0.310325 0.126034 0.139445 0.249310 0.419776 0.142980 0.221426
31.600000 0.226579 0.310150 0.126100 0.139478 0.249146 0.419774 0.143147 0.221633
31.800000 0.232183 0.310361 0.126067 0.139651 0.249587 0.419826 0.143252 0.221960
32.000000 0.237995 0.310269 0.126188 0.139499 0.250013 0.419884 0.143326 0.222086
32.200000 0.243672 0.310310 0.126094 0.139732 0.250213 0.419798 0.143442 0.222439
32.400000 0.248987 0.310723 0.126115 0.139772 0.251201 0.419991 0.143598 0.223072
32.600000 0.253822 0.310932 0.125887 0.140110 0.252146 0.419940 0.143873 0.223567
32.800000 0.257787 0.311366 0.126351 0.140450 0.253118 0.419902 0.144125 0.224472
33.000000 0.261645 0.311751 0.126345 0.140535 0.254398 0.419864 0.144298 0.225326
33.200000 0.264847 0.312697 0.126530 0.140846 0.255677 0.419931 0.144597 0.226321
33.400000 0.267309 0.313354 0.126549 0.141336 0.257039 0.420060 0.144820 0.227457
33.600000 0.269741 0.314536 0.126755 0.141687 0.258645 0.420000 0.145139 0.228499
33.800000 0.271586 0.315661 0.126855 0.142111 0.260223 0.419875 0.145281 0.229722
34.000000 0.273070 0.316858 0.126955 0.142535 0.261903 0.419940 0.145697 0.230927
34.200000 0.274214 0.318273 0.127108 0.143085 0.263597 0.420103 0.146022 0.232390
34.400000 0.275118 0.319628 0.127347 0.143563 0.265495 0.420189 0.146133 0.233339
34.600000 0.275426 0.321289 0.127370 0.143902 0.267192 0.419974 0.146708 0.235273
34.800000 0.276073 0.322882 0.127594 0.144447 0.269294 0.420212 0.147068 0.236729
35.000000 0.276719 0.324912 0.127837 0.145069 0.271269 0.420257 0.147393 0.238330
35.200000 0.277006 0.326577 0.127873 0.145450 0.273296 0.420345 0.147824 0.239791
35.400000 0.276968 0.328570 0.128257 0.145882 0.275091 0.420352 0.148060 0.241408
35.600000 0.277129 0.330321 0.128302 0.146396 0.276979 0.420314 0.148345 0.242918
35.800000 0.276963 0.332126 0.128394 0.146909 0.279003 0.420526 0.148640 0.244490
36.000000 0.277050 0.333880 0.128670 0.147300 0.280981 0.420574 0.149084 0.245985
36.200000 0.276856 0.335985 0.128821 0.147814 0.282925 0.420482 0.149392 0.247696
36.400000 0.276650 0.337926 0.129064 0.148263 0.284915 0.420525 0.149564 0.249199
36.600000 0.276405 0.340117 0.129100 0.148651 0.287166 0.420384 0.150040 0.250936
36.800000 0.276285 0.341998 0.129380 0.149219 0.289127 0.420595 0.150552 0.252622
37.000000 0.276092 0.343896 0.129413 0.149476 0.290986 0.420625 0.150517 0.254195
37.200000 0.275589 0.346192 0.129643 0.149823 0.292984 0.420553 0.150915 0.255901
37.400000 0.275296 0.348105 0.129946 0.150270 0.295141 0.420656 0.151433 0.257594
37.600000 0.275195 0.350279 0.130125 0.150617 0.297344 0.420769 0.151707 0.259509
37.800000 0.274774 0.352868 0.130119 0.151075 0.299878 0.420737 0.152178 0.261600
38.000000 0.274391 0.355166 0.130313 0.151559 0.302244 0.420814 0.152480 0.263392
38.200000 0.273949 0.357345 0.130395 0.151725 0.304268 0.420719 0.152787 0.264956
38.400000 0.273893 0.359125 0.130581 0.152251 0.306342 0.420744 0.153188 0.266789
38.600000 0.273507 0.361036 0.130701 0.152450 0.308261 0.420985 0.153352 0.268315
38.800000 0.273197 0.362965 0.130771 0.152670 0.310335 0.420902 0.153762 0.270194
39.000000 0.272893 0.364923 0.130782 0.153285 0.312303 0.420895 0.154180 0.271847
39.200000 0.272641 0.366895 0.130998 0.153378 0.314314 0.421029 0.154442 0.273505
39.400000 0.272350 0.368952 0.130931 0.153873 0.316417 0.420886 0.154809 0.274993
39.600000 0.272095 0.370562 0.131353 0.154059 0.318003 0.421048 0.155077 0.276640
39.800000 0.271627 0.372323 0.131304 0.154184 0.319993 0.421159 0.155379 0.278400
40.000000 0.271573 0.374408 0.131524 0.154628 0.321999 0.421252 0.155642 0.279889
40.200000 0.271150 0.375988 0.131336 0.154583 0.324090 0.420993 0.155987 0.281590
40.400000 0.271141 0.377932 0.131573 0.154932 0.325809 0.421535 0.156315 0.283328
40.600000 0.270636 0.379633 0.131574 0.155199 0.327864 0.421318 0.156463 0.284828
40.800000 0.270236 0.381411 0.131728 0.155605 0.329797 0.421430 0.156900 0.286439
41.000000 0.270298 0.382872 0.131919 0.155793 0.331672 0.421426 0.157022 0.288013
41.200000 0.270047 0.384568 0.131806 0.156039 0.333651 0.421382 0.157556 0.289640
41.400000 0.269622 0.386119 0.131944 0.156192 0.335243 0.421315 0.157633 0.291159
41.600000 0.269600 0.387811 0.131999 0.156475 0.337371 0.421534 0.157946 0.292689
41.800000 0.269321 0.389313 0.132049 0.156597 0.338956 0.421291 0.158349 0.294262
42.000000 0.269073 0.390849 0.132113 0.156763 0.340681 0.421606 0.158604 0.295687
42.200000 0.268933 0.392173 0.131998 0.156866 0.342528 0.421585 0.158922 0.297137
42.400000 0.268436 0.393616 0.132189 0.157126 0.344170 0.421693 0.159268 0.298656
42.600000 0.268537 0.395058 0.132201 0.157392 0.345862 0.421683 0.159367 0.300069
42.800000 0.268105 0.396487 0.132213 0.157439 0.347449 0.421660 0.159640 0.301610
43.000000 0.268068 0.397916 0.132384 0.157672 0.349162 0.421711 0.159905 0.303143
43.200000 0.267656 0.399094 0.132515 0.157844 0.350887 0.421833 0.160267 0.304140
43.400000 0.267735 0.400264 0.132420 0.157815 0.352564 0.421807 0.160460 0.305914
43.600000 0.267637 0.401505 0.132572 0.158188 0.354156 0.421898 0.160730 0.307240
43.800000 0.267199 0.402740 0.132570 0.158377 0.355978 0.422053 0.161206 0.308478
44.000000 0.267044 0.403924 0.132602 0.158337 0.357093 0.422042 0.161350 0.309805
44.200000 0.266925 0.405144 0.132603 0.158675 0.358827 0.421917 0.161708 0.311371
44.400000 0.266783 0.406700 0.132689 0.158699 0.360799 0.422147 0.161949 0.313003
44.600000 0.266536 0.407960 0.132737 0.158881 0.362502 0.422128 0.162161 0.314277
44.800000 0.266320 0.408960 0.132792 0.158880 0.364001 0.422080 0.162595 0.315442
45.000000 0.266265 0.409663 0.132791 0.159129 0.365576 0.422313 0.162601 0.316718
45.200000 0.266100 0.410941 0.132462 0.159191 0.366670 0.422102 0.162893 0.317782
45.400000 0.265983 0.412037 0.133046 0.159305 0.368055 0.422232 0.163152 0.319008
45.600000 0.265811 0.413054 0.132874 0.159304 0.369483 0.422587 0.163559 0.320258
45.800000 0.265548 0.413823 0.132955 0.159421 0.370878 0.422244 0.163623 0.321481
46.000000 0.265534 0.414668 0.132940 0.159547 0.372241 0.422260 0.164011 0.322436
46.200000 0.265130 0.414833 0.132788 0.159684 0.373350 0.422609 0.164106 0.323337
46.400000 0.265211 0.416280 0.132832 0.159847 0.374754 0.422499 0.164222 0.324420
46.600000 0.265105 0.417264 0.132988 0.160053 0.375828 0.422654 0.164540 0.325463
46.800000 0.265015 0.417993 0.133031 0.159793 0.377153 0.422368 0.164712 0.326654
47.000000 0.264807 0.418829 0.132914 0.160140 0.378417 0.422660 0.164943 0.327711
47.200000 0.264673 0.419521 0.133175 0.159951 0.379623 0.422657 0.164993 0.328629
47.400000 0.264586 0.420312 0.133064 0.160075 0.380681 0.422566 0.165314 0.329633
47.600000 0.264433 0.420947 0.132838 0.160009 0.381870 0.422671 0.165547 0.330559
47.800000 0.264323 0.421699 0.132959 0.160227 0.382907 0.422695 0.165749 0.331461
48.000000 0.264072 0.422354 0.133010 0.160421 0.383883 0.422911 0.165931 0.332422
48.200000 0.264077 0.422962 0.133061 0.160332 0.385094 0.422683 0.166079 0.333110
48.400000 0.263871 0.423546 0.132921 0.160451 0.386120 0.422854 0.166348 0.334152
48.600000 0.263869 0.424127 0.133228 0.160452 0.386986 0.422960 0.166624 0.335016
48.800000 0.263898 0.424755 0.133161 0.160558 0.388067 0.423110 0.166671 0.335910
49.000000 0.263628 0.425125 0.133270 0.160813 0.389026 0.423076 0.166631 0.336732
49.200000 0.263461 0.425862 0.133144 0.160726 0.390137 0.423089 0.166958 0.337662
49.400000 0.263369 0.426483 0.133116 0.160790 0.391062 0.423260 0.167292 0.338405
49.600000 0.263343 0.426906 0.133149 0.160860 0.391988 0.423064 0.167288 0.339117
49.800000 0.263106 0.427364 0.133147 0.161082 0.392896 0.423272 0.167661 0.339713
50.000000 0.263074 0.427773 0.133119 0.160850 0.393615 0.423209 0.167773 0.340583
50.200000 0.263045 0.428107 0.133342 0.161025 0.394542 0.423167 0.167882 0.341310
50.400000 0.262780 0.428762 0.132947 0.161127 0.395478 0.423247 0.168080 0.342085
50.600000 0.262621 0.429259 0.133157 0.161119 0.396228 0.423287 0.168275 0.342859
50.800000 0.262704 0.429549 0.133199 0.161155 0.397510 0.423343 0.168313 0.343542
51.000000 0.262480 0.430050 0.133036 0.161169 0.398167 0.423287 0.168307 0.344242
51.200000 0.262527 0.430434 0.133318 0.161221 0.398980 0.423558 0.168853 0.344846
51.400000 0.262404 0.430445 0.133065 0.161244 0.399656 0.423411 0.169050 0.345522
51.600000 0.262330 0.431092 0.133123 0.161363 0.400466 0.423449 0.169191 0.346121
51.800000 0.262347 0.431612 0.133138 0.161219 0.401160 0.423452 0.169131 0.346772
52.000000 0.262194 0.432091 0.133327 0.161431 0.402019 0.423611 0.169253 0.347233
52.200000 0.262006 0.432203 0.133089 0.161384 0.402550 0.423625 0.169374 0.347998
52.400000 0.261889 0.432706 0.133195 0.161319 0.403380 0.423620 0.169527 0.348588
52.600000 0.261915 0.432336 0.133351 0.161486 0.404141 0.422975 0.169560 0.348820
52.800000 0.261630 0.433071 0.133064 0.161323 0.404601 0.423577 0.169703 0.349685
53.000000 0.261584 0.433471 0.132943 0.161375 0.405442 0.423611 0.170054 0.350239
53.200000 0.261657 0.433863 0.133076 0.161609 0.406355 0.423945 0.170303 0.351077
53.400000 0.261602 0.434120 0.133091 0.161706 0.406994 0.423876 0.170522 0.351499
53.600000 0.261675 0.434315 0.133134 0.161630 0.407658 0.424001 0.170465 0.352014
53.800000 0.261459 0.434809 0.133075 0.161634 0.408316 0.423933 0.170664 0.352572
54.000000 0.261233 0.435007 0.133134 0.161352 0.408928 0.423951 0.170822 0.352953
54.200000 0.261357 0.435176 0.133208 0.161595 0.409316 0.424163 0.170907 0.353423
54.400000 0.261194 0.435435 0.133113 0.161806 0.409940 0.423983 0.170958 0.353856
54.600000 0.261175 0.435544 0.133173 0.161769 0.410503 0.424115 0.171354 0.354363
54.800000 0.260953 0.435777 0.133166 0.161800 0.410949 0.424089 0.171360 0.354621
55.000000 0.261101 0.436043 0.133168 0.161865 0.411671 0.424269 0.171371 0.355151
55.200000 0.260970 0.436159 0.133110 0.161843 0.412071 0.424088 0.171521 0.355647
55.400000 0.260903 0.436412 0.133277 0.161762 0.412714 0.424327 0.171778 0.355908
55.600000 0.260861 0.436679 0.133084 0.161847 0.413111 0.424347 0.171820 0.356380
55.800000 0.260716 0.436514 0.133085 0.161874 0.413635 0.424370 0.171670 0.356826
56.000000 0.260720 0.436932 0.133109 0.161951 0.413985 0.424376 0.172073 0.357122
56.200000 0.260613 0.437142 0.133156 0.162074 0.414304 0.424566 0.171973 0.357583
56.400000 0.260580 0.437285 0.133136 0.161936 0.414990 0.424551 0.172203 0.357862
56.600000 0.260474 0.437460 0.133073 0.162199 0.415408 0.424530 0.172331 0.358196
56.800000 0.260457 0.437570 0.133058 0.162088 0.416079 0.424778 0.172425 0.358676
57.000000 0.260389 0.437590 0.133148 0.162170 0.416274 0.424564 0.172517 0.359052
57.200000 0.260291 0.437657 0.133022 0.162159 0.416191 0.424786 0.172680 0.359242
57.400000 0.260257 0.437955 0.133078 0.162143 0.417173 0.424713 0.172685 0.359666
57.600000 0.259889 0.438064 0.133059 0.162094 0.417538 0.424764 0.172819 0.359893
57.800000 0.260150 0.437928 0.132987 0.161855 0.417794 0.424714 0.172747 0.360145
58.000000 0.260093 0.438325 0.132919 0.162202 0.418436 0.424815 0.173003 0.360501
58.200000 0.259857 0.438342 0.132918 0.162103 0.418697 0.424860 0.172890 0.360741
58.400000 0.259970 0.438286 0.132900 0.162320 0.418941 0.425065 0.173337 0.361171
58.600000 0.259879 0.438359 0.133048 0.162131 0.419162 0.424821 0.173315 0.361281
58.800000 0.259714 0.438457 0.133002 0.162350 0.419619 0.424967 0.173311 0.361568
59.000000 0.259792 0.438276 0.133178 0.162105 0.419672 0.424776 0.173284 0.361727
59.200000 0.259773 0.438592 0.132921 0.162315 0.420273 0.425067 0.173463 0.362029
59.400000 0.259586 0.438740 0.133135 0.162100 0.420606 0.425183 0.173540 0.362160
59.600000 0.259663 0.438934 0.133001 0.162311 0.420905 0.425164 0.173755 0.362688
59.800000 0.259582 0.438892 0.132978 0.162268 0.421292 0.425140 0.173510 0.362601
60.000000 0.259408 0.438871 0.132789 0.162132 0.421311 0.425139 0.173714 0.362759
60.200000 0.259465 0.438911 0.132977 0.162303 0.421681 0.425302 0.173690 0.363275
60.400000 0.259265 0.439037 0.133201 0.162318 0.421977 0.425382 0.173883 0.363345
60.600000 0.259151 0.438927 0.132978 0.162264 0.422322 0.425406 0.173920 0.363506
60.800000 0.259336 0.439009 0.133119 0.162253 0.422567 0.425276 0.174087 0.363677
61.000000 0.259299 0.439284 0.133013 0.162243 0.422747 0.425307 0.174006 0.363862
61.200000 0.259289 0.439265 0.132945 0.162340 0.422702 0.425494 0.174184 0.363942
61.400000 0.259004 0.439080 0.132979 0.162231 0.423262 0.425289 0.174325 0.364367
61.600000 0.259128 0.439387 0.132782 0.162323 0.423538 0.425423 0.174338 0.364246
61.800000 0.259083 0.439326 0.132982 0.162495 0.423601 0.425547 0.174369 0.364391
62.000000 0.259028 0.439342 0.133020 0.162465 0.423737 0.425568 0.174544 0.364710
62.200000 0.259004 0.439290 0.132954 0.162489 0.424130 0.425637 0.174520 0.364868
62.400000 0.258815 0.439410 0.132937 0.162451 0.424240 0.425695 0.174488 0.365012
62.600000 0.258911 0.439165 0.132858 0.162423 0.424478 0.425665 0.174433 0.365253
62.800000 0.258920 0.439462 0.132999 0.162385 0.424861 0.425984 0.174779 0.365455
63.000000 0.258643 0.439354 0.132967 0.162423 0.425050 0.425828 0.174739 0.365586
63.200000 0.258754 0.439314 0.132907 0.162590 0.425199 0.425727 0.174803 0.365638
63.400000 0.258715 0.439251 0.132853 0.162376 0.425147 0.425851 0.174722 0.365626
63.600000 0.258686 0.439364 0.132799 0.162436 0.425510 0.425926 0.174940 0.365921
63.800000 0.258604 0.439301 0.132922 0.162354 0.425518 0.425881 0.174968 0.366008
64.000000 0.258545 0.439402 0.132766 0.162409 0.425729 0.425959 0.175010 0.365928
64.200000 0.258634 0.439351 0.132793 0.162504 0.425963 0.426114 0.175042 0.366074
64.400000 0.258536 0.439342 0.132908 0.162367 0.426144 0.425947 0.175136 0.366235
64.600000 0.258372 0.439451 0.132787 0.162303 0.426459 0.426084 0.175302 0.366495
64.800000 0.258403 0.439374 0.132752 0.162511 0.426364 0.426198 0.175163 0.366539
65.000000 0.258253 0.439282 0.132766 0.162657 0.426459 0.426241 0.175231 0.366437
65.200000 0.258319 0.439175 0.132712 0.162464 0.426747 0.426222 0.175045 0.366775
65.400000 0.258252 0.439301 0.132866 0.162604 0.426899 0.426253 0.175428 0.366827
65.600000 0.258023 0.439160 0.132622 0.162472 0.426903 0.426258 0.175471 0.366805
65.800000 0.258249 0.439267 0.132863 0.162252 0.427107 0.426277 0.175321 0.366954
66.000000 0.258074 0.438997 0.132791 0.162560 0.427105 0.426399 0.175405 0.366881
66.200000 0.258167 0.439031 0.132492 0.162613 0.427259 0.426394 0.175403 0.367073
66.400000 0.258098 0.439192 0.132840 0.162463 0.427527 0.426501 0.175449 0.367131
66.600000 0.258073 0.439223 0.132981 0.162609 0.427401 0.426524 0.175425 0.367244
66.800000 0.258051 0.438949 0.132812 0.162556 0.427555 0.426284 0.175592 0.367127
67.000000 0.257953 0.438957 0.132724 0.162544 0.427592 0.426541 0.175602 0.367336
67.200000 0.258083 0.439144 0.132815 0.162643 0.427989 0.426706 0.175539 0.367472
67.400000 0.257874 0.438854 0.132605 0.162550 0.427950 0.426695 0.175331 0.367173
67.600000 0.257776 0.439086 0.132864 0.162641 0.427959 0.426653 0.175706 0.367441
67.800000 0.257773 0.438947 0.132689 0.162565 0.428039 0.426665 0.175698 0.367705
68.000000 0.257797 0.438985 0.132642 0.162556 0.428221 0.426637 0.175755 0.367565
68.200000 0.257782 0.438904 0.132753 0.162576 0.428281 0.426908 0.175802 0.367671
68.400000 0.257843 0.438924 0.132778 0.162548 0.427964 0.426802 0.175898 0.367840
68.600000 0.257643 0.438701 0.132678 0.162542 0.428364 0.426880 0.175847 0.367653
68.800000 0.257669 0.438825 0.132667 0.162524 0.428437 0.426912 0.175814 0.367732
69.000000 0.257447 0.438749 0.132707 0.162620 0.428371 0.426972 0.175885 0.367749
69.200000 0.257428 0.438640 0.132858 0.162592 0.428534 0.427035 0.176039 0.367618
69.400000 0.257573 0.438724 0.132645 0.162634 0.428704 0.427053 0.175839 0.367869
69.600000 0.257540 0.438798 0.132729 0.162522 0.428649 0.426970 0.176077 0.367838
69.800000 0.257365 0.438806 0.132709 0.162548 0.428786 0.427240 0.175804 0.368011
70.000000 0.257448 0.438350 0.132616 0.162610 0.428699 0.426980 0.175976 0.367888
70.200000 0.257551 0.438449 0.132728 0.162555 0.428649 0.427096 0.176176 0.367927
70.400000 0.257393 0.438482 0.132715 0.162573 0.428817 0.427102 0.175996 0.368010
70.600000 0.257359 0.438378 0.132616 0.162455 0.429035 0.427171 0.176232 0.367971
70.800000 0.257339 0.438488 0.132744 0.162484 0.429028 0.427297 0.176006 0.367976
71.000000 0.257126 0.438296 0.132601 0.162694 0.428928 0.427300 0.175952 0.367955
71.200000 0.257006 0.438316 0.132673 0.162645 0.429078 0.427395 0.176166 0.368021
71.400000 0.257112 0.438642 0.132735 0.162519 0.429168 0.427398 0.176192 0.367981
71.600000 0.257185 0.437968 0.132747 0.162538 0.428946 0.427271 0.176144 0.367969
71.800000 0.257168 0.438049 0.132678 0.162684 0.429109 0.427505 0.176176 0.367994
72.000000 0.257150 0.437812 0.132711 0.162625 0.429124 0.427411 0.176163 0.367748
72.200000 0.257067 0.437930 0.132890 0.162616 0.429322 0.427401 0.176243 0.368047
72.400000 0.257073 0.437885 0.132716 0.162548 0.429369 0.427694 0.176172 0.368003
72.600000 0.256990 0.437816 0.132687 0.162564 0.429056 0.427616 0.176094 0.367867
72.800000 0.256984 0.437796 0.132625 0.162625 0.429118 0.427648 0.176212 0.367948
73.000000 0.256806 0.437918 0.132474 0.162805 0.429283 0.427404 0.176254 0.367792
73.200000 0.256907 0.437772 0.132668 0.162607 0.429223 0.427756 0.176236 0.367966
73.400000 0.256870 0.437471 0.132638 0.162648 0.429124 0.427992 0.176113 0.367921
73.600000 0.256908 0.437536 0.132448 0.162597 0.429214 0.427399 0.175985 0.367876
73.800000 0.256556 0.437618 0.132516 0.162624 0.429325 0.427750 0.176364 0.367631
74.000000 0.256806 0.437086 0.132707 0.162759 0.428951 0.427626 0.176278 0.367785
74.200000 0.256810 0.437405 0.132748 0.162770 0.428759 0.427921 0.176353 0.367823
74.400000 0.256476 0.436913 0.132356 0.162593 0.429264 0.427966 0.176148 0.367801
74.600000 0.256723 0.436959 0.132709 0.162600 0.429130 0.427946 0.176358 0.367862
74.800000 0.256602 0.437162 0.132632 0.162686 0.429347 0.428061 0.176394 0.367792
75.000000 0.256504 0.436944 0.132489 0.162616 0.429314 0.428118 0.176387 0.367593
75.200000 0.256556 0.436941 0.132458 0.162575 0.429177 0.427901 0.176278 0.367588
75.400000 0.256644 0.436906 0.132615 0.162635 0.429118 0.428161 0.176264 0.367670
75.600000 0.256599 0.436990 0.132455 0.162649 0.429140 0.428263 0.176374 0.367470
75.800000 0.256516 0.436817 0.132543 0.162652 0.429227 0.428194 0.176453 0.367591
76.000000 0.256525 0.436581 0.132551 0.162714 0.429380 0.428255 0.176394 0.367605
76.200000 0.256493 0.436834 0.132543 0.162591 0.429206 0.428256 0.176430 0.367489
76.400000 0.256294 0.436422 0.132743 0.162411 0.429191 0.428253 0.176544 0.367673
76.600000 0.256469 0.436497 0.132576 0.162805 0.429224 0.428196 0.176435 0.367463
76.800000 0.256467 0.436567 0.132745 0.162597 0.429079 0.428358 0.176244 0.367384
77.000000 0.256349 0.436499 0.132618 0.162660 0.428975 0.428417 0.176416 0.367398
77.200000 0.256377 0.436516 0.132543 0.162470 0.429012 0.428352 0.176434 0.367370
77.400000 0.256488 0.436472 0.132548 0.162795 0.429089 0.428506 0.176467 0.367358
77.600000 0.256263 0.435863 0.132532 0.162603 0.428994 0.428577 0.176421 0.367425
77.800000 0.256295 0.436495 0.132552 0.162631 0.428999 0.428494 0.176275 0.367230
78.000000 0.256197 0.436342 0.132737 0.162741 0.428843 0.428487 0.176393 0.367354
78.200000 0.256127 0.435974 0.132576 0.162703 0.428975 0.428489 0.176651 0.367234
78.400000 0.256244 0.436090 0.132322 0.162504 0.428688 0.428215 0.176250 0.367078
78.600000 0.256147 0.435885 0.132481 0.162653 0.428866 0.428763 0.176460 0.367067
78.800000 0.256171 0.435915 0.132512 0.162647 0.428832 0.428903 0.176423 0.367017
79.000000 0.256172 0.435861 0.132574 0.162725 0.428886 0.428868 0.176463 0.367102
79.200000 0.256144 0.435556 0.132501 0.162618 0.428867 0.428838 0.176567 0.366947
79.400000 0.256074 0.435857 0.132335 0.162635 0.428738 0.428723 0.176458 0.366903
79.600000 0.256040 0.435600 0.132346 0.162632 0.428760 0.428902 0.176457 0.367082
79.800000 0.256181 0.435526 0.132492 0.162538 0.428737 0.429051 0.176651 0.366831
80.000000 0.255907 0.435547 0.132359 0.162727 0.428664 0.428814 0.176278 0.366802
80.200000 0.256016 0.435281 0.132630 0.162645 0.428747 0.429002 0.176249 0.366805
80.400000 0.256007 0.435273 0.132464 0.162610 0.428528 0.428985 0.176324 0.366557
80.600000 0.255945 0.435302 0.132403 0.162628 0.428487 0.429078 0.176408 0.366580
80.800000 0.255937 0.435319 0.132521 0.162649 0.428630 0.428965 0.176452 0.366527
81.000000 0.256020 0.435088 0.132519 0.162599 0.428386 0.429186 0.176431 0.366504
81.200000 0.255834 0.435152 0.132464 0.162573 0.428454 0.429211 0.176311 0.366461
81.400000 0.255746 0.435176 0.132437 0.162556 0.428426 0.429243 0.176442 0.366410
81.600000 0.255820 0.435005 0.132550 0.162627 0.428317 0.429199 0.176404 0.366267
81.800000 0.255781 0.434930 0.132501 0.162540 0.428215 0.429243 0.176398 0.366319
82.000000 0.255778 0.434589 0.132575 0.162438 0.428246 0.429528 0.176399 0.366336
82.200000 0.255753 0.434663 0.132486 0.162385 0.428258 0.429379 0.176399 0.366239
82.400000 0.255708 0.434650 0.132526 0.162544 0.428077 0.429254 0.176442 0.366188
82.600000 0.255719 0.434488 0.132355 0.162571 0.428101 0.429291 0.176432 0.366079
82.800000 0.255684 0.434670 0.132318 0.162521 0.428152 0.429459 0.176404 0.365927
83.000000 0.255633 0.434296 0.132319 0.162587 0.427889 0.429556 0.176357 0.366002
83.200000 0.255569 0.434347 0.132468 0.162584 0.428135 0.429329 0.176358 0.366047
83.400000 0.255588 0.434296 0.132560 0.162563 0.428029 0.429286 0.176363 0.365986
83.600000 0.255620 0.434346 0.132486 0.162595 0.427880 0.429588 0.176538 0.365822
83.800000 0.255535 0.434219 0.132298 0.162655 0.427769 0.429685 0.176399 0.365868
84.000000 0.255545 0.434186 0.132350 0.162417 0.427740 0.429600 0.176331 0.365781
84.200000 0.255200 0.434082 0.132423 0.162562 0.427705 0.429643 0.176385 0.365717
84.400000 0.255479 0.434054 0.132424 0.162438 0.427577 0.429597 0.176294 0.365574
84.600000 0.255494 0.433940 0.132359 0.162568 0.427535 0.429575 0.176298 0.365593
84.800000 0.255473 0.433880 0.132424 0.162590 0.427693 0.390718 0.176273 0.365562
85.000000 0.255350 0.433686 0.132363 0.162424 0.427584 0.429813 0.176356 0.365490
85.200000 0.255382 0.433559 0.132301 0.162558 0.427442 0.390648 0.176333 0.365201
85.400000 0.255414 0.433716 0.132583 0.162565 0.427344 0.429873 0.176373 0.365357
85.600000 0.255419 0.433616 0.132428 0.162540 0.427189 0.429881 0.176324 0.365346
85.800000 0.255338 0.433512 0.132426 0.162561 0.427383 0.429907 0.176325 0.365338
86.000000 0.255296 0.433502 0.132213 0.162422 0.427324 0.390803 0.176312 0.365280
86.200000 0.255371 0.433652 0.132391 0.162489 0.427122 0.429945 0.176278 0.365129
86.400000 0.255113 0.433475 0.132228 0.162563 0.427173 0.429844 0.176289 0.365060
86.600000 0.255146 0.433375 0.132435 0.162390 0.426960 0.429992 0.176255 0.364838
86.800000 0.255243 0.433204 0.132217 0.162495 0.426976 0.430000 0.176115 0.364867
87.000000 0.255238 0.433320 0.132360 0.162592 0.427055 0.429905 0.176224 0.364876
87.200000 0.255229 0.433125 0.132378 0.162605 0.426809 0.430103 0.176163 0.364757
87.400000 0.255217 0.433022 0.132399 0.162533 0.426655 0.430123 0.176299 0.364718
87.600000 0.255277 0.432899 0.132384 0.162450 0.426654 0.430032 0.176119 0.364676
87.800000 0.255019 0.432926 0.132321 0.162450 0.426653 0.430256 0.176380 0.364569
88.000000 0.255242 0.432760 0.132396 0.162475 0.426742 0.430297 0.176201 0.364587
88.200000 0.255048 0.432851 0.132313 0.162507 0.426776 0.430146 0.176279 0.364491
88.400000 0.255067 0.432711 0.132158 0.162343 0.426516 0.430146 0.176182 0.364497
88.600000 0.255048 0.432437 0.132433 0.162435 0.426449 0.430277 0.176005 0.364275
88.800000 0.255079 0.432488 0.132180 0.162536 0.426389 0.430301 0.176190 0.364321
89.000000 0.255073 0.432342 0.132315 0.162528 0.426312 0.430414 0.176132 0.364167
89.200000 0.255030 0.432458 0.132397 0.162393 0.426328 0.430162 0.176151 0.364085
89.400000 0.254843 0.432413 0.132343 0.162510 0.426233 0.430372 0.176120 0.364119
89.600000 0.254859 0.432357 0.132226 0.162380 0.426255 0.430363 0.176159 0.364028
89.800000 0.254928 0.432423 0.132365 0.162374 0.426055 0.430591 0.176160 0.364025
90.000000 0.254965 0.432131 0.131981 0.162503 0.426058 0.430547 0.176132 0.364027
