0.200000 0.055882 0.467400 0.207750 0.297502 0.583452 0.412377 0.259382 0.492481
0.400000 0.055851 0.466582 0.207539 0.296541 0.580769 0.412401 0.259141 0.490624
0.600000 0.055818 0.465781 0.207532 0.296112 0.579183 0.412242 0.258974 0.489388
0.800000 0.055816 0.465263 0.207664 0.295628 0.577790 0.412364 0.258728 0.488121
1.000000 0.055795 0.464736 0.207568 0.295165 0.576277 0.412362 0.258691 0.487008
1.200000 0.055810 0.464299 0.207327 0.294811 0.574417 0.412384 0.258715 0.485720
1.400000 0.055774 0.463495 0.207376 0.294429 0.572990 0.412251 0.258468 0.484498
1.600000 0.055791 0.463041 0.207077 0.294015 0.571442 0.412147 0.258245 0.483402
1.800000 0.055760 0.462475 0.207362 0.293519 0.570150 0.412205 0.258315 0.482228
2.000000 0.055658 0.461975 0.207325 0.293037 0.568611 0.412230 0.257998 0.481152
2.200000 0.055752 0.461319 0.207298 0.292693 0.567076 0.412107 0.257724 0.479939
2.400000 0.055713 0.460786 0.207276 0.292448 0.565589 0.412220 0.257872 0.478767
2.600000 0.055742 0.460234 0.207279 0.291941 0.563979 0.411995 0.257612 0.477479
2.800000 0.055578 0.459754 0.207129 0.291567 0.562658 0.412096 0.257310 0.476381
3.000000 0.055729 0.459045 0.207102 0.290946 0.561211 0.412116 0.257172 0.475342
3.200000 0.055658 0.458639 0.207038 0.290750 0.559622 0.412099 0.257159 0.474157
3.400000 0.055561 0.458040 0.207155 0.290290 0.558298 0.412090 0.256970 0.473061
3.600000 0.055645 0.457670 0.206799 0.290046 0.556852 0.412118 0.256932 0.471984
3.800000 0.055777 0.457113 0.207047 0.289512 0.555434 0.411860 0.256758 0.470941
4.000000 0.055587 0.456485 0.206931 0.289044 0.553891 0.411686 0.256475 0.469537
4.200000 0.055619 0.456091 0.206955 0.288850 0.552608 0.411973 0.256516 0.429719
4.400000 0.055631 0.455563 0.206677 0.288442 0.551207 0.411969 0.256202 0.467821
4.600000 0.055622 0.455025 0.206855 0.288005 0.549881 0.411881 0.256144 0.466490
4.800000 0.055618 0.454527 0.206664 0.287612 0.548329 0.411871 0.256193 0.465422
5.000000 0.055571 0.454050 0.206717 0.287196 0.546923 0.411963 0.255849 0.464416
5.200000 0.055572 0.453673 0.206692 0.286947 0.545752 0.411851 0.255594 0.463389
5.400000 0.055559 0.452784 0.206494 0.286537 0.544432 0.411825 0.255706 0.462191
5.600000 0.055564 0.452519 0.206624 0.286148 0.543029 0.411775 0.255454 0.461323
5.800000 0.055690 0.452059 0.206482 0.285826 0.541656 0.411897 0.255359 0.460413
6.000000 0.055552 0.451636 0.206400 0.285415 0.540381 0.411759 0.255262 0.459427
6.200000 0.055509 0.451149 0.206493 0.285102 0.539039 0.411768 0.255032 0.458336
6.400000 0.055548 0.450550 0.206484 0.284519 0.537524 0.411732 0.254974 0.457089
6.600000 0.055518 0.449984 0.206236 0.284237 0.535862 0.411653 0.254682 0.455860
6.800000 0.055477 0.449380 0.206349 0.283887 0.534623 0.411650 0.254598 0.454859
7.000000 0.055497 0.449103 0.206295 0.283417 0.533241 0.411510 0.254459 0.453907
7.200000 0.055457 0.448737 0.206213 0.283145 0.531899 0.411527 0.254079 0.452744
7.400000 0.055456 0.448116 0.206242 0.282634 0.530715 0.411567 0.254198 0.451824
7.600000 0.055447 0.447714 0.206223 0.282483 0.529547 0.411408 0.254082 0.450905
7.800000 0.055411 0.447254 0.206247 0.282040 0.528172 0.411441 0.253934 0.450106
8.000000 0.055446 0.446670 0.206126 0.281935 0.526784 0.411381 0.253729 0.449058
8.200000 0.055269 0.446379 0.206111 0.281659 0.525607 0.411490 0.253532 0.448136
8.400000 0.055400 0.445924 0.206065 0.280933 0.524466 0.411429 0.253417 0.447192
8.600000 0.055240 0.445659 0.206096 0.280851 0.523481 0.411482 0.253266 0.446287
8.800000 0.055265 0.445216 0.205913 0.280535 0.522190 0.411454 0.253080 0.445402
9.000000 0.055360 0.444735 0.205920 0.280151 0.520895 0.411268 0.252861 0.444301
9.200000 0.055364 0.444300 0.205933 0.279911 0.519471 0.411293 0.252910 0.443562
9.400000 0.055122 0.443596 0.205958 0.279485 0.518503 0.411356 0.252728 0.442534
9.600000 0.055354 0.443344 0.205829 0.279213 0.517426 0.411134 0.252613 0.441875
9.800000 0.055318 0.442977 0.205855 0.278876 0.516210 0.411084 0.252564 0.440937
10.000000 0.055347 0.442763 0.205728 0.278550 0.515087 0.411204 0.252309 0.439953
10.200000 0.055276 0.442311 0.205793 0.278316 0.513964 0.411210 0.252170 0.439097
10.400000 0.055332 0.441856 0.205624 0.277892 0.512752 0.411112 0.252146 0.438216
10.600000 0.055245 0.441290 0.205688 0.277689 0.511676 0.411297 0.252011 0.437374
10.800000 0.055108 0.441040 0.205786 0.277388 0.510612 0.411184 0.251805 0.436512
11.000000 0.055240 0.440778 0.205707 0.277075 0.509287 0.411163 0.251666 0.435489
11.200000 0.055265 0.440299 0.205678 0.276644 0.508376 0.410985 0.251596 0.434774
11.400000 0.055388 0.439898 0.205618 0.276445 0.507203 0.411092 0.251370 0.433888
11.600000 0.055212 0.439580 0.205558 0.276169 0.506136 0.410936 0.251275 0.433071
11.800000 0.055228 0.439165 0.205663 0.275965 0.505130 0.410938 0.251092 0.432432
12.000000 0.055195 0.438823 0.205401 0.275618 0.504113 0.411021 0.251066 0.431637
12.200000 0.055203 0.438482 0.205500 0.275142 0.503055 0.410925 0.250891 0.430668
12.400000 0.055188 0.438068 0.205490 0.275002 0.502055 0.411004 0.250604 0.429914
12.600000 0.055196 0.437538 0.205403 0.274700 0.500768 0.410829 0.250642 0.428795
12.800000 0.055169 0.437431 0.205409 0.274464 0.499576 0.410939 0.250531 0.428059
13.000000 0.055199 0.436881 0.205444 0.274168 0.498703 0.410948 0.250369 0.427620
13.200000 0.055200 0.436562 0.205271 0.274030 0.498041 0.410771 0.250323 0.426806
13.400000 0.055163 0.436298 0.205501 0.273662 0.496938 0.410795 0.250189 0.426133
13.600000 0.055161 0.435818 0.205321 0.273547 0.495809 0.410773 0.249998 0.425404
13.800000 0.055088 0.435510 0.205370 0.273256 0.495114 0.410801 0.249853 0.424578
14.000000 0.055131 0.435317 0.205336 0.272681 0.494105 0.410793 0.249660 0.423874
14.200000 0.055147 0.434754 0.205364 0.272540 0.493267 0.410761 0.249625 0.423271
14.400000 0.055109 0.434583 0.205158 0.272488 0.492162 0.410864 0.249503 0.422531
14.600000 0.055126 0.434388 0.204988 0.271944 0.491272 0.410910 0.249370 0.421873
14.800000 0.055095 0.433877 0.205054 0.271770 0.490460 0.410739 0.249222 0.421079
15.000000 0.055112 0.433782 0.205110 0.271502 0.489624 0.410660 0.249311 0.420401
15.200000 0.055110 0.433369 0.205096 0.271382 0.488663 0.410656 0.248913 0.419731
15.400000 0.055231 0.433186 0.205138 0.271202 0.487686 0.410754 0.249023 0.419033
15.600000 0.055077 0.432876 0.205057 0.270956 0.486876 0.410467 0.248827 0.418248
15.800000 0.055209 0.432578 0.205068 0.270772 0.485858 0.410631 0.248812 0.417697
16.000000 0.055061 0.432026 0.205052 0.270323 0.484956 0.410724 0.248565 0.416987
16.200000 0.055062 0.431739 0.205075 0.270224 0.484255 0.410417 0.248454 0.416367
16.400000 0.055050 0.431423 0.205009 0.269797 0.483269 0.410463 0.248373 0.415698
16.600000 0.055040 0.431104 0.204737 0.269481 0.482377 0.410476 0.248237 0.415011
16.800000 0.054989 0.430802 0.204911 0.269420 0.481586 0.410448 0.247982 0.414425
17.000000 0.055042 0.430560 0.204783 0.269231 0.480692 0.410314 0.247967 0.413737
17.200000 0.055001 0.430205 0.204798 0.268932 0.480003 0.410463 0.247915 0.413036
17.400000 0.054988 0.429786 0.204701 0.268555 0.478926 0.410333 0.247780 0.412430
17.600000 0.055027 0.429803 0.204775 0.268606 0.478223 0.410437 0.247517 0.411732
17.800000 0.055007 0.429308 0.204903 0.268400 0.477412 0.410433 0.247492 0.411148
18.000000 0.054973 0.429034 0.204700 0.268183 0.476406 0.410343 0.247399 0.410320
18.200000 0.055068 0.428782 0.204924 0.267908 0.475780 0.410394 0.247215 0.409929
18.400000 0.054975 0.428357 0.204744 0.267341 0.474947 0.410295 0.247082 0.409161
18.600000 0.055069 0.428041 0.204674 0.267348 0.474236 0.410454 0.247086 0.408617
18.800000 0.054851 0.427889 0.204688 0.267080 0.473211 0.410407 0.246979 0.408033
19.000000 0.054998 0.427432 0.204471 0.267018 0.472286 0.410246 0.246763 0.407388
19.200000 0.054947 0.427397 0.204628 0.266653 0.471568 0.410171 0.246658 0.406496
19.400000 0.054923 0.427147 0.204605 0.266525 0.470648 0.410004 0.246483 0.405918
19.600000 0.055079 0.426933 0.204541 0.266286 0.469880 0.410007 0.246387 0.405497
19.800000 0.054961 0.426492 0.204538 0.266059 0.469086 0.410155 0.246329 0.404709
20.000000 0.054929 0.426191 0.204541 0.265656 0.468332 0.410282 0.246143 0.404303
20.200000 0.054924 0.425963 0.204422 0.265630 0.467660 0.410134 0.246041 0.403662
20.400000 0.054951 0.425609 0.204344 0.265405 0.466763 0.410099 0.246073 0.402985
20.600000 0.054908 0.425510 0.204573 0.265095 0.466049 0.410250 0.245883 0.402626
20.800000 0.054812 0.425051 0.204279 0.264894 0.465280 0.410098 0.245683 0.401824
21.000000 0.054894 0.425007 0.204435 0.264887 0.464522 0.409987 0.245605 0.401329
21.200000 0.054877 0.424576 0.204374 0.264539 0.463741 0.410011 0.245630 0.400762
21.400000 0.054870 0.424277 0.204440 0.264347 0.463044 0.409933 0.245383 0.400219
21.600000 0.054808 0.423949 0.204339 0.264098 0.462488 0.409938 0.245275 0.399654
21.800000 0.054891 0.423762 0.204249 0.263928 0.461612 0.409944 0.245011 0.399028
22.000000 0.054887 0.423435 0.204168 0.263596 0.460776 0.410001 0.245178 0.398699
22.200000 0.054740 0.423245 0.204294 0.263411 0.460162 0.409922 0.244603 0.397778
22.400000 0.054830 0.423093 0.204241 0.263312 0.459437 0.409739 0.244814 0.397201
22.600000 0.054848 0.422790 0.204242 0.263143 0.458641 0.409845 0.244676 0.396797
22.800000 0.054846 0.422584 0.204251 0.262638 0.457785 0.409915 0.244501 0.396158
23.000000 0.054801 0.422340 0.204309 0.262695 0.457003 0.409766 0.244368 0.395634
23.200000 0.054856 0.422055 0.204184 0.262565 0.456484 0.409823 0.244520 0.395237
23.400000 0.054831 0.421601 0.204253 0.262160 0.455656 0.409718 0.244416 0.394624
23.600000 0.054855 0.421450 0.204222 0.262254 0.455114 0.409825 0.244268 0.394012
23.800000 0.054781 0.421153 0.204131 0.261912 0.454369 0.409684 0.243967 0.393630
24.000000 0.054780 0.420951 0.204077 0.261646 0.453625 0.409623 0.244124 0.393117
24.200000 0.054820 0.420687 0.204158 0.261537 0.452981 0.409651 0.243975 0.392599
24.400000 0.054770 0.420276 0.204110 0.261338 0.452374 0.409836 0.243730 0.392093
24.600000 0.054892 0.420198 0.204090 0.261171 0.451509 0.409687 0.243679 0.391436
24.800000 0.054780 0.420070 0.204136 0.260896 0.451035 0.409639 0.243360 0.390988
25.000000 0.054658 0.419921 0.204024 0.260869 0.450380 0.409558 0.243522 0.390346
25.200000 0.054732 0.419222 0.203917 0.260485 0.449318 0.409562 0.243267 0.389611
25.400000 0.054738 0.419170 0.203896 0.260277 0.448625 0.409401 0.243087 0.389262
25.600000 0.054746 0.418914 0.204005 0.260291 0.447874 0.409524 0.242962 0.388728
25.800000 0.054694 0.418420 0.203862 0.259956 0.447324 0.409463 0.242953 0.388240
26.000000 0.054737 0.418419 0.203924 0.259807 0.446767 0.409536 0.242814 0.387874
26.200000 0.054637 0.418208 0.203936 0.259689 0.446020 0.409487 0.242876 0.387345
26.400000 0.054632 0.418009 0.203967 0.259478 0.445299 0.409543 0.242645 0.386912
26.600000 0.054678 0.417790 0.203847 0.259257 0.444944 0.409358 0.242550 0.386238
26.800000 0.054703 0.417481 0.203899 0.259081 0.444132 0.409280 0.242541 0.385817
27.000000 0.054527 0.417281 0.203710 0.258828 0.443481 0.409293 0.242344 0.385287
27.200000 0.054676 0.417021 0.204001 0.258663 0.442808 0.409260 0.242242 0.384777
27.400000 0.054638 0.416582 0.203599 0.258454 0.442135 0.408966 0.241782 0.384293
27.600000 0.054525 0.416353 0.203806 0.258322 0.441471 0.409342 0.241886 0.383968
27.800000 0.054660 0.416395 0.203639 0.258103 0.440938 0.409316 0.242003 0.383561
28.000000 0.054506 0.416029 0.203782 0.258026 0.440355 0.409308 0.241826 0.382975
28.200000 0.054645 0.415937 0.203564 0.257750 0.439715 0.409113 0.241632 0.382416
28.400000 0.054634 0.415763 0.203685 0.257704 0.439044 0.409123 0.241547 0.381933
28.600000 0.054656 0.415423 0.203689 0.257450 0.438401 0.409203 0.241480 0.381603
28.800000 0.054618 0.415480 0.203623 0.257401 0.437784 0.409300 0.241483 0.381104
29.000000 0.054636 0.414989 0.203652 0.257119 0.437306 0.409201 0.241390 0.380725
29.200000 0.054618 0.414776 0.203638 0.256919 0.436676 0.409146 0.241191 0.380203
29.400000 0.054773 0.414488 0.203690 0.256802 0.436233 0.409158 0.241202 0.379808
29.600000 0.054448 0.414380 0.203643 0.256559 0.435484 0.409074 0.240904 0.379276
29.800000 0.054481 0.414233 0.203608 0.256463 0.434959 0.408960 0.240937 0.378893
30.000000 0.054576 0.413849 0.203581 0.256341 0.434538 0.408953 0.240821 0.378438
30.200000 0.054577 0.413950 0.203271 0.256091 0.433742 0.409001 0.240558 0.377709
30.400000 0.054693 0.413572 0.203702 0.255906 0.433186 0.408984 0.240576 0.377443
30.600000 0.054752 0.413442 0.203475 0.255847 0.432591 0.409035 0.240356 0.377101
30.800000 0.055082 0.413210 0.203502 0.255735 0.431870 0.408983 0.240412 0.376703
31.000000 0.055671 0.413017 0.203527 0.255345 0.431535 0.409017 0.240343 0.376183
31.200000 0.056490 0.412934 0.203537 0.255543 0.430908 0.408911 0.240189 0.375847
31.400000 0.058018 0.412449 0.203463 0.255144 0.430744 0.408847 0.240092 0.375743
31.600000 0.059243 0.412396 0.203452 0.255057 0.430747 0.408808 0.240074 0.375608
31.800000 0.060610 0.412309 0.203604 0.255021 0.431133 0.408921 0.239829 0.376037
32.000000 0.062255 0.412374 0.203452 0.255226 0.432017 0.408742 0.239888 0.376640
32.200000 0.063717 0.412877 0.203667 0.255333 0.433255 0.408863 0.239940 0.377637
32.400000 0.065185 0.413158 0.203570 0.255520 0.435019 0.408918 0.239786 0.378733
32.600000 0.066603 0.413861 0.203615 0.256043 0.437240 0.408863 0.239856 0.380501
32.800000 0.067762 0.415052 0.203605 0.256510 0.440012 0.408818 0.239988 0.382657
33.000000 0.068978 0.416508 0.203829 0.257269 0.443182 0.408924 0.239862 0.384890
33.200000 0.070298 0.418656 0.203928 0.258354 0.446792 0.408623 0.239879 0.387535
33.400000 0.071219 0.421044 0.204048 0.259519 0.450816 0.408827 0.239937 0.390433
33.600000 0.072147 0.423934 0.204185 0.260903 0.455132 0.408829 0.240001 0.393562
33.800000 0.072840 0.427573 0.204505 0.262296 0.459683 0.408788 0.239990 0.396957
34.000000 0.073549 0.431590 0.204879 0.263997 0.464521 0.409026 0.240129 0.400740
34.200000 0.074356 0.435880 0.205101 0.265621 0.469769 0.408728 0.240170 0.404568
34.400000 0.075014 0.441012 0.205491 0.267540 0.475236 0.408823 0.240394 0.408851
34.600000 0.075474 0.446320 0.205804 0.269418 0.480835 0.408743 0.240339 0.413134
34.800000 0.075845 0.452208 0.206188 0.271448 0.486392 0.408847 0.240535 0.417466
35.000000 0.076336 0.458096 0.206355 0.273274 0.492289 0.409079 0.240579 0.421792
35.200000 0.076683 0.464631 0.206765 0.275117 0.498236 0.408968 0.240765 0.426486
35.400000 0.076926 0.470824 0.207077 0.277026 0.504227 0.408991 0.240775 0.431166
35.600000 0.077295 0.477364 0.207396 0.278724 0.510084 0.408667 0.240909 0.435507
35.800000 0.077537 0.483876 0.207604 0.280442 0.516004 0.408934 0.240977 0.440275
36.000000 0.077782 0.490833 0.207869 0.282043 0.522069 0.408806 0.241157 0.444992
36.200000 0.077824 0.497773 0.208148 0.283945 0.528091 0.409057 0.241239 0.449718
36.400000 0.117044 0.504922 0.208544 0.285417 0.534222 0.408898 0.241379 0.454691
36.600000 0.078298 0.512369 0.208700 0.287119 0.540586 0.409049 0.241491 0.459651
36.800000 0.078456 0.519873 0.209051 0.288631 0.546947 0.409009 0.241647 0.464760
37.000000 0.078523 0.527108 0.209335 0.290311 0.553301 0.408984 0.241731 0.469829
37.200000 0.078633 0.534763 0.209368 0.291610 0.559937 0.408922 0.241565 0.474884
37.400000 0.078788 0.543190 0.209926 0.293526 0.567390 0.408787 0.242122 0.481403
37.600000 0.079033 0.553945 0.210133 0.295532 0.576248 0.408776 0.242098 0.488034
37.800000 0.079017 0.561810 0.210453 0.296833 0.582950 0.408980 0.242289 0.493204
38.000000 0.078892 0.569648 0.210824 0.298258 0.589700 0.409007 0.242423 0.498563
38.200000 0.078986 0.577428 0.211118 0.299969 0.596325 0.408974 0.242506 0.504050
38.400000 0.079212 0.585253 0.211359 0.301274 0.603063 0.409064 0.242671 0.509428
38.600000 0.079269 0.593190 0.211603 0.302863 0.610021 0.409140 0.242806 0.514870
38.800000 0.079228 0.600777 0.211862 0.304264 0.616781 0.409049 0.243033 0.520352
39.000000 0.079389 0.608707 0.211993 0.305665 0.623679 0.409102 0.243073 0.525845
39.200000 0.079397 0.616448 0.212337 0.306888 0.630686 0.409178 0.243170 0.531321
39.400000 0.079618 0.623977 0.212666 0.308151 0.637572 0.409173 0.243341 0.536944
39.600000 0.079524 0.631551 0.212898 0.309635 0.644243 0.408941 0.243561 0.542435
39.800000 0.079634 0.638913 0.213094 0.311063 0.651184 0.409231 0.243595 0.547810
40.000000 0.079646 0.646638 0.213417 0.312233 0.658262 0.409040 0.243653 0.553556
40.200000 0.079646 0.654066 0.213667 0.313658 0.665093 0.409237 0.243933 0.558999
40.400000 0.079668 0.661201 0.213897 0.314909 0.672088 0.409225 0.244053 0.564710
40.600000 0.079789 0.668306 0.213944 0.316156 0.678876 0.409076 0.243994 0.570092
40.800000 0.079659 0.675539 0.214247 0.317630 0.685967 0.409353 0.244370 0.575568
41.000000 0.079777 0.682390 0.214567 0.318635 0.692847 0.409223 0.244558 0.581089
41.200000 0.079671 0.689453 0.214924 0.320203 0.700007 0.409176 0.244727 0.586987
41.400000 0.079834 0.696168 0.215092 0.321447 0.706877 0.409353 0.244645 0.592356
41.600000 0.079860 0.702806 0.215358 0.322576 0.713544 0.409173 0.244944 0.597492
41.800000 0.079722 0.708888 0.215500 0.323804 0.720136 0.409267 0.245155 0.603044
42.000000 0.079886 0.715148 0.215808 0.325138 0.726982 0.409531 0.245225 0.608459
42.200000 0.079852 0.721053 0.215979 0.326091 0.733456 0.409238 0.245354 0.613786
42.400000 0.079874 0.727017 0.216336 0.327452 0.739948 0.409268 0.245462 0.619112
42.600000 0.079957 0.732720 0.216522 0.328757 0.746515 0.409403 0.245708 0.624368
42.800000 0.079970 0.738278 0.216646 0.329840 0.752983 0.409246 0.245706 0.629386
43.000000 0.080045 0.743415 0.216877 0.330873 0.759347 0.409499 0.245920 0.634497
43.200000 0.080048 0.748569 0.217179 0.332207 0.765451 0.409281 0.246098 0.639533
43.400000 0.079995 0.753794 0.217352 0.333383 0.771830 0.409375 0.246099 0.644615
43.600000 0.080028 0.758433 0.217659 0.334333 0.777513 0.409489 0.246285 0.649365
43.800000 0.080013 0.763516 0.217890 0.335843 0.784503 0.409589 0.246684 0.655226
44.000000 0.080032 0.769774 0.217978 0.337110 0.792341 0.409448 0.246732 0.661121
44.200000 0.080084 0.774130 0.218260 0.338343 0.798310 0.409489 0.246872 0.666040
44.400000 0.080115 0.778475 0.218654 0.339416 0.804136 0.409453 0.246999 0.670704
44.600000 0.080252 0.782206 0.218535 0.340253 0.809619 0.409607 0.247117 0.675200
44.800000 0.080118 0.786198 0.218859 0.341602 0.815221 0.409625 0.247215 0.679666
45.000000 0.079994 0.790188 0.219001 0.342656 0.820764 0.409579 0.247507 0.684007
45.200000 0.080135 0.793584 0.219135 0.343718 0.826131 0.409649 0.247778 0.688627
45.400000 0.080016 0.797243 0.219519 0.344715 0.831286 0.409590 0.247746 0.693024
45.600000 0.080174 0.800351 0.219623 0.345723 0.836302 0.409642 0.247917 0.697141
45.800000 0.080213 0.803803 0.219831 0.346824 0.841324 0.409635 0.248039 0.701353
46.000000 0.080175 0.806931 0.219933 0.347877 0.846669 0.409690 0.248187 0.705562
46.200000 0.080240 0.810087 0.220207 0.348914 0.851429 0.409850 0.248333 0.709613
46.400000 0.080116 0.812818 0.220359 0.350031 0.856193 0.409665 0.248536 0.713520
46.600000 0.080125 0.815225 0.220509 0.350670 0.860714 0.409749 0.248330 0.717333
46.800000 0.080122 0.818247 0.220781 0.351751 0.865175 0.409748 0.248686 0.721256
47.000000 0.080289 0.820770 0.220818 0.352773 0.870108 0.409828 0.248889 0.725213
47.200000 0.080306 0.823161 0.221006 0.353824 0.874356 0.409803 0.249150 0.728803
47.400000 0.080296 0.825783 0.221248 0.354707 0.878679 0.409806 0.248938 0.732565
47.600000 0.080344 0.828096 0.221353 0.355691 0.883334 0.409852 0.249207 0.736377
47.800000 0.080215 0.830266 0.221426 0.356881 0.887612 0.409944 0.249553 0.740085
48.000000 0.080337 0.832492 0.221655 0.357735 0.891656 0.409763 0.249671 0.743335
48.200000 0.080360 0.834624 0.221828 0.358691 0.895658 0.409796 0.249838 0.746626
48.400000 0.080392 0.836585 0.222105 0.359509 0.899412 0.409945 0.249949 0.750184
48.600000 0.080377 0.838570 0.222134 0.360457 0.903394 0.409946 0.250080 0.753312
48.800000 0.080413 0.840363 0.222443 0.361386 0.907246 0.409973 0.250171 0.756660
49.000000 0.080265 0.842269 0.222385 0.362219 0.910791 0.409919 0.250339 0.759787
49.200000 0.080467 0.843832 0.222538 0.362901 0.914328 0.410124 0.250601 0.762820
49.400000 0.080462 0.845718 0.222711 0.363962 0.918092 0.410132 0.250673 0.765923
49.600000 0.080474 0.847185 0.222781 0.364885 0.921403 0.410134 0.250780 0.768923
49.800000 0.080476 0.848874 0.223038 0.365759 0.924948 0.409985 0.250918 0.771933
50.000000 0.080453 0.850346 0.223176 0.366631 0.928322 0.409865 0.251109 0.774815
50.200000 0.080456 0.852072 0.223156 0.367605 0.932139 0.410019 0.251188 0.778163
50.400000 0.080480 0.853428 0.223424 0.368682 0.935453 0.410070 0.251370 0.781032
50.600000 0.080510 0.854777 0.223390 0.369513 0.938704 0.410101 0.251495 0.783722
50.800000 0.080347 0.856137 0.223420 0.370444 0.941790 0.410118 0.251668 0.786340
51.000000 0.080543 0.857617 0.223794 0.371293 0.944952 0.410113 0.251852 0.789050
51.200000 0.080614 0.858896 0.224095 0.372149 0.947799 0.410142 0.252068 0.791722
51.400000 0.080583 0.859884 0.224035 0.372980 0.950500 0.410144 0.252222 0.794204
51.600000 0.080710 0.861195 0.224158 0.373738 0.953540 0.410014 0.252356 0.796552
51.800000 0.080616 0.862481 0.224190 0.374156 0.956202 0.410106 0.252363 0.799006
52.000000 0.080579 0.863468 0.224415 0.375456 0.959042 0.410252 0.252660 0.801286
52.200000 0.080619 0.864554 0.224502 0.376257 0.961669 0.410112 0.252555 0.803810
52.400000 0.080644 0.865318 0.224533 0.377032 0.964289 0.410044 0.252764 0.805878
52.600000 0.080640 0.866602 0.224826 0.377873 0.966908 0.410250 0.252861 0.808124
52.800000 0.080639 0.867365 0.225015 0.378481 0.969100 0.410172 0.253047 0.810421
53.000000 0.080643 0.868231 0.225056 0.379438 0.971685 0.410192 0.253211 0.812640
53.200000 0.080655 0.869241 0.225112 0.380300 0.974211 0.410434 0.253325 0.814543
53.400000 0.080653 0.870001 0.225109 0.380875 0.976306 0.410304 0.253375 0.816262
53.600000 0.080711 0.870713 0.225233 0.381818 0.978630 0.410287 0.253488 0.818531
53.800000 0.080659 0.871681 0.225074 0.382452 0.981001 0.410135 0.253813 0.820722
54.000000 0.080730 0.872215 0.225562 0.383427 0.983225 0.410337 0.253858 0.822474
54.200000 0.080749 0.873350 0.225679 0.383992 0.985538 0.410389 0.254022 0.824487
54.400000 0.080588 0.874065 0.225791 0.384962 0.987680 0.410342 0.254070 0.826273
54.600000 0.080585 0.874576 0.225768 0.385492 0.989737 0.410358 0.254344 0.828307
54.800000 0.080590 0.875264 0.225896 0.386344 0.991573 0.410007 0.254405 0.829881
55.000000 0.080770 0.875949 0.226019 0.387198 0.993520 0.410341 0.254518 0.831616
55.200000 0.080595 0.876718 0.226250 0.387747 0.995739 0.410430 0.254807 0.833355
55.400000 0.080602 0.877230 0.226407 0.388557 0.997566 0.410383 0.254958 0.835114
55.600000 0.080581 0.877974 0.226309 0.389326 0.999509 0.410315 0.254833 0.836727
55.800000 0.080600 0.878575 0.226344 0.390068 1.000996 0.410385 0.254840 0.838178
56.000000 0.080579 0.879030 0.226481 0.390765 1.002940 0.410350 0.255140 0.839704
56.200000 0.080760 0.879948 0.226719 0.391470 1.005008 0.410531 0.255447 0.841548
56.400000 0.080805 0.880286 0.226758 0.392243 1.006886 0.410484 0.255563 0.843246
56.600000 0.080768 0.881190 0.226883 0.393048 1.008769 0.410501 0.255839 0.844973
56.800000 0.080807 0.881643 0.226935 0.393738 1.010333 0.410513 0.255866 0.846313
57.000000 0.080807 0.882058 0.226915 0.394263 1.011869 0.410530 0.256019 0.847767
57.200000 0.080735 0.882516 0.226947 0.395060 1.013386 0.410466 0.256058 0.849134
57.400000 0.080691 0.882680 0.226976 0.395559 1.015004 0.410605 0.256091 0.850084
57.600000 0.080764 0.883380 0.227243 0.396299 1.016429 0.410571 0.256330 0.851613
57.800000 0.080585 0.883896 0.227489 0.397090 1.017980 0.410650 0.256444 0.852972
58.000000 0.080609 0.884521 0.227361 0.397812 1.019675 0.410689 0.256642 0.854404
58.200000 0.080792 0.884970 0.227529 0.398436 1.021014 0.410752 0.256770 0.855550
58.400000 0.080735 0.885105 0.227562 0.399163 1.022340 0.410612 0.256812 0.856918
58.600000 0.080707 0.885429 0.227765 0.399733 1.023803 0.410615 0.256994 0.858071
58.800000 0.080748 0.885894 0.227754 0.400356 1.024972 0.410507 0.257080 0.859249
59.000000 0.080770 0.886266 0.227806 0.401104 1.026558 0.410695 0.257146 0.860369
59.200000 0.080677 0.886690 0.227886 0.401680 1.027926 0.410737 0.257289 0.861362
59.400000 0.080740 0.886920 0.228090 0.402162 1.028896 0.410714 0.257441 0.862695
59.600000 0.080785 0.887407 0.228063 0.402857 1.030305 0.410844 0.257592 0.863509
59.800000 0.080788 0.887471 0.228065 0.403507 1.031602 0.410647 0.257808 0.864835
60.000000 0.080789 0.887948 0.228177 0.404198 1.032425 0.410745 0.257759 0.865667
60.200000 0.080782 0.888403 0.228218 0.404775 1.033875 0.410627 0.257943 0.866842
60.400000 0.080791 0.888499 0.228210 0.405282 1.035067 0.410804 0.258170 0.867926
60.600000 0.080765 0.888721 0.228313 0.406003 1.036214 0.410750 0.258285 0.868741
60.800000 0.080798 0.889137 0.228408 0.406678 1.037489 0.410798 0.258217 0.870020
61.000000 0.080783 0.889280 0.228466 0.407206 1.038499 0.410841 0.258331 0.870913
61.200000 0.080734 0.889306 0.228573 0.407752 1.039456 0.410671 0.258694 0.871583
61.400000 0.080752 0.889886 0.228643 0.408598 1.040473 0.410888 0.258715 0.872607
61.600000 0.080767 0.890424 0.228680 0.409206 1.041821 0.410882 0.258900 0.873814
61.800000 0.080784 0.890650 0.228701 0.409743 1.042913 0.410852 0.258989 0.874758
62.000000 0.080776 0.890572 0.228744 0.410197 1.043739 0.410910 0.258963 0.875328
62.200000 0.080799 0.891042 0.228796 0.410822 1.044694 0.411051 0.259231 0.876249
62.400000 0.080804 0.891260 0.229030 0.411297 1.045932 0.410913 0.259296 0.876984
62.600000 0.080767 0.891675 0.228897 0.412096 1.046922 0.410951 0.259681 0.878009
62.800000 0.080813 0.891587 0.229137 0.412722 1.048004 0.411026 0.259640 0.879034
63.000000 0.080773 0.891994 0.229179 0.413260 1.048905 0.411010 0.259744 0.879627
63.200000 0.080807 0.892255 0.229135 0.413827 1.049806 0.410984 0.259723 0.880501
63.400000 0.080783 0.892224 0.229073 0.414375 1.050474 0.411004 0.260009 0.881114
63.600000 0.080791 0.892635 0.229250 0.414941 1.051504 0.410996 0.260060 0.882211
63.800000 0.080785 0.892660 0.229360 0.415347 1.052431 0.410979 0.260286 0.882739
64.000000 0.080789 0.892949 0.229352 0.415933 1.053286 0.410883 0.260168 0.883344
64.200000 0.080837 0.893173 0.229384 0.416607 1.054184 0.411091 0.260512 0.884110
64.400000 0.080805 0.893304 0.229415 0.417172 1.054977 0.410858 0.260400 0.884577
64.600000 0.080947 0.893235 0.229604 0.417664 1.055529 0.410919 0.260662 0.885549
64.800000 0.080996 0.893598 0.229605 0.418104 1.056388 0.410920 0.260817 0.886363
65.000000 0.080846 0.893765 0.229523 0.418826 1.057125 0.411035 0.261076 0.886749
65.200000 0.080818 0.894114 0.229679 0.419232 1.058168 0.411177 0.260951 0.887365
65.400000 0.080730 0.894184 0.229700 0.419627 1.058781 0.411372 0.261146 0.887949
65.600000 0.080838 0.894462 0.229945 0.420175 1.059462 0.410980 0.261325 0.888813
65.800000 0.080860 0.894624 0.229865 0.420821 1.060034 0.411091 0.261375 0.889201
66.000000 0.080908 0.894743 0.229918 0.421447 1.060862 0.411124 0.261599 0.890032
66.200000 0.080801 0.894954 0.229998 0.421882 1.061696 0.411103 0.261602 0.890641
66.400000 0.080863 0.895178 0.229971 0.422377 1.062282 0.411102 0.261782 0.890994
66.600000 0.080895 0.895135 0.229996 0.422928 1.062794 0.411226 0.261831 0.891715
66.800000 0.080841 0.895341 0.229974 0.423333 1.063391 0.411081 0.261992 0.891943
67.000000 0.080830 0.895348 0.230174 0.423693 1.064140 0.411083 0.262144 0.892634
67.200000 0.080817 0.895658 0.230393 0.424342 1.064658 0.411210 0.262139 0.893219
67.400000 0.080884 0.895774 0.230390 0.424816 1.065335 0.411373 0.262251 0.893691
67.600000 0.080844 0.895718 0.230388 0.425357 1.066071 0.411320 0.262601 0.894201
67.800000 0.080798 0.896047 0.230312 0.425855 1.066629 0.411075 0.262547 0.894755
68.000000 0.080806 0.895902 0.230535 0.426229 1.067138 0.411242 0.262497 0.895109
68.200000 0.080833 0.895756 0.230271 0.426664 1.067801 0.411189 0.262610 0.895810
68.400000 0.080892 0.896416 0.230522 0.427243 1.068339 0.411346 0.262898 0.896227
68.600000 0.080756 0.896489 0.230593 0.427727 1.069163 0.411424 0.262927 0.896976
68.800000 0.080901 0.896565 0.230505 0.428287 1.069512 0.411364 0.263138 0.897285
69.000000 0.080883 0.896598 0.230597 0.428636 1.070224 0.411274 0.263289 0.897699
69.200000 0.080898 0.896518 0.230705 0.429140 1.070619 0.411382 0.263222 0.898058
69.400000 0.080948 0.896671 0.230856 0.429711 1.071270 0.411256 0.263501 0.898842
69.600000 0.080940 0.896615 0.230734 0.430126 1.071710 0.411519 0.263464 0.899036
69.800000 0.080971 0.896767 0.230793 0.430647 1.072272 0.411461 0.263544 0.899534
70.000000 0.080958 0.896962 0.230833 0.430918 1.072472 0.411506 0.263699 0.899922
70.200000 0.080938 0.897147 0.230959 0.431480 1.073148 0.411421 0.263975 0.900179
70.400000 0.080932 0.897119 0.230771 0.431874 1.073513 0.411487 0.263948 0.900510
70.600000 0.080906 0.897285 0.230969 0.432456 1.074093 0.411451 0.264030 0.901257
70.800000 0.080971 0.897241 0.230892 0.432881 1.074492 0.411432 0.264184 0.901485
71.000000 0.080938 0.897426 0.230919 0.433213 1.075166 0.411462 0.264162 0.901759
71.200000 0.080938 0.897383 0.230980 0.433785 1.075630 0.411488 0.264324 0.902348
71.400000 0.080926 0.897663 0.230952 0.434099 1.076090 0.411363 0.264577 0.902612
71.600000 0.080726 0.897642 0.231118 0.434629 1.076639 0.411429 0.264656 0.903006
71.800000 0.080966 0.897936 0.231020 0.435100 1.077010 0.411607 0.264570 0.903396
72.000000 0.080890 0.897831 0.231238 0.435447 1.077317 0.411579 0.264874 0.903911
72.200000 0.080932 0.898029 0.231187 0.435873 1.078008 0.411594 0.264927 0.903970
72.400000 0.080913 0.898167 0.231276 0.436035 1.078090 0.411490 0.265081 0.904389
72.600000 0.080901 0.898332 0.231327 0.436755 1.078730 0.411539 0.265305 0.904900
72.800000 0.080896 0.898389 0.231404 0.437061 1.079072 0.411649 0.265121 0.905130
73.000000 0.080957 0.898063 0.231425 0.437539 1.079511 0.411605 0.265406 0.905370
73.200000 0.080906 0.898422 0.231454 0.437974 1.079656 0.411605 0.265307 0.905473
73.400000 0.080959 0.898629 0.231355 0.438531 1.080189 0.411681 0.265589 0.906125
73.600000 0.080885 0.898590 0.231534 0.438732 1.080476 0.411702 0.265671 0.906497
73.800000 0.080954 0.898586 0.231518 0.439237 1.080887 0.411656 0.265709 0.906404
74.000000 0.080907 0.898718 0.231613 0.439468 1.081087 0.411587 0.265703 0.906799
74.200000 0.080987 0.898937 0.231739 0.439923 1.081749 0.411715 0.265812 0.907171
74.400000 0.080751 0.898820 0.231663 0.440239 1.082063 0.411610 0.266027 0.907470
74.600000 0.080997 0.899038 0.231754 0.440959 1.082288 0.411788 0.266349 0.907826
74.800000 0.080956 0.899064 0.231619 0.441349 1.082879 0.411720 0.266373 0.908174
75.000000 0.080942 0.899184 0.231745 0.441800 1.083120 0.411691 0.266407 0.908563
75.200000 0.080817 0.899337 0.231735 0.442169 1.083348 0.411816 0.266503 0.908647
75.400000 0.080934 0.899056 0.231917 0.442540 1.083722 0.411743 0.266665 0.908962
75.600000 0.080909 0.899148 0.231832 0.443114 1.084026 0.411810 0.266733 0.909147
75.800000 0.080929 0.899107 0.231808 0.443324 1.084299 0.411463 0.266742 0.909454
76.000000 0.080914 0.899221 0.231922 0.443592 1.084436 0.411939 0.266839 0.909590
76.200000 0.080969 0.899415 0.232071 0.444161 1.085190 0.411794 0.267071 0.909968
76.400000 0.080923 0.899655 0.231892 0.444486 1.085301 0.411708 0.267041 0.910098
76.600000 0.080888 0.899432 0.232075 0.444800 1.085636 0.411855 0.267068 0.910369
76.800000 0.080962 0.899398 0.231969 0.445177 1.085546 0.411775 0.267187 0.910566
77.000000 0.080965 0.899532 0.231850 0.445437 1.085996 0.411916 0.267348 0.910915
77.200000 0.080937 0.899405 0.232039 0.445969 1.086398 0.411859 0.267367 0.910892
77.400000 0.080976 0.899488 0.231959 0.446453 1.086534 0.411820 0.267722 0.911399
77.600000 0.080968 0.899654 0.232197 0.446580 1.086855 0.411825 0.267502 0.911390
77.800000 0.080979 0.899558 0.231954 0.446820 1.086951 0.411819 0.267911 0.911583
78.000000 0.080948 0.899764 0.232156 0.447362 1.087209 0.411747 0.267834 0.911713
78.200000 0.080948 0.899671 0.232233 0.447640 1.087412 0.411971 0.267800 0.912132
78.400000 0.080976 0.899919 0.232110 0.448057 1.087681 0.411897 0.268072 0.912225
78.600000 0.080996 0.899841 0.232388 0.448313 1.088052 0.411894 0.268117 0.912625
78.800000 0.080929 0.899890 0.232132 0.448809 1.088306 0.412085 0.268399 0.912591
79.000000 0.080927 0.900051 0.232244 0.449171 1.088359 0.411975 0.268340 0.913040
79.200000 0.080933 0.900108 0.232168 0.449222 1.088589 0.411865 0.268348 0.913005
79.400000 0.080951 0.900106 0.232271 0.449779 1.088923 0.412063 0.268464 0.913001
79.600000 0.080994 0.899892 0.232312 0.450133 1.089076 0.411983 0.268675 0.913280
79.800000 0.080769 0.900192 0.232270 0.450405 1.089399 0.412115 0.268698 0.913673
80.000000 0.080978 0.900207 0.232255 0.450792 1.089521 0.412117 0.268791 0.913721
80.200000 0.080941 0.900210 0.232275 0.451015 1.089479 0.411870 0.268719 0.913980
80.400000 0.080982 0.900375 0.232276 0.451419 1.089862 0.412061 0.268893 0.914098
80.600000 0.080885 0.900360 0.232454 0.451801 1.090089 0.412133 0.269086 0.914363
80.800000 0.080996 0.900349 0.232439 0.452260 1.090214 0.412119 0.269023 0.914464
81.000000 0.080973 0.900411 0.232602 0.452311 1.090531 0.411956 0.269184 0.914590
81.200000 0.080962 0.900491 0.232567 0.452743 1.090768 0.412121 0.269170 0.914746
81.400000 0.080991 0.900334 0.232635 0.453005 1.090552 0.411994 0.269320 0.914830
81.600000 0.080993 0.900278 0.232822 0.453204 1.091141 0.412116 0.269561 0.915142
81.800000 0.080987 0.900571 0.232622 0.453477 1.091129 0.412244 0.269581 0.915080
82.000000 0.081015 0.900577 0.232667 0.453866 1.091253 0.412038 0.269755 0.915489
82.200000 0.081020 0.900858 0.232610 0.454241 1.091414 0.412036 0.269657 0.915333
82.400000 0.080991 0.900684 0.232642 0.454497 1.091428 0.412211 0.269774 0.915413
82.600000 0.080872 0.900865 0.232730 0.454673 1.091992 0.412200 0.269999 0.915846
82.800000 0.080960 0.900613 0.232707 0.455169 1.092188 0.412120 0.269896 0.915820
83.000000 0.080790 0.900663 0.232672 0.455251 1.092100 0.412130 0.269996 0.915986
83.200000 0.081021 0.900795 0.232609 0.455726 1.092234 0.412256 0.270135 0.916093
83.400000 0.080997 0.900871 0.232789 0.456066 1.092316 0.412116 0.270108 0.916211
83.600000 0.080947 0.900771 0.232606 0.456069 1.092571 0.412115 0.270149 0.916363
83.800000 0.080997 0.900815 0.232796 0.456387 1.092747 0.412028 0.270374 0.916509
84.000000 0.080649 0.900633 0.232816 0.456612 1.092844 0.412417 0.270451 0.916887
84.200000 0.080995 0.900711 0.232999 0.456884 1.093133 0.412245 0.270448 0.916746
84.400000 0.080831 0.900493 0.232563 0.456968 1.092963 0.412063 0.270237 0.916742
84.600000 0.080845 0.900810 0.232699 0.457391 1.093134 0.412110 0.270423 0.916642
84.800000 0.080865 0.900787 0.232564 0.457884 1.093182 0.412077 0.270612 0.916982
85.000000 0.080886 0.901135 0.232945 0.458218 1.093599 0.412147 0.270819 0.917305
85.200000 0.080962 0.901000 0.233142 0.458475 1.132760 0.412179 0.270944 0.917447
85.400000 0.080968 0.900999 0.233015 0.458786 1.093999 0.412374 0.270959 0.917556
85.600000 0.080920 0.900968 0.232929 0.458851 1.094045 0.412250 0.270897 0.917613
85.800000 0.080872 0.901176 0.232850 0.459264 1.094192 0.412415 0.271190 0.917794
86.000000 0.081006 0.901097 0.233004 0.459558 1.094287 0.412340 0.271167 0.917862
86.200000 0.080963 0.901114 0.233066 0.459626 1.094217 0.412320 0.271209 0.917745
86.400000 0.080960 0.901054 0.233112 0.459957 1.094458 0.412442 0.271313 0.917943
86.600000 0.080994 0.901049 0.233003 0.460221 1.094658 0.412368 0.271333 0.918262
86.800000 0.080964 0.901098 0.233060 0.460689 1.094591 0.412269 0.271350 0.918347
87.000000 0.080944 0.900960 0.233068 0.460674 1.094622 0.412184 0.271553 0.918028
87.200000 0.080885 0.901221 0.233012 0.461037 1.094871 0.412394 0.271595 0.918371
87.400000 0.080887 0.901290 0.233299 0.461409 1.095002 0.412415 0.271698 0.918461
87.600000 0.081001 0.901217 0.233166 0.461578 1.095054 0.412369 0.271785 0.918582
87.800000 0.081004 0.901151 0.233201 0.461910 1.095337 0.412405 0.271895 0.918779
88.000000 0.080975 0.901048 0.233183 0.462107 1.095225 0.412467 0.271949 0.918792
88.200000 0.080881 0.901359 0.233300 0.462447 1.095489 0.412454 0.272139 0.918988
88.400000 0.080983 0.901396 0.233232 0.462495 1.095318 0.412415 0.271951 0.919037
88.600000 0.081022 0.901462 0.233264 0.462918 1.095482 0.412481 0.272097 0.919147
88.800000 0.081002 0.901284 0.233191 0.463104 1.095620 0.412440 0.272065 0.919202
89.000000 0.080911 0.901407 0.233415 0.463387 1.095740 0.412448 0.272128 0.919229
89.200000 0.081002 0.901120 0.233310 0.463681 1.095752 0.412548 0.272331 0.919424
89.400000 0.080873 0.901597 0.233340 0.463755 1.095899 0.412511 0.272445 0.919604
89.600000 0.080850 0.901414 0.233337 0.464133 1.096078 0.412582 0.272429 0.919512
89.800000 0.081010 0.901439 0.233249 0.464337 1.096256 0.412400 0.272428 0.919477
90.000000 0.080904 0.901482 0.233451 0.464637 1.096267 0.412365 0.272648 0.919845
