0.200000 0.053672 0.466020 0.189865 0.271896 0.556856 0.442831 0.243248 0.466476
0.400000 0.053520 0.464741 0.189667 0.270848 0.554234 0.442814 0.243093 0.464656
0.600000 0.053509 0.464094 0.189774 0.270456 0.552577 0.442982 0.243011 0.463315
0.800000 0.053504 0.463448 0.189493 0.270213 0.550934 0.442883 0.242848 0.462082
1.000000 0.053492 0.462832 0.189393 0.269673 0.549406 0.442829 0.242853 0.460824
1.200000 0.053489 0.462210 0.189427 0.269265 0.547676 0.442788 0.242485 0.459746
1.400000 0.053490 0.461607 0.189365 0.268998 0.546344 0.442765 0.242210 0.458521
1.600000 0.053478 0.461093 0.189351 0.268311 0.544593 0.442756 0.242175 0.457447
1.800000 0.053487 0.460378 0.189264 0.267980 0.543173 0.442695 0.241991 0.455987
2.000000 0.053441 0.459756 0.189272 0.267668 0.541684 0.442699 0.241863 0.454903
2.200000 0.053293 0.459164 0.189313 0.267126 0.540184 0.442593 0.241587 0.453547
2.400000 0.053415 0.458586 0.189199 0.266451 0.538381 0.442636 0.241557 0.452504
2.600000 0.053546 0.458131 0.189063 0.266317 0.537027 0.442738 0.241405 0.451356
2.800000 0.053440 0.457572 0.189126 0.265878 0.535497 0.442641 0.241340 0.450193
3.000000 0.053415 0.456922 0.188929 0.265600 0.533919 0.442640 0.241115 0.449082
3.200000 0.053477 0.456113 0.188916 0.265160 0.532569 0.442574 0.241081 0.447736
3.400000 0.053366 0.455672 0.188988 0.264689 0.531154 0.442374 0.240689 0.446715
3.600000 0.053259 0.455171 0.188763 0.264333 0.529541 0.442343 0.240759 0.445570
3.800000 0.053362 0.454683 0.188852 0.264108 0.528058 0.442432 0.240402 0.444527
4.000000 0.053326 0.453960 0.188615 0.263622 0.526710 0.442430 0.240350 0.443351
4.200000 0.053347 0.453526 0.188807 0.263419 0.525297 0.442365 0.240147 0.442241
4.400000 0.053356 0.453035 0.188662 0.262843 0.523698 0.442472 0.239983 0.441015
4.600000 0.053327 0.452436 0.188742 0.262442 0.522250 0.442224 0.240018 0.440154
4.800000 0.053305 0.451840 0.188666 0.262075 0.520960 0.442214 0.239681 0.438969
5.000000 0.053301 0.451472 0.188702 0.261549 0.519557 0.442402 0.239558 0.437858
5.200000 0.053275 0.451035 0.188490 0.261301 0.518224 0.442318 0.239353 0.436857
5.400000 0.053293 0.450333 0.188670 0.260966 0.516722 0.442327 0.239188 0.435768
5.600000 0.053256 0.449872 0.188595 0.260530 0.515351 0.442320 0.239089 0.434605
5.800000 0.053298 0.449343 0.188358 0.260253 0.513925 0.442156 0.238916 0.433593
6.000000 0.053282 0.448770 0.188392 0.259723 0.512688 0.442141 0.238729 0.432471
6.200000 0.053102 0.448329 0.188422 0.259427 0.511345 0.442079 0.238580 0.431580
6.400000 0.053289 0.447837 0.188423 0.259119 0.509783 0.442069 0.238342 0.430336
6.600000 0.053121 0.447166 0.188225 0.258775 0.508122 0.442190 0.238249 0.429108
6.800000 0.053249 0.446709 0.188086 0.258366 0.506879 0.442122 0.238124 0.427887
7.000000 0.053223 0.446021 0.188257 0.257930 0.505419 0.442010 0.237948 0.427117
7.200000 0.053321 0.445411 0.188113 0.257515 0.504279 0.441901 0.237599 0.425874
7.400000 0.053210 0.445144 0.188093 0.257139 0.502898 0.441947 0.237600 0.425172
7.600000 0.053185 0.444782 0.188106 0.256945 0.501576 0.441917 0.237491 0.424187
7.800000 0.053198 0.444197 0.188065 0.256532 0.500394 0.441870 0.237195 0.423085
8.000000 0.053169 0.443842 0.188104 0.256204 0.499058 0.441830 0.237123 0.422116
8.200000 0.053172 0.443400 0.187851 0.255798 0.497655 0.441710 0.236976 0.421247
8.400000 0.053180 0.442842 0.187854 0.255651 0.496633 0.441670 0.236846 0.420260
8.600000 0.053153 0.442471 0.187924 0.255181 0.495359 0.441607 0.236557 0.419182
8.800000 0.053130 0.441904 0.187914 0.254948 0.494140 0.441725 0.236518 0.418395
9.000000 0.053160 0.441577 0.187727 0.254474 0.492849 0.441645 0.236222 0.417395
9.200000 0.053185 0.440985 0.187733 0.254328 0.491646 0.441724 0.236146 0.416524
9.400000 0.053164 0.440552 0.187705 0.254027 0.490354 0.441722 0.236109 0.415567
9.600000 0.053127 0.440335 0.187819 0.253743 0.489212 0.441451 0.235900 0.414639
9.800000 0.053120 0.439730 0.187715 0.253340 0.488205 0.441534 0.235802 0.413812
10.000000 0.053100 0.439435 0.187396 0.253052 0.486865 0.441468 0.235521 0.412985
10.200000 0.053120 0.438883 0.187607 0.252737 0.485795 0.441524 0.235344 0.412012
10.400000 0.053039 0.438449 0.187534 0.252442 0.484484 0.441436 0.235313 0.410944
10.600000 0.053084 0.438049 0.187474 0.252134 0.483189 0.441500 0.235091 0.410292
10.800000 0.053088 0.437596 0.187455 0.251867 0.482235 0.441305 0.235053 0.409122
11.000000 0.053049 0.437232 0.187419 0.251535 0.481122 0.441423 0.234839 0.408411
11.200000 0.053072 0.436832 0.187330 0.251067 0.480073 0.441306 0.234401 0.407653
11.400000 0.053071 0.436444 0.187421 0.250859 0.478865 0.441350 0.234644 0.406796
11.600000 0.053062 0.435945 0.187501 0.250796 0.477901 0.441384 0.234391 0.405943
11.800000 0.053079 0.435587 0.187365 0.250502 0.476687 0.441210 0.234321 0.405043
12.000000 0.053068 0.435261 0.187253 0.250160 0.475655 0.441277 0.234165 0.404291
12.200000 0.052971 0.434720 0.187274 0.249770 0.474655 0.441307 0.234062 0.403420
12.400000 0.053018 0.434558 0.187203 0.249546 0.473520 0.441430 0.234031 0.402631
12.600000 0.053052 0.433835 0.187184 0.249139 0.472182 0.441192 0.233758 0.401546
12.800000 0.053012 0.433524 0.187098 0.248855 0.471063 0.441135 0.233705 0.400823
13.000000 0.052984 0.433247 0.187091 0.248717 0.470265 0.441265 0.233341 0.399973
13.200000 0.052999 0.432870 0.187174 0.248361 0.469295 0.441098 0.233232 0.399265
13.400000 0.053028 0.432327 0.187027 0.248258 0.468294 0.441080 0.233107 0.398577
13.600000 0.053001 0.432205 0.187065 0.247952 0.467317 0.441020 0.233129 0.397893
13.800000 0.052943 0.431820 0.186976 0.247558 0.466060 0.440977 0.232715 0.396988
14.000000 0.052992 0.431462 0.187004 0.247437 0.465463 0.441029 0.232781 0.396539
14.200000 0.053057 0.431156 0.187010 0.247142 0.464365 0.440953 0.232423 0.395746
14.400000 0.052971 0.430757 0.186806 0.246980 0.463446 0.440941 0.232451 0.394914
14.600000 0.052963 0.430559 0.186839 0.246639 0.462589 0.440893 0.232295 0.394186
14.800000 0.052961 0.430142 0.186667 0.246534 0.461704 0.440894 0.232165 0.393536
15.000000 0.052966 0.429976 0.186903 0.246046 0.460779 0.440732 0.231943 0.392769
15.200000 0.052807 0.429384 0.186772 0.245928 0.459955 0.440927 0.231928 0.392254
15.400000 0.052953 0.429191 0.186908 0.245668 0.459136 0.440704 0.231903 0.391685
15.600000 0.052818 0.428865 0.186840 0.245452 0.457944 0.440773 0.231710 0.390860
15.800000 0.052596 0.428271 0.186511 0.244815 0.456783 0.440492 0.231254 0.389742
16.000000 0.052724 0.427724 0.186338 0.244545 0.455930 0.440445 0.231194 0.389172
16.200000 0.052730 0.427519 0.186528 0.244593 0.454988 0.440795 0.231211 0.388465
16.400000 0.052922 0.427281 0.186645 0.244329 0.454057 0.440619 0.231128 0.387870
16.600000 0.052907 0.427150 0.186752 0.244284 0.453227 0.440539 0.230983 0.387229
16.800000 0.052910 0.426754 0.186686 0.243588 0.452291 0.440547 0.230813 0.386524
17.000000 0.052899 0.426391 0.186569 0.243714 0.451376 0.440453 0.230526 0.385746
17.200000 0.052823 0.426139 0.186468 0.243359 0.450592 0.440496 0.230635 0.385275
17.400000 0.052889 0.425785 0.186477 0.243230 0.449770 0.440652 0.230488 0.384581
17.600000 0.052886 0.425429 0.186613 0.243150 0.449000 0.440492 0.230274 0.383934
17.800000 0.052854 0.425255 0.186591 0.242636 0.448067 0.440462 0.230240 0.383297
18.000000 0.052858 0.425234 0.186414 0.242589 0.447298 0.440625 0.230083 0.382658
18.200000 0.052838 0.424600 0.186372 0.242347 0.446365 0.440193 0.229889 0.382208
18.400000 0.052939 0.424292 0.186396 0.242263 0.445669 0.440319 0.229914 0.381417
18.600000 0.052844 0.424041 0.186321 0.241827 0.444663 0.440278 0.229500 0.380722
18.800000 0.052819 0.423592 0.186386 0.241586 0.444025 0.440325 0.229611 0.380077
19.000000 0.052846 0.423241 0.186202 0.241456 0.443009 0.440307 0.229414 0.379478
19.200000 0.052837 0.423148 0.186250 0.241371 0.442297 0.440265 0.229256 0.378820
19.400000 0.052835 0.422772 0.186178 0.240898 0.441493 0.440112 0.229178 0.378306
19.600000 0.052826 0.422508 0.186266 0.240861 0.440813 0.440139 0.229154 0.377603
19.800000 0.052927 0.422284 0.186263 0.240753 0.439872 0.440201 0.228947 0.377144
20.000000 0.052810 0.421870 0.186021 0.240560 0.439132 0.440085 0.228837 0.376509
20.200000 0.052930 0.421624 0.186195 0.240262 0.438371 0.440073 0.228790 0.375889
20.400000 0.052652 0.421424 0.186098 0.239946 0.437603 0.440150 0.228451 0.375361
20.600000 0.052753 0.421037 0.186085 0.239545 0.436630 0.440053 0.228273 0.374685
20.800000 0.052776 0.420812 0.186016 0.239698 0.436028 0.439926 0.228295 0.373993
21.000000 0.052643 0.420581 0.186005 0.239379 0.435297 0.439973 0.228221 0.373579
21.200000 0.052748 0.420160 0.186031 0.239176 0.434475 0.439969 0.228000 0.372952
21.400000 0.052769 0.420011 0.186055 0.238839 0.433757 0.439940 0.227945 0.372445
21.600000 0.052777 0.419669 0.185990 0.238650 0.433089 0.439659 0.227788 0.371836
21.800000 0.052750 0.419378 0.185853 0.238388 0.432231 0.439906 0.227674 0.371134
22.000000 0.052739 0.418907 0.186059 0.238233 0.431455 0.439876 0.227628 0.370761
22.200000 0.052753 0.418707 0.185854 0.238141 0.430847 0.439874 0.227402 0.370070
22.400000 0.052749 0.418653 0.185910 0.237983 0.430068 0.439845 0.227317 0.369702
22.600000 0.052748 0.418384 0.185842 0.237835 0.429432 0.439858 0.227266 0.368978
22.800000 0.052740 0.417953 0.185710 0.237511 0.428703 0.439869 0.227133 0.368609
23.000000 0.052772 0.417914 0.185727 0.237283 0.427971 0.439718 0.226930 0.368188
23.200000 0.052716 0.417554 0.185763 0.237197 0.427343 0.439675 0.226752 0.367481
23.400000 0.052676 0.417226 0.185834 0.237022 0.426359 0.439705 0.226890 0.366965
23.600000 0.052713 0.417078 0.185834 0.236703 0.425766 0.439619 0.226463 0.366443
23.800000 0.052705 0.416709 0.185737 0.236646 0.425030 0.439578 0.226466 0.365930
24.000000 0.052672 0.416436 0.185622 0.236353 0.424359 0.439430 0.226368 0.365377
24.200000 0.052697 0.416267 0.185776 0.236100 0.423780 0.439556 0.226296 0.364917
24.400000 0.052686 0.416068 0.185670 0.236092 0.422995 0.439544 0.226238 0.364238
24.600000 0.052767 0.415716 0.185552 0.235750 0.422337 0.439482 0.226116 0.363820
24.800000 0.052549 0.415377 0.185739 0.235738 0.421771 0.439535 0.225931 0.363373
25.000000 0.052708 0.415340 0.185542 0.235518 0.420751 0.439581 0.225691 0.362722
25.200000 0.052691 0.415010 0.185606 0.235387 0.420278 0.439605 0.225754 0.362017
25.400000 0.052493 0.414839 0.185571 0.234990 0.419616 0.439449 0.225591 0.361758
25.600000 0.052642 0.414566 0.185407 0.234859 0.418900 0.439379 0.225488 0.361069
25.800000 0.052515 0.414168 0.185525 0.234807 0.418242 0.439422 0.225414 0.360589
26.000000 0.052681 0.414103 0.185436 0.234574 0.417569 0.439149 0.225238 0.360156
26.200000 0.052668 0.413838 0.185540 0.195430 0.417072 0.439314 0.225082 0.359773
26.400000 0.052660 0.413435 0.185518 0.234224 0.416140 0.439252 0.224993 0.359288
26.600000 0.052513 0.413318 0.185477 0.233919 0.415704 0.439174 0.224912 0.358763
26.800000 0.052643 0.413094 0.185397 0.234009 0.414995 0.439263 0.224739 0.358319
27.000000 0.052790 0.412818 0.185516 0.233618 0.414428 0.439268 0.224651 0.357715
27.200000 0.052599 0.412518 0.185460 0.233449 0.413526 0.438991 0.224608 0.357238
27.400000 0.052618 0.412406 0.185280 0.233347 0.413063 0.439073 0.224487 0.356814
27.600000 0.052494 0.412025 0.185288 0.233164 0.412530 0.439075 0.224184 0.356419
27.800000 0.052601 0.411785 0.185301 0.233067 0.411918 0.438966 0.224186 0.355932
28.000000 0.052786 0.411573 0.185326 0.232884 0.411258 0.439062 0.224031 0.355248
28.200000 0.052502 0.411341 0.185072 0.232690 0.410556 0.438996 0.223978 0.355009
28.400000 0.052602 0.410929 0.185152 0.232429 0.410005 0.438929 0.223811 0.354486
28.600000 0.052592 0.410791 0.185304 0.232395 0.409439 0.439059 0.223812 0.354139
28.800000 0.052572 0.410726 0.185254 0.232275 0.409056 0.438865 0.223525 0.353466
29.000000 0.052575 0.410551 0.185103 0.231985 0.408252 0.438897 0.223576 0.353161
29.200000 0.052567 0.410336 0.185096 0.231885 0.407584 0.438874 0.223514 0.352729
29.400000 0.052583 0.410140 0.185205 0.231723 0.407247 0.438970 0.223277 0.352317
29.600000 0.052582 0.409861 0.185124 0.231563 0.406581 0.438945 0.223305 0.351732
29.800000 0.052717 0.409690 0.185142 0.231355 0.406045 0.438686 0.223002 0.351412
30.000000 0.052544 0.409251 0.185140 0.231238 0.405334 0.438691 0.223010 0.350863
30.200000 0.052579 0.409265 0.184874 0.231056 0.404682 0.438703 0.222663 0.350393
30.400000 0.052587 0.409002 0.185129 0.230939 0.404272 0.438684 0.223001 0.350109
30.600000 0.052557 0.408781 0.185010 0.230653 0.403525 0.438646 0.222743 0.349704
30.800000 0.052807 0.408580 0.184941 0.230630 0.403005 0.438585 0.222706 0.349239
31.000000 0.053165 0.408405 0.185078 0.230492 0.402468 0.438575 0.222614 0.348882
31.200000 0.053934 0.408248 0.184955 0.230148 0.402046 0.438672 0.222405 0.348444
31.400000 0.054481 0.408044 0.185027 0.230222 0.401784 0.438391 0.222272 0.348274
31.600000 0.055523 0.407727 0.185070 0.230114 0.401803 0.438656 0.222385 0.348226
31.800000 0.056334 0.407836 0.184989 0.229974 0.402342 0.438241 0.222223 0.348688
32.000000 0.057289 0.407717 0.185118 0.230197 0.403124 0.438417 0.222155 0.348983
32.200000 0.058211 0.408315 0.185036 0.230517 0.404487 0.438469 0.222080 0.350398
32.400000 0.059152 0.408687 0.185129 0.230650 0.406200 0.438390 0.222124 0.351788
32.600000 0.060070 0.409533 0.185192 0.231087 0.408837 0.438294 0.222030 0.353457
32.800000 0.060747 0.410649 0.185223 0.231703 0.411812 0.438392 0.222024 0.355810
33.000000 0.061648 0.412294 0.185455 0.232393 0.415248 0.438501 0.222289 0.358245
33.200000 0.062355 0.414724 0.185584 0.233375 0.419462 0.438392 0.222284 0.361148
33.400000 0.063124 0.417389 0.186000 0.234398 0.423830 0.438671 0.222373 0.364460
33.600000 0.063487 0.420767 0.186119 0.236173 0.428396 0.438616 0.222433 0.367985
33.800000 0.064195 0.424905 0.186510 0.237632 0.433906 0.438388 0.222387 0.371984
34.000000 0.064751 0.429802 0.186808 0.239374 0.439183 0.438501 0.222594 0.376111
34.200000 0.065117 0.435021 0.187328 0.240996 0.445249 0.438435 0.222750 0.380487
34.400000 0.065585 0.440955 0.187563 0.242947 0.451049 0.438556 0.222836 0.385114
34.600000 0.065914 0.447375 0.188073 0.245048 0.457336 0.438500 0.222771 0.389765
34.800000 0.066221 0.454160 0.188547 0.246905 0.463708 0.438502 0.223123 0.394850
35.000000 0.066517 0.461668 0.188829 0.248946 0.470154 0.438549 0.223264 0.400023
35.200000 0.066773 0.469614 0.189301 0.250872 0.477279 0.438678 0.223419 0.405271
35.400000 0.066837 0.477240 0.189649 0.252755 0.483566 0.438551 0.223504 0.410364
35.600000 0.067187 0.484974 0.189976 0.254372 0.490241 0.438557 0.223668 0.415799
35.800000 0.067308 0.493176 0.190350 0.256197 0.496966 0.438768 0.223823 0.420973
36.000000 0.067464 0.501617 0.190650 0.258042 0.503591 0.438715 0.223934 0.426402
36.200000 0.067601 0.510116 0.191100 0.259990 0.510852 0.438814 0.224122 0.432044
36.400000 0.067768 0.518980 0.191323 0.261580 0.518023 0.438805 0.224301 0.437710
36.600000 0.067868 0.527970 0.191712 0.263146 0.525081 0.438950 0.224410 0.443410
36.800000 0.067986 0.536949 0.191978 0.265020 0.532329 0.438728 0.224461 0.449334
37.000000 0.068195 0.545867 0.192472 0.266458 0.539409 0.438809 0.224633 0.455144
37.200000 0.068176 0.555782 0.192882 0.268487 0.547865 0.438934 0.225055 0.462614
37.400000 0.068296 0.568682 0.193264 0.270647 0.557617 0.438955 0.225166 0.469914
37.600000 0.068352 0.577833 0.193641 0.272335 0.565267 0.438957 0.225282 0.476043
37.800000 0.068455 0.587134 0.193958 0.273811 0.572756 0.438899 0.225484 0.482067
38.000000 0.068464 0.596215 0.194525 0.275380 0.580298 0.439114 0.225588 0.488352
38.200000 0.068617 0.605258 0.194674 0.276821 0.587825 0.439097 0.225832 0.494437
38.400000 0.068572 0.614578 0.194894 0.278264 0.595494 0.439100 0.226018 0.500888
38.600000 0.068560 0.623360 0.195302 0.279856 0.602919 0.439001 0.226183 0.507005
38.800000 0.068812 0.632089 0.195739 0.281415 0.610500 0.439165 0.226424 0.513240
39.000000 0.068698 0.641459 0.195813 0.283003 0.617875 0.439275 0.226465 0.519503
39.200000 0.068564 0.650148 0.196242 0.284580 0.625519 0.439207 0.226594 0.525768
39.400000 0.068763 0.658434 0.196683 0.285966 0.632984 0.439334 0.226806 0.531971
39.600000 0.068809 0.667147 0.196967 0.287371 0.640538 0.439379 0.227123 0.538153
39.800000 0.068842 0.675231 0.197229 0.288773 0.648093 0.439339 0.227295 0.544270
40.000000 0.068821 0.683732 0.197502 0.290272 0.655386 0.439560 0.227441 0.550420
40.200000 0.068839 0.692247 0.197898 0.291700 0.663190 0.439431 0.227428 0.556884
40.400000 0.068846 0.700211 0.198030 0.293142 0.670723 0.439372 0.227945 0.562931
40.600000 0.068909 0.707958 0.198225 0.294623 0.678235 0.439535 0.227863 0.569134
40.800000 0.068923 0.715486 0.198807 0.295999 0.685447 0.439599 0.228206 0.575150
41.000000 0.068730 0.723062 0.199094 0.297256 0.692894 0.439583 0.228373 0.581278
41.200000 0.068837 0.730234 0.199220 0.298724 0.699971 0.439584 0.228557 0.587040
41.400000 0.068996 0.737215 0.199538 0.300067 0.706947 0.439652 0.228601 0.593098
41.600000 0.069050 0.744006 0.199755 0.301325 0.714212 0.439512 0.228920 0.598877
41.800000 0.069024 0.750879 0.200096 0.302784 0.721150 0.439708 0.229184 0.604634
42.000000 0.069045 0.757010 0.200471 0.304012 0.728113 0.439565 0.229321 0.610294
42.200000 0.069047 0.763093 0.200563 0.305268 0.734900 0.439612 0.229428 0.615744
42.400000 0.069057 0.769105 0.200905 0.306555 0.741608 0.439716 0.229499 0.621264
42.600000 0.069093 0.774931 0.201108 0.307887 0.748184 0.439610 0.229759 0.626692
42.800000 0.068983 0.780359 0.201300 0.309219 0.754733 0.439929 0.230014 0.632221
43.000000 0.069128 0.785911 0.201694 0.310463 0.761404 0.439857 0.230255 0.637385
43.200000 0.068987 0.791077 0.201760 0.311619 0.767525 0.439951 0.230371 0.642741
43.400000 0.069169 0.796020 0.202178 0.312867 0.773943 0.439953 0.230653 0.647760
43.600000 0.069187 0.800801 0.202200 0.314276 0.780617 0.440069 0.230760 0.653603
43.800000 0.069177 0.807276 0.202606 0.315999 0.788659 0.439934 0.230902 0.659928
44.000000 0.069221 0.811692 0.202811 0.317148 0.794543 0.440043 0.231281 0.664885
44.200000 0.069188 0.815861 0.203050 0.318189 0.800367 0.439953 0.231352 0.669656
44.400000 0.069248 0.819826 0.203237 0.319439 0.805850 0.440310 0.231360 0.674407
44.600000 0.069247 0.823739 0.203381 0.320597 0.811263 0.440154 0.231692 0.679058
44.800000 0.069253 0.827441 0.203603 0.321758 0.816969 0.440143 0.231885 0.683416
45.000000 0.069125 0.830799 0.203726 0.322800 0.822383 0.440265 0.232083 0.687729
45.200000 0.069274 0.834174 0.204095 0.323951 0.827558 0.440167 0.232344 0.692024
45.400000 0.069127 0.837406 0.204226 0.325128 0.832597 0.440322 0.232384 0.696297
45.600000 0.069294 0.840614 0.204335 0.326117 0.837768 0.440310 0.232404 0.700516
45.800000 0.069308 0.843541 0.204731 0.327399 0.842677 0.440448 0.232770 0.704507
46.000000 0.069292 0.846495 0.204890 0.328453 0.847398 0.440482 0.232965 0.708532
46.200000 0.069355 0.849141 0.205011 0.329515 0.852017 0.440289 0.233119 0.712460
46.400000 0.069366 0.851503 0.205220 0.330648 0.856630 0.440518 0.233185 0.716369
46.600000 0.069346 0.854401 0.205241 0.331660 0.861251 0.440462 0.233387 0.720314
46.800000 0.069365 0.856903 0.205393 0.332927 0.865967 0.440407 0.233736 0.724111
47.000000 0.069349 0.859137 0.205830 0.333787 0.870224 0.440580 0.233777 0.727452
47.200000 0.069357 0.861464 0.205879 0.334904 0.874562 0.440469 0.233980 0.731078
47.400000 0.069379 0.863645 0.206217 0.335767 0.878624 0.440596 0.234287 0.734846
47.600000 0.069387 0.865480 0.206171 0.337039 0.882830 0.440545 0.234360 0.738202
47.800000 0.069363 0.867502 0.206379 0.337927 0.886604 0.440578 0.234547 0.741475
48.000000 0.069297 0.869328 0.206461 0.339013 0.890483 0.440785 0.234687 0.744689
48.200000 0.069135 0.871226 0.206773 0.339868 0.894314 0.440712 0.234836 0.747759
48.400000 0.069413 0.873146 0.206746 0.340996 0.898087 0.440762 0.235038 0.750864
48.600000 0.069302 0.874567 0.206943 0.342011 0.901460 0.440772 0.235184 0.753961
48.800000 0.069439 0.876251 0.207065 0.342819 0.904737 0.440674 0.235447 0.756841
49.000000 0.069420 0.877871 0.207071 0.343919 0.908409 0.440867 0.235532 0.759605
49.200000 0.069461 0.878952 0.207514 0.344738 0.911761 0.440726 0.235729 0.762757
49.400000 0.069438 0.880656 0.207654 0.345868 0.914874 0.440904 0.235825 0.765146
49.600000 0.069460 0.882074 0.207724 0.346711 0.918113 0.440880 0.236031 0.768045
49.800000 0.069521 0.883459 0.207836 0.347621 0.921214 0.440959 0.236083 0.770605
50.000000 0.069469 0.884863 0.207912 0.348822 0.925052 0.440955 0.236230 0.773934
50.200000 0.069318 0.886006 0.208057 0.349663 0.928087 0.440899 0.236512 0.776653
50.400000 0.069511 0.887342 0.208176 0.350403 0.930972 0.441058 0.236755 0.779103
50.600000 0.069445 0.888476 0.208414 0.312501 0.933787 0.440863 0.236900 0.781354
50.800000 0.069495 0.889697 0.208538 0.352562 0.936709 0.440996 0.236974 0.783976
51.000000 0.069494 0.890631 0.208626 0.353401 0.939615 0.441032 0.237199 0.786292
51.200000 0.069519 0.891575 0.208612 0.354378 0.942095 0.441276 0.237463 0.788852
51.400000 0.069525 0.892922 0.208795 0.355163 0.944532 0.441195 0.237431 0.790983
51.600000 0.069561 0.893832 0.208948 0.356152 0.947359 0.441227 0.237808 0.793225
51.800000 0.069556 0.894817 0.209107 0.357208 0.949708 0.441338 0.238002 0.795292
52.000000 0.069466 0.895487 0.209194 0.357849 0.952450 0.441279 0.238135 0.797331
52.200000 0.069544 0.896326 0.209052 0.358733 0.954762 0.441371 0.238320 0.799298
52.400000 0.069441 0.897209 0.209332 0.359501 0.957185 0.441384 0.238447 0.801405
52.600000 0.069615 0.898125 0.209498 0.360539 0.959348 0.441390 0.238584 0.803475
52.800000 0.069623 0.898986 0.209602 0.361612 0.961612 0.441451 0.238742 0.804459
53.000000 0.069596 0.899567 0.209639 0.362101 0.963759 0.441388 0.238853 0.807288
53.200000 0.069641 0.900147 0.209728 0.362891 0.966087 0.441573 0.239065 0.809075
53.400000 0.069614 0.900955 0.209783 0.364016 0.968177 0.441285 0.239263 0.810862
53.600000 0.069616 0.901674 0.210018 0.364582 0.970209 0.441545 0.239478 0.812708
53.800000 0.069633 0.902104 0.210208 0.365495 0.972182 0.441673 0.239495 0.814465
54.000000 0.069580 0.902852 0.209964 0.366076 0.974034 0.441495 0.239790 0.816160
54.200000 0.069630 0.903590 0.210122 0.367059 0.976033 0.441700 0.239934 0.817756
54.400000 0.069644 0.904357 0.210413 0.367742 0.977730 0.441634 0.240054 0.819385
54.600000 0.069668 0.904783 0.210502 0.368532 0.979665 0.441576 0.240254 0.820894
54.800000 0.069604 0.905206 0.210574 0.369452 0.981730 0.441684 0.240341 0.822248
55.000000 0.069663 0.905883 0.210599 0.370277 0.983406 0.441663 0.240566 0.823906
55.200000 0.069668 0.906403 0.210571 0.371054 0.984859 0.441870 0.240752 0.825403
55.400000 0.069655 0.907055 0.210776 0.371755 0.986673 0.441887 0.240888 0.826994
55.600000 0.069664 0.907471 0.210869 0.372520 0.988252 0.441796 0.241005 0.828233
55.800000 0.069674 0.907937 0.210829 0.373259 0.990115 0.441764 0.241143 0.829644
56.000000 0.069550 0.908440 0.211119 0.374170 0.991701 0.441791 0.241452 0.831430
56.200000 0.069696 0.909153 0.211175 0.375167 0.993819 0.441870 0.241398 0.833199
56.400000 0.069626 0.909369 0.211321 0.375956 0.995408 0.441757 0.241560 0.834433
56.600000 0.069680 0.910126 0.211350 0.376613 0.996787 0.441958 0.241728 0.835592
56.800000 0.069670 0.910290 0.211338 0.377336 0.998079 0.442033 0.242083 0.836959
57.000000 0.069648 0.910576 0.211361 0.378112 0.999754 0.441992 0.242160 0.838063
57.200000 0.069685 0.910742 0.211338 0.378636 1.000834 0.441940 0.242248 0.839214
57.400000 0.069703 0.911368 0.211609 0.379372 1.002346 0.441900 0.242534 0.840342
57.600000 0.069714 0.911619 0.211778 0.380179 1.003703 0.442152 0.242489 0.841591
57.800000 0.069727 0.912063 0.211715 0.380714 1.004912 0.442023 0.242799 0.842609
58.000000 0.069873 0.912175 0.211996 0.381734 1.006093 0.442137 0.242983 0.843755
58.200000 0.069536 0.912509 0.211876 0.382116 1.007466 0.442125 0.243111 0.844790
58.400000 0.069618 0.913054 0.212077 0.382994 1.008696 0.442146 0.243074 0.845879
58.600000 0.069591 0.913264 0.212017 0.383527 1.009688 0.442058 0.243519 0.846986
58.800000 0.069702 0.913552 0.212088 0.384280 1.011017 0.442076 0.243520 0.847870
59.000000 0.069690 0.913822 0.212131 0.384893 1.012192 0.442224 0.243778 0.848949
59.200000 0.069710 0.914136 0.212321 0.385498 1.013483 0.442314 0.243875 0.849803
59.400000 0.069714 0.914393 0.212309 0.386210 1.014525 0.442150 0.244107 0.850802
59.600000 0.069588 0.914536 0.212292 0.386900 1.015548 0.442249 0.244077 0.851835
59.800000 0.069711 0.914844 0.212500 0.387525 1.016674 0.442085 0.244242 0.852534
60.000000 0.069678 0.915187 0.212548 0.388125 1.017656 0.442372 0.244310 0.853615
60.200000 0.069590 0.915374 0.212525 0.388651 1.018818 0.442470 0.244608 0.854461
60.400000 0.069599 0.915541 0.212517 0.389531 1.019625 0.442370 0.244321 0.855304
60.600000 0.069624 0.915604 0.212347 0.389805 1.020591 0.442624 0.244876 0.856143
60.800000 0.069704 0.915879 0.212708 0.390525 1.021690 0.442503 0.244953 0.856822
61.000000 0.069723 0.916006 0.212711 0.391350 1.022502 0.442320 0.244802 0.857788
61.200000 0.069697 0.916168 0.212811 0.391703 1.023203 0.442338 0.245301 0.858538
61.400000 0.069719 0.916475 0.212724 0.392486 1.024079 0.442603 0.245430 0.898408
61.600000 0.069698 0.916756 0.212917 0.393135 1.025325 0.442528 0.245582 0.860151
61.800000 0.069844 0.916737 0.212939 0.393816 1.026397 0.442620 0.245751 0.861007
62.000000 0.069699 0.916981 0.213007 0.394408 1.027122 0.442424 0.245903 0.861698
62.200000 0.069757 0.917269 0.213082 0.395169 1.028104 0.442801 0.245993 0.862489
62.400000 0.069586 0.917212 0.212926 0.395808 1.028904 0.442732 0.246253 0.863108
62.600000 0.069582 0.917510 0.213076 0.396330 1.029810 0.442717 0.246378 0.864068
62.800000 0.069593 0.917649 0.213115 0.396918 1.030259 0.442931 0.246534 0.864396
63.000000 0.069587 0.917813 0.213237 0.397428 1.031268 0.442663 0.246644 0.865098
63.200000 0.069586 0.917870 0.213282 0.398157 1.032012 0.442866 0.246806 0.865855
63.400000 0.069589 0.918011 0.213183 0.398687 1.033002 0.442869 0.247108 0.866687
63.600000 0.069735 0.918061 0.213400 0.399264 1.033670 0.442767 0.246933 0.867172
63.800000 0.069701 0.918085 0.213466 0.399678 1.034239 0.442870 0.247207 0.867628
64.000000 0.069754 0.918417 0.213438 0.400355 1.034965 0.442823 0.247330 0.868426
64.200000 0.069878 0.918455 0.213583 0.400927 1.035654 0.443082 0.247480 0.868957
64.400000 0.069741 0.918584 0.213495 0.401306 1.036417 0.442585 0.247696 0.869579
64.600000 0.069765 0.918754 0.213501 0.402022 1.037167 0.442978 0.247840 0.870161
64.800000 0.069768 0.918759 0.213574 0.402448 1.037701 0.443051 0.247875 0.870792
65.000000 0.069749 0.919033 0.213563 0.403003 1.038383 0.443038 0.248027 0.870841
65.200000 0.069773 0.918923 0.213676 0.403736 1.038835 0.443159 0.248159 0.870491
65.400000 0.069745 0.918913 0.213735 0.404090 1.039725 0.443106 0.248153 0.872454
65.600000 0.069762 0.919144 0.213661 0.404674 1.040203 0.443213 0.248274 0.872736
65.800000 0.069758 0.919334 0.213862 0.404989 1.040852 0.443040 0.248504 0.873381
66.000000 0.069773 0.919336 0.213745 0.405628 1.041405 0.443245 0.248618 0.873805
66.200000 0.069783 0.919488 0.213835 0.406116 1.041936 0.443178 0.248793 0.874212
66.400000 0.069798 0.919512 0.214063 0.406743 1.042650 0.443314 0.248945 0.874639
66.600000 0.069851 0.919545 0.213780 0.407208 1.043077 0.443264 0.249071 0.875111
66.800000 0.069809 0.919724 0.213954 0.407798 1.043558 0.443205 0.249205 0.875556
67.000000 0.069812 0.919678 0.214037 0.408118 1.043874 0.443041 0.249193 0.875874
67.200000 0.069777 0.919744 0.214022 0.408745 1.044610 0.443279 0.249448 0.876578
67.400000 0.069783 0.920042 0.214126 0.409230 1.045308 0.443358 0.249597 0.877009
67.600000 0.069811 0.919832 0.214132 0.409725 1.045498 0.443400 0.249707 0.877479
67.800000 0.069782 0.920014 0.214153 0.410067 1.045828 0.443371 0.249653 0.877727
68.000000 0.069787 0.920072 0.214157 0.410685 1.046592 0.443334 0.249948 0.878197
68.200000 0.069789 0.920072 0.214226 0.411166 1.047279 0.443515 0.249982 0.878727
68.400000 0.069779 0.920111 0.214276 0.411431 1.047892 0.443502 0.250237 0.879155
68.600000 0.069759 0.920150 0.214221 0.412224 1.048271 0.443435 0.250350 0.879253
68.800000 0.069796 0.920329 0.214085 0.412716 1.048733 0.443568 0.250483 0.879806
69.000000 0.069740 0.920490 0.214360 0.413181 1.048893 0.443422 0.250600 0.879819
69.200000 0.069796 0.920556 0.214415 0.413812 1.049591 0.443422 0.250618 0.880707
69.400000 0.069621 0.920524 0.214341 0.414078 1.049851 0.443507 0.250835 0.881018
69.600000 0.069813 0.920640 0.214419 0.414568 1.050409 0.443561 0.250911 0.881356
69.800000 0.069817 0.920627 0.214608 0.415028 1.050633 0.443437 0.251159 0.881525
70.000000 0.069816 0.920690 0.214448 0.415198 1.050849 0.443434 0.251206 0.881866
70.200000 0.069799 0.920795 0.214515 0.415915 1.051539 0.443722 0.251181 0.882263
70.400000 0.069800 0.920763 0.214556 0.416328 1.051918 0.443555 0.251445 0.882701
70.600000 0.069758 0.920712 0.214660 0.416718 1.052445 0.443561 0.251573 0.882951
70.800000 0.069764 0.920929 0.214689 0.417108 1.052898 0.443871 0.251703 0.883253
71.000000 0.069801 0.921090 0.214813 0.417660 1.053069 0.443746 0.251790 0.883915
71.200000 0.069748 0.920827 0.214738 0.418047 1.053384 0.443703 0.251722 0.883798
71.400000 0.069798 0.920954 0.214683 0.418428 1.053910 0.443605 0.251744 0.883952
71.600000 0.069810 0.921155 0.214802 0.419083 1.054102 0.443851 0.252184 0.884615
71.800000 0.069805 0.921046 0.214764 0.419204 1.054621 0.443814 0.252180 0.884839
72.000000 0.069811 0.921068 0.214892 0.419877 1.054868 0.443847 0.252429 0.885311
72.200000 0.069797 0.921151 0.214803 0.420314 1.055158 0.444013 0.252512 0.885490
72.400000 0.069808 0.921043 0.214978 0.420595 1.055482 0.443814 0.252566 0.885727
72.600000 0.069784 0.921213 0.214993 0.421078 1.056013 0.443955 0.252761 0.886122
72.800000 0.069830 0.921325 0.214994 0.421485 1.056244 0.444010 0.252811 0.886275
73.000000 0.069825 0.920928 0.214955 0.421881 1.056509 0.443809 0.252976 0.886498
73.200000 0.069828 0.921210 0.215112 0.422292 1.056697 0.443951 0.253029 0.886845
73.400000 0.069711 0.921341 0.214971 0.422555 1.057179 0.444105 0.253128 0.886940
73.600000 0.069866 0.921194 0.214883 0.423114 1.057560 0.443899 0.253301 0.887309
73.800000 0.069845 0.921307 0.215073 0.423454 1.057862 0.444021 0.253407 0.887482
74.000000 0.069977 0.921551 0.215108 0.423777 1.058332 0.444062 0.253506 0.887800
74.200000 0.069892 0.921544 0.215163 0.424388 1.058530 0.443959 0.253732 0.888279
74.400000 0.069785 0.921604 0.215169 0.424930 1.058709 0.444055 0.253778 0.888447
74.600000 0.069872 0.921658 0.215064 0.425305 1.058980 0.444321 0.253556 0.888686
74.800000 0.069873 0.921504 0.215276 0.425834 1.059286 0.444131 0.253989 0.888989
75.000000 0.069497 0.921728 0.215300 0.425977 1.059600 0.444331 0.254133 0.889404
75.200000 0.069879 0.921940 0.215265 0.426357 1.060007 0.444248 0.254182 0.889291
75.400000 0.069733 0.921860 0.215274 0.426893 1.060327 0.444245 0.254303 0.889680
75.600000 0.069857 0.921860 0.215218 0.427151 1.060506 0.444317 0.254462 0.889918
75.800000 0.069854 0.921822 0.215181 0.427617 1.060664 0.444309 0.254549 0.889882
76.000000 0.069852 0.922088 0.215322 0.427978 1.060802 0.444228 0.254625 0.890222
76.200000 0.069845 0.922060 0.215201 0.428398 1.061134 0.444285 0.254785 0.890629
76.400000 0.069811 0.921912 0.215350 0.428719 1.061470 0.444204 0.254788 0.890700
76.600000 0.069844 0.922176 0.215305 0.429013 1.061622 0.444288 0.254892 0.890859
76.800000 0.069838 0.922001 0.215384 0.429609 1.061888 0.444294 0.254978 0.891025
77.000000 0.069807 0.922030 0.215359 0.429690 1.062037 0.444298 0.255274 0.891121
77.200000 0.069831 0.921994 0.215481 0.430290 1.062260 0.444406 0.255271 0.891566
77.400000 0.069644 0.921984 0.215153 0.430558 1.062620 0.444048 0.255339 0.891798
77.600000 0.069853 0.922008 0.215474 0.430769 1.062693 0.444282 0.255289 0.891873
77.800000 0.069845 0.922130 0.215521 0.431211 1.062787 0.444461 0.255564 0.891982
78.000000 0.069827 0.921937 0.215441 0.431537 1.063001 0.444416 0.255665 0.892058
78.200000 0.069836 0.922229 0.215530 0.431913 1.063385 0.444624 0.255705 0.892450
78.400000 0.069854 0.922185 0.215597 0.432214 1.063534 0.444351 0.255840 0.892357
78.600000 0.069681 0.922030 0.215495 0.432550 1.063677 0.444572 0.255938 0.892701
78.800000 0.069845 0.922175 0.215725 0.432789 1.063752 0.444418 0.256029 0.892779
79.000000 0.070016 0.922220 0.215558 0.433201 1.064127 0.444616 0.256175 0.893065
79.200000 0.069833 0.922042 0.215718 0.433634 1.064250 0.444603 0.256229 0.893104
79.400000 0.069736 0.922183 0.215690 0.433692 1.064568 0.444500 0.256350 0.893440
79.600000 0.069883 0.922170 0.215472 0.434224 1.064455 0.444646 0.256400 0.893475
79.800000 0.069912 0.922091 0.215520 0.434454 1.064781 0.444498 0.256377 0.893567
80.000000 0.070033 0.922216 0.215663 0.434861 1.064935 0.444733 0.256643 0.893707
80.200000 0.069925 0.922220 0.215793 0.435287 1.065421 0.444646 0.256782 0.894162
80.400000 0.069912 0.922359 0.215645 0.435528 1.065482 0.444716 0.256892 0.894176
80.600000 0.069917 0.922263 0.215832 0.435814 1.065685 0.444788 0.256819 0.894365
80.800000 0.069932 0.922353 0.215845 0.436230 1.065923 0.444643 0.257036 0.894599
81.000000 0.069962 0.922518 0.215852 0.436534 1.065993 0.444662 0.256972 0.894687
81.200000 0.069955 0.922537 0.215764 0.436858 1.066335 0.444889 0.257164 0.894910
81.400000 0.070010 0.922539 0.215877 0.437095 1.066508 0.444829 0.257293 0.894956
81.600000 0.069919 0.922409 0.215941 0.437431 1.066570 0.444868 0.257398 0.894778
81.800000 0.069945 0.922430 0.216051 0.437771 1.066800 0.444671 0.257324 0.895267
82.000000 0.069960 0.922836 0.215874 0.438198 1.067038 0.444890 0.257483 0.895410
82.200000 0.069971 0.922934 0.216039 0.438373 1.067149 0.444621 0.257583 0.895510
82.400000 0.069929 0.922781 0.215881 0.438646 1.067430 0.444812 0.257730 0.895810
82.600000 0.069972 0.922954 0.216018 0.438945 1.067413 0.445060 0.257811 0.895984
82.800000 0.069815 0.922876 0.215947 0.439239 1.067721 0.445054 0.257919 0.896118
83.000000 0.069953 0.923115 0.216063 0.439529 1.067922 0.445042 0.258008 0.896259
83.200000 0.069769 0.922868 0.216010 0.439608 1.067800 0.445058 0.257880 0.896002
83.400000 0.069914 0.923060 0.216032 0.439938 1.068226 0.445022 0.258073 0.896484
83.600000 0.069929 0.923065 0.216187 0.440431 1.068405 0.445032 0.258254 0.896481
83.800000 0.069909 0.923207 0.216134 0.440668 1.068686 0.445070 0.258142 0.896782
84.000000 0.069904 0.923166 0.216108 0.441118 1.068701 0.445246 0.258455 0.896968
84.200000 0.069935 0.923194 0.216153 0.441073 1.068841 0.444999 0.258493 0.897003
84.400000 0.069913 0.923373 0.216178 0.441478 1.068761 0.444981 0.258575 0.897099
84.600000 0.069952 0.923382 0.216199 0.441877 1.068945 0.445159 0.258748 0.897092
84.800000 0.069909 0.923318 0.216317 0.442112 1.069042 0.445129 0.258746 0.897355
85.000000 0.069911 0.923310 0.216101 0.442349 1.069322 0.445191 0.258725 0.897486
85.200000 0.070004 0.923432 0.216333 0.442632 1.069435 0.445215 0.258809 0.897388
85.400000 0.069931 0.923483 0.216288 0.442846 1.069607 0.445102 0.259057 0.897633
85.600000 0.069902 0.923393 0.216224 0.443164 1.069924 0.445248 0.259016 0.897421
85.800000 0.069945 0.923517 0.216248 0.443412 1.069714 0.445381 0.259089 0.897743
86.000000 0.069771 0.923579 0.216283 0.443686 1.069936 0.445302 0.259205 0.897961
86.200000 0.069889 0.923453 0.216340 0.444025 1.069990 0.445257 0.259270 0.898094
86.400000 0.069945 0.923606 0.216365 0.444253 1.070007 0.445312 0.259483 0.898125
86.600000 0.069802 0.923480 0.216432 0.444520 1.070305 0.445290 0.259437 0.898066
86.800000 0.069924 0.923567 0.216333 0.444667 1.070349 0.445377 0.259426 0.898230
87.000000 0.069892 0.923556 0.216272 0.444852 1.070399 0.445339 0.259610 0.898580
87.200000 0.069938 0.923491 0.216421 0.445291 1.070416 0.445272 0.259808 0.898715
87.400000 0.069911 0.923626 0.216379 0.445609 1.070774 0.445405 0.259826 0.898670
87.600000 0.069935 0.923434 0.216291 0.445830 1.070679 0.445396 0.259773 0.898698
87.800000 0.069963 0.923650 0.216455 0.445911 1.070972 0.445456 0.259932 0.898876
88.000000 0.069748 0.923662 0.216457 0.446189 1.071112 0.445483 0.259990 0.898873
88.200000 0.069932 0.923611 0.216463 0.446599 1.071276 0.445489 0.260050 0.899099
88.400000 0.069950 0.923786 0.216426 0.446636 1.071246 0.445439 0.260263 0.899136
88.600000 0.069937 0.923656 0.216436 0.446802 1.071367 0.445405 0.260270 0.899350
88.800000 0.069948 0.923624 0.216519 0.447172 1.071467 0.445607 0.260305 0.899253
89.000000 0.069941 0.923727 0.216580 0.447388 1.071196 0.445552 0.260010 0.899450
89.200000 0.069945 0.923618 0.216672 0.447808 1.071752 0.445416 0.260574 0.899472
89.400000 0.069979 0.923638 0.216665 0.447580 1.071701 0.445700 0.260453 0.899535
89.600000 0.069956 0.923683 0.216557 0.448141 1.071925 0.445684 0.260522 0.899776
89.800000 0.069771 0.923734 0.216460 0.448370 1.071923 0.445659 0.260639 0.899724
90.000000 0.069921 0.923694 0.216373 0.448463 1.071835 0.445665 0.260686 0.899742
