0.200000 0.235160 0.378233 0.169214 0.191911 0.374611 0.517317 0.192176 0.319542
0.400000 0.235124 0.377544 0.168952 0.191840 0.372927 0.517240 0.192083 0.318553
0.600000 0.235117 0.377256 0.169025 0.191931 0.372398 0.517216 0.191810 0.317963
0.800000 0.235081 0.376812 0.169466 0.191920 0.371766 0.517215 0.191750 0.317273
1.000000 0.234915 0.376676 0.169081 0.191686 0.371085 0.517058 0.191758 0.316962
1.200000 0.235015 0.376232 0.169026 0.191553 0.370129 0.517073 0.191792 0.316466
1.400000 0.234942 0.375928 0.168938 0.191239 0.369418 0.517054 0.191529 0.315784
1.600000 0.234909 0.375548 0.169042 0.191427 0.368817 0.516867 0.191468 0.315375
1.800000 0.234758 0.375156 0.168954 0.191281 0.368066 0.516850 0.191451 0.314716
2.000000 0.234882 0.374895 0.168676 0.191216 0.367355 0.516948 0.191158 0.313988
2.200000 0.234758 0.374571 0.168847 0.191154 0.367193 0.516752 0.191178 0.313705
2.400000 0.234832 0.374294 0.168889 0.191115 0.366010 0.516540 0.191165 0.313003
2.600000 0.234705 0.373713 0.168979 0.191016 0.365219 0.516527 0.191067 0.312501
2.800000 0.234750 0.373658 0.168806 0.190809 0.364575 0.516585 0.190766 0.312140
3.000000 0.234699 0.373318 0.168756 0.190809 0.363683 0.516607 0.190723 0.311629
3.200000 0.234584 0.372921 0.168810 0.190685 0.363283 0.516629 0.190614 0.310984
3.400000 0.234659 0.372751 0.168738 0.190768 0.362433 0.516452 0.190468 0.310537
3.600000 0.234742 0.372343 0.168747 0.190573 0.361719 0.516282 0.190401 0.310057
3.800000 0.234613 0.372105 0.168645 0.190564 0.361032 0.516355 0.190424 0.309559
4.000000 0.234587 0.371852 0.168692 0.190334 0.360538 0.516215 0.190232 0.309135
4.200000 0.234543 0.371528 0.168756 0.190250 0.359904 0.516284 0.190111 0.308613
4.400000 0.234412 0.371118 0.168533 0.190268 0.359317 0.516148 0.189926 0.308154
4.600000 0.234489 0.370879 0.168486 0.190195 0.358667 0.516335 0.189728 0.307590
4.800000 0.234630 0.370336 0.168549 0.190008 0.357910 0.515924 0.189804 0.307040
5.000000 0.234437 0.370352 0.168515 0.189952 0.357272 0.515948 0.189731 0.306663
5.200000 0.234377 0.369977 0.168585 0.189952 0.356494 0.516036 0.189642 0.306155
5.400000 0.234429 0.369600 0.168555 0.189768 0.355962 0.515988 0.189385 0.305702
5.600000 0.234395 0.369452 0.168601 0.189712 0.355285 0.515888 0.189404 0.305202
5.800000 0.273330 0.369124 0.168543 0.189756 0.354739 0.515770 0.189399 0.304670
6.000000 0.234333 0.368948 0.168426 0.189791 0.353933 0.515659 0.189061 0.304267
6.200000 0.234292 0.368539 0.168482 0.189402 0.353361 0.515626 0.189194 0.303687
6.400000 0.234264 0.368446 0.168330 0.189418 0.352921 0.515613 0.189087 0.303192
6.600000 0.234238 0.367950 0.168383 0.189267 0.351982 0.515539 0.188822 0.302718
6.800000 0.234208 0.367765 0.168437 0.189276 0.351396 0.515606 0.188739 0.302166
7.000000 0.234236 0.367472 0.168411 0.189137 0.350637 0.515705 0.188696 0.301788
7.200000 0.234174 0.367191 0.168408 0.189106 0.349904 0.515556 0.188710 0.301338
7.400000 0.233926 0.366951 0.168407 0.188960 0.349559 0.515388 0.188532 0.300884
7.600000 0.233946 0.366573 0.168197 0.188827 0.348960 0.515361 0.188444 0.300414
7.800000 0.233925 0.366317 0.168161 0.188881 0.348256 0.515266 0.188181 0.299971
8.000000 0.233997 0.366011 0.168124 0.188840 0.347513 0.515291 0.188175 0.299422
8.200000 0.234025 0.365763 0.168282 0.188874 0.347247 0.515183 0.188286 0.299163
8.400000 0.234025 0.365460 0.168179 0.188655 0.346637 0.515054 0.188084 0.298745
8.600000 0.233989 0.365246 0.168130 0.188448 0.345987 0.515037 0.187856 0.298213
8.800000 0.233974 0.365014 0.168301 0.188519 0.345399 0.515020 0.187877 0.297837
9.000000 0.233831 0.364763 0.168145 0.188587 0.344976 0.514864 0.187851 0.297416
9.200000 0.233785 0.364522 0.168024 0.188366 0.344199 0.514873 0.187758 0.296988
9.400000 0.233895 0.364088 0.168196 0.188429 0.343641 0.514890 0.187632 0.296553
9.600000 0.233775 0.364066 0.168443 0.188275 0.343183 0.514681 0.187604 0.296316
9.800000 0.233903 0.363787 0.168002 0.188204 0.342552 0.514929 0.187681 0.295764
10.000000 0.233715 0.363540 0.167999 0.188030 0.342060 0.514786 0.187424 0.295363
10.200000 0.233826 0.363336 0.167909 0.188061 0.341428 0.514798 0.187293 0.294890
10.400000 0.233680 0.362960 0.168166 0.187972 0.340778 0.514604 0.187202 0.294552
10.600000 0.233911 0.362823 0.168033 0.187950 0.340564 0.514633 0.187181 0.294125
10.800000 0.233613 0.362605 0.168135 0.187861 0.339888 0.514519 0.187094 0.293581
11.000000 0.233688 0.362370 0.168055 0.187725 0.339326 0.514377 0.187014 0.293361
11.200000 0.233661 0.362164 0.168132 0.187718 0.338595 0.514202 0.186916 0.292958
11.400000 0.233681 0.361908 0.167994 0.187538 0.338286 0.514258 0.186623 0.292489
11.600000 0.233690 0.361443 0.167705 0.187545 0.337690 0.514344 0.186862 0.292136
11.800000 0.233667 0.361341 0.167977 0.187380 0.337361 0.514309 0.186675 0.291767
12.000000 0.233681 0.361286 0.167987 0.187406 0.336691 0.514104 0.186564 0.291438
12.200000 0.233672 0.360801 0.167881 0.187281 0.336001 0.514200 0.186569 0.290861
12.400000 0.233544 0.360695 0.168062 0.187245 0.335545 0.514117 0.186368 0.290387
12.600000 0.233519 0.360431 0.167938 0.187103 0.335103 0.513977 0.186195 0.290180
12.800000 0.233561 0.360403 0.167986 0.187183 0.334374 0.514025 0.186052 0.289698
13.000000 0.233548 0.359907 0.167944 0.187016 0.333920 0.514035 0.185832 0.289418
13.200000 0.233527 0.359942 0.168136 0.186958 0.333616 0.513900 0.186056 0.289057
13.400000 0.233600 0.359483 0.167772 0.187053 0.333220 0.513828 0.185942 0.288815
13.600000 0.233498 0.359452 0.167703 0.186936 0.332651 0.513898 0.185629 0.288391
13.800000 0.233407 0.359327 0.167991 0.186870 0.332291 0.513862 0.186002 0.288045
14.000000 0.233610 0.359001 0.167807 0.186713 0.331762 0.513751 0.185754 0.287697
14.200000 0.233185 0.358816 0.167727 0.186716 0.331322 0.513620 0.185563 0.287194
14.400000 0.233408 0.358590 0.167748 0.186620 0.330917 0.513751 0.185658 0.287166
14.600000 0.233432 0.358551 0.167756 0.186648 0.330409 0.513656 0.185478 0.286639
14.800000 0.233334 0.358052 0.167745 0.186687 0.329956 0.513564 0.185531 0.286258
15.000000 0.233386 0.358020 0.167744 0.186703 0.329142 0.513583 0.185453 0.286059
15.200000 0.233361 0.357789 0.167545 0.186477 0.329128 0.513590 0.185266 0.285717
15.400000 0.233305 0.357712 0.167800 0.186383 0.328658 0.513515 0.185240 0.285397
15.600000 0.233269 0.357411 0.167675 0.186201 0.328167 0.513355 0.185169 0.285070
15.800000 0.233199 0.357083 0.167630 0.186215 0.327760 0.513273 0.185088 0.284641
16.000000 0.233261 0.356916 0.167615 0.186014 0.327331 0.513365 0.185078 0.284293
16.200000 0.233250 0.356757 0.167674 0.186298 0.326914 0.513156 0.184835 0.284104
16.400000 0.233057 0.356677 0.167635 0.186168 0.326527 0.513271 0.185064 0.283766
16.600000 0.233208 0.356582 0.167576 0.185964 0.326029 0.513041 0.184814 0.283403
16.800000 0.233220 0.356363 0.167688 0.185959 0.325536 0.513245 0.184642 0.283189
17.000000 0.233128 0.356051 0.167651 0.186133 0.325166 0.512849 0.184649 0.282820
17.200000 0.233271 0.355867 0.167550 0.185905 0.324804 0.513122 0.184701 0.282566
17.400000 0.233118 0.355815 0.167693 0.185987 0.324361 0.512946 0.184371 0.282270
17.600000 0.233082 0.355544 0.167449 0.185474 0.323941 0.512804 0.184556 0.281912
17.800000 0.233113 0.355464 0.167478 0.185560 0.323560 0.512756 0.184467 0.281658
18.000000 0.233082 0.355232 0.167680 0.185939 0.323167 0.512800 0.184456 0.281330
18.200000 0.233080 0.355163 0.167508 0.185914 0.322844 0.512805 0.184280 0.280932
18.400000 0.233013 0.354879 0.167518 0.185692 0.322186 0.512468 0.184223 0.280749
18.600000 0.232857 0.354814 0.167528 0.185398 0.321993 0.512686 0.184074 0.280358
18.800000 0.232901 0.354621 0.167534 0.185415 0.321617 0.512686 0.184267 0.280147
19.000000 0.233030 0.354449 0.167660 0.185374 0.321087 0.512645 0.184043 0.279805
19.200000 0.232952 0.354264 0.167326 0.185481 0.320435 0.512460 0.183955 0.279447
19.400000 0.232717 0.353898 0.167299 0.185332 0.320171 0.512459 0.183876 0.279129
19.600000 0.232919 0.353896 0.167531 0.185340 0.319710 0.512533 0.183820 0.278879
19.800000 0.232936 0.353783 0.167440 0.185367 0.319502 0.512271 0.184013 0.278538
20.000000 0.232921 0.353457 0.167255 0.185207 0.319027 0.512322 0.183571 0.278248
20.200000 0.232738 0.353257 0.167369 0.184968 0.318457 0.512157 0.183653 0.277905
20.400000 0.232730 0.353307 0.167351 0.184977 0.318047 0.512283 0.183434 0.277633
20.600000 0.232834 0.353079 0.167275 0.185021 0.317782 0.512170 0.183436 0.277387
20.800000 0.232847 0.352867 0.167332 0.185055 0.317478 0.511941 0.183552 0.277081
21.000000 0.232702 0.352778 0.167243 0.185057 0.316925 0.511956 0.183384 0.276879
21.200000 0.232784 0.352486 0.167382 0.184935 0.316819 0.511994 0.183381 0.276486
21.400000 0.232757 0.352340 0.167241 0.184647 0.316190 0.511912 0.183241 0.276107
21.600000 0.232757 0.352030 0.167343 0.184897 0.315966 0.511900 0.183226 0.275923
21.800000 0.232767 0.352067 0.167312 0.184671 0.315682 0.511854 0.183243 0.275662
22.000000 0.232723 0.351973 0.167300 0.184684 0.315198 0.511890 0.183111 0.275295
22.200000 0.232554 0.351741 0.167213 0.184705 0.314806 0.511671 0.183038 0.274990
22.400000 0.232741 0.312516 0.167210 0.184513 0.314626 0.511764 0.183096 0.274912
22.600000 0.232555 0.351360 0.167100 0.184543 0.314089 0.511672 0.182905 0.274654
22.800000 0.232659 0.351108 0.167261 0.184515 0.313665 0.511739 0.182830 0.274396
23.000000 0.232580 0.351056 0.167420 0.184242 0.313369 0.511591 0.182797 0.274170
23.200000 0.232520 0.351077 0.167102 0.184360 0.313042 0.511591 0.182779 0.273823
23.400000 0.232647 0.350767 0.167182 0.184259 0.312752 0.511444 0.182709 0.273485
23.600000 0.232605 0.350614 0.167103 0.184186 0.312352 0.511423 0.182526 0.273293
23.800000 0.232627 0.350339 0.167052 0.184256 0.312033 0.511299 0.182582 0.272853
24.000000 0.232551 0.350455 0.167187 0.184187 0.311688 0.511240 0.182450 0.272782
24.200000 0.232582 0.350036 0.167153 0.183818 0.311202 0.511218 0.182475 0.272414
24.400000 0.232579 0.350001 0.167133 0.184162 0.311116 0.510935 0.182394 0.272297
24.600000 0.232686 0.349845 0.167130 0.184156 0.310653 0.511018 0.182258 0.272011
24.800000 0.232191 0.349639 0.167152 0.184126 0.309907 0.511158 0.182253 0.271704
25.000000 0.232685 0.349519 0.167208 0.184022 0.310177 0.511040 0.182338 0.271565
25.200000 0.232441 0.349481 0.167197 0.183771 0.309702 0.510905 0.182015 0.271266
25.400000 0.232425 0.349340 0.167212 0.183739 0.309275 0.510927 0.182173 0.270929
25.600000 0.232433 0.348839 0.167030 0.183834 0.308832 0.510922 0.182182 0.270541
25.800000 0.232337 0.348793 0.166994 0.183710 0.308487 0.510777 0.181798 0.270178
26.000000 0.232385 0.348774 0.167021 0.183686 0.308204 0.510783 0.181841 0.270144
26.200000 0.232415 0.348502 0.167300 0.183603 0.307688 0.510749 0.181900 0.269834
26.400000 0.232334 0.348372 0.167012 0.183641 0.307379 0.510753 0.181882 0.269650
26.600000 0.232444 0.348328 0.166950 0.183780 0.307097 0.510843 0.181787 0.269616
26.800000 0.232338 0.348172 0.166881 0.183531 0.306762 0.510773 0.181655 0.269050
27.000000 0.232325 0.347968 0.167047 0.183627 0.306475 0.510553 0.181655 0.268590
27.200000 0.232323 0.347792 0.166980 0.183613 0.306112 0.510444 0.181444 0.268654
27.400000 0.232343 0.347698 0.167033 0.183476 0.305643 0.510363 0.181477 0.268419
27.600000 0.232310 0.347578 0.166904 0.183335 0.305535 0.510503 0.181535 0.268193
27.800000 0.232297 0.347379 0.166891 0.183368 0.305045 0.510401 0.181295 0.268046
28.000000 0.232313 0.347211 0.167007 0.183530 0.304608 0.510255 0.181363 0.267828
28.200000 0.232270 0.347271 0.167000 0.183230 0.304503 0.510197 0.181417 0.267512
28.400000 0.232253 0.347003 0.167111 0.183392 0.304177 0.510271 0.181229 0.267272
28.600000 0.232248 0.346919 0.166850 0.183163 0.303943 0.510106 0.181231 0.267097
28.800000 0.232374 0.346767 0.166404 0.183204 0.303588 0.510212 0.181175 0.266752
29.000000 0.232217 0.346632 0.166905 0.183069 0.303280 0.510044 0.181052 0.266644
29.200000 0.232149 0.346334 0.166806 0.183079 0.303320 0.509828 0.180971 0.266339
29.400000 0.232199 0.346226 0.166861 0.183093 0.302682 0.510027 0.181016 0.266010
29.600000 0.232154 0.346301 0.166904 0.182861 0.302382 0.509874 0.180669 0.265817
29.800000 0.232187 0.346316 0.166812 0.183092 0.302230 0.509886 0.180824 0.265584
30.000000 0.232127 0.345643 0.166710 0.182923 0.301694 0.509856 0.180703 0.265433
30.200000 0.232130 0.345900 0.166755 0.182939 0.301461 0.509831 0.180528 0.264930
30.400000 0.232124 0.345485 0.166785 0.183006 0.301175 0.509723 0.180678 0.265094
30.600000 0.232203 0.345459 0.166656 0.183202 0.300889 0.509735 0.180537 0.264728
30.800000 0.232617 0.345263 0.166786 0.182698 0.300885 0.509772 0.180671 0.264511
31.000000 0.233408 0.345011 0.166920 0.182716 0.300269 0.509422 0.180707 0.264319
31.200000 0.234515 0.344939 0.166679 0.182649 0.299817 0.509412 0.180532 0.264086
31.400000 0.236059 0.344949 0.166720 0.182586 0.299553 0.509384 0.180554 0.263813
31.600000 0.238322 0.344976 0.166639 0.182735 0.299473 0.509431 0.180495 0.263746
31.800000 0.240829 0.345116 0.166793 0.182469 0.299082 0.509523 0.180452 0.263568
32.000000 0.243719 0.344536 0.166630 0.182604 0.298952 0.509450 0.180444 0.263518
32.200000 0.247121 0.344494 0.166695 0.182711 0.299043 0.509487 0.180466 0.263383
32.400000 0.250657 0.344372 0.166699 0.182524 0.299070 0.509371 0.180420 0.263420
32.600000 0.254467 0.344374 0.166931 0.182617 0.299261 0.509268 0.180639 0.263476
32.800000 0.258260 0.344513 0.166850 0.182372 0.299512 0.509231 0.180404 0.263621
33.000000 0.261864 0.344431 0.166904 0.182729 0.299801 0.509186 0.180603 0.263854
33.200000 0.265374 0.344145 0.166882 0.182862 0.300012 0.509330 0.180751 0.264128
33.400000 0.268913 0.344716 0.166845 0.182934 0.300641 0.509300 0.180610 0.264549
33.600000 0.272184 0.345008 0.167039 0.183013 0.301380 0.509234 0.180690 0.264974
33.800000 0.274911 0.345300 0.166883 0.183178 0.302216 0.509245 0.180932 0.265335
34.000000 0.277689 0.345613 0.167061 0.183409 0.303192 0.509209 0.180886 0.266240
34.200000 0.280119 0.346262 0.167194 0.183657 0.303982 0.509201 0.180846 0.266994
34.400000 0.282339 0.346789 0.167031 0.183795 0.305124 0.509302 0.180979 0.267554
34.600000 0.284255 0.347372 0.167086 0.184169 0.306138 0.509198 0.181345 0.268381
34.800000 0.286001 0.348246 0.166938 0.184146 0.307323 0.509188 0.181325 0.269188
35.000000 0.287606 0.349200 0.167221 0.184406 0.308934 0.509218 0.181549 0.270332
35.200000 0.289124 0.350148 0.167234 0.184637 0.310282 0.509195 0.181615 0.271136
35.400000 0.290163 0.350886 0.167210 0.184994 0.311735 0.509110 0.181865 0.272360
35.600000 0.291259 0.352083 0.167180 0.185289 0.313133 0.509135 0.181803 0.312479
35.800000 0.292088 0.353317 0.167532 0.185697 0.314766 0.509210 0.182023 0.274569
36.000000 0.293044 0.354691 0.167541 0.185939 0.316221 0.509433 0.182184 0.275838
36.200000 0.293775 0.356011 0.167648 0.185913 0.317854 0.509397 0.182282 0.276966
36.400000 0.294448 0.357251 0.167531 0.186430 0.319755 0.509375 0.182646 0.278223
36.600000 0.294994 0.359013 0.167536 0.186862 0.321481 0.509421 0.182648 0.279608
36.800000 0.295523 0.360316 0.167657 0.187172 0.323414 0.509373 0.182896 0.280917
37.000000 0.296012 0.362182 0.167779 0.187503 0.325220 0.509416 0.182951 0.282367
37.200000 0.296214 0.363892 0.167953 0.187704 0.327089 0.509405 0.183175 0.283765
37.400000 0.296782 0.365583 0.168060 0.188020 0.328981 0.509572 0.183157 0.285191
37.600000 0.297089 0.367849 0.168044 0.188582 0.331461 0.509614 0.183460 0.286792
37.800000 0.297410 0.369739 0.168282 0.188886 0.333370 0.509491 0.183621 0.288457
38.000000 0.297662 0.371588 0.168203 0.189141 0.335502 0.509604 0.183814 0.290176
38.200000 0.297911 0.373628 0.168421 0.189545 0.337546 0.509639 0.184169 0.291773
38.400000 0.298094 0.375714 0.168602 0.189905 0.339934 0.509749 0.184041 0.293319
38.600000 0.298266 0.377670 0.168740 0.190286 0.342078 0.509680 0.184354 0.295190
38.800000 0.298353 0.379989 0.168687 0.190437 0.344209 0.509609 0.184513 0.296633
39.000000 0.298250 0.382095 0.168841 0.190871 0.346440 0.509725 0.184764 0.298517
39.200000 0.298549 0.384332 0.168784 0.191192 0.348924 0.509537 0.184914 0.300266
39.400000 0.298663 0.386796 0.169130 0.191559 0.350840 0.509646 0.184989 0.302057
39.600000 0.298730 0.389154 0.169148 0.192007 0.353347 0.510016 0.185336 0.303919
39.800000 0.298772 0.391421 0.169253 0.192288 0.355654 0.509782 0.185506 0.305647
40.000000 0.298818 0.393738 0.169323 0.192592 0.357974 0.509650 0.185617 0.307472
40.200000 0.298880 0.396417 0.169402 0.192906 0.360469 0.509834 0.185875 0.309427
40.400000 0.298887 0.398680 0.169818 0.193205 0.362807 0.509922 0.185705 0.311166
40.600000 0.298883 0.401085 0.169657 0.193533 0.365348 0.509893 0.186219 0.313404
40.800000 0.298847 0.403622 0.169818 0.194144 0.367931 0.509920 0.186383 0.315232
41.000000 0.298861 0.406015 0.169840 0.194096 0.370347 0.510045 0.186593 0.317221
41.200000 0.298796 0.408636 0.170006 0.194451 0.372659 0.509982 0.186839 0.318924
41.400000 0.298843 0.410981 0.170218 0.194957 0.375088 0.509959 0.187030 0.320982
41.600000 0.298821 0.413448 0.170152 0.234352 0.377767 0.510075 0.187348 0.322912
41.800000 0.298899 0.416086 0.170420 0.195468 0.380206 0.510153 0.187461 0.324900
42.000000 0.298841 0.418518 0.170491 0.195882 0.382590 0.510223 0.187405 0.326900
42.200000 0.298836 0.421109 0.170596 0.196113 0.384761 0.510103 0.187762 0.328944
42.400000 0.298880 0.423305 0.170885 0.196494 0.387088 0.510294 0.187936 0.330911
42.600000 0.298774 0.425786 0.170788 0.196815 0.389880 0.510221 0.187874 0.332845
42.800000 0.298857 0.428274 0.170897 0.197132 0.392335 0.510369 0.188158 0.335082
43.000000 0.298807 0.430602 0.171053 0.197438 0.394988 0.510283 0.188540 0.336836
43.200000 0.298847 0.433127 0.171147 0.197547 0.397476 0.510482 0.188687 0.338774
43.400000 0.298861 0.435757 0.171380 0.198110 0.399954 0.510435 0.188997 0.340743
43.600000 0.298623 0.437874 0.171206 0.198226 0.402373 0.510547 0.189123 0.342578
43.800000 0.298856 0.440347 0.171656 0.198595 0.405008 0.510587 0.189421 0.345231
44.000000 0.298639 0.443865 0.171503 0.198851 0.408180 0.510510 0.189570 0.347450
44.200000 0.298687 0.445732 0.171708 0.199168 0.410629 0.510696 0.189787 0.349463
44.400000 0.298719 0.448114 0.171679 0.199488 0.413160 0.510755 0.189983 0.351470
44.600000 0.298704 0.450162 0.171936 0.199877 0.415420 0.510655 0.190179 0.353432
44.800000 0.298718 0.452339 0.171868 0.200161 0.417968 0.510989 0.190326 0.355557
45.000000 0.298651 0.454690 0.172088 0.200207 0.420213 0.510897 0.190575 0.357278
45.200000 0.298569 0.456427 0.172252 0.200555 0.422590 0.510780 0.190758 0.359466
45.400000 0.298576 0.459039 0.172266 0.200896 0.424942 0.510985 0.190899 0.361101
45.600000 0.298535 0.460824 0.172277 0.201056 0.427341 0.511013 0.191171 0.363120
45.800000 0.298589 0.463086 0.172289 0.201473 0.429635 0.510868 0.191267 0.365115
46.000000 0.298384 0.464958 0.172574 0.201515 0.431870 0.511103 0.191431 0.366901
46.200000 0.298354 0.467126 0.172281 0.201844 0.434146 0.510927 0.191558 0.368685
46.400000 0.298421 0.469089 0.172622 0.202104 0.436447 0.511295 0.191909 0.370659
46.600000 0.298168 0.471032 0.172752 0.202265 0.438681 0.511243 0.192049 0.372400
46.800000 0.298191 0.472945 0.172797 0.202561 0.440857 0.511206 0.192348 0.374217
47.000000 0.298196 0.474811 0.172745 0.202783 0.443092 0.511295 0.192451 0.376067
47.200000 0.298285 0.476579 0.172989 0.202851 0.445122 0.511456 0.192601 0.377798
47.400000 0.298254 0.478380 0.173040 0.203245 0.447464 0.511336 0.192764 0.379604
47.600000 0.298281 0.480202 0.173166 0.203505 0.449403 0.511398 0.192895 0.381189
47.800000 0.298243 0.481809 0.173224 0.203807 0.451564 0.511724 0.193148 0.383024
48.000000 0.298047 0.483736 0.173325 0.203936 0.453644 0.511607 0.193437 0.384745
48.200000 0.298231 0.485500 0.173482 0.204087 0.455871 0.511677 0.193446 0.386483
48.400000 0.298137 0.487183 0.173232 0.204437 0.457903 0.511637 0.193716 0.388075
48.600000 0.298087 0.488862 0.173395 0.204479 0.459998 0.511605 0.193796 0.389857
48.800000 0.298058 0.490416 0.173616 0.204623 0.461887 0.511817 0.194033 0.391254
49.000000 0.298109 0.492240 0.173606 0.204884 0.463997 0.511916 0.194098 0.393018
49.200000 0.298135 0.493754 0.173690 0.205086 0.466144 0.511875 0.194364 0.394678
49.400000 0.297872 0.494848 0.173669 0.205365 0.467773 0.511894 0.194629 0.395967
49.600000 0.297889 0.496665 0.173788 0.205650 0.469820 0.511948 0.194744 0.397745
49.800000 0.297880 0.498192 0.173820 0.205733 0.471821 0.511869 0.194767 0.399253
50.000000 0.297985 0.499644 0.174001 0.205875 0.473653 0.512086 0.195028 0.400890
50.200000 0.297778 0.501208 0.174152 0.206341 0.475774 0.512172 0.195357 0.402827
50.400000 0.297777 0.503059 0.174208 0.206397 0.478444 0.512141 0.195472 0.404518
50.600000 0.297757 0.504941 0.174151 0.206485 0.480216 0.512238 0.195737 0.406133
50.800000 0.297752 0.505663 0.174248 0.206686 0.482135 0.512308 0.195895 0.407600
51.000000 0.297602 0.507286 0.174295 0.206989 0.484145 0.512362 0.195925 0.408958
51.200000 0.297661 0.508393 0.174338 0.207102 0.485851 0.512513 0.196211 0.410538
51.400000 0.297655 0.509640 0.174286 0.207293 0.487548 0.512530 0.196503 0.411984
51.600000 0.297606 0.511063 0.174489 0.207424 0.489384 0.512588 0.196559 0.413439
51.800000 0.297624 0.512132 0.174482 0.207658 0.491138 0.512556 0.196825 0.414827
52.000000 0.297431 0.513192 0.174443 0.207861 0.492927 0.512642 0.196953 0.416223
52.200000 0.297575 0.514409 0.174663 0.207984 0.494595 0.512568 0.197061 0.417391
52.400000 0.297334 0.515487 0.174731 0.208154 0.496249 0.512639 0.197077 0.418819
52.600000 0.297394 0.516735 0.174815 0.208418 0.497888 0.512548 0.197379 0.419933
52.800000 0.297512 0.517880 0.174832 0.208291 0.499498 0.512623 0.197742 0.421456
53.000000 0.297493 0.518674 0.174779 0.208613 0.501152 0.512715 0.197650 0.422775
53.200000 0.297475 0.519848 0.175220 0.208837 0.502799 0.512928 0.197841 0.423944
53.400000 0.297468 0.521069 0.174850 0.208692 0.504313 0.512914 0.197993 0.425226
53.600000 0.297496 0.521941 0.175118 0.209180 0.506122 0.512857 0.198193 0.426439
53.800000 0.297543 0.522785 0.174913 0.209332 0.507470 0.512964 0.198314 0.427605
54.000000 0.297263 0.523619 0.175018 0.209203 0.508953 0.513069 0.198402 0.428902
54.200000 0.297272 0.524771 0.175253 0.209568 0.510709 0.513039 0.198678 0.430049
54.400000 0.297355 0.525662 0.175317 0.209687 0.512220 0.513083 0.198760 0.431183
54.600000 0.297352 0.526529 0.175304 0.209664 0.513682 0.513218 0.198882 0.432342
54.800000 0.297316 0.527569 0.175301 0.209944 0.515288 0.513230 0.199098 0.433535
55.000000 0.297232 0.528215 0.175381 0.209851 0.516615 0.513215 0.199067 0.434625
55.200000 0.297384 0.529151 0.175475 0.210356 0.518053 0.513395 0.199292 0.435623
55.400000 0.297163 0.529890 0.175447 0.210397 0.519452 0.513405 0.199552 0.436802
55.600000 0.297158 0.530754 0.175487 0.210424 0.520927 0.513328 0.199597 0.438000
55.800000 0.297104 0.531593 0.175793 0.210631 0.522162 0.513599 0.199773 0.439038
56.000000 0.297001 0.532292 0.175610 0.210962 0.523357 0.513543 0.199810 0.439917
56.200000 0.297039 0.533210 0.175777 0.211028 0.525029 0.513555 0.200103 0.440995
56.400000 0.297004 0.533818 0.175889 0.210906 0.526295 0.513511 0.200319 0.442309
56.600000 0.296918 0.534697 0.175641 0.211332 0.528043 0.513651 0.200384 0.443347
56.800000 0.296783 0.535650 0.175664 0.211213 0.529460 0.513651 0.200644 0.444461
57.000000 0.296934 0.536211 0.175911 0.211626 0.530590 0.513640 0.200555 0.445398
57.200000 0.296776 0.536761 0.175909 0.211674 0.531960 0.513849 0.200672 0.446038
57.400000 0.296658 0.537636 0.175905 0.211790 0.533316 0.513911 0.200822 0.447349
57.600000 0.296709 0.538300 0.175807 0.211866 0.534530 0.514038 0.201169 0.448317
57.800000 0.296519 0.538884 0.176077 0.212002 0.535658 0.514005 0.200991 0.449296
58.000000 0.296518 0.539547 0.175977 0.212196 0.536844 0.514211 0.201323 0.450112
58.200000 0.296622 0.540127 0.175988 0.212209 0.538213 0.514150 0.201559 0.451089
58.400000 0.296515 0.540799 0.176067 0.212272 0.539525 0.514125 0.201692 0.451883
58.600000 0.296495 0.541324 0.176189 0.212415 0.540496 0.514306 0.201749 0.452849
58.800000 0.296466 0.541851 0.176142 0.212663 0.541614 0.514274 0.201960 0.453662
59.000000 0.296435 0.542439 0.176102 0.212646 0.542660 0.514236 0.201905 0.454549
59.200000 0.296285 0.542795 0.176163 0.212743 0.544093 0.514423 0.202159 0.455473
59.400000 0.296288 0.543158 0.176100 0.213004 0.544995 0.514330 0.202330 0.456109
59.600000 0.296275 0.543907 0.176145 0.212709 0.546243 0.514562 0.202464 0.456742
59.800000 0.296260 0.544407 0.176309 0.213110 0.547615 0.514489 0.202193 0.457785
60.000000 0.296180 0.544874 0.176275 0.213284 0.548245 0.514455 0.202487 0.458456
60.200000 0.296024 0.545170 0.176296 0.213320 0.549247 0.514395 0.202644 0.459263
60.400000 0.296224 0.545756 0.176287 0.213351 0.550289 0.514591 0.202910 0.460138
60.600000 0.296072 0.546113 0.176387 0.213546 0.551422 0.514783 0.203028 0.460936
60.800000 0.295954 0.546688 0.176423 0.213560 0.552366 0.514806 0.203168 0.461639
61.000000 0.296157 0.547150 0.176306 0.213731 0.553297 0.514683 0.203323 0.462270
61.200000 0.296052 0.547363 0.176386 0.213720 0.554227 0.514814 0.203523 0.463099
61.400000 0.295957 0.548068 0.176503 0.213898 0.555117 0.514982 0.203450 0.463592
61.600000 0.295952 0.548205 0.176432 0.213776 0.556307 0.514867 0.203542 0.464391
61.800000 0.295962 0.548744 0.176566 0.214152 0.557116 0.514952 0.203741 0.465224
62.000000 0.295821 0.549017 0.176644 0.214168 0.558271 0.515091 0.203824 0.465732
62.200000 0.295735 0.549357 0.176644 0.214223 0.559161 0.514942 0.203935 0.466526
62.400000 0.295736 0.549828 0.176662 0.214307 0.559983 0.515102 0.204006 0.467191
62.600000 0.295779 0.550290 0.176755 0.214399 0.561001 0.514988 0.204058 0.467764
62.800000 0.295863 0.550097 0.176807 0.214613 0.562210 0.515147 0.204231 0.468602
63.000000 0.295833 0.550786 0.176747 0.214654 0.563096 0.515248 0.204424 0.469247
63.200000 0.295854 0.551280 0.176587 0.214708 0.563679 0.515178 0.204492 0.470016
63.400000 0.295797 0.551524 0.176987 0.214884 0.564798 0.515320 0.204713 0.470710
63.600000 0.295737 0.551712 0.176790 0.214990 0.565533 0.515323 0.204794 0.471286
63.800000 0.295794 0.551839 0.176857 0.215031 0.566322 0.515040 0.204781 0.471872
64.000000 0.295740 0.552484 0.176771 0.215001 0.567256 0.515667 0.204874 0.472443
64.200000 0.295711 0.552664 0.176903 0.215191 0.568081 0.515335 0.205080 0.472971
64.400000 0.295688 0.553118 0.176883 0.215326 0.568763 0.515526 0.205221 0.473608
64.600000 0.295670 0.552866 0.177128 0.215304 0.569502 0.515443 0.205335 0.474199
64.800000 0.295641 0.553548 0.176736 0.215398 0.570248 0.515654 0.205500 0.474562
65.000000 0.295494 0.553520 0.176893 0.215759 0.571075 0.515602 0.205499 0.474724
65.200000 0.295464 0.553932 0.176954 0.215691 0.572029 0.515651 0.205594 0.475904
65.400000 0.295623 0.554139 0.177152 0.215607 0.572582 0.515701 0.205714 0.476348
65.600000 0.295552 0.554438 0.177063 0.215902 0.573314 0.515765 0.205670 0.476979
65.800000 0.295703 0.554627 0.177035 0.215771 0.574188 0.515941 0.205974 0.477402
66.000000 0.295516 0.554741 0.177101 0.215935 0.574884 0.515963 0.206099 0.478038
66.200000 0.295459 0.555031 0.177160 0.216111 0.575491 0.516023 0.206107 0.478661
66.400000 0.295320 0.555181 0.176899 0.216344 0.576121 0.516007 0.206149 0.478940
66.600000 0.295488 0.555408 0.177217 0.216321 0.576876 0.515938 0.206223 0.479383
66.800000 0.295417 0.555749 0.177200 0.216318 0.577536 0.516145 0.206175 0.479843
67.000000 0.295310 0.555822 0.177183 0.216491 0.578119 0.516032 0.206342 0.480473
67.200000 0.295261 0.556164 0.177211 0.216624 0.578896 0.516211 0.206479 0.480880
67.400000 0.295357 0.556121 0.177422 0.216477 0.579287 0.516331 0.206878 0.481136
67.600000 0.295340 0.556734 0.177184 0.216631 0.580100 0.516225 0.206713 0.481767
67.800000 0.295280 0.556536 0.177253 0.216797 0.580626 0.516357 0.206681 0.482104
68.000000 0.295110 0.556570 0.177150 0.216944 0.580686 0.516280 0.206881 0.482681
68.200000 0.295230 0.556920 0.177422 0.216675 0.581837 0.516539 0.207031 0.483044
68.400000 0.295041 0.557054 0.177240 0.216736 0.582357 0.516389 0.206962 0.483279
68.600000 0.294956 0.557229 0.177384 0.217015 0.583046 0.516213 0.207335 0.483804
68.800000 0.295022 0.557480 0.177205 0.217076 0.583561 0.516576 0.207266 0.484200
69.000000 0.295074 0.557492 0.177364 0.217175 0.584171 0.516580 0.207492 0.484737
69.200000 0.294905 0.557628 0.177298 0.217106 0.584664 0.516546 0.207419 0.485104
69.400000 0.294809 0.557976 0.177500 0.217174 0.585339 0.516772 0.207540 0.485581
69.600000 0.294885 0.557897 0.177343 0.217315 0.585700 0.516700 0.207535 0.485736
69.800000 0.294855 0.558062 0.177595 0.217391 0.586373 0.516802 0.207787 0.486197
70.000000 0.294818 0.558075 0.177441 0.217389 0.586848 0.516742 0.207774 0.486587
70.200000 0.294838 0.558291 0.177549 0.217793 0.587407 0.516877 0.207974 0.486944
70.400000 0.294811 0.558177 0.177321 0.217565 0.587918 0.516914 0.207922 0.487155
70.600000 0.294760 0.558423 0.177323 0.217496 0.588308 0.517119 0.207962 0.487670
70.800000 0.294727 0.558546 0.177346 0.217712 0.588809 0.516999 0.207901 0.487906
71.000000 0.294755 0.558567 0.177611 0.217695 0.589175 0.517029 0.208008 0.488284
71.200000 0.294434 0.558896 0.177380 0.217869 0.589840 0.516780 0.208032 0.488759
71.400000 0.294506 0.558813 0.177577 0.217745 0.590249 0.517177 0.208241 0.489037
71.600000 0.294644 0.559043 0.177526 0.218017 0.590532 0.517130 0.208365 0.489303
71.800000 0.294619 0.558997 0.177522 0.217910 0.591174 0.517166 0.208157 0.489620
72.000000 0.294572 0.559353 0.177468 0.218155 0.591572 0.517268 0.208499 0.489917
72.200000 0.294580 0.559381 0.177624 0.218219 0.592130 0.517275 0.208686 0.490335
72.400000 0.294607 0.559271 0.177643 0.218059 0.592423 0.517320 0.208687 0.490594
72.600000 0.294551 0.559616 0.177650 0.218074 0.592949 0.517281 0.208771 0.490931
72.800000 0.294366 0.559737 0.177752 0.218482 0.593178 0.517392 0.208800 0.491086
73.000000 0.294348 0.559560 0.177531 0.218515 0.593716 0.517514 0.208842 0.491342
73.200000 0.294444 0.559880 0.177863 0.218707 0.593897 0.517331 0.208953 0.491915
73.400000 0.294409 0.559829 0.177658 0.218591 0.594335 0.517488 0.209004 0.492075
73.600000 0.294467 0.559931 0.177717 0.218614 0.595006 0.517556 0.209093 0.492318
73.800000 0.294437 0.559828 0.177735 0.218537 0.595383 0.517590 0.209160 0.492650
74.000000 0.294438 0.559959 0.177625 0.218616 0.595570 0.517520 0.209144 0.492728
74.200000 0.294199 0.560045 0.177676 0.218707 0.595867 0.517737 0.209267 0.493100
74.400000 0.294417 0.559899 0.177636 0.218766 0.596352 0.517592 0.209203 0.493343
74.600000 0.294193 0.560060 0.177568 0.218875 0.596647 0.517826 0.209412 0.493542
74.800000 0.294212 0.560229 0.177780 0.218800 0.597160 0.517822 0.209489 0.494007
75.000000 0.294199 0.560220 0.177740 0.219115 0.597306 0.517922 0.209484 0.494075
75.200000 0.294316 0.560207 0.177753 0.219052 0.597950 0.517631 0.209643 0.494313
75.400000 0.294084 0.560160 0.177650 0.218848 0.598028 0.518164 0.209434 0.494525
75.600000 0.294032 0.560243 0.177662 0.218998 0.598584 0.517802 0.209284 0.494765
75.800000 0.294253 0.560300 0.177840 0.219210 0.598900 0.518132 0.209735 0.495257
76.000000 0.294234 0.560623 0.177881 0.219117 0.599392 0.518457 0.209892 0.495508
76.200000 0.294120 0.560684 0.177833 0.219363 0.599799 0.518210 0.209945 0.495874
76.400000 0.294188 0.560681 0.177783 0.219272 0.599916 0.518248 0.209990 0.495766
76.600000 0.294135 0.560674 0.178015 0.219557 0.600324 0.518468 0.210084 0.496117
76.800000 0.294068 0.560553 0.177797 0.219331 0.600737 0.518410 0.210238 0.496315
77.000000 0.294107 0.560925 0.177770 0.219358 0.601010 0.518624 0.209993 0.496382
77.200000 0.293790 0.561075 0.177924 0.219569 0.601059 0.518183 0.210043 0.496728
77.400000 0.294032 0.560788 0.178043 0.219722 0.601353 0.518482 0.210292 0.496964
77.600000 0.293958 0.560905 0.178069 0.219533 0.601712 0.518643 0.210291 0.497096
77.800000 0.293949 0.560943 0.177830 0.219629 0.602005 0.518604 0.210339 0.497255
78.000000 0.293916 0.561183 0.177999 0.219790 0.602349 0.518655 0.210462 0.497492
78.200000 0.293836 0.561008 0.178036 0.219764 0.602572 0.518584 0.210474 0.497607
78.400000 0.293748 0.561147 0.178052 0.219637 0.602840 0.518506 0.210516 0.497822
78.600000 0.293797 0.560995 0.177990 0.219728 0.603156 0.518555 0.210439 0.497905
78.800000 0.293697 0.561016 0.177806 0.219991 0.603324 0.518793 0.210660 0.498028
79.000000 0.293620 0.560922 0.178018 0.220014 0.603371 0.518711 0.210670 0.498206
79.200000 0.293767 0.561102 0.177923 0.220082 0.603675 0.518843 0.210682 0.498541
79.400000 0.293587 0.561239 0.178015 0.220139 0.603803 0.518693 0.210681 0.498671
79.600000 0.293730 0.561284 0.178042 0.220172 0.604352 0.518944 0.210836 0.498862
79.800000 0.293495 0.561095 0.177945 0.220303 0.604425 0.518887 0.210813 0.499070
80.000000 0.293719 0.561211 0.178023 0.220259 0.604710 0.518983 0.210968 0.499209
80.200000 0.293448 0.561292 0.178047 0.220246 0.604743 0.518848 0.210969 0.499135
80.400000 0.293442 0.561177 0.178251 0.220476 0.605313 0.519179 0.211005 0.499514
80.600000 0.293462 0.561290 0.178171 0.220376 0.605369 0.519102 0.210943 0.499508
80.800000 0.293532 0.561282 0.178064 0.220428 0.605418 0.519250 0.211179 0.499578
81.000000 0.293504 0.561242 0.178046 0.220459 0.605694 0.519219 0.211083 0.499747
81.200000 0.293500 0.561257 0.177918 0.220480 0.605891 0.519105 0.211055 0.499959
81.400000 0.293508 0.561343 0.178197 0.220627 0.606147 0.519329 0.211237 0.499886
81.600000 0.293450 0.561454 0.177940 0.220577 0.606285 0.519228 0.211288 0.500184
81.800000 0.293477 0.561237 0.178235 0.220484 0.606664 0.519373 0.211327 0.500142
82.000000 0.293457 0.561199 0.178031 0.220565 0.606607 0.519312 0.211481 0.500436
82.200000 0.293134 0.561115 0.178206 0.220680 0.606716 0.519494 0.211303 0.500585
82.400000 0.293413 0.561251 0.178036 0.220696 0.606983 0.519295 0.211602 0.500652
82.600000 0.293128 0.561207 0.178010 0.220715 0.607402 0.519557 0.211467 0.500792
82.800000 0.293365 0.561119 0.178220 0.220815 0.607396 0.519553 0.211751 0.500736
83.000000 0.293353 0.561317 0.178109 0.220822 0.607482 0.519426 0.211412 0.500977
83.200000 0.293348 0.561340 0.178128 0.220931 0.607652 0.519421 0.211604 0.501195
83.400000 0.293317 0.561361 0.178084 0.220866 0.607820 0.519627 0.211636 0.501230
83.600000 0.293279 0.561135 0.178019 0.220931 0.607981 0.519645 0.211787 0.501263
83.800000 0.293286 0.561383 0.178125 0.220969 0.607928 0.519695 0.211697 0.501421
84.000000 0.293084 0.561095 0.178195 0.221016 0.608100 0.519568 0.211770 0.501649
84.200000 0.293181 0.561099 0.178222 0.221003 0.608233 0.519791 0.211888 0.501853
84.400000 0.293269 0.561253 0.178118 0.221067 0.608642 0.519854 0.211927 0.501635
84.600000 0.293244 0.561080 0.178083 0.221128 0.608710 0.519830 0.211922 0.501955
84.800000 0.293267 0.561068 0.178248 0.221244 0.608730 0.519952 0.211874 0.502094
85.000000 0.293202 0.561190 0.178199 0.221388 0.608830 0.519996 0.212038 0.501913
85.200000 0.293207 0.561262 0.178103 0.221234 0.609174 0.520094 0.212048 0.502110
85.400000 0.293204 0.560914 0.178248 0.221120 0.609051 0.520057 0.212086 0.502197
85.600000 0.292994 0.561197 0.178304 0.221313 0.609412 0.519945 0.212021 0.502259
85.800000 0.293165 0.561110 0.178068 0.221321 0.609416 0.520048 0.212085 0.502468
86.000000 0.293136 0.561082 0.178129 0.221307 0.609650 0.520041 0.212137 0.502481
86.200000 0.293133 0.560910 0.178263 0.221499 0.609706 0.520045 0.212017 0.502570
86.400000 0.293185 0.561144 0.178292 0.221456 0.609846 0.520241 0.212117 0.502650
86.600000 0.293262 0.561212 0.178270 0.221674 0.609994 0.520195 0.212224 0.502704
86.800000 0.293198 0.560986 0.178295 0.221528 0.610077 0.520068 0.212150 0.502769
87.000000 0.293294 0.560981 0.178114 0.221681 0.610498 0.520095 0.212173 0.502921
87.200000 0.293013 0.561135 0.178280 0.221653 0.610470 0.520243 0.212144 0.502810
87.400000 0.293151 0.561184 0.178370 0.221787 0.610371 0.520390 0.212310 0.502967
87.600000 0.293186 0.561160 0.178135 0.221602 0.610646 0.520222 0.212362 0.503091
87.800000 0.293260 0.561019 0.178501 0.221773 0.610790 0.520468 0.212373 0.503190
88.000000 0.292972 0.560955 0.178230 0.221824 0.610703 0.520508 0.212346 0.503087
88.200000 0.292988 0.561065 0.178267 0.221845 0.610851 0.520602 0.212414 0.503241
88.400000 0.293107 0.561042 0.178316 0.221836 0.611097 0.520527 0.212472 0.503387
88.600000 0.293116 0.560924 0.178360 0.221734 0.611197 0.520385 0.212379 0.503458
88.800000 0.293117 0.561029 0.178307 0.221804 0.611135 0.520503 0.212501 0.503498
89.000000 0.292843 0.560637 0.178199 0.221517 0.611218 0.520362 0.212543 0.503407
89.200000 0.293017 0.560662 0.178317 0.221989 0.611350 0.520770 0.212598 0.503555
89.400000 0.293046 0.560743 0.178232 0.221995 0.611504 0.520508 0.212635 0.503739
89.600000 0.293014 0.560877 0.178487 0.222014 0.611675 0.520651 0.212691 0.503789
89.800000 0.292887 0.560824 0.178292 0.221923 0.611793 0.520708 0.212404 0.503895
90.000000 0.293012 0.560905 0.178315 0.221986 0.611729 0.520822 0.212562 0.503753
