0.200000 0.057567 0.493149 0.223734 0.334807 0.648112 0.444913 0.282106 0.548754
0.400000 0.057372 0.491512 0.223551 0.333854 0.644597 0.444529 0.281966 0.546192
0.600000 0.057336 0.490761 0.223514 0.333224 0.642579 0.444652 0.281591 0.544597
0.800000 0.057347 0.490063 0.223479 0.332509 0.640813 0.444682 0.281531 0.543130
1.000000 0.057305 0.489689 0.223481 0.332134 0.639015 0.444506 0.281348 0.541837
1.200000 0.057332 0.488831 0.223243 0.331446 0.637178 0.444763 0.281076 0.540200
1.400000 0.057130 0.488160 0.223340 0.331203 0.635330 0.444602 0.281194 0.538934
1.600000 0.057253 0.487529 0.223386 0.330455 0.633552 0.444546 0.280783 0.537424
1.800000 0.057321 0.486773 0.223099 0.330011 0.631767 0.444500 0.280774 0.536124
2.000000 0.057294 0.486417 0.223310 0.329603 0.630140 0.444509 0.280734 0.534676
2.200000 0.057238 0.485540 0.223123 0.329135 0.628252 0.444449 0.280389 0.533315
2.400000 0.057085 0.485035 0.222947 0.328532 0.626467 0.444487 0.280445 0.532001
2.600000 0.057179 0.484132 0.222985 0.328052 0.624521 0.444380 0.280016 0.530503
2.800000 0.057216 0.483656 0.222961 0.327479 0.622816 0.444445 0.280083 0.529227
3.000000 0.057200 0.483005 0.222870 0.326948 0.621164 0.444315 0.279822 0.527765
3.200000 0.057173 0.482450 0.222814 0.326409 0.619351 0.444256 0.279719 0.526398
3.400000 0.057157 0.481908 0.222799 0.326008 0.617781 0.444331 0.279433 0.525106
3.600000 0.057133 0.481111 0.222554 0.325286 0.615721 0.444242 0.279406 0.523729
3.800000 0.057150 0.480696 0.222700 0.325092 0.614188 0.444147 0.279222 0.522364
4.000000 0.057131 0.479833 0.222539 0.324444 0.612652 0.444098 0.279163 0.521229
4.200000 0.057133 0.479508 0.222585 0.324091 0.610899 0.444166 0.279064 0.519747
4.400000 0.056947 0.478893 0.222521 0.323760 0.609194 0.444157 0.278800 0.518465
4.600000 0.056918 0.478295 0.222504 0.323107 0.607455 0.443764 0.278637 0.516989
4.800000 0.057218 0.477858 0.222387 0.322465 0.605847 0.443981 0.278530 0.515874
5.000000 0.057037 0.477253 0.222349 0.322195 0.604175 0.444033 0.278446 0.514632
5.200000 0.057032 0.476580 0.222393 0.321676 0.602436 0.444143 0.278289 0.513155
5.400000 0.057040 0.476106 0.222309 0.321096 0.600992 0.444021 0.278094 0.511788
5.600000 0.057009 0.475505 0.222284 0.320828 0.599338 0.443787 0.277910 0.510847
5.800000 0.057010 0.474977 0.222266 0.320414 0.597723 0.443960 0.277784 0.509535
6.000000 0.056975 0.474111 0.222049 0.319908 0.596180 0.443958 0.277420 0.508339
6.200000 0.056998 0.473841 0.222141 0.319428 0.594584 0.443826 0.277428 0.507132
6.400000 0.057061 0.473394 0.222128 0.318932 0.592843 0.443957 0.277392 0.505704
6.600000 0.056976 0.472767 0.222077 0.318295 0.591061 0.443791 0.277250 0.504170
6.800000 0.056927 0.472100 0.221749 0.317709 0.589396 0.443769 0.276914 0.503023
7.000000 0.056943 0.471627 0.221750 0.317556 0.587925 0.443817 0.276836 0.501983
7.200000 0.056937 0.471091 0.221720 0.317124 0.586430 0.443846 0.276537 0.500759
7.400000 0.056945 0.470491 0.221832 0.316731 0.584732 0.443750 0.276477 0.499616
7.600000 0.056903 0.470026 0.221790 0.316259 0.583412 0.443738 0.276313 0.498395
7.800000 0.056783 0.469632 0.221962 0.315771 0.581926 0.443828 0.276220 0.497330
8.000000 0.056773 0.469163 0.221722 0.315428 0.580583 0.443697 0.275964 0.496179
8.200000 0.056887 0.429834 0.221624 0.315015 0.578990 0.443841 0.276030 0.494869
8.400000 0.056859 0.468041 0.221322 0.314732 0.577477 0.443642 0.275773 0.493835
8.600000 0.056864 0.467635 0.221601 0.314225 0.576241 0.443691 0.275464 0.492835
8.800000 0.056848 0.467076 0.221593 0.313815 0.574619 0.443593 0.275528 0.491549
9.000000 0.056880 0.466581 0.221475 0.313380 0.573140 0.443565 0.275269 0.490505
9.200000 0.056799 0.466281 0.221493 0.313096 0.572038 0.443642 0.275172 0.489455
9.400000 0.056823 0.465590 0.221440 0.312517 0.570427 0.443696 0.274991 0.488290
9.600000 0.056819 0.465310 0.221366 0.312131 0.568929 0.443530 0.274914 0.487148
9.800000 0.056648 0.464851 0.221325 0.311844 0.567693 0.443536 0.274361 0.486065
10.000000 0.056800 0.464276 0.221366 0.311289 0.566160 0.443525 0.274400 0.485220
10.200000 0.056766 0.463770 0.221403 0.311010 0.564991 0.443455 0.274410 0.484079
10.400000 0.056872 0.463457 0.221157 0.310626 0.563521 0.443294 0.274302 0.483021
10.600000 0.056751 0.463056 0.221235 0.310323 0.562394 0.443547 0.274149 0.481438
10.800000 0.056689 0.462508 0.221178 0.309854 0.560935 0.443347 0.274018 0.481016
11.000000 0.056621 0.462058 0.221069 0.309457 0.559406 0.443388 0.273824 0.479878
11.200000 0.056893 0.461600 0.221086 0.309128 0.558296 0.443367 0.273692 0.478886
11.400000 0.056727 0.461361 0.221052 0.308701 0.557007 0.443312 0.273503 0.477766
11.600000 0.056756 0.460852 0.220905 0.308284 0.555583 0.443330 0.273286 0.476943
11.800000 0.056738 0.460421 0.221019 0.308192 0.554457 0.443318 0.273133 0.476067
12.000000 0.056735 0.459928 0.220959 0.307485 0.553091 0.443142 0.273072 0.474849
12.200000 0.056700 0.459555 0.220886 0.307226 0.551708 0.442997 0.272913 0.473776
12.400000 0.056651 0.459150 0.220807 0.306959 0.550472 0.443163 0.272972 0.472959
12.600000 0.056724 0.458801 0.220863 0.306605 0.549294 0.443279 0.272720 0.471826
12.800000 0.056680 0.458267 0.220841 0.305996 0.547768 0.443152 0.272467 0.470655
13.000000 0.056687 0.457857 0.220726 0.305677 0.546563 0.443065 0.272242 0.469702
13.200000 0.056642 0.457413 0.220736 0.305446 0.545390 0.443086 0.272328 0.468981
13.400000 0.056520 0.456880 0.220524 0.305096 0.544245 0.443013 0.272017 0.467994
13.600000 0.056649 0.456701 0.220782 0.304799 0.542991 0.443027 0.271967 0.467073
13.800000 0.056626 0.456327 0.220529 0.304457 0.542051 0.442854 0.271814 0.466401
14.000000 0.056624 0.455975 0.220563 0.304199 0.540874 0.442917 0.271671 0.465320
14.200000 0.056760 0.455405 0.220634 0.303732 0.539763 0.442921 0.271585 0.464657
14.400000 0.056570 0.455322 0.220640 0.303609 0.538677 0.442923 0.271418 0.463850
14.600000 0.056590 0.454966 0.220344 0.303239 0.537812 0.442993 0.271278 0.463001
14.800000 0.056574 0.454586 0.220497 0.302997 0.536732 0.442825 0.271146 0.462038
15.000000 0.056604 0.454200 0.220473 0.302645 0.535554 0.442908 0.271023 0.461264
15.200000 0.056583 0.453839 0.220306 0.302426 0.534400 0.442833 0.270853 0.460364
15.400000 0.056598 0.453383 0.220357 0.302207 0.533584 0.442663 0.270566 0.459646
15.600000 0.056588 0.453142 0.220307 0.301809 0.532308 0.442743 0.270568 0.458890
15.800000 0.056571 0.452607 0.220323 0.301462 0.531172 0.442740 0.270481 0.458174
16.000000 0.056549 0.452563 0.220187 0.301115 0.530355 0.442614 0.270256 0.457280
16.200000 0.056503 0.451770 0.220168 0.300764 0.529061 0.442768 0.270133 0.456523
16.400000 0.056510 0.451595 0.220085 0.300562 0.528131 0.442715 0.270173 0.455616
16.600000 0.056511 0.451441 0.220042 0.300149 0.527173 0.442734 0.270012 0.454888
16.800000 0.056496 0.451197 0.220192 0.299956 0.526100 0.442567 0.269631 0.453859
17.000000 0.056492 0.450768 0.220054 0.299765 0.525106 0.442534 0.269719 0.453281
17.200000 0.056481 0.450506 0.220119 0.299360 0.523870 0.442581 0.269585 0.452342
17.400000 0.056500 0.450034 0.220133 0.299159 0.522815 0.441909 0.269386 0.451725
17.600000 0.056468 0.449768 0.220084 0.298809 0.522108 0.442373 0.269366 0.450747
17.800000 0.056355 0.449202 0.219878 0.298335 0.520881 0.442394 0.268960 0.449995
18.000000 0.056248 0.448840 0.219735 0.297983 0.519854 0.442259 0.268825 0.448996
18.200000 0.056441 0.448355 0.219811 0.297684 0.518602 0.442094 0.268610 0.448211
18.400000 0.056436 0.448390 0.219965 0.297653 0.517771 0.442318 0.268756 0.447655
18.600000 0.056437 0.447879 0.219724 0.296955 0.516491 0.442373 0.268469 0.447044
18.800000 0.056432 0.447788 0.219743 0.296982 0.515943 0.442396 0.268493 0.446214
19.000000 0.056524 0.447317 0.219746 0.296540 0.514532 0.442242 0.268390 0.445236
19.200000 0.056418 0.446995 0.219951 0.296426 0.513763 0.442362 0.268205 0.444496
19.400000 0.056412 0.446811 0.219831 0.296048 0.512875 0.442218 0.268053 0.443782
19.600000 0.056214 0.446249 0.219654 0.295807 0.511927 0.442288 0.267961 0.442990
19.800000 0.056394 0.446140 0.219815 0.295648 0.511109 0.442092 0.267831 0.442471
20.000000 0.056392 0.445796 0.219697 0.295337 0.510171 0.442145 0.267711 0.441684
20.200000 0.056278 0.445324 0.219552 0.295102 0.509212 0.442172 0.267375 0.440833
20.400000 0.056394 0.445129 0.219651 0.294677 0.508403 0.442261 0.267380 0.440301
20.600000 0.056353 0.444940 0.219684 0.294464 0.507444 0.442136 0.267293 0.439625
20.800000 0.056309 0.444623 0.219526 0.294176 0.506471 0.442160 0.267128 0.438870
21.000000 0.056324 0.444477 0.219454 0.293914 0.505619 0.442150 0.267102 0.438297
21.200000 0.056347 0.444155 0.219502 0.293692 0.504751 0.442048 0.266932 0.437600
21.400000 0.056334 0.443702 0.219725 0.293295 0.503725 0.441958 0.266757 0.437007
21.600000 0.056317 0.443479 0.219476 0.292971 0.502872 0.441953 0.266711 0.436224
21.800000 0.056297 0.443199 0.219595 0.292851 0.501887 0.442103 0.266492 0.435603
22.000000 0.056432 0.442872 0.219325 0.292693 0.501207 0.442028 0.266479 0.434839
22.200000 0.056155 0.442740 0.219275 0.292447 0.500281 0.441935 0.266217 0.434162
22.400000 0.056283 0.442315 0.219461 0.292190 0.499544 0.442009 0.266181 0.433558
22.600000 0.056284 0.441902 0.219376 0.291985 0.498524 0.441843 0.266039 0.432890
22.800000 0.056264 0.441524 0.219440 0.291521 0.497861 0.441742 0.265931 0.432281
23.000000 0.056242 0.441461 0.219375 0.291435 0.497004 0.441985 0.265829 0.431653
23.200000 0.056440 0.441240 0.219362 0.291258 0.496255 0.441762 0.265740 0.430924
23.400000 0.056246 0.440859 0.219277 0.290844 0.495078 0.441763 0.265527 0.430185
23.600000 0.056213 0.440564 0.219265 0.290666 0.494415 0.441881 0.265470 0.429411
23.800000 0.056293 0.440430 0.219132 0.290566 0.493643 0.441853 0.265456 0.429099
24.000000 0.056222 0.440244 0.219145 0.290352 0.493134 0.441817 0.265238 0.428577
24.200000 0.056183 0.439870 0.219231 0.290214 0.492157 0.441649 0.265163 0.427901
24.400000 0.056189 0.439537 0.219262 0.289917 0.491408 0.441842 0.264983 0.427346
24.600000 0.056180 0.439384 0.219231 0.289537 0.490720 0.441669 0.264988 0.426648
24.800000 0.056199 0.439068 0.219183 0.289352 0.489777 0.441558 0.264814 0.426065
25.000000 0.056219 0.438728 0.219162 0.289152 0.489098 0.441541 0.264645 0.425463
25.200000 0.056195 0.438610 0.219189 0.288994 0.488242 0.441707 0.264552 0.424872
25.400000 0.056190 0.438244 0.219100 0.288602 0.487328 0.441676 0.264393 0.424323
25.600000 0.056164 0.437928 0.219034 0.288516 0.486494 0.441589 0.264269 0.423656
25.800000 0.056186 0.437689 0.219154 0.288186 0.485835 0.441539 0.264248 0.423025
26.000000 0.056021 0.437735 0.219113 0.287824 0.485210 0.441617 0.263855 0.422464
26.200000 0.056281 0.437297 0.218983 0.287649 0.484449 0.441591 0.263950 0.421852
26.400000 0.056126 0.437049 0.218999 0.287563 0.483416 0.441573 0.263967 0.421267
26.600000 0.056013 0.436748 0.218977 0.287305 0.482841 0.441514 0.263777 0.420836
26.800000 0.056008 0.436406 0.218926 0.287040 0.482154 0.441400 0.263628 0.420203
27.000000 0.056100 0.436278 0.218918 0.286796 0.481353 0.441483 0.263451 0.419480
27.200000 0.056096 0.435970 0.218864 0.286712 0.480515 0.441392 0.263374 0.419030
27.400000 0.056114 0.435838 0.218912 0.286377 0.479916 0.441425 0.263357 0.418484
27.600000 0.056213 0.435571 0.218917 0.286003 0.479143 0.441536 0.263162 0.417875
27.800000 0.056110 0.435354 0.218951 0.285965 0.478391 0.441337 0.262917 0.417410
28.000000 0.056108 0.435042 0.218806 0.285685 0.477747 0.441356 0.262788 0.416826
28.200000 0.056084 0.434866 0.218754 0.285506 0.477026 0.441185 0.262890 0.416259
28.400000 0.056096 0.434790 0.218768 0.285187 0.476243 0.441381 0.262708 0.415729
28.600000 0.056112 0.434361 0.218602 0.285152 0.475741 0.441233 0.262469 0.415120
28.800000 0.056062 0.434085 0.218899 0.284964 0.474879 0.441155 0.262434 0.414710
29.000000 0.056078 0.433896 0.218735 0.284643 0.474099 0.441032 0.262350 0.414054
29.200000 0.056071 0.433543 0.218532 0.284469 0.473527 0.441130 0.262086 0.413642
29.400000 0.056072 0.433636 0.218614 0.284376 0.472803 0.441230 0.262060 0.413047
29.600000 0.056019 0.433317 0.218602 0.284067 0.472214 0.441259 0.261853 0.412699
29.800000 0.056047 0.432788 0.218526 0.283838 0.471386 0.441088 0.261967 0.412012
30.000000 0.056044 0.432707 0.218601 0.283544 0.470808 0.441085 0.261760 0.411525
30.200000 0.055852 0.432458 0.218345 0.283228 0.469828 0.440987 0.261416 0.410761
30.400000 0.056074 0.432401 0.218418 0.283266 0.469481 0.441175 0.261394 0.410437
30.600000 0.055981 0.432114 0.218514 0.283143 0.468811 0.441096 0.261241 0.409932
30.800000 0.056484 0.431842 0.218428 0.282790 0.467982 0.440985 0.261292 0.409265
31.000000 0.057191 0.431764 0.218655 0.282590 0.467378 0.441039 0.261213 0.408974
31.200000 0.058073 0.431410 0.218548 0.282730 0.467017 0.440921 0.261141 0.408412
31.400000 0.059789 0.431427 0.218390 0.282305 0.466688 0.440971 0.260962 0.408253
31.600000 0.061229 0.431228 0.218355 0.282226 0.466915 0.440936 0.260900 0.408621
31.800000 0.062912 0.431248 0.218453 0.282356 0.467593 0.440842 0.260831 0.408978
32.000000 0.064583 0.431264 0.218581 0.282295 0.468845 0.440733 0.260674 0.409877
32.200000 0.066348 0.431546 0.218511 0.282844 0.470650 0.440758 0.260687 0.411375
32.400000 0.067902 0.432451 0.218687 0.283269 0.473049 0.440913 0.260696 0.412960
32.600000 0.069642 0.433515 0.218779 0.284048 0.476105 0.440878 0.260631 0.415223
32.800000 0.071217 0.435088 0.218871 0.284804 0.479963 0.440944 0.260659 0.417824
33.000000 0.072549 0.437185 0.219108 0.286529 0.484112 0.440956 0.260666 0.420995
33.200000 0.073812 0.440044 0.219312 0.288134 0.489019 0.440846 0.260655 0.424600
33.400000 0.075070 0.443447 0.219778 0.290060 0.493823 0.440850 0.260695 0.428162
33.600000 0.076179 0.447828 0.220323 0.292345 0.499570 0.440856 0.260782 0.432529
33.800000 0.077197 0.452212 0.220587 0.294939 0.505462 0.441019 0.260925 0.436674
34.000000 0.078062 0.457543 0.221007 0.297328 0.511535 0.440967 0.260962 0.441544
34.200000 0.078818 0.463406 0.221379 0.299997 0.518037 0.440869 0.261005 0.446348
34.400000 0.079573 0.469507 0.221748 0.302824 0.524904 0.440848 0.261226 0.451359
34.600000 0.080228 0.476396 0.222113 0.305483 0.531807 0.440980 0.261078 0.456846
34.800000 0.080805 0.483808 0.222561 0.308095 0.539302 0.441034 0.261527 0.462482
35.000000 0.081189 0.491334 0.222614 0.310581 0.546743 0.441066 0.261440 0.468108
35.200000 0.081758 0.499700 0.223299 0.313453 0.554706 0.441161 0.261601 0.473995
35.400000 0.081949 0.507709 0.223653 0.315793 0.562112 0.441102 0.261704 0.479885
35.600000 0.082518 0.515906 0.224009 0.318106 0.569502 0.441104 0.261830 0.485627
35.800000 0.082812 0.524724 0.224366 0.320199 0.577341 0.441237 0.261892 0.491604
36.000000 0.083074 0.533450 0.224732 0.322564 0.585440 0.441118 0.262073 0.497680
36.200000 0.083334 0.542695 0.224980 0.324478 0.593513 0.441215 0.262209 0.504042
36.400000 0.083554 0.551984 0.225253 0.326773 0.601696 0.441220 0.262434 0.510241
36.600000 0.083917 0.561780 0.225938 0.328957 0.610092 0.441241 0.262377 0.516909
36.800000 0.083919 0.571817 0.226219 0.330739 0.618601 0.441324 0.262578 0.523802
37.000000 0.084188 0.581889 0.226531 0.332989 0.627325 0.441302 0.262700 0.530510
37.200000 0.084348 0.592105 0.226655 0.334848 0.636281 0.441314 0.262885 0.537212
37.400000 0.084400 0.603141 0.227300 0.337191 0.646077 0.441575 0.262928 0.545234
37.600000 0.084615 0.619124 0.227636 0.340085 0.659249 0.441434 0.263173 0.554879
37.800000 0.084824 0.629803 0.228187 0.342057 0.668247 0.441423 0.263298 0.562096
38.000000 0.085009 0.640549 0.228525 0.343834 0.677413 0.441459 0.263374 0.569031
38.200000 0.085006 0.651184 0.228705 0.345613 0.686343 0.441586 0.263608 0.576271
38.400000 0.085085 0.661733 0.229168 0.347610 0.695866 0.441459 0.263764 0.583435
38.600000 0.085199 0.672357 0.229488 0.349305 0.704990 0.441471 0.263893 0.590507
38.800000 0.085103 0.682693 0.229681 0.351251 0.714362 0.441513 0.264083 0.597955
39.000000 0.085164 0.693191 0.230001 0.352991 0.723646 0.441582 0.264189 0.605115
39.200000 0.085376 0.703577 0.230531 0.354663 0.733113 0.441610 0.264572 0.612471
39.400000 0.085428 0.713563 0.230602 0.356523 0.742261 0.441622 0.264551 0.619658
39.600000 0.085523 0.723315 0.231058 0.358260 0.751385 0.441682 0.264654 0.627121
39.800000 0.085589 0.733317 0.231452 0.360009 0.760850 0.441718 0.264840 0.634196
40.000000 0.085536 0.742796 0.231704 0.361569 0.769815 0.441738 0.264925 0.641626
40.200000 0.085463 0.752164 0.232051 0.363413 0.779193 0.441701 0.265132 0.648695
40.400000 0.085605 0.761338 0.232292 0.365071 0.788186 0.441774 0.265199 0.656357
40.600000 0.085677 0.770308 0.232679 0.366545 0.797343 0.441641 0.265613 0.663522
40.800000 0.085639 0.779027 0.233008 0.368400 0.806455 0.441743 0.265616 0.670918
41.000000 0.085683 0.787260 0.233448 0.370004 0.815196 0.441742 0.265663 0.678088
41.200000 0.085579 0.795392 0.233540 0.371777 0.823990 0.441903 0.265929 0.685181
41.400000 0.085756 0.802927 0.233880 0.373369 0.832698 0.441767 0.266055 0.692279
41.600000 0.085813 0.811234 0.234198 0.374976 0.841531 0.441800 0.266359 0.699231
41.800000 0.085860 0.818488 0.234463 0.376568 0.850167 0.441995 0.266388 0.706334
42.000000 0.085866 0.825597 0.234740 0.378105 0.858342 0.441930 0.266518 0.713431
42.200000 0.085865 0.832502 0.235005 0.379438 0.866532 0.442010 0.266717 0.720164
42.400000 0.085877 0.839022 0.235374 0.381045 0.874646 0.442109 0.266843 0.727000
42.600000 0.086058 0.845382 0.235726 0.382482 0.882480 0.442118 0.266897 0.733390
42.800000 0.085966 0.851530 0.235851 0.384053 0.890340 0.442066 0.267128 0.740049
43.000000 0.085964 0.857217 0.236200 0.385703 0.897884 0.442088 0.267463 0.746233
43.200000 0.085980 0.862709 0.236506 0.386916 0.905000 0.442079 0.267400 0.752664
43.400000 0.085976 0.868108 0.236574 0.388411 0.912482 0.442199 0.267616 0.759078
43.600000 0.085975 0.873216 0.236878 0.389732 0.919605 0.442079 0.267904 0.765006
43.800000 0.086069 0.878532 0.237163 0.391651 0.927729 0.442238 0.267846 0.772195
44.000000 0.086092 0.885378 0.237718 0.393465 0.936907 0.442277 0.268236 0.779735
44.200000 0.086086 0.889674 0.237873 0.394857 0.943642 0.442233 0.268289 0.785255
44.400000 0.086069 0.893921 0.237963 0.396212 0.949968 0.442304 0.268285 0.791043
44.600000 0.086125 0.898107 0.238250 0.397471 0.956326 0.442334 0.268593 0.796702
44.800000 0.086110 0.901975 0.238431 0.398733 0.962674 0.442379 0.268772 0.802174
45.000000 0.085980 0.906160 0.238620 0.400362 0.968473 0.442445 0.268962 0.807328
45.200000 0.086117 0.909565 0.238871 0.401600 0.974537 0.442502 0.269025 0.812727
45.400000 0.086148 0.912821 0.238980 0.402705 0.980328 0.442390 0.269259 0.817754
45.600000 0.086145 0.916419 0.239317 0.404107 0.985981 0.442287 0.269332 0.822741
45.800000 0.086183 0.919634 0.239639 0.405555 0.991479 0.442343 0.269576 0.827751
46.000000 0.086191 0.922501 0.239626 0.406531 0.996748 0.442432 0.269721 0.832416
46.200000 0.086181 0.925499 0.240019 0.407935 1.001867 0.442224 0.269832 0.837358
46.400000 0.086175 0.928258 0.239973 0.409179 1.007025 0.442410 0.270055 0.841910
46.600000 0.086184 0.931059 0.240374 0.410418 1.012057 0.442556 0.270098 0.846315
46.800000 0.086033 0.933660 0.240507 0.411503 1.016977 0.442392 0.270243 0.850639
47.000000 0.086212 0.936235 0.240758 0.412837 1.021752 0.442573 0.270282 0.855014
47.200000 0.086067 0.938852 0.240876 0.414006 1.026304 0.442409 0.270419 0.859193
47.400000 0.086201 0.941122 0.241147 0.415209 1.030809 0.442644 0.270553 0.863317
47.600000 0.086159 0.943256 0.241265 0.416319 1.035261 0.442767 0.270790 0.867331
47.800000 0.086156 0.945199 0.241319 0.417587 1.039400 0.442632 0.270935 0.871383
48.000000 0.086200 0.947335 0.241688 0.418655 1.043845 0.442795 0.271124 0.875281
48.200000 0.086203 0.949414 0.241706 0.419861 1.047691 0.442552 0.271294 0.878907
48.400000 0.086084 0.951169 0.241977 0.420840 1.051808 0.442692 0.271316 0.882614
48.600000 0.086201 0.953050 0.242128 0.422126 1.055667 0.442705 0.271542 0.886316
48.800000 0.086187 0.954861 0.242267 0.423138 1.059526 0.442662 0.271751 0.889480
49.000000 0.086184 0.956497 0.242531 0.424220 1.063058 0.442752 0.271799 0.893189
49.200000 0.086235 0.958126 0.242510 0.425278 1.066757 0.442741 0.271961 0.896482
49.400000 0.086349 0.959541 0.242630 0.426333 1.070150 0.442802 0.272163 0.899790
49.600000 0.086172 0.961301 0.242814 0.427669 1.073316 0.442664 0.272233 0.902909
49.800000 0.086126 0.962606 0.243130 0.428770 1.076988 0.442743 0.272513 0.906065
50.000000 0.086197 0.964121 0.243314 0.390767 1.080253 0.442956 0.272526 0.909218
50.200000 0.086085 0.965838 0.243428 0.430905 1.084103 0.442757 0.272747 0.912636
50.400000 0.086191 0.967069 0.243554 0.431861 1.087289 0.442909 0.272915 0.915477
50.600000 0.086211 0.968337 0.243613 0.433222 1.090410 0.443084 0.273065 0.918809
50.800000 0.086170 0.969402 0.243904 0.433849 1.093255 0.443075 0.273027 0.921453
51.000000 0.086136 0.970464 0.244049 0.435042 1.096179 0.442824 0.273396 0.924363
51.200000 0.086231 0.971738 0.244270 0.436149 1.099234 0.443072 0.273477 0.926858
51.400000 0.086166 0.972861 0.244339 0.437018 1.101780 0.443008 0.273460 0.929408
51.600000 0.086187 0.973826 0.244583 0.438106 1.104601 0.443087 0.273768 0.931954
51.800000 0.086067 0.974720 0.244527 0.439044 1.107228 0.443153 0.273908 0.934598
52.000000 0.086356 0.975679 0.244688 0.440251 1.109725 0.443084 0.274109 0.936985
52.200000 0.086172 1.015496 0.244893 0.441060 1.112311 0.442817 0.274146 0.939074
52.400000 0.086142 0.977184 0.244999 0.441930 1.114568 0.443100 0.274277 0.941540
52.600000 0.086109 0.978287 0.245039 0.442900 1.116930 0.443139 0.274647 0.943989
52.800000 0.086197 0.979036 0.245165 0.443616 1.119365 0.442776 0.274491 0.945919
53.000000 0.086174 0.979880 0.245307 0.444642 1.121809 0.443044 0.274690 0.947998
53.200000 0.086137 0.980678 0.245427 0.445675 1.123806 0.443207 0.274866 0.950179
53.400000 0.086151 0.981391 0.245664 0.446684 1.125915 0.443229 0.275032 0.952188
53.600000 0.086144 0.982034 0.245584 0.447524 1.128068 0.443156 0.274993 0.954210
53.800000 0.086205 0.982667 0.245745 0.448466 1.130281 0.443342 0.275002 0.956270
54.000000 0.086080 0.983405 0.245939 0.449263 1.132281 0.443366 0.275329 0.958185
54.200000 0.086069 0.984150 0.246068 0.449918 1.134200 0.443372 0.275697 0.960310
54.400000 0.086219 0.984800 0.246100 0.450912 1.136276 0.443189 0.275864 0.961931
54.600000 0.086066 0.985162 0.246189 0.451856 1.138175 0.443380 0.276027 0.963822
54.800000 0.086223 0.985876 0.246373 0.452880 1.140033 0.443395 0.275817 0.965653
55.000000 0.086194 0.986332 0.246407 0.453697 1.141693 0.443362 0.276101 0.967367
55.200000 0.086294 0.986678 0.246495 0.454446 1.143643 0.443358 0.276229 0.968846
55.400000 0.086212 0.987525 0.246586 0.455368 1.145249 0.443390 0.276113 0.970670
55.600000 0.086204 0.987892 0.246684 0.456191 1.147099 0.443492 0.276537 0.972422
55.800000 0.086236 0.988295 0.246754 0.456877 1.148825 0.443363 0.276684 0.973815
56.000000 0.086068 0.988672 0.246750 0.457841 1.150251 0.443467 0.276683 0.975331
56.200000 0.086283 0.989096 0.247034 0.458829 1.152285 0.443492 0.277022 0.977179
56.400000 0.086297 0.989865 0.247181 0.459740 1.154094 0.443552 0.277094 0.978981
56.600000 0.086256 0.990041 0.247117 0.460470 1.155439 0.443422 0.277128 0.980204
56.800000 0.086246 0.990542 0.247092 0.461379 1.156988 0.443477 0.277299 0.981603
57.000000 0.086302 0.990957 0.247193 0.461931 1.158528 0.443538 0.277465 0.983085
57.200000 0.086264 0.991240 0.247449 0.462884 1.159875 0.443604 0.277680 0.984441
57.400000 0.086234 0.991820 0.247616 0.463432 1.161300 0.443420 0.277791 0.985739
57.600000 0.086309 0.992110 0.247518 0.464452 1.162557 0.443516 0.277837 0.987164
57.800000 0.086277 0.992489 0.247716 0.465376 1.164345 0.443724 0.278059 0.988504
58.000000 0.086254 0.992839 0.247700 0.465862 1.165314 0.443661 0.278076 0.989749
58.200000 0.086097 0.993161 0.247806 0.466710 1.166734 0.443690 0.278231 0.991051
58.400000 0.086226 0.993639 0.248083 0.467487 1.168044 0.443811 0.278418 0.992316
58.600000 0.086356 0.993740 0.247992 0.468085 1.169405 0.443742 0.278532 0.993391
58.800000 0.086360 0.994152 0.247980 0.468901 1.170676 0.443639 0.278698 0.994581
59.000000 0.086066 0.994488 0.248160 0.469554 1.210809 0.443851 0.278893 0.995637
59.200000 0.086204 0.994651 0.248169 0.470386 1.173086 0.443759 0.278851 0.997005
59.400000 0.086212 0.995085 0.248289 0.471072 1.174220 0.443355 0.278964 0.998013
59.600000 0.086195 0.995077 0.248236 0.471699 1.175263 0.443745 0.279203 0.999011
59.800000 0.086238 0.995354 0.248454 0.472545 1.176375 0.443770 0.279316 1.000153
60.000000 0.086207 0.995692 0.248554 0.473028 1.177547 0.443853 0.279448 1.001080
60.200000 0.086190 0.995733 0.248550 0.473847 1.178331 0.443862 0.279401 1.002117
60.400000 0.086136 0.996030 0.248536 0.474617 1.179606 0.443884 0.279675 1.003049
60.600000 0.086207 0.996140 0.248668 0.475429 1.180510 0.444024 0.279987 1.004043
60.800000 0.086198 0.996518 0.248823 0.476031 1.181680 0.443943 0.279965 1.005076
61.000000 0.086068 0.996499 0.248928 0.476743 1.182669 0.444009 0.280110 1.006003
61.200000 0.086160 0.996938 0.249099 0.477373 1.183620 0.443817 0.280009 1.006645
61.400000 0.086198 0.997006 0.248612 0.477997 1.184433 0.443919 0.280240 1.007647
61.600000 0.086197 0.996926 0.249120 0.478804 1.185387 0.443925 0.280512 1.008608
61.800000 0.086145 0.997145 0.248945 0.479303 1.186254 0.443952 0.280575 1.009518
62.000000 0.086200 0.997315 0.249037 0.479934 1.187502 0.444018 0.280663 1.010100
62.200000 0.086165 0.997606 0.249230 0.480577 1.188334 0.443909 0.280740 1.010909
62.400000 0.086074 0.997692 0.249330 0.481374 1.189153 0.444104 0.281016 1.012244
62.600000 0.086171 0.997664 0.249340 0.482125 1.190168 0.443991 0.281088 1.012619
62.800000 0.086148 0.997963 0.249377 0.482661 1.190930 0.444072 0.281298 1.013435
63.000000 0.086194 0.998230 0.249591 0.483438 1.191758 0.444168 0.281256 1.014353
63.200000 0.086060 0.997981 0.249606 0.484060 1.192492 0.444093 0.281649 1.015061
63.400000 0.086164 0.998348 0.249712 0.484723 1.193147 0.444083 0.281668 1.015668
63.600000 0.086185 0.998336 0.249780 0.485103 1.194021 0.444173 0.281817 1.016677
63.800000 0.086241 0.998321 0.249684 0.485780 1.194762 0.444169 0.281754 1.017294
64.000000 0.086364 0.998497 0.249926 0.486400 1.195582 0.444140 0.281887 1.017801
64.200000 0.086223 0.998585 0.249699 0.486938 1.196000 0.444066 0.282067 1.018516
64.400000 0.086191 0.998551 0.249885 0.487809 1.196804 0.444062 0.282063 1.019247
64.600000 0.086168 0.998930 0.250046 0.488136 1.197686 0.444188 0.282343 1.019879
64.800000 0.086176 0.998577 0.249998 0.488826 1.198301 0.444033 0.282388 1.020411
65.000000 0.086156 0.998713 0.250022 0.489286 1.198939 0.444341 0.282543 1.020855
65.200000 0.086127 0.998857 0.250052 0.490010 1.199518 0.444482 0.282666 1.021456
65.400000 0.086152 0.998929 0.250200 0.490336 1.200210 0.444270 0.282719 1.021913
65.600000 0.086114 0.999270 0.250217 0.491182 1.201113 0.444294 0.282862 1.022731
65.800000 0.086207 0.999017 0.250202 0.491593 1.201487 0.444323 0.282959 1.023112
66.000000 0.086165 0.999432 0.250136 0.492248 1.201961 0.444382 0.283107 1.023592
66.200000 0.086178 0.999246 0.250342 0.492842 1.202480 0.444427 0.283081 1.024124
66.400000 0.086138 0.999334 0.250255 0.493333 1.203182 0.444356 0.283324 1.024687
66.600000 0.086098 0.999430 0.250381 0.494012 1.203841 0.444347 0.283420 1.025243
66.800000 0.085779 0.999420 0.250405 0.494350 1.204116 0.444226 0.283220 1.025499
67.000000 0.086201 0.999336 0.250458 0.495070 1.204741 0.444363 0.283811 1.026038
67.200000 0.086129 0.999450 0.250519 0.495598 1.205196 0.444473 0.283797 1.026680
67.400000 0.086160 0.999505 0.250564 0.495961 1.205977 0.444440 0.283874 1.027327
67.600000 0.086144 0.999735 0.250765 0.496539 1.206569 0.444353 0.284032 1.027776
67.800000 0.086164 0.999489 0.250722 0.497120 1.207003 0.444576 0.284137 1.028056
68.000000 0.086145 0.999181 0.250697 0.497441 1.207284 0.444638 0.284213 1.028389
68.200000 0.086157 0.999467 0.250832 0.498172 1.207916 0.444424 0.284373 1.028981
68.400000 0.086131 0.999498 0.250778 0.498680 1.208277 0.444486 0.284405 1.029244
68.600000 0.086117 0.999484 0.251003 0.499345 1.208916 0.444555 0.284424 1.029806
68.800000 0.086130 0.999706 0.250899 0.499757 1.209455 0.444581 0.284699 1.030250
69.000000 0.086159 0.999507 0.251006 0.500364 1.209891 0.444533 0.284808 1.030422
69.200000 0.086147 0.999721 0.250900 0.500829 1.210335 0.444522 0.284967 1.030901
69.400000 0.086154 0.999454 0.251133 0.501246 1.210672 0.444772 0.284973 1.030985
69.600000 0.086204 0.999636 0.250980 0.501927 1.211156 0.444688 0.285148 1.031504
69.800000 0.086153 0.999572 0.251048 0.502416 1.211345 0.444636 0.285202 1.031804
70.000000 0.086138 0.999752 0.251060 0.502811 1.211970 0.444771 0.285239 1.032241
70.200000 0.086090 0.999553 0.251085 0.503295 1.212393 0.444789 0.285341 1.032692
70.400000 0.086148 0.999522 0.251234 0.503410 1.212646 0.444643 0.285555 1.033008
70.600000 0.086082 0.999563 0.251257 0.504186 1.212802 0.444788 0.285707 1.033031
70.800000 0.086126 0.999710 0.251272 0.504714 1.213412 0.444734 0.285753 1.033355
71.000000 0.086094 0.999497 0.251172 0.505313 1.213470 0.444710 0.285891 1.033807
71.200000 0.086095 0.999373 0.251362 0.505789 1.214126 0.444767 0.285834 1.033945
71.400000 0.086090 0.999321 0.251433 0.506277 1.214442 0.444830 0.286123 1.034179
71.600000 0.086207 0.999476 0.251510 0.506469 1.214804 0.444716 0.286195 1.034641
71.800000 0.086207 0.999456 0.251609 0.506937 1.214966 0.444614 0.286320 1.034606
72.000000 0.085920 0.999332 0.251472 0.507569 1.215075 0.444822 0.286473 1.035031
72.200000 0.086041 0.999708 0.251490 0.508042 1.215591 0.444815 0.286506 1.035150
72.400000 0.086020 0.999549 0.251505 0.508358 1.215963 0.444766 0.286437 1.035432
72.600000 0.086049 0.999150 0.251524 0.508694 1.216161 0.444843 0.286616 1.035710
72.800000 0.086098 0.999287 0.251497 0.509289 1.216471 0.444756 0.286824 1.035874
73.000000 0.085983 0.999281 0.251585 0.509614 1.216792 0.444651 0.286776 1.036060
73.200000 0.086021 0.999277 0.251569 0.510190 1.217105 0.444720 0.286928 1.036253
73.400000 0.086011 0.999043 0.251587 0.510504 1.217308 0.444836 0.286966 1.036078
73.600000 0.086016 0.999280 0.251640 0.511012 1.217573 0.444785 0.287124 1.036913
73.800000 0.085993 0.999029 0.251620 0.511406 1.217671 0.444776 0.287257 1.036923
74.000000 0.086046 0.999134 0.251737 0.511857 1.218043 0.444734 0.287257 1.037133
74.200000 0.085996 0.999091 0.251732 0.512161 1.218159 0.444943 0.287215 1.037378
74.400000 0.085942 0.999133 0.251752 0.512632 1.218472 0.444828 0.287593 1.037477
74.600000 0.086024 0.998974 0.251749 0.513177 1.218658 0.444889 0.287597 1.037616
74.800000 0.085997 0.998711 0.251657 0.513758 1.218670 0.444827 0.287544 1.037852
75.000000 0.086049 0.998985 0.251858 0.513936 1.219229 0.444877 0.287900 1.037908
75.200000 0.086010 0.998975 0.251871 0.514444 1.219541 0.444869 0.287914 1.038313
75.400000 0.086008 0.998954 0.252004 0.514932 1.219717 0.444786 0.288085 1.038399
75.600000 0.086011 0.998874 0.251897 0.515562 1.219959 0.445051 0.288164 1.038813
75.800000 0.085992 0.999093 0.252040 0.515776 1.220198 0.444816 0.288232 1.038611
76.000000 0.086210 0.998928 0.252039 0.516276 1.220566 0.445013 0.288187 1.039059
76.200000 0.086034 0.998947 0.251991 0.516807 1.220678 0.445011 0.288486 1.039249
76.400000 0.086059 0.999104 0.252212 0.517067 1.220880 0.445072 0.288690 1.039425
76.600000 0.086045 0.998845 0.252019 0.517308 1.221054 0.445001 0.288692 1.039233
76.800000 0.086023 0.998877 0.251976 0.517820 1.221320 0.444954 0.288584 1.039443
77.000000 0.086044 0.998848 0.252098 0.518316 1.221883 0.445131 0.288996 1.039801
77.200000 0.086196 0.998983 0.252174 0.518781 1.221884 0.445222 0.288944 1.039976
77.400000 0.085919 0.999127 0.252346 0.519030 1.221905 0.445220 0.289012 1.039801
77.600000 0.086043 0.998969 0.252198 0.519457 1.222171 0.445235 0.289290 1.040117
77.800000 0.086002 0.999118 0.252140 0.519757 1.222364 0.445394 0.289240 1.040237
78.000000 0.085930 0.998972 0.252286 0.520203 1.222432 0.445225 0.289213 1.040496
78.200000 0.086011 0.998855 0.252149 0.520766 1.222546 0.445364 0.289401 1.040540
78.400000 0.086047 0.998913 0.252273 0.520819 1.222826 0.445151 0.289317 1.040796
78.600000 0.085993 0.998871 0.252279 0.521118 1.222877 0.445012 0.289564 1.040537
78.800000 0.085914 0.998992 0.252278 0.521423 1.222924 0.445172 0.289496 1.040675
79.000000 0.086002 0.998868 0.252228 0.522097 1.223269 0.445164 0.289727 1.040896
79.200000 0.086002 0.998997 0.252330 0.522312 1.223061 0.445140 0.289739 1.040864
79.400000 0.086030 0.998851 0.252529 0.522721 1.223248 0.445206 0.289649 1.041054
79.600000 0.086037 0.998736 0.252508 0.523182 1.223462 0.445238 0.289860 1.041086
79.800000 0.086012 0.998920 0.252350 0.523261 1.223491 0.445094 0.289997 1.040996
80.000000 0.086017 0.998654 0.252308 0.523670 1.223462 0.445072 0.290006 1.041030
80.200000 0.086082 0.998974 0.252703 0.524431 1.223957 0.445333 0.290375 1.041377
80.400000 0.086069 0.998979 0.252729 0.524800 1.224155 0.445327 0.290678 1.041675
80.600000 0.085948 0.998785 0.252705 0.525165 1.224179 0.445519 0.290570 1.041602
80.800000 0.086060 0.998838 0.252597 0.525449 1.224296 0.445514 0.290617 1.041568
81.000000 0.086097 0.998815 0.252801 0.525749 1.224241 0.445523 0.290716 1.041711
81.200000 0.086114 0.998740 0.252594 0.525935 1.224438 0.445529 0.290826 1.041832
81.400000 0.086101 0.998809 0.252737 0.526415 1.224516 0.445290 0.290901 1.041779
81.600000 0.086080 0.998954 0.252825 0.526695 1.224897 0.445544 0.290834 1.041871
81.800000 0.086068 0.998750 0.252853 0.527050 1.224702 0.445461 0.291035 1.041945
82.000000 0.086073 0.998839 0.252987 0.527276 1.225125 0.445458 0.291140 1.041922
82.200000 0.086101 0.998975 0.252941 0.527697 1.225269 0.445665 0.291262 1.042298
82.400000 0.086063 0.998696 0.252985 0.527880 1.225250 0.445501 0.291198 1.042073
82.600000 0.086074 0.998786 0.252888 0.528517 1.225211 0.445525 0.291322 1.042398
82.800000 0.086206 0.998660 0.252948 0.528646 1.225332 0.445617 0.291531 1.042386
83.000000 0.086059 0.998721 0.252935 0.528920 1.225308 0.445603 0.291497 1.042355
83.200000 0.085917 0.998711 0.253058 0.528995 1.225451 0.445756 0.291706 1.042619
83.400000 0.086207 0.998751 0.252898 0.529734 1.225432 0.445617 0.291756 1.042693
83.600000 0.086072 0.998761 0.253076 0.529918 1.225544 0.445654 0.291711 1.042709
83.800000 0.086109 0.998731 0.253044 0.530124 1.225611 0.445602 0.291856 1.042529
84.000000 0.086190 0.998907 0.253013 0.530453 1.225785 0.445666 0.291947 1.042679
84.200000 0.086095 0.998808 0.253099 0.530813 1.225864 0.445490 0.291932 1.042550
84.400000 0.085987 0.998786 0.253044 0.531000 1.225791 0.445563 0.292099 1.042739
84.600000 0.085909 0.998767 0.252855 0.531392 1.226158 0.445645 0.292140 1.042925
84.800000 0.086020 0.998754 0.253087 0.531919 1.226069 0.445566 0.292154 1.043088
85.000000 0.086192 0.998736 0.253177 0.532020 1.226284 0.445713 0.292413 1.042963
85.200000 0.085914 0.998831 0.253312 0.532250 1.225899 0.445744 0.292492 1.042944
85.400000 0.086019 0.998905 0.253266 0.532567 1.226047 0.445615 0.292387 1.043031
85.600000 0.086096 0.998992 0.253222 0.532911 1.226446 0.445606 0.292643 1.043226
85.800000 0.086086 0.998815 0.253340 0.533204 1.226161 0.445634 0.292551 1.042992
86.000000 0.086114 0.998649 0.253154 0.533309 1.226172 0.445632 0.292780 1.043047
86.200000 0.086106 0.998578 0.253223 0.533639 1.226290 0.445611 0.292837 1.043128
86.400000 0.086170 0.998818 0.253341 0.533988 1.226229 0.445806 0.292915 1.043191
86.600000 0.086011 0.998830 0.253577 0.534114 1.226433 0.445730 0.293088 1.043188
86.800000 0.086076 0.998401 0.253303 0.534601 1.226588 0.445852 0.293095 1.043460
87.000000 0.086090 0.998664 0.253323 0.534972 1.226424 0.445838 0.293240 1.043322
87.200000 0.086105 0.998786 0.253401 0.535278 1.226565 0.445978 0.293317 1.043295
87.400000 0.086087 0.998632 0.253556 0.535581 1.226609 0.445843 0.293352 1.043508
87.600000 0.085917 0.998711 0.253309 0.535825 1.226374 0.445824 0.293396 1.043247
87.800000 0.086081 0.998693 0.253510 0.536062 1.226574 0.445804 0.293530 1.043503
88.000000 0.086212 0.998812 0.253362 0.536350 1.226893 0.446010 0.293439 1.043432
88.200000 0.085911 0.998554 0.253573 0.536591 1.226820 0.445746 0.293644 1.043441
88.400000 0.086070 0.998697 0.253569 0.536946 1.226969 0.445907 0.293610 1.043847
88.600000 0.085911 0.998627 0.253491 0.537017 1.226900 0.445754 0.293800 1.043797
88.800000 0.086209 0.998696 0.253729 0.537321 1.227037 0.445976 0.293900 1.043627
89.000000 0.086098 0.998812 0.253479 0.537846 1.227018 0.446016 0.293931 1.043853
89.200000 0.085939 0.998504 0.253679 0.537950 1.226933 0.445896 0.293953 1.043839
89.400000 0.085912 0.998399 0.253648 0.538238 1.226754 0.445889 0.294113 1.043800
89.600000 0.086050 0.998486 0.253719 0.538445 1.227015 0.445947 0.293950 1.043849
89.800000 0.086035 0.998538 0.253658 0.538667 1.226713 0.446106 0.294167 1.043726
90.000000 0.085978 0.998664 0.253784 0.538981 1.226960 0.445946 0.294215 1.043633
