0.200000 0.053630 0.450396 0.202522 0.243164 0.478116 0.412958 0.231538 0.408573
0.400000 0.053611 0.449666 0.202246 0.242959 0.476316 0.413114 0.231407 0.407212
0.600000 0.053596 0.449208 0.202453 0.242701 0.475168 0.412979 0.231313 0.406314
0.800000 0.053580 0.448605 0.202251 0.242578 0.474039 0.412903 0.231180 0.405501
1.000000 0.053430 0.447858 0.202251 0.242436 0.473079 0.412840 0.231117 0.404682
1.200000 0.053399 0.447176 0.201994 0.241947 0.471661 0.412525 0.230799 0.403444
1.400000 0.053336 0.446687 0.201973 0.241635 0.470164 0.412670 0.230593 0.402756
1.600000 0.053561 0.446432 0.202083 0.241767 0.469530 0.412722 0.230822 0.402052
1.800000 0.053549 0.445898 0.201991 0.241544 0.468456 0.412492 0.230702 0.401095
2.000000 0.053417 0.445477 0.201929 0.241408 0.467408 0.412735 0.230648 0.400535
2.200000 0.053414 0.444984 0.202088 0.241317 0.466578 0.412675 0.230508 0.399757
2.400000 0.053532 0.444783 0.202141 0.241092 0.465527 0.412662 0.230525 0.398971
2.600000 0.053517 0.444303 0.201886 0.240962 0.464596 0.412701 0.230260 0.398108
2.800000 0.053546 0.443794 0.202148 0.240837 0.463671 0.412680 0.230468 0.397489
3.000000 0.053483 0.443363 0.201956 0.240520 0.462760 0.412463 0.230373 0.396678
3.200000 0.053499 0.442854 0.202016 0.240587 0.461624 0.412684 0.230327 0.396031
3.400000 0.053503 0.442393 0.201972 0.240369 0.460717 0.412580 0.230225 0.395078
3.600000 0.053493 0.442092 0.201935 0.240148 0.459833 0.412507 0.230138 0.394470
3.800000 0.053443 0.441706 0.201980 0.239831 0.458875 0.412527 0.230194 0.393763
4.000000 0.053487 0.441276 0.202023 0.239747 0.457949 0.412506 0.230048 0.393023
4.200000 0.053461 0.440846 0.201731 0.239854 0.456902 0.412355 0.229934 0.392407
4.400000 0.053499 0.440447 0.201744 0.239527 0.456036 0.412432 0.229825 0.391541
4.600000 0.053453 0.439944 0.201894 0.239536 0.455145 0.412356 0.229839 0.390779
4.800000 0.053464 0.439623 0.201840 0.239214 0.454240 0.412363 0.229510 0.390160
5.000000 0.053507 0.439283 0.201772 0.238996 0.453202 0.412431 0.229605 0.389410
5.200000 0.053434 0.438823 0.201622 0.238835 0.452254 0.412258 0.229411 0.388704
5.400000 0.053495 0.438435 0.201695 0.238817 0.451432 0.412361 0.229380 0.388064
5.600000 0.053450 0.437984 0.201588 0.238497 0.450382 0.412148 0.229231 0.387333
5.800000 0.053449 0.437651 0.201578 0.238375 0.449472 0.412210 0.229301 0.386750
6.000000 0.053423 0.437264 0.201460 0.238265 0.448666 0.412289 0.229163 0.385955
6.200000 0.053439 0.436739 0.201420 0.238083 0.447730 0.411971 0.229155 0.385383
6.400000 0.053281 0.436507 0.201287 0.237982 0.446888 0.412170 0.228972 0.384458
6.600000 0.053265 0.436015 0.201465 0.237799 0.445843 0.411863 0.228945 0.383797
6.800000 0.053536 0.435588 0.201533 0.237645 0.444931 0.411997 0.228935 0.383020
7.000000 0.053364 0.435185 0.201462 0.237523 0.444099 0.412064 0.228801 0.382482
7.200000 0.053386 0.434819 0.201269 0.237166 0.443264 0.412039 0.228692 0.381668
7.400000 0.053291 0.434567 0.201417 0.237153 0.442302 0.411934 0.228666 0.381107
7.600000 0.053388 0.434179 0.201251 0.236846 0.441498 0.411968 0.228573 0.380259
7.800000 0.053331 0.433731 0.201325 0.236847 0.440751 0.411893 0.228557 0.379791
8.000000 0.053381 0.433395 0.201328 0.236681 0.439774 0.411754 0.228419 0.379169
8.200000 0.053381 0.432944 0.201265 0.236571 0.438584 0.411906 0.228332 0.378513
8.400000 0.053359 0.432674 0.201125 0.236508 0.438218 0.411856 0.228321 0.377839
8.600000 0.053353 0.432228 0.201188 0.236163 0.437426 0.411710 0.228125 0.377298
8.800000 0.053357 0.432021 0.201212 0.236068 0.436563 0.411694 0.228270 0.376611
9.000000 0.053310 0.431649 0.201268 0.236005 0.435914 0.411730 0.228118 0.375999
9.200000 0.053362 0.431219 0.201253 0.235888 0.435128 0.411810 0.227972 0.375409
9.400000 0.053326 0.430822 0.201068 0.235807 0.434377 0.411778 0.227975 0.375033
9.600000 0.053332 0.430864 0.201393 0.235647 0.433562 0.411785 0.227898 0.374321
9.800000 0.053324 0.430169 0.201142 0.235547 0.432726 0.411758 0.227530 0.373760
10.000000 0.053344 0.430095 0.201041 0.235513 0.431833 0.411722 0.227795 0.373104
10.200000 0.053339 0.429850 0.201203 0.235345 0.431256 0.411744 0.227765 0.372576
10.400000 0.053343 0.429477 0.201173 0.235141 0.430443 0.411640 0.227553 0.371878
10.600000 0.053316 0.429202 0.201029 0.234862 0.429555 0.411597 0.227608 0.371508
10.800000 0.053349 0.428665 0.200986 0.234709 0.428715 0.411491 0.227391 0.370726
11.000000 0.053126 0.428457 0.201209 0.234793 0.427925 0.411527 0.227305 0.370119
11.200000 0.053307 0.427998 0.200841 0.234478 0.427122 0.411458 0.227240 0.369417
11.400000 0.053280 0.427558 0.200843 0.234437 0.426527 0.411441 0.227340 0.369092
11.600000 0.053311 0.427516 0.200939 0.234360 0.425848 0.411517 0.227109 0.368483
11.800000 0.053265 0.426952 0.200953 0.234119 0.424864 0.411279 0.227006 0.368015
12.000000 0.053282 0.426644 0.200892 0.233951 0.424397 0.411520 0.226857 0.367336
12.200000 0.053278 0.426416 0.200866 0.234033 0.423692 0.411361 0.227013 0.366782
12.400000 0.053388 0.426272 0.200933 0.233861 0.423033 0.411279 0.226975 0.366275
12.600000 0.053138 0.425996 0.200879 0.233684 0.422137 0.411276 0.226849 0.365693
12.800000 0.053297 0.425591 0.200833 0.233547 0.421586 0.411357 0.226724 0.365284
13.000000 0.053108 0.425366 0.200716 0.233600 0.420860 0.411304 0.226620 0.364828
13.200000 0.053404 0.425028 0.200942 0.233392 0.420373 0.411364 0.226713 0.364057
13.400000 0.053247 0.424668 0.200906 0.233160 0.419759 0.411234 0.226603 0.363703
13.600000 0.053245 0.424576 0.200914 0.233232 0.419026 0.411355 0.226639 0.363160
13.800000 0.053392 0.424224 0.200812 0.233189 0.418544 0.411333 0.226445 0.362707
14.000000 0.053173 0.424153 0.200814 0.233081 0.417679 0.411243 0.226535 0.362321
14.200000 0.053238 0.423786 0.200926 0.232882 0.417191 0.411238 0.226455 0.361925
14.400000 0.053402 0.423310 0.200913 0.232917 0.416603 0.411300 0.226473 0.361369
14.600000 0.053106 0.423414 0.200915 0.232802 0.415884 0.411310 0.226377 0.360950
14.800000 0.053247 0.423049 0.200822 0.232769 0.415231 0.411232 0.226394 0.360429
15.000000 0.053195 0.422781 0.200852 0.232515 0.414653 0.411106 0.226235 0.360020
15.200000 0.053187 0.422413 0.200791 0.232248 0.414118 0.410960 0.226053 0.359479
15.400000 0.053197 0.422306 0.200680 0.232255 0.413407 0.411207 0.226158 0.359094
15.600000 0.053242 0.421944 0.200559 0.232331 0.412902 0.410938 0.226077 0.358639
15.800000 0.052934 0.421722 0.200726 0.232041 0.412253 0.411195 0.226007 0.358243
16.000000 0.053338 0.421538 0.200747 0.232033 0.411603 0.411115 0.225931 0.357720
16.200000 0.053196 0.421341 0.200804 0.231816 0.410948 0.411039 0.226024 0.357287
16.400000 0.053216 0.420944 0.200700 0.231829 0.410485 0.410965 0.225948 0.356817
16.600000 0.053211 0.420831 0.200803 0.231649 0.409743 0.411066 0.225858 0.356419
16.800000 0.053191 0.420548 0.200729 0.231712 0.409267 0.410942 0.225661 0.356048
17.000000 0.052988 0.420249 0.200756 0.231708 0.408932 0.411080 0.225722 0.355451
17.200000 0.053211 0.419993 0.200771 0.231619 0.408058 0.411049 0.225586 0.355216
17.400000 0.053188 0.419769 0.200836 0.231251 0.407584 0.410950 0.225608 0.354422
17.600000 0.053203 0.419517 0.200739 0.231268 0.407031 0.411134 0.225565 0.354433
17.800000 0.053058 0.419411 0.200675 0.231172 0.406153 0.411035 0.225481 0.353764
18.000000 0.053241 0.419024 0.200514 0.231060 0.405910 0.410994 0.225453 0.353259
18.200000 0.053192 0.418868 0.200607 0.230935 0.405297 0.410921 0.225236 0.352886
18.400000 0.053173 0.418584 0.200653 0.230852 0.404698 0.410852 0.225281 0.352411
18.600000 0.053102 0.418366 0.200483 0.230644 0.404036 0.410699 0.225024 0.351949
18.800000 0.053211 0.418091 0.200502 0.230537 0.403592 0.410796 0.225205 0.351616
19.000000 0.053008 0.417938 0.200506 0.230503 0.402900 0.410838 0.225124 0.351078
19.200000 0.053145 0.417643 0.200600 0.230384 0.402331 0.410825 0.225040 0.350494
19.400000 0.053131 0.417333 0.200542 0.230128 0.401889 0.410746 0.224798 0.350229
19.600000 0.053130 0.417029 0.200477 0.230187 0.401210 0.410758 0.224889 0.349838
19.800000 0.053135 0.416886 0.200349 0.230136 0.400841 0.410627 0.224831 0.349327
20.000000 0.053154 0.416855 0.200468 0.230049 0.400192 0.410492 0.224572 0.349019
20.200000 0.053149 0.416695 0.200383 0.229818 0.399686 0.410680 0.224710 0.348646
20.400000 0.053152 0.416310 0.200383 0.229862 0.399112 0.410699 0.224738 0.348121
20.600000 0.053127 0.416099 0.200352 0.229673 0.398645 0.410699 0.224684 0.347859
20.800000 0.053136 0.416004 0.200589 0.229590 0.398102 0.410531 0.224608 0.347487
21.000000 0.053129 0.415775 0.200539 0.229611 0.397565 0.410588 0.224700 0.347059
21.200000 0.053132 0.415359 0.200277 0.229490 0.396923 0.410569 0.224409 0.346775
21.400000 0.052999 0.415105 0.200453 0.229314 0.396273 0.410348 0.224345 0.346136
21.600000 0.052965 0.414967 0.200209 0.229225 0.395843 0.410337 0.224384 0.345827
21.800000 0.052807 0.414603 0.200239 0.229052 0.395405 0.410371 0.224167 0.345448
22.000000 0.053064 0.414538 0.200234 0.229052 0.394834 0.410249 0.224016 0.345041
22.200000 0.052959 0.414165 0.200444 0.228730 0.394350 0.410379 0.224143 0.344752
22.400000 0.053251 0.414039 0.200201 0.228753 0.393961 0.410340 0.223715 0.344210
22.600000 0.053048 0.413765 0.200056 0.228661 0.393322 0.410032 0.223714 0.343632
22.800000 0.053090 0.413576 0.200126 0.228558 0.392630 0.410285 0.223727 0.343183
23.000000 0.053070 0.413341 0.200112 0.228574 0.392081 0.410093 0.223559 0.342934
23.200000 0.053079 0.413109 0.199949 0.228284 0.391834 0.410092 0.223769 0.342574
23.400000 0.053083 0.412769 0.199953 0.228168 0.391276 0.410085 0.223590 0.342221
23.600000 0.053142 0.412673 0.200027 0.228202 0.390915 0.410119 0.223558 0.341887
23.800000 0.053086 0.412501 0.199900 0.227935 0.390399 0.410108 0.223392 0.341506
24.000000 0.053059 0.412170 0.199960 0.228031 0.390010 0.410099 0.223457 0.341144
24.200000 0.053055 0.412285 0.200116 0.227835 0.389479 0.410072 0.223476 0.340762
24.400000 0.053074 0.411896 0.200146 0.227891 0.388962 0.410183 0.223467 0.340554
24.600000 0.052978 0.411697 0.200173 0.227813 0.388607 0.410007 0.223262 0.340232
24.800000 0.053051 0.411675 0.199971 0.227936 0.388067 0.410088 0.223179 0.339866
25.000000 0.053071 0.411377 0.200131 0.227681 0.387668 0.410152 0.223486 0.339531
25.200000 0.053067 0.411217 0.200072 0.227964 0.387237 0.410096 0.223304 0.339149
25.400000 0.053067 0.410955 0.200140 0.227571 0.386589 0.410112 0.223106 0.338793
25.600000 0.053054 0.410883 0.200111 0.227531 0.386293 0.410075 0.223361 0.338517
25.800000 0.053062 0.410795 0.200165 0.227534 0.385807 0.410153 0.223255 0.338157
26.000000 0.053102 0.410598 0.200173 0.227373 0.385352 0.410113 0.223191 0.337802
26.200000 0.053035 0.410441 0.200104 0.227412 0.384948 0.410119 0.223173 0.337482
26.400000 0.053037 0.410042 0.200108 0.227146 0.384645 0.410081 0.222941 0.337297
26.600000 0.053056 0.410055 0.200148 0.227105 0.384031 0.409936 0.223018 0.336787
26.800000 0.053009 0.409771 0.200019 0.227106 0.383574 0.409875 0.222928 0.336299
27.000000 0.053049 0.409428 0.199981 0.227094 0.383168 0.409874 0.222839 0.336124
27.200000 0.053030 0.409399 0.199932 0.226845 0.382719 0.409901 0.222800 0.335958
27.400000 0.053025 0.409167 0.200096 0.226883 0.382365 0.409970 0.222922 0.335443
27.600000 0.053011 0.408971 0.200071 0.226880 0.381913 0.409859 0.222763 0.335141
27.800000 0.052859 0.408899 0.200087 0.226616 0.381460 0.409992 0.222749 0.334809
28.000000 0.052985 0.408695 0.200149 0.226679 0.380949 0.409968 0.222545 0.334281
28.200000 0.053023 0.408555 0.200113 0.226446 0.380657 0.409761 0.222672 0.334299
28.400000 0.053020 0.408244 0.199939 0.226550 0.380192 0.409869 0.222652 0.333732
28.600000 0.052984 0.408027 0.200116 0.226302 0.379741 0.409830 0.222746 0.333531
28.800000 0.053040 0.408228 0.200304 0.226530 0.379229 0.409880 0.222580 0.333127
29.000000 0.052995 0.407888 0.200093 0.226421 0.378765 0.409823 0.222555 0.332992
29.200000 0.053005 0.407865 0.200180 0.226222 0.378608 0.409777 0.222517 0.332695
29.400000 0.053011 0.407565 0.200195 0.226136 0.377988 0.409914 0.222361 0.332428
29.600000 0.053006 0.407525 0.200008 0.226201 0.377687 0.409886 0.222371 0.332120
29.800000 0.052995 0.407367 0.200183 0.226206 0.377256 0.409738 0.222403 0.331735
30.000000 0.052994 0.407015 0.200115 0.225906 0.376967 0.409839 0.222222 0.331454
30.200000 0.052952 0.406857 0.199764 0.226129 0.376523 0.409798 0.222309 0.331226
30.400000 0.053096 0.406551 0.199975 0.225869 0.376099 0.409738 0.222222 0.330913
30.600000 0.052973 0.406538 0.200074 0.225694 0.375558 0.409595 0.222032 0.330403
30.800000 0.053073 0.406345 0.200089 0.225780 0.375286 0.409804 0.222074 0.330263
31.000000 0.053214 0.406311 0.200161 0.225807 0.374784 0.409761 0.222157 0.330021
31.200000 0.053474 0.406071 0.200172 0.225716 0.374339 0.409812 0.222237 0.329704
31.400000 0.053833 0.406020 0.200145 0.225588 0.374240 0.409637 0.222114 0.329397
31.600000 0.054183 0.405805 0.200160 0.225624 0.374047 0.409707 0.222135 0.329279
31.800000 0.054529 0.405716 0.200139 0.225388 0.373809 0.409684 0.221998 0.329126
32.000000 0.055039 0.405655 0.200179 0.225668 0.373908 0.409807 0.222122 0.329219
32.200000 0.055528 0.405651 0.200261 0.225817 0.374217 0.409731 0.222163 0.329390
32.400000 0.056020 0.405597 0.200332 0.225913 0.374512 0.409714 0.222141 0.329773
32.600000 0.056332 0.405747 0.200312 0.225697 0.375180 0.409709 0.222144 0.330071
32.800000 0.056950 0.406113 0.200392 0.225921 0.375881 0.409791 0.222263 0.330702
33.000000 0.057386 0.406399 0.200446 0.225998 0.376899 0.409715 0.222015 0.331324
33.200000 0.057802 0.406702 0.200495 0.226232 0.378171 0.409737 0.221897 0.332117
33.400000 0.058165 0.407438 0.200378 0.226523 0.379535 0.409918 0.222417 0.333339
33.600000 0.058541 0.408455 0.200413 0.226598 0.381035 0.409990 0.222328 0.334479
33.800000 0.058894 0.409346 0.200510 0.227197 0.383051 0.409976 0.222398 0.335985
34.000000 0.059145 0.410640 0.200769 0.227405 0.384954 0.409991 0.222380 0.337285
34.200000 0.059424 0.411982 0.200761 0.227854 0.386884 0.409962 0.222461 0.338798
34.400000 0.059716 0.413947 0.200654 0.228140 0.389368 0.409984 0.222330 0.340667
34.600000 0.059887 0.415781 0.200861 0.228576 0.391741 0.409870 0.222571 0.342497
34.800000 0.060089 0.418212 0.200689 0.229130 0.394303 0.410095 0.222598 0.344482
35.000000 0.060301 0.420495 0.201051 0.229574 0.397139 0.410087 0.222741 0.346470
35.200000 0.060440 0.423195 0.201153 0.230147 0.400077 0.410145 0.222741 0.348571
35.400000 0.060567 0.426008 0.201261 0.230678 0.402800 0.410020 0.222556 0.350784
35.600000 0.060710 0.428720 0.201195 0.231158 0.405436 0.410131 0.222821 0.352966
35.800000 0.060763 0.431686 0.201458 0.231652 0.408579 0.409885 0.223038 0.355212
36.000000 0.060954 0.435129 0.201619 0.232227 0.411477 0.410299 0.222965 0.357418
36.200000 0.060967 0.438337 0.201868 0.232547 0.414407 0.410234 0.223088 0.359939
36.400000 0.061091 0.441874 0.201789 0.233167 0.417367 0.410171 0.223157 0.362318
36.600000 0.061171 0.445304 0.201950 0.233832 0.420672 0.410333 0.223100 0.364800
36.800000 0.061244 0.449005 0.201985 0.234242 0.423867 0.410258 0.223299 0.367315
37.000000 0.061169 0.452904 0.202311 0.235063 0.426952 0.410183 0.223523 0.370011
37.200000 0.061359 0.456814 0.202415 0.235382 0.430350 0.410364 0.223516 0.372615
37.400000 0.061423 0.460895 0.202622 0.236134 0.434026 0.410602 0.223634 0.375750
37.600000 0.061474 0.466964 0.202727 0.236714 0.438610 0.410582 0.223603 0.379038
37.800000 0.061518 0.471124 0.202891 0.237387 0.442046 0.410556 0.223751 0.382073
38.000000 0.061603 0.475460 0.202950 0.237890 0.445500 0.410647 0.223923 0.384800
38.200000 0.061619 0.479621 0.202947 0.238458 0.449048 0.410660 0.223886 0.387620
38.400000 0.061676 0.484113 0.203246 0.239102 0.452551 0.410686 0.223965 0.390339
38.600000 0.061693 0.488549 0.203158 0.239347 0.455942 0.410675 0.224088 0.393232
38.800000 0.061733 0.492743 0.203527 0.240003 0.459328 0.410734 0.224025 0.396239
39.000000 0.061737 0.496994 0.203657 0.240387 0.463206 0.410698 0.224228 0.399071
39.200000 0.061768 0.501568 0.203760 0.240918 0.466722 0.410757 0.224159 0.402003
39.400000 0.061942 0.506090 0.203725 0.241521 0.470388 0.410804 0.224392 0.404969
39.600000 0.061648 0.510423 0.203765 0.241820 0.474054 0.410770 0.224556 0.407984
39.800000 0.061849 0.514929 0.204117 0.242410 0.477699 0.410841 0.224713 0.411015
40.000000 0.061931 0.519165 0.204324 0.242818 0.481163 0.410893 0.224702 0.413947
40.200000 0.061895 0.523395 0.204172 0.243100 0.484906 0.410911 0.224733 0.416915
40.400000 0.061919 0.528036 0.204354 0.243788 0.488784 0.410807 0.224905 0.419929
40.600000 0.061911 0.532355 0.204588 0.244117 0.492297 0.410846 0.224861 0.423164
40.800000 0.061923 0.536701 0.204349 0.244566 0.495941 0.410952 0.224976 0.426248
41.000000 0.062091 0.540814 0.204677 0.245024 0.499732 0.411035 0.225019 0.429261
41.200000 0.061983 0.545257 0.204915 0.245444 0.503547 0.410985 0.225177 0.432583
41.400000 0.061991 0.549364 0.204889 0.245697 0.507354 0.411006 0.225104 0.435546
41.600000 0.061972 0.553583 0.204886 0.246187 0.510922 0.410964 0.225095 0.438549
41.800000 0.062037 0.557509 0.204843 0.246541 0.514519 0.411061 0.225309 0.441601
42.000000 0.062031 0.561375 0.205013 0.246767 0.518244 0.411063 0.225318 0.444755
42.200000 0.062051 0.565251 0.205110 0.247505 0.521859 0.410792 0.225346 0.447797
42.400000 0.062014 0.569260 0.205182 0.247846 0.525559 0.410922 0.225434 0.450603
42.600000 0.062072 0.573037 0.205054 0.248016 0.529267 0.411052 0.225352 0.453644
42.800000 0.062092 0.576521 0.205219 0.248330 0.532736 0.410938 0.225624 0.456702
43.000000 0.062092 0.580363 0.205374 0.248747 0.536441 0.411087 0.225782 0.459788
43.200000 0.062243 0.583885 0.205485 0.249192 0.539920 0.411215 0.225830 0.462672
43.400000 0.062084 0.587559 0.205640 0.249662 0.543550 0.411208 0.225845 0.465956
43.600000 0.062120 0.591093 0.205709 0.249963 0.547074 0.411108 0.226003 0.468885
43.800000 0.062169 0.594589 0.205743 0.250661 0.550719 0.411331 0.226051 0.471957
44.000000 0.062151 0.599322 0.205929 0.251151 0.555800 0.411242 0.226193 0.475938
44.200000 0.062007 0.602632 0.205877 0.251350 0.559311 0.411292 0.226362 0.478895
44.400000 0.062158 0.605833 0.205998 0.251675 0.562605 0.411509 0.226376 0.481955
44.600000 0.062169 0.609094 0.206267 0.252206 0.566117 0.411632 0.226543 0.484744
44.800000 0.062172 0.611764 0.206163 0.252448 0.569377 0.411413 0.226576 0.487397
45.000000 0.062158 0.614892 0.206342 0.252714 0.572849 0.411502 0.226702 0.490357
45.200000 0.062198 0.617741 0.206510 0.253127 0.575944 0.411459 0.226733 0.493147
45.400000 0.062222 0.620701 0.206471 0.253568 0.579357 0.411524 0.226877 0.495926
45.600000 0.061991 0.623284 0.206502 0.253848 0.582483 0.411580 0.226966 0.498583
45.800000 0.062234 0.626156 0.206704 0.254200 0.585705 0.411636 0.227079 0.501137
46.000000 0.062249 0.628764 0.206867 0.254512 0.589066 0.411555 0.227179 0.504027
46.200000 0.062264 0.631266 0.207056 0.254884 0.592144 0.411632 0.227298 0.506629
46.400000 0.062110 0.633927 0.206853 0.255154 0.595362 0.411770 0.227442 0.509254
46.600000 0.062119 0.636272 0.206935 0.255520 0.598198 0.411832 0.227438 0.511877
46.800000 0.062261 0.638622 0.207137 0.255859 0.601438 0.411735 0.227571 0.514233
47.000000 0.062115 0.640759 0.207096 0.256223 0.604557 0.412108 0.227757 0.516836
47.200000 0.062276 0.643242 0.207304 0.256505 0.607463 0.411880 0.227946 0.519496
47.400000 0.062274 0.645471 0.207277 0.256892 0.610389 0.411940 0.227824 0.521703
47.600000 0.062270 0.647805 0.207490 0.257124 0.613703 0.412075 0.227859 0.524270
47.800000 0.062389 0.649756 0.207410 0.257515 0.616380 0.411989 0.228083 0.526884
48.000000 0.062341 0.651970 0.207590 0.257834 0.619496 0.412198 0.228181 0.529258
48.200000 0.062338 0.653988 0.207556 0.258053 0.622089 0.412285 0.228163 0.531505
48.400000 0.062204 0.655845 0.207805 0.258352 0.625077 0.412148 0.228540 0.533957
48.600000 0.062336 0.657931 0.208069 0.258764 0.627825 0.412335 0.228432 0.536094
48.800000 0.062379 0.659632 0.207918 0.259057 0.630484 0.412172 0.228671 0.538470
49.000000 0.062336 0.661381 0.207827 0.259391 0.633121 0.412396 0.228720 0.540596
49.200000 0.062375 0.663143 0.208111 0.259690 0.635867 0.412357 0.228776 0.542877
49.400000 0.062211 0.664654 0.208381 0.259805 0.638729 0.412317 0.228764 0.545135
49.600000 0.062269 0.666515 0.208260 0.260215 0.641241 0.412518 0.228954 0.546976
49.800000 0.062363 0.668117 0.208424 0.260560 0.643851 0.412492 0.229108 0.549262
50.000000 0.062397 0.669816 0.208433 0.260868 0.646219 0.412484 0.229136 0.551391
50.200000 0.062540 0.671262 0.208497 0.261171 0.649300 0.412498 0.229284 0.553670
50.400000 0.062415 0.672945 0.208289 0.261316 0.651757 0.412718 0.229279 0.555778
50.600000 0.062434 0.674591 0.208644 0.261711 0.654188 0.412844 0.229414 0.557835
50.800000 0.062456 0.675819 0.208730 0.261893 0.656704 0.412779 0.229515 0.559619
51.000000 0.062439 0.677279 0.208857 0.262302 0.659040 0.412875 0.229726 0.561717
51.200000 0.062536 0.678741 0.208775 0.262751 0.661362 0.412877 0.229824 0.563690
51.400000 0.062485 0.679951 0.208988 0.263017 0.663880 0.413018 0.229943 0.565522
51.600000 0.062467 0.681417 0.208939 0.263065 0.666182 0.413055 0.230016 0.567258
51.800000 0.062462 0.682658 0.209077 0.263463 0.668597 0.413070 0.230136 0.569283
52.000000 0.062444 0.683741 0.209134 0.263659 0.670773 0.413038 0.230177 0.570697
52.200000 0.062512 0.684954 0.209293 0.264034 0.672875 0.413115 0.230310 0.572664
52.400000 0.062557 0.686271 0.209475 0.264317 0.675288 0.413194 0.230471 0.574543
52.600000 0.062511 0.687316 0.209405 0.264534 0.677195 0.413463 0.230574 0.576403
52.800000 0.062367 0.688442 0.209481 0.264925 0.679559 0.413259 0.230728 0.578082
53.000000 0.062522 0.689511 0.209664 0.265189 0.681603 0.413417 0.230958 0.579657
53.200000 0.062518 0.690515 0.209618 0.265245 0.683501 0.413377 0.231002 0.581223
53.400000 0.062539 0.691649 0.209700 0.265696 0.685757 0.413315 0.230911 0.582895
53.600000 0.062528 0.692473 0.209707 0.265849 0.687820 0.413488 0.230911 0.584343
53.800000 0.062401 0.693479 0.209885 0.266141 0.689571 0.413520 0.231187 0.585974
54.000000 0.062533 0.694443 0.209823 0.266532 0.691869 0.413553 0.231457 0.587513
54.200000 0.062537 0.695326 0.210005 0.266816 0.693780 0.413814 0.231521 0.589245
54.400000 0.062441 0.696211 0.210090 0.267113 0.695381 0.413763 0.231525 0.590537
54.600000 0.062527 0.696885 0.209972 0.267388 0.697573 0.413762 0.231729 0.592162
54.800000 0.062712 0.698080 0.210183 0.267561 0.699192 0.413945 0.231897 0.593416
55.000000 0.062548 0.698575 0.210318 0.267822 0.701239 0.413891 0.231782 0.595051
55.200000 0.062566 0.699444 0.210162 0.267992 0.702939 0.414056 0.231846 0.596444
55.400000 0.062420 0.700263 0.210391 0.268350 0.704599 0.413590 0.232034 0.597469
55.600000 0.062705 0.700839 0.210492 0.268634 0.706356 0.414059 0.232201 0.598921
55.800000 0.062444 0.701738 0.210427 0.268900 0.708295 0.414168 0.232368 0.600363
56.000000 0.062439 0.702322 0.210656 0.269130 0.709807 0.414186 0.232453 0.601517
56.200000 0.062568 0.703088 0.210812 0.269443 0.711541 0.414141 0.232647 0.602956
56.400000 0.062595 0.703803 0.210894 0.269668 0.713602 0.414327 0.232757 0.604522
56.600000 0.062616 0.704625 0.210989 0.269989 0.715147 0.414426 0.232807 0.605595
56.800000 0.062640 0.705166 0.210981 0.270229 0.716691 0.414407 0.232906 0.607132
57.000000 0.062618 0.705831 0.211141 0.270531 0.718234 0.414519 0.233004 0.608177
57.200000 0.062656 0.706437 0.211163 0.270838 0.719778 0.414439 0.233151 0.609195
57.400000 0.062650 0.707174 0.211207 0.271024 0.721409 0.414693 0.233361 0.610653
57.600000 0.062646 0.707682 0.211232 0.271250 0.722777 0.414667 0.233353 0.611372
57.800000 0.062610 0.708230 0.211365 0.271415 0.724221 0.414601 0.233402 0.612631
58.000000 0.062690 0.708722 0.211275 0.271626 0.725442 0.414961 0.233568 0.613985
58.200000 0.062671 0.709297 0.211396 0.271784 0.727020 0.414925 0.233463 0.615009
58.400000 0.062693 0.709714 0.211605 0.272077 0.728529 0.414764 0.233699 0.616134
58.600000 0.062699 0.710073 0.211713 0.272459 0.729917 0.414833 0.233915 0.617032
58.800000 0.062663 0.710898 0.211942 0.272710 0.731335 0.414967 0.234206 0.618221
59.000000 0.062687 0.711147 0.211860 0.272867 0.732602 0.415279 0.234362 0.619395
59.200000 0.062682 0.711963 0.211999 0.273281 0.734163 0.415319 0.273429 0.620139
59.400000 0.062701 0.712389 0.212113 0.273564 0.735169 0.415317 0.234470 0.621169
59.600000 0.062708 0.712803 0.212187 0.273881 0.736508 0.415449 0.234672 0.622382
59.800000 0.062656 0.713312 0.212321 0.274143 0.737888 0.415544 0.234691 0.623189
60.000000 0.062708 0.713825 0.212439 0.274422 0.738964 0.415717 0.235042 0.624359
60.200000 0.062739 0.714324 0.212700 0.274150 0.740055 0.415663 0.235042 0.625170
60.400000 0.062753 0.714769 0.212800 0.274994 0.741801 0.415992 0.235293 0.626307
60.600000 0.062802 0.715210 0.212962 0.275401 0.743020 0.415973 0.235482 0.626931
60.800000 0.062729 0.715605 0.213230 0.275700 0.744209 0.416366 0.235891 0.628307
61.000000 0.062754 0.716145 0.213420 0.276160 0.745654 0.416528 0.236172 0.629198
61.200000 0.062776 0.716797 0.213546 0.276639 0.746861 0.416810 0.236497 0.630315
61.400000 0.062790 0.717305 0.214069 0.276800 0.748025 0.416886 0.236750 0.630959
61.600000 0.062805 0.717691 0.214093 0.277135 0.749487 0.417191 0.237026 0.632266
61.800000 0.062850 0.718191 0.214400 0.277784 0.750616 0.417514 0.237311 0.633173
62.000000 0.062813 0.718684 0.214668 0.278088 0.751438 0.417583 0.237557 0.634121
62.200000 0.062862 0.719286 0.215023 0.278603 0.752979 0.418015 0.237979 0.635148
62.400000 0.062920 0.719740 0.215493 0.279225 0.754337 0.418276 0.238343 0.636140
62.600000 0.062905 0.720726 0.216342 0.280221 0.756112 0.419112 0.239358 0.637570
62.800000 0.062990 0.721378 0.216904 0.281087 0.757654 0.419787 0.239900 0.639072
63.000000 0.063161 0.722647 0.218030 0.282031 0.759045 0.420713 0.241056 0.640711
63.200000 0.063094 0.723552 0.219088 0.283272 0.760881 0.421455 0.242131 0.641941
63.400000 0.063165 0.724163 0.219628 0.283930 0.762264 0.422073 0.242912 0.643092
63.600000 0.063143 0.724375 0.219785 0.284188 0.762988 0.422291 0.243042 0.643470
63.800000 0.063313 0.724902 0.219964 0.284642 0.763885 0.422416 0.243108 0.644467
64.000000 0.063166 0.725058 0.220191 0.285195 0.765037 0.422767 0.243564 0.645149
64.200000 0.063041 0.725336 0.220190 0.285270 0.765903 0.422781 0.243635 0.645696
64.400000 0.063196 0.725770 0.220500 0.285623 0.766649 0.422905 0.243982 0.646625
64.600000 0.063301 0.726044 0.220966 0.286234 0.767699 0.423160 0.244330 0.647318
64.800000 0.063190 0.726385 0.221150 0.286301 0.768699 0.423430 0.244511 0.647966
65.000000 0.063202 0.726596 0.221051 0.286542 0.769343 0.423415 0.244299 0.648437
65.200000 0.063133 0.726329 0.220881 0.286310 0.769750 0.423201 0.244315 0.648763
65.400000 0.063161 0.726276 0.220395 0.286023 0.770097 0.422759 0.243837 0.648821
65.600000 0.063142 0.726656 0.220587 0.286555 0.771004 0.422858 0.244171 0.649678
65.800000 0.063033 0.726931 0.220826 0.286706 0.771884 0.423077 0.244358 0.650354
66.000000 0.063171 0.727206 0.220802 0.286984 0.772598 0.423114 0.244432 0.650714
66.200000 0.063310 0.726666 0.220270 0.286282 0.772949 0.422244 0.243815 0.650774
66.400000 0.063027 0.726709 0.219981 0.286337 0.773229 0.422312 0.243630 0.651171
66.600000 0.063105 0.727048 0.219835 0.286311 0.773873 0.422282 0.243822 0.651584
66.800000 0.063130 0.727125 0.220090 0.286666 0.774815 0.422401 0.243796 0.652240
67.000000 0.063279 0.727342 0.219941 0.286608 0.775364 0.422139 0.243665 0.652447
67.200000 0.063099 0.727058 0.218849 0.285086 0.774536 0.420532 0.241919 0.651417
67.400000 0.062999 0.726137 0.218160 0.285039 0.775108 0.420527 0.241926 0.651928
67.600000 0.063040 0.726707 0.218483 0.285573 0.776230 0.420687 0.242460 0.652912
67.800000 0.063092 0.727684 0.219182 0.286627 0.777525 0.421668 0.243111 0.654113
68.000000 0.063128 0.728033 0.220011 0.287089 0.778796 0.422121 0.243598 0.654805
68.200000 0.062997 0.728583 0.220129 0.287498 0.779290 0.422232 0.244072 0.655518
68.400000 0.063145 0.728494 0.220047 0.287610 0.779997 0.422103 0.243846 0.656023
68.600000 0.063173 0.729331 0.220667 0.288613 0.820265 0.422970 0.244746 0.657489
68.800000 0.063239 0.730085 0.221541 0.289454 0.782673 0.423672 0.245811 0.658408
69.000000 0.063097 0.730312 0.221766 0.289889 0.783478 0.424032 0.246022 0.658969
69.200000 0.063200 0.730547 0.221859 0.289957 0.783917 0.423781 0.245952 0.659307
69.400000 0.063212 0.730141 0.221285 0.289526 0.783940 0.423423 0.245526 0.659331
69.600000 0.063245 0.730485 0.221524 0.289820 0.784878 0.423721 0.245888 0.659914
69.800000 0.063273 0.730797 0.222003 0.290509 0.785548 0.424054 0.246372 0.660595
70.000000 0.063255 0.730745 0.221537 0.290179 0.785599 0.423678 0.245721 0.660428
70.200000 0.063227 0.731046 0.221857 0.290443 0.786489 0.423824 0.246244 0.661177
70.400000 0.063290 0.731600 0.222333 0.291064 0.787449 0.424205 0.246787 0.662008
70.600000 0.063300 0.731907 0.222479 0.291484 0.788212 0.424410 0.246910 0.662648
70.800000 0.063318 0.732512 0.223344 0.292205 0.788711 0.424953 0.247459 0.663253
71.000000 0.063285 0.731813 0.222402 0.291642 0.789127 0.424352 0.246942 0.663262
71.200000 0.063119 0.732235 0.222354 0.291741 0.789414 0.424231 0.247038 0.663483
71.400000 0.063263 0.731971 0.222437 0.291790 0.789856 0.424067 0.246750 0.663896
71.600000 0.063244 0.731674 0.221617 0.291185 0.789940 0.423717 0.246262 0.663712
71.800000 0.063196 0.731902 0.221828 0.291425 0.790451 0.423620 0.246378 0.625088
72.000000 0.063252 0.732268 0.222005 0.292010 0.791028 0.423870 0.246646 0.664563
72.200000 0.063255 0.732467 0.222457 0.292165 0.791978 0.424089 0.247166 0.665303
72.400000 0.063196 0.733371 0.223119 0.293360 0.793168 0.425240 0.248035 0.666481
72.600000 0.063332 0.733817 0.223819 0.293888 0.794000 0.425664 0.248469 0.667257
72.800000 0.063338 0.734011 0.223823 0.293989 0.794555 0.425583 0.248702 0.667426
73.000000 0.063241 0.734254 0.223982 0.294299 0.795062 0.425820 0.249015 0.668102
73.200000 0.063453 0.735170 0.225199 0.295590 0.796238 0.426933 0.250159 0.669462
73.400000 0.063549 0.736258 0.226743 0.297301 0.797895 0.428395 0.251703 0.670932
73.600000 0.063605 0.737118 0.227439 0.298229 0.798938 0.429000 0.252349 0.671656
73.800000 0.063553 0.736450 0.226622 0.297545 0.798497 0.428115 0.251284 0.670799
74.000000 0.063436 0.735374 0.225078 0.296051 0.797804 0.426920 0.250104 0.670468
74.200000 0.063422 0.734944 0.224758 0.295529 0.797623 0.426266 0.249500 0.670100
74.400000 0.063419 0.735083 0.224437 0.295439 0.798003 0.426167 0.249372 0.670247
74.600000 0.063385 0.735131 0.224010 0.295576 0.798433 0.425847 0.249372 0.670614
74.800000 0.063353 0.735035 0.224099 0.295271 0.798647 0.425786 0.249221 0.670481
75.000000 0.063375 0.734953 0.224143 0.295512 0.799007 0.425605 0.249173 0.670884
75.200000 0.063344 0.734894 0.223870 0.295416 0.799385 0.425821 0.249118 0.671138
75.400000 0.063313 0.735009 0.223682 0.295361 0.799353 0.425326 0.249018 0.671017
75.600000 0.063269 0.733994 0.222361 0.294051 0.798922 0.424053 0.247498 0.670379
75.800000 0.063312 0.734407 0.222748 0.294359 0.799552 0.424394 0.248047 0.670856
76.000000 0.063251 0.734402 0.222240 0.294353 0.799589 0.424137 0.247730 0.670899
76.200000 0.063202 0.733518 0.221623 0.293883 0.799680 0.423461 0.247029 0.670496
76.400000 0.063239 0.733960 0.221601 0.294154 0.799762 0.423431 0.247052 0.670565
76.600000 0.063242 0.733985 0.221574 0.293909 0.800359 0.423487 0.247071 0.671381
76.800000 0.063219 0.734315 0.221808 0.294416 0.801076 0.423691 0.247598 0.671781
77.000000 0.063252 0.734547 0.221763 0.294351 0.801214 0.423082 0.247144 0.671818
77.200000 0.063230 0.734255 0.221585 0.294457 0.801550 0.423601 0.247249 0.672244
77.400000 0.063243 0.734245 0.221682 0.294503 0.802022 0.423322 0.247013 0.672550
77.600000 0.063248 0.734902 0.222162 0.295248 0.802721 0.423926 0.247853 0.673115
77.800000 0.063193 0.735093 0.222105 0.295252 0.802894 0.423909 0.247799 0.673305
78.000000 0.063278 0.734947 0.222065 0.295319 0.803330 0.424016 0.247677 0.673621
78.200000 0.063233 0.734971 0.222166 0.295494 0.803759 0.424041 0.247929 0.673767
78.400000 0.063261 0.735254 0.222101 0.295537 0.804073 0.423903 0.247937 0.674113
78.600000 0.063277 0.735235 0.222119 0.295849 0.804412 0.423961 0.247976 0.674468
78.800000 0.063283 0.735562 0.222142 0.295748 0.804862 0.424057 0.248073 0.674558
79.000000 0.063274 0.735578 0.221967 0.295723 0.804963 0.423904 0.247874 0.674800
79.200000 0.063283 0.735615 0.221906 0.295797 0.805218 0.423936 0.247979 0.675088
79.400000 0.063424 0.735622 0.221931 0.295970 0.805661 0.423971 0.247948 0.675130
79.600000 0.063279 0.735580 0.221947 0.296150 0.805681 0.423754 0.247839 0.675318
79.800000 0.063211 0.735458 0.221689 0.295936 0.805968 0.423645 0.247675 0.675259
80.000000 0.063235 0.735257 0.221311 0.295732 0.805844 0.423415 0.247369 0.675233
80.200000 0.063232 0.735135 0.221247 0.295771 0.806173 0.423153 0.247350 0.675617
80.400000 0.063221 0.735250 0.221115 0.295784 0.806361 0.423136 0.247454 0.675582
80.600000 0.063124 0.733956 0.219367 0.294281 0.805498 0.421457 0.245700 0.674559
80.800000 0.063121 0.734441 0.219710 0.294783 0.805973 0.421981 0.246080 0.675098
81.000000 0.063169 0.734630 0.219868 0.294672 0.806347 0.421916 0.246168 0.675210
81.200000 0.063160 0.734670 0.220009 0.295347 0.806739 0.422314 0.246505 0.675660
81.400000 0.063148 0.734884 0.220198 0.295521 0.807290 0.422663 0.246875 0.676217
81.600000 0.063194 0.735180 0.220501 0.295923 0.807868 0.422812 0.247043 0.676625
81.800000 0.063245 0.735729 0.220696 0.296277 0.808230 0.423055 0.247412 0.677128
82.000000 0.063246 0.736033 0.221224 0.296691 0.808974 0.423452 0.247929 0.677628
82.200000 0.063446 0.737447 0.222951 0.298404 0.810424 0.425066 0.249509 0.679231
82.400000 0.063355 0.737551 0.223378 0.298957 0.810918 0.425398 0.249974 0.679606
82.600000 0.063402 0.737687 0.223466 0.299218 0.811073 0.425509 0.250086 0.679737
82.800000 0.063407 0.737731 0.223554 0.299525 0.811331 0.425652 0.250110 0.680078
83.000000 0.063382 0.737878 0.223669 0.299454 0.811753 0.425723 0.250353 0.680012
83.200000 0.063394 0.737819 0.223835 0.299722 0.811956 0.425848 0.250689 0.680460
83.400000 0.063344 0.737662 0.223384 0.299475 0.811710 0.425324 0.250003 0.680049
83.600000 0.063276 0.736814 0.222347 0.298506 0.811083 0.424311 0.249007 0.679470
83.800000 0.063260 0.736452 0.221815 0.298020 0.810875 0.423948 0.248503 0.678928
84.000000 0.063223 0.736417 0.221800 0.298088 0.810911 0.423864 0.248516 0.679182
84.200000 0.063239 0.736243 0.221548 0.297880 0.810878 0.423340 0.248185 0.678989
84.400000 0.063239 0.736380 0.221268 0.298137 0.811265 0.423680 0.248348 0.679239
84.600000 0.063402 0.736679 0.221785 0.298479 0.811876 0.423965 0.248628 0.679718
84.800000 0.063224 0.736368 0.221633 0.298456 0.811569 0.423469 0.248306 0.679561
85.000000 0.063176 0.735523 0.220076 0.296986 0.810837 0.422592 0.247239 0.678573
85.200000 0.063197 0.735890 0.220773 0.297772 0.811522 0.422995 0.247825 0.679365
85.400000 0.063317 0.736013 0.220791 0.297787 0.811728 0.423020 0.247836 0.679355
85.600000 0.063192 0.735967 0.220785 0.297878 0.811793 0.423109 0.247860 0.679658
85.800000 0.063189 0.735948 0.220712 0.297862 0.811817 0.422889 0.247471 0.679408
86.000000 0.063034 0.735812 0.220263 0.297768 0.812051 0.422784 0.247589 0.679556
86.200000 0.063047 0.735883 0.220541 0.297961 0.812022 0.422859 0.247754 0.679826
86.400000 0.063192 0.736134 0.220794 0.298278 0.812677 0.422998 0.247852 0.679997
86.600000 0.063212 0.736454 0.220988 0.298622 0.813006 0.423238 0.248287 0.680505
86.800000 0.063180 0.736675 0.221204 0.298812 0.813351 0.423377 0.248382 0.680561
87.000000 0.063220 0.736270 0.220365 0.298331 0.813113 0.422891 0.248053 0.680237
87.200000 0.063192 0.736436 0.220714 0.298489 0.813405 0.423033 0.248058 0.680598
87.400000 0.063225 0.736483 0.220687 0.298842 0.813651 0.423083 0.248164 0.680990
87.600000 0.063191 0.736469 0.220721 0.298823 0.813810 0.423167 0.248375 0.680857
87.800000 0.063221 0.736395 0.220796 0.299068 0.813930 0.423138 0.248256 0.681088
88.000000 0.063193 0.736777 0.220958 0.299094 0.814216 0.423237 0.248279 0.681203
88.200000 0.063213 0.736652 0.220723 0.299195 0.814324 0.423214 0.248364 0.681260
88.400000 0.063321 0.736814 0.220978 0.299599 0.814670 0.423279 0.248606 0.681618
88.600000 0.063211 0.736713 0.221075 0.299677 0.814746 0.423423 0.248589 0.681673
88.800000 0.063103 0.736806 0.220984 0.299760 0.815037 0.423499 0.248603 0.681837
89.000000 0.063234 0.736982 0.221206 0.299856 0.815137 0.423682 0.248722 0.682169
89.200000 0.063255 0.737175 0.221410 0.300082 0.815625 0.423757 0.248952 0.682280
89.400000 0.063285 0.737246 0.221504 0.300319 0.815565 0.423791 0.249290 0.682624
89.600000 0.063293 0.737335 0.221488 0.300345 0.815708 0.424000 0.249234 0.682709
89.800000 0.063054 0.736346 0.220040 0.299359 0.814862 0.422740 0.247975 0.681670
90.000000 0.063233 0.736671 0.220528 0.299801 0.815545 0.422835 0.248347 0.682123
