0.200000 0.221212 0.531486 0.298262 0.412331 0.680248 0.722154 0.368538 0.570065
0.400000 0.220812 0.529963 0.297920 0.411591 0.676927 0.721647 0.368091 0.567688
0.600000 0.220853 0.529267 0.297990 0.410703 0.675124 0.721297 0.367934 0.566545
0.800000 0.220927 0.528988 0.297845 0.410590 0.673287 0.721405 0.367943 0.564977
1.000000 0.220941 0.528098 0.297974 0.409924 0.671236 0.721716 0.367740 0.563494
1.200000 0.220842 0.527681 0.297835 0.409290 0.670132 0.721396 0.367405 0.562577
1.400000 0.220697 0.526963 0.297754 0.409312 0.667852 0.721251 0.367090 0.561017
1.600000 0.220509 0.526443 0.297690 0.408424 0.666437 0.721111 0.366882 0.559883
1.800000 0.220781 0.526001 0.297517 0.407924 0.664381 0.721067 0.366872 0.558584
2.000000 0.220592 0.524864 0.297285 0.407611 0.662505 0.720981 0.366334 0.557396
2.200000 0.220566 0.524315 0.297610 0.407131 0.660707 0.721160 0.366507 0.556005
2.400000 0.220512 0.523727 0.297316 0.406797 0.659069 0.721053 0.366197 0.554494
2.600000 0.220612 0.523306 0.297217 0.406333 0.657631 0.721082 0.365872 0.553541
2.800000 0.220445 0.522506 0.297484 0.405675 0.655344 0.720979 0.365590 0.552301
3.000000 0.220430 0.522336 0.297225 0.405325 0.653967 0.720866 0.365330 0.550986
3.200000 0.220103 0.521609 0.297284 0.404878 0.652281 0.721011 0.365422 0.549910
3.400000 0.220378 0.521380 0.296957 0.404396 0.650439 0.720913 0.365181 0.548427
3.600000 0.220290 0.520381 0.296813 0.404034 0.648843 0.720646 0.364924 0.547412
3.800000 0.220326 0.520101 0.297168 0.403478 0.647467 0.720810 0.364481 0.546196
4.000000 0.220223 0.519577 0.296734 0.403215 0.645840 0.720638 0.364658 0.544953
4.200000 0.220058 0.518932 0.297000 0.402421 0.644161 0.720729 0.364426 0.543720
4.400000 0.220037 0.518435 0.297217 0.402247 0.642591 0.720611 0.364090 0.542628
4.600000 0.220123 0.517998 0.296797 0.402106 0.640881 0.720523 0.363796 0.541515
4.800000 0.220057 0.517432 0.296825 0.401458 0.639404 0.720639 0.363582 0.540300
5.000000 0.219889 0.516693 0.296767 0.400926 0.637894 0.720350 0.363616 0.539135
5.200000 0.219998 0.516284 0.296530 0.400490 0.636159 0.720223 0.363457 0.537945
5.400000 0.219956 0.515868 0.296729 0.400235 0.634629 0.720236 0.362976 0.536953
5.600000 0.219933 0.515610 0.296326 0.399897 0.633536 0.720163 0.362899 0.535747
5.800000 0.219954 0.514733 0.296667 0.399106 0.631487 0.720123 0.362577 0.534631
6.000000 0.219874 0.514475 0.296505 0.398569 0.630112 0.720370 0.362544 0.533738
6.200000 0.219798 0.513789 0.296061 0.398602 0.628302 0.719761 0.362257 0.532441
6.400000 0.219826 0.513399 0.296530 0.398092 0.627107 0.720021 0.362012 0.531390
6.600000 0.219716 0.512370 0.296344 0.397492 0.624940 0.719838 0.361872 0.529880
6.800000 0.219635 0.511897 0.296297 0.397291 0.623208 0.719785 0.361754 0.528743
7.000000 0.219620 0.511563 0.296378 0.396516 0.621815 0.720046 0.361125 0.527507
7.200000 0.219592 0.511038 0.296310 0.396493 0.620559 0.719628 0.361208 0.526603
7.400000 0.219570 0.510755 0.296041 0.395949 0.618938 0.719956 0.360930 0.525547
7.600000 0.219531 0.510345 0.296000 0.395522 0.617567 0.719704 0.360614 0.524519
7.800000 0.219451 0.509763 0.296323 0.394815 0.616084 0.719844 0.360532 0.523622
8.000000 0.219454 0.509335 0.296078 0.394638 0.614547 0.719676 0.360483 0.522395
8.200000 0.219386 0.508587 0.295915 0.394310 0.613000 0.719472 0.360198 0.521439
8.400000 0.219269 0.508298 0.296015 0.394027 0.611646 0.719671 0.360082 0.520552
8.600000 0.219322 0.507597 0.295663 0.393785 0.610285 0.719465 0.359781 0.519490
8.800000 0.219141 0.507180 0.295772 0.393285 0.608875 0.719169 0.359376 0.518203
9.000000 0.219246 0.506536 0.295990 0.392926 0.607334 0.719170 0.359477 0.517458
9.200000 0.219100 0.506014 0.295706 0.392618 0.605963 0.719279 0.359334 0.516457
9.400000 0.219209 0.506178 0.295751 0.392396 0.604749 0.719351 0.359021 0.515361
9.600000 0.219173 0.505778 0.295704 0.391600 0.603492 0.718935 0.358767 0.514478
9.800000 0.219163 0.505286 0.295743 0.391420 0.602062 0.719358 0.358583 0.513594
10.000000 0.219113 0.505020 0.295605 0.390843 0.601004 0.719277 0.358561 0.512822
10.200000 0.219072 0.504408 0.295625 0.390625 0.599607 0.719137 0.358224 0.511897
10.400000 0.219038 0.504104 0.295342 0.351661 0.598186 0.718852 0.358048 0.510617
10.600000 0.219011 0.503573 0.295444 0.390106 0.597208 0.719045 0.357762 0.509898
10.800000 0.218952 0.503101 0.295204 0.389822 0.595780 0.718832 0.357581 0.509034
11.000000 0.218927 0.502834 0.295519 0.389401 0.594435 0.718952 0.357516 0.508182
11.200000 0.218901 0.502062 0.295480 0.389072 0.593012 0.718625 0.357249 0.507222
11.400000 0.218870 0.501898 0.295078 0.388522 0.591840 0.718536 0.357171 0.506192
11.600000 0.218832 0.501730 0.295197 0.388353 0.590772 0.718826 0.357088 0.505496
11.800000 0.218616 0.501161 0.295242 0.388271 0.589373 0.718758 0.356761 0.504360
12.000000 0.218757 0.500710 0.295219 0.387839 0.588260 0.718585 0.356533 0.503982
12.200000 0.218762 0.500229 0.294981 0.387774 0.586885 0.718723 0.356419 0.502894
12.400000 0.218787 0.499917 0.295026 0.387250 0.585756 0.718612 0.356506 0.501921
12.600000 0.218733 0.499495 0.295048 0.386490 0.584475 0.718467 0.355871 0.500885
12.800000 0.218694 0.499352 0.294980 0.386298 0.583296 0.718316 0.355901 0.500166
13.000000 0.218809 0.498516 0.294886 0.386189 0.582246 0.718303 0.355926 0.499496
13.200000 0.218682 0.498300 0.294929 0.385991 0.581142 0.718433 0.355499 0.498645
13.400000 0.218646 0.497994 0.294885 0.385665 0.579970 0.718137 0.355587 0.497702
13.600000 0.218616 0.497483 0.294856 0.385141 0.578932 0.718166 0.355104 0.497200
13.800000 0.218574 0.497428 0.294673 0.385021 0.578083 0.718231 0.355279 0.496312
14.000000 0.218418 0.496947 0.294739 0.384699 0.576932 0.718002 0.355108 0.495514
14.200000 0.218549 0.496538 0.294662 0.384505 0.575760 0.717912 0.354943 0.494948
14.400000 0.218381 0.496188 0.294911 0.384117 0.574776 0.718170 0.354750 0.494211
14.600000 0.218654 0.495788 0.294511 0.384009 0.573753 0.718092 0.354317 0.493402
14.800000 0.218461 0.495613 0.294049 0.383704 0.572682 0.718005 0.354376 0.492698
15.000000 0.218421 0.495241 0.294767 0.383183 0.571634 0.718054 0.354121 0.492044
15.200000 0.218400 0.495032 0.294747 0.382909 0.570698 0.717881 0.354140 0.490898
15.400000 0.218390 0.494667 0.294101 0.382946 0.569720 0.717408 0.353949 0.490599
15.600000 0.218378 0.494182 0.294518 0.382473 0.568554 0.717876 0.353563 0.489859
15.800000 0.218349 0.493709 0.293986 0.382286 0.567576 0.717755 0.353515 0.488978
16.000000 0.218335 0.493699 0.294674 0.381604 0.566536 0.717425 0.353349 0.488399
16.200000 0.218288 0.493352 0.294683 0.381758 0.565702 0.717543 0.353280 0.487673
16.400000 0.218265 0.493113 0.294380 0.381568 0.564871 0.717496 0.353267 0.486932
16.600000 0.218282 0.492792 0.294405 0.381171 0.563592 0.717375 0.353065 0.486382
16.800000 0.218292 0.492535 0.294635 0.380697 0.562820 0.717618 0.352519 0.485321
17.000000 0.218199 0.492298 0.294371 0.380817 0.561754 0.717496 0.352507 0.484792
17.200000 0.218067 0.491971 0.294115 0.380256 0.560900 0.717381 0.352543 0.484071
17.400000 0.218136 0.491679 0.294019 0.380343 0.560021 0.717227 0.352205 0.483553
17.600000 0.218143 0.490936 0.294430 0.379766 0.559304 0.717590 0.352087 0.483090
17.800000 0.218125 0.490877 0.294530 0.379509 0.558389 0.717278 0.352094 0.482393
18.000000 0.218053 0.490549 0.294051 0.379437 0.557393 0.716859 0.352095 0.481576
18.200000 0.217923 0.490285 0.294184 0.378895 0.556432 0.717164 0.351530 0.481114
18.400000 0.217864 0.490054 0.294266 0.378808 0.555403 0.717194 0.351702 0.480108
18.600000 0.218174 0.490004 0.293980 0.378698 0.554624 0.717237 0.351128 0.479776
18.800000 0.218039 0.489401 0.294293 0.378597 0.553510 0.717132 0.351350 0.478951
19.000000 0.217942 0.489277 0.293822 0.378051 0.552085 0.716909 0.351085 0.477944
19.200000 0.217961 0.488838 0.294308 0.377784 0.551178 0.716974 0.351090 0.477519
19.400000 0.217800 0.488510 0.293966 0.377731 0.550367 0.716965 0.350640 0.476813
19.600000 0.217932 0.487962 0.293979 0.377395 0.549436 0.716813 0.350727 0.476235
19.800000 0.217900 0.487990 0.293762 0.376993 0.548781 0.716463 0.350708 0.475711
20.000000 0.217915 0.487543 0.294139 0.376869 0.548021 0.716885 0.350519 0.475059
20.200000 0.217595 0.487512 0.294182 0.376680 0.547087 0.716646 0.350456 0.474548
20.400000 0.217862 0.486787 0.294144 0.376561 0.546122 0.716558 0.350301 0.473586
20.600000 0.217804 0.487043 0.293827 0.376275 0.545384 0.716519 0.350112 0.473402
20.800000 0.217766 0.486559 0.293965 0.375778 0.544458 0.716490 0.349836 0.472654
21.000000 0.217809 0.486279 0.293759 0.375740 0.543820 0.716244 0.349880 0.472258
21.200000 0.217875 0.485884 0.293821 0.375555 0.542788 0.716446 0.349667 0.471577
21.400000 0.217755 0.485515 0.293753 0.375104 0.542051 0.716488 0.349571 0.470936
21.600000 0.217604 0.485744 0.293645 0.374984 0.541197 0.716395 0.349363 0.470226
21.800000 0.217642 0.485488 0.293802 0.374780 0.540544 0.716387 0.349416 0.469941
22.000000 0.217699 0.484909 0.294000 0.374396 0.539390 0.716351 0.349084 0.469121
22.200000 0.217639 0.484893 0.293637 0.374278 0.538725 0.716520 0.348929 0.468450
22.400000 0.217587 0.484226 0.293728 0.373750 0.538009 0.715859 0.348730 0.467971
22.600000 0.217644 0.484222 0.293584 0.374106 0.537306 0.716022 0.348738 0.467519
22.800000 0.217634 0.484235 0.293398 0.373759 0.536464 0.716109 0.348612 0.467041
23.000000 0.217592 0.483921 0.293489 0.373445 0.536175 0.715804 0.348468 0.466324
23.200000 0.217574 0.483249 0.293493 0.373420 0.534727 0.716124 0.348347 0.466279
23.400000 0.217562 0.483449 0.293357 0.373136 0.534282 0.716156 0.348008 0.465341
23.600000 0.217384 0.482915 0.293402 0.372912 0.533726 0.716083 0.348025 0.464933
23.800000 0.217526 0.482749 0.293697 0.373061 0.532804 0.715816 0.348099 0.464317
24.000000 0.217533 0.482453 0.293665 0.372519 0.532206 0.716011 0.347819 0.463941
24.200000 0.217463 0.481922 0.293281 0.372422 0.531063 0.715771 0.347390 0.463402
24.400000 0.217470 0.482088 0.293641 0.371729 0.530664 0.715805 0.347419 0.462858
24.600000 0.217317 0.481956 0.293492 0.371852 0.529740 0.715765 0.347309 0.462182
24.800000 0.217459 0.481455 0.293447 0.371293 0.528803 0.715646 0.347334 0.461700
25.000000 0.217295 0.481534 0.293326 0.371475 0.528496 0.715729 0.347102 0.461227
25.200000 0.217361 0.481167 0.293323 0.371154 0.527461 0.715585 0.347211 0.460401
25.400000 0.217354 0.480902 0.293160 0.370938 0.526851 0.715495 0.346931 0.459800
25.600000 0.217366 0.480933 0.293316 0.370826 0.526056 0.715557 0.346848 0.459546
25.800000 0.217269 0.480058 0.293132 0.370303 0.525385 0.715571 0.346796 0.458998
26.000000 0.217353 0.480245 0.293370 0.370286 0.524526 0.715349 0.346519 0.458439
26.200000 0.217335 0.480095 0.293341 0.370029 0.524132 0.715520 0.346381 0.457985
26.400000 0.217140 0.479581 0.293062 0.369992 0.523442 0.715266 0.346305 0.457524
26.600000 0.217233 0.479345 0.293345 0.369783 0.522285 0.715331 0.346094 0.456935
26.800000 0.217113 0.479209 0.293222 0.369525 0.521887 0.715252 0.346171 0.456427
27.000000 0.217283 0.479217 0.293043 0.369635 0.521246 0.715284 0.345990 0.456032
27.200000 0.217186 0.478934 0.293268 0.369079 0.520531 0.715248 0.345949 0.455487
27.400000 0.217214 0.478532 0.293192 0.368917 0.519762 0.715035 0.345864 0.455082
27.600000 0.217249 0.478469 0.293207 0.368902 0.519675 0.715051 0.345489 0.454788
27.800000 0.217176 0.478327 0.293018 0.368375 0.518441 0.715060 0.345571 0.454268
28.000000 0.216996 0.477785 0.293177 0.368499 0.517966 0.714786 0.345072 0.453678
28.200000 0.216998 0.477528 0.293170 0.368201 0.517240 0.714738 0.345368 0.453246
28.400000 0.216890 0.477433 0.292987 0.368162 0.516451 0.714724 0.345352 0.452637
28.600000 0.217078 0.476941 0.293179 0.367551 0.515704 0.714775 0.345029 0.452310
28.800000 0.217090 0.476842 0.292779 0.367779 0.515233 0.714668 0.344887 0.452023
29.000000 0.217110 0.476984 0.293089 0.367379 0.514090 0.714803 0.344670 0.451135
29.200000 0.217091 0.476406 0.292675 0.367398 0.514157 0.714958 0.344444 0.451096
29.400000 0.217057 0.476286 0.292912 0.367238 0.513281 0.714689 0.344639 0.450487
29.600000 0.216998 0.476378 0.292974 0.366650 0.512858 0.714561 0.344396 0.449947
29.800000 0.217038 0.476146 0.292907 0.366620 0.512168 0.714437 0.344442 0.449619
30.000000 0.217128 0.475742 0.292667 0.366624 0.511362 0.714529 0.344307 0.449319
30.200000 0.217000 0.475421 0.292826 0.366095 0.511032 0.714423 0.344159 0.448862
30.400000 0.217069 0.475064 0.292695 0.366441 0.510143 0.714299 0.344259 0.448459
30.600000 0.217256 0.474615 0.292783 0.366172 0.509788 0.714198 0.344021 0.448011
30.800000 0.218336 0.474781 0.292935 0.366001 0.509070 0.714275 0.343884 0.447668
31.000000 0.220334 0.474416 0.292965 0.365651 0.508784 0.714120 0.343754 0.447124
31.200000 0.224059 0.474523 0.292879 0.365734 0.468767 0.714160 0.343829 0.446924
31.400000 0.228195 0.474252 0.293040 0.365408 0.507643 0.714312 0.343534 0.446329
31.600000 0.233237 0.474168 0.292760 0.365482 0.507437 0.714287 0.343521 0.446628
31.800000 0.239074 0.474086 0.292808 0.365477 0.507833 0.713975 0.343236 0.446848
32.000000 0.245368 0.474184 0.292853 0.365243 0.508717 0.714187 0.343328 0.447104
32.200000 0.251871 0.474321 0.292792 0.365950 0.510174 0.714201 0.343344 0.448303
32.400000 0.258544 0.475034 0.292973 0.365816 0.512036 0.714296 0.343530 0.449240
32.600000 0.264986 0.475503 0.293267 0.366550 0.514587 0.713984 0.343496 0.451190
32.800000 0.270894 0.476567 0.293085 0.367460 0.517613 0.713949 0.343370 0.453365
33.000000 0.276397 0.478048 0.292970 0.368239 0.521926 0.714262 0.343728 0.456011
33.200000 0.281581 0.480032 0.293509 0.369485 0.526463 0.714036 0.343984 0.459161
33.400000 0.286220 0.482647 0.293279 0.371136 0.531970 0.714211 0.344039 0.462733
33.600000 0.290357 0.485981 0.293841 0.372807 0.538280 0.714179 0.343988 0.466791
33.800000 0.294281 0.490283 0.293745 0.375331 0.544767 0.714363 0.344257 0.471452
34.000000 0.297636 0.495281 0.294493 0.377694 0.552136 0.714379 0.344608 0.476345
34.200000 0.300483 0.500896 0.294890 0.379958 0.560055 0.714123 0.344799 0.481617
34.400000 0.303216 0.507517 0.295084 0.382766 0.568505 0.714349 0.344875 0.487391
34.600000 0.305660 0.515317 0.295155 0.385188 0.577551 0.714170 0.345418 0.493048
34.800000 0.307748 0.523766 0.295121 0.388103 0.587027 0.713821 0.345506 0.499619
35.000000 0.309567 0.533457 0.295436 0.391160 0.596854 0.714130 0.345880 0.506054
35.200000 0.311155 0.544010 0.296071 0.393788 0.607346 0.714465 0.346263 0.513141
35.400000 0.312703 0.554794 0.296289 0.396305 0.617299 0.714325 0.346350 0.519792
35.600000 0.313825 0.566253 0.296779 0.398879 0.627436 0.714446 0.346814 0.526423
35.800000 0.314957 0.578119 0.296820 0.401154 0.637900 0.714620 0.346931 0.533683
36.000000 0.315737 0.589970 0.296870 0.403885 0.648474 0.714543 0.347191 0.540627
36.200000 0.316818 0.603401 0.297010 0.405979 0.659321 0.714728 0.347389 0.547820
36.400000 0.317594 0.616450 0.297775 0.408444 0.670009 0.714801 0.347800 0.555375
36.600000 0.318269 0.630242 0.297801 0.410809 0.681351 0.714740 0.347981 0.562968
36.800000 0.318815 0.643987 0.297953 0.412734 0.692929 0.714812 0.348306 0.570626
37.000000 0.319202 0.658154 0.298344 0.415064 0.704297 0.714905 0.348560 0.578596
37.200000 0.319945 0.673401 0.298763 0.417461 0.717037 0.714789 0.349358 0.588132
37.400000 0.320531 0.693062 0.298656 0.420554 0.732721 0.715214 0.349383 0.597956
37.600000 0.320869 0.707252 0.299171 0.422345 0.744410 0.715318 0.349815 0.605689
37.800000 0.321170 0.721039 0.299203 0.424615 0.756054 0.714963 0.350312 0.614117
38.000000 0.321479 0.734535 0.299687 0.426456 0.767540 0.715184 0.350412 0.622161
38.200000 0.321749 0.747893 0.299980 0.428416 0.779264 0.715062 0.350891 0.630239
38.400000 0.321936 0.760902 0.299895 0.430403 0.790464 0.715234 0.351081 0.638653
38.600000 0.322189 0.774021 0.300101 0.432099 0.802419 0.715434 0.351206 0.646989
38.800000 0.322354 0.786408 0.300351 0.434027 0.813731 0.715474 0.351834 0.655181
39.000000 0.322490 0.798146 0.300460 0.436204 0.824897 0.715484 0.352122 0.663459
39.200000 0.322613 0.809759 0.300812 0.437844 0.836009 0.715620 0.352348 0.672097
39.400000 0.322771 0.820419 0.301011 0.439737 0.847355 0.715491 0.352557 0.680434
39.600000 0.322843 0.830889 0.301229 0.441287 0.858158 0.715318 0.353168 0.688736
39.800000 0.322925 0.841169 0.301427 0.443331 0.868792 0.715540 0.353338 0.696820
40.000000 0.322986 0.850709 0.301440 0.444867 0.879536 0.715769 0.353392 0.705532
40.200000 0.323083 0.860149 0.301687 0.446690 0.890767 0.715355 0.354025 0.714083
40.400000 0.323157 0.868723 0.302286 0.448204 0.900898 0.715371 0.354335 0.722635
40.600000 0.323282 0.877704 0.302030 0.450151 0.911171 0.716047 0.354688 0.730966
40.800000 0.323297 0.885238 0.302636 0.451744 0.921454 0.715711 0.355336 0.739253
41.000000 0.323415 0.892858 0.302742 0.453193 0.931350 0.715709 0.355445 0.747602
41.200000 0.323426 0.899968 0.303012 0.455160 0.940943 0.715848 0.355648 0.755819
41.400000 0.323530 0.907235 0.303279 0.456505 0.950375 0.715857 0.355979 0.764024
41.600000 0.323519 0.913038 0.303296 0.458323 0.959648 0.716298 0.356244 0.772029
41.800000 0.323750 0.919239 0.303467 0.459863 0.968422 0.715927 0.356296 0.780122
42.000000 0.323763 0.924904 0.303785 0.461075 0.977462 0.715994 0.357048 0.788225
42.200000 0.323772 0.930322 0.303894 0.462748 0.985903 0.716142 0.357257 0.795829
42.400000 0.323518 0.935149 0.303825 0.464386 0.993664 0.716043 0.357329 0.803378
42.600000 0.323710 0.940198 0.304136 0.465872 1.002112 0.716190 0.357662 0.811071
42.800000 0.323856 0.944744 0.304277 0.467148 1.009788 0.716215 0.357925 0.818209
43.000000 0.323896 0.949075 0.304707 0.468509 1.017240 0.716376 0.358658 0.825613
43.200000 0.323803 0.953236 0.304645 0.469966 1.024735 0.716249 0.358660 0.832702
43.400000 0.324024 0.957092 0.304930 0.471580 1.032031 0.716447 0.359013 0.839790
43.600000 0.324035 0.960985 0.304906 0.473085 1.039873 0.716465 0.359384 0.848075
43.800000 0.324089 0.965755 0.305448 0.474938 1.048796 0.716468 0.359907 0.856709
44.000000 0.323948 0.968948 0.305458 0.476473 1.055024 0.716488 0.360053 0.863149
44.200000 0.324019 0.972095 0.305657 0.477884 1.061528 0.716463 0.360267 0.869448
44.400000 0.324024 0.975159 0.305801 0.479115 1.067527 0.716580 0.360656 0.875753
44.600000 0.324154 0.977845 0.305789 0.480408 1.073261 0.716643 0.360951 0.881707
44.800000 0.324212 0.980502 0.306166 0.481700 1.078991 0.716634 0.361257 0.887812
45.000000 0.324241 0.982847 0.306293 0.483051 1.084380 0.716569 0.361555 0.893487
45.200000 0.324261 0.985336 0.306416 0.484338 1.089710 0.716851 0.361798 0.899211
45.400000 0.324466 0.987800 0.306611 0.485632 1.094715 0.716757 0.362179 0.904961
45.600000 0.324313 0.989815 0.306851 0.486873 1.099605 0.716607 0.362416 0.910049
45.800000 0.324343 0.991773 0.306908 0.488089 1.104697 0.716784 0.362557 0.915347
46.000000 0.324324 0.993980 0.306895 0.489261 1.109266 0.716732 0.362986 0.920355
46.200000 0.324359 0.995986 0.307226 0.490446 1.113994 0.716892 0.363302 0.925370
46.400000 0.324361 0.997682 0.307199 0.491744 1.118268 0.717002 0.363582 0.929444
46.600000 0.324359 0.999429 0.307317 0.492936 1.122519 0.716775 0.363854 0.934891
46.800000 0.324508 1.001067 0.307527 0.494103 1.126476 0.716951 0.364127 0.939743
47.000000 0.324359 1.002604 0.307676 0.495328 1.130559 0.716879 0.364308 0.943900
47.200000 0.324380 1.004233 0.307673 0.496370 1.134803 0.717064 0.364723 0.948185
47.400000 0.324258 1.005707 0.307799 0.497550 1.138219 0.717020 0.364948 0.952453
47.600000 0.324346 1.007329 0.308073 0.498636 1.141762 0.717123 0.365155 0.956400
47.800000 0.324356 1.008507 0.308158 0.499811 1.145454 0.717027 0.365554 0.960246
48.000000 0.324343 1.009947 0.308346 0.500993 1.148728 0.717034 0.365732 0.964079
48.200000 0.324313 1.011037 0.308484 0.502091 1.152110 0.717186 0.365973 0.967860
48.400000 0.324319 1.012368 0.308733 0.503230 1.155141 0.717288 0.366234 0.971448
48.600000 0.324370 1.013267 0.308619 0.504485 1.158396 0.717383 0.366631 0.975144
48.800000 0.324323 1.014171 0.308847 0.505496 1.161367 0.717289 0.366678 0.978242
49.000000 0.324331 1.014913 0.309032 0.506292 1.164317 0.717337 0.367094 0.981566
49.200000 0.324376 1.015852 0.309128 0.507521 1.167193 0.717205 0.367417 0.984888
49.400000 0.324283 1.016948 0.309250 0.508534 1.169744 0.717309 0.367624 0.987861
49.600000 0.324453 1.017486 0.309428 0.509655 1.172549 0.717349 0.367944 0.991047
49.800000 0.324437 1.018419 0.309442 0.510604 1.175351 0.717598 0.368087 0.993729
50.000000 0.324535 1.019582 0.309632 0.511668 1.178047 0.717759 0.368382 0.997023
50.200000 0.324546 1.020451 0.309775 0.513139 1.181435 0.717480 0.368772 1.000661
50.400000 0.324479 1.021182 0.310040 0.514126 1.183742 0.716861 0.369013 1.003316
50.600000 0.324543 1.022032 0.310010 0.515146 1.186068 0.717554 0.369411 1.005830
50.800000 0.324402 1.022354 0.310168 0.516118 1.188485 0.717334 0.369657 1.008367
51.000000 0.324523 1.023196 0.310162 0.516986 1.190627 0.717768 0.369797 1.011047
51.200000 0.324482 1.023770 0.310230 0.518150 1.192985 0.717725 0.370055 1.013252
51.400000 0.324413 1.024467 0.310431 0.519084 1.194760 0.717406 0.370389 1.015433
51.600000 0.324567 1.024720 0.310546 0.519953 1.196872 0.717708 0.370549 1.017731
51.800000 0.324524 1.025370 0.310520 0.521033 1.198824 0.717742 0.370676 1.019806
52.000000 0.324549 1.025893 0.310691 0.521925 1.200584 0.717649 0.370976 1.021906
52.200000 0.324404 1.026298 0.310886 0.522875 1.202655 0.717782 0.371323 1.023879
52.400000 0.324463 1.026629 0.310695 0.523686 1.204260 0.717468 0.371522 1.025757
52.600000 0.324534 1.027342 0.311096 0.524625 1.206346 0.717875 0.371705 1.027694
52.800000 0.324174 1.027686 0.310992 0.525590 1.207806 0.717813 0.372090 1.029430
53.000000 0.324504 1.027988 0.311424 0.526503 1.209329 0.717840 0.372179 1.031450
53.200000 0.324435 1.028457 0.311404 0.527464 1.211099 0.717627 0.372474 1.033275
53.400000 0.324438 1.028642 0.311579 0.528171 1.212617 0.717856 0.372889 1.034963
53.600000 0.324268 1.029470 0.311661 0.529271 1.214243 0.717972 0.373058 1.036752
53.800000 0.324315 1.029548 0.311634 0.530018 1.215691 0.718008 0.373327 1.038206
54.000000 0.324326 1.029782 0.311673 0.530867 1.217125 0.718020 0.373635 1.039713
54.200000 0.324301 1.030229 0.312011 0.531795 1.218590 0.717830 0.373834 1.041235
54.400000 0.324132 1.030366 0.311937 0.532672 1.220040 0.718218 0.374122 1.042744
54.600000 0.324211 1.030813 0.311930 0.533428 1.221290 0.718196 0.374244 1.043922
54.800000 0.324053 1.031004 0.312215 0.534279 1.222671 0.718259 0.374467 1.045423
55.000000 0.324174 1.031234 0.312337 0.535257 1.223893 0.718323 0.374736 1.046738
55.200000 0.324246 1.031588 0.312355 0.535901 1.225222 0.718331 0.375058 1.048155
55.400000 0.323947 1.031659 0.312372 0.536877 1.226331 0.718082 0.375317 1.049093
55.600000 0.323995 1.031826 0.312577 0.537570 1.227538 0.718293 0.375414 1.050534
55.800000 0.323720 1.032102 0.312578 0.538412 1.228368 0.718351 0.375622 1.051607
56.000000 0.324026 1.031889 0.312704 0.538986 1.229425 0.718470 0.375862 1.052838
56.200000 0.324065 1.032350 0.312722 0.540060 1.230659 0.718300 0.376215 1.053838
56.400000 0.324050 1.032301 0.312806 0.541048 1.232293 0.718466 0.376282 1.055307
56.600000 0.324019 1.032305 0.313020 0.541809 1.233158 0.718480 0.376570 1.056333
56.800000 0.324015 1.032418 0.313072 0.542533 1.234100 0.718401 0.376776 1.057529
57.000000 0.324164 1.032704 0.313190 0.543363 1.235134 0.718530 0.376903 1.058188
57.200000 0.324033 1.032814 0.313380 0.543997 1.236082 0.718646 0.377306 1.059273
57.400000 0.323961 1.033014 0.313370 0.544844 1.236912 0.718551 0.377556 1.059916
57.600000 0.324034 1.032762 0.313469 0.545599 1.237906 0.718444 0.377762 1.061043
57.800000 0.324031 1.032993 0.313521 0.546159 1.238680 0.718609 0.377887 1.061820
58.000000 0.323967 1.033113 0.313779 0.546922 1.239715 0.718701 0.378238 1.062647
58.200000 0.324076 1.033350 0.313569 0.547723 1.240398 0.718669 0.378307 1.063425
58.400000 0.323947 1.033225 0.313764 0.548332 1.241078 0.718387 0.378429 1.064281
58.600000 0.323887 1.033325 0.313865 0.549065 1.242028 0.718591 0.378586 1.064971
58.800000 0.324118 1.033576 0.313920 0.549706 1.242725 0.718729 0.378895 1.065871
59.000000 0.324039 1.033257 0.313972 0.550321 1.243215 0.718587 0.379052 1.066252
59.200000 0.324064 1.033619 0.314081 0.551278 1.244081 0.718735 0.379400 1.067245
59.400000 0.324091 1.033436 0.314215 0.551795 1.244205 0.718771 0.379588 1.067670
59.600000 0.323964 1.033857 0.314108 0.552644 1.245640 0.718841 0.379775 1.068505
59.800000 0.323978 1.033657 0.314185 0.553190 1.246148 0.718975 0.379818 1.069253
60.000000 0.324181 1.033857 0.314213 0.553868 1.246914 0.718957 0.380244 1.069965
60.200000 0.324161 1.033880 0.314427 0.554735 1.247709 0.718703 0.380327 1.070670
60.400000 0.324217 1.034037 0.314602 0.555121 1.248610 0.718944 0.380576 1.071165
60.600000 0.324139 1.033811 0.314620 0.555999 1.248711 0.718892 0.380779 1.071764
60.800000 0.324241 1.033847 0.314689 0.556776 1.249398 0.718702 0.380904 1.072537
61.000000 0.324371 1.034060 0.314582 0.557239 1.210992 0.718865 0.381290 1.072914
61.200000 0.324172 1.034008 0.314832 0.557706 1.250702 0.719032 0.381379 1.073311
61.400000 0.324157 1.034207 0.314812 0.558545 1.251254 0.718997 0.381561 1.073963
61.600000 0.324202 1.034251 0.315056 0.559205 1.251878 0.719003 0.381509 1.074214
61.800000 0.324100 1.034237 0.315084 0.559760 1.252555 0.719015 0.381813 1.074944
62.000000 0.324113 1.034331 0.315153 0.560449 1.253019 0.718871 0.382162 1.075505
62.200000 0.324223 1.034198 0.315362 0.561049 1.253485 0.719155 0.382367 1.076170
62.400000 0.324137 1.034513 0.315347 0.561600 1.254254 0.719298 0.382610 1.076633
62.600000 0.323955 1.034342 0.315306 0.562583 1.254487 0.719179 0.382822 1.076985
62.800000 0.323970 1.034625 0.315462 0.563289 1.255137 0.719153 0.383102 1.077556
63.000000 0.324087 1.034568 0.315526 0.563805 1.255554 0.719330 0.383100 1.077835
63.200000 0.324051 1.034641 0.315657 0.564411 1.255923 0.719290 0.383213 1.078468
63.400000 0.324045 1.034592 0.315554 0.564935 1.256409 0.719167 0.383374 1.078667
63.600000 0.324018 1.034436 0.315672 0.565509 1.256761 0.719429 0.383730 1.079014
63.800000 0.324026 1.034666 0.315763 0.566056 1.257404 0.719404 0.383678 1.079707
64.000000 0.323981 1.034719 0.315998 0.566811 1.257777 0.719439 0.384002 1.079868
64.200000 0.323936 1.034613 0.315720 0.567160 1.257810 0.719524 0.384078 1.079900
64.400000 0.323882 1.034610 0.315884 0.567787 1.258395 0.719529 0.384439 1.080580
64.600000 0.324056 1.034806 0.316119 0.568453 1.259058 0.719582 0.384560 1.080896
64.800000 0.323851 1.034671 0.316154 0.568873 1.259369 0.719535 0.384750 1.081137
65.000000 0.323938 1.034552 0.315988 0.569549 1.259498 0.719466 0.384902 1.081393
65.200000 0.323798 1.034325 0.315971 0.569798 1.259829 0.719489 0.385126 1.081860
65.400000 0.323730 1.034473 0.316281 0.570672 1.260087 0.719405 0.385250 1.081855
65.600000 0.323699 1.034607 0.316344 0.571101 1.260549 0.719713 0.385298 1.082312
65.800000 0.323658 1.034537 0.316573 0.571727 1.260775 0.719588 0.385541 1.082525
66.000000 0.323637 1.034530 0.316505 0.572318 1.260986 0.719690 0.385661 1.082791
66.200000 0.323545 1.034525 0.316538 0.572739 1.261397 0.719614 0.385909 1.083089
66.400000 0.323590 1.034231 0.316502 0.573449 1.261504 0.719708 0.386130 1.083325
66.600000 0.323545 1.034078 0.316675 0.573838 1.261934 0.719646 0.386298 1.083378
66.800000 0.323581 1.034311 0.316662 0.574312 1.262196 0.719678 0.386467 1.083737
67.000000 0.323515 1.034543 0.316826 0.574802 1.262337 0.719686 0.386369 1.083931
67.200000 0.323638 1.034174 0.316803 0.575373 1.262741 0.719885 0.386788 1.084284
67.400000 0.323583 1.034301 0.316912 0.575885 1.263001 0.720003 0.386837 1.084442
67.600000 0.323533 1.034190 0.317010 0.576339 1.263226 0.719937 0.387062 1.084407
67.800000 0.323404 1.034200 0.317007 0.576906 1.263604 0.720024 0.387228 1.084822
68.000000 0.323491 1.034104 0.317069 0.577466 1.263862 0.719946 0.387296 1.084973
68.200000 0.323535 1.034106 0.317117 0.577744 1.263912 0.720037 0.387567 1.085168
68.400000 0.323604 1.034159 0.317225 0.578189 1.264010 0.720047 0.387865 1.085271
68.600000 0.323514 1.033881 0.317279 0.578887 1.264594 0.720155 0.388023 1.085608
68.800000 0.323457 1.034187 0.317195 0.579377 1.264903 0.720080 0.388034 1.085959
69.000000 0.323485 1.034159 0.317357 0.580084 1.264984 0.720109 0.388268 1.086052
69.200000 0.323437 1.034047 0.317397 0.580564 1.265252 0.720168 0.388265 1.086031
69.400000 0.323477 1.034059 0.317475 0.580795 1.265230 0.719858 0.388362 1.086055
69.600000 0.323409 1.034014 0.317494 0.581257 1.265530 0.720095 0.388649 1.086313
69.800000 0.323409 1.033948 0.317676 0.581858 1.265803 0.720177 0.388900 1.086342
70.000000 0.323198 1.033812 0.317610 0.582252 1.265614 0.720301 0.388940 1.086446
70.200000 0.323185 1.033884 0.317634 0.582687 1.265835 0.720260 0.389058 1.086552
70.400000 0.323162 1.033754 0.317661 0.583072 1.266043 0.720224 0.389234 1.086851
70.600000 0.323280 1.034025 0.317761 0.583593 1.266375 0.720304 0.389398 1.086916
70.800000 0.323224 1.033687 0.317772 0.584027 1.266353 0.720299 0.389406 1.087200
71.000000 0.323287 1.033702 0.317830 0.584461 1.266585 0.720301 0.389639 1.087081
71.200000 0.323259 1.033670 0.317926 0.585095 1.266656 0.720237 0.389861 1.087319
71.400000 0.323208 1.033635 0.318044 0.585430 1.266681 0.720508 0.389931 1.087394
71.600000 0.323156 1.033563 0.317810 0.585712 1.267159 0.720215 0.390071 1.087735
71.800000 0.323230 1.033626 0.318256 0.586365 1.267192 0.720401 0.390218 1.087701
72.000000 0.323106 1.033033 0.317841 0.586512 1.266891 0.720150 0.390244 1.087285
72.200000 0.323226 1.033434 0.318285 0.586959 1.267361 0.720314 0.390621 1.087588
72.400000 0.323079 1.032918 0.318233 0.587511 1.267542 0.720472 0.390487 1.087767
72.600000 0.323152 1.033028 0.318297 0.587775 1.267331 0.720322 0.390758 1.087794
72.800000 0.323241 1.033396 0.318322 0.588234 1.267694 0.720544 0.390875 1.088025
73.000000 0.323057 1.032875 0.318248 0.588834 1.267719 0.720462 0.391064 1.087958
73.200000 0.323242 1.033125 0.318411 0.589264 1.267883 0.720662 0.391144 1.088117
73.400000 0.323275 1.033071 0.318467 0.589722 1.267883 0.720639 0.391311 1.088304
73.600000 0.322973 1.032790 0.318551 0.589963 1.268059 0.720524 0.391291 1.088050
73.800000 0.323072 1.033045 0.318533 0.590307 1.268436 0.720581 0.391535 1.088350
74.000000 0.323222 1.032762 0.318618 0.590797 1.268445 0.720381 0.391669 1.088535
74.200000 0.323030 1.032719 0.318533 0.591257 1.268378 0.720520 0.391820 1.088259
74.400000 0.323249 1.033007 0.318767 0.591655 1.268742 0.720800 0.391899 1.088458
74.600000 0.323232 1.032806 0.318813 0.592173 1.268776 0.720912 0.392236 1.088611
74.800000 0.323255 1.032621 0.318761 0.592795 1.268784 0.720744 0.392346 1.088820
75.000000 0.323284 1.032709 0.318902 0.593043 1.268990 0.720573 0.392538 1.088776
75.200000 0.323098 1.032519 0.318997 0.593367 1.268819 0.720709 0.392592 1.088751
75.400000 0.323246 1.032484 0.318995 0.593750 1.269114 0.720872 0.392748 1.088811
75.600000 0.323050 1.032471 0.319041 0.594044 1.269168 0.720821 0.392802 1.088976
75.800000 0.323077 1.032440 0.319176 0.594424 1.269125 0.720754 0.392852 1.088969
76.000000 0.323263 1.032508 0.319203 0.594881 1.269646 0.720877 0.393027 1.088889
76.200000 0.323198 1.032488 0.319175 0.595325 1.269441 0.720838 0.392984 1.088877
76.400000 0.323257 1.032356 0.319077 0.595563 1.269626 0.720986 0.393338 1.089252
76.600000 0.323228 1.032320 0.319068 0.595903 1.269668 0.720977 0.393088 1.089061
76.800000 0.323274 1.032330 0.319284 0.596419 1.269704 0.720903 0.393269 1.089260
77.000000 0.323267 1.032398 0.319268 0.596637 1.270047 0.720881 0.393661 1.089137
77.200000 0.323294 1.032490 0.319485 0.597174 1.269910 0.721107 0.393738 1.089281
77.400000 0.323262 1.032249 0.319306 0.597007 1.269438 0.720217 0.393544 1.089149
77.600000 0.323144 1.032046 0.319070 0.597637 1.269737 0.720787 0.393743 1.088870
77.800000 0.323167 1.032122 0.319279 0.598218 1.270039 0.720921 0.393859 1.089244
78.000000 0.323197 1.032359 0.319423 0.598698 1.270251 0.721017 0.394234 1.089485
78.200000 0.323321 1.032521 0.319800 0.599017 1.270313 0.721071 0.394288 1.089531
78.400000 0.323224 1.032209 0.319730 0.599461 1.270722 0.721150 0.394363 1.089553
78.600000 0.323306 1.032201 0.319695 0.599803 1.270528 0.721104 0.394501 1.089615
78.800000 0.323359 1.032393 0.319527 0.599979 1.270481 0.721212 0.394693 1.089643
79.000000 0.323296 1.032066 0.319731 0.600371 1.270750 0.720981 0.394660 1.089699
79.200000 0.323309 1.032097 0.319793 0.600646 1.270771 0.721060 0.394892 1.089744
79.400000 0.323315 1.032500 0.319934 0.601309 1.271029 0.721338 0.395064 1.089825
79.600000 0.323190 1.032544 0.319786 0.601468 1.270946 0.721200 0.395129 1.090011
79.800000 0.323277 1.032193 0.319973 0.601839 1.270974 0.721204 0.395295 1.089797
80.000000 0.323259 1.032363 0.319989 0.602021 1.271153 0.721335 0.395271 1.089812
80.200000 0.323042 1.032307 0.320119 0.602567 1.271396 0.721355 0.395466 1.090158
80.400000 0.323434 1.032473 0.320042 0.602909 1.271362 0.721173 0.395656 1.090121
80.600000 0.323291 1.032463 0.320025 0.603220 1.271665 0.721482 0.395558 1.090106
80.800000 0.323275 1.032551 0.320122 0.603466 1.271507 0.721284 0.395718 1.090217
81.000000 0.323253 1.032457 0.320045 0.603749 1.271411 0.721390 0.395790 1.090217
81.200000 0.323163 1.032347 0.320215 0.603996 1.271495 0.721153 0.395857 1.090030
81.400000 0.323202 1.032534 0.320247 0.604353 1.271761 0.721400 0.396110 1.090220
81.600000 0.323203 1.032559 0.320416 0.604613 1.271387 0.721398 0.396023 1.090017
81.800000 0.323074 1.032297 0.320143 0.605010 1.271728 0.721374 0.396195 1.090193
82.000000 0.323142 1.032318 0.320174 0.605314 1.271953 0.721451 0.396205 1.090278
82.200000 0.323113 1.032178 0.320337 0.605549 1.271801 0.721432 0.396391 1.090368
82.400000 0.323081 1.032165 0.320256 0.605564 1.271722 0.721368 0.396437 1.090063
82.600000 0.323151 1.032408 0.320489 0.605969 1.271767 0.721576 0.396555 1.090089
82.800000 0.323204 1.031982 0.320563 0.606279 1.271844 0.721529 0.396645 1.090217
83.000000 0.323134 1.032041 0.320494 0.606499 1.271931 0.721462 0.396792 1.090285
83.200000 0.323109 1.031772 0.320490 0.606936 1.271647 0.721538 0.396758 1.090202
83.400000 0.323040 1.031926 0.320517 0.607148 1.271964 0.721483 0.396779 1.090222
83.600000 0.323061 1.031979 0.320643 0.607585 1.272047 0.721613 0.396939 1.090368
83.800000 0.323032 1.032023 0.320657 0.607640 1.272104 0.721732 0.396919 1.090270
84.000000 0.323309 1.031942 0.320640 0.608116 1.272164 0.721520 0.397052 1.090361
84.200000 0.323226 1.031951 0.320507 0.608345 1.272165 0.721607 0.397162 1.090233
84.400000 0.323160 1.031712 0.320609 0.608642 1.272259 0.721643 0.397413 1.090351
84.600000 0.323206 1.031788 0.320607 0.608901 1.272363 0.721502 0.397225 1.090377
84.800000 0.323184 1.031865 0.320606 0.609019 1.272376 0.721617 0.397352 1.090271
85.000000 0.323079 1.031701 0.320694 0.609331 1.272485 0.721727 0.397533 1.090419
85.200000 0.323204 1.031763 0.320722 0.609525 1.272445 0.721677 0.397638 1.090450
85.400000 0.323049 1.031677 0.320784 0.609880 1.272378 0.721667 0.397681 1.090132
85.600000 0.323288 1.031930 0.320811 0.610083 1.272480 0.721789 0.397679 1.090539
85.800000 0.323117 1.031590 0.321038 0.610286 1.272211 0.721696 0.397776 1.090343
86.000000 0.323125 1.031413 0.320997 0.610722 1.272580 0.721589 0.397905 1.090663
86.200000 0.323154 1.031626 0.321125 0.610951 1.272795 0.721506 0.397822 1.090344
86.400000 0.323159 1.031936 0.321012 0.611266 1.272652 0.721839 0.397970 1.090543
86.600000 0.323048 1.031726 0.320954 0.611503 1.272674 0.721807 0.398200 1.090460
86.800000 0.323067 1.031771 0.321084 0.611837 1.272620 0.721592 0.398112 1.090532
87.000000 0.323108 1.031615 0.321053 0.611979 1.272664 0.721839 0.398269 1.090282
87.200000 0.323096 1.031608 0.321101 0.612331 1.272987 0.721769 0.398319 1.090518
87.400000 0.323142 1.031702 0.321181 0.612741 1.272925 0.721689 0.398483 1.090739
87.600000 0.323167 1.031709 0.321091 0.612724 1.273024 0.721863 0.398424 1.090651
87.800000 0.323101 1.031460 0.321076 0.613238 1.272754 0.721862 0.398632 1.090402
88.000000 0.323133 1.031531 0.321066 0.613272 1.272847 0.721749 0.398615 1.090540
88.200000 0.323159 1.031527 0.321295 0.613439 1.272902 0.721852 0.398747 1.090486
88.400000 0.323139 1.031639 0.321280 0.613924 1.273163 0.721955 0.398822 1.090629
88.600000 0.323136 1.031572 0.321298 0.613916 1.272978 0.721920 0.398984 1.090452
88.800000 0.323159 1.031554 0.321212 0.614170 1.273024 0.721791 0.398945 1.090500
89.000000 0.323145 1.031798 0.321389 0.614597 1.273306 0.722038 0.399030 1.090453
89.200000 0.323101 1.031630 0.321425 0.614477 1.272984 0.721985 0.399105 1.090462
89.400000 0.322950 1.031309 0.321376 0.615168 1.273090 0.721974 0.399208 1.090698
89.600000 0.323132 1.031773 0.321425 0.615102 1.273098 0.722044 0.399253 1.090566
89.800000 0.323035 1.031688 0.321587 0.615368 1.273245 0.721900 0.399261 1.090642
90.000000 0.323007 1.031718 0.321367 0.615769 1.273449 0.722191 0.399230 1.090430
