0.200000 0.188989 0.388549 0.122380 0.137310 0.443975 0.505766 0.176594 0.367992
0.400000 0.188781 0.387133 0.122271 0.136937 0.440999 0.505362 0.176076 0.365840
0.600000 0.188780 0.386803 0.122314 0.136895 0.439447 0.505182 0.175420 0.364599
0.800000 0.188708 0.385882 0.122222 0.136832 0.437656 0.504795 0.175165 0.363484
1.000000 0.188669 0.385357 0.121918 0.136573 0.436113 0.504749 0.174669 0.362304
1.200000 0.188562 0.384694 0.122156 0.136523 0.434422 0.504401 0.174164 0.361112
1.400000 0.188565 0.384281 0.122132 0.136521 0.433129 0.504310 0.173926 0.360007
1.600000 0.188550 0.384032 0.121796 0.136275 0.431717 0.504237 0.173557 0.358754
1.800000 0.188494 0.383173 0.122412 0.136402 0.430270 0.504059 0.173152 0.357965
2.000000 0.188298 0.382743 0.122054 0.136026 0.428770 0.503939 0.172757 0.356726
2.200000 0.188395 0.382280 0.121970 0.136030 0.427254 0.503575 0.172336 0.355563
2.400000 0.188382 0.381734 0.121902 0.135939 0.425602 0.503262 0.171914 0.354312
2.600000 0.188346 0.381213 0.121845 0.135723 0.424201 0.503169 0.171583 0.353279
2.800000 0.188337 0.380804 0.121775 0.135709 0.422868 0.503039 0.171234 0.352476
3.000000 0.188276 0.380206 0.121841 0.135527 0.421512 0.502659 0.170866 0.351275
3.200000 0.188051 0.379658 0.121833 0.135534 0.420058 0.502550 0.170473 0.350279
3.400000 0.188037 0.379189 0.121673 0.135430 0.418653 0.502247 0.170100 0.349127
3.600000 0.188224 0.378557 0.121642 0.135302 0.417317 0.502058 0.169731 0.348133
3.800000 0.188080 0.378172 0.121565 0.135340 0.415888 0.501716 0.169515 0.347031
4.000000 0.188051 0.377796 0.121757 0.135081 0.414640 0.501434 0.168979 0.346011
4.200000 0.187864 0.377260 0.121505 0.134801 0.413292 0.501669 0.168619 0.345004
4.400000 0.187956 0.377045 0.121556 0.134748 0.411916 0.501283 0.168255 0.344052
4.600000 0.187861 0.376592 0.121328 0.134681 0.410412 0.500980 0.167848 0.342954
4.800000 0.187880 0.376309 0.121463 0.134592 0.409133 0.500959 0.167604 0.341965
5.000000 0.187688 0.375950 0.121322 0.134537 0.407947 0.500687 0.167218 0.341120
5.200000 0.187812 0.375636 0.121406 0.134312 0.406684 0.500631 0.166895 0.340187
5.400000 0.187767 0.375111 0.121422 0.134259 0.405396 0.500276 0.166518 0.339195
5.600000 0.187698 0.374721 0.121372 0.134330 0.404148 0.500137 0.166019 0.338323
5.800000 0.187824 0.374109 0.121200 0.134126 0.402687 0.499741 0.165944 0.337328
6.000000 0.187656 0.373523 0.121379 0.134101 0.401707 0.499626 0.165439 0.336423
6.200000 0.187580 0.373426 0.121011 0.133836 0.400264 0.499469 0.165173 0.335404
6.400000 0.187641 0.373730 0.121421 0.133970 0.398923 0.499299 0.164850 0.334417
6.600000 0.187380 0.372859 0.121075 0.133287 0.397306 0.498978 0.164373 0.333175
6.800000 0.187459 0.372213 0.121024 0.133789 0.396162 0.498757 0.164073 0.332237
7.000000 0.187464 0.371634 0.121194 0.133575 0.395017 0.498388 0.163586 0.331408
7.200000 0.187401 0.371199 0.121048 0.133654 0.393619 0.498209 0.163186 0.330521
7.400000 0.187368 0.370792 0.121042 0.133398 0.392591 0.498129 0.163206 0.329650
7.600000 0.187364 0.370426 0.120878 0.133213 0.391478 0.497798 0.162660 0.328807
7.800000 0.187231 0.369554 0.120988 0.133059 0.390187 0.497447 0.162421 0.327850
8.000000 0.187258 0.368993 0.120885 0.133072 0.389160 0.497375 0.162157 0.327094
8.200000 0.187165 0.368287 0.120776 0.133039 0.387969 0.497185 0.161779 0.326145
8.400000 0.187205 0.367748 0.120962 0.133087 0.386927 0.497010 0.161548 0.325171
8.600000 0.187200 0.367582 0.120929 0.133022 0.385789 0.496828 0.161161 0.324598
8.800000 0.187125 0.367121 0.120779 0.132833 0.384638 0.496658 0.160968 0.323799
9.000000 0.186933 0.366973 0.120853 0.132806 0.383580 0.496455 0.160815 0.322905
9.200000 0.186923 0.366485 0.121000 0.132869 0.382645 0.496247 0.160463 0.322148
9.400000 0.186974 0.365933 0.120809 0.132466 0.381373 0.495958 0.160064 0.321314
9.600000 0.186994 0.365657 0.120721 0.132454 0.380461 0.495850 0.159639 0.320591
9.800000 0.186791 0.364912 0.120561 0.132331 0.379369 0.495602 0.159466 0.319778
10.000000 0.186912 0.364549 0.120844 0.132339 0.378385 0.495361 0.159254 0.319055
10.200000 0.186866 0.364374 0.120576 0.132288 0.377209 0.495005 0.159087 0.318285
10.400000 0.186836 0.364060 0.120787 0.132201 0.376406 0.494896 0.158791 0.317431
10.600000 0.186803 0.363481 0.120602 0.132245 0.375405 0.494706 0.158469 0.316855
10.800000 0.186751 0.363013 0.120623 0.132124 0.374354 0.494570 0.158205 0.315928
11.000000 0.186705 0.362768 0.120612 0.131951 0.373365 0.494310 0.158008 0.315120
11.200000 0.186720 0.362362 0.120578 0.132135 0.372187 0.494043 0.157644 0.314385
11.400000 0.186687 0.361884 0.120401 0.131829 0.371112 0.493775 0.157437 0.313742
11.600000 0.186631 0.361633 0.120812 0.131807 0.370394 0.493665 0.157101 0.313031
11.800000 0.186480 0.361296 0.120428 0.131688 0.369456 0.493468 0.156747 0.312198
12.000000 0.186530 0.361014 0.120187 0.131656 0.368450 0.493016 0.156410 0.311475
12.200000 0.186560 0.360522 0.120476 0.131617 0.367565 0.493033 0.156255 0.311074
12.400000 0.186511 0.360148 0.120423 0.131580 0.366558 0.492967 0.156204 0.310111
12.600000 0.186612 0.359772 0.120370 0.131426 0.365406 0.492490 0.155653 0.309361
12.800000 0.186468 0.359361 0.120334 0.131426 0.364630 0.492392 0.155555 0.308660
13.000000 0.186428 0.359122 0.120320 0.131324 0.363858 0.492162 0.155361 0.307922
13.200000 0.186445 0.358816 0.120264 0.131371 0.362729 0.491929 0.155067 0.307404
13.400000 0.186356 0.358435 0.120359 0.131076 0.361941 0.491787 0.155018 0.306753
13.600000 0.186360 0.358244 0.120351 0.131143 0.361317 0.491629 0.154662 0.306319
13.800000 0.186176 0.357943 0.120381 0.131107 0.360425 0.491374 0.154414 0.305593
14.000000 0.186297 0.357459 0.120103 0.131010 0.359597 0.491127 0.154378 0.304979
14.200000 0.186420 0.357217 0.120261 0.131001 0.358926 0.490965 0.154057 0.304329
14.400000 0.186238 0.357024 0.120188 0.130920 0.357890 0.490630 0.153697 0.303878
14.600000 0.186117 0.356602 0.120237 0.130792 0.357329 0.490540 0.153629 0.303267
14.800000 0.186225 0.356554 0.120223 0.130619 0.356324 0.490467 0.153379 0.302661
15.000000 0.186233 0.356258 0.120193 0.130806 0.355824 0.490229 0.153207 0.302326
15.200000 0.186284 0.355806 0.120132 0.130679 0.354973 0.490065 0.152896 0.301387
15.400000 0.186118 0.355668 0.120113 0.130762 0.354295 0.489714 0.152827 0.300981
15.600000 0.186117 0.355240 0.120034 0.130732 0.353364 0.489563 0.152720 0.300379
15.800000 0.186076 0.355013 0.119936 0.130569 0.352512 0.489407 0.152367 0.299760
16.000000 0.186017 0.354647 0.120078 0.130489 0.351719 0.489199 0.152076 0.299171
16.200000 0.186007 0.354413 0.120041 0.130420 0.350984 0.488935 0.151951 0.298536
16.400000 0.186102 0.354012 0.119950 0.130383 0.350484 0.488741 0.151767 0.298085
16.600000 0.185865 0.353980 0.119996 0.130197 0.349633 0.488662 0.151623 0.297594
16.800000 0.185973 0.353499 0.119926 0.130256 0.348821 0.488434 0.151484 0.297037
17.000000 0.185746 0.353310 0.119994 0.130178 0.348097 0.488182 0.151261 0.296332
17.200000 0.185629 0.352755 0.119830 0.130208 0.347379 0.488041 0.150926 0.295845
17.400000 0.185855 0.352766 0.120070 0.130002 0.346757 0.487731 0.150859 0.295348
17.600000 0.185712 0.352402 0.119860 0.129958 0.345918 0.487633 0.150705 0.294891
17.800000 0.185844 0.352052 0.119877 0.129991 0.345265 0.487468 0.150491 0.294267
18.000000 0.185741 0.351774 0.119881 0.129989 0.344498 0.487080 0.150139 0.293777
18.200000 0.185773 0.312583 0.119728 0.129910 0.343899 0.486943 0.150078 0.293164
18.400000 0.185732 0.351338 0.119812 0.129778 0.343073 0.486829 0.149874 0.292448
18.600000 0.185719 0.351103 0.119743 0.129716 0.342474 0.486621 0.149783 0.292239
18.800000 0.185683 0.350807 0.120007 0.129959 0.341772 0.486387 0.149615 0.291615
19.000000 0.185691 0.350418 0.119720 0.129583 0.340813 0.486153 0.149302 0.290965
19.200000 0.185627 0.350099 0.119754 0.129765 0.340247 0.485909 0.149175 0.290440
19.400000 0.185628 0.349985 0.119759 0.129629 0.339245 0.485758 0.149006 0.289917
19.600000 0.185636 0.349576 0.119752 0.129552 0.338805 0.485427 0.148791 0.289457
19.800000 0.185562 0.349283 0.119751 0.129474 0.338433 0.485333 0.148644 0.288901
20.000000 0.185582 0.349156 0.119637 0.129446 0.337399 0.484968 0.148603 0.288509
20.200000 0.185400 0.348838 0.119666 0.129436 0.336860 0.485053 0.148202 0.288010
20.400000 0.185433 0.348793 0.119382 0.129337 0.336192 0.484769 0.148012 0.287485
20.600000 0.185431 0.348268 0.119503 0.129367 0.335566 0.484492 0.147873 0.286987
20.800000 0.185498 0.348145 0.119714 0.129116 0.334917 0.484194 0.147851 0.286487
21.000000 0.185362 0.347987 0.119511 0.129185 0.334233 0.484060 0.147844 0.285971
21.200000 0.185502 0.347615 0.119578 0.129350 0.333669 0.483771 0.147473 0.285606
21.400000 0.185436 0.347542 0.119541 0.129221 0.332976 0.483818 0.147259 0.285136
21.600000 0.185497 0.347221 0.119834 0.129113 0.332395 0.483448 0.147104 0.284677
21.800000 0.185537 0.346842 0.119610 0.129074 0.331590 0.483378 0.146946 0.284234
22.000000 0.185364 0.346697 0.119382 0.129026 0.331014 0.483004 0.146857 0.283741
22.200000 0.185365 0.346431 0.120028 0.128970 0.330584 0.482819 0.146928 0.283254
22.400000 0.185318 0.346283 0.119522 0.128987 0.329987 0.482772 0.146606 0.282897
22.600000 0.185314 0.345978 0.119364 0.128689 0.329285 0.482344 0.146340 0.282384
22.800000 0.185315 0.345689 0.119537 0.128843 0.328921 0.482187 0.146437 0.281926
23.000000 0.185388 0.345394 0.119436 0.128745 0.328121 0.481976 0.146294 0.281317
23.200000 0.185237 0.345205 0.119458 0.128736 0.327513 0.481913 0.146008 0.281036
23.400000 0.185238 0.345063 0.119432 0.128722 0.327091 0.481598 0.145754 0.280626
23.600000 0.185212 0.344921 0.119495 0.128589 0.326425 0.481549 0.145754 0.280225
23.800000 0.185212 0.344414 0.119487 0.128698 0.325925 0.481285 0.145459 0.279634
24.000000 0.185196 0.344241 0.119421 0.128750 0.325173 0.481017 0.145463 0.279313
24.200000 0.185167 0.344136 0.119426 0.128713 0.324781 0.480998 0.145330 0.278903
24.400000 0.185125 0.343850 0.119084 0.128365 0.324161 0.480675 0.145141 0.278518
24.600000 0.184982 0.343651 0.119382 0.128332 0.323552 0.480488 0.144864 0.277973
24.800000 0.185122 0.343337 0.119342 0.128396 0.323114 0.480362 0.145052 0.277803
25.000000 0.184947 0.343073 0.119470 0.128423 0.322452 0.480192 0.144928 0.277239
25.200000 0.185086 0.342990 0.119449 0.128338 0.321817 0.479780 0.144726 0.276744
25.400000 0.185044 0.342722 0.119262 0.128372 0.321296 0.479665 0.144579 0.276305
25.600000 0.185016 0.342478 0.119287 0.128388 0.320801 0.479493 0.144391 0.275735
25.800000 0.184980 0.342256 0.119378 0.128252 0.320226 0.479297 0.144426 0.275420
26.000000 0.184973 0.342140 0.119177 0.128165 0.319591 0.478980 0.144227 0.275027
26.200000 0.185080 0.341840 0.119022 0.128153 0.319105 0.478831 0.144001 0.274717
26.400000 0.184810 0.341779 0.119205 0.127972 0.318598 0.478543 0.144027 0.274296
26.600000 0.184925 0.341367 0.119251 0.128164 0.318047 0.478566 0.143587 0.273888
26.800000 0.184906 0.341255 0.119247 0.128121 0.317595 0.478314 0.143635 0.273522
27.000000 0.184876 0.340909 0.119048 0.128019 0.317056 0.477952 0.143536 0.273034
27.200000 0.184892 0.340903 0.119579 0.127982 0.316514 0.477900 0.143313 0.272667
27.400000 0.184862 0.340497 0.119039 0.127885 0.316155 0.477850 0.143339 0.272227
27.600000 0.184913 0.340341 0.119151 0.127762 0.315406 0.477323 0.143172 0.271921
27.800000 0.184803 0.340250 0.119224 0.127900 0.315030 0.477319 0.143086 0.271567
28.000000 0.184763 0.339958 0.119233 0.127990 0.314552 0.476997 0.143057 0.271223
28.200000 0.184757 0.339844 0.119040 0.127785 0.313908 0.476916 0.142681 0.270984
28.400000 0.184691 0.339540 0.119075 0.127754 0.313509 0.476673 0.142723 0.270395
28.600000 0.184602 0.339475 0.119166 0.127783 0.313086 0.476528 0.142549 0.269937
28.800000 0.184692 0.339063 0.119048 0.127726 0.351428 0.476312 0.142638 0.269724
29.000000 0.184734 0.339041 0.119120 0.127683 0.312052 0.476184 0.142390 0.269192
29.200000 0.184706 0.338860 0.118866 0.127669 0.311548 0.475628 0.142348 0.268980
29.400000 0.184691 0.338363 0.119106 0.127571 0.311096 0.475670 0.142156 0.268577
29.600000 0.184690 0.338240 0.119144 0.127625 0.310572 0.475532 0.141988 0.268373
29.800000 0.184616 0.338037 0.119090 0.127665 0.310254 0.475176 0.141700 0.267891
30.000000 0.184487 0.338093 0.119144 0.127550 0.309698 0.475243 0.141862 0.267383
30.200000 0.184488 0.337788 0.118900 0.127426 0.309255 0.474974 0.141661 0.267158
30.400000 0.184763 0.337489 0.118896 0.127445 0.308582 0.474577 0.141783 0.266802
30.600000 0.185366 0.337433 0.118873 0.127442 0.308216 0.474467 0.141535 0.266460
30.800000 0.189032 0.337077 0.119026 0.127479 0.307803 0.474443 0.141318 0.266158
31.000000 0.195627 0.337015 0.119009 0.127699 0.307372 0.474163 0.141589 0.265842
31.200000 0.206007 0.336877 0.118904 0.127378 0.307040 0.473794 0.141368 0.265508
31.400000 0.222994 0.336888 0.119094 0.127417 0.307007 0.473805 0.141587 0.265744
31.600000 0.239122 0.336690 0.119036 0.127465 0.307463 0.473669 0.141752 0.265936
31.800000 0.255666 0.336835 0.119156 0.127452 0.308087 0.473750 0.141970 0.266504
32.000000 0.271975 0.337210 0.119252 0.127828 0.309558 0.473720 0.142385 0.267431
32.200000 0.287666 0.337439 0.119459 0.128056 0.311298 0.473924 0.143272 0.268863
32.400000 0.301855 0.338074 0.119534 0.128439 0.313718 0.473824 0.143932 0.270663
32.600000 0.314862 0.339285 0.119578 0.128963 0.316629 0.474044 0.144913 0.272892
32.800000 0.326618 0.340752 0.119851 0.129753 0.320176 0.474191 0.145981 0.275666
33.000000 0.336869 0.342702 0.120363 0.130354 0.324308 0.474321 0.146863 0.278543
33.200000 0.345777 0.345027 0.120759 0.131436 0.329032 0.474692 0.148383 0.281997
33.400000 0.353875 0.347776 0.121333 0.132628 0.334106 0.474802 0.149611 0.285740
33.600000 0.360692 0.351132 0.121921 0.133970 0.339473 0.474912 0.151063 0.289652
33.800000 0.366585 0.355021 0.122712 0.135086 0.345234 0.475280 0.152739 0.294059
34.000000 0.371767 0.359143 0.123696 0.136430 0.351192 0.475400 0.154119 0.298674
34.200000 0.376357 0.363725 0.124512 0.138086 0.357584 0.475876 0.155880 0.303773
34.400000 0.380127 0.368409 0.125126 0.139560 0.363973 0.476074 0.157343 0.308662
34.600000 0.383319 0.373910 0.126297 0.141085 0.370904 0.476303 0.159113 0.313872
34.800000 0.386308 0.379750 0.127422 0.142738 0.377784 0.476672 0.160848 0.319351
35.000000 0.388553 0.385611 0.128561 0.144340 0.384690 0.477008 0.162548 0.324731
35.200000 0.390849 0.392062 0.129474 0.145931 0.392146 0.477437 0.164360 0.330774
35.400000 0.392182 0.398138 0.130612 0.147697 0.398876 0.477592 0.165917 0.336115
35.600000 0.393586 0.404573 0.131600 0.149190 0.405777 0.477850 0.167685 0.341539
35.800000 0.394873 0.411277 0.132538 0.150993 0.412900 0.478135 0.169240 0.347164
36.000000 0.395646 0.418031 0.133585 0.152413 0.419827 0.478239 0.170787 0.353074
36.200000 0.396655 0.425223 0.134598 0.154039 0.427183 0.478950 0.172644 0.358762
36.400000 0.397303 0.432342 0.135608 0.155741 0.434388 0.479072 0.174156 0.364640
36.600000 0.397877 0.440034 0.136701 0.157414 0.441619 0.479394 0.175788 0.370455
36.800000 0.398338 0.447835 0.137540 0.158970 0.449047 0.479518 0.177498 0.376185
37.000000 0.398423 0.455654 0.138636 0.160576 0.456454 0.479869 0.179085 0.382095
37.200000 0.398786 0.463772 0.139720 0.162270 0.463793 0.480086 0.180703 0.388275
37.400000 0.398986 0.472505 0.140587 0.164127 0.471962 0.480526 0.182565 0.395148
37.600000 0.399138 0.484607 0.142089 0.166209 0.482516 0.480862 0.184678 0.403010
37.800000 0.399018 0.493233 0.143033 0.167584 0.490562 0.481153 0.186006 0.409128
38.000000 0.399064 0.502152 0.143778 0.169221 0.498089 0.481542 0.187700 0.415459
38.200000 0.399132 0.510815 0.144873 0.171028 0.505874 0.481929 0.189329 0.421683
38.400000 0.399035 0.519624 0.145814 0.172536 0.514022 0.482113 0.190595 0.428087
38.600000 0.398967 0.528526 0.146555 0.174077 0.521940 0.482472 0.192304 0.434262
38.800000 0.398741 0.537470 0.147688 0.175715 0.530071 0.482680 0.193824 0.440625
39.000000 0.398646 0.545996 0.148504 0.177257 0.537819 0.482868 0.195407 0.446650
39.200000 0.398393 0.555220 0.149199 0.178735 0.545964 0.483205 0.196969 0.453272
39.400000 0.398361 0.564026 0.150198 0.180227 0.554253 0.483548 0.198347 0.459581
39.600000 0.397850 0.572710 0.151076 0.181659 0.562157 0.483553 0.199644 0.466033
39.800000 0.397841 0.581632 0.151908 0.183166 0.570446 0.484064 0.201226 0.472508
40.000000 0.397556 0.589936 0.152578 0.184559 0.578469 0.484273 0.202686 0.478717
40.200000 0.397434 0.598734 0.153805 0.186086 0.586938 0.484612 0.204145 0.485518
40.400000 0.397376 0.606864 0.154361 0.187448 0.595208 0.484850 0.205682 0.491980
40.600000 0.397174 0.615333 0.155139 0.188794 0.603343 0.484926 0.206794 0.498591
40.800000 0.397034 0.623406 0.155810 0.190125 0.611667 0.485271 0.208031 0.505186
41.000000 0.396909 0.631205 0.156685 0.191610 0.619757 0.485635 0.209742 0.511706
41.200000 0.397005 0.639118 0.157352 0.192893 0.627976 0.485978 0.210938 0.518140
41.400000 0.396723 0.646404 0.157952 0.194290 0.636073 0.486184 0.212315 0.524887
41.600000 0.396695 0.653936 0.158558 0.195583 0.644091 0.486490 0.213597 0.531266
41.800000 0.396520 0.660966 0.159541 0.197083 0.652380 0.486664 0.214976 0.537583
42.000000 0.396487 0.668408 0.160264 0.198185 0.660336 0.486914 0.216070 0.544133
42.200000 0.396166 0.675026 0.160996 0.199469 0.668288 0.487110 0.217301 0.550525
42.400000 0.396035 0.681397 0.161613 0.200726 0.675934 0.487518 0.218752 0.556678
42.600000 0.395860 0.688158 0.162272 0.201733 0.684161 0.487736 0.219947 0.563355
42.800000 0.395677 0.694038 0.162919 0.203155 0.691547 0.487801 0.221058 0.569574
43.000000 0.395432 0.700190 0.163540 0.204220 0.699563 0.488080 0.222282 0.575657
43.200000 0.395353 0.705944 0.164161 0.205541 0.706832 0.488378 0.223481 0.581849
43.400000 0.394914 0.711227 0.164769 0.206668 0.714431 0.488568 0.224572 0.587915
43.600000 0.394787 0.716933 0.165398 0.207722 0.721703 0.488827 0.225758 0.593773
43.800000 0.394689 0.722180 0.165753 0.209045 0.729706 0.489054 0.227034 0.600665
44.000000 0.394359 0.728317 0.166520 0.210409 0.738490 0.489467 0.228293 0.607452
44.200000 0.394382 0.732948 0.167141 0.211439 0.745534 0.489618 0.229211 0.613374
44.400000 0.394079 0.737571 0.167725 0.212511 0.752459 0.489677 0.230388 0.618909
44.600000 0.393772 0.741557 0.168039 0.213417 0.758965 0.489866 0.231281 0.624222
44.800000 0.393636 0.745792 0.168879 0.214624 0.765913 0.490241 0.232528 0.630053
45.000000 0.393375 0.749778 0.169103 0.215634 0.772266 0.490283 0.233334 0.635163
45.200000 0.393330 0.753456 0.169820 0.216631 0.778788 0.490528 0.234248 0.640791
45.400000 0.393198 0.757201 0.170270 0.217540 0.785136 0.490854 0.235422 0.646045
45.600000 0.393083 0.760498 0.170576 0.218471 0.791369 0.490997 0.236279 0.651214
45.800000 0.393021 0.763856 0.171164 0.219518 0.797352 0.491314 0.237147 0.656487
46.000000 0.392767 0.767101 0.171553 0.220229 0.803369 0.491474 0.238072 0.661325
46.200000 0.392757 0.770121 0.172114 0.221205 0.809481 0.491564 0.239027 0.666275
46.400000 0.392748 0.773353 0.172371 0.222267 0.815232 0.491804 0.239974 0.671355
46.600000 0.392612 0.776122 0.172820 0.222971 0.820837 0.492119 0.240900 0.676015
46.800000 0.392595 0.778884 0.173198 0.224122 0.826494 0.492138 0.241657 0.680681
47.000000 0.392702 0.781538 0.173633 0.224793 0.831785 0.492553 0.242541 0.685332
47.200000 0.392586 0.783979 0.173753 0.225639 0.837139 0.492585 0.243523 0.689907
47.400000 0.392492 0.786244 0.174506 0.226442 0.842583 0.492936 0.244170 0.694339
47.600000 0.392662 0.788660 0.174715 0.227289 0.847639 0.493313 0.245036 0.698763
47.800000 0.392562 0.790816 0.175103 0.228134 0.852912 0.493342 0.245923 0.703088
48.000000 0.392473 0.793029 0.175508 0.228723 0.857792 0.493404 0.246440 0.707226
48.200000 0.392581 0.795120 0.175833 0.229664 0.862702 0.494038 0.247461 0.711396
48.400000 0.392479 0.797034 0.176325 0.230501 0.867364 0.493784 0.248088 0.715674
48.600000 0.392426 0.798919 0.176678 0.231066 0.872307 0.494086 0.248866 0.719677
48.800000 0.392213 0.800743 0.176998 0.231948 0.877166 0.494426 0.249558 0.723714
49.000000 0.392045 0.802702 0.177156 0.232769 0.881344 0.494481 0.250305 0.727695
49.200000 0.392059 0.803998 0.177611 0.233400 0.885658 0.494680 0.250856 0.731361
49.400000 0.391988 0.806007 0.177876 0.234215 0.890315 0.494889 0.251740 0.735243
49.600000 0.391916 0.807634 0.178083 0.235125 0.894617 0.495023 0.252444 0.738973
49.800000 0.391700 0.809138 0.178521 0.235724 0.898813 0.495255 0.253121 0.742779
50.000000 0.391707 0.810790 0.178812 0.236484 0.902559 0.495543 0.253624 0.746271
50.200000 0.391712 0.812104 0.179021 0.237133 0.907282 0.495650 0.254514 0.750107
50.400000 0.391427 0.813634 0.179315 0.237830 0.910915 0.495901 0.254989 0.753381
50.600000 0.391469 0.815097 0.179878 0.238640 0.914999 0.495952 0.255436 0.756853
50.800000 0.391375 0.816419 0.179988 0.239192 0.918838 0.496322 0.256256 0.760229
51.000000 0.391204 0.817247 0.180287 0.239871 0.922498 0.496511 0.257001 0.763500
51.200000 0.391138 0.818874 0.180392 0.240376 0.926138 0.496637 0.257614 0.766590
51.400000 0.390884 0.819763 0.180770 0.241128 0.929464 0.496721 0.258054 0.769789
51.600000 0.390813 0.821055 0.181060 0.241529 0.932968 0.496908 0.258662 0.772778
51.800000 0.390748 0.821942 0.181132 0.242434 0.936576 0.497045 0.259455 0.776042
52.000000 0.429680 0.823340 0.181311 0.242942 0.939873 0.497481 0.259956 0.778879
52.200000 0.390502 0.824066 0.181827 0.243821 0.943065 0.497302 0.260494 0.781663
52.400000 0.390465 0.825338 0.182122 0.244386 0.946345 0.497670 0.261003 0.784568
52.600000 0.390401 0.825832 0.182446 0.244804 0.949393 0.497881 0.261657 0.787259
52.800000 0.390334 0.826904 0.182499 0.245474 0.952261 0.497982 0.262158 0.790187
53.000000 0.390315 0.827910 0.182640 0.246065 0.955622 0.498328 0.262665 0.792893
53.200000 0.390126 0.828800 0.183077 0.246683 0.958398 0.498406 0.263176 0.795484
53.400000 0.390058 0.829413 0.183178 0.247264 0.961237 0.498651 0.263686 0.797896
53.600000 0.389921 0.830253 0.183374 0.247779 0.963954 0.498692 0.264134 0.800454
53.800000 0.390009 0.831018 0.183677 0.248161 0.966655 0.498858 0.264694 0.803017
54.000000 0.389965 0.831810 0.183717 0.248746 0.969253 0.498979 0.265160 0.805436
54.200000 0.389907 0.832398 0.184084 0.249229 0.972002 0.499346 0.265583 0.807709
54.400000 0.389729 0.833281 0.184215 0.249839 0.974668 0.499353 0.266097 0.810213
54.600000 0.389993 0.833953 0.184609 0.250316 0.977259 0.499708 0.266569 0.812444
54.800000 0.389653 0.834216 0.184516 0.250886 0.979745 0.499770 0.267016 0.814569
55.000000 0.389575 0.835371 0.184538 0.251294 0.982020 0.499969 0.267412 0.816723
55.200000 0.389692 0.835841 0.184917 0.251837 0.984464 0.500055 0.267829 0.819037
55.400000 0.389507 0.836591 0.185194 0.252582 0.986916 0.500431 0.268349 0.821297
55.600000 0.389472 0.837044 0.185543 0.252916 0.989090 0.500488 0.268715 0.823111
55.800000 0.389269 0.837692 0.185687 0.253302 0.991367 0.500565 0.269200 0.825331
56.000000 0.389174 0.838286 0.185509 0.253864 0.993531 0.500743 0.269598 0.827181
56.200000 0.389026 0.838528 0.185885 0.254305 0.995552 0.500975 0.269871 0.829209
56.400000 0.388848 0.839447 0.186137 0.255113 0.998489 0.501357 0.270234 0.831631
56.600000 0.388714 0.839958 0.186219 0.255458 1.000391 0.501317 0.270799 0.833578
56.800000 0.388525 0.840061 0.186536 0.255860 1.002328 0.501475 0.271212 0.835281
57.000000 0.388458 0.840801 0.186588 0.256251 1.004223 0.501652 0.271492 0.837059
57.200000 0.388311 0.841243 0.186738 0.256605 1.006241 0.501731 0.272037 0.839067
57.400000 0.388160 0.841795 0.186871 0.257241 1.008008 0.502089 0.272234 0.840565
57.600000 0.387886 0.842214 0.187002 0.257669 1.009849 0.502205 0.272581 0.842259
57.800000 0.387992 0.842373 0.187084 0.257939 1.011542 0.502363 0.272928 0.843948
58.000000 0.387754 0.842869 0.187237 0.258299 1.013121 0.502299 0.273176 0.845332
58.200000 0.387470 0.843328 0.187444 0.258845 1.014953 0.502502 0.273718 0.847079
58.400000 0.387308 0.843533 0.187534 0.259174 1.016691 0.502822 0.273890 0.848338
58.600000 0.387291 0.843894 0.187790 0.259354 1.018232 0.502799 0.274170 0.850040
58.800000 0.387155 0.844342 0.187811 0.259951 1.019932 0.503231 0.274539 0.851648
59.000000 0.387106 0.844442 0.187922 0.259910 1.021344 0.503140 0.274754 0.852822
59.200000 0.387187 0.844728 0.188068 0.260759 1.023148 0.503255 0.274966 0.854460
59.400000 0.387149 0.845068 0.188043 0.260696 1.024599 0.503435 0.275335 0.855940
59.600000 0.386966 0.845451 0.188166 0.261276 1.026126 0.503683 0.275601 0.857178
59.800000 0.386975 0.845495 0.188382 0.261613 1.027287 0.503794 0.275900 0.858454
60.000000 0.387054 0.845656 0.188532 0.262028 1.028546 0.503856 0.276250 0.859815
60.200000 0.387142 0.846170 0.188641 0.262444 1.029865 0.504078 0.276535 0.861101
60.400000 0.387011 0.846708 0.188801 0.263007 1.031717 0.504339 0.276785 0.862430
60.600000 0.387099 0.846633 0.188755 0.263186 1.033039 0.504358 0.277094 0.863729
60.800000 0.387107 0.846889 0.189017 0.263618 1.034533 0.504714 0.277295 0.865136
61.000000 0.386984 0.847056 0.189194 0.263852 1.035686 0.504627 0.277541 0.866158
61.200000 0.387062 0.847211 0.189238 0.264396 1.037201 0.504929 0.277873 0.867877
61.400000 0.386661 0.847522 0.189214 0.264567 1.038219 0.504953 0.278047 0.868537
61.600000 0.386637 0.847753 0.189242 0.264738 1.039379 0.504825 0.278159 0.869736
61.800000 0.386367 0.847970 0.189425 0.265161 1.040979 0.505118 0.278465 0.870859
62.000000 0.386208 0.848076 0.189859 0.265567 1.042187 0.505308 0.278916 0.872791
62.200000 0.386479 0.848665 0.189835 0.266087 1.043709 0.505706 0.279197 0.873910
62.400000 0.386071 0.848800 0.190063 0.266512 1.045188 0.506080 0.279495 0.875206
62.600000 0.386192 0.849163 0.190107 0.266774 1.046417 0.506072 0.279561 0.876244
62.800000 0.385913 0.849285 0.190076 0.267136 1.047408 0.505996 0.279747 0.877179
63.000000 0.386037 0.849353 0.190344 0.267350 1.048331 0.506135 0.280057 0.878270
63.200000 0.385940 0.849599 0.190368 0.267490 1.049565 0.506505 0.280254 0.879015
63.400000 0.385950 0.849792 0.190452 0.267952 1.050423 0.506491 0.280423 0.880258
63.600000 0.385828 0.850005 0.190607 0.268380 1.051742 0.506821 0.280632 0.881257
63.800000 0.385757 0.850086 0.190708 0.268553 1.052748 0.506776 0.281050 0.881990
64.000000 0.385823 0.850352 0.190719 0.268785 1.053584 0.507014 0.281001 0.883083
64.200000 0.385603 0.850302 0.190839 0.269026 1.054437 0.507115 0.281159 0.883868
64.400000 0.385677 0.850673 0.190803 0.269337 1.055474 0.507307 0.281443 0.884925
64.600000 0.385669 0.850891 0.191014 0.269632 1.056398 0.507459 0.281472 0.885677
64.800000 0.385446 0.850724 0.190890 0.269901 1.057385 0.507434 0.281567 0.886425
65.000000 0.385535 0.850932 0.191179 0.270339 1.058241 0.507556 0.281922 0.887439
65.200000 0.385457 0.851089 0.191309 0.270400 1.059095 0.507814 0.282081 0.888316
65.400000 0.385370 0.851184 0.191207 0.270563 1.060023 0.507918 0.282247 0.889077
65.600000 0.385351 0.851592 0.191479 0.270938 1.060915 0.508224 0.282410 0.889700
65.800000 0.385258 0.851475 0.191467 0.271223 1.061767 0.508327 0.282586 0.890507
66.000000 0.385023 0.851712 0.191429 0.271493 1.062520 0.508274 0.282612 0.891487
66.200000 0.384904 0.851659 0.191674 0.271671 1.063209 0.508335 0.282864 0.892064
66.400000 0.384924 0.851916 0.191924 0.271952 1.064014 0.508690 0.282915 0.893052
66.600000 0.384681 0.851998 0.191953 0.272173 1.065067 0.508581 0.283313 0.893719
66.800000 0.384739 0.852190 0.191681 0.272259 1.065751 0.508947 0.283493 0.894395
67.000000 0.384502 0.852180 0.191813 0.272673 1.066523 0.508947 0.283466 0.895150
67.200000 0.384228 0.852203 0.191979 0.272903 1.067007 0.509301 0.283579 0.895842
67.400000 0.384104 0.852500 0.192095 0.273082 1.068051 0.509362 0.283758 0.896602
67.600000 0.384173 0.852249 0.192229 0.312404 1.068605 0.509512 0.283858 0.897482
67.800000 0.383979 0.852402 0.192187 0.273359 1.069260 0.509421 0.283896 0.897905
68.000000 0.383779 0.852765 0.192303 0.273611 1.069819 0.509902 0.284141 0.898556
68.200000 0.383738 0.852696 0.192385 0.273978 1.070417 0.509800 0.284230 0.899110
68.400000 0.383594 0.852930 0.192513 0.274023 1.071170 0.510050 0.284432 0.899866
68.600000 0.383432 0.852938 0.192462 0.274429 1.072082 0.510164 0.284516 0.900614
68.800000 0.383354 0.852763 0.192388 0.274609 1.072472 0.510319 0.284622 0.901150
69.000000 0.383441 0.852818 0.192692 0.274661 1.073269 0.510470 0.284693 0.901702
69.200000 0.383363 0.852838 0.192674 0.274841 1.074025 0.510688 0.284784 0.902370
69.400000 0.383341 0.852792 0.192597 0.275254 1.074439 0.510680 0.284960 0.902742
69.600000 0.383204 0.852835 0.192835 0.275396 1.074898 0.510814 0.285001 0.903174
69.800000 0.383410 0.852887 0.192748 0.275469 1.075445 0.510994 0.285144 0.903899
70.000000 0.383416 0.852986 0.192691 0.275779 1.076136 0.511128 0.285245 0.904366
70.200000 0.383393 0.853099 0.192886 0.275762 1.076607 0.511134 0.285315 0.905091
70.400000 0.383272 0.852825 0.192971 0.276087 1.077175 0.511181 0.285430 0.905501
70.600000 0.383211 0.853115 0.192927 0.276165 1.077866 0.511433 0.285361 0.906019
70.800000 0.383199 0.853155 0.193079 0.276436 1.078366 0.511607 0.285644 0.906592
71.000000 0.383139 0.852881 0.193036 0.276721 1.078600 0.511478 0.285494 0.906982
71.200000 0.382813 0.852980 0.193065 0.276907 1.079281 0.511654 0.285664 0.907456
71.400000 0.382927 0.853143 0.193280 0.277041 1.079977 0.511875 0.285912 0.908131
71.600000 0.382782 0.853465 0.193256 0.277144 1.080426 0.511938 0.285932 0.908499
71.800000 0.382770 0.853213 0.193365 0.277306 1.080796 0.512087 0.285873 0.908973
72.000000 0.382758 0.853231 0.193461 0.277526 1.081246 0.512318 0.286251 0.909433
72.200000 0.382732 0.853394 0.193455 0.277747 1.081858 0.512320 0.286115 0.910006
72.400000 0.382806 0.853446 0.193566 0.277868 1.082169 0.512663 0.286160 0.910314
72.600000 0.382786 0.853204 0.193784 0.278149 1.082873 0.512689 0.286255 0.910851
72.800000 0.382643 0.853291 0.193757 0.278033 1.083189 0.512824 0.286552 0.911363
73.000000 0.382873 0.853481 0.193700 0.278229 1.083703 0.513058 0.286558 0.911920
73.200000 0.382943 0.853355 0.193766 0.278545 1.084168 0.513116 0.286582 0.912113
73.400000 0.382779 0.853411 0.193653 0.278724 1.084491 0.513038 0.286670 0.912884
73.600000 0.382968 0.853536 0.193849 0.278847 1.085267 0.513298 0.286849 0.913224
73.800000 0.382847 0.853548 0.193915 0.279031 1.085310 0.513396 0.286595 0.913407
74.000000 0.382984 0.853280 0.193989 0.279223 1.085906 0.513564 0.286999 0.913968
74.200000 0.382671 0.853607 0.193971 0.279478 1.086331 0.513682 0.286865 0.914384
74.400000 0.382769 0.853450 0.194058 0.279501 1.086583 0.513710 0.287141 0.914891
74.600000 0.382827 0.853824 0.194188 0.279593 1.087247 0.514051 0.287064 0.915077
74.800000 0.382404 0.853701 0.194189 0.279912 1.087619 0.513954 0.287119 0.915710
75.000000 0.382452 0.853911 0.194160 0.280112 1.088207 0.514458 0.287213 0.916084
75.200000 0.382306 0.853983 0.194303 0.280074 1.088271 0.514119 0.287249 0.916445
75.400000 0.382210 0.854175 0.194383 0.280340 1.089052 0.514492 0.287192 0.917197
75.600000 0.381995 0.853959 0.194503 0.280557 1.089192 0.514492 0.287452 0.917196
75.800000 0.381907 0.854151 0.194308 0.280504 1.089687 0.514747 0.287380 0.917713
76.000000 0.381793 0.854145 0.194410 0.280675 1.089947 0.514740 0.287376 0.917748
76.200000 0.381647 0.854172 0.194451 0.280892 1.090520 0.514891 0.287568 0.918337
76.400000 0.381648 0.854011 0.194689 0.281044 1.090838 0.514916 0.287561 0.918722
76.600000 0.381702 0.853964 0.194621 0.281147 1.091003 0.515199 0.287612 0.918737
76.800000 0.381715 0.854012 0.194610 0.281265 1.091104 0.515162 0.287651 0.919340
77.000000 0.381705 0.853911 0.194559 0.281498 1.091594 0.515554 0.287713 0.919616
77.200000 0.381764 0.854110 0.194755 0.281442 1.092134 0.515465 0.287758 0.919869
77.400000 0.381640 0.854124 0.194921 0.281651 1.092129 0.515534 0.287929 0.920177
77.600000 0.381666 0.854054 0.194959 0.281959 1.092645 0.515752 0.287842 0.920611
77.800000 0.381857 0.854080 0.194716 0.281892 1.092880 0.515786 0.287855 0.920743
78.000000 0.381865 0.854175 0.194897 0.282052 1.093354 0.515991 0.287947 0.921269
78.200000 0.381811 0.853980 0.194742 0.282145 1.093645 0.516060 0.287872 0.921371
78.400000 0.381876 0.853901 0.194973 0.282299 1.093969 0.516169 0.287977 0.921818
78.600000 0.381785 0.854280 0.194986 0.282525 1.094338 0.516496 0.288053 0.921942
78.800000 0.381842 0.854191 0.194947 0.282554 1.094419 0.516464 0.288041 0.922333
79.000000 0.381842 0.854080 0.195097 0.282636 1.094682 0.516464 0.287949 0.922616
79.200000 0.381910 0.854283 0.195305 0.282967 1.095061 0.516622 0.288174 0.922927
79.400000 0.381758 0.854333 0.195087 0.282676 1.095212 0.516685 0.288099 0.923241
79.600000 0.381744 0.854486 0.195168 0.283025 1.095865 0.516901 0.288371 0.923678
79.800000 0.381637 0.854313 0.195168 0.283158 1.096016 0.516906 0.288216 0.923861
80.000000 0.381655 0.854411 0.195062 0.283354 1.096471 0.517209 0.288299 0.924309
80.200000 0.381755 0.854575 0.195366 0.283512 1.096501 0.517144 0.288279 0.924386
80.400000 0.381518 0.854349 0.234250 0.283644 1.097036 0.517159 0.288327 0.924720
80.600000 0.381374 0.854501 0.195531 0.283728 1.097385 0.517457 0.288367 0.925094
80.800000 0.381480 0.854555 0.195556 0.283726 1.097465 0.517613 0.288377 0.925295
81.000000 0.381454 0.854430 0.195468 0.283847 1.097816 0.517477 0.288278 0.925709
81.200000 0.381371 0.854530 0.195514 0.283991 1.098074 0.517740 0.288500 0.925998
81.400000 0.381427 0.854650 0.195616 0.284258 1.098187 0.518074 0.288466 0.925984
81.600000 0.381417 0.854667 0.195665 0.284274 1.098428 0.517911 0.288485 0.926296
81.800000 0.381405 0.854667 0.195686 0.284463 1.098827 0.518119 0.288546 0.926537
82.000000 0.381354 0.854724 0.195740 0.284461 1.098979 0.518164 0.288397 0.926933
82.200000 0.381407 0.854847 0.195826 0.284668 1.099274 0.518307 0.288467 0.926877
82.400000 0.381341 0.854696 0.195781 0.284786 1.099327 0.518484 0.288569 0.927299
82.600000 0.381193 0.854764 0.195988 0.284854 1.099647 0.518194 0.288629 0.927521
82.800000 0.381374 0.854876 0.195907 0.284952 1.099869 0.518624 0.288629 0.927825
83.000000 0.381377 0.854871 0.195676 0.284928 1.100247 0.518792 0.288544 0.927920
83.200000 0.381208 0.854864 0.195975 0.285144 1.100364 0.518915 0.288801 0.928304
83.400000 0.381243 0.854898 0.196050 0.285248 1.100708 0.518932 0.288659 0.928573
83.600000 0.381289 0.854963 0.196161 0.285450 1.100778 0.518890 0.288845 0.928820
83.800000 0.381263 0.855093 0.196130 0.285496 1.101160 0.518979 0.288721 0.928823
84.000000 0.381272 0.855115 0.196084 0.285661 1.101335 0.519205 0.288771 0.929006
84.200000 0.381102 0.855147 0.196097 0.285646 1.101653 0.519290 0.288798 0.929512
84.400000 0.381048 0.854988 0.196201 0.285873 1.101666 0.519413 0.288577 0.929477
84.600000 0.380867 0.855119 0.196264 0.285937 1.101899 0.519449 0.288808 0.929791
84.800000 0.380940 0.855212 0.196329 0.286043 1.102170 0.519466 0.288855 0.929929
85.000000 0.380774 0.855295 0.196485 0.286074 1.102235 0.519743 0.288839 0.930318
85.200000 0.380639 0.854970 0.196348 0.286407 1.102407 0.519841 0.288809 0.930356
85.400000 0.380526 0.855245 0.196298 0.286324 1.102724 0.519948 0.288786 0.930485
85.600000 0.380678 0.855281 0.196501 0.286339 1.102868 0.520095 0.288988 0.930659
85.800000 0.380256 0.854818 0.196463 0.286520 1.103016 0.520147 0.288734 0.930801
86.000000 0.380276 0.855244 0.196492 0.286542 1.103150 0.520182 0.288713 0.931200
86.200000 0.380140 0.855337 0.196663 0.286658 1.103421 0.520459 0.288888 0.931181
86.400000 0.380107 0.855468 0.196541 0.286657 1.103633 0.520577 0.288943 0.931594
86.600000 0.380101 0.855355 0.196584 0.286893 1.103535 0.520774 0.288861 0.932002
86.800000 0.380241 0.855339 0.196645 0.286748 1.103888 0.520626 0.288953 0.931696
87.000000 0.380262 0.855162 0.196670 0.286913 1.104062 0.520667 0.288990 0.931724
87.200000 0.380369 0.855112 0.196553 0.287108 1.104328 0.520876 0.288969 0.932273
87.400000 0.380358 0.855242 0.196745 0.287264 1.104423 0.521033 0.288958 0.932205
87.600000 0.380409 0.855358 0.196639 0.287222 1.104431 0.521061 0.288968 0.932604
87.800000 0.380422 0.855293 0.196729 0.287296 1.104755 0.521373 0.288993 0.932583
88.000000 0.380448 0.855234 0.196796 0.287371 1.104837 0.521176 0.288919 0.932856
88.200000 0.380436 0.855305 0.196736 0.287564 1.104922 0.521195 0.289030 0.933015
88.400000 0.380436 0.855126 0.196971 0.287542 1.105180 0.521413 0.289100 0.933317
88.600000 0.380514 0.855299 0.196774 0.287563 1.105380 0.521646 0.288962 0.933468
88.800000 0.380480 0.855226 0.196983 0.287734 1.105563 0.521694 0.289095 0.933684
89.000000 0.380250 0.855143 0.196942 0.287846 1.105702 0.521711 0.289189 0.933824
89.200000 0.380552 0.855185 0.196927 0.287816 1.105904 0.521824 0.289115 0.933918
89.400000 0.380499 0.855338 0.197109 0.287979 1.105856 0.521981 0.289103 0.933941
89.600000 0.380275 0.855088 0.197116 0.288027 1.106189 0.522054 0.289096 0.934131
89.800000 0.380392 0.855158 0.197091 0.288111 1.106145 0.522142 0.289251 0.934199
90.000000 0.380362 0.854961 0.197024 0.288121 1.106553 0.522196 0.288906 0.934464
