0.200000 0.045967 0.340486 0.129262 0.148011 0.318462 0.384309 0.167838 0.273267
0.400000 0.045834 0.339851 0.129256 0.147887 0.317296 0.384282 0.167690 0.272383
0.600000 0.045860 0.339589 0.129297 0.147808 0.316834 0.384101 0.167453 0.272027
0.800000 0.045853 0.339338 0.129342 0.147774 0.316274 0.384167 0.167518 0.271434
1.000000 0.045862 0.338909 0.129287 0.147730 0.315421 0.384147 0.167106 0.270967
1.200000 0.045855 0.338535 0.129371 0.147684 0.314924 0.384095 0.167146 0.270112
1.400000 0.045815 0.338420 0.129140 0.147576 0.314457 0.384060 0.166832 0.269897
1.600000 0.045835 0.338116 0.129362 0.147471 0.313624 0.383694 0.166854 0.269456
1.800000 0.045817 0.337812 0.129093 0.147371 0.313038 0.384052 0.166665 0.268921
2.000000 0.045813 0.337433 0.129119 0.147373 0.312402 0.383775 0.166546 0.268552
2.200000 0.045807 0.337139 0.129124 0.147156 0.311782 0.383909 0.166430 0.268082
2.400000 0.045760 0.337017 0.129190 0.147161 0.311230 0.383780 0.166315 0.267545
2.600000 0.045841 0.336469 0.129100 0.147164 0.310320 0.383741 0.166219 0.267052
2.800000 0.045664 0.336401 0.129135 0.147039 0.309978 0.383844 0.166145 0.266427
3.000000 0.045781 0.336145 0.129095 0.147080 0.309360 0.383674 0.165839 0.265991
3.200000 0.045913 0.335827 0.129153 0.146831 0.308818 0.383498 0.165973 0.265587
3.400000 0.045692 0.335316 0.128825 0.146670 0.308111 0.383550 0.165753 0.265060
3.600000 0.045742 0.335339 0.129141 0.146775 0.307515 0.383595 0.165608 0.264728
3.800000 0.045713 0.335207 0.129163 0.146698 0.306990 0.383405 0.165455 0.264242
4.000000 0.045707 0.334873 0.129221 0.146739 0.306487 0.383529 0.165332 0.263858
4.200000 0.045710 0.334510 0.129046 0.146543 0.305853 0.383508 0.165193 0.263349
4.400000 0.045507 0.334289 0.128962 0.146433 0.305295 0.383175 0.165221 0.262892
4.600000 0.045718 0.334073 0.128967 0.146552 0.304638 0.383270 0.164974 0.262430
4.800000 0.045562 0.333827 0.129043 0.146397 0.304189 0.383185 0.164899 0.262143
5.000000 0.045698 0.333575 0.128990 0.146249 0.303615 0.383046 0.164727 0.261603
5.200000 0.045695 0.333403 0.129008 0.146031 0.303012 0.383146 0.164607 0.261151
5.400000 0.045731 0.333087 0.128969 0.146116 0.302473 0.383005 0.164614 0.260708
5.600000 0.045685 0.332661 0.129032 0.146060 0.301908 0.383028 0.164387 0.260420
5.800000 0.045682 0.332573 0.128941 0.146024 0.301472 0.383022 0.164204 0.259736
6.000000 0.045672 0.332162 0.128793 0.145938 0.300784 0.382953 0.164091 0.259411
6.200000 0.045691 0.331757 0.128843 0.145871 0.300241 0.382702 0.163986 0.258994
6.400000 0.045683 0.331694 0.128971 0.145788 0.299569 0.382892 0.164030 0.258591
6.600000 0.045639 0.331318 0.129066 0.145698 0.299021 0.382770 0.163749 0.257971
6.800000 0.045636 0.330991 0.128856 0.145708 0.298457 0.382766 0.163574 0.257303
7.000000 0.045629 0.330896 0.128875 0.145601 0.297871 0.382687 0.163515 0.257039
7.200000 0.045486 0.330560 0.128848 0.145532 0.297445 0.382632 0.163379 0.256704
7.400000 0.045617 0.330460 0.128857 0.145464 0.296792 0.382479 0.163196 0.256312
7.600000 0.045754 0.330050 0.128801 0.145380 0.296460 0.382479 0.162998 0.255876
7.800000 0.045776 0.329899 0.128835 0.145184 0.296008 0.382671 0.162988 0.255434
8.000000 0.045591 0.329618 0.128916 0.145403 0.295552 0.382453 0.162924 0.255094
8.200000 0.045593 0.329411 0.128675 0.145178 0.294755 0.382338 0.162746 0.254681
8.400000 0.045587 0.329267 0.128932 0.145036 0.294297 0.382347 0.162643 0.254236
8.600000 0.045572 0.328903 0.128829 0.144888 0.293764 0.382158 0.162547 0.253755
8.800000 0.045575 0.328814 0.128725 0.145105 0.293354 0.382248 0.162405 0.253537
9.000000 0.045534 0.328469 0.128695 0.144926 0.292795 0.382303 0.162259 0.253099
9.200000 0.045583 0.328304 0.128751 0.144902 0.292355 0.382168 0.162352 0.252789
9.400000 0.045548 0.328177 0.128918 0.144932 0.291715 0.382004 0.162117 0.252416
9.600000 0.045466 0.327694 0.128703 0.144522 0.291430 0.382010 0.162019 0.251765
9.800000 0.045570 0.327608 0.128748 0.144733 0.290971 0.382000 0.161884 0.251634
10.000000 0.045545 0.327414 0.128732 0.144640 0.290417 0.381961 0.161808 0.251241
10.200000 0.045555 0.327230 0.128713 0.144371 0.289981 0.381851 0.161678 0.250983
10.400000 0.045524 0.326908 0.128778 0.144509 0.289311 0.381808 0.161559 0.250419
10.600000 0.045543 0.326811 0.128672 0.144383 0.288948 0.381780 0.161383 0.250155
10.800000 0.045536 0.326584 0.128737 0.144250 0.288507 0.381653 0.161302 0.249794
11.000000 0.045515 0.326372 0.128703 0.144280 0.287986 0.381702 0.161172 0.249414
11.200000 0.045511 0.326158 0.128710 0.144293 0.287551 0.381583 0.161065 0.249100
11.400000 0.045515 0.325940 0.128745 0.144090 0.287126 0.381493 0.160831 0.248740
11.600000 0.045489 0.325664 0.128521 0.144131 0.286638 0.381525 0.160974 0.248394
11.800000 0.045524 0.325489 0.128496 0.144137 0.286342 0.381493 0.160781 0.247980
12.000000 0.045483 0.325307 0.128737 0.144094 0.285795 0.381379 0.160584 0.247654
12.200000 0.045524 0.325125 0.128551 0.143983 0.285197 0.381446 0.160658 0.247184
12.400000 0.045446 0.324736 0.128561 0.143915 0.284779 0.381195 0.160432 0.246963
12.600000 0.045477 0.324684 0.128481 0.143864 0.284378 0.381270 0.160502 0.246533
12.800000 0.045471 0.324522 0.128598 0.143824 0.283915 0.381364 0.160134 0.246273
13.000000 0.045463 0.324354 0.128611 0.143804 0.283371 0.381065 0.160128 0.245904
13.200000 0.045329 0.324194 0.128441 0.143813 0.283169 0.381032 0.160033 0.245581
13.400000 0.045478 0.324087 0.128663 0.143619 0.282759 0.381037 0.159950 0.245251
13.600000 0.045466 0.323616 0.128570 0.143433 0.282389 0.381057 0.159904 0.245017
13.800000 0.045617 0.323520 0.128582 0.143443 0.281981 0.381097 0.159712 0.244715
14.000000 0.045433 0.323424 0.128495 0.143645 0.281606 0.380880 0.159555 0.244388
14.200000 0.045461 0.323463 0.128576 0.143545 0.281198 0.380942 0.159454 0.244015
14.400000 0.045456 0.323111 0.128548 0.143431 0.280770 0.380997 0.159342 0.243748
14.600000 0.045406 0.322830 0.128394 0.143287 0.280367 0.380720 0.159393 0.243477
14.800000 0.045436 0.322853 0.128348 0.143339 0.279917 0.380961 0.159261 0.243197
15.000000 0.045576 0.322534 0.128545 0.143420 0.279713 0.380728 0.159176 0.242866
15.200000 0.045456 0.322529 0.128448 0.143210 0.279245 0.380586 0.158997 0.242559
15.400000 0.045430 0.322157 0.128375 0.143241 0.278862 0.380703 0.159074 0.242087
15.600000 0.045370 0.321960 0.128473 0.143172 0.278386 0.380812 0.158921 0.242122
15.800000 0.045364 0.321862 0.128412 0.143053 0.277933 0.380403 0.158738 0.241625
16.000000 0.045327 0.321741 0.128415 0.143093 0.277599 0.380175 0.158528 0.241315
16.200000 0.045398 0.321373 0.128391 0.142844 0.277470 0.380449 0.158685 0.241161
16.400000 0.045390 0.321479 0.128405 0.142900 0.277031 0.380518 0.158685 0.240834
16.600000 0.045372 0.321051 0.128444 0.142907 0.276500 0.380486 0.158443 0.240556
16.800000 0.045392 0.321192 0.128407 0.142889 0.276310 0.380372 0.158396 0.240284
17.000000 0.045353 0.320747 0.128452 0.142828 0.275973 0.380328 0.158251 0.239950
17.200000 0.045355 0.320615 0.128357 0.142775 0.275573 0.380315 0.158155 0.239843
17.400000 0.045382 0.320571 0.128394 0.142728 0.275245 0.380399 0.157985 0.239449
17.600000 0.045331 0.320513 0.128395 0.142773 0.274884 0.380144 0.157999 0.239218
17.800000 0.045193 0.320177 0.128343 0.142647 0.274432 0.380005 0.158063 0.238838
18.000000 0.045434 0.320090 0.127888 0.142571 0.274094 0.380084 0.157859 0.238640
18.200000 0.045364 0.319843 0.128208 0.142546 0.273751 0.380074 0.157643 0.238372
18.400000 0.045325 0.319819 0.128475 0.142481 0.273353 0.380051 0.157673 0.238174
18.600000 0.045373 0.319753 0.128360 0.142468 0.273043 0.380010 0.157610 0.237829
18.800000 0.045388 0.319500 0.128375 0.142446 0.272838 0.379881 0.157536 0.237435
19.000000 0.045460 0.319303 0.128198 0.142282 0.272306 0.379825 0.157412 0.237209
19.200000 0.045301 0.319055 0.128463 0.142296 0.271978 0.379729 0.157083 0.236745
19.400000 0.045348 0.318915 0.128214 0.142354 0.271457 0.379742 0.157253 0.236741
19.600000 0.045179 0.318837 0.128243 0.142082 0.271039 0.379592 0.157100 0.236504
19.800000 0.045346 0.318643 0.128241 0.142170 0.270898 0.379535 0.156983 0.236172
20.000000 0.045460 0.318289 0.128274 0.142102 0.270561 0.379634 0.156944 0.235850
20.200000 0.045326 0.318243 0.128258 0.142053 0.270133 0.379379 0.156845 0.235606
20.400000 0.045166 0.318205 0.128056 0.142202 0.269974 0.379630 0.156745 0.235331
20.600000 0.045177 0.317910 0.128258 0.142018 0.269475 0.379473 0.156841 0.234913
20.800000 0.045230 0.317692 0.128252 0.141947 0.269190 0.379415 0.156590 0.234984
21.000000 0.045170 0.317729 0.128294 0.141619 0.268887 0.379393 0.156431 0.234604
21.200000 0.045285 0.317553 0.128243 0.141886 0.268577 0.379186 0.156294 0.234368
21.400000 0.045318 0.317385 0.128301 0.141871 0.268286 0.379238 0.156288 0.234047
21.600000 0.045274 0.317372 0.128304 0.141671 0.267996 0.379267 0.195258 0.233772
21.800000 0.045288 0.317128 0.128304 0.141727 0.267591 0.379248 0.156194 0.233514
22.000000 0.045267 0.316800 0.128313 0.141701 0.267447 0.379126 0.156221 0.233288
22.200000 0.045257 0.316808 0.128105 0.141606 0.266963 0.379128 0.155968 0.233064
22.400000 0.045291 0.316534 0.128289 0.141262 0.266643 0.378889 0.155885 0.232735
22.600000 0.045214 0.316523 0.128083 0.141509 0.266375 0.378939 0.155826 0.232475
22.800000 0.045281 0.316383 0.128283 0.141587 0.266079 0.378909 0.155861 0.232319
23.000000 0.045257 0.316275 0.128147 0.141570 0.265666 0.378944 0.155786 0.232064
23.200000 0.045233 0.316191 0.128117 0.141432 0.265433 0.379024 0.155556 0.231842
23.400000 0.045276 0.315875 0.127924 0.141320 0.265104 0.378916 0.155367 0.231611
23.600000 0.045260 0.315877 0.127924 0.141206 0.264804 0.378800 0.155334 0.231469
23.800000 0.045238 0.315856 0.128158 0.141341 0.264490 0.378753 0.155225 0.231125
24.000000 0.045213 0.315429 0.128074 0.141263 0.264137 0.378655 0.155321 0.230897
24.200000 0.045247 0.315259 0.128067 0.141197 0.263791 0.378615 0.155277 0.230689
24.400000 0.045254 0.315280 0.127924 0.141227 0.263616 0.378440 0.155179 0.230452
24.600000 0.045214 0.315328 0.127901 0.141148 0.263227 0.378429 0.154895 0.230197
24.800000 0.045335 0.315036 0.128065 0.141089 0.262967 0.378431 0.155005 0.229977
25.000000 0.045242 0.314857 0.127931 0.141094 0.262693 0.378421 0.154937 0.229744
25.200000 0.045288 0.314754 0.128047 0.141141 0.262446 0.378488 0.154740 0.229407
25.400000 0.045261 0.314503 0.127968 0.140862 0.262053 0.378305 0.154732 0.229206
25.600000 0.045171 0.314549 0.127879 0.140858 0.261579 0.378341 0.154638 0.228971
25.800000 0.045201 0.314412 0.128022 0.140927 0.261360 0.378291 0.154505 0.228817
26.000000 0.045210 0.314057 0.128037 0.140882 0.261077 0.378206 0.154514 0.228499
26.200000 0.045182 0.313997 0.128047 0.140973 0.260781 0.378211 0.154448 0.228308
26.400000 0.045180 0.313770 0.127962 0.140799 0.260557 0.378113 0.154349 0.228089
26.600000 0.045201 0.313574 0.127999 0.140717 0.260247 0.378097 0.154327 0.227941
26.800000 0.045215 0.313755 0.127958 0.140743 0.259895 0.378066 0.154330 0.227653
27.000000 0.045182 0.313486 0.128123 0.140538 0.259569 0.378044 0.154037 0.227436
27.200000 0.045211 0.313438 0.127887 0.140645 0.259273 0.377960 0.154096 0.227211
27.400000 0.045205 0.313118 0.127997 0.140644 0.259005 0.377922 0.153857 0.226948
27.600000 0.045061 0.313081 0.127897 0.140582 0.258807 0.377814 0.153942 0.226760
27.800000 0.045121 0.313029 0.127957 0.140514 0.258632 0.377873 0.153897 0.226480
28.000000 0.045142 0.312868 0.127904 0.140395 0.258197 0.377709 0.153726 0.226136
28.200000 0.045120 0.312750 0.127874 0.140449 0.257759 0.377647 0.153792 0.226023
28.400000 0.045109 0.312507 0.127880 0.140404 0.257536 0.377640 0.153574 0.225823
28.600000 0.045130 0.273574 0.127724 0.140274 0.257385 0.377573 0.153537 0.225618
28.800000 0.045028 0.312445 0.127990 0.140373 0.257106 0.377539 0.153261 0.225456
29.000000 0.045025 0.312326 0.127931 0.140454 0.256906 0.377509 0.153465 0.225315
29.200000 0.045130 0.312032 0.127903 0.140235 0.256526 0.377489 0.153337 0.224990
29.400000 0.045317 0.311911 0.127947 0.140283 0.256366 0.377443 0.153206 0.224819
29.600000 0.045306 0.311887 0.127950 0.140249 0.256135 0.377368 0.153350 0.224662
29.800000 0.045147 0.311766 0.127914 0.140110 0.255883 0.377452 0.153146 0.224313
30.000000 0.045151 0.311725 0.127946 0.140204 0.255465 0.377376 0.153067 0.224229
30.200000 0.045153 0.311578 0.127810 0.140129 0.255407 0.377335 0.152894 0.223965
30.400000 0.045133 0.311376 0.128059 0.139937 0.254995 0.377096 0.152910 0.223737
30.600000 0.045143 0.311410 0.127730 0.139939 0.254809 0.377337 0.152906 0.223629
30.800000 0.045249 0.311146 0.127915 0.140030 0.254397 0.377137 0.152840 0.223444
31.000000 0.045330 0.311123 0.127799 0.139986 0.254225 0.376957 0.152536 0.223138
31.200000 0.045718 0.311123 0.127901 0.139924 0.254006 0.377159 0.152720 0.223045
31.400000 0.046197 0.310821 0.127852 0.139942 0.253693 0.377002 0.152761 0.222814
31.600000 0.046778 0.310706 0.127755 0.139871 0.253453 0.376951 0.152493 0.222668
31.800000 0.047368 0.310617 0.127738 0.139928 0.253485 0.376722 0.152679 0.222502
32.000000 0.048041 0.310541 0.127758 0.140000 0.253555 0.376915 0.152537 0.222629
32.200000 0.048806 0.310659 0.127956 0.139975 0.253660 0.376924 0.152554 0.222859
32.400000 0.049548 0.310429 0.127795 0.139951 0.253794 0.376822 0.152415 0.222878
32.600000 0.050385 0.310689 0.127904 0.140198 0.254084 0.376853 0.152439 0.223126
32.800000 0.051261 0.310738 0.127974 0.140197 0.254792 0.376860 0.152740 0.223463
33.000000 0.051817 0.310876 0.127971 0.140089 0.255183 0.376828 0.152660 0.223696
33.200000 0.052531 0.311012 0.127999 0.140379 0.255967 0.376772 0.152681 0.224442
33.400000 0.053177 0.311335 0.128021 0.140373 0.256755 0.376763 0.152892 0.225058
33.600000 0.053781 0.311832 0.127926 0.140815 0.257822 0.376821 0.152749 0.225591
33.800000 0.054314 0.312392 0.128078 0.140632 0.258841 0.376837 0.152879 0.226370
34.000000 0.054824 0.313091 0.127945 0.140875 0.260037 0.376841 0.153177 0.227342
34.200000 0.055109 0.313653 0.128112 0.141226 0.261265 0.376828 0.153047 0.228229
34.400000 0.055642 0.314649 0.128136 0.141416 0.262855 0.376760 0.153086 0.229304
34.600000 0.055950 0.315474 0.128268 0.141498 0.264368 0.376865 0.153302 0.230215
34.800000 0.056397 0.316678 0.128186 0.141882 0.266090 0.376878 0.153455 0.231590
35.000000 0.056597 0.318104 0.128244 0.142072 0.267682 0.376861 0.153611 0.232932
35.200000 0.056844 0.319254 0.128356 0.142348 0.269525 0.376892 0.153632 0.234115
35.400000 0.057104 0.320653 0.128422 0.142660 0.271269 0.376906 0.153945 0.235443
35.600000 0.057297 0.322079 0.128331 0.142891 0.273227 0.376724 0.153934 0.237001
35.800000 0.057405 0.323681 0.128589 0.143181 0.275160 0.376975 0.154241 0.238575
36.000000 0.057606 0.325239 0.128487 0.143305 0.277171 0.377042 0.154240 0.239969
36.200000 0.057749 0.327035 0.128629 0.143844 0.279096 0.377007 0.154402 0.241436
36.400000 0.057874 0.328918 0.128547 0.144068 0.281335 0.376999 0.154539 0.243152
36.600000 0.058123 0.330875 0.128759 0.144246 0.283641 0.376893 0.154637 0.244731
36.800000 0.057850 0.332863 0.128810 0.144575 0.285646 0.377191 0.154834 0.246518
37.000000 0.058184 0.334933 0.128650 0.144920 0.288044 0.376975 0.155012 0.248118
37.200000 0.058435 0.337188 0.128891 0.145113 0.290281 0.377068 0.155083 0.250012
37.400000 0.058318 0.339553 0.129022 0.145715 0.292932 0.377204 0.155382 0.252188
37.600000 0.058441 0.342977 0.128952 0.145887 0.296174 0.377134 0.155601 0.254681
37.800000 0.058518 0.345392 0.129156 0.146233 0.298750 0.377255 0.155661 0.256614
38.000000 0.058731 0.347752 0.129173 0.146393 0.301476 0.377248 0.155904 0.258596
38.200000 0.058624 0.350409 0.129298 0.147005 0.303887 0.377320 0.155963 0.260740
38.400000 0.058703 0.353077 0.129540 0.147178 0.306512 0.377294 0.117339 0.262654
38.600000 0.058702 0.355625 0.129473 0.147451 0.309074 0.377412 0.156413 0.264472
38.800000 0.058607 0.358278 0.129519 0.147755 0.311695 0.377218 0.156618 0.266820
39.000000 0.058805 0.361090 0.129604 0.148025 0.314363 0.377368 0.156752 0.268977
39.200000 0.058734 0.363626 0.129663 0.148340 0.316932 0.377424 0.156942 0.271023
39.400000 0.058802 0.366418 0.129762 0.148616 0.319837 0.377420 0.157071 0.273283
39.600000 0.058866 0.369257 0.129777 0.148907 0.322558 0.377486 0.157289 0.275437
39.800000 0.058784 0.371984 0.129965 0.149089 0.325021 0.377572 0.157616 0.277683
40.000000 0.058870 0.374818 0.130026 0.149404 0.328056 0.377768 0.157625 0.279899
40.200000 0.059051 0.377677 0.130026 0.149714 0.330673 0.377712 0.157890 0.281833
40.400000 0.059038 0.380467 0.130060 0.149937 0.333635 0.377786 0.158067 0.284414
40.600000 0.059043 0.383312 0.130077 0.150279 0.336189 0.377666 0.158376 0.286731
40.800000 0.058920 0.386128 0.130296 0.150507 0.339443 0.377742 0.158407 0.289058
41.000000 0.058920 0.388813 0.130259 0.150634 0.342191 0.377787 0.158643 0.291355
41.200000 0.058931 0.391744 0.130330 0.150920 0.344906 0.377758 0.158811 0.293803
41.400000 0.058827 0.394667 0.130491 0.151271 0.347872 0.377763 0.158920 0.295969
41.600000 0.058956 0.397304 0.130566 0.151561 0.350701 0.377874 0.159188 0.298171
41.800000 0.058949 0.399970 0.130615 0.151896 0.353397 0.377837 0.159348 0.300520
42.000000 0.058922 0.402642 0.130641 0.152077 0.356408 0.377884 0.159565 0.302963
42.200000 0.058943 0.405294 0.130916 0.152346 0.359066 0.377836 0.159759 0.305296
42.400000 0.058939 0.408009 0.130585 0.152586 0.361893 0.377962 0.160013 0.307465
42.600000 0.058969 0.410221 0.130904 0.152735 0.364528 0.378050 0.160181 0.309837
42.800000 0.058967 0.412815 0.130795 0.152962 0.367345 0.377991 0.160315 0.312326
43.000000 0.058957 0.415572 0.130823 0.153164 0.370214 0.378262 0.160669 0.314398
43.200000 0.058964 0.418090 0.131024 0.153456 0.372822 0.378292 0.160684 0.316721
43.400000 0.058959 0.420272 0.131088 0.153793 0.375627 0.378269 0.160908 0.318680
43.600000 0.058953 0.422696 0.131168 0.154037 0.378206 0.378365 0.161069 0.321076
43.800000 0.059008 0.425217 0.131126 0.154163 0.381154 0.378326 0.161319 0.323873
44.000000 0.058952 0.428569 0.131107 0.154269 0.384843 0.378501 0.161577 0.326552
44.200000 0.058902 0.430606 0.131272 0.154468 0.387471 0.378462 0.161740 0.328887
44.400000 0.058967 0.432899 0.131473 0.154781 0.390001 0.378464 0.161746 0.331073
44.600000 0.058986 0.435061 0.131239 0.155000 0.392399 0.378693 0.162091 0.333162
44.800000 0.058945 0.437316 0.131476 0.155329 0.395090 0.378467 0.162323 0.335314
45.000000 0.058971 0.439081 0.131380 0.155485 0.397591 0.378726 0.162496 0.337347
45.200000 0.059002 0.441275 0.131562 0.155593 0.399964 0.378729 0.162537 0.339498
45.400000 0.058960 0.443201 0.131561 0.155805 0.402530 0.378705 0.162921 0.341389
45.600000 0.058970 0.445101 0.131660 0.156074 0.404930 0.378799 0.163048 0.343546
45.800000 0.058972 0.447102 0.131726 0.156229 0.407384 0.378764 0.163262 0.345581
46.000000 0.058997 0.449476 0.131775 0.156347 0.409635 0.378987 0.163473 0.347574
46.200000 0.058824 0.451459 0.131732 0.156649 0.411950 0.378965 0.163878 0.349534
46.400000 0.059015 0.453354 0.131769 0.156578 0.414344 0.379004 0.163833 0.351269
46.600000 0.058947 0.455232 0.131693 0.156873 0.416677 0.379160 0.163919 0.353450
46.800000 0.058936 0.456987 0.131857 0.157064 0.418856 0.379092 0.164253 0.355168
47.000000 0.059012 0.458921 0.131858 0.157034 0.421066 0.379147 0.164388 0.357196
47.200000 0.059015 0.460313 0.132087 0.157391 0.423357 0.379115 0.164601 0.358984
47.400000 0.058911 0.461280 0.132053 0.157508 0.425600 0.379175 0.164941 0.360912
47.600000 0.058957 0.462869 0.132126 0.157701 0.427600 0.379220 0.164994 0.362769
47.800000 0.058941 0.464490 0.132121 0.157908 0.429689 0.379447 0.165172 0.364452
48.000000 0.058792 0.465903 0.132139 0.158001 0.431979 0.379400 0.165347 0.366219
48.200000 0.058969 0.467528 0.132175 0.158195 0.433855 0.379481 0.165411 0.367948
48.400000 0.058938 0.468691 0.132213 0.158260 0.436041 0.379430 0.165704 0.369640
48.600000 0.058810 0.470064 0.132247 0.158505 0.437952 0.379472 0.166011 0.371299
48.800000 0.058982 0.471581 0.132180 0.158649 0.439987 0.379589 0.165938 0.372947
49.000000 0.058927 0.472598 0.132226 0.158745 0.441781 0.379489 0.166242 0.374493
49.200000 0.058955 0.474155 0.132429 0.158806 0.443793 0.379732 0.166402 0.376208
49.400000 0.058924 0.475386 0.132381 0.159127 0.445573 0.379561 0.166743 0.377662
49.600000 0.058951 0.476707 0.132339 0.159206 0.447531 0.379728 0.166637 0.379229
49.800000 0.059032 0.477912 0.132408 0.159348 0.449284 0.379930 0.166952 0.380873
50.000000 0.058768 0.479106 0.132529 0.159604 0.451240 0.379828 0.167029 0.382347
50.200000 0.058897 0.480309 0.132398 0.159661 0.453095 0.379877 0.167329 0.383992
50.400000 0.058900 0.481771 0.132539 0.159801 0.454997 0.379868 0.167407 0.385577
50.600000 0.058768 0.482651 0.132505 0.159894 0.456584 0.380081 0.167559 0.387064
50.800000 0.058909 0.483766 0.132691 0.160040 0.458433 0.380005 0.167892 0.388306
51.000000 0.058753 0.484961 0.132598 0.160092 0.460194 0.380041 0.168007 0.389909
51.200000 0.058881 0.486142 0.132591 0.160297 0.461670 0.380159 0.168231 0.391244
51.400000 0.058939 0.487163 0.132498 0.160476 0.463289 0.380394 0.168430 0.392658
51.600000 0.058886 0.488116 0.132499 0.160581 0.464862 0.380191 0.168726 0.393932
51.800000 0.058873 0.489082 0.132579 0.160795 0.466574 0.380133 0.168901 0.395324
52.000000 0.058749 0.490052 0.132679 0.160936 0.468056 0.380146 0.169058 0.396441
52.200000 0.058886 0.491138 0.132635 0.160776 0.469521 0.380285 0.169076 0.397831
52.400000 0.058764 0.491865 0.132605 0.161021 0.471246 0.380332 0.169324 0.399317
52.600000 0.058880 0.492814 0.132723 0.161155 0.472595 0.380552 0.169501 0.400248
52.800000 0.058868 0.493655 0.132831 0.161281 0.473989 0.380417 0.169801 0.401565
53.000000 0.058873 0.494419 0.132781 0.161395 0.475351 0.380424 0.169970 0.402749
53.200000 0.058875 0.495163 0.132834 0.161505 0.476785 0.380470 0.169846 0.403967
53.400000 0.058864 0.495987 0.132830 0.161616 0.478092 0.380544 0.170282 0.405063
53.600000 0.058889 0.496907 0.132783 0.161776 0.479631 0.380575 0.170299 0.406228
53.800000 0.058810 0.497594 0.132803 0.161915 0.480911 0.380579 0.170479 0.407153
54.000000 0.058868 0.498396 0.132790 0.162038 0.482270 0.380837 0.170657 0.408416
54.200000 0.058803 0.499113 0.132752 0.162058 0.483671 0.380837 0.170832 0.409507
54.400000 0.058886 0.500025 0.132971 0.162129 0.484957 0.380945 0.171198 0.410603
54.600000 0.058728 0.500503 0.132807 0.162420 0.486166 0.380874 0.171146 0.411624
54.800000 0.058868 0.501248 0.132957 0.162437 0.487478 0.380971 0.171348 0.412693
55.000000 0.058844 0.501873 0.132987 0.162386 0.488551 0.380860 0.171506 0.413563
55.200000 0.058882 0.502619 0.132943 0.162543 0.489944 0.381059 0.171646 0.414494
55.400000 0.058802 0.503148 0.132958 0.162680 0.490922 0.381050 0.171958 0.415619
55.600000 0.058825 0.503551 0.133041 0.162790 0.492092 0.381114 0.171953 0.416441
55.800000 0.058833 0.504425 0.133175 0.162928 0.493289 0.381067 0.171970 0.417434
56.000000 0.058850 0.504859 0.133104 0.162911 0.494092 0.381138 0.172269 0.418307
56.200000 0.058847 0.505593 0.133134 0.163186 0.495426 0.381189 0.172336 0.419219
56.400000 0.058851 0.506171 0.132977 0.163137 0.496639 0.381407 0.172676 0.420206
56.600000 0.058812 0.506599 0.133108 0.163271 0.497711 0.381252 0.172796 0.421224
56.800000 0.058823 0.507250 0.133089 0.163561 0.498684 0.381327 0.173028 0.422010
57.000000 0.058823 0.507706 0.133106 0.163450 0.499837 0.381368 0.173069 0.422912
57.200000 0.058849 0.508296 0.133055 0.163608 0.500694 0.381348 0.173228 0.423729
57.400000 0.058817 0.508766 0.133073 0.163615 0.501735 0.381355 0.173386 0.424603
57.600000 0.058778 0.509214 0.133282 0.163804 0.502678 0.381588 0.173581 0.425149
57.800000 0.058649 0.509552 0.133199 0.163942 0.503694 0.381373 0.173697 0.426107
58.000000 0.058796 0.509992 0.133230 0.164011 0.504675 0.381661 0.173891 0.426875
58.200000 0.058676 0.510503 0.133107 0.164151 0.505490 0.381631 0.173972 0.427430
58.400000 0.058814 0.511046 0.133247 0.164150 0.506295 0.381762 0.174109 0.428199
58.600000 0.058635 0.511307 0.133057 0.164136 0.507273 0.381668 0.174302 0.429014
58.800000 0.058796 0.511789 0.133262 0.164461 0.508181 0.381885 0.174286 0.429865
59.000000 0.058737 0.512387 0.133215 0.164363 0.509011 0.381918 0.174596 0.430424
59.200000 0.058769 0.512540 0.133342 0.164411 0.509914 0.382050 0.174593 0.431063
59.400000 0.058703 0.512700 0.133189 0.164607 0.510621 0.381925 0.174841 0.431792
59.600000 0.058760 0.513362 0.133306 0.164523 0.511507 0.382040 0.174913 0.432544
59.800000 0.058755 0.513682 0.133362 0.164772 0.512353 0.381944 0.175223 0.432989
60.000000 0.058639 0.513923 0.133218 0.164927 0.513140 0.382139 0.175459 0.433698
60.200000 0.058897 0.514185 0.133284 0.164919 0.513949 0.381984 0.175470 0.434314
60.400000 0.058778 0.514579 0.133241 0.164961 0.514532 0.382093 0.175579 0.434905
60.600000 0.058802 0.514861 0.133212 0.165058 0.515573 0.382173 0.175666 0.435531
60.800000 0.058797 0.515204 0.133457 0.165014 0.515983 0.382199 0.175878 0.436130
61.000000 0.058765 0.515655 0.133418 0.165299 0.516939 0.382391 0.175949 0.436734
61.200000 0.058765 0.516152 0.133411 0.165369 0.517569 0.382286 0.176186 0.437344
61.400000 0.058776 0.516212 0.133394 0.165545 0.518208 0.382386 0.176357 0.437861
61.600000 0.058797 0.516635 0.133480 0.165512 0.519028 0.382391 0.176476 0.438548
61.800000 0.058715 0.516481 0.133427 0.165563 0.519808 0.382389 0.176586 0.439135
62.000000 0.058735 0.517192 0.133505 0.165562 0.520194 0.382504 0.176710 0.439596
62.200000 0.058749 0.517106 0.133447 0.165598 0.520946 0.382630 0.176706 0.440103
62.400000 0.058875 0.517721 0.133563 0.165821 0.521849 0.382590 0.177105 0.440859
62.600000 0.058740 0.517793 0.133438 0.165777 0.522593 0.382572 0.177019 0.441294
62.800000 0.058759 0.518297 0.133420 0.165626 0.523340 0.382661 0.177302 0.441772
63.000000 0.058874 0.518445 0.133519 0.166157 0.523892 0.382829 0.177344 0.442438
63.200000 0.058767 0.518496 0.133538 0.166055 0.524437 0.382828 0.177593 0.443098
63.400000 0.058741 0.518933 0.133365 0.166084 0.524994 0.382993 0.177582 0.443382
63.600000 0.058714 0.519098 0.133499 0.166264 0.525588 0.382967 0.177913 0.443869
63.800000 0.058715 0.519154 0.133376 0.166219 0.526179 0.382929 0.177999 0.444186
64.000000 0.058712 0.519450 0.133620 0.166250 0.526589 0.382937 0.178113 0.444571
64.200000 0.058712 0.519064 0.133521 0.166407 0.527338 0.382856 0.178090 0.445082
64.400000 0.058699 0.519914 0.133657 0.166544 0.527689 0.382929 0.178305 0.445706
64.600000 0.058557 0.519962 0.133488 0.166392 0.528246 0.383111 0.178335 0.445752
64.800000 0.058484 0.519889 0.133405 0.166474 0.528619 0.382993 0.178430 0.446243
65.000000 0.058548 0.520393 0.133543 0.166702 0.529683 0.383121 0.178750 0.446784
65.200000 0.058573 0.520524 0.133594 0.166917 0.530058 0.383256 0.178864 0.447238
65.400000 0.058603 0.520920 0.133609 0.166788 0.530433 0.383178 0.179036 0.447804
65.600000 0.058696 0.521004 0.133684 0.166998 0.530878 0.383360 0.179105 0.448048
65.800000 0.058664 0.521012 0.133635 0.166922 0.531452 0.383305 0.179274 0.448412
66.000000 0.058711 0.521353 0.133761 0.167072 0.531846 0.383417 0.179499 0.448777
66.200000 0.058671 0.521438 0.133733 0.167220 0.532342 0.383471 0.179490 0.449070
66.400000 0.058713 0.521530 0.133650 0.167137 0.532748 0.383542 0.179642 0.449341
66.600000 0.058690 0.521765 0.133631 0.167271 0.533263 0.383552 0.179864 0.449717
66.800000 0.058706 0.521741 0.133709 0.167286 0.533706 0.383588 0.179900 0.449984
67.000000 0.058696 0.521964 0.133575 0.167385 0.533978 0.383607 0.180044 0.450287
67.200000 0.058687 0.522091 0.133712 0.167426 0.534556 0.383720 0.180112 0.450657
67.400000 0.058663 0.522281 0.133565 0.167426 0.535111 0.383624 0.180059 0.451142
67.600000 0.058668 0.522447 0.133806 0.167578 0.535367 0.383608 0.180321 0.451232
67.800000 0.058666 0.522428 0.133622 0.167586 0.535782 0.383816 0.180475 0.451802
68.000000 0.058639 0.522571 0.133677 0.167612 0.536112 0.383747 0.180437 0.452049
68.200000 0.058684 0.522742 0.133669 0.167814 0.536479 0.383859 0.180646 0.452411
68.400000 0.058725 0.522882 0.133756 0.167772 0.536934 0.383957 0.180945 0.452491
68.600000 0.058662 0.522981 0.133798 0.167857 0.537281 0.384015 0.180948 0.453011
68.800000 0.058517 0.522966 0.133721 0.167924 0.537571 0.383994 0.181037 0.453182
69.000000 0.058476 0.522976 0.133799 0.167871 0.537895 0.384037 0.181071 0.453365
69.200000 0.058745 0.523324 0.133791 0.167884 0.538455 0.384152 0.181139 0.453708
69.400000 0.058646 0.523268 0.133734 0.168192 0.538643 0.384164 0.181465 0.453997
69.600000 0.058684 0.523354 0.133786 0.168090 0.539045 0.384247 0.181487 0.454362
69.800000 0.058638 0.523393 0.133727 0.168253 0.539389 0.384194 0.181704 0.454441
70.000000 0.058628 0.523446 0.133798 0.168224 0.539564 0.384232 0.181618 0.454428
70.200000 0.058633 0.523555 0.133755 0.168356 0.539929 0.384318 0.181744 0.454909
70.400000 0.058640 0.523537 0.133777 0.168283 0.540422 0.384323 0.181744 0.455236
70.600000 0.058715 0.523549 0.133719 0.168443 0.540488 0.384494 0.182005 0.455343
70.800000 0.058657 0.523727 0.133696 0.168562 0.540989 0.384456 0.182132 0.455484
71.000000 0.058512 0.523722 0.133751 0.168507 0.541174 0.384518 0.182186 0.455805
71.200000 0.058460 0.523767 0.133777 0.168567 0.541493 0.384518 0.182270 0.456017
71.400000 0.058575 0.523794 0.133772 0.168654 0.541746 0.384622 0.182461 0.456362
71.600000 0.058646 0.523803 0.133791 0.168635 0.541919 0.384567 0.182365 0.456350
71.800000 0.058618 0.523914 0.133790 0.168741 0.542299 0.384609 0.182540 0.456573
72.000000 0.058452 0.523942 0.133839 0.168639 0.542345 0.384634 0.182778 0.456792
72.200000 0.058542 0.524074 0.133601 0.168786 0.542693 0.384592 0.182713 0.456802
72.400000 0.058565 0.523884 0.133917 0.168887 0.543126 0.384893 0.182905 0.457125
72.600000 0.058562 0.524079 0.133506 0.168842 0.543247 0.384781 0.183065 0.457276
72.800000 0.058569 0.524058 0.133577 0.169015 0.543404 0.384803 0.183014 0.457611
73.000000 0.058622 0.524284 0.133676 0.169065 0.543791 0.384974 0.183130 0.457677
73.200000 0.058573 0.524263 0.133948 0.169184 0.543923 0.384926 0.183252 0.457640
73.400000 0.058578 0.524241 0.133797 0.168931 0.544233 0.385061 0.183259 0.458017
73.600000 0.058522 0.524235 0.133814 0.169202 0.544379 0.385007 0.183300 0.458219
73.800000 0.058444 0.524178 0.133690 0.169200 0.544657 0.385055 0.183508 0.458208
74.000000 0.058582 0.524278 0.133872 0.169285 0.544861 0.385074 0.183625 0.458499
74.200000 0.058609 0.524346 0.133962 0.169251 0.545050 0.385279 0.183578 0.458562
74.400000 0.058636 0.524539 0.134041 0.169420 0.545303 0.385227 0.183843 0.458799
74.600000 0.058610 0.524378 0.133906 0.169427 0.545661 0.385232 0.183879 0.458928
74.800000 0.058585 0.524292 0.133827 0.169517 0.545812 0.385422 0.183970 0.459080
75.000000 0.058460 0.524324 0.133925 0.169505 0.545971 0.385416 0.184096 0.459203
75.200000 0.058444 0.524592 0.134066 0.169668 0.546116 0.385162 0.184056 0.459302
75.400000 0.058533 0.524205 0.133861 0.169523 0.546376 0.385411 0.184256 0.459434
75.600000 0.058588 0.524767 0.133877 0.169655 0.546600 0.385504 0.184369 0.459450
75.800000 0.058554 0.524514 0.133852 0.169581 0.546644 0.385442 0.184276 0.459688
76.000000 0.058517 0.524545 0.133757 0.169740 0.507903 0.385347 0.184503 0.459839
76.200000 0.058475 0.524489 0.133955 0.169782 0.547138 0.385557 0.184534 0.459989
76.400000 0.058514 0.524308 0.133870 0.169839 0.547095 0.385528 0.184676 0.460092
76.600000 0.058541 0.524594 0.133877 0.169826 0.547397 0.385523 0.184641 0.460059
76.800000 0.058519 0.524454 0.133821 0.169831 0.547569 0.385632 0.184706 0.460263
77.000000 0.058511 0.524368 0.133843 0.169854 0.547689 0.385653 0.184836 0.460389
77.200000 0.058509 0.524542 0.133825 0.170169 0.547879 0.385736 0.184834 0.460388
77.400000 0.058535 0.524564 0.133913 0.170165 0.548067 0.385781 0.184981 0.460643
77.600000 0.058545 0.524563 0.133830 0.170070 0.548218 0.385628 0.185158 0.460656
77.800000 0.058491 0.524304 0.133991 0.170094 0.548200 0.385796 0.185344 0.460569
78.000000 0.058523 0.524497 0.133922 0.170211 0.548374 0.385846 0.185350 0.460903
78.200000 0.058507 0.524498 0.133950 0.170256 0.548559 0.385977 0.185269 0.460864
78.400000 0.058543 0.524555 0.133961 0.170168 0.548760 0.385984 0.185492 0.460883
78.600000 0.058340 0.524541 0.133840 0.170159 0.548750 0.385780 0.185576 0.460809
78.800000 0.058486 0.524449 0.133976 0.170285 0.549010 0.386024 0.185681 0.461196
79.000000 0.058476 0.524640 0.134065 0.170397 0.549112 0.386171 0.185547 0.461423
79.200000 0.058512 0.524462 0.134053 0.170406 0.549270 0.386117 0.185973 0.461391
79.400000 0.058541 0.524554 0.134019 0.170419 0.549216 0.386074 0.185701 0.461354
79.600000 0.058537 0.524660 0.133975 0.170527 0.549452 0.386195 0.185906 0.461559
79.800000 0.058528 0.524500 0.133922 0.170473 0.549683 0.386168 0.185969 0.461485
80.000000 0.058340 0.524575 0.133988 0.170522 0.549765 0.386201 0.186142 0.461463
80.200000 0.058508 0.524573 0.133985 0.170485 0.549901 0.386214 0.186132 0.461866
80.400000 0.058502 0.524307 0.134083 0.170650 0.550096 0.386256 0.186277 0.461844
80.600000 0.058516 0.524561 0.133907 0.170673 0.550168 0.386335 0.186165 0.461872
80.800000 0.058493 0.524548 0.133846 0.170742 0.550304 0.386208 0.186383 0.462002
81.000000 0.058528 0.524590 0.133997 0.170884 0.550361 0.386396 0.186377 0.461990
81.200000 0.058441 0.524549 0.134056 0.170842 0.550288 0.386361 0.186510 0.462065
81.400000 0.058531 0.524587 0.134054 0.170812 0.550530 0.386475 0.186597 0.462180
81.600000 0.058526 0.524585 0.133972 0.170824 0.550507 0.386650 0.186727 0.462118
81.800000 0.058509 0.524568 0.134050 0.170818 0.550736 0.386465 0.186501 0.462295
82.000000 0.058584 0.524557 0.133832 0.170833 0.550990 0.386653 0.186704 0.462151
82.200000 0.058441 0.524507 0.133996 0.170974 0.550942 0.386604 0.186770 0.462342
82.400000 0.058442 0.524398 0.134053 0.170950 0.551043 0.386564 0.186830 0.462406
82.600000 0.058491 0.524523 0.134091 0.171019 0.551130 0.386725 0.187067 0.462369
82.800000 0.058513 0.524563 0.134031 0.171034 0.551150 0.386686 0.186930 0.462555
83.000000 0.058486 0.524519 0.134034 0.171102 0.551202 0.386795 0.186933 0.462529
83.200000 0.058503 0.524462 0.133978 0.171112 0.551404 0.386757 0.187092 0.462566
83.400000 0.058482 0.524510 0.133985 0.171182 0.551311 0.386663 0.187132 0.462562
83.600000 0.058488 0.524527 0.134062 0.171304 0.551562 0.386874 0.187165 0.462704
83.800000 0.058483 0.524565 0.134036 0.171206 0.551564 0.386961 0.187330 0.462657
84.000000 0.058451 0.524551 0.134184 0.171263 0.551635 0.386928 0.187372 0.462763
84.200000 0.058333 0.524597 0.133827 0.171285 0.551657 0.387048 0.187525 0.462842
84.400000 0.058466 0.524492 0.133976 0.171472 0.551742 0.386879 0.187424 0.462856
84.600000 0.058348 0.524560 0.134059 0.171503 0.551768 0.387111 0.187393 0.462837
84.800000 0.058490 0.524525 0.134100 0.171453 0.552034 0.387105 0.187566 0.462991
85.000000 0.058470 0.524517 0.134265 0.171407 0.551962 0.387055 0.187601 0.462807
85.200000 0.058469 0.524487 0.134050 0.171631 0.552133 0.387210 0.187793 0.463063
85.400000 0.058420 0.524305 0.134036 0.171617 0.552180 0.387088 0.187550 0.463059
85.600000 0.058444 0.524574 0.134107 0.171651 0.552087 0.387179 0.187697 0.463123
85.800000 0.058430 0.524523 0.134074 0.171522 0.552345 0.387420 0.187868 0.463211
86.000000 0.058440 0.524535 0.133879 0.171614 0.552651 0.387313 0.187901 0.463120
86.200000 0.058550 0.524409 0.133999 0.171624 0.552473 0.387276 0.188128 0.463319
86.400000 0.058292 0.524520 0.134223 0.171723 0.552660 0.387276 0.188018 0.463153
86.600000 0.058461 0.524347 0.134274 0.171781 0.552600 0.387284 0.188069 0.463308
86.800000 0.058474 0.524319 0.134277 0.171757 0.552588 0.387551 0.188072 0.463266
87.000000 0.058440 0.524313 0.134262 0.171701 0.552775 0.387468 0.188209 0.463407
87.200000 0.058431 0.524199 0.134190 0.171791 0.552688 0.387529 0.188238 0.463260
87.400000 0.058301 0.524336 0.134020 0.171956 0.552706 0.387493 0.188221 0.463272
87.600000 0.058574 0.524284 0.134202 0.171915 0.553023 0.387710 0.188329 0.463451
87.800000 0.058458 0.524224 0.134018 0.171873 0.552903 0.387474 0.188394 0.463433
88.000000 0.058430 0.524256 0.134202 0.171851 0.553129 0.387650 0.188393 0.463511
88.200000 0.058435 0.524407 0.134276 0.171859 0.553078 0.387709 0.188524 0.463488
88.400000 0.058458 0.524060 0.134152 0.172002 0.553124 0.387830 0.188497 0.463538
88.600000 0.058290 0.524071 0.134170 0.171859 0.552985 0.387459 0.188561 0.463510
88.800000 0.058414 0.524102 0.134044 0.172023 0.552982 0.387666 0.188596 0.463490
89.000000 0.058437 0.524020 0.133853 0.172010 0.552992 0.387787 0.188624 0.463499
89.200000 0.058585 0.524072 0.134010 0.172045 0.553426 0.387875 0.188723 0.463610
89.400000 0.058149 0.523992 0.134209 0.172083 0.553415 0.387619 0.188887 0.463581
89.600000 0.058427 0.524125 0.134254 0.172188 0.553389 0.387976 0.188843 0.463654
89.800000 0.058450 0.524135 0.134236 0.172128 0.553294 0.387960 0.188785 0.463714
90.000000 0.058571 0.523932 0.134259 0.172184 0.553331 0.387847 0.188769 0.463671
