0.200000 0.060226 0.472059 0.242159 0.268036 0.495455 0.464294 0.267999 0.429844
0.400000 0.060014 0.470786 0.242021 0.267572 0.493606 0.464041 0.267657 0.428457
0.600000 0.060042 0.470342 0.241879 0.267344 0.492315 0.464169 0.267651 0.427617
0.800000 0.059860 0.470076 0.241984 0.267343 0.491522 0.464124 0.267562 0.426810
1.000000 0.060115 0.469625 0.241920 0.267329 0.490541 0.464154 0.267680 0.426300
1.200000 0.060004 0.469334 0.242143 0.267105 0.489457 0.464138 0.267599 0.425427
1.400000 0.059951 0.468727 0.241943 0.267079 0.488489 0.463886 0.267429 0.424608
1.600000 0.059984 0.468352 0.241841 0.266948 0.487567 0.463870 0.267429 0.424020
1.800000 0.060085 0.467892 0.241854 0.266789 0.486657 0.463803 0.267197 0.423188
2.000000 0.059841 0.467546 0.241932 0.266598 0.485793 0.463880 0.267184 0.422375
2.200000 0.059987 0.467174 0.241757 0.266641 0.484772 0.463744 0.267303 0.421645
2.400000 0.060065 0.466894 0.241728 0.266451 0.483956 0.463747 0.267198 0.421045
2.600000 0.059901 0.466403 0.241764 0.266275 0.482792 0.463796 0.266936 0.420493
2.800000 0.059816 0.465866 0.241725 0.266275 0.482087 0.463881 0.266992 0.419701
3.000000 0.059928 0.465671 0.241964 0.266160 0.481120 0.463715 0.266954 0.419036
3.200000 0.059925 0.465124 0.241798 0.266175 0.480264 0.463762 0.266891 0.418382
3.400000 0.059806 0.464743 0.241899 0.266084 0.479336 0.463823 0.266937 0.417653
3.600000 0.059888 0.464574 0.241813 0.265949 0.478497 0.463790 0.266605 0.416873
3.800000 0.059885 0.464016 0.241783 0.265883 0.477552 0.463569 0.266688 0.416406
4.000000 0.059895 0.463708 0.241736 0.265695 0.476674 0.463607 0.266692 0.415509
4.200000 0.059881 0.463214 0.241736 0.265797 0.475760 0.463629 0.266529 0.414996
4.400000 0.059903 0.462932 0.241566 0.265523 0.474904 0.463781 0.266483 0.414231
4.600000 0.059909 0.462505 0.241699 0.265485 0.474008 0.463491 0.266292 0.413590
4.800000 0.059962 0.462114 0.241602 0.265341 0.473147 0.463416 0.266265 0.412920
5.000000 0.059850 0.461767 0.241571 0.265220 0.472300 0.463426 0.266241 0.412068
5.200000 0.059959 0.461403 0.241680 0.265061 0.471283 0.463520 0.266221 0.411761
5.400000 0.059825 0.461061 0.241681 0.265105 0.470515 0.463454 0.265993 0.411000
5.600000 0.059879 0.460634 0.241653 0.265034 0.469689 0.463344 0.266032 0.410385
5.800000 0.059829 0.459924 0.241751 0.264998 0.468991 0.463440 0.265834 0.409759
6.000000 0.059955 0.459883 0.241485 0.264599 0.467864 0.463294 0.265725 0.409041
6.200000 0.059819 0.459630 0.241600 0.264867 0.467138 0.463356 0.265794 0.408447
6.400000 0.059959 0.459382 0.241659 0.264630 0.466441 0.463370 0.265799 0.407816
6.600000 0.059966 0.458917 0.241619 0.264282 0.465159 0.463169 0.265713 0.406897
6.800000 0.059844 0.458369 0.241576 0.264388 0.464470 0.463316 0.265527 0.406061
7.000000 0.059830 0.458170 0.241531 0.264140 0.463637 0.463114 0.265499 0.405832
7.200000 0.059832 0.457854 0.241518 0.264214 0.462773 0.463188 0.265379 0.405042
7.400000 0.059935 0.457334 0.241516 0.264083 0.462014 0.463226 0.265329 0.404551
7.600000 0.059667 0.457053 0.241489 0.264076 0.461264 0.463171 0.265234 0.403793
7.800000 0.059801 0.456644 0.241527 0.263972 0.460417 0.463229 0.265225 0.403389
8.000000 0.059782 0.456274 0.241406 0.263781 0.459553 0.462931 0.265082 0.402677
8.200000 0.059738 0.456181 0.241548 0.263809 0.458978 0.463044 0.265071 0.402128
8.400000 0.059702 0.455899 0.241537 0.263792 0.458148 0.463255 0.264905 0.401521
8.600000 0.059767 0.455576 0.241518 0.263577 0.457420 0.463039 0.264915 0.401129
8.800000 0.059778 0.455285 0.241272 0.263505 0.456615 0.463077 0.264750 0.400460
9.000000 0.059781 0.454760 0.241414 0.263449 0.455842 0.463104 0.264798 0.399804
9.200000 0.059732 0.454519 0.241262 0.263254 0.455021 0.462927 0.264706 0.399177
9.400000 0.059763 0.454385 0.241451 0.263261 0.454385 0.462835 0.264674 0.398777
9.600000 0.059774 0.453814 0.241344 0.263200 0.453585 0.462837 0.264539 0.398154
9.800000 0.059775 0.453539 0.241469 0.263099 0.453031 0.462807 0.264539 0.397604
10.000000 0.059730 0.453404 0.241287 0.263024 0.452147 0.462705 0.264436 0.397117
10.200000 0.059733 0.453028 0.241175 0.262876 0.451446 0.462797 0.264359 0.396549
10.400000 0.059752 0.452508 0.241267 0.262843 0.450749 0.462685 0.264348 0.395952
10.600000 0.059692 0.452572 0.241358 0.262638 0.450091 0.462651 0.264308 0.395387
10.800000 0.059697 0.451967 0.241289 0.262739 0.449517 0.462578 0.264154 0.394923
11.000000 0.059716 0.451677 0.241348 0.262587 0.448532 0.462656 0.264109 0.394408
11.200000 0.059700 0.451626 0.241194 0.262591 0.447847 0.462585 0.264079 0.393688
11.400000 0.059736 0.451071 0.241168 0.262340 0.447131 0.462788 0.263999 0.393222
11.600000 0.059718 0.451002 0.241367 0.262363 0.446544 0.462499 0.263856 0.392909
11.800000 0.059703 0.450699 0.241166 0.262229 0.445982 0.462670 0.263858 0.392302
12.000000 0.059735 0.450370 0.241203 0.262086 0.445248 0.462644 0.263804 0.391785
12.200000 0.059809 0.450004 0.241118 0.262129 0.444416 0.462404 0.263626 0.391281
12.400000 0.059701 0.449731 0.241164 0.262075 0.443825 0.462534 0.263683 0.390860
12.600000 0.059663 0.449482 0.241144 0.261905 0.442824 0.462613 0.263563 0.390029
12.800000 0.059671 0.449337 0.241235 0.261758 0.442436 0.462389 0.263523 0.389807
13.000000 0.059513 0.449054 0.241096 0.261784 0.441631 0.462214 0.263444 0.389194
13.200000 0.059510 0.448756 0.241111 0.261591 0.441160 0.462204 0.263488 0.388673
13.400000 0.059658 0.448487 0.241056 0.261608 0.440605 0.462247 0.263326 0.388324
13.600000 0.059502 0.448263 0.240955 0.261583 0.439901 0.462285 0.263301 0.387834
13.800000 0.059524 0.447962 0.241216 0.261493 0.439321 0.462272 0.263171 0.387535
14.000000 0.059620 0.447642 0.241006 0.261446 0.438840 0.462420 0.263186 0.386918
14.200000 0.059618 0.447435 0.241029 0.261340 0.438125 0.462330 0.263201 0.386605
14.400000 0.059626 0.447208 0.241046 0.261317 0.437576 0.462048 0.263035 0.385927
14.600000 0.059597 0.447059 0.240964 0.261092 0.436974 0.462117 0.262888 0.385681
14.800000 0.059609 0.446890 0.241010 0.261163 0.436498 0.462089 0.263056 0.385222
15.000000 0.059642 0.446391 0.241053 0.261151 0.435809 0.462048 0.262862 0.384756
15.200000 0.059616 0.446297 0.240962 0.261059 0.435304 0.462052 0.262649 0.384269
15.400000 0.059735 0.446097 0.240886 0.260946 0.434757 0.462057 0.262893 0.383906
15.600000 0.059606 0.445800 0.241020 0.260974 0.434053 0.462063 0.262680 0.383469
15.800000 0.059591 0.445532 0.240892 0.260893 0.433495 0.461953 0.262599 0.382877
16.000000 0.059567 0.445375 0.241044 0.260744 0.432954 0.461933 0.262522 0.382569
16.200000 0.059576 0.444933 0.240843 0.260738 0.432295 0.461932 0.262316 0.382179
16.400000 0.059562 0.444838 0.241034 0.260489 0.431903 0.461744 0.262325 0.381772
16.600000 0.059600 0.444506 0.240877 0.260496 0.431236 0.461937 0.262409 0.381367
16.800000 0.059575 0.444388 0.240886 0.260478 0.430743 0.461866 0.262436 0.380943
17.000000 0.059546 0.444158 0.240873 0.260395 0.430229 0.461876 0.262264 0.380457
17.200000 0.059580 0.443988 0.240901 0.260417 0.429686 0.461590 0.262194 0.379882
17.400000 0.059591 0.443578 0.240861 0.260274 0.429003 0.461723 0.262099 0.379787
17.600000 0.059567 0.443479 0.240881 0.260223 0.428522 0.461692 0.262056 0.379294
17.800000 0.059569 0.443118 0.240778 0.260097 0.428057 0.461704 0.261852 0.378995
18.000000 0.059543 0.443022 0.240897 0.260080 0.427406 0.461643 0.261971 0.378343
18.200000 0.059554 0.442784 0.240842 0.259984 0.426976 0.461460 0.261729 0.377749
18.400000 0.059553 0.442592 0.240774 0.259968 0.426350 0.461593 0.261980 0.377690
18.600000 0.059627 0.442469 0.240936 0.259942 0.425758 0.461718 0.261769 0.377302
18.800000 0.059582 0.442171 0.240808 0.259963 0.425518 0.461704 0.261775 0.376762
19.000000 0.059654 0.442038 0.240738 0.259706 0.424751 0.461541 0.261819 0.376396
19.200000 0.059512 0.441746 0.240762 0.259643 0.424272 0.461438 0.261408 0.376108
19.400000 0.059513 0.441490 0.240762 0.259665 0.423585 0.461436 0.261546 0.375653
19.600000 0.059521 0.441424 0.240843 0.259533 0.423235 0.461472 0.261589 0.375361
19.800000 0.059379 0.441102 0.240724 0.259546 0.422609 0.461403 0.261433 0.374760
20.000000 0.059205 0.440906 0.240706 0.259414 0.422129 0.461303 0.261242 0.374463
20.200000 0.059496 0.440565 0.240669 0.259412 0.421614 0.461404 0.261338 0.374044
20.400000 0.059502 0.440521 0.240709 0.259348 0.421193 0.461325 0.261093 0.373755
20.600000 0.059457 0.440263 0.240725 0.259305 0.420732 0.461300 0.261340 0.373454
20.800000 0.059462 0.440018 0.240675 0.259386 0.420224 0.461248 0.261220 0.372981
21.000000 0.059362 0.439817 0.240487 0.259216 0.419878 0.461134 0.261206 0.372637
21.200000 0.059466 0.439456 0.240644 0.259146 0.419259 0.461158 0.261029 0.372291
21.400000 0.059493 0.439399 0.240668 0.258988 0.418816 0.461239 0.261024 0.371924
21.600000 0.059469 0.439247 0.240632 0.259019 0.418168 0.461018 0.261000 0.371530
21.800000 0.059496 0.439033 0.240686 0.258817 0.417837 0.461199 0.260780 0.371203
22.000000 0.059613 0.438837 0.240747 0.258852 0.417309 0.460887 0.260868 0.370641
22.200000 0.059496 0.438567 0.240613 0.258958 0.417016 0.461096 0.260825 0.370547
22.400000 0.059480 0.438308 0.240529 0.258653 0.416442 0.461117 0.260858 0.370126
22.600000 0.059486 0.438119 0.240526 0.258707 0.415940 0.460835 0.260724 0.369594
22.800000 0.059442 0.437967 0.240362 0.258765 0.415445 0.460990 0.260769 0.369387
23.000000 0.059459 0.437811 0.240329 0.258741 0.414915 0.460860 0.260606 0.368813
23.200000 0.059425 0.437765 0.240574 0.258583 0.414518 0.461046 0.260546 0.368763
23.400000 0.059487 0.437355 0.240613 0.258387 0.413981 0.460872 0.260389 0.368385
23.600000 0.059490 0.437300 0.240613 0.258381 0.413543 0.460714 0.260347 0.367891
23.800000 0.059448 0.437060 0.240271 0.258420 0.413076 0.460884 0.260359 0.367684
24.000000 0.059444 0.436996 0.240337 0.258229 0.412703 0.460813 0.260314 0.367183
24.200000 0.059404 0.436666 0.240357 0.258262 0.412440 0.460819 0.260295 0.367054
24.400000 0.059425 0.436469 0.240548 0.258208 0.411842 0.460579 0.260205 0.366674
24.600000 0.059441 0.436278 0.240364 0.257983 0.411457 0.460938 0.260064 0.366377
24.800000 0.059429 0.436062 0.240425 0.258132 0.411003 0.460435 0.260154 0.366125
25.000000 0.059404 0.435916 0.240465 0.258023 0.410584 0.460701 0.260040 0.365706
25.200000 0.059391 0.435765 0.240356 0.257995 0.410117 0.460624 0.260016 0.365318
25.400000 0.059266 0.435627 0.240461 0.257983 0.409458 0.460598 0.259920 0.365039
25.600000 0.059406 0.435384 0.240392 0.257919 0.408966 0.460534 0.259824 0.364676
25.800000 0.059266 0.435212 0.240418 0.257828 0.408869 0.460607 0.259788 0.364374
26.000000 0.059367 0.434971 0.240406 0.257749 0.408069 0.460216 0.259842 0.363900
26.200000 0.059409 0.434917 0.240515 0.257800 0.407897 0.460432 0.259855 0.363656
26.400000 0.059408 0.434621 0.240401 0.257643 0.407435 0.460621 0.259569 0.363461
26.600000 0.059394 0.434545 0.240369 0.257689 0.407056 0.460474 0.259456 0.363041
26.800000 0.059374 0.434321 0.240363 0.257624 0.406676 0.460437 0.259561 0.362782
27.000000 0.059376 0.434191 0.240428 0.257611 0.406082 0.460350 0.259534 0.362474
27.200000 0.059388 0.433995 0.240377 0.257501 0.405794 0.460389 0.259497 0.362139
27.400000 0.059506 0.433770 0.240362 0.257448 0.405449 0.460306 0.259444 0.361928
27.600000 0.059377 0.433615 0.240344 0.257406 0.404939 0.460303 0.259255 0.361559
27.800000 0.059500 0.433434 0.240223 0.257347 0.404581 0.460222 0.259368 0.361254
28.000000 0.059447 0.433226 0.240430 0.257205 0.404286 0.460448 0.259321 0.361049
28.200000 0.059381 0.433092 0.240335 0.257340 0.403884 0.460318 0.259112 0.360633
28.400000 0.059373 0.432984 0.240313 0.257226 0.403326 0.460285 0.259208 0.360366
28.600000 0.059371 0.432765 0.240256 0.257134 0.403057 0.460100 0.259109 0.360019
28.800000 0.059210 0.432468 0.240231 0.256938 0.402650 0.460145 0.259021 0.359755
29.000000 0.059341 0.432413 0.240023 0.257058 0.402216 0.460078 0.259039 0.359469
29.200000 0.059499 0.432380 0.240395 0.256820 0.401826 0.460276 0.259063 0.359113
29.400000 0.059153 0.432074 0.240296 0.256915 0.401376 0.459903 0.259014 0.358846
29.600000 0.059489 0.432096 0.240316 0.256912 0.401146 0.459983 0.258712 0.358539
29.800000 0.059207 0.431716 0.240223 0.256718 0.400555 0.460010 0.258673 0.358312
30.000000 0.059350 0.431672 0.240231 0.256775 0.400370 0.460098 0.258816 0.358014
30.200000 0.059314 0.431595 0.240047 0.256727 0.399830 0.459995 0.258554 0.357381
30.400000 0.059304 0.431483 0.240263 0.256701 0.399532 0.459921 0.258710 0.357365
30.600000 0.059326 0.431091 0.240166 0.256802 0.399144 0.460024 0.258684 0.357098
30.800000 0.059438 0.431119 0.240274 0.256552 0.398750 0.459886 0.258619 0.356874
31.000000 0.059603 0.430954 0.240126 0.256638 0.398391 0.459916 0.258615 0.356630
31.200000 0.059922 0.430761 0.240230 0.256603 0.397956 0.459845 0.258603 0.356291
31.400000 0.060242 0.430667 0.240184 0.256379 0.397554 0.459940 0.258635 0.355895
31.600000 0.060636 0.430319 0.239888 0.256370 0.397488 0.459889 0.258461 0.355927
31.800000 0.061095 0.430253 0.240098 0.256458 0.397346 0.459691 0.258415 0.355688
32.000000 0.061630 0.430260 0.240046 0.256462 0.397363 0.459696 0.258321 0.355907
32.200000 0.062158 0.430109 0.240078 0.256441 0.397643 0.459588 0.258020 0.355805
32.400000 0.062702 0.430266 0.240051 0.256348 0.398035 0.459691 0.258182 0.356144
32.600000 0.063083 0.430156 0.240164 0.256104 0.398286 0.459359 0.258168 0.356584
32.800000 0.063701 0.430323 0.240118 0.256553 0.399245 0.459490 0.258091 0.357121
33.000000 0.064335 0.430954 0.239884 0.256712 0.400985 0.459519 0.258426 0.358177
33.200000 0.064892 0.431656 0.240241 0.257148 0.402280 0.459309 0.258372 0.359243
33.400000 0.065182 0.432397 0.240368 0.257353 0.403900 0.459710 0.258446 0.360189
33.600000 0.065662 0.433087 0.240475 0.257587 0.405299 0.459454 0.258365 0.361413
33.800000 0.066000 0.434292 0.240326 0.257903 0.407376 0.459616 0.258368 0.362697
34.000000 0.066331 0.435563 0.240411 0.258239 0.409309 0.459653 0.258436 0.364283
34.200000 0.066601 0.437160 0.240540 0.258518 0.411618 0.459739 0.258412 0.365821
34.400000 0.066863 0.438836 0.240489 0.259042 0.414098 0.459895 0.258567 0.367578
34.600000 0.067102 0.440604 0.240489 0.259349 0.416417 0.459607 0.258591 0.369395
34.800000 0.067100 0.442833 0.240738 0.259824 0.419160 0.459647 0.258628 0.371369
35.000000 0.067473 0.445119 0.240730 0.260043 0.422031 0.459679 0.258485 0.373374
35.200000 0.067671 0.447905 0.240696 0.260589 0.425082 0.459694 0.258648 0.375595
35.400000 0.067804 0.450543 0.240834 0.260980 0.427649 0.459788 0.258656 0.377731
35.600000 0.067939 0.453315 0.241015 0.261429 0.430751 0.459790 0.258658 0.379704
35.800000 0.068014 0.456342 0.241204 0.261731 0.433526 0.459672 0.258879 0.381995
36.000000 0.068164 0.459365 0.241221 0.262368 0.436825 0.459890 0.258809 0.384429
36.200000 0.068358 0.462675 0.241332 0.262734 0.439922 0.460042 0.258992 0.386829
36.400000 0.068322 0.466234 0.241480 0.263175 0.443251 0.459688 0.259035 0.389229
36.600000 0.068238 0.469748 0.241443 0.263670 0.446329 0.459749 0.258963 0.391588
36.800000 0.068472 0.473404 0.241639 0.264118 0.449815 0.459830 0.259241 0.394170
37.000000 0.068517 0.477437 0.241830 0.264528 0.453488 0.459821 0.259124 0.396999
37.200000 0.068586 0.481354 0.241799 0.264918 0.456828 0.459982 0.259312 0.399618
37.400000 0.068619 0.486199 0.241866 0.265240 0.461083 0.459952 0.259391 0.402926
37.600000 0.068536 0.490415 0.242083 0.265780 0.464552 0.459943 0.259433 0.405672
37.800000 0.068742 0.494663 0.242279 0.266312 0.468347 0.459940 0.259465 0.408629
38.000000 0.068798 0.498894 0.242302 0.266587 0.471944 0.459942 0.259589 0.411356
38.200000 0.068965 0.503357 0.242355 0.266918 0.475535 0.459944 0.259667 0.414205
38.400000 0.068847 0.507544 0.242354 0.267392 0.479320 0.460138 0.259664 0.417118
38.600000 0.068877 0.511966 0.242533 0.267705 0.483082 0.460129 0.259835 0.420020
38.800000 0.068867 0.516247 0.242516 0.268147 0.486774 0.460116 0.259758 0.423038
39.000000 0.068944 0.520637 0.242742 0.268423 0.490640 0.460197 0.259938 0.426174
39.200000 0.068936 0.524955 0.242674 0.268850 0.494330 0.459917 0.259957 0.428842
39.400000 0.069122 0.529563 0.242905 0.269433 0.498266 0.460181 0.260119 0.432220
39.600000 0.069024 0.534162 0.243009 0.269743 0.502207 0.460222 0.260218 0.435258
39.800000 0.069057 0.538436 0.243109 0.269964 0.505963 0.460290 0.260209 0.438238
40.000000 0.069053 0.542741 0.243208 0.270489 0.509701 0.460355 0.260329 0.441322
40.200000 0.069073 0.547224 0.243248 0.270919 0.513843 0.460215 0.260165 0.444560
40.400000 0.069033 0.551493 0.243333 0.271248 0.517682 0.460246 0.260580 0.447577
40.600000 0.068824 0.555953 0.243521 0.271485 0.521607 0.460492 0.260748 0.450749
40.800000 0.068981 0.560101 0.243524 0.271894 0.525484 0.460313 0.260666 0.453874
41.000000 0.069107 0.564270 0.243593 0.272141 0.529289 0.460442 0.260765 0.457172
41.200000 0.069129 0.568428 0.243661 0.272525 0.533235 0.460461 0.260921 0.460414
41.400000 0.069169 0.572665 0.243694 0.272908 0.537228 0.460538 0.260976 0.463493
41.600000 0.069160 0.576674 0.243753 0.273193 0.541187 0.460257 0.261060 0.466688
41.800000 0.069196 0.580544 0.243883 0.273491 0.544995 0.460644 0.261260 0.469891
42.000000 0.069197 0.584657 0.243884 0.273825 0.548847 0.460577 0.261130 0.472941
42.200000 0.069195 0.588445 0.244099 0.274093 0.552441 0.460634 0.261284 0.476191
42.400000 0.069240 0.592089 0.244113 0.274369 0.556404 0.460705 0.261436 0.479173
42.600000 0.069213 0.595719 0.244283 0.274652 0.560084 0.460609 0.261533 0.482210
42.800000 0.069227 0.599652 0.244193 0.275037 0.563904 0.460684 0.261397 0.485313
43.000000 0.069242 0.603153 0.244243 0.275267 0.567621 0.460716 0.261600 0.488306
43.200000 0.069385 0.606742 0.244570 0.275422 0.571371 0.460845 0.261744 0.491588
43.400000 0.069287 0.610288 0.244340 0.275999 0.575003 0.460945 0.261965 0.494656
43.600000 0.069290 0.613759 0.244484 0.276315 0.579072 0.460863 0.261934 0.498202
43.800000 0.069292 0.618869 0.244701 0.276519 0.584049 0.461038 0.262089 0.502285
44.000000 0.069318 0.621827 0.244513 0.276915 0.587745 0.460873 0.262103 0.505034
44.200000 0.069337 0.586078 0.244680 0.277132 0.591384 0.460975 0.262266 0.507969
44.400000 0.069332 0.628114 0.244951 0.277454 0.594882 0.461108 0.262432 0.510918
44.600000 0.069315 0.630964 0.244771 0.277776 0.598187 0.461091 0.262572 0.513640
44.800000 0.069336 0.633942 0.244955 0.277867 0.601609 0.460991 0.262530 0.516619
45.000000 0.069319 0.636849 0.244985 0.278258 0.605021 0.461224 0.262647 0.519389
45.200000 0.069354 0.639647 0.245047 0.278443 0.608231 0.461001 0.262680 0.522138
45.400000 0.069482 0.642238 0.245104 0.278772 0.611875 0.461177 0.262803 0.524955
45.600000 0.069380 0.644873 0.244924 0.278978 0.615059 0.461158 0.262778 0.527501
45.800000 0.069387 0.647563 0.245190 0.279212 0.618188 0.461149 0.262944 0.530269
46.000000 0.069339 0.650054 0.245107 0.279460 0.621219 0.461419 0.262881 0.532972
46.200000 0.069394 0.652614 0.245302 0.279666 0.624456 0.461159 0.262972 0.535552
46.400000 0.069401 0.655044 0.245357 0.279933 0.627468 0.461423 0.263227 0.538064
46.600000 0.069548 0.657237 0.245427 0.280297 0.630803 0.461420 0.263302 0.540523
46.800000 0.069407 0.659584 0.245490 0.280398 0.633849 0.461283 0.263394 0.543329
47.000000 0.069399 0.661891 0.245469 0.280524 0.636674 0.461428 0.263462 0.545566
47.200000 0.069423 0.663933 0.245412 0.280796 0.639759 0.461490 0.263535 0.548083
47.400000 0.069162 0.665943 0.245631 0.280938 0.642655 0.461462 0.263662 0.550473
47.600000 0.069277 0.668161 0.245599 0.281315 0.645583 0.461490 0.263818 0.552965
47.800000 0.069279 0.670276 0.245713 0.281660 0.648474 0.461587 0.263842 0.555297
48.000000 0.069445 0.672048 0.245788 0.281766 0.651310 0.461633 0.263912 0.557538
48.200000 0.069454 0.674023 0.245943 0.281834 0.654047 0.461677 0.263984 0.559908
48.400000 0.069470 0.676102 0.245721 0.282024 0.656642 0.461578 0.264103 0.562126
48.600000 0.069469 0.677907 0.245928 0.282323 0.659529 0.461666 0.264199 0.564513
48.800000 0.069473 0.679569 0.245831 0.282714 0.662302 0.461585 0.264156 0.566443
49.000000 0.069543 0.681298 0.246053 0.282785 0.664865 0.461637 0.264376 0.568566
49.200000 0.069484 0.683127 0.246058 0.283157 0.667574 0.461905 0.264332 0.570914
49.400000 0.069437 0.684555 0.246065 0.283153 0.670143 0.461866 0.264471 0.572922
49.600000 0.069471 0.686199 0.246106 0.283439 0.672495 0.461789 0.264595 0.575047
49.800000 0.069485 0.687738 0.246161 0.283645 0.675263 0.461884 0.264694 0.577077
50.000000 0.069546 0.689666 0.246188 0.283914 0.678211 0.462068 0.264848 0.579590
50.200000 0.069492 0.691482 0.246422 0.283967 0.680943 0.462164 0.265025 0.581580
50.400000 0.069504 0.692727 0.246310 0.284416 0.683543 0.461930 0.265042 0.583724
50.600000 0.069521 0.693979 0.246134 0.284534 0.685865 0.462146 0.264927 0.585604
50.800000 0.069538 0.695585 0.246308 0.284619 0.688247 0.462160 0.265213 0.587742
51.000000 0.069525 0.696926 0.246427 0.284779 0.690615 0.462314 0.265250 0.589362
51.200000 0.069525 0.698134 0.246534 0.284951 0.692911 0.462317 0.265483 0.591208
51.400000 0.069528 0.699203 0.246699 0.285339 0.695250 0.462192 0.265433 0.593024
51.600000 0.069523 0.700554 0.246549 0.285476 0.697551 0.462353 0.265535 0.594827
51.800000 0.069727 0.701849 0.246564 0.285568 0.699632 0.462256 0.265515 0.596561
52.000000 0.069554 0.702798 0.246536 0.285789 0.701903 0.462316 0.265784 0.598043
52.200000 0.069542 0.704172 0.246600 0.285975 0.703910 0.462211 0.265703 0.599841
52.400000 0.069550 0.705116 0.246339 0.286037 0.706165 0.462334 0.265707 0.601616
52.600000 0.069554 0.706279 0.246696 0.286250 0.708153 0.462392 0.266083 0.603225
52.800000 0.069522 0.707141 0.246698 0.286463 0.710287 0.462412 0.266048 0.604712
53.000000 0.069552 0.708105 0.246741 0.286660 0.712275 0.462428 0.266072 0.606500
53.200000 0.069719 0.709092 0.246778 0.286949 0.714323 0.462558 0.266216 0.608020
53.400000 0.069708 0.710095 0.246738 0.286918 0.716112 0.462555 0.266307 0.609528
53.600000 0.069436 0.711045 0.246741 0.287156 0.717966 0.462505 0.266332 0.611050
53.800000 0.069730 0.711884 0.246816 0.287467 0.719966 0.462410 0.266419 0.612368
54.000000 0.069570 0.712649 0.246742 0.287516 0.722010 0.462526 0.266518 0.613992
54.200000 0.069572 0.713660 0.246883 0.287777 0.723790 0.462627 0.266675 0.615523
54.400000 0.069584 0.714440 0.246996 0.287790 0.725437 0.462494 0.266709 0.616613
54.600000 0.069566 0.715147 0.246931 0.287983 0.727260 0.462707 0.266783 0.618053
54.800000 0.069458 0.715883 0.247148 0.288210 0.729325 0.462790 0.267007 0.619564
55.000000 0.069605 0.716558 0.246908 0.288316 0.731038 0.462790 0.266943 0.620732
55.200000 0.069433 0.717562 0.247161 0.288510 0.732434 0.462848 0.267051 0.622190
55.400000 0.069720 0.717976 0.247152 0.288633 0.734333 0.462698 0.266825 0.623332
55.600000 0.069544 0.718840 0.247040 0.288804 0.735850 0.462975 0.267280 0.624754
55.800000 0.069574 0.719395 0.247087 0.288905 0.737370 0.462923 0.267263 0.625867
56.000000 0.069587 0.719962 0.247150 0.289031 0.738971 0.462874 0.267371 0.626907
56.200000 0.069605 0.720782 0.247296 0.289078 0.740866 0.463034 0.267390 0.628640
56.400000 0.069715 0.721554 0.247261 0.289393 0.742918 0.462914 0.267581 0.629929
56.600000 0.069438 0.722152 0.247288 0.289696 0.744488 0.462989 0.267686 0.631291
56.800000 0.069575 0.722656 0.247310 0.289742 0.745973 0.463086 0.267726 0.632180
57.000000 0.069593 0.723004 0.247349 0.289903 0.747326 0.462874 0.267780 0.633449
57.200000 0.069594 0.723661 0.247216 0.290055 0.748481 0.462980 0.267931 0.634559
57.400000 0.069615 0.724319 0.247226 0.290161 0.750306 0.462977 0.268013 0.635429
57.600000 0.069584 0.724683 0.247409 0.290493 0.751640 0.463159 0.268006 0.636492
57.800000 0.069627 0.725100 0.247256 0.290404 0.752849 0.463184 0.268126 0.637634
58.000000 0.069615 0.725675 0.247473 0.290577 0.754255 0.463221 0.268205 0.638693
58.200000 0.069599 0.726249 0.247353 0.290831 0.755838 0.463155 0.268355 0.639748
58.400000 0.069625 0.726619 0.247510 0.290947 0.757055 0.463106 0.268440 0.640686
58.600000 0.069608 0.727159 0.247597 0.291057 0.758323 0.463308 0.268494 0.641731
58.800000 0.069623 0.727242 0.247648 0.291125 0.759460 0.463334 0.268542 0.642446
59.000000 0.069643 0.727974 0.247537 0.291172 0.760738 0.463408 0.268635 0.643500
59.200000 0.069636 0.728408 0.247546 0.291561 0.761942 0.463111 0.268686 0.644303
59.400000 0.069624 0.728556 0.247608 0.291503 0.763174 0.463543 0.268812 0.645263
59.600000 0.069523 0.728991 0.247555 0.291854 0.764465 0.463508 0.268832 0.646179
59.800000 0.069619 0.729297 0.247584 0.291652 0.765647 0.463443 0.268915 0.646957
60.000000 0.069661 0.729545 0.247589 0.291922 0.766712 0.463519 0.269113 0.647767
60.200000 0.069646 0.729857 0.247518 0.292105 0.767717 0.463432 0.269089 0.648715
60.400000 0.069644 0.730310 0.247732 0.292237 0.768892 0.463693 0.269300 0.649503
60.600000 0.069633 0.730890 0.247796 0.292319 0.770050 0.463619 0.269253 0.650432
60.800000 0.069652 0.730954 0.247926 0.292442 0.771291 0.463683 0.269347 0.651141
61.000000 0.069485 0.731338 0.247833 0.292521 0.772374 0.463627 0.269399 0.652052
61.200000 0.069653 0.731700 0.247862 0.292749 0.773394 0.463680 0.269405 0.652812
61.400000 0.069642 0.732019 0.247870 0.293067 0.774296 0.463694 0.269544 0.653568
61.600000 0.069500 0.732275 0.247952 0.293074 0.775450 0.463762 0.269617 0.654402
61.800000 0.069649 0.732586 0.247920 0.292990 0.776502 0.463724 0.269620 0.654939
62.000000 0.069646 0.732760 0.247880 0.293255 0.777211 0.463816 0.269908 0.655590
62.200000 0.069528 0.733056 0.247808 0.293325 0.778335 0.463901 0.269924 0.656390
62.400000 0.069600 0.733488 0.247992 0.293516 0.779434 0.464073 0.269830 0.657308
62.600000 0.069603 0.733823 0.247839 0.293825 0.780755 0.464002 0.270120 0.658076
62.800000 0.069671 0.733979 0.247973 0.293604 0.781320 0.463916 0.270100 0.658755
63.000000 0.069649 0.734128 0.247955 0.293838 0.782257 0.463960 0.270128 0.659388
63.200000 0.069638 0.734437 0.247835 0.293900 0.783105 0.463964 0.270121 0.659982
63.400000 0.069631 0.734741 0.248070 0.294187 0.784273 0.464041 0.270322 0.660581
63.600000 0.069659 0.734825 0.248015 0.294306 0.785048 0.464041 0.270433 0.661282
63.800000 0.069636 0.735079 0.248086 0.294408 0.785701 0.464080 0.270518 0.661803
64.000000 0.069645 0.735245 0.248071 0.294609 0.786496 0.463934 0.270687 0.662518
64.200000 0.069660 0.735648 0.247877 0.294499 0.787444 0.464045 0.270662 0.663158
64.400000 0.069681 0.735926 0.247988 0.294709 0.788125 0.464031 0.270735 0.663720
64.600000 0.069504 0.736010 0.248235 0.294888 0.789018 0.464172 0.270966 0.664178
64.800000 0.069638 0.736327 0.248254 0.294890 0.789545 0.464091 0.270876 0.664803
65.000000 0.069671 0.736296 0.248177 0.295101 0.790348 0.464238 0.270941 0.665401
65.200000 0.069640 0.736399 0.248201 0.295233 0.791231 0.464308 0.270914 0.665968
65.400000 0.069600 0.736836 0.248253 0.295277 0.791825 0.464448 0.270998 0.666306
65.600000 0.069834 0.736943 0.248141 0.295484 0.792702 0.464268 0.271156 0.667021
65.800000 0.069625 0.736804 0.248030 0.295427 0.793387 0.464029 0.271173 0.667331
66.000000 0.069662 0.737226 0.248356 0.295618 0.794184 0.464397 0.271453 0.667747
66.200000 0.069700 0.737333 0.248323 0.295752 0.794684 0.464395 0.271394 0.668373
66.400000 0.069670 0.737582 0.248312 0.295726 0.795359 0.464448 0.271465 0.669028
66.600000 0.069451 0.737645 0.248376 0.295761 0.796101 0.464369 0.271604 0.669261
66.800000 0.069658 0.737765 0.248367 0.296034 0.796852 0.464509 0.271751 0.670004
67.000000 0.069673 0.737985 0.248261 0.296039 0.797435 0.464569 0.271531 0.670177
67.200000 0.069622 0.738193 0.248291 0.296192 0.798113 0.464631 0.271885 0.671025
67.400000 0.069664 0.737921 0.248389 0.296357 0.798538 0.464497 0.271790 0.671361
67.600000 0.069699 0.738320 0.248274 0.296342 0.799550 0.464573 0.271767 0.671764
67.800000 0.069671 0.738465 0.248521 0.296605 0.800009 0.464498 0.271807 0.672271
68.000000 0.069668 0.738675 0.248549 0.296493 0.800188 0.464756 0.272046 0.672599
68.200000 0.069698 0.738769 0.248296 0.296763 0.800902 0.464694 0.272131 0.673016
68.400000 0.069705 0.738927 0.248565 0.296830 0.801585 0.464732 0.272369 0.673621
68.600000 0.069696 0.738910 0.248522 0.297080 0.802447 0.464642 0.272248 0.673981
68.800000 0.069706 0.738992 0.248687 0.297142 0.802744 0.464760 0.272260 0.674404
69.000000 0.069719 0.739158 0.248526 0.297127 0.803268 0.464769 0.272306 0.674654
69.200000 0.069672 0.739470 0.248432 0.297348 0.803754 0.464796 0.272445 0.675128
69.400000 0.069869 0.739459 0.248693 0.297540 0.804303 0.464692 0.272514 0.675392
69.600000 0.069721 0.739741 0.248545 0.297424 0.804830 0.464792 0.272621 0.675744
69.800000 0.069688 0.739714 0.248696 0.297670 0.805500 0.464919 0.272530 0.676345
70.000000 0.069729 0.739858 0.248654 0.297787 0.805857 0.465035 0.272740 0.676560
70.200000 0.069705 0.739991 0.248606 0.297733 0.806428 0.464791 0.272801 0.676892
70.400000 0.069616 0.739780 0.248559 0.297893 0.806937 0.464959 0.272949 0.677296
70.600000 0.069688 0.740413 0.248629 0.297986 0.807604 0.465041 0.272950 0.677496
70.800000 0.069692 0.740234 0.248620 0.298091 0.807898 0.465038 0.273013 0.678021
71.000000 0.069681 0.740258 0.248667 0.298287 0.808300 0.465055 0.273050 0.678375
71.200000 0.069715 0.740253 0.248604 0.298418 0.808903 0.465218 0.273002 0.678676
71.400000 0.069710 0.740576 0.248634 0.298300 0.809257 0.464982 0.273268 0.678910
71.600000 0.069728 0.740687 0.248776 0.298522 0.809699 0.465168 0.273196 0.679200
71.800000 0.069581 0.740662 0.248718 0.298463 0.810351 0.465108 0.273300 0.679600
72.000000 0.069713 0.740900 0.248604 0.298715 0.810549 0.465058 0.312370 0.680020
72.200000 0.069665 0.740957 0.248772 0.298670 0.811016 0.465192 0.273405 0.680112
72.400000 0.069660 0.741039 0.248824 0.298911 0.811522 0.465358 0.273496 0.680493
72.600000 0.069684 0.741177 0.248787 0.299044 0.812050 0.465320 0.273567 0.680980
72.800000 0.069693 0.740973 0.248778 0.299029 0.812110 0.465093 0.273686 0.681138
73.000000 0.069678 0.741482 0.248901 0.299186 0.812780 0.465322 0.273704 0.681462
73.200000 0.069681 0.741391 0.248901 0.299144 0.812966 0.465329 0.273591 0.681530
73.400000 0.069674 0.741299 0.248787 0.299358 0.813549 0.465359 0.273781 0.682003
73.600000 0.069692 0.741430 0.248766 0.299464 0.813841 0.465522 0.273905 0.682184
73.800000 0.069665 0.741561 0.248939 0.299379 0.814155 0.465263 0.273914 0.682451
74.000000 0.069711 0.741661 0.248889 0.299613 0.814517 0.465404 0.274042 0.682818
74.200000 0.069730 0.741703 0.248880 0.299813 0.814920 0.465527 0.274105 0.683022
74.400000 0.069596 0.741730 0.248976 0.299734 0.815458 0.465612 0.274307 0.683302
74.600000 0.069690 0.741662 0.248932 0.299969 0.815495 0.465529 0.274217 0.683408
74.800000 0.069726 0.741929 0.248941 0.299859 0.815934 0.465401 0.274205 0.683752
75.000000 0.069725 0.741835 0.248992 0.300176 0.816316 0.465509 0.274498 0.683981
75.200000 0.069588 0.742092 0.248879 0.300196 0.816537 0.465652 0.274286 0.684224
75.400000 0.069693 0.742175 0.249150 0.300245 0.817024 0.465757 0.274357 0.684547
75.600000 0.069687 0.741996 0.248885 0.300308 0.817410 0.465623 0.274382 0.684663
75.800000 0.069740 0.742139 0.249088 0.300357 0.817646 0.465660 0.274527 0.684665
76.000000 0.069714 0.781241 0.248988 0.300500 0.817911 0.465664 0.274572 0.685094
76.200000 0.069589 0.742043 0.248960 0.300498 0.818040 0.465849 0.274535 0.685309
76.400000 0.069863 0.742213 0.248976 0.300495 0.818569 0.465757 0.274804 0.685535
76.600000 0.069714 0.781133 0.249116 0.300732 0.818663 0.465578 0.274801 0.685595
76.800000 0.069724 0.742296 0.249069 0.300645 0.819196 0.465835 0.274953 0.686017
77.000000 0.069724 0.742444 0.249087 0.301034 0.819545 0.465825 0.274987 0.686255
77.200000 0.069723 0.742404 0.249096 0.300951 0.819624 0.465893 0.274999 0.686389
77.400000 0.069849 0.742468 0.249057 0.301206 0.820075 0.465760 0.275097 0.686502
77.600000 0.069734 0.742474 0.249060 0.301075 0.859354 0.465842 0.275068 0.686703
77.800000 0.069708 0.742624 0.249093 0.301331 0.820432 0.465897 0.274985 0.686808
78.000000 0.069594 0.742743 0.249041 0.301135 0.820735 0.465928 0.275146 0.687180
78.200000 0.069686 0.742592 0.249033 0.301456 0.821198 0.466002 0.275149 0.687222
78.400000 0.069879 0.742654 0.249147 0.301379 0.821322 0.465901 0.275376 0.687505
78.600000 0.069709 0.742783 0.249176 0.301446 0.821364 0.465992 0.275282 0.687578
78.800000 0.069519 0.742744 0.249062 0.301405 0.821636 0.465875 0.275482 0.687843
79.000000 0.069704 0.742840 0.249127 0.301610 0.822127 0.466011 0.275318 0.688142
79.200000 0.069795 0.742912 0.249179 0.301684 0.822399 0.466111 0.275463 0.688257
79.400000 0.069693 0.742897 0.249226 0.301823 0.822526 0.466006 0.275584 0.688217
79.600000 0.069882 0.743024 0.249291 0.301919 0.822771 0.466101 0.275680 0.688568
79.800000 0.069606 0.743013 0.249200 0.301831 0.822924 0.466068 0.275645 0.688642
80.000000 0.069709 0.743021 0.249196 0.302034 0.823361 0.466147 0.275832 0.688811
80.200000 0.069885 0.743054 0.249327 0.302329 0.823466 0.466221 0.275841 0.688999
80.400000 0.069759 0.743046 0.249205 0.302227 0.823657 0.466259 0.275813 0.689321
80.600000 0.069581 0.743106 0.249285 0.302402 0.824037 0.466179 0.275942 0.689314
80.800000 0.069727 0.743163 0.249273 0.302483 0.824220 0.466182 0.276005 0.689550
81.000000 0.069711 0.742979 0.249360 0.302392 0.824307 0.466368 0.276047 0.689725
81.200000 0.069877 0.743241 0.249285 0.302533 0.824451 0.466304 0.276160 0.689824
81.400000 0.069851 0.743248 0.249295 0.302700 0.824517 0.466244 0.276163 0.689960
81.600000 0.069625 0.743378 0.249317 0.302634 0.825023 0.466183 0.276034 0.689937
81.800000 0.069782 0.743172 0.249260 0.302612 0.825175 0.466424 0.276268 0.690299
82.000000 0.069608 0.743269 0.249422 0.302717 0.825137 0.466291 0.276223 0.690164
82.200000 0.069866 0.743279 0.249329 0.302862 0.825353 0.466315 0.276349 0.690594
82.400000 0.069747 0.743259 0.249301 0.302897 0.825634 0.466402 0.276207 0.690410
82.600000 0.069879 0.743364 0.249320 0.302904 0.825786 0.466434 0.276406 0.690683
82.800000 0.069759 0.743451 0.249249 0.303066 0.826044 0.466357 0.276519 0.690803
83.000000 0.069754 0.743430 0.249472 0.303093 0.826138 0.466495 0.276617 0.690854
83.200000 0.069603 0.743294 0.249125 0.303206 0.826497 0.466542 0.276621 0.691131
83.400000 0.069620 0.743370 0.249395 0.303279 0.826492 0.466553 0.276529 0.691154
83.600000 0.069569 0.743347 0.249407 0.303271 0.826580 0.466487 0.276674 0.691330
83.800000 0.069746 0.743531 0.249452 0.303386 0.826796 0.466698 0.276741 0.691449
84.000000 0.069873 0.743462 0.249280 0.303445 0.827150 0.466562 0.276753 0.691577
84.200000 0.069721 0.743520 0.249398 0.303510 0.827224 0.466710 0.276690 0.691602
84.400000 0.069703 0.743458 0.249429 0.303564 0.827437 0.466656 0.276896 0.691739
84.600000 0.069723 0.743675 0.249495 0.303690 0.827448 0.466611 0.277064 0.691867
84.800000 0.069732 0.743691 0.249348 0.303593 0.827688 0.466719 0.276830 0.692062
85.000000 0.069724 0.743613 0.249180 0.303703 0.827336 0.466651 0.276952 0.692073
85.200000 0.069854 0.743657 0.249333 0.303877 0.827885 0.466569 0.276982 0.692257
85.400000 0.069707 0.743689 0.249236 0.303904 0.828058 0.466754 0.277045 0.692192
85.600000 0.069706 0.743447 0.249622 0.303999 0.828136 0.466639 0.277144 0.692411
85.800000 0.069686 0.743592 0.249489 0.304092 0.828399 0.466860 0.277212 0.692439
86.000000 0.069718 0.743569 0.249569 0.304207 0.828399 0.466724 0.277308 0.692509
86.200000 0.069712 0.743590 0.249525 0.304061 0.828515 0.466859 0.277119 0.692588
86.400000 0.069595 0.743569 0.249531 0.304245 0.828670 0.466861 0.277286 0.692789
86.600000 0.069702 0.743646 0.249544 0.304396 0.828778 0.466631 0.277347 0.692961
86.800000 0.069743 0.743736 0.249604 0.304329 0.828871 0.466808 0.277464 0.692862
87.000000 0.069731 0.743955 0.249509 0.304465 0.829053 0.466976 0.277455 0.692911
87.200000 0.069680 0.743484 0.249521 0.304336 0.829130 0.466797 0.277489 0.692783
87.400000 0.069729 0.743561 0.249560 0.304426 0.829283 0.466908 0.277541 0.692982
87.600000 0.069580 0.743843 0.249531 0.304518 0.829361 0.466882 0.277616 0.693008
87.800000 0.069701 0.743625 0.249487 0.304582 0.829470 0.467068 0.277609 0.693257
88.000000 0.069695 0.743803 0.249511 0.304810 0.829717 0.467050 0.277652 0.693254
88.200000 0.069873 0.743662 0.249544 0.304745 0.829725 0.467041 0.277741 0.693472
88.400000 0.069726 0.743684 0.249658 0.304768 0.829893 0.467033 0.277560 0.693496
88.600000 0.069743 0.743616 0.249739 0.304792 0.829862 0.467053 0.277762 0.693606
88.800000 0.069594 0.743615 0.249656 0.304738 0.830062 0.467159 0.277652 0.693464
89.000000 0.069592 0.743648 0.249711 0.305074 0.830155 0.466925 0.277771 0.693675
89.200000 0.069730 0.743577 0.249785 0.304927 0.830354 0.467194 0.277968 0.693871
89.400000 0.069765 0.743594 0.249585 0.305037 0.830305 0.467129 0.277991 0.693806
89.600000 0.069606 0.743690 0.249683 0.305052 0.830456 0.467191 0.278147 0.694107
89.800000 0.069759 0.743820 0.249627 0.305232 0.830794 0.467155 0.278044 0.693911
90.000000 0.069720 0.743632 0.249765 0.305241 0.830697 0.467113 0.278107 0.694125
