0.200000 0.045778 0.319057 0.127594 0.146830 0.276682 0.441176 0.176978 0.239235
0.400000 0.045714 0.318350 0.127551 0.146640 0.275806 0.440935 0.176747 0.238451
0.600000 0.045697 0.318158 0.127351 0.146525 0.275295 0.440924 0.176431 0.238060
0.800000 0.045713 0.317962 0.127546 0.146551 0.274842 0.440849 0.176362 0.237674
1.000000 0.045677 0.317740 0.127375 0.146482 0.274260 0.440697 0.176374 0.237319
1.200000 0.045685 0.317487 0.127404 0.146463 0.273981 0.440701 0.176224 0.236819
1.400000 0.045733 0.317293 0.127265 0.146326 0.273328 0.440669 0.175807 0.236513
1.600000 0.045699 0.316931 0.127385 0.146251 0.272909 0.440550 0.175867 0.236169
1.800000 0.045702 0.316851 0.127308 0.146320 0.272424 0.440569 0.175760 0.235954
2.000000 0.045655 0.316489 0.127286 0.146170 0.271952 0.440480 0.175770 0.235350
2.200000 0.045662 0.316478 0.127282 0.145941 0.271485 0.440431 0.175445 0.235103
2.400000 0.045656 0.316100 0.127350 0.145848 0.270914 0.440289 0.175421 0.234785
2.600000 0.045655 0.316125 0.127352 0.145912 0.270581 0.440441 0.175191 0.234525
2.800000 0.045658 0.315565 0.127329 0.145902 0.270081 0.440355 0.175138 0.234180
3.000000 0.045644 0.315541 0.127402 0.145783 0.269522 0.440152 0.174944 0.233690
3.200000 0.045675 0.315313 0.127190 0.145860 0.269116 0.440188 0.174824 0.233449
3.400000 0.045627 0.315224 0.127302 0.145519 0.268604 0.439861 0.174568 0.232890
3.600000 0.045689 0.315087 0.127321 0.145712 0.268386 0.439931 0.174581 0.232652
3.800000 0.045664 0.314569 0.127400 0.145533 0.267837 0.440006 0.174276 0.232257
4.000000 0.045514 0.314612 0.127195 0.145474 0.267479 0.439869 0.174272 0.231819
4.200000 0.045608 0.314296 0.127141 0.145530 0.266907 0.439774 0.174158 0.231763
4.400000 0.045606 0.314173 0.127263 0.145389 0.266420 0.439783 0.174007 0.231122
4.600000 0.045599 0.314020 0.127184 0.145182 0.266083 0.439857 0.173919 0.230964
4.800000 0.045614 0.313631 0.127221 0.145116 0.265644 0.439737 0.173827 0.230618
5.000000 0.045739 0.313563 0.127208 0.145180 0.265244 0.439497 0.173664 0.230271
5.200000 0.045601 0.312812 0.127066 0.145127 0.264642 0.439595 0.173546 0.229804
5.400000 0.045572 0.313084 0.127137 0.144984 0.264244 0.439315 0.173190 0.229593
5.600000 0.045599 0.312836 0.127163 0.145006 0.263693 0.439327 0.173302 0.229195
5.800000 0.045598 0.312491 0.127056 0.145037 0.263609 0.439447 0.173166 0.228955
6.000000 0.045605 0.312547 0.127217 0.144893 0.263015 0.439268 0.172910 0.228475
6.200000 0.045575 0.312195 0.127173 0.144873 0.262612 0.439281 0.173015 0.228374
6.400000 0.045614 0.312280 0.127018 0.144743 0.262284 0.439396 0.172856 0.228047
6.600000 0.045577 0.311714 0.127108 0.144594 0.261657 0.439078 0.172635 0.227523
6.800000 0.045568 0.311732 0.127256 0.144694 0.261199 0.438786 0.172566 0.227112
7.000000 0.045559 0.311360 0.127047 0.144640 0.260731 0.438961 0.172404 0.226849
7.200000 0.045546 0.311345 0.127080 0.144646 0.260374 0.439100 0.172306 0.226727
7.400000 0.045506 0.311120 0.127043 0.144420 0.259959 0.438806 0.172026 0.226145
7.600000 0.045528 0.310930 0.127062 0.144465 0.259688 0.438766 0.172109 0.225858
7.800000 0.045530 0.310729 0.127057 0.144390 0.259244 0.438843 0.171954 0.225717
8.000000 0.045535 0.310569 0.127059 0.144405 0.258744 0.438836 0.171889 0.225266
8.200000 0.045521 0.310296 0.127032 0.144270 0.258440 0.438597 0.171697 0.225199
8.400000 0.045506 0.310184 0.127049 0.144233 0.257862 0.438625 0.171580 0.224765
8.600000 0.045497 0.310100 0.126995 0.144205 0.257621 0.438415 0.171634 0.224521
8.800000 0.045478 0.309869 0.126957 0.144176 0.257216 0.438261 0.171392 0.224240
9.000000 0.045483 0.309603 0.127020 0.144180 0.256701 0.438377 0.171233 0.223882
9.200000 0.045495 0.309588 0.126858 0.143902 0.256456 0.438269 0.171138 0.223644
9.400000 0.045490 0.309413 0.126969 0.143796 0.256050 0.438301 0.171013 0.223323
9.600000 0.045615 0.309072 0.127105 0.143993 0.255734 0.438146 0.170898 0.223073
9.800000 0.045339 0.308952 0.126970 0.143846 0.255328 0.438163 0.170850 0.222722
10.000000 0.045474 0.308972 0.127071 0.143847 0.254831 0.437955 0.170676 0.222605
10.200000 0.045451 0.308675 0.126868 0.143821 0.254567 0.437957 0.170618 0.222220
10.400000 0.045468 0.308506 0.126855 0.143603 0.254281 0.438007 0.170532 0.222008
10.600000 0.045614 0.308355 0.126832 0.143876 0.253897 0.437946 0.170376 0.221582
10.800000 0.045492 0.308166 0.126801 0.143622 0.253474 0.437837 0.170289 0.221549
11.000000 0.045449 0.308065 0.126520 0.143637 0.253122 0.437663 0.170182 0.221000
11.200000 0.045453 0.307888 0.126879 0.143532 0.252764 0.437611 0.170043 0.220830
11.400000 0.045408 0.307691 0.126948 0.143443 0.252498 0.437685 0.169896 0.220404
11.600000 0.045441 0.307566 0.126846 0.143465 0.252225 0.437622 0.169933 0.220256
11.800000 0.045448 0.307351 0.126811 0.143390 0.251736 0.437599 0.169807 0.219917
12.000000 0.045279 0.307264 0.126826 0.143294 0.251342 0.437611 0.169793 0.219831
12.200000 0.045412 0.307013 0.126801 0.143141 0.251066 0.437436 0.169336 0.219358
12.400000 0.045455 0.306907 0.126687 0.143420 0.250772 0.437360 0.169497 0.219286
12.600000 0.045404 0.306664 0.126714 0.142979 0.250283 0.437207 0.169445 0.218894
12.800000 0.045252 0.306621 0.126877 0.143179 0.249959 0.437310 0.169364 0.218703
13.000000 0.045421 0.306468 0.126784 0.143198 0.249577 0.437248 0.169160 0.218443
13.200000 0.045395 0.306298 0.126719 0.143060 0.249190 0.437158 0.168930 0.218205
13.400000 0.045426 0.306236 0.126819 0.143017 0.249034 0.437121 0.169019 0.217947
13.600000 0.045385 0.305972 0.126789 0.142967 0.248566 0.437007 0.168830 0.217714
13.800000 0.045394 0.305913 0.126759 0.142949 0.248488 0.436868 0.168859 0.217513
14.000000 0.045384 0.305721 0.126800 0.142893 0.247960 0.436872 0.168660 0.217210
14.200000 0.045412 0.305651 0.126748 0.142952 0.247871 0.436713 0.168667 0.217040
14.400000 0.045387 0.305435 0.126778 0.142818 0.247562 0.436708 0.168467 0.216818
14.600000 0.045332 0.305364 0.126719 0.142752 0.247433 0.436756 0.168312 0.216579
14.800000 0.045342 0.305026 0.126660 0.142584 0.246752 0.436586 0.168203 0.216367
15.000000 0.045359 0.305086 0.126728 0.142699 0.246613 0.436652 0.168250 0.216014
15.200000 0.045387 0.304920 0.126551 0.142612 0.246322 0.436563 0.168020 0.215908
15.400000 0.045379 0.304776 0.126782 0.142583 0.245930 0.436550 0.168051 0.215678
15.600000 0.045385 0.304637 0.126697 0.142533 0.245807 0.436470 0.167885 0.215499
15.800000 0.045376 0.304498 0.126548 0.142528 0.245508 0.436336 0.167896 0.215223
16.000000 0.045181 0.304174 0.126528 0.142224 0.244955 0.436357 0.167841 0.215014
16.200000 0.045364 0.304405 0.126635 0.142432 0.244933 0.436265 0.167736 0.214719
16.400000 0.045342 0.304135 0.126527 0.142219 0.244489 0.436271 0.167673 0.214568
16.600000 0.045361 0.304040 0.126787 0.142355 0.244361 0.436227 0.167431 0.214261
16.800000 0.045338 0.303927 0.126674 0.142244 0.244113 0.436218 0.167289 0.214163
17.000000 0.045341 0.303782 0.126682 0.142267 0.243885 0.435967 0.167263 0.213929
17.200000 0.045323 0.303534 0.126647 0.142108 0.243251 0.436052 0.167270 0.213636
17.400000 0.045336 0.303506 0.126681 0.142296 0.243098 0.435992 0.167265 0.213481
17.600000 0.045345 0.303406 0.126727 0.142201 0.242933 0.435835 0.167130 0.213258
17.800000 0.045035 0.303066 0.126423 0.141957 0.242599 0.435702 0.166737 0.212916
18.000000 0.045118 0.302863 0.126377 0.141683 0.242016 0.435608 0.166647 0.212800
18.200000 0.045149 0.302828 0.126264 0.141669 0.241849 0.435421 0.166553 0.212263
18.400000 0.045173 0.302936 0.126611 0.141982 0.241736 0.435699 0.166882 0.212477
18.600000 0.045175 0.302791 0.126627 0.141988 0.241490 0.435668 0.166745 0.212160
18.800000 0.045202 0.302489 0.126534 0.141941 0.241013 0.435553 0.166492 0.211793
19.000000 0.045292 0.302516 0.126574 0.141779 0.240857 0.435515 0.166500 0.211712
19.200000 0.045231 0.302131 0.126554 0.141851 0.240609 0.435472 0.166340 0.211505
19.400000 0.045298 0.302185 0.126560 0.141827 0.240186 0.435471 0.166349 0.211207
19.600000 0.045286 0.302001 0.126583 0.141712 0.240076 0.435183 0.166284 0.211078
19.800000 0.045249 0.301977 0.126589 0.141679 0.239803 0.435128 0.166210 0.210922
20.000000 0.045286 0.301765 0.126612 0.141695 0.239558 0.435306 0.166279 0.210839
20.200000 0.045267 0.301677 0.126604 0.141624 0.239269 0.435216 0.166053 0.210641
20.400000 0.045269 0.301814 0.126615 0.141543 0.239031 0.435098 0.165929 0.210355
20.600000 0.045266 0.301594 0.126451 0.141566 0.238900 0.435069 0.165943 0.210172
20.800000 0.045268 0.301422 0.126367 0.141600 0.238518 0.435054 0.165725 0.209949
21.000000 0.045251 0.301211 0.126468 0.141559 0.238290 0.434947 0.165765 0.209736
21.200000 0.045255 0.301355 0.126451 0.141510 0.238180 0.434865 0.165674 0.209541
21.400000 0.045253 0.301002 0.126354 0.141575 0.237789 0.434854 0.165604 0.209493
21.600000 0.045277 0.300996 0.126431 0.141398 0.237545 0.434846 0.165428 0.209196
21.800000 0.045239 0.300876 0.126482 0.141391 0.237256 0.434834 0.165439 0.209004
22.000000 0.045270 0.300760 0.126491 0.141200 0.237082 0.434654 0.165485 0.208833
22.200000 0.045238 0.300733 0.126627 0.141154 0.236793 0.434688 0.165309 0.208697
22.400000 0.045261 0.300543 0.126450 0.141187 0.236663 0.434544 0.165208 0.208299
22.600000 0.045221 0.300147 0.126473 0.141258 0.236315 0.434514 0.165242 0.208274
22.800000 0.045243 0.300284 0.126430 0.141224 0.236201 0.434538 0.165074 0.208093
23.000000 0.045236 0.300207 0.126575 0.141036 0.235780 0.434322 0.165007 0.207842
23.200000 0.045245 0.300065 0.126426 0.141035 0.235589 0.434309 0.164862 0.207370
23.400000 0.045173 0.299995 0.126448 0.141107 0.235326 0.434318 0.164884 0.207369
23.600000 0.045203 0.300057 0.126354 0.140705 0.235171 0.434405 0.164795 0.207222
23.800000 0.045159 0.299732 0.126230 0.140806 0.234799 0.434001 0.164655 0.207118
24.000000 0.045220 0.299609 0.126234 0.141122 0.234595 0.434192 0.164670 0.206997
24.200000 0.045209 0.299664 0.126379 0.140910 0.234434 0.433991 0.164602 0.206650
24.400000 0.045176 0.299666 0.126345 0.140959 0.234153 0.434067 0.164555 0.206671
24.600000 0.045186 0.299361 0.126381 0.140955 0.233972 0.433989 0.164486 0.206592
24.800000 0.045179 0.299274 0.126476 0.140756 0.233750 0.433946 0.164451 0.206273
25.000000 0.045203 0.299187 0.126466 0.140818 0.233506 0.433909 0.164418 0.206082
25.200000 0.045187 0.299175 0.126355 0.140796 0.233229 0.433953 0.164291 0.205858
25.400000 0.045204 0.298993 0.126198 0.140566 0.232885 0.433735 0.164058 0.205564
25.600000 0.045209 0.298635 0.126455 0.140780 0.232736 0.433619 0.164104 0.205541
25.800000 0.045181 0.298725 0.126226 0.140836 0.232428 0.433636 0.164078 0.205498
26.000000 0.045035 0.298538 0.126231 0.140610 0.232286 0.433794 0.164167 0.205176
26.200000 0.045172 0.298578 0.126216 0.140594 0.232044 0.433532 0.163970 0.205010
26.400000 0.045157 0.298361 0.126323 0.140447 0.231825 0.433251 0.163835 0.204817
26.600000 0.045014 0.298269 0.126233 0.140524 0.231614 0.433247 0.163783 0.204626
26.800000 0.045188 0.297887 0.126297 0.140637 0.231412 0.433377 0.163758 0.204498
27.000000 0.045231 0.298101 0.126264 0.140502 0.231310 0.433337 0.163687 0.204383
27.200000 0.045102 0.298003 0.126233 0.140530 0.230926 0.433084 0.163590 0.204214
27.400000 0.045268 0.297913 0.126261 0.140345 0.230811 0.432966 0.163470 0.204010
27.600000 0.045155 0.297685 0.126309 0.140519 0.230444 0.433191 0.163548 0.203983
27.800000 0.045283 0.297712 0.126239 0.140371 0.230265 0.433085 0.163437 0.203701
28.000000 0.045103 0.297643 0.126327 0.140307 0.230100 0.433055 0.163381 0.203556
28.200000 0.045113 0.297579 0.126203 0.140310 0.229930 0.433020 0.163273 0.203254
28.400000 0.045143 0.297250 0.126281 0.140166 0.229723 0.432790 0.163249 0.203377
28.600000 0.045122 0.297411 0.126112 0.140237 0.229375 0.432966 0.163239 0.203086
28.800000 0.045146 0.297324 0.126254 0.140194 0.229217 0.432843 0.163131 0.202892
29.000000 0.045159 0.297161 0.126251 0.140203 0.229173 0.432737 0.163077 0.202652
29.200000 0.045132 0.297072 0.126104 0.140165 0.229015 0.432600 0.163006 0.202577
29.400000 0.045122 0.296980 0.126181 0.140109 0.228673 0.432532 0.163110 0.202434
29.600000 0.045114 0.296974 0.126261 0.139945 0.228332 0.432623 0.163007 0.202207
29.800000 0.045130 0.296652 0.126287 0.139983 0.228246 0.432542 0.163049 0.202113
30.000000 0.045164 0.296485 0.126316 0.140005 0.228051 0.432543 0.162582 0.201970
30.200000 0.045136 0.296582 0.126092 0.139938 0.227680 0.432288 0.162659 0.201851
30.400000 0.045113 0.296575 0.126157 0.140039 0.227598 0.432398 0.162613 0.201719
30.600000 0.045138 0.296437 0.126317 0.139813 0.227389 0.432044 0.162554 0.201495
30.800000 0.045257 0.296198 0.126072 0.139813 0.227194 0.432191 0.162529 0.201350
31.000000 0.045449 0.296257 0.126153 0.139933 0.226774 0.432265 0.162584 0.201021
31.200000 0.045598 0.296035 0.126013 0.139845 0.226830 0.432233 0.162538 0.200993
31.400000 0.045844 0.295965 0.126141 0.139742 0.226719 0.431992 0.162467 0.200869
31.600000 0.046306 0.295996 0.126193 0.139891 0.226525 0.432090 0.162653 0.200773
31.800000 0.046552 0.295829 0.126322 0.139852 0.226259 0.431998 0.162387 0.200733
32.000000 0.047275 0.295851 0.126209 0.140067 0.226335 0.431982 0.162601 0.200710
32.200000 0.047856 0.295782 0.126333 0.140007 0.226437 0.432078 0.162662 0.200755
32.400000 0.048475 0.295791 0.126262 0.140044 0.226567 0.432030 0.162686 0.200523
32.600000 0.049082 0.295812 0.126326 0.140110 0.226766 0.432048 0.162747 0.200896
32.800000 0.049644 0.295838 0.126280 0.140206 0.227023 0.432031 0.162838 0.201249
33.000000 0.050361 0.295925 0.126332 0.140116 0.227276 0.432056 0.162843 0.201347
33.200000 0.050950 0.296099 0.126340 0.140494 0.227869 0.432051 0.163048 0.201660
33.400000 0.051544 0.296226 0.126330 0.140668 0.228375 0.432004 0.163209 0.201876
33.600000 0.051886 0.296399 0.126411 0.140782 0.229122 0.432043 0.163289 0.202429
33.800000 0.052487 0.296854 0.126420 0.140702 0.229676 0.432081 0.163443 0.203089
34.000000 0.052941 0.297383 0.126492 0.141042 0.230364 0.432003 0.163822 0.203415
34.200000 0.053321 0.297627 0.126562 0.141240 0.231178 0.432202 0.163944 0.204033
34.400000 0.053691 0.298176 0.126473 0.141413 0.232254 0.432190 0.164102 0.204720
34.600000 0.053967 0.298697 0.126654 0.141599 0.233278 0.432064 0.164211 0.205383
34.800000 0.054252 0.299243 0.126550 0.141811 0.234234 0.432243 0.164561 0.206204
35.000000 0.054621 0.300079 0.126627 0.141920 0.235421 0.432179 0.164785 0.206952
35.200000 0.054551 0.300769 0.126501 0.142517 0.236805 0.432127 0.165007 0.207649
35.400000 0.054978 0.301591 0.126544 0.142627 0.237851 0.432162 0.165164 0.208679
35.600000 0.055100 0.302292 0.126768 0.142762 0.238857 0.432248 0.165445 0.209482
35.800000 0.055295 0.303485 0.126730 0.143006 0.240259 0.432330 0.165674 0.210311
36.000000 0.055274 0.304387 0.126656 0.143291 0.241591 0.432403 0.165750 0.211219
36.200000 0.055531 0.305390 0.126787 0.143457 0.242950 0.432348 0.166103 0.212320
36.400000 0.055617 0.306396 0.126507 0.143744 0.244330 0.432383 0.166337 0.213308
36.600000 0.055726 0.307580 0.126880 0.143984 0.245870 0.432434 0.166486 0.214313
36.800000 0.055715 0.308819 0.126925 0.144281 0.247235 0.432445 0.166841 0.215411
37.000000 0.055968 0.310195 0.126902 0.144617 0.248935 0.432486 0.167190 0.216637
37.200000 0.056044 0.311667 0.127081 0.144697 0.250587 0.432448 0.167417 0.217956
37.400000 0.056078 0.312666 0.126957 0.145222 0.252259 0.432485 0.167630 0.219261
37.600000 0.056106 0.314392 0.126982 0.145497 0.253984 0.432674 0.167948 0.220420
37.800000 0.056155 0.315660 0.127086 0.145605 0.255673 0.432724 0.168215 0.221554
38.000000 0.056257 0.317287 0.126840 0.145785 0.257255 0.432655 0.168401 0.222765
38.200000 0.056259 0.318825 0.127251 0.146109 0.259085 0.432588 0.168751 0.224143
38.400000 0.056163 0.320429 0.126972 0.146329 0.260655 0.432856 0.168943 0.225304
38.600000 0.056335 0.322008 0.127020 0.146596 0.262525 0.432868 0.169086 0.226513
38.800000 0.056341 0.323513 0.127060 0.146852 0.264263 0.432749 0.169529 0.227910
39.000000 0.056378 0.325284 0.127195 0.147029 0.266112 0.432830 0.169695 0.229290
39.200000 0.056449 0.326996 0.127145 0.147510 0.267867 0.432991 0.169887 0.230849
39.400000 0.056388 0.328756 0.127108 0.147581 0.269921 0.433032 0.170389 0.232025
39.600000 0.056464 0.330409 0.127313 0.147771 0.271371 0.433185 0.170452 0.233322
39.800000 0.056483 0.332120 0.127274 0.148030 0.273578 0.433050 0.170805 0.234756
40.000000 0.056512 0.334002 0.127336 0.148307 0.275394 0.433166 0.171068 0.236127
40.200000 0.056520 0.335985 0.127402 0.148601 0.277299 0.433106 0.171313 0.237450
40.400000 0.056415 0.337639 0.127357 0.148692 0.279209 0.433335 0.171609 0.239077
40.600000 0.056549 0.339572 0.127379 0.148961 0.281156 0.433308 0.171965 0.240542
40.800000 0.056531 0.341327 0.127486 0.149170 0.283135 0.433304 0.172203 0.241988
41.000000 0.056536 0.343233 0.127410 0.149521 0.285053 0.433218 0.172574 0.243452
41.200000 0.056547 0.345084 0.127449 0.149574 0.287170 0.433496 0.172725 0.244988
41.400000 0.056551 0.347043 0.127550 0.149817 0.289144 0.433494 0.173031 0.246475
41.600000 0.056545 0.348764 0.127551 0.150135 0.291076 0.433651 0.173230 0.247803
41.800000 0.056718 0.350511 0.127593 0.150185 0.292990 0.433639 0.173642 0.249466
42.000000 0.056605 0.352343 0.127553 0.150389 0.294852 0.433630 0.173647 0.250915
42.200000 0.056574 0.354230 0.127474 0.150601 0.296872 0.433550 0.173968 0.252495
42.400000 0.056595 0.356073 0.127568 0.150818 0.298629 0.433701 0.174361 0.254040
42.600000 0.056534 0.357689 0.127601 0.151042 0.300658 0.433692 0.174687 0.255403
42.800000 0.056604 0.359607 0.127569 0.151126 0.302838 0.433818 0.174925 0.256901
43.000000 0.056568 0.361289 0.127593 0.151371 0.304613 0.433666 0.175145 0.258469
43.200000 0.056582 0.363219 0.127814 0.151539 0.306661 0.433891 0.175327 0.260043
43.400000 0.056460 0.364853 0.127769 0.151814 0.308602 0.433863 0.175736 0.261616
43.600000 0.056645 0.367032 0.127814 0.151839 0.310969 0.433862 0.176039 0.263341
43.800000 0.056617 0.368760 0.127441 0.151834 0.312954 0.434086 0.176347 0.264841
44.000000 0.056657 0.370418 0.127578 0.152293 0.314674 0.434111 0.176608 0.266129
44.200000 0.056633 0.372124 0.127809 0.152566 0.316495 0.434126 0.176820 0.267648
44.400000 0.056535 0.373666 0.127859 0.152615 0.318397 0.434127 0.177109 0.269199
44.600000 0.056474 0.375323 0.127813 0.152788 0.320224 0.434119 0.177165 0.270686
44.800000 0.056649 0.376905 0.127928 0.152865 0.322245 0.434264 0.177504 0.271924
45.000000 0.056600 0.378531 0.127910 0.153067 0.323974 0.434231 0.177817 0.273564
45.200000 0.056466 0.380193 0.127957 0.153273 0.325612 0.434335 0.178099 0.274816
45.400000 0.056661 0.381509 0.127994 0.153413 0.327546 0.434474 0.178327 0.276271
45.600000 0.056623 0.383055 0.127871 0.153506 0.329351 0.434424 0.178623 0.277786
45.800000 0.056619 0.384474 0.127996 0.153728 0.331177 0.434665 0.178872 0.279217
46.000000 0.056650 0.386044 0.128168 0.153838 0.332896 0.434616 0.179087 0.280517
46.200000 0.056601 0.387300 0.128053 0.154018 0.334741 0.434644 0.179372 0.281836
46.400000 0.056636 0.388664 0.127888 0.154122 0.336350 0.434622 0.179604 0.283321
46.600000 0.056625 0.390240 0.128095 0.154175 0.337994 0.434485 0.179836 0.284656
46.800000 0.056536 0.391575 0.128114 0.154549 0.339717 0.434828 0.180123 0.285973
47.000000 0.056630 0.392503 0.127970 0.154687 0.341400 0.434774 0.180290 0.287269
47.200000 0.056646 0.394216 0.128025 0.154814 0.342937 0.434864 0.180554 0.288656
47.400000 0.056666 0.395598 0.128130 0.154830 0.344672 0.434886 0.180944 0.289928
47.600000 0.056666 0.396767 0.128154 0.154920 0.346277 0.434938 0.180976 0.291141
47.800000 0.056661 0.397950 0.128178 0.155068 0.347771 0.434920 0.181181 0.292532
48.000000 0.056758 0.399308 0.128044 0.155284 0.349419 0.435173 0.181378 0.293651
48.200000 0.056762 0.400426 0.128077 0.155364 0.350969 0.434912 0.181645 0.294815
48.400000 0.056755 0.401495 0.128243 0.155126 0.352551 0.435091 0.181951 0.296257
48.600000 0.056614 0.402763 0.128241 0.155587 0.354072 0.435255 0.182233 0.297428
48.800000 0.056669 0.403807 0.128204 0.155707 0.355542 0.435299 0.182462 0.298582
49.000000 0.056759 0.405259 0.128279 0.155843 0.357149 0.435473 0.182723 0.299758
49.200000 0.056467 0.406312 0.128319 0.156049 0.358722 0.435359 0.182915 0.300937
49.400000 0.056634 0.407270 0.128314 0.156083 0.360258 0.435455 0.183180 0.301956
49.600000 0.056635 0.408338 0.128422 0.156168 0.361543 0.435380 0.183318 0.303264
49.800000 0.056691 0.409672 0.128391 0.156256 0.363303 0.435527 0.183859 0.304785
50.000000 0.056645 0.410973 0.128383 0.156443 0.365081 0.435545 0.183938 0.306054
50.200000 0.056646 0.411917 0.128383 0.156441 0.366387 0.435596 0.184110 0.307104
50.400000 0.056478 0.412952 0.128230 0.156582 0.367808 0.435541 0.184431 0.308282
50.600000 0.056647 0.413936 0.128403 0.156590 0.369172 0.435727 0.184548 0.309362
50.800000 0.056638 0.414759 0.128433 0.156783 0.370615 0.435773 0.184832 0.310448
51.000000 0.056633 0.415934 0.128409 0.156882 0.371767 0.435892 0.185003 0.311505
51.200000 0.056645 0.416771 0.128437 0.157025 0.373157 0.435863 0.185238 0.312542
51.400000 0.056620 0.417637 0.128593 0.157115 0.374442 0.435853 0.185455 0.313516
51.600000 0.056598 0.418516 0.128481 0.157305 0.375665 0.435708 0.185648 0.314498
51.800000 0.056641 0.419366 0.128382 0.157413 0.377147 0.435854 0.185741 0.315416
52.000000 0.056642 0.420182 0.128517 0.157524 0.378339 0.435947 0.186115 0.316586
52.200000 0.056631 0.421193 0.128479 0.157548 0.379580 0.435869 0.186184 0.317442
52.400000 0.056626 0.421915 0.128599 0.157509 0.380609 0.436180 0.186544 0.318563
52.600000 0.056643 0.422859 0.128496 0.157707 0.381918 0.436158 0.186730 0.319420
52.800000 0.056654 0.423667 0.128586 0.157890 0.383043 0.436115 0.186901 0.320492
53.000000 0.056598 0.424212 0.128533 0.157815 0.384323 0.436140 0.187177 0.321206
53.200000 0.056475 0.425235 0.128601 0.157930 0.385447 0.436530 0.187233 0.322309
53.400000 0.056463 0.426003 0.128484 0.158029 0.386459 0.436255 0.187447 0.323250
53.600000 0.056483 0.426719 0.128481 0.158359 0.387842 0.436409 0.187742 0.324073
53.800000 0.056611 0.427399 0.128527 0.158297 0.388672 0.436439 0.187885 0.324972
54.000000 0.056760 0.428041 0.128779 0.158529 0.389935 0.436543 0.188162 0.325842
54.200000 0.056593 0.428860 0.128702 0.158653 0.391039 0.436417 0.188307 0.326673
54.400000 0.056635 0.429409 0.128644 0.158690 0.392021 0.436629 0.188551 0.327481
54.600000 0.056609 0.430033 0.128676 0.158556 0.393142 0.436589 0.188487 0.328311
54.800000 0.056594 0.430763 0.128654 0.158771 0.394240 0.436744 0.188881 0.329180
55.000000 0.056565 0.431126 0.128517 0.158982 0.395111 0.436692 0.188938 0.329802
55.200000 0.056471 0.432000 0.128734 0.158912 0.396121 0.436916 0.189315 0.330728
55.400000 0.056656 0.432627 0.128763 0.158989 0.397109 0.436970 0.189418 0.331467
55.600000 0.056621 0.433335 0.128694 0.159055 0.397971 0.436980 0.189621 0.332223
55.800000 0.056586 0.433901 0.128647 0.159018 0.399166 0.436788 0.189706 0.332830
56.000000 0.056639 0.434297 0.128654 0.159247 0.400097 0.436935 0.190048 0.333751
56.200000 0.056478 0.435085 0.128919 0.159225 0.401217 0.437121 0.190215 0.334758
56.400000 0.056571 0.435645 0.128810 0.159419 0.401936 0.437113 0.190392 0.335518
56.600000 0.056717 0.436124 0.128805 0.159305 0.403028 0.437064 0.190465 0.336010
56.800000 0.056628 0.436823 0.128673 0.159528 0.403964 0.437223 0.190751 0.336840
57.000000 0.056467 0.437314 0.128866 0.159492 0.404913 0.437285 0.190926 0.337670
57.200000 0.056585 0.437822 0.128835 0.159742 0.405592 0.437295 0.191106 0.338269
57.400000 0.056595 0.438233 0.128846 0.159891 0.406559 0.437245 0.191414 0.339022
57.600000 0.056753 0.438796 0.128895 0.159897 0.407296 0.437422 0.191404 0.339585
57.800000 0.056583 0.439176 0.128882 0.159886 0.408221 0.437460 0.191572 0.340250
58.000000 0.056762 0.439710 0.128860 0.160042 0.408953 0.437356 0.191657 0.340824
58.200000 0.056553 0.440328 0.128824 0.160025 0.409740 0.437533 0.192105 0.341588
58.400000 0.056579 0.440534 0.128913 0.160125 0.410613 0.437537 0.191963 0.341998
58.600000 0.056578 0.441036 0.128801 0.160334 0.411484 0.437501 0.192351 0.342584
58.800000 0.056559 0.441581 0.128844 0.160342 0.412269 0.437664 0.192270 0.343376
59.000000 0.056522 0.442028 0.128801 0.160344 0.412953 0.437761 0.192592 0.343930
59.200000 0.056587 0.442416 0.128859 0.160275 0.413542 0.437687 0.192795 0.344536
59.400000 0.056604 0.442872 0.128948 0.160588 0.414489 0.437853 0.192949 0.345055
59.600000 0.056586 0.443299 0.129029 0.160400 0.415306 0.437843 0.193082 0.345690
59.800000 0.056719 0.443600 0.129064 0.160533 0.415956 0.437978 0.193282 0.346280
60.000000 0.056589 0.443915 0.129035 0.160550 0.416669 0.437977 0.193434 0.346968
60.200000 0.056567 0.444418 0.129071 0.160794 0.417301 0.437973 0.193598 0.347405
60.400000 0.056579 0.444910 0.129042 0.160790 0.418154 0.437936 0.193707 0.347954
60.600000 0.056543 0.445172 0.129058 0.160835 0.418701 0.438206 0.193886 0.348454
60.800000 0.056733 0.445649 0.129043 0.160871 0.419523 0.438188 0.194025 0.349088
61.000000 0.056539 0.445895 0.129024 0.161000 0.420110 0.438178 0.194094 0.349494
61.200000 0.056580 0.446055 0.128944 0.161000 0.420894 0.438134 0.194271 0.349903
61.400000 0.056565 0.446326 0.129069 0.161129 0.421462 0.438250 0.194460 0.350420
61.600000 0.056502 0.446843 0.129038 0.161049 0.421934 0.438111 0.194400 0.350925
61.800000 0.056562 0.447329 0.128980 0.161187 0.422676 0.438249 0.194709 0.351434
62.000000 0.056595 0.447650 0.129147 0.161198 0.423292 0.438451 0.194709 0.351781
62.200000 0.056458 0.448071 0.129179 0.161337 0.424080 0.438426 0.195118 0.352702
62.400000 0.056513 0.448368 0.129180 0.161418 0.425003 0.438568 0.195305 0.353159
62.600000 0.056581 0.448625 0.129163 0.161479 0.425417 0.438667 0.195416 0.353573
62.800000 0.056511 0.448941 0.129128 0.161589 0.426251 0.438445 0.195487 0.353912
63.000000 0.056540 0.449281 0.129169 0.161651 0.426787 0.438581 0.195642 0.354510
63.200000 0.056537 0.449239 0.129233 0.161556 0.427289 0.438696 0.195903 0.354921
63.400000 0.056535 0.449717 0.129227 0.161653 0.427739 0.438753 0.195906 0.355527
63.600000 0.056539 0.450266 0.129169 0.161721 0.428336 0.438825 0.196023 0.355781
63.800000 0.056574 0.450346 0.129154 0.161757 0.428886 0.438932 0.196137 0.356225
64.000000 0.056534 0.450665 0.129153 0.161850 0.429474 0.438929 0.196118 0.356630
64.200000 0.056527 0.451034 0.129362 0.161923 0.429966 0.438884 0.196530 0.357037
64.400000 0.056543 0.451201 0.129092 0.161989 0.430526 0.439010 0.196437 0.357443
64.600000 0.056556 0.451467 0.129220 0.162154 0.430962 0.439125 0.196683 0.357693
64.800000 0.056512 0.451667 0.129179 0.162008 0.431491 0.438939 0.196617 0.358217
65.000000 0.056561 0.451849 0.129253 0.162131 0.432057 0.439026 0.196885 0.358626
65.200000 0.056546 0.452262 0.129166 0.162349 0.432543 0.439123 0.197078 0.358971
65.400000 0.056555 0.452347 0.129293 0.162135 0.432962 0.439133 0.197228 0.359409
65.600000 0.056577 0.452645 0.129281 0.162292 0.433611 0.439276 0.197270 0.359761
65.800000 0.056540 0.452870 0.129322 0.162380 0.434015 0.439170 0.197437 0.359996
66.000000 0.056514 0.452945 0.129339 0.162358 0.434527 0.439323 0.197586 0.360469
66.200000 0.056529 0.453309 0.129289 0.162390 0.434969 0.439386 0.197604 0.360792
66.400000 0.056479 0.453466 0.129151 0.162420 0.435358 0.439447 0.197663 0.361141
66.600000 0.056577 0.453678 0.129349 0.162525 0.435752 0.439448 0.197847 0.361344
66.800000 0.056695 0.453917 0.129387 0.162544 0.436336 0.439493 0.197977 0.361901
67.000000 0.056543 0.454247 0.129338 0.162616 0.436581 0.439277 0.198082 0.362113
67.200000 0.056578 0.454133 0.129341 0.162659 0.437177 0.439479 0.198221 0.362542
67.400000 0.056569 0.454476 0.129515 0.162744 0.437690 0.439650 0.198221 0.362784
67.600000 0.056585 0.454701 0.129541 0.162701 0.438219 0.439700 0.198438 0.363109
67.800000 0.056559 0.454762 0.129278 0.162787 0.438278 0.439711 0.198395 0.363402
68.000000 0.056581 0.454901 0.129406 0.162955 0.438693 0.439693 0.198635 0.363758
68.200000 0.056585 0.455153 0.129348 0.162917 0.439344 0.439830 0.198716 0.364122
68.400000 0.056560 0.455436 0.129398 0.163013 0.439798 0.439852 0.198834 0.364317
68.600000 0.056534 0.455533 0.129460 0.162874 0.440084 0.439855 0.198978 0.364580
68.800000 0.056561 0.455825 0.129481 0.163069 0.440615 0.439998 0.199032 0.364981
69.000000 0.056542 0.455800 0.129517 0.163258 0.440941 0.440056 0.199174 0.365254
69.200000 0.056341 0.455939 0.129452 0.163108 0.441159 0.440035 0.199133 0.365530
69.400000 0.056523 0.456303 0.129429 0.163062 0.441847 0.440071 0.199382 0.365805
69.600000 0.056561 0.456281 0.129474 0.163215 0.442002 0.439917 0.199478 0.366061
69.800000 0.056552 0.456571 0.129511 0.162990 0.442444 0.440139 0.199566 0.366363
70.000000 0.056535 0.456545 0.129444 0.163121 0.442733 0.440136 0.199684 0.366586
70.200000 0.056481 0.456904 0.129487 0.163273 0.443096 0.440244 0.199777 0.366718
70.400000 0.056553 0.457074 0.129521 0.163335 0.443558 0.440251 0.199747 0.367143
70.600000 0.056594 0.457153 0.129537 0.163283 0.443917 0.440354 0.199955 0.367419
70.800000 0.056550 0.457352 0.129570 0.163500 0.444207 0.440263 0.200104 0.367734
71.000000 0.056537 0.457375 0.129406 0.163423 0.444386 0.440419 0.200150 0.367857
71.200000 0.056678 0.457527 0.129556 0.163427 0.445018 0.440410 0.200325 0.368154
71.400000 0.056502 0.457673 0.129423 0.163460 0.444973 0.440372 0.200262 0.368402
71.600000 0.056533 0.457994 0.129429 0.163693 0.445426 0.440549 0.200440 0.368513
71.800000 0.056523 0.458050 0.129677 0.163696 0.445735 0.440564 0.200609 0.368907
72.000000 0.056542 0.458188 0.129480 0.163718 0.446149 0.440632 0.200526 0.369224
72.200000 0.056561 0.458299 0.129559 0.163825 0.446392 0.440635 0.200695 0.369253
72.400000 0.056574 0.458404 0.129605 0.163851 0.446849 0.440561 0.200662 0.369476
72.600000 0.056584 0.458630 0.129815 0.163755 0.447379 0.440797 0.201050 0.369806
72.800000 0.056536 0.458822 0.129594 0.163938 0.447340 0.440954 0.200995 0.369904
73.000000 0.056718 0.458773 0.129611 0.164010 0.447779 0.440795 0.200995 0.370325
73.200000 0.056387 0.458944 0.129631 0.163920 0.448089 0.440753 0.201116 0.370416
73.400000 0.056577 0.459281 0.129580 0.164010 0.448323 0.440929 0.201116 0.370570
73.600000 0.056555 0.459206 0.129625 0.164059 0.448687 0.440977 0.201340 0.370916
73.800000 0.056508 0.459159 0.129681 0.164124 0.448836 0.440914 0.201275 0.370999
74.000000 0.056553 0.459332 0.129602 0.164143 0.449321 0.441117 0.201523 0.371370
74.200000 0.056527 0.459585 0.129691 0.164138 0.449583 0.441053 0.201506 0.371563
74.400000 0.056543 0.459651 0.129672 0.164212 0.449829 0.441110 0.201836 0.371602
74.600000 0.056480 0.459600 0.129626 0.164035 0.450013 0.441197 0.201759 0.371918
74.800000 0.056526 0.460027 0.129765 0.164332 0.450375 0.441235 0.201830 0.372090
75.000000 0.056508 0.459946 0.129561 0.164329 0.450462 0.441261 0.201923 0.372264
75.200000 0.056337 0.460073 0.129554 0.164198 0.450807 0.441304 0.201882 0.372406
75.400000 0.056523 0.460309 0.129839 0.164193 0.451146 0.441387 0.202040 0.372649
75.600000 0.056522 0.460179 0.129729 0.164453 0.451409 0.441409 0.202143 0.372624
75.800000 0.056536 0.460392 0.129752 0.164427 0.451570 0.441260 0.202258 0.373033
76.000000 0.056528 0.460498 0.129747 0.164491 0.451886 0.441316 0.202313 0.373321
76.200000 0.056546 0.460613 0.129563 0.164476 0.451993 0.441461 0.202370 0.373232
76.400000 0.056512 0.460528 0.129707 0.164570 0.452327 0.441501 0.202305 0.373516
76.600000 0.056599 0.460560 0.129771 0.164592 0.452436 0.441549 0.202627 0.373646
76.800000 0.056536 0.460751 0.129651 0.164570 0.452815 0.441581 0.202526 0.373764
77.000000 0.056558 0.460932 0.129792 0.164623 0.453110 0.441614 0.202491 0.374009
77.200000 0.056530 0.460909 0.129804 0.164517 0.453256 0.441735 0.202698 0.374122
77.400000 0.056528 0.461060 0.129784 0.164868 0.453473 0.441641 0.202866 0.374252
77.600000 0.056513 0.461115 0.129768 0.164748 0.453746 0.441735 0.202886 0.374327
77.800000 0.056313 0.461066 0.129741 0.164782 0.453838 0.441610 0.202830 0.374377
78.000000 0.056483 0.461273 0.129798 0.164911 0.453968 0.441815 0.202813 0.374854
78.200000 0.056483 0.461384 0.129823 0.164867 0.454398 0.441750 0.203094 0.374941
78.400000 0.056539 0.461283 0.129837 0.164828 0.454640 0.441819 0.203142 0.375204
78.600000 0.056378 0.461542 0.129969 0.164893 0.454812 0.441983 0.203161 0.375335
78.800000 0.056508 0.461573 0.129864 0.165005 0.454978 0.442005 0.203367 0.375278
79.000000 0.056503 0.461530 0.129744 0.165074 0.455189 0.442073 0.203338 0.375474
79.200000 0.056461 0.461501 0.129999 0.164965 0.455316 0.442057 0.203252 0.375670
79.400000 0.056517 0.461763 0.129868 0.165053 0.455504 0.441959 0.203418 0.375658
79.600000 0.056525 0.461770 0.129782 0.165062 0.455775 0.442191 0.203468 0.375686
79.800000 0.056461 0.461839 0.129753 0.164973 0.455881 0.442243 0.203543 0.375930
80.000000 0.056472 0.461933 0.129774 0.164961 0.456033 0.442286 0.203631 0.376129
80.200000 0.056542 0.462187 0.130023 0.165232 0.456280 0.442219 0.203742 0.376316
80.400000 0.056456 0.461969 0.129827 0.165029 0.456466 0.442346 0.203431 0.375996
80.600000 0.056461 0.461997 0.129733 0.165101 0.456729 0.442404 0.203841 0.376499
80.800000 0.056494 0.462085 0.129883 0.165157 0.456846 0.442449 0.203708 0.376456
81.000000 0.056318 0.462079 0.129631 0.165178 0.456893 0.442501 0.203733 0.376625
81.200000 0.056509 0.462232 0.129964 0.165222 0.457004 0.442759 0.203986 0.376713
81.400000 0.056490 0.462303 0.129858 0.165287 0.457270 0.442495 0.204125 0.376864
81.600000 0.056468 0.462080 0.129926 0.165303 0.457415 0.442573 0.203913 0.377016
81.800000 0.056464 0.462431 0.129853 0.165547 0.457528 0.442576 0.204105 0.377136
82.000000 0.056471 0.462055 0.129873 0.165349 0.457508 0.442637 0.204158 0.377297
82.200000 0.056481 0.462358 0.129918 0.165461 0.457770 0.442699 0.204308 0.377286
82.400000 0.056489 0.462322 0.129927 0.165511 0.458093 0.442728 0.204306 0.377460
82.600000 0.056468 0.462527 0.129927 0.165525 0.458188 0.442606 0.204179 0.377650
82.800000 0.056307 0.462425 0.129988 0.165519 0.458321 0.442740 0.204369 0.377588
83.000000 0.056460 0.462502 0.129944 0.165405 0.458434 0.442767 0.204365 0.377503
83.200000 0.056319 0.462593 0.130119 0.165635 0.458620 0.442860 0.204597 0.377826
83.400000 0.056604 0.462619 0.129974 0.165459 0.458648 0.442815 0.204499 0.377837
83.600000 0.056603 0.462718 0.129865 0.165612 0.458843 0.442916 0.204551 0.377945
83.800000 0.056536 0.462750 0.129983 0.165666 0.458887 0.442841 0.204664 0.377715
84.000000 0.056483 0.462765 0.130119 0.165645 0.459254 0.442910 0.204707 0.378092
84.200000 0.056419 0.462722 0.129936 0.165856 0.459355 0.442976 0.204724 0.378163
84.400000 0.056450 0.462902 0.130059 0.165766 0.459415 0.442984 0.204648 0.378048
84.600000 0.056446 0.462903 0.129705 0.165817 0.459557 0.443112 0.204647 0.378388
84.800000 0.056473 0.462892 0.129882 0.165780 0.459551 0.443127 0.204817 0.378319
85.000000 0.056322 0.462993 0.129999 0.165774 0.459794 0.443222 0.204850 0.378463
85.200000 0.056447 0.462905 0.130010 0.165732 0.459819 0.443106 0.205035 0.378500
85.400000 0.056596 0.462948 0.129930 0.165827 0.459904 0.443224 0.204950 0.378435
85.600000 0.056423 0.463052 0.130055 0.165943 0.460197 0.443319 0.204908 0.378677
85.800000 0.056597 0.463013 0.130035 0.165913 0.460061 0.443212 0.204965 0.378786
86.000000 0.056468 0.462984 0.130015 0.165780 0.460252 0.443305 0.205040 0.378816
86.200000 0.056471 0.463098 0.130071 0.165940 0.460374 0.443388 0.204986 0.378954
86.400000 0.056474 0.463083 0.130055 0.166069 0.460402 0.443298 0.205188 0.379171
86.600000 0.056454 0.463091 0.130154 0.166068 0.460513 0.443533 0.205097 0.379080
86.800000 0.056414 0.463081 0.129860 0.166158 0.460668 0.443469 0.205351 0.379064
87.000000 0.056448 0.463256 0.130111 0.165943 0.460833 0.443561 0.205293 0.379303
87.200000 0.056435 0.463222 0.130034 0.166100 0.460727 0.443664 0.205360 0.379270
87.400000 0.056592 0.463237 0.130104 0.166069 0.460990 0.443474 0.205353 0.379201
87.600000 0.056357 0.463150 0.129939 0.165928 0.461155 0.443620 0.205275 0.379334
87.800000 0.056422 0.463113 0.130150 0.166135 0.461257 0.443433 0.205486 0.379458
88.000000 0.056441 0.463399 0.130149 0.166045 0.461385 0.443627 0.205448 0.379761
88.200000 0.056430 0.463336 0.130047 0.166191 0.461571 0.443669 0.205407 0.379550
88.400000 0.056160 0.463327 0.130082 0.166229 0.461716 0.443926 0.205502 0.379550
88.600000 0.056553 0.463347 0.130043 0.166247 0.461780 0.443582 0.205561 0.379751
88.800000 0.056450 0.463244 0.130089 0.166275 0.461870 0.443845 0.205573 0.379648
89.000000 0.056601 0.463346 0.130234 0.166211 0.461904 0.443876 0.205658 0.379654
89.200000 0.056407 0.463522 0.130188 0.166301 0.461903 0.443873 0.205569 0.379812
89.400000 0.056418 0.463492 0.130107 0.165876 0.462117 0.443972 0.205782 0.379921
89.600000 0.056306 0.463288 0.130192 0.166362 0.462052 0.443975 0.205770 0.380055
89.800000 0.056448 0.463500 0.130014 0.166306 0.462321 0.443898 0.205776 0.380083
90.000000 0.056403 0.463512 0.130005 0.166189 0.462438 0.443931 0.205840 0.380163
