0.200000 0.196495 0.419202 0.173659 0.250148 0.521305 0.523695 0.229062 0.429555
0.400000 0.196210 0.417866 0.173607 0.249423 0.518268 0.523612 0.228568 0.427529
0.600000 0.196183 0.417324 0.173476 0.248990 0.516609 0.523384 0.228266 0.426108
0.800000 0.196124 0.416721 0.173475 0.248572 0.514878 0.523455 0.228070 0.425025
1.000000 0.196057 0.416137 0.173389 0.247967 0.513005 0.523460 0.227861 0.423587
1.200000 0.196002 0.415543 0.173290 0.247709 0.511431 0.523415 0.227375 0.422324
1.400000 0.195994 0.415008 0.173296 0.247262 0.509774 0.523397 0.227292 0.421270
1.600000 0.196071 0.414503 0.173330 0.246947 0.508201 0.523152 0.227198 0.419776
1.800000 0.195771 0.413825 0.173310 0.246455 0.506612 0.523213 0.226795 0.418732
2.000000 0.195881 0.413481 0.173161 0.246100 0.504916 0.523306 0.226482 0.417458
2.200000 0.195817 0.412808 0.173151 0.245562 0.503346 0.523165 0.226321 0.416253
2.400000 0.195643 0.412202 0.173102 0.245382 0.501679 0.523118 0.226027 0.415039
2.600000 0.195754 0.411746 0.173011 0.244826 0.500138 0.523129 0.225887 0.413669
2.800000 0.195638 0.411252 0.173000 0.244553 0.498468 0.523068 0.225620 0.412511
3.000000 0.195659 0.410670 0.172944 0.244179 0.497119 0.523129 0.225208 0.411435
3.200000 0.195625 0.410225 0.173028 0.243789 0.495592 0.523048 0.225189 0.410218
3.400000 0.195473 0.409621 0.172762 0.243363 0.493926 0.522892 0.224907 0.409071
3.600000 0.195550 0.409378 0.173001 0.243019 0.492442 0.522798 0.224731 0.407956
3.800000 0.195483 0.408713 0.172755 0.242531 0.490868 0.522830 0.224447 0.406886
4.000000 0.195427 0.408306 0.172683 0.242279 0.489472 0.522793 0.224188 0.405818
4.200000 0.195367 0.407817 0.172571 0.241944 0.487894 0.522664 0.223861 0.404599
4.400000 0.156286 0.407135 0.172728 0.241489 0.486171 0.522714 0.223576 0.403405
4.600000 0.195177 0.406690 0.172705 0.241206 0.484910 0.522679 0.223514 0.402346
4.800000 0.195255 0.406011 0.172561 0.240647 0.483545 0.522655 0.223139 0.401153
5.000000 0.195186 0.405828 0.172482 0.240449 0.481927 0.522595 0.223075 0.400126
5.200000 0.195197 0.405389 0.172381 0.240169 0.480352 0.522555 0.222789 0.399106
5.400000 0.195301 0.404815 0.172367 0.239753 0.478974 0.522330 0.222543 0.397919
5.600000 0.195119 0.404207 0.172396 0.239342 0.477529 0.522491 0.222439 0.396911
5.800000 0.195060 0.403852 0.172225 0.239067 0.476099 0.522254 0.222041 0.395801
6.000000 0.194886 0.403231 0.172258 0.238720 0.474723 0.522361 0.221877 0.394710
6.200000 0.194986 0.403154 0.172031 0.238388 0.473155 0.522213 0.221595 0.393646
6.400000 0.194861 0.402442 0.172164 0.237939 0.471665 0.522276 0.221402 0.392395
6.600000 0.194941 0.401735 0.172007 0.237578 0.469700 0.522090 0.221009 0.390992
6.800000 0.194704 0.401258 0.171929 0.237185 0.468407 0.522050 0.220853 0.389775
7.000000 0.194811 0.400727 0.171999 0.236747 0.467128 0.522074 0.220770 0.389062
7.200000 0.194786 0.400289 0.171839 0.236359 0.465826 0.521964 0.220398 0.388008
7.400000 0.194693 0.400000 0.171882 0.236172 0.464413 0.521995 0.220332 0.387054
7.600000 0.194700 0.399345 0.171879 0.235833 0.463028 0.521898 0.219970 0.385918
7.800000 0.194672 0.399154 0.171811 0.235542 0.461794 0.521753 0.219744 0.385059
8.000000 0.194846 0.398575 0.171666 0.235102 0.460237 0.521791 0.219508 0.383916
8.200000 0.194593 0.398322 0.171696 0.234908 0.459247 0.521844 0.219363 0.383233
8.400000 0.194558 0.397911 0.171757 0.234768 0.457922 0.521603 0.219150 0.382151
8.600000 0.194508 0.397400 0.171375 0.234102 0.456525 0.521594 0.218861 0.381119
8.800000 0.194465 0.397059 0.171650 0.233974 0.455384 0.521426 0.218626 0.380381
9.000000 0.194426 0.396645 0.171590 0.233727 0.454154 0.521550 0.218409 0.379185
9.200000 0.194248 0.396253 0.171427 0.233358 0.452889 0.521525 0.218217 0.378387
9.400000 0.194388 0.395894 0.171524 0.233182 0.451812 0.521439 0.218018 0.377531
9.600000 0.194356 0.395368 0.171374 0.232843 0.450611 0.521461 0.217816 0.376604
9.800000 0.194371 0.394995 0.171302 0.232665 0.449338 0.521330 0.217618 0.375758
10.000000 0.194197 0.394518 0.171451 0.232087 0.447892 0.521092 0.217327 0.374734
10.200000 0.194380 0.394388 0.171487 0.232052 0.446855 0.521362 0.217245 0.373959
10.400000 0.194204 0.393859 0.171319 0.231652 0.445699 0.521218 0.216828 0.373014
10.600000 0.194165 0.393377 0.171257 0.231364 0.444419 0.521091 0.216793 0.372050
10.800000 0.194235 0.393106 0.171244 0.230866 0.443413 0.521192 0.216578 0.371334
11.000000 0.193948 0.392807 0.171288 0.230714 0.442119 0.521071 0.216322 0.370366
11.200000 0.194051 0.392239 0.171168 0.230553 0.441022 0.520890 0.216188 0.369499
11.400000 0.194061 0.391979 0.171149 0.230200 0.439802 0.521035 0.216014 0.368789
11.600000 0.193998 0.391654 0.171199 0.229819 0.438758 0.520913 0.215731 0.367739
11.800000 0.193968 0.391328 0.171031 0.229701 0.437600 0.521066 0.215525 0.367036
12.000000 0.193961 0.391027 0.171009 0.229362 0.436395 0.520910 0.215352 0.366343
12.200000 0.193924 0.390728 0.170978 0.229214 0.435445 0.520886 0.215283 0.365410
12.400000 0.193841 0.390453 0.170948 0.228958 0.434357 0.520557 0.214925 0.364604
12.600000 0.193669 0.389825 0.171014 0.228447 0.433018 0.520695 0.214596 0.363522
12.800000 0.193814 0.389428 0.170922 0.228370 0.432004 0.520532 0.214393 0.362887
13.000000 0.193757 0.389178 0.170884 0.228179 0.431057 0.520566 0.214322 0.362060
13.200000 0.193784 0.388922 0.170838 0.227715 0.430059 0.520569 0.214194 0.361443
13.400000 0.193636 0.388480 0.170808 0.227651 0.429139 0.520405 0.214031 0.360696
13.600000 0.193683 0.388306 0.170771 0.227423 0.428023 0.520365 0.213837 0.359829
13.800000 0.193769 0.387781 0.170805 0.227063 0.427146 0.520355 0.213611 0.359290
14.000000 0.193486 0.387619 0.170897 0.226842 0.426271 0.520364 0.213417 0.358499
14.200000 0.193594 0.387354 0.170766 0.226671 0.425330 0.520433 0.213445 0.357851
14.400000 0.193601 0.387030 0.170741 0.226460 0.424495 0.520184 0.213089 0.356933
14.600000 0.193529 0.386629 0.170621 0.226195 0.423423 0.520069 0.212994 0.356362
14.800000 0.193611 0.386305 0.170737 0.225893 0.422425 0.520247 0.212757 0.355791
15.000000 0.193347 0.386097 0.170574 0.225792 0.421577 0.520067 0.212452 0.355178
15.200000 0.193369 0.385820 0.170560 0.225655 0.420652 0.520017 0.212497 0.354384
15.400000 0.193421 0.385383 0.170475 0.225301 0.419594 0.519903 0.212156 0.353574
15.600000 0.193349 0.385215 0.170519 0.224919 0.418633 0.519956 0.212066 0.353004
15.800000 0.193241 0.384590 0.170392 0.224847 0.417817 0.519919 0.211832 0.352306
16.000000 0.193205 0.384443 0.170467 0.224507 0.416979 0.519881 0.211746 0.351661
16.200000 0.193265 0.384230 0.170429 0.224368 0.416048 0.519795 0.211511 0.350924
16.400000 0.193306 0.383955 0.170413 0.224333 0.415046 0.519756 0.211386 0.350191
16.600000 0.193237 0.383733 0.170419 0.224052 0.414364 0.519801 0.211235 0.349529
16.800000 0.193139 0.383306 0.170354 0.223776 0.413273 0.519632 0.210878 0.349029
17.000000 0.193230 0.383015 0.170440 0.223429 0.412533 0.519577 0.210730 0.348202
17.200000 0.193226 0.382974 0.170273 0.223334 0.411812 0.519585 0.210714 0.347804
17.400000 0.193034 0.382624 0.170235 0.223156 0.410917 0.519362 0.210546 0.347130
17.600000 0.193099 0.382364 0.170244 0.222935 0.409904 0.519651 0.210386 0.346375
17.800000 0.193091 0.382054 0.170078 0.222667 0.409080 0.519427 0.210162 0.345838
18.000000 0.193076 0.381793 0.170146 0.222415 0.408207 0.519465 0.210022 0.345281
18.200000 0.193081 0.381488 0.170147 0.222245 0.407403 0.519452 0.209855 0.344574
18.400000 0.193048 0.381225 0.169984 0.222108 0.406535 0.519387 0.209740 0.344055
18.600000 0.193145 0.380972 0.170113 0.221868 0.405830 0.519385 0.209621 0.343328
18.800000 0.192977 0.380603 0.170041 0.221843 0.404828 0.519106 0.209228 0.342856
19.000000 0.192925 0.380352 0.169835 0.221467 0.403981 0.519142 0.209270 0.342072
19.200000 0.192883 0.380086 0.169846 0.221193 0.403177 0.519176 0.209019 0.341370
19.400000 0.192740 0.379726 0.169960 0.221099 0.402347 0.518956 0.208855 0.340845
19.600000 0.192733 0.379586 0.170134 0.220934 0.401640 0.519000 0.208595 0.340251
19.800000 0.192868 0.379232 0.169916 0.220642 0.400839 0.518829 0.208473 0.339723
20.000000 0.192831 0.379068 0.169906 0.220463 0.399963 0.518856 0.208297 0.339159
20.200000 0.192717 0.378749 0.169671 0.220269 0.399316 0.518821 0.208225 0.338518
20.400000 0.192765 0.378707 0.169736 0.220121 0.398479 0.518818 0.207977 0.337954
20.600000 0.192757 0.378330 0.169886 0.219880 0.397736 0.518718 0.207843 0.337434
20.800000 0.192700 0.377989 0.169925 0.219305 0.396875 0.518723 0.207796 0.336810
21.000000 0.192668 0.377667 0.169810 0.219511 0.395991 0.518750 0.207520 0.336153
21.200000 0.192621 0.377351 0.169759 0.219420 0.395318 0.518569 0.207656 0.335679
21.400000 0.192596 0.377253 0.169798 0.219171 0.394564 0.518592 0.207319 0.335147
21.600000 0.192308 0.376902 0.169682 0.219100 0.393907 0.518494 0.207073 0.334499
21.800000 0.192464 0.376874 0.169553 0.218805 0.393145 0.518608 0.206910 0.334031
22.000000 0.192568 0.376699 0.169623 0.218571 0.392452 0.518344 0.207036 0.333539
22.200000 0.192469 0.376422 0.169601 0.218354 0.391803 0.518528 0.206611 0.332761
22.400000 0.192515 0.376021 0.169603 0.218267 0.391079 0.518422 0.206583 0.332384
22.600000 0.192476 0.375896 0.169610 0.217763 0.390211 0.518360 0.206602 0.331761
22.800000 0.192474 0.375664 0.169634 0.217876 0.389540 0.518210 0.206324 0.331274
23.000000 0.192524 0.375240 0.169404 0.217741 0.388641 0.518267 0.206054 0.330824
23.200000 0.192390 0.375163 0.169442 0.217530 0.388129 0.518196 0.206057 0.330205
23.400000 0.192383 0.374798 0.169457 0.217361 0.387366 0.518097 0.205991 0.329611
23.600000 0.192285 0.374488 0.169385 0.217072 0.386647 0.518134 0.205571 0.329216
23.800000 0.192301 0.374332 0.169396 0.216844 0.385901 0.517924 0.205601 0.328775
24.000000 0.192311 0.374266 0.169298 0.216707 0.385393 0.517898 0.205411 0.328222
24.200000 0.192271 0.373871 0.169383 0.216637 0.384749 0.517892 0.205296 0.327887
24.400000 0.192112 0.373710 0.169371 0.216510 0.383945 0.517929 0.205155 0.327239
24.600000 0.192238 0.373520 0.169337 0.216281 0.383303 0.517944 0.205175 0.326753
24.800000 0.192204 0.373343 0.169294 0.216082 0.382677 0.517982 0.204850 0.326288
25.000000 0.192207 0.372940 0.169269 0.215997 0.381970 0.517683 0.204766 0.325750
25.200000 0.192181 0.372728 0.169328 0.215766 0.381203 0.517833 0.204582 0.325268
25.400000 0.191967 0.372469 0.169264 0.215612 0.380682 0.517688 0.204349 0.324693
25.600000 0.192140 0.372455 0.169050 0.215436 0.379873 0.517620 0.204467 0.324256
25.800000 0.192122 0.372053 0.169216 0.215242 0.379255 0.517675 0.204018 0.323724
26.000000 0.192050 0.371932 0.169296 0.215108 0.378717 0.517667 0.204028 0.323305
26.200000 0.192028 0.371655 0.169012 0.214933 0.377823 0.517422 0.203873 0.322721
26.400000 0.192022 0.371440 0.169067 0.214739 0.377340 0.517291 0.203807 0.322326
26.600000 0.191983 0.371268 0.169093 0.214391 0.376697 0.517396 0.203626 0.321925
26.800000 0.191830 0.371203 0.169075 0.214389 0.376056 0.517413 0.203698 0.321214
27.000000 0.191971 0.370881 0.169062 0.214299 0.375276 0.517414 0.203547 0.320747
27.200000 0.191942 0.370327 0.168671 0.214140 0.374855 0.517365 0.203262 0.320261
27.400000 0.191889 0.370426 0.169030 0.213944 0.374049 0.517305 0.203002 0.320041
27.600000 0.191886 0.370287 0.168657 0.213940 0.373400 0.517064 0.202896 0.319458
27.800000 0.191947 0.370123 0.169010 0.213521 0.373050 0.517268 0.202869 0.319195
28.000000 0.191840 0.369705 0.169135 0.213496 0.372594 0.516977 0.202647 0.318640
28.200000 0.191680 0.369583 0.168871 0.213392 0.371566 0.516986 0.202664 0.318196
28.400000 0.191789 0.369428 0.168845 0.213311 0.371077 0.517069 0.202505 0.317739
28.600000 0.191782 0.368980 0.168767 0.213015 0.370393 0.516983 0.202369 0.317345
28.800000 0.191779 0.369064 0.168785 0.212903 0.369896 0.516821 0.202302 0.316897
29.000000 0.191736 0.368673 0.168791 0.212682 0.369360 0.516917 0.202010 0.316467
29.200000 0.191734 0.368628 0.169057 0.212606 0.368931 0.516668 0.201863 0.315945
29.400000 0.191710 0.368410 0.168779 0.212510 0.368102 0.516905 0.201923 0.315589
29.600000 0.191540 0.368089 0.168847 0.212256 0.367618 0.516835 0.201860 0.315140
29.800000 0.191664 0.367893 0.168846 0.212216 0.367071 0.516794 0.201711 0.314693
30.000000 0.191631 0.367790 0.168660 0.212083 0.366417 0.516512 0.201459 0.314292
30.200000 0.191591 0.367514 0.168468 0.211789 0.365524 0.516616 0.201305 0.313685
30.400000 0.191581 0.367411 0.168710 0.211750 0.365402 0.516365 0.201273 0.313305
30.600000 0.191880 0.367265 0.168654 0.211596 0.364705 0.516413 0.201166 0.313102
30.800000 0.193414 0.367097 0.168711 0.211481 0.364220 0.516553 0.201082 0.312574
31.000000 0.196130 0.366900 0.168651 0.211323 0.363510 0.516465 0.200896 0.312192
31.200000 0.199984 0.366529 0.168653 0.211273 0.363249 0.516506 0.200853 0.311820
31.400000 0.207588 0.366280 0.168656 0.211130 0.362744 0.516234 0.200674 0.311459
31.600000 0.215066 0.366265 0.168750 0.211065 0.362751 0.516330 0.200770 0.311773
31.800000 0.223148 0.366256 0.168726 0.211069 0.363191 0.516166 0.200571 0.311701
32.000000 0.231561 0.366214 0.168677 0.211189 0.364071 0.516234 0.200556 0.312383
32.200000 0.240399 0.366480 0.168749 0.211554 0.365161 0.516320 0.200602 0.313278
32.400000 0.248829 0.366904 0.168913 0.212062 0.367070 0.516092 0.200576 0.314558
32.600000 0.256922 0.367463 0.168791 0.212497 0.369326 0.516064 0.200514 0.316041
32.800000 0.264539 0.368645 0.168965 0.213253 0.372260 0.516111 0.200889 0.318196
33.000000 0.271552 0.369955 0.169184 0.214256 0.375371 0.516087 0.200895 0.320469
33.200000 0.277713 0.371787 0.169467 0.215395 0.379453 0.516062 0.201139 0.323353
33.400000 0.283645 0.373941 0.169717 0.216678 0.383685 0.516110 0.201083 0.326488
33.600000 0.288902 0.377100 0.170190 0.218345 0.388445 0.516317 0.201528 0.330033
33.800000 0.293466 0.380508 0.170670 0.220302 0.393698 0.516276 0.201759 0.333666
34.000000 0.297542 0.384398 0.171174 0.221970 0.399288 0.516290 0.202013 0.337825
34.200000 0.301196 0.388867 0.171720 0.224059 0.405144 0.516285 0.202198 0.342106
34.400000 0.304405 0.393959 0.172063 0.226198 0.411308 0.516363 0.202619 0.346693
34.600000 0.307246 0.399420 0.172673 0.228391 0.417711 0.516335 0.202795 0.351508
34.800000 0.309722 0.405378 0.173299 0.230594 0.424484 0.516415 0.203277 0.356497
35.000000 0.311790 0.411816 0.173726 0.232868 0.431576 0.516319 0.203627 0.361717
35.200000 0.313727 0.418840 0.174156 0.235152 0.438759 0.516453 0.203964 0.367271
35.400000 0.315249 0.425485 0.174751 0.237302 0.445645 0.516492 0.204173 0.372599
35.600000 0.316916 0.432563 0.175312 0.239451 0.452610 0.516468 0.204703 0.377993
35.800000 0.318003 0.439802 0.175667 0.241818 0.460030 0.516592 0.205064 0.383664
36.000000 0.319263 0.447483 0.176204 0.243934 0.467345 0.516515 0.205535 0.389230
36.200000 0.320329 0.455341 0.176585 0.246069 0.474947 0.516551 0.205797 0.394970
36.400000 0.321165 0.463865 0.177082 0.248095 0.482490 0.516546 0.206134 0.400893
36.600000 0.321905 0.471901 0.177552 0.250233 0.490245 0.516750 0.206548 0.406820
36.800000 0.322561 0.480232 0.177990 0.252260 0.498082 0.516689 0.206904 0.412872
37.000000 0.323074 0.488960 0.178522 0.254450 0.506076 0.516693 0.207275 0.419231
37.200000 0.323744 0.497883 0.178873 0.256460 0.514312 0.516796 0.207477 0.425463
37.400000 0.324218 0.507194 0.179445 0.258555 0.523009 0.516859 0.208206 0.432597
37.600000 0.324805 0.520020 0.180028 0.261411 0.534706 0.516844 0.208623 0.441237
37.800000 0.325002 0.529233 0.180509 0.263357 0.543069 0.516831 0.208969 0.447697
38.000000 0.325330 0.538566 0.181040 0.265226 0.551528 0.517076 0.209628 0.454267
38.200000 0.325709 0.547917 0.181405 0.267295 0.560361 0.517052 0.209871 0.460871
38.400000 0.325794 0.557110 0.181761 0.269211 0.568983 0.517130 0.210233 0.467605
38.600000 0.326068 0.566507 0.182315 0.271097 0.577773 0.517064 0.210602 0.474300
38.800000 0.326089 0.575501 0.182496 0.272858 0.586538 0.517245 0.211048 0.481010
39.000000 0.326507 0.585038 0.182966 0.274674 0.595533 0.517380 0.211376 0.487602
39.200000 0.326248 0.594162 0.183498 0.276749 0.604309 0.517134 0.211916 0.494717
39.400000 0.326520 0.603175 0.183812 0.278468 0.613241 0.517129 0.212325 0.501576
39.600000 0.326567 0.612237 0.184202 0.280235 0.622212 0.517286 0.212564 0.508515
39.800000 0.326574 0.621080 0.184296 0.282115 0.631321 0.517400 0.213085 0.515429
40.000000 0.326569 0.629920 0.185087 0.283826 0.640208 0.517311 0.213543 0.522437
40.200000 0.326505 0.638486 0.185457 0.285583 0.649354 0.517401 0.213968 0.529268
40.400000 0.326586 0.647396 0.185900 0.287359 0.658522 0.517680 0.214480 0.536419
40.600000 0.326595 0.655708 0.186282 0.289144 0.667335 0.517638 0.214776 0.543335
40.800000 0.326446 0.664140 0.186669 0.290718 0.676711 0.517879 0.215234 0.550090
41.000000 0.326537 0.672352 0.187085 0.292552 0.685440 0.517592 0.215642 0.557225
41.200000 0.326635 0.680235 0.187271 0.293905 0.694470 0.517650 0.216094 0.564044
41.400000 0.326447 0.687820 0.187696 0.296008 0.703203 0.517783 0.216339 0.570847
41.600000 0.326527 0.695221 0.188243 0.297485 0.711964 0.517865 0.216939 0.577750
41.800000 0.326511 0.702589 0.188579 0.298995 0.720458 0.517825 0.217335 0.584470
42.000000 0.326261 0.709558 0.188832 0.300698 0.729139 0.518028 0.217796 0.590993
42.200000 0.326464 0.716251 0.189359 0.302354 0.737537 0.517957 0.218117 0.597872
42.400000 0.326529 0.723014 0.189617 0.303918 0.745789 0.518031 0.218541 0.604362
42.600000 0.326347 0.729234 0.189896 0.305547 0.754030 0.517956 0.218972 0.610712
42.800000 0.326383 0.735521 0.190290 0.306881 0.762317 0.518123 0.219451 0.617192
43.000000 0.326239 0.741363 0.190480 0.308564 0.770124 0.518289 0.219811 0.623541
43.200000 0.326195 0.747115 0.190875 0.309972 0.778180 0.518115 0.220115 0.629840
43.400000 0.326201 0.752439 0.191196 0.311493 0.785931 0.518249 0.220680 0.635931
43.600000 0.326037 0.757718 0.191406 0.312656 0.793424 0.518057 0.221083 0.641831
43.800000 0.326154 0.763111 0.191834 0.314631 0.801787 0.518406 0.221462 0.649229
44.000000 0.326037 0.770223 0.192395 0.316700 0.812022 0.518504 0.222040 0.657113
44.200000 0.325993 0.774613 0.192618 0.318021 0.818840 0.518588 0.222464 0.662704
44.400000 0.325776 0.779199 0.192720 0.319217 0.825983 0.518622 0.222744 0.668362
44.600000 0.325904 0.783293 0.193159 0.320786 0.832858 0.518518 0.223292 0.674086
44.800000 0.325919 0.787256 0.193429 0.322208 0.839469 0.518780 0.223647 0.679562
45.000000 0.325879 0.791446 0.193752 0.323533 0.846239 0.518774 0.224100 0.685073
45.200000 0.325844 0.795010 0.194083 0.324930 0.852475 0.518722 0.224524 0.690217
45.400000 0.325926 0.798740 0.194215 0.326318 0.858788 0.518687 0.224811 0.695520
45.600000 0.325832 0.802072 0.194548 0.327462 0.864881 0.518653 0.225371 0.700602
45.800000 0.325803 0.805304 0.194758 0.328953 0.870839 0.518775 0.225601 0.705628
46.000000 0.325848 0.808467 0.194871 0.330286 0.876947 0.518813 0.225922 0.710594
46.200000 0.325627 0.811680 0.195075 0.331299 0.882518 0.518705 0.226181 0.715441
46.400000 0.325846 0.814552 0.195464 0.332813 0.888359 0.518923 0.226833 0.720282
46.600000 0.325798 0.817124 0.195710 0.334064 0.893676 0.519024 0.227139 0.724706
46.800000 0.325832 0.819890 0.195941 0.335259 0.898898 0.519047 0.227656 0.729248
47.000000 0.325871 0.822480 0.196124 0.336558 0.904264 0.519138 0.227818 0.733811
47.200000 0.325882 0.824981 0.196397 0.337858 0.909523 0.519425 0.228306 0.738146
47.400000 0.325631 0.827214 0.196539 0.338959 0.914344 0.519107 0.228677 0.742599
47.600000 0.325743 0.829663 0.196722 0.340151 0.919197 0.519261 0.228941 0.746692
47.800000 0.325691 0.831899 0.197032 0.341444 0.923994 0.519301 0.229364 0.750817
48.000000 0.325741 0.833926 0.197148 0.342636 0.928728 0.519524 0.229878 0.754778
48.200000 0.325319 0.836022 0.197181 0.343614 0.933235 0.519148 0.230001 0.758774
48.400000 0.325385 0.838222 0.197581 0.344876 0.938271 0.519276 0.230320 0.763047
48.600000 0.325535 0.840808 0.198153 0.346612 0.943908 0.519587 0.230905 0.767915
48.800000 0.325621 0.842185 0.198322 0.347633 0.947876 0.519704 0.231445 0.771577
49.000000 0.325447 0.844046 0.198224 0.348898 0.951953 0.519658 0.231673 0.775024
49.200000 0.325345 0.845873 0.198451 0.349952 0.956196 0.519833 0.232126 0.778495
49.400000 0.325258 0.847444 0.198782 0.351246 0.959779 0.519818 0.232395 0.781951
49.600000 0.325217 0.849037 0.198911 0.352230 0.963728 0.519864 0.232878 0.785236
49.800000 0.325143 0.850431 0.198951 0.353366 0.967391 0.519871 0.233281 0.788456
50.000000 0.324883 0.851861 0.199211 0.354314 0.970787 0.519928 0.233591 0.791492
50.200000 0.325009 0.853428 0.199536 0.355611 0.975208 0.519813 0.233864 0.795384
50.400000 0.324778 0.854846 0.199497 0.356808 0.978760 0.520159 0.195324 0.798525
50.600000 0.324607 0.856056 0.199735 0.357758 0.982084 0.520011 0.234763 0.801489
50.800000 0.324520 0.857228 0.199972 0.358990 0.985227 0.520160 0.235041 0.804374
51.000000 0.324501 0.858399 0.200114 0.359805 0.988526 0.520299 0.235305 0.807318
51.200000 0.324294 0.859541 0.200188 0.360920 0.991578 0.520278 0.235650 0.809944
51.400000 0.324336 0.860463 0.200438 0.361896 0.994356 0.520251 0.236095 0.812602
51.600000 0.324193 0.861645 0.200569 0.362978 0.997372 0.520443 0.236490 0.815336
51.800000 0.324127 0.862720 0.200785 0.363988 1.000349 0.520462 0.236681 0.817759
52.000000 0.324051 0.863199 0.200685 0.364776 1.002997 0.520410 0.237144 0.781306
52.200000 0.324005 0.864136 0.201057 0.365861 1.005849 0.520609 0.237554 0.822644
52.400000 0.323891 0.865030 0.201224 0.366732 1.008256 0.520304 0.237853 0.824917
52.600000 0.323959 0.865861 0.201239 0.367777 1.011123 0.520628 0.238064 0.827386
52.800000 0.323834 0.866807 0.201449 0.368750 1.013532 0.520733 0.238431 0.829832
53.000000 0.323944 0.867549 0.201624 0.369644 1.016007 0.520731 0.238777 0.832045
53.200000 0.323893 0.868191 0.201668 0.370598 1.018199 0.520722 0.239065 0.833908
53.400000 0.323859 0.868787 0.201844 0.371499 1.020619 0.520760 0.239128 0.836051
53.600000 0.323824 0.869337 0.201908 0.372407 1.022775 0.520739 0.239595 0.837900
53.800000 0.323840 0.870150 0.201938 0.373261 1.025165 0.520891 0.240016 0.840198
54.000000 0.323839 0.870721 0.202193 0.374425 1.027436 0.520859 0.240272 0.842219
54.200000 0.323800 0.871548 0.202266 0.375118 1.029579 0.520923 0.240763 0.844194
54.400000 0.323777 0.871912 0.202477 0.375991 1.031892 0.521084 0.241013 0.845966
54.600000 0.323713 0.872659 0.202587 0.376741 1.033668 0.520935 0.241389 0.847917
54.800000 0.323669 0.873005 0.202553 0.377572 1.035706 0.521051 0.241527 0.849576
55.000000 0.323776 0.873656 0.202727 0.378561 1.037682 0.521205 0.241839 0.851393
55.200000 0.323512 0.874313 0.202892 0.379268 1.039606 0.521380 0.242016 0.852832
55.400000 0.323576 0.874669 0.203016 0.380261 1.041677 0.521331 0.242470 0.854937
55.600000 0.323373 0.874994 0.202970 0.381079 1.043229 0.521300 0.242639 0.856373
55.800000 0.323466 0.875729 0.203390 0.381938 1.044975 0.521155 0.243031 0.858150
56.000000 0.323417 0.876075 0.203422 0.382538 1.046873 0.521241 0.243233 0.859612
56.200000 0.323406 0.876731 0.203452 0.383728 1.048769 0.521616 0.243790 0.861588
56.400000 0.323219 0.877105 0.203438 0.384607 1.050909 0.521415 0.243998 0.863198
56.600000 0.323209 0.877423 0.203573 0.385320 1.052485 0.521594 0.244277 0.864817
56.800000 0.323218 0.877839 0.203709 0.386215 1.054038 0.521692 0.244541 0.866119
57.000000 0.323080 0.878287 0.203766 0.387112 1.055690 0.521575 0.244851 0.867355
57.200000 0.323145 0.878534 0.204144 0.387788 1.056856 0.521676 0.245100 0.868917
57.400000 0.323281 0.878996 0.204101 0.388485 1.058656 0.521756 0.245422 0.870074
57.600000 0.323268 0.879260 0.204133 0.389290 1.059908 0.521802 0.245671 0.871466
57.800000 0.323286 0.879617 0.204102 0.390039 1.061345 0.521786 0.245943 0.872662
58.000000 0.323193 0.879923 0.204278 0.390877 1.062688 0.521935 0.246202 0.874106
58.200000 0.323167 0.880243 0.204446 0.391635 1.064298 0.521724 0.246310 0.875237
58.400000 0.323265 0.880328 0.204478 0.392414 1.065482 0.521997 0.246702 0.876445
58.600000 0.323160 0.880779 0.204552 0.393031 1.066911 0.522041 0.246947 0.877704
58.800000 0.323169 0.881192 0.204616 0.393813 1.068295 0.521889 0.247243 0.878697
59.000000 0.323139 0.881475 0.204724 0.394487 1.069440 0.522099 0.247352 0.880095
59.200000 0.323088 0.881583 0.204756 0.395094 1.070769 0.522088 0.247777 0.881100
59.400000 0.322899 0.881923 0.204920 0.395904 1.071928 0.521864 0.247984 0.882160
59.600000 0.322989 0.882059 0.204917 0.396490 1.073163 0.522010 0.248287 0.883116
59.800000 0.322933 0.882197 0.205020 0.397314 1.074353 0.522201 0.248627 0.884286
60.000000 0.322862 0.882641 0.204977 0.398082 1.075420 0.522211 0.248804 0.885415
60.200000 0.322763 0.882830 0.205143 0.398772 1.076806 0.522417 0.248918 0.886462
60.400000 0.322594 0.882992 0.205359 0.399540 1.077948 0.522564 0.249178 0.887447
60.600000 0.322701 0.883268 0.205347 0.400092 1.078914 0.522310 0.249629 0.888336
60.800000 0.322456 0.883362 0.205253 0.400809 1.079791 0.522460 0.249934 0.889227
61.000000 0.322346 0.883548 0.205436 0.401339 1.080650 0.522532 0.250039 0.889911
61.200000 0.322356 0.883660 0.205511 0.402100 1.081914 0.522538 0.250294 0.891029
61.400000 0.322170 0.884093 0.205645 0.402809 1.082785 0.522623 0.250536 0.891922
61.600000 0.322197 0.883923 0.205619 0.403426 1.083846 0.522546 0.250781 0.892785
61.800000 0.322213 0.884129 0.205836 0.403902 1.084624 0.522569 0.250917 0.893649
62.000000 0.322195 0.884372 0.205745 0.404573 1.085561 0.522644 0.251195 0.894453
62.200000 0.322163 0.884540 0.205990 0.405359 1.086445 0.522873 0.251470 0.895188
62.400000 0.322030 0.884478 0.205827 0.406108 1.087574 0.523068 0.251862 0.896196
62.600000 0.322011 0.884847 0.205961 0.406659 1.088418 0.522870 0.251989 0.896989
62.800000 0.322167 0.884869 0.206115 0.407299 1.089450 0.522927 0.252253 0.897819
63.000000 0.321973 0.884980 0.206181 0.407868 1.090360 0.522939 0.252532 0.898465
63.200000 0.321989 0.884963 0.206256 0.408726 1.090862 0.522929 0.252724 0.899211
63.400000 0.322062 0.885111 0.206213 0.409203 1.091706 0.522869 0.252886 0.899942
63.600000 0.322097 0.885221 0.206360 0.409965 1.092663 0.523172 0.253003 0.900439
63.800000 0.321993 0.885343 0.206346 0.410433 1.093140 0.523213 0.253383 0.901302
64.000000 0.321819 0.885362 0.206433 0.411167 1.094198 0.523290 0.253752 0.901989
64.200000 0.321772 0.885592 0.206504 0.411647 1.094727 0.523225 0.253800 0.902686
64.400000 0.321835 0.885531 0.206589 0.412117 1.095361 0.523362 0.254028 0.902974
64.600000 0.321664 0.885684 0.206463 0.412610 1.096060 0.523354 0.254235 0.903791
64.800000 0.321717 0.885698 0.206503 0.413208 1.096910 0.523450 0.254435 0.904421
65.000000 0.321747 0.885982 0.206698 0.414057 1.097648 0.523408 0.254595 0.904944
65.200000 0.321503 0.885835 0.206752 0.414285 1.098045 0.523383 0.254678 0.905665
65.400000 0.321615 0.885801 0.206713 0.415170 1.098785 0.523636 0.255041 0.906267
65.600000 0.321618 0.885961 0.206785 0.415800 1.099261 0.523639 0.255215 0.906823
65.800000 0.321602 0.885969 0.206769 0.416110 1.099939 0.523660 0.255331 0.907585
66.000000 0.321572 0.885980 0.206962 0.416536 1.100578 0.523756 0.255632 0.907859
66.200000 0.321577 0.886119 0.207006 0.417387 1.101176 0.523735 0.255848 0.908498
66.400000 0.321498 0.886212 0.207047 0.417756 1.101596 0.523748 0.256175 0.908738
66.600000 0.321491 0.886259 0.207066 0.418235 1.102192 0.523753 0.256169 0.909370
66.800000 0.321386 0.886203 0.207206 0.418726 1.102614 0.523712 0.256364 0.909728
67.000000 0.321279 0.886150 0.207183 0.419343 1.103223 0.523846 0.256539 0.910255
67.200000 0.321427 0.886331 0.207146 0.419778 1.103813 0.523982 0.256797 0.910531
67.400000 0.321418 0.886190 0.207295 0.420354 1.104190 0.523862 0.257102 0.911110
67.600000 0.321444 0.886617 0.207307 0.420853 1.104747 0.524064 0.257167 0.911579
67.800000 0.321359 0.886481 0.207418 0.421595 1.105155 0.524005 0.257345 0.912286
68.000000 0.321288 0.886577 0.207498 0.422027 1.105887 0.524018 0.257640 0.912642
68.200000 0.321251 0.886620 0.207630 0.422474 1.106274 0.524196 0.257922 0.912781
68.400000 0.321081 0.886590 0.207418 0.422856 1.106692 0.524165 0.257844 0.913307
68.600000 0.321134 0.886607 0.207444 0.423490 1.107216 0.524070 0.258165 0.913715
68.800000 0.321134 0.886628 0.207618 0.424174 1.107826 0.524209 0.258330 0.914194
69.000000 0.321140 0.886728 0.207527 0.424604 1.108392 0.524390 0.258393 0.914625
69.200000 0.320625 0.886630 0.207719 0.425028 1.108597 0.524439 0.258671 0.915057
69.400000 0.320866 0.886557 0.207726 0.425487 1.108893 0.524131 0.258859 0.915364
69.600000 0.320860 0.886608 0.207750 0.425932 1.109233 0.524489 0.259033 0.915758
69.800000 0.320827 0.886718 0.207698 0.426445 1.109772 0.524587 0.259227 0.916040
70.000000 0.320768 0.886751 0.207823 0.426799 1.110050 0.524505 0.259389 0.916220
70.200000 0.320872 0.886576 0.207943 0.427221 1.110277 0.524592 0.259506 0.916560
70.400000 0.320600 0.886572 0.207950 0.427914 1.110717 0.524660 0.259782 0.916975
70.600000 0.320721 0.886649 0.207902 0.428196 1.111038 0.524696 0.259705 0.917246
70.800000 0.320737 0.886585 0.208020 0.428781 1.111515 0.524702 0.260021 0.917660
71.000000 0.320630 0.886637 0.207999 0.428951 1.111722 0.524729 0.260029 0.917941
71.200000 0.320653 0.886690 0.208068 0.468748 1.111775 0.524851 0.260320 0.918170
71.400000 0.320616 0.886583 0.208128 0.429958 1.112240 0.524851 0.260521 0.918444
71.600000 0.320705 0.886649 0.208001 0.430390 1.112614 0.525019 0.260654 0.918421
71.800000 0.320800 0.886655 0.208143 0.430923 1.112969 0.525039 0.260851 0.918889
72.000000 0.320630 0.886566 0.208173 0.431421 1.113353 0.525050 0.260997 0.919309
72.200000 0.320714 0.886477 0.208434 0.431707 1.113728 0.524982 0.261146 0.919705
72.400000 0.320652 0.886585 0.208317 0.432301 1.114010 0.525088 0.261305 0.919823
72.600000 0.320460 0.886582 0.208382 0.432854 1.114303 0.525144 0.261388 0.920019
72.800000 0.320526 0.886518 0.208406 0.433154 1.114394 0.525113 0.261610 0.920299
73.000000 0.320463 0.886555 0.208542 0.433530 1.114805 0.525323 0.261834 0.920816
73.200000 0.320383 0.886260 0.208414 0.433865 1.115108 0.525304 0.261928 0.920816
73.400000 0.320149 0.886631 0.208498 0.434532 1.115226 0.525267 0.262059 0.920934
73.600000 0.320312 0.886497 0.208511 0.435007 1.115305 0.525249 0.262212 0.921311
73.800000 0.319979 0.886631 0.208520 0.435274 1.115869 0.525350 0.262339 0.921427
74.000000 0.320146 0.886445 0.208545 0.435596 1.115571 0.525250 0.262541 0.921608
74.200000 0.320176 0.886447 0.208583 0.436033 1.116176 0.525470 0.262632 0.921795
74.400000 0.320113 0.886370 0.208452 0.436252 1.116048 0.525361 0.262824 0.921977
74.600000 0.320092 0.886285 0.208388 0.436791 1.116368 0.525630 0.262778 0.922283
74.800000 0.320018 0.886254 0.208652 0.437217 1.116469 0.525569 0.262927 0.922334
75.000000 0.319934 0.886133 0.208659 0.437747 1.116623 0.525485 0.263200 0.922509
75.200000 0.320025 0.886302 0.208827 0.437984 1.116914 0.525545 0.263339 0.922970
75.400000 0.319936 0.886100 0.208776 0.438234 1.116867 0.525531 0.263420 0.922790
75.600000 0.320119 0.886189 0.208573 0.438821 1.117301 0.525719 0.263597 0.922959
75.800000 0.319825 0.886340 0.208724 0.439212 1.117399 0.525643 0.263678 0.923187
76.000000 0.319870 0.886102 0.208752 0.439594 1.117527 0.525686 0.263789 0.923162
76.200000 0.319937 0.885946 0.208937 0.440063 1.117585 0.525736 0.263937 0.923469
76.400000 0.320051 0.885949 0.209032 0.440293 1.117868 0.525913 0.264245 0.923656
76.600000 0.319880 0.885878 0.209022 0.440574 1.117917 0.525875 0.264227 0.923699
76.800000 0.319873 0.885632 0.208967 0.441060 1.118080 0.525826 0.264354 0.924054
77.000000 0.319921 0.885893 0.208998 0.441324 1.118226 0.525901 0.264480 0.924100
77.200000 0.319857 0.885937 0.208837 0.441699 1.118247 0.526117 0.264608 0.924180
77.400000 0.319877 0.885834 0.209041 0.441812 1.118047 0.525974 0.264886 0.924346
77.600000 0.319996 0.885922 0.209067 0.442514 1.118841 0.526124 0.264830 0.924385
77.800000 0.319932 0.885754 0.209054 0.442913 1.118633 0.526128 0.264947 0.924608
78.000000 0.319706 0.885881 0.209110 0.443176 1.118826 0.526223 0.265138 0.924789
78.200000 0.319863 0.885831 0.209138 0.443514 1.119014 0.526147 0.265157 0.924798
78.400000 0.319900 0.885925 0.209324 0.443782 1.118982 0.526255 0.265458 0.924910
78.600000 0.319676 0.885500 0.208899 0.444154 1.119082 0.526193 0.265382 0.925070
78.800000 0.319862 0.885757 0.209224 0.444623 1.119383 0.526137 0.265434 0.925076
79.000000 0.319951 0.885683 0.209078 0.444875 1.119406 0.526133 0.265654 0.925223
79.200000 0.319835 0.885756 0.209193 0.445193 1.119543 0.526472 0.265787 0.925559
79.400000 0.319914 0.885676 0.209338 0.445523 1.119572 0.526481 0.265952 0.925533
79.600000 0.319673 0.885634 0.209200 0.445731 1.119647 0.526482 0.265949 0.925465
79.800000 0.319811 0.885488 0.209277 0.446051 1.119860 0.526366 0.266107 0.925498
80.000000 0.319783 0.885478 0.209447 0.446442 1.119997 0.526553 0.266148 0.925819
80.200000 0.319672 0.885699 0.209425 0.446917 1.120079 0.526581 0.266330 0.926151
80.400000 0.319696 0.885737 0.209563 0.447382 1.120168 0.526701 0.266440 0.926025
80.600000 0.319709 0.885451 0.209513 0.447540 1.120289 0.526835 0.266505 0.926224
80.800000 0.319817 0.885720 0.209356 0.447847 1.120371 0.526636 0.266674 0.926247
81.000000 0.319718 0.885623 0.209426 0.448436 1.120457 0.526790 0.266832 0.926371
81.200000 0.319557 0.885337 0.209647 0.448491 1.120530 0.526794 0.266839 0.926525
81.400000 0.319722 0.885533 0.209500 0.448881 1.120572 0.526853 0.266751 0.926560
81.600000 0.319543 0.885478 0.209804 0.449317 1.120662 0.526801 0.266916 0.926479
81.800000 0.319545 0.885598 0.209605 0.449437 1.120457 0.527001 0.267038 0.926789
82.000000 0.319606 0.885351 0.209630 0.449577 1.120700 0.526927 0.267136 0.926744
82.200000 0.319662 0.885481 0.209532 0.449939 1.120921 0.526936 0.267283 0.926850
82.400000 0.319545 0.885578 0.209642 0.450426 1.120942 0.527044 0.267447 0.927018
82.600000 0.319557 0.885318 0.209761 0.450695 1.120923 0.526995 0.267378 0.927199
82.800000 0.319236 0.885567 0.209681 0.450879 1.120921 0.526970 0.267532 0.927272
83.000000 0.319416 0.885604 0.209792 0.451106 1.121180 0.527148 0.267544 0.927321
83.200000 0.319266 0.885620 0.209713 0.451064 1.121068 0.527056 0.267712 0.927404
83.400000 0.319567 0.885263 0.209793 0.451672 1.121053 0.527194 0.267813 0.927179
83.600000 0.319392 0.885594 0.209757 0.451994 1.121167 0.527412 0.267908 0.927298
83.800000 0.319251 0.885321 0.209900 0.452404 1.121276 0.527334 0.267798 0.927343
84.000000 0.319323 0.885177 0.209823 0.452575 1.121199 0.527261 0.268027 0.927472
84.200000 0.319380 0.885427 0.209875 0.452905 1.121516 0.527461 0.267969 0.927527
84.400000 0.319296 0.885375 0.209888 0.453091 1.121121 0.527415 0.268205 0.927806
84.600000 0.319365 0.884892 0.209665 0.453221 1.121290 0.527378 0.268301 0.927656
84.800000 0.319423 0.885235 0.209813 0.453510 1.121542 0.527546 0.268448 0.927780
85.000000 0.319496 0.885299 0.209936 0.453827 1.121653 0.527434 0.268455 0.927842
85.200000 0.319453 0.885218 0.210068 0.454201 1.121634 0.527518 0.268596 0.927996
85.400000 0.319454 0.885281 0.209900 0.454310 1.121528 0.527517 0.268647 0.928003
85.600000 0.319505 0.885421 0.210006 0.454568 1.121739 0.527619 0.268996 0.927968
85.800000 0.319431 0.885298 0.210024 0.454972 1.121693 0.527583 0.268737 0.928161
86.000000 0.319483 0.884889 0.210048 0.455185 1.121918 0.527636 0.268847 0.928143
86.200000 0.319476 0.885133 0.210037 0.455384 1.121673 0.527787 0.268910 0.928201
86.400000 0.319338 0.885134 0.210051 0.455734 1.121807 0.527783 0.269159 0.928203
86.600000 0.319432 0.885105 0.210064 0.456073 1.121746 0.527749 0.269031 0.928297
86.800000 0.319508 0.885263 0.209976 0.456280 1.121944 0.527701 0.269231 0.928552
87.000000 0.319383 0.885198 0.210198 0.456495 1.122114 0.527735 0.269424 0.928564
87.200000 0.319427 0.885233 0.210189 0.456753 1.121971 0.527911 0.269372 0.928578
87.400000 0.319237 0.885238 0.210210 0.457013 1.122230 0.527859 0.269424 0.928600
87.600000 0.319359 0.885119 0.210235 0.457311 1.121861 0.527812 0.269508 0.928695
87.800000 0.319332 0.885435 0.210179 0.457485 1.122172 0.527988 0.269486 0.928546
88.000000 0.319340 0.885376 0.210122 0.457822 1.122273 0.528055 0.269497 0.928667
88.200000 0.319213 0.885176 0.210292 0.458079 1.122247 0.527974 0.269780 0.928952
88.400000 0.319193 0.885420 0.210315 0.458260 1.122300 0.528014 0.269871 0.929088
88.600000 0.319187 0.885308 0.210308 0.458556 1.122339 0.528254 0.269824 0.928908
88.800000 0.319145 0.885223 0.210287 0.458862 1.122180 0.528210 0.270051 0.929033
89.000000 0.319212 0.885213 0.210327 0.459133 1.122350 0.527986 0.270022 0.929097
89.200000 0.318993 0.885155 0.210368 0.459373 1.122281 0.528164 0.270066 0.928971
89.400000 0.319036 0.885227 0.210397 0.459731 1.122385 0.528150 0.270137 0.929251
89.600000 0.318763 0.885217 0.210342 0.459879 1.122192 0.528255 0.270171 0.929064
89.800000 0.318768 0.885289 0.210535 0.460190 1.122292 0.528357 0.270278 0.929126
90.000000 0.318934 0.884879 0.210373 0.460178 1.122228 0.528411 0.270287 0.929061
