0.200000 0.049863 0.362392 0.164953 0.174745 0.297737 0.376440 0.184174 0.264140
0.400000 0.049654 0.361887 0.164936 0.174630 0.297183 0.376194 0.184127 0.263731
0.600000 0.049683 0.361873 0.165061 0.174717 0.296493 0.376019 0.184159 0.263384
0.800000 0.049660 0.361537 0.164806 0.174449 0.296780 0.376280 0.184165 0.263210
1.000000 0.049537 0.361231 0.164910 0.174653 0.296023 0.376048 0.183980 0.262774
1.200000 0.049667 0.361180 0.165105 0.174547 0.295781 0.376034 0.183900 0.262609
1.400000 0.049672 0.361126 0.164858 0.174497 0.295543 0.376024 0.183912 0.262382
1.600000 0.049661 0.360925 0.164850 0.174435 0.295054 0.376034 0.183868 0.262135
1.800000 0.049605 0.360460 0.164818 0.174431 0.294736 0.376133 0.183782 0.261776
2.000000 0.049649 0.360494 0.164835 0.174369 0.294428 0.376105 0.183802 0.261565
2.200000 0.049652 0.360209 0.164743 0.174290 0.294032 0.376045 0.183772 0.261319
2.400000 0.049670 0.360029 0.164672 0.174256 0.293604 0.376012 0.183858 0.261030
2.600000 0.049607 0.359911 0.164811 0.174477 0.293281 0.376044 0.183573 0.260839
2.800000 0.049638 0.359706 0.164695 0.174518 0.293114 0.376007 0.183637 0.260533
3.000000 0.049598 0.359542 0.164881 0.174266 0.292726 0.375966 0.183626 0.260318
3.200000 0.049636 0.359315 0.164801 0.174354 0.292234 0.375965 0.183574 0.260107
3.400000 0.049637 0.359340 0.164827 0.174282 0.292078 0.375903 0.183415 0.259786
3.600000 0.049633 0.359088 0.164892 0.174245 0.291764 0.375879 0.183501 0.259603
3.800000 0.049694 0.358924 0.164912 0.174110 0.291296 0.375889 0.183471 0.259338
4.000000 0.049622 0.358618 0.164846 0.174388 0.291114 0.375873 0.183279 0.258992
4.200000 0.049651 0.358545 0.164869 0.174124 0.290711 0.375856 0.183408 0.258663
4.400000 0.049649 0.358146 0.164829 0.174164 0.290522 0.375861 0.183278 0.258576
4.600000 0.049621 0.358250 0.164825 0.174045 0.290074 0.375934 0.183181 0.258308
4.800000 0.049626 0.358019 0.164911 0.174121 0.289856 0.375806 0.183148 0.257789
5.000000 0.049616 0.357717 0.164719 0.174142 0.289650 0.375772 0.183379 0.257812
5.200000 0.049559 0.357525 0.164518 0.174052 0.289158 0.375536 0.183138 0.257517
5.400000 0.049611 0.357601 0.164724 0.174245 0.288852 0.375702 0.182907 0.257329
5.600000 0.049637 0.357345 0.164925 0.174248 0.288500 0.375736 0.183235 0.257186
5.800000 0.049623 0.357248 0.164894 0.173968 0.288315 0.375819 0.182989 0.256686
6.000000 0.049556 0.356978 0.164880 0.173831 0.287956 0.375527 0.183104 0.256609
6.200000 0.049593 0.356809 0.164789 0.173831 0.287669 0.375594 0.182976 0.256393
6.400000 0.049607 0.356704 0.164840 0.174068 0.287406 0.375717 0.183018 0.255908
6.600000 0.049698 0.356298 0.164684 0.173794 0.286960 0.375568 0.182929 0.255806
6.800000 0.049533 0.356247 0.164816 0.174058 0.286663 0.375609 0.182864 0.255575
7.000000 0.049711 0.356266 0.164417 0.173892 0.286196 0.375382 0.182874 0.255324
7.200000 0.049564 0.355965 0.164864 0.173858 0.285992 0.375665 0.182648 0.255021
7.400000 0.049575 0.355775 0.164760 0.173855 0.285738 0.375369 0.182737 0.254852
7.600000 0.049296 0.355791 0.164747 0.173718 0.285635 0.375377 0.182706 0.254545
7.800000 0.049733 0.355597 0.164678 0.173824 0.285148 0.375600 0.182660 0.254232
8.000000 0.049450 0.355471 0.164687 0.173876 0.284835 0.375496 0.182518 0.254319
8.200000 0.049564 0.355099 0.164750 0.173757 0.284432 0.375403 0.182601 0.253906
8.400000 0.049527 0.355040 0.164498 0.173667 0.284165 0.375227 0.182505 0.253633
8.600000 0.049735 0.354877 0.164743 0.173646 0.283963 0.375263 0.182377 0.253482
8.800000 0.049448 0.354850 0.164651 0.173739 0.283679 0.375229 0.182565 0.253151
9.000000 0.049558 0.354472 0.164784 0.173839 0.283232 0.375224 0.182518 0.253188
9.200000 0.049556 0.354384 0.164690 0.173602 0.283073 0.375184 0.182422 0.252792
9.400000 0.049536 0.354173 0.164922 0.173733 0.283032 0.375365 0.182424 0.252592
9.600000 0.049582 0.354227 0.164776 0.173665 0.282540 0.375284 0.182318 0.252401
9.800000 0.049517 0.353972 0.164689 0.173610 0.282378 0.375125 0.182330 0.252187
10.000000 0.049460 0.353897 0.164729 0.173525 0.281531 0.375336 0.182274 0.252058
10.200000 0.049553 0.353591 0.164786 0.173590 0.281770 0.375125 0.182281 0.251622
10.400000 0.049545 0.353581 0.164734 0.173546 0.281384 0.375199 0.182216 0.251520
10.600000 0.049558 0.353266 0.164788 0.173414 0.281206 0.375165 0.182329 0.251238
10.800000 0.049551 0.353138 0.164695 0.173481 0.280638 0.375189 0.182074 0.251020
11.000000 0.049549 0.352986 0.164735 0.173404 0.280708 0.375155 0.182306 0.250905
11.200000 0.049506 0.352824 0.164646 0.173343 0.280385 0.375041 0.182099 0.250742
11.400000 0.049561 0.352871 0.164737 0.173377 0.280049 0.375353 0.181909 0.250429
11.600000 0.049546 0.352497 0.164758 0.173376 0.279784 0.375088 0.181904 0.250266
11.800000 0.049529 0.352560 0.164679 0.173474 0.279528 0.375088 0.181924 0.250021
12.000000 0.049524 0.352355 0.164779 0.173228 0.279364 0.374928 0.181971 0.249842
12.200000 0.049533 0.352314 0.164543 0.173485 0.279036 0.374998 0.181919 0.249653
12.400000 0.049536 0.351900 0.164515 0.173491 0.278782 0.375038 0.181838 0.249360
12.600000 0.049511 0.352095 0.164660 0.173206 0.278190 0.374938 0.181869 0.249274
12.800000 0.049475 0.351723 0.164558 0.173253 0.278235 0.374970 0.181798 0.249038
13.000000 0.049680 0.351653 0.164756 0.173387 0.277877 0.374782 0.181802 0.249012
13.200000 0.049540 0.351685 0.164724 0.173304 0.277708 0.374937 0.181799 0.248674
13.400000 0.049325 0.390583 0.164703 0.173317 0.277486 0.374789 0.181603 0.248491
13.600000 0.049525 0.351274 0.164496 0.173296 0.277139 0.374872 0.181737 0.248345
13.800000 0.049470 0.351368 0.164568 0.173200 0.276969 0.375021 0.181698 0.248171
14.000000 0.049534 0.350953 0.164664 0.173246 0.276831 0.374805 0.181590 0.247856
14.200000 0.049526 0.351094 0.164730 0.173067 0.276540 0.374604 0.181631 0.247753
14.400000 0.049543 0.350786 0.164626 0.173062 0.276323 0.374782 0.181482 0.247568
14.600000 0.049529 0.350740 0.164398 0.173169 0.276154 0.374615 0.181558 0.247489
14.800000 0.049498 0.350522 0.164601 0.173291 0.275731 0.374859 0.181517 0.247245
15.000000 0.049535 0.350514 0.164526 0.173119 0.275669 0.374731 0.181522 0.247059
15.200000 0.049509 0.350458 0.164565 0.173050 0.275326 0.374669 0.181459 0.246712
15.400000 0.049512 0.350244 0.164548 0.173088 0.275262 0.374755 0.181523 0.246606
15.600000 0.049517 0.350046 0.164689 0.173183 0.274693 0.374640 0.181397 0.246539
15.800000 0.049481 0.349990 0.164617 0.173061 0.274717 0.374613 0.181395 0.246365
16.000000 0.049554 0.349949 0.164551 0.172898 0.274369 0.374620 0.181410 0.246217
16.200000 0.049446 0.349764 0.164662 0.172968 0.274202 0.374654 0.181307 0.246057
16.400000 0.049513 0.349646 0.164611 0.173014 0.274200 0.374569 0.181264 0.245925
16.600000 0.049491 0.349428 0.164633 0.173024 0.273745 0.374511 0.181187 0.245654
16.800000 0.049496 0.349532 0.164572 0.173027 0.273616 0.374616 0.181224 0.245565
17.000000 0.049487 0.349292 0.164593 0.173027 0.273302 0.374570 0.181167 0.245330
17.200000 0.049583 0.349142 0.164608 0.172975 0.273138 0.374579 0.181156 0.245189
17.400000 0.049495 0.349006 0.164528 0.172780 0.272962 0.374353 0.180963 0.245183
17.600000 0.049501 0.349082 0.164596 0.172955 0.272641 0.374493 0.181052 0.244779
17.800000 0.049452 0.348882 0.164539 0.172750 0.272593 0.374497 0.181084 0.244614
18.000000 0.049493 0.348637 0.164590 0.172877 0.272242 0.374306 0.181094 0.244487
18.200000 0.049359 0.348748 0.164461 0.172866 0.271915 0.374304 0.180968 0.244339
18.400000 0.049503 0.348578 0.164779 0.172959 0.271871 0.374365 0.180911 0.244153
18.600000 0.049444 0.348464 0.164357 0.172616 0.271600 0.374247 0.180874 0.243918
18.800000 0.049552 0.348510 0.164553 0.172793 0.271571 0.374407 0.180954 0.243689
19.000000 0.049589 0.348217 0.164612 0.172797 0.271267 0.374309 0.180869 0.243664
19.200000 0.049489 0.347949 0.164594 0.172778 0.270934 0.374318 0.180844 0.243415
19.400000 0.049490 0.348040 0.164522 0.172764 0.270820 0.374329 0.180823 0.243219
19.600000 0.049460 0.347853 0.164550 0.172790 0.270448 0.374152 0.180760 0.243121
19.800000 0.049446 0.347898 0.164357 0.172747 0.270028 0.374148 0.180805 0.242970
20.000000 0.049474 0.347720 0.164589 0.172582 0.270053 0.374253 0.180771 0.242828
20.200000 0.049295 0.347592 0.164623 0.172619 0.270009 0.374212 0.180772 0.242671
20.400000 0.049465 0.347582 0.164533 0.172581 0.269623 0.374162 0.180600 0.242516
20.600000 0.049484 0.347391 0.164368 0.172644 0.269522 0.374218 0.180665 0.242013
20.800000 0.049456 0.347199 0.164511 0.172706 0.269253 0.374291 0.180640 0.242186
21.000000 0.049587 0.347280 0.164515 0.172655 0.269110 0.374234 0.180613 0.241880
21.200000 0.049292 0.346900 0.164545 0.172603 0.268741 0.374163 0.180429 0.241707
21.400000 0.049317 0.346862 0.164557 0.172619 0.268576 0.374129 0.180436 0.241600
21.600000 0.049460 0.346775 0.164488 0.172594 0.268441 0.374008 0.180388 0.241513
21.800000 0.049575 0.346609 0.164375 0.172562 0.268309 0.374132 0.180475 0.241413
22.000000 0.049320 0.346621 0.164524 0.172618 0.268056 0.374098 0.180457 0.241196
22.200000 0.049291 0.346527 0.164551 0.172441 0.267895 0.374095 0.180460 0.240949
22.400000 0.049288 0.346277 0.164540 0.172549 0.267766 0.374026 0.180430 0.241056
22.600000 0.049427 0.346527 0.164497 0.172700 0.267631 0.373879 0.180375 0.240688
22.800000 0.049434 0.346136 0.164613 0.172492 0.267243 0.373971 0.180336 0.240652
23.000000 0.049301 0.346170 0.164430 0.172442 0.266918 0.373926 0.180294 0.240352
23.200000 0.049300 0.346019 0.164601 0.172352 0.266892 0.373974 0.180069 0.240477
23.400000 0.049413 0.346050 0.164555 0.172273 0.266843 0.373884 0.180258 0.240028
23.600000 0.049300 0.345763 0.164765 0.172450 0.266431 0.373898 0.180336 0.240095
23.800000 0.049309 0.345653 0.164458 0.172293 0.266289 0.373939 0.180330 0.239903
24.000000 0.049431 0.345749 0.164592 0.172403 0.266117 0.373923 0.180127 0.239719
24.200000 0.049291 0.345599 0.164394 0.172389 0.265901 0.373983 0.180171 0.239424
24.400000 0.049289 0.345429 0.164487 0.172476 0.265757 0.373827 0.180151 0.239474
24.600000 0.049401 0.345414 0.164542 0.172331 0.265480 0.373839 0.180095 0.239267
24.800000 0.049289 0.345181 0.164387 0.172355 0.265364 0.373741 0.180120 0.239171
25.000000 0.049427 0.345038 0.164488 0.172317 0.265254 0.373796 0.180131 0.239099
25.200000 0.049396 0.345119 0.164402 0.172297 0.264766 0.373669 0.179950 0.238950
25.400000 0.049286 0.345091 0.164620 0.172131 0.264798 0.373622 0.180019 0.238685
25.600000 0.049287 0.344778 0.164460 0.172209 0.264536 0.373657 0.179979 0.238426
25.800000 0.049573 0.345049 0.164339 0.172349 0.264249 0.373809 0.179911 0.238417
26.000000 0.049579 0.344636 0.164412 0.172266 0.264238 0.373551 0.180040 0.238234
26.200000 0.049585 0.344572 0.164598 0.172232 0.263854 0.373662 0.179958 0.238135
26.400000 0.049432 0.344439 0.164428 0.172167 0.263869 0.373694 0.179884 0.237991
26.600000 0.049417 0.344254 0.164452 0.172112 0.263647 0.373617 0.179874 0.237851
26.800000 0.049412 0.344341 0.164412 0.172299 0.263451 0.373543 0.179778 0.237727
27.000000 0.049423 0.344381 0.164540 0.172197 0.263281 0.373646 0.179969 0.237536
27.200000 0.049289 0.344205 0.164430 0.172209 0.263118 0.373570 0.179842 0.237293
27.400000 0.049430 0.343947 0.164349 0.172169 0.262773 0.373513 0.179545 0.237107
27.600000 0.049577 0.343972 0.164391 0.172165 0.262663 0.373399 0.179834 0.237224
27.800000 0.049567 0.343715 0.164572 0.172201 0.262498 0.373474 0.179691 0.236976
28.000000 0.049403 0.343635 0.164443 0.172045 0.262219 0.373385 0.179745 0.236691
28.200000 0.049432 0.343660 0.164343 0.172159 0.262213 0.373456 0.179658 0.236717
28.400000 0.049415 0.343515 0.164464 0.172095 0.262126 0.373440 0.179661 0.236565
28.600000 0.049388 0.343455 0.164601 0.172102 0.261752 0.373461 0.179644 0.236509
28.800000 0.049428 0.343506 0.164589 0.171990 0.261587 0.373272 0.179464 0.236344
29.000000 0.049390 0.343350 0.164343 0.172032 0.261630 0.373409 0.179406 0.236200
29.200000 0.049361 0.343261 0.164464 0.172100 0.261304 0.373249 0.179560 0.236071
29.400000 0.049242 0.343034 0.164470 0.172113 0.261168 0.373266 0.179561 0.235945
29.600000 0.049367 0.343010 0.164434 0.172040 0.260987 0.373444 0.179524 0.235801
29.800000 0.049371 0.342902 0.164452 0.171906 0.260742 0.373289 0.179474 0.235680
30.000000 0.049403 0.342953 0.164377 0.172228 0.260577 0.373239 0.179337 0.235639
30.200000 0.049376 0.342786 0.164262 0.171842 0.260579 0.373308 0.179384 0.235242
30.400000 0.049375 0.342585 0.164455 0.172107 0.260255 0.373271 0.179408 0.235144
30.600000 0.049416 0.342564 0.164534 0.172075 0.260018 0.373102 0.179366 0.235221
30.800000 0.049421 0.342640 0.164480 0.172076 0.259939 0.373214 0.179498 0.235024
31.000000 0.049310 0.342458 0.164358 0.171831 0.259784 0.373119 0.179320 0.234942
31.200000 0.049527 0.342398 0.164410 0.171865 0.259445 0.373220 0.179442 0.234569
31.400000 0.049727 0.342219 0.164338 0.171899 0.259293 0.373079 0.179279 0.234578
31.600000 0.049667 0.342202 0.164148 0.172098 0.259174 0.373152 0.179139 0.234503
31.800000 0.049779 0.342060 0.164423 0.171846 0.259090 0.373047 0.179153 0.273416
32.000000 0.050040 0.341950 0.164567 0.171907 0.259014 0.373198 0.178862 0.234141
32.200000 0.049917 0.341863 0.164411 0.171867 0.258806 0.372943 0.179175 0.234306
32.400000 0.050067 0.342166 0.164424 0.171670 0.258917 0.373145 0.179225 0.234341
32.600000 0.050358 0.341807 0.164382 0.171830 0.258986 0.373133 0.179182 0.234087
32.800000 0.050372 0.341836 0.164614 0.171945 0.259199 0.373030 0.179173 0.234276
33.000000 0.050521 0.341846 0.164425 0.172005 0.259041 0.373119 0.179251 0.234240
33.200000 0.050802 0.341904 0.164454 0.172005 0.259115 0.372942 0.179263 0.234315
33.400000 0.050928 0.341864 0.164570 0.172081 0.259237 0.373151 0.179256 0.234438
33.600000 0.051062 0.341924 0.164510 0.172017 0.259346 0.372988 0.179237 0.234582
33.800000 0.051188 0.341976 0.164481 0.172126 0.259677 0.373164 0.179200 0.234658
34.000000 0.051323 0.342197 0.164452 0.172153 0.259773 0.373181 0.179296 0.234699
34.200000 0.051412 0.342312 0.164444 0.172257 0.259788 0.373009 0.179151 0.234938
34.400000 0.051520 0.342447 0.164378 0.172386 0.260239 0.372980 0.179275 0.235255
34.600000 0.051595 0.342672 0.164511 0.172393 0.260521 0.373016 0.179347 0.235331
34.800000 0.051680 0.342737 0.164613 0.172358 0.260890 0.373069 0.179196 0.235533
35.000000 0.051728 0.343013 0.164452 0.172407 0.261017 0.373008 0.179322 0.235748
35.200000 0.051845 0.343344 0.164513 0.172513 0.261391 0.373192 0.179539 0.236018
35.400000 0.052012 0.343747 0.164382 0.172544 0.261892 0.373007 0.179297 0.236263
35.600000 0.051968 0.344023 0.164362 0.172364 0.262197 0.373197 0.179378 0.236625
35.800000 0.051990 0.344207 0.164495 0.172650 0.262547 0.373179 0.179338 0.236670
36.000000 0.052184 0.344532 0.164579 0.172607 0.263016 0.372940 0.179487 0.237247
36.200000 0.052112 0.344842 0.164568 0.172795 0.263379 0.373076 0.179485 0.237344
36.400000 0.052117 0.345157 0.164626 0.172776 0.263910 0.373112 0.179551 0.237718
36.600000 0.052034 0.345610 0.164758 0.172769 0.264266 0.373082 0.179572 0.238013
36.800000 0.052033 0.345851 0.164515 0.173007 0.264592 0.372984 0.179642 0.238364
37.000000 0.052254 0.346503 0.164437 0.172905 0.265024 0.373112 0.179461 0.238707
37.200000 0.052322 0.346937 0.164582 0.173180 0.265728 0.373117 0.179707 0.239224
37.400000 0.052305 0.347390 0.164630 0.173214 0.266327 0.373194 0.179711 0.239713
37.600000 0.052184 0.347722 0.164515 0.173236 0.266770 0.373129 0.179829 0.240016
37.800000 0.052204 0.348429 0.164496 0.173205 0.267336 0.373198 0.179671 0.240391
38.000000 0.052373 0.348926 0.164493 0.173591 0.267986 0.373175 0.179857 0.240768
38.200000 0.052406 0.349559 0.164687 0.173425 0.268513 0.373254 0.179881 0.241202
38.400000 0.052353 0.349870 0.164535 0.173405 0.268971 0.373133 0.179842 0.241395
38.600000 0.052094 0.350224 0.164785 0.173495 0.269588 0.373101 0.179977 0.242024
38.800000 0.052428 0.351056 0.164719 0.173652 0.270361 0.373226 0.179997 0.242410
39.000000 0.052437 0.351543 0.164732 0.173774 0.270557 0.373214 0.179901 0.242832
39.200000 0.052489 0.352095 0.164774 0.173888 0.271241 0.373095 0.180046 0.243258
39.400000 0.052633 0.352497 0.164647 0.173870 0.271797 0.373046 0.180203 0.243574
39.600000 0.052339 0.353110 0.164771 0.173911 0.272464 0.373108 0.180075 0.244222
39.800000 0.052525 0.353779 0.164769 0.174002 0.273023 0.373362 0.180057 0.244462
40.000000 0.052538 0.354420 0.164773 0.173956 0.273669 0.373327 0.179933 0.245087
40.200000 0.052524 0.355067 0.164814 0.174231 0.273964 0.373158 0.180256 0.245627
40.400000 0.052515 0.355644 0.164800 0.174237 0.274960 0.373338 0.180307 0.245832
40.600000 0.052522 0.356240 0.164711 0.174320 0.275501 0.373364 0.180423 0.246536
40.800000 0.052415 0.356870 0.164803 0.174360 0.276439 0.373354 0.180405 0.247020
41.000000 0.052552 0.357447 0.164872 0.174506 0.276809 0.373324 0.180420 0.247477
41.200000 0.052549 0.358222 0.164819 0.174472 0.277448 0.373315 0.180558 0.247846
41.400000 0.052545 0.358584 0.164817 0.174673 0.277919 0.373354 0.180618 0.248282
41.600000 0.052586 0.359367 0.164767 0.174698 0.278773 0.373239 0.180551 0.248944
41.800000 0.052608 0.359905 0.164768 0.174621 0.279307 0.373255 0.180535 0.249393
42.000000 0.052575 0.360677 0.164894 0.174620 0.280049 0.373234 0.180634 0.249911
42.200000 0.052575 0.361130 0.164889 0.174748 0.280666 0.373420 0.180532 0.250436
42.400000 0.052623 0.361947 0.165048 0.174737 0.281360 0.373384 0.180962 0.250995
42.600000 0.052617 0.362747 0.164796 0.174834 0.281879 0.373389 0.180773 0.251331
42.800000 0.052598 0.363433 0.164982 0.174795 0.282452 0.373465 0.180800 0.251960
43.000000 0.052789 0.364102 0.164882 0.175127 0.283486 0.373238 0.180857 0.252481
43.200000 0.052612 0.364778 0.164821 0.175138 0.284040 0.373437 0.180593 0.253085
43.400000 0.052606 0.365410 0.164944 0.175165 0.284646 0.373488 0.180938 0.253529
43.600000 0.052508 0.366065 0.164800 0.175192 0.285635 0.373561 0.181054 0.254296
43.800000 0.052634 0.366718 0.165032 0.175041 0.286374 0.373486 0.181016 0.254772
44.000000 0.052633 0.367729 0.164967 0.175267 0.287035 0.373555 0.181057 0.255368
44.200000 0.052612 0.368306 0.164971 0.175286 0.287654 0.373409 0.181000 0.255879
44.400000 0.052466 0.369107 0.164820 0.175426 0.288367 0.373607 0.181192 0.256456
44.600000 0.052640 0.369817 0.165058 0.175548 0.289120 0.373587 0.181167 0.257047
44.800000 0.052651 0.370436 0.165017 0.175483 0.289591 0.373542 0.181149 0.257478
45.000000 0.052620 0.371012 0.165068 0.175365 0.290518 0.373830 0.181201 0.257455
45.200000 0.052609 0.371565 0.164819 0.175627 0.290993 0.373399 0.181135 0.258526
45.400000 0.052660 0.372610 0.164965 0.175684 0.292019 0.373816 0.181451 0.259129
45.600000 0.052642 0.373120 0.165015 0.175683 0.292545 0.373611 0.181319 0.259633
45.800000 0.052514 0.373824 0.165110 0.175638 0.293263 0.373600 0.181642 0.260289
46.000000 0.052688 0.374403 0.165049 0.175802 0.293888 0.373559 0.181567 0.260698
46.200000 0.052652 0.375075 0.165040 0.175807 0.294523 0.373830 0.181280 0.261301
46.400000 0.052502 0.375857 0.165072 0.175817 0.295309 0.373699 0.181587 0.261725
46.600000 0.052511 0.376379 0.165079 0.176010 0.296034 0.373758 0.181689 0.262190
46.800000 0.052675 0.377075 0.165061 0.176043 0.296726 0.373668 0.181850 0.262938
47.000000 0.052664 0.377803 0.165026 0.176075 0.297446 0.373741 0.181719 0.263479
47.200000 0.052680 0.378352 0.165041 0.176075 0.298046 0.373775 0.181811 0.263841
47.400000 0.052680 0.379000 0.165032 0.176134 0.298656 0.373704 0.181875 0.264658
47.600000 0.052696 0.379727 0.165058 0.176184 0.299493 0.373798 0.181850 0.265000
47.800000 0.052643 0.380363 0.165063 0.176381 0.300252 0.373536 0.181966 0.265525
48.000000 0.052693 0.381114 0.165181 0.176303 0.300650 0.373672 0.182021 0.266238
48.200000 0.052667 0.381541 0.165135 0.176310 0.301598 0.373809 0.182019 0.266684
48.400000 0.052874 0.382106 0.164954 0.176346 0.302315 0.373700 0.182075 0.267198
48.600000 0.052668 0.382630 0.165074 0.176320 0.302836 0.373804 0.182032 0.267516
48.800000 0.052735 0.383360 0.165139 0.176552 0.303569 0.373775 0.182180 0.268388
49.000000 0.052688 0.384132 0.165130 0.176437 0.304383 0.373911 0.182066 0.268714
49.200000 0.052700 0.384637 0.165101 0.176538 0.304957 0.373862 0.182263 0.269337
49.400000 0.052701 0.385386 0.165020 0.176505 0.305614 0.373910 0.182284 0.269904
49.600000 0.052786 0.385887 0.165169 0.176395 0.306265 0.373982 0.182226 0.270498
49.800000 0.052707 0.386382 0.165168 0.176442 0.306982 0.373815 0.182408 0.270932
50.000000 0.052743 0.387169 0.165088 0.176657 0.307709 0.373966 0.182413 0.271580
50.200000 0.052717 0.387768 0.165198 0.176592 0.308530 0.374018 0.182480 0.272063
50.400000 0.052713 0.388413 0.165118 0.176709 0.309104 0.373837 0.182541 0.272629
50.600000 0.052789 0.389097 0.165213 0.176812 0.309625 0.373896 0.182641 0.273187
50.800000 0.052724 0.389627 0.165247 0.176799 0.310418 0.374036 0.182652 0.273629
51.000000 0.052682 0.390062 0.165209 0.176826 0.311096 0.374137 0.182654 0.274264
51.200000 0.052755 0.390783 0.165215 0.176978 0.311869 0.374069 0.182746 0.274790
51.400000 0.052716 0.391380 0.165195 0.176819 0.312484 0.374018 0.182784 0.275310
51.600000 0.052721 0.391756 0.165182 0.176885 0.313129 0.374095 0.182872 0.275872
51.800000 0.052665 0.392382 0.165238 0.176904 0.313850 0.374216 0.182866 0.276266
52.000000 0.052690 0.392815 0.165300 0.176969 0.314466 0.373914 0.182925 0.276864
52.200000 0.052723 0.393462 0.165378 0.177063 0.314949 0.374112 0.183101 0.277291
52.400000 0.052758 0.393860 0.165353 0.176951 0.315775 0.374179 0.183003 0.277982
52.600000 0.052698 0.394541 0.165224 0.176849 0.316381 0.374098 0.183054 0.278615
52.800000 0.052713 0.395072 0.165179 0.177172 0.317010 0.374256 0.183115 0.279005
53.000000 0.052743 0.395559 0.165107 0.177184 0.317758 0.374262 0.182998 0.279516
53.200000 0.052587 0.396031 0.165339 0.177036 0.318369 0.374252 0.183157 0.280148
53.400000 0.052695 0.396711 0.165557 0.177208 0.318952 0.374253 0.183042 0.280526
53.600000 0.052748 0.397100 0.165398 0.177268 0.319633 0.374331 0.183121 0.281088
53.800000 0.052755 0.397553 0.165331 0.177175 0.320039 0.374303 0.183381 0.281456
54.000000 0.052719 0.398221 0.165299 0.177303 0.320842 0.374355 0.183349 0.281834
54.200000 0.052751 0.398416 0.165279 0.177451 0.321386 0.374177 0.183266 0.282478
54.400000 0.052736 0.399102 0.165309 0.177375 0.322076 0.374337 0.183387 0.282771
54.600000 0.052739 0.399544 0.165331 0.177416 0.322626 0.374341 0.183519 0.283449
54.800000 0.052769 0.400045 0.165352 0.177397 0.323248 0.374419 0.183542 0.283977
55.000000 0.052769 0.400477 0.165342 0.177499 0.323922 0.374352 0.183708 0.284313
55.200000 0.052748 0.400950 0.165371 0.177546 0.324323 0.374320 0.183626 0.284816
55.400000 0.052712 0.401197 0.165261 0.177532 0.324862 0.374448 0.183640 0.285306
55.600000 0.052713 0.402007 0.165448 0.177333 0.325615 0.374392 0.183640 0.285865
55.800000 0.052750 0.402232 0.165170 0.177496 0.326231 0.374309 0.183758 0.286344
56.000000 0.052761 0.402696 0.165491 0.177591 0.326719 0.374420 0.183793 0.286748
56.200000 0.052766 0.403268 0.165324 0.177658 0.327534 0.374481 0.183737 0.287375
56.400000 0.052771 0.403698 0.165305 0.177667 0.328085 0.374567 0.183925 0.287834
56.600000 0.052775 0.404156 0.165357 0.177729 0.328524 0.374494 0.183765 0.288142
56.800000 0.052776 0.404527 0.165340 0.177700 0.329245 0.374544 0.183937 0.288706
57.000000 0.052794 0.404823 0.165295 0.177783 0.329789 0.374603 0.184047 0.289218
57.200000 0.052755 0.405295 0.165533 0.177633 0.330290 0.374459 0.184060 0.289761
57.400000 0.052495 0.405663 0.165498 0.177859 0.330864 0.374597 0.184134 0.290096
57.600000 0.052792 0.406210 0.165387 0.177813 0.331273 0.374646 0.184138 0.290427
57.800000 0.052781 0.406385 0.165126 0.177841 0.331964 0.374504 0.184278 0.291092
58.000000 0.052760 0.406942 0.165260 0.177892 0.332502 0.374466 0.184163 0.291334
58.200000 0.052788 0.407224 0.165275 0.177862 0.333018 0.374476 0.184253 0.291800
58.400000 0.052766 0.407429 0.165274 0.177782 0.333555 0.374695 0.184228 0.292216
58.600000 0.052758 0.408151 0.165469 0.177941 0.334038 0.374674 0.184405 0.292536
58.800000 0.052788 0.408407 0.165440 0.178030 0.334612 0.374621 0.184401 0.293139
59.000000 0.052783 0.408713 0.165409 0.178043 0.335247 0.374705 0.184353 0.293434
59.200000 0.052770 0.409104 0.165543 0.178060 0.335666 0.374724 0.184623 0.293899
59.400000 0.052764 0.409448 0.165480 0.178168 0.336058 0.374613 0.184528 0.294421
59.600000 0.052788 0.409853 0.165475 0.178038 0.336522 0.374689 0.184581 0.294935
59.800000 0.052769 0.410302 0.165513 0.178072 0.337212 0.374833 0.184776 0.295057
60.000000 0.052854 0.410538 0.165455 0.177962 0.337649 0.374805 0.184667 0.295522
60.200000 0.052779 0.410934 0.165336 0.177930 0.338172 0.374681 0.184707 0.295999
60.400000 0.052943 0.411056 0.165519 0.178078 0.338885 0.374796 0.184748 0.296425
60.600000 0.052835 0.411540 0.165304 0.178171 0.339088 0.374832 0.184817 0.296857
60.800000 0.052882 0.411916 0.165469 0.178072 0.339884 0.374853 0.184826 0.297240
61.000000 0.052784 0.412214 0.165282 0.178073 0.340226 0.374835 0.184892 0.297620
61.200000 0.052782 0.412431 0.165496 0.178088 0.340323 0.374839 0.184857 0.297931
61.400000 0.052800 0.412933 0.165557 0.178270 0.341056 0.374904 0.184969 0.298381
61.600000 0.052647 0.413131 0.165473 0.178110 0.341525 0.374859 0.185072 0.298722
61.800000 0.052754 0.413489 0.165418 0.178345 0.342099 0.374940 0.185005 0.299155
62.000000 0.052752 0.413698 0.165551 0.178336 0.342419 0.374889 0.184909 0.299385
62.200000 0.052820 0.414252 0.165646 0.178387 0.343152 0.374973 0.185136 0.299989
62.400000 0.052870 0.414560 0.165477 0.178521 0.343714 0.374954 0.185143 0.300567
62.600000 0.052935 0.414762 0.165534 0.178376 0.344151 0.375049 0.185211 0.300837
62.800000 0.052786 0.415309 0.165447 0.178397 0.344693 0.375012 0.185220 0.301071
63.000000 0.052782 0.415466 0.165346 0.178424 0.344867 0.374978 0.185227 0.301621
63.200000 0.052933 0.415736 0.165466 0.178428 0.345477 0.375022 0.185258 0.301904
63.400000 0.052811 0.415969 0.165527 0.178328 0.345861 0.375016 0.185333 0.302305
63.600000 0.052792 0.416162 0.165501 0.178450 0.346328 0.375159 0.185407 0.302661
63.800000 0.052944 0.416579 0.165517 0.178611 0.346693 0.375128 0.185290 0.302994
64.000000 0.052658 0.416733 0.165518 0.178440 0.347180 0.375114 0.185450 0.303401
64.200000 0.052791 0.417116 0.165526 0.178576 0.347657 0.375142 0.185497 0.303531
64.400000 0.052797 0.417478 0.165411 0.178582 0.348004 0.375135 0.185537 0.304060
64.600000 0.052812 0.417481 0.165605 0.178438 0.348491 0.375201 0.185667 0.304296
64.800000 0.052834 0.417876 0.165555 0.178610 0.348938 0.375065 0.185609 0.304673
65.000000 0.052654 0.418151 0.165674 0.178679 0.349168 0.375140 0.185624 0.305049
65.200000 0.052785 0.418369 0.165408 0.178612 0.349678 0.374895 0.185639 0.305381
65.400000 0.052807 0.418677 0.165506 0.178633 0.350151 0.375127 0.185576 0.305672
65.600000 0.052913 0.419017 0.165410 0.178711 0.350383 0.375361 0.185811 0.305985
65.800000 0.052798 0.419231 0.165416 0.178825 0.350841 0.375326 0.185850 0.306378
66.000000 0.052801 0.419549 0.165674 0.178832 0.351263 0.375347 0.185978 0.306627
66.200000 0.052797 0.419720 0.165430 0.178803 0.351689 0.375302 0.185741 0.306980
66.400000 0.052662 0.419907 0.165503 0.178828 0.351886 0.375333 0.185921 0.307277
66.600000 0.052932 0.420111 0.165693 0.178762 0.352395 0.375177 0.185888 0.307568
66.800000 0.052667 0.420179 0.165625 0.178713 0.352696 0.375281 0.185740 0.307857
67.000000 0.052828 0.420403 0.165637 0.178687 0.353145 0.375340 0.186024 0.308188
67.200000 0.052813 0.420707 0.165412 0.178942 0.353577 0.375346 0.186076 0.308476
67.400000 0.052887 0.420884 0.165697 0.178730 0.353972 0.375258 0.186132 0.308772
67.600000 0.052926 0.421110 0.165650 0.178719 0.354342 0.375301 0.186113 0.309125
67.800000 0.052664 0.421314 0.165707 0.178547 0.354596 0.375437 0.186188 0.309393
68.000000 0.052671 0.421503 0.165581 0.178739 0.355012 0.375432 0.186214 0.309662
68.200000 0.052804 0.421624 0.165494 0.178945 0.355271 0.375423 0.186279 0.309989
68.400000 0.052773 0.421792 0.165473 0.178933 0.355691 0.375260 0.186229 0.310094
68.600000 0.052818 0.422162 0.165636 0.178948 0.356011 0.375440 0.186217 0.310481
68.800000 0.052825 0.422402 0.165689 0.178860 0.356440 0.375609 0.186381 0.310810
69.000000 0.052763 0.422505 0.165581 0.178864 0.356719 0.375456 0.186420 0.311088
69.200000 0.052833 0.422867 0.165619 0.178899 0.357087 0.375422 0.186404 0.311407
69.400000 0.052845 0.422954 0.165623 0.179116 0.357382 0.375217 0.186437 0.311645
69.600000 0.052823 0.423239 0.165648 0.178836 0.357664 0.375419 0.186484 0.311817
69.800000 0.052814 0.423371 0.165652 0.179106 0.357981 0.375584 0.186555 0.312316
70.000000 0.052816 0.423528 0.165612 0.179073 0.358461 0.375416 0.186546 0.312386
70.200000 0.052831 0.423693 0.165644 0.179135 0.358809 0.375552 0.186529 0.312572
70.400000 0.052945 0.423766 0.165676 0.179067 0.359097 0.375575 0.186512 0.313078
70.600000 0.052661 0.424137 0.165669 0.179148 0.359447 0.375589 0.186558 0.313402
70.800000 0.052830 0.424475 0.165686 0.179121 0.359781 0.375748 0.186582 0.313496
71.000000 0.052682 0.424416 0.165634 0.179023 0.359884 0.375633 0.186735 0.313799
71.200000 0.052672 0.424662 0.165622 0.179030 0.360291 0.375453 0.186708 0.314022
71.400000 0.052673 0.424790 0.165619 0.179119 0.360627 0.375394 0.186809 0.314197
71.600000 0.052825 0.424972 0.165576 0.179164 0.360958 0.375655 0.186948 0.314398
71.800000 0.052824 0.425134 0.165641 0.179237 0.361233 0.375769 0.186870 0.314780
72.000000 0.052864 0.425566 0.165645 0.179063 0.361570 0.375681 0.186888 0.315005
72.200000 0.052820 0.425431 0.165491 0.179173 0.361850 0.375708 0.186861 0.315161
72.400000 0.052841 0.425777 0.165429 0.179109 0.362237 0.375682 0.186796 0.315279
72.600000 0.052665 0.425777 0.165660 0.179200 0.362517 0.375810 0.186937 0.315725
72.800000 0.052834 0.426061 0.165640 0.179279 0.362752 0.375751 0.187065 0.315735
73.000000 0.052913 0.426197 0.165852 0.179431 0.362793 0.375775 0.186922 0.316148
73.200000 0.052843 0.426387 0.165641 0.179238 0.363277 0.375724 0.187036 0.316331
73.400000 0.052831 0.426585 0.165561 0.179144 0.363477 0.375783 0.187134 0.316619
73.600000 0.052812 0.426709 0.165593 0.179355 0.363854 0.375627 0.187284 0.316748
73.800000 0.052754 0.426852 0.165635 0.179361 0.364138 0.375960 0.187078 0.316995
74.000000 0.052922 0.427075 0.165712 0.179344 0.364534 0.375706 0.187222 0.316964
74.200000 0.052837 0.427171 0.165856 0.179292 0.364595 0.375852 0.187235 0.317429
74.400000 0.052822 0.427007 0.165677 0.179504 0.364969 0.375698 0.187246 0.317696
74.600000 0.052834 0.427550 0.165713 0.179558 0.365284 0.375766 0.187286 0.317906
74.800000 0.052673 0.427699 0.165586 0.179384 0.365479 0.375834 0.187372 0.318254
75.000000 0.052818 0.427679 0.165560 0.179400 0.365717 0.375866 0.187356 0.318192
75.200000 0.052843 0.427783 0.165566 0.179435 0.365976 0.375966 0.187455 0.318595
75.400000 0.052829 0.427801 0.165637 0.179436 0.366208 0.375844 0.187261 0.318734
75.600000 0.052837 0.427901 0.165653 0.179561 0.366387 0.375706 0.187426 0.318768
75.800000 0.052822 0.428311 0.165743 0.179536 0.366700 0.375863 0.187497 0.319158
76.000000 0.052893 0.428382 0.165637 0.179436 0.366886 0.375956 0.187387 0.319234
76.200000 0.052825 0.428430 0.165823 0.179507 0.367271 0.375946 0.187570 0.319556
76.400000 0.052813 0.428541 0.165855 0.179544 0.367551 0.375992 0.187599 0.319769
76.600000 0.052936 0.428647 0.165491 0.179581 0.367864 0.376009 0.187625 0.319950
76.800000 0.052832 0.428886 0.165644 0.179539 0.367979 0.376028 0.187638 0.320094
77.000000 0.052847 0.428929 0.165853 0.179492 0.368045 0.376062 0.187649 0.320346
77.200000 0.052836 0.429164 0.165740 0.179506 0.368444 0.376015 0.187531 0.320520
77.400000 0.052869 0.429224 0.165748 0.179585 0.368803 0.376009 0.187736 0.320704
77.600000 0.052825 0.429343 0.165759 0.179592 0.368816 0.375911 0.187804 0.320990
77.800000 0.052805 0.429356 0.165628 0.179475 0.369194 0.376057 0.187711 0.321159
78.000000 0.052845 0.429403 0.165724 0.179659 0.369375 0.376029 0.187797 0.321240
78.200000 0.052825 0.429521 0.165770 0.179589 0.369623 0.376115 0.187969 0.321436
78.400000 0.052801 0.429540 0.165735 0.179577 0.369726 0.376110 0.187714 0.321649
78.600000 0.052658 0.390726 0.165742 0.179685 0.369894 0.376057 0.187894 0.321760
78.800000 0.052855 0.429752 0.165776 0.179746 0.370329 0.375978 0.187925 0.321831
79.000000 0.052917 0.429876 0.165820 0.179567 0.370504 0.375941 0.187917 0.322166
79.200000 0.052863 0.430030 0.165838 0.179679 0.370689 0.375994 0.187933 0.322266
79.400000 0.052836 0.430170 0.165787 0.179678 0.370947 0.376158 0.187855 0.322477
79.600000 0.052821 0.430284 0.165667 0.179515 0.371143 0.376077 0.188131 0.322526
79.800000 0.052834 0.430350 0.165777 0.179707 0.371354 0.376254 0.188061 0.322778
80.000000 0.052840 0.430514 0.165756 0.179709 0.371492 0.376151 0.188099 0.323011
80.200000 0.052898 0.430597 0.165777 0.179698 0.371582 0.376403 0.188062 0.323211
80.400000 0.052845 0.430727 0.165785 0.179708 0.371948 0.376345 0.188172 0.323344
80.600000 0.052847 0.430706 0.165831 0.179756 0.372246 0.376246 0.188194 0.323577
80.800000 0.052819 0.430625 0.165783 0.179704 0.372434 0.376198 0.188051 0.323601
81.000000 0.052851 0.431027 0.165850 0.179751 0.372471 0.376245 0.188011 0.323488
81.200000 0.052860 0.431210 0.165761 0.179849 0.372706 0.376336 0.188214 0.323945
81.400000 0.052662 0.431092 0.165733 0.179732 0.372899 0.376188 0.188221 0.323963
81.600000 0.052867 0.431275 0.165789 0.179673 0.373066 0.376281 0.188209 0.324182
81.800000 0.052900 0.431358 0.165498 0.179876 0.373343 0.376172 0.188270 0.324462
82.000000 0.052843 0.431497 0.165758 0.179853 0.373505 0.376137 0.188332 0.324476
82.200000 0.052840 0.431623 0.165792 0.179830 0.373346 0.376337 0.188383 0.324633
82.400000 0.052851 0.431647 0.165827 0.179871 0.373828 0.376329 0.188389 0.324802
82.600000 0.052851 0.431372 0.166165 0.179861 0.374075 0.376311 0.188405 0.324900
82.800000 0.052832 0.431768 0.165859 0.180014 0.374043 0.376295 0.188321 0.325098
83.000000 0.052832 0.431852 0.165781 0.179781 0.374232 0.376324 0.188470 0.325180
83.200000 0.052841 0.431979 0.166011 0.179888 0.374403 0.376371 0.188509 0.325227
83.400000 0.052829 0.432003 0.165964 0.179780 0.374690 0.376368 0.188465 0.325276
83.600000 0.052904 0.432082 0.165731 0.179806 0.374857 0.376383 0.188541 0.325502
83.800000 0.052845 0.432314 0.165880 0.179751 0.374941 0.376350 0.188550 0.325730
84.000000 0.052841 0.432181 0.165958 0.180042 0.375060 0.376303 0.188354 0.325812
84.200000 0.052877 0.432569 0.165766 0.179963 0.375356 0.376434 0.188480 0.325988
84.400000 0.052819 0.432493 0.165869 0.179949 0.375506 0.376427 0.188487 0.326030
84.600000 0.052814 0.432477 0.165977 0.180037 0.375659 0.376446 0.188748 0.326182
84.800000 0.052820 0.432282 0.165808 0.179986 0.375751 0.376347 0.188462 0.326116
85.000000 0.052822 0.432684 0.165811 0.180029 0.375895 0.376485 0.188680 0.326436
85.200000 0.052849 0.432684 0.165719 0.179964 0.376073 0.376458 0.188840 0.326608
85.400000 0.052862 0.432872 0.165794 0.180034 0.376198 0.376504 0.188893 0.326645
85.600000 0.052856 0.432795 0.165932 0.179937 0.376044 0.376510 0.188637 0.326712
85.800000 0.052861 0.432937 0.165727 0.179912 0.376538 0.376475 0.188622 0.326893
86.000000 0.052856 0.432902 0.165721 0.180051 0.376650 0.376552 0.188739 0.327118
86.200000 0.052892 0.433123 0.165999 0.179905 0.376815 0.376683 0.188571 0.327080
86.400000 0.052834 0.433136 0.165755 0.180175 0.376979 0.376440 0.188876 0.327262
86.600000 0.052879 0.433337 0.165859 0.180111 0.377053 0.376601 0.188977 0.327424
86.800000 0.052871 0.433252 0.165720 0.180156 0.377380 0.376478 0.188847 0.327501
87.000000 0.052834 0.433356 0.165878 0.180078 0.377476 0.376683 0.188916 0.327749
87.200000 0.052834 0.433266 0.165724 0.179936 0.377623 0.376717 0.189053 0.327735
87.400000 0.052850 0.433443 0.165833 0.180127 0.377709 0.376644 0.188990 0.327840
87.600000 0.052849 0.433607 0.165945 0.180149 0.377925 0.376475 0.188966 0.327759
87.800000 0.052834 0.433553 0.165796 0.180081 0.378022 0.376434 0.189009 0.327955
88.000000 0.052838 0.433636 0.165894 0.180162 0.378151 0.376787 0.189165 0.328135
88.200000 0.052767 0.433505 0.165756 0.179925 0.378239 0.376560 0.188845 0.328181
88.400000 0.052825 0.433820 0.165765 0.180187 0.378449 0.376701 0.188909 0.328255
88.600000 0.052847 0.433772 0.165869 0.180154 0.378501 0.376625 0.188925 0.328249
88.800000 0.052759 0.433913 0.165755 0.180134 0.378583 0.376628 0.189165 0.328382
89.000000 0.052831 0.433864 0.165985 0.180163 0.378820 0.376622 0.189111 0.328643
89.200000 0.052865 0.433999 0.165907 0.180166 0.378917 0.376722 0.189147 0.328760
89.400000 0.052837 0.434233 0.165811 0.180096 0.379034 0.376852 0.189176 0.328856
89.600000 0.052848 0.434251 0.165891 0.180352 0.379077 0.376592 0.189198 0.328720
89.800000 0.052851 0.434189 0.165950 0.180330 0.379315 0.376685 0.189094 0.328916
90.000000 0.052847 0.434337 0.165943 0.180252 0.379452 0.376651 0.189195 0.328834
