0.200000 0.054474 0.440109 0.198162 0.277550 0.527636 0.495198 0.274335 0.446304
0.400000 0.054454 0.438957 0.197867 0.276747 0.524533 0.495113 0.273857 0.444043
0.600000 0.054434 0.438329 0.197988 0.276308 0.522974 0.494873 0.273590 0.443076
0.800000 0.054266 0.437859 0.197841 0.276074 0.521653 0.495095 0.273531 0.441935
1.000000 0.054393 0.437216 0.197935 0.275529 0.520250 0.494924 0.273194 0.440760
1.200000 0.054411 0.436712 0.197871 0.275149 0.518752 0.494915 0.273005 0.439643
1.400000 0.054395 0.436153 0.197822 0.274780 0.517389 0.495068 0.272800 0.438653
1.600000 0.054369 0.435852 0.197764 0.274376 0.515812 0.494909 0.272554 0.437553
1.800000 0.054365 0.435138 0.197640 0.273964 0.514594 0.494789 0.272435 0.436511
2.000000 0.054470 0.434592 0.197667 0.273604 0.513223 0.494861 0.272175 0.435424
2.200000 0.054286 0.434210 0.197613 0.273333 0.511901 0.494833 0.271916 0.434406
2.400000 0.054302 0.433805 0.197618 0.272973 0.510496 0.494838 0.271716 0.433294
2.600000 0.054278 0.433189 0.197663 0.272662 0.509089 0.494728 0.271517 0.432263
2.800000 0.054291 0.432625 0.197452 0.272260 0.507673 0.494708 0.271170 0.431170
3.000000 0.054298 0.432198 0.197359 0.271801 0.506243 0.494649 0.271146 0.430088
3.200000 0.054227 0.431642 0.197232 0.271543 0.504817 0.494389 0.270761 0.428981
3.400000 0.054117 0.431148 0.197341 0.271232 0.503668 0.494443 0.270655 0.428078
3.600000 0.054269 0.430723 0.197158 0.270821 0.502416 0.494468 0.270281 0.427073
3.800000 0.054255 0.430266 0.197144 0.270449 0.501128 0.494409 0.270228 0.426126
4.000000 0.054242 0.429706 0.197426 0.270335 0.499788 0.494381 0.270025 0.424966
4.200000 0.054200 0.429339 0.197290 0.269904 0.498582 0.494454 0.269923 0.424143
4.400000 0.054255 0.428713 0.197225 0.269485 0.497051 0.494376 0.269512 0.423058
4.600000 0.054307 0.428429 0.197076 0.269013 0.496001 0.494239 0.269247 0.421990
4.800000 0.054053 0.427924 0.197126 0.268715 0.494624 0.494290 0.269032 0.421068
5.000000 0.054160 0.427416 0.197083 0.268431 0.493267 0.493929 0.268919 0.419981
5.200000 0.054165 0.427072 0.197037 0.268180 0.492033 0.494191 0.268629 0.419125
5.400000 0.053874 0.426364 0.196940 0.267740 0.490783 0.494229 0.268424 0.418218
5.600000 0.054132 0.426064 0.196953 0.267390 0.489761 0.493996 0.268310 0.417244
5.800000 0.054138 0.425581 0.196841 0.267286 0.488364 0.494072 0.268065 0.416383
6.000000 0.054033 0.425317 0.196862 0.267026 0.487209 0.493964 0.267800 0.415391
6.200000 0.054095 0.424769 0.196707 0.266454 0.485851 0.494052 0.267516 0.414426
6.400000 0.054117 0.424482 0.196862 0.266216 0.484502 0.493884 0.267464 0.413235
6.600000 0.054130 0.423811 0.196710 0.265788 0.483036 0.493821 0.267040 0.412164
6.800000 0.054032 0.423212 0.196462 0.265476 0.481783 0.493849 0.266996 0.411233
7.000000 0.054046 0.422973 0.196574 0.265312 0.480601 0.493642 0.266596 0.410374
7.200000 0.054092 0.422473 0.196800 0.264782 0.479283 0.493630 0.266528 0.409401
7.400000 0.054067 0.422177 0.196684 0.264454 0.478159 0.493439 0.266172 0.408526
7.600000 0.054035 0.421725 0.196419 0.264385 0.477190 0.493680 0.266055 0.407657
7.800000 0.054034 0.421035 0.196621 0.263966 0.476062 0.493629 0.265918 0.406872
8.000000 0.053899 0.420832 0.196637 0.263644 0.474705 0.493611 0.265955 0.405955
8.200000 0.054019 0.420260 0.196413 0.263238 0.473655 0.493426 0.265474 0.405119
8.400000 0.054005 0.419920 0.196459 0.263062 0.472685 0.493345 0.265102 0.404264
8.600000 0.053985 0.419607 0.196371 0.262647 0.471394 0.493487 0.264937 0.403457
8.800000 0.053985 0.419074 0.196493 0.262485 0.470388 0.493438 0.265005 0.402508
9.000000 0.053921 0.418728 0.196466 0.262070 0.469313 0.493378 0.264610 0.401647
9.200000 0.053938 0.418378 0.196357 0.261760 0.468291 0.493371 0.264462 0.400947
9.400000 0.053799 0.418072 0.196109 0.261552 0.467178 0.493251 0.264415 0.400109
9.600000 0.053895 0.417629 0.196206 0.261295 0.466008 0.493313 0.264272 0.399298
9.800000 0.053922 0.417051 0.196176 0.260865 0.464886 0.493075 0.263703 0.398295
10.000000 0.053912 0.416948 0.196059 0.260801 0.464043 0.493219 0.263560 0.397717
10.200000 0.053918 0.416530 0.196120 0.260600 0.462986 0.493032 0.263394 0.396983
10.400000 0.053940 0.416146 0.196087 0.260196 0.461953 0.493101 0.263265 0.396028
10.600000 0.053877 0.415888 0.195989 0.259874 0.460897 0.493050 0.263059 0.395208
10.800000 0.053724 0.415432 0.196205 0.259752 0.459915 0.492910 0.262780 0.394494
11.000000 0.053728 0.415089 0.195988 0.259438 0.458953 0.493078 0.262662 0.393891
11.200000 0.053856 0.414721 0.195971 0.259177 0.457875 0.492964 0.262597 0.392996
11.400000 0.053853 0.414293 0.195836 0.259076 0.456854 0.492849 0.262175 0.392214
11.600000 0.053849 0.414012 0.195680 0.258438 0.455879 0.492747 0.262207 0.391528
11.800000 0.053743 0.413812 0.195888 0.258475 0.454727 0.492849 0.261909 0.390737
12.000000 0.053807 0.413290 0.195869 0.258154 0.453827 0.492762 0.261746 0.389888
12.200000 0.053782 0.412853 0.195886 0.257930 0.452926 0.492833 0.261675 0.389307
12.400000 0.053805 0.412492 0.195894 0.257643 0.452005 0.492625 0.261472 0.388562
12.600000 0.053827 0.412148 0.195828 0.257192 0.451013 0.492743 0.261138 0.387455
12.800000 0.053779 0.411759 0.195717 0.257096 0.449977 0.492586 0.260959 0.386844
13.000000 0.053860 0.411417 0.195593 0.256806 0.448611 0.492345 0.260656 0.386138
13.200000 0.053752 0.411214 0.195621 0.256527 0.448121 0.492632 0.260603 0.385649
13.400000 0.053722 0.411064 0.195514 0.256065 0.447211 0.492663 0.260447 0.384950
13.600000 0.053778 0.410540 0.195593 0.256048 0.446451 0.492498 0.260227 0.384292
13.800000 0.053720 0.410172 0.195538 0.255884 0.445637 0.492387 0.260050 0.383671
14.000000 0.053746 0.409883 0.195531 0.255587 0.444773 0.492420 0.259708 0.383027
14.200000 0.053842 0.409641 0.195576 0.255330 0.443623 0.492553 0.259764 0.382387
14.400000 0.053851 0.409343 0.195490 0.255133 0.443173 0.492290 0.259559 0.381728
14.600000 0.053678 0.409191 0.195515 0.255110 0.442444 0.492377 0.259417 0.381277
14.800000 0.053710 0.408911 0.195456 0.254823 0.441678 0.492280 0.259235 0.380700
15.000000 0.053678 0.408564 0.195393 0.254571 0.440564 0.492016 0.259050 0.379903
15.200000 0.053696 0.408254 0.195383 0.254490 0.439879 0.492176 0.258903 0.379194
15.400000 0.053678 0.407926 0.195369 0.254301 0.439095 0.492189 0.258729 0.378633
15.600000 0.053653 0.407768 0.195439 0.253973 0.438333 0.491986 0.258384 0.378077
15.800000 0.053687 0.407260 0.195179 0.253882 0.437466 0.492087 0.258482 0.377371
16.000000 0.053591 0.407159 0.195342 0.253578 0.436510 0.492057 0.258206 0.376769
16.200000 0.053608 0.406937 0.195343 0.253357 0.435935 0.491828 0.258032 0.376232
16.400000 0.053639 0.406439 0.195293 0.253294 0.435042 0.491989 0.257734 0.375736
16.600000 0.053605 0.406259 0.195245 0.252959 0.434399 0.491889 0.257715 0.374921
16.800000 0.053626 0.405894 0.156286 0.252727 0.433565 0.491917 0.257528 0.374264
17.000000 0.053613 0.405856 0.195159 0.252454 0.432955 0.491793 0.257409 0.373877
17.200000 0.053613 0.405436 0.195144 0.252242 0.431933 0.491744 0.257121 0.373318
17.400000 0.053602 0.405137 0.195095 0.252088 0.431207 0.491648 0.256895 0.372722
17.600000 0.053577 0.404936 0.195072 0.251781 0.430572 0.491733 0.257022 0.372264
17.800000 0.053597 0.404577 0.194922 0.251685 0.390742 0.491645 0.256759 0.371626
18.000000 0.053566 0.404416 0.195059 0.251559 0.429144 0.491680 0.256588 0.371239
18.200000 0.053583 0.403853 0.195025 0.251423 0.428329 0.491713 0.256425 0.370633
18.400000 0.053563 0.403882 0.194876 0.251020 0.427666 0.491645 0.256330 0.370048
18.600000 0.053543 0.403718 0.195114 0.250999 0.426889 0.491573 0.255917 0.369347
18.800000 0.053471 0.403401 0.194894 0.250655 0.426083 0.491387 0.255877 0.368940
19.000000 0.053709 0.403094 0.194916 0.250671 0.425438 0.491595 0.255865 0.368241
19.200000 0.053523 0.402801 0.194869 0.250303 0.424437 0.491429 0.255668 0.367519
19.400000 0.053535 0.402278 0.194967 0.250084 0.423791 0.491452 0.255290 0.366887
19.600000 0.053504 0.402181 0.194601 0.249895 0.423042 0.491208 0.255200 0.366508
19.800000 0.053521 0.401943 0.194842 0.249766 0.422303 0.491298 0.255004 0.365863
20.000000 0.053505 0.401688 0.194719 0.249438 0.421519 0.491210 0.254741 0.365384
20.200000 0.053474 0.401349 0.194833 0.249310 0.421102 0.491292 0.254685 0.364863
20.400000 0.053458 0.401257 0.194683 0.249083 0.420309 0.491085 0.254599 0.364369
20.600000 0.053489 0.400876 0.194756 0.248974 0.419551 0.491162 0.254281 0.363823
20.800000 0.053468 0.400773 0.194740 0.248791 0.418935 0.491050 0.254281 0.363417
21.000000 0.053462 0.400573 0.194695 0.248553 0.418084 0.490745 0.254166 0.362820
21.200000 0.053505 0.400130 0.194665 0.248389 0.417457 0.491089 0.253907 0.362250
21.400000 0.053290 0.400012 0.194631 0.248164 0.416787 0.490693 0.253846 0.361804
21.600000 0.053449 0.399680 0.194758 0.248070 0.416158 0.491086 0.253731 0.361247
21.800000 0.053524 0.399587 0.194682 0.247844 0.415748 0.491131 0.253580 0.360804
22.000000 0.053264 0.399179 0.194629 0.247520 0.415000 0.490983 0.253370 0.360196
22.200000 0.053259 0.399155 0.194364 0.247434 0.414175 0.490894 0.253295 0.359843
22.400000 0.053390 0.398779 0.194699 0.247284 0.413579 0.490866 0.252863 0.359342
22.600000 0.053267 0.398431 0.194435 0.246972 0.413126 0.490726 0.252969 0.359017
22.800000 0.053551 0.398333 0.194477 0.246968 0.412406 0.490829 0.252922 0.358316
23.000000 0.053356 0.397961 0.194511 0.246762 0.411810 0.490723 0.252703 0.357733
23.200000 0.053400 0.397844 0.194512 0.246551 0.410981 0.490605 0.252470 0.357464
23.400000 0.053366 0.397619 0.194399 0.246511 0.410449 0.490693 0.252370 0.356966
23.600000 0.053204 0.397260 0.194423 0.246159 0.409800 0.490611 0.252160 0.356591
23.800000 0.053374 0.397075 0.194438 0.246099 0.409262 0.490652 0.252180 0.356008
24.000000 0.053540 0.397002 0.194283 0.246123 0.408742 0.490508 0.252041 0.355616
24.200000 0.053349 0.396628 0.194361 0.245696 0.408115 0.490447 0.251789 0.355049
24.400000 0.053362 0.396431 0.194317 0.245666 0.407478 0.490482 0.251684 0.354651
24.600000 0.053338 0.396265 0.194370 0.245497 0.406941 0.490532 0.251561 0.354227
24.800000 0.053365 0.396010 0.194355 0.245217 0.406194 0.490312 0.251440 0.353628
25.000000 0.053256 0.395802 0.194199 0.245160 0.405705 0.490361 0.251290 0.353327
25.200000 0.053282 0.395774 0.194102 0.244925 0.405112 0.490274 0.251091 0.352862
25.400000 0.053200 0.395263 0.194169 0.244821 0.404350 0.489356 0.250859 0.352318
25.600000 0.053266 0.395117 0.194228 0.244549 0.403703 0.490241 0.250750 0.351735
25.800000 0.053144 0.394957 0.194148 0.244465 0.403205 0.490255 0.250651 0.351408
26.000000 0.053297 0.394880 0.194237 0.244041 0.402678 0.490074 0.250458 0.350877
26.200000 0.053364 0.394521 0.194230 0.244070 0.401855 0.490120 0.250365 0.350387
26.400000 0.053264 0.394362 0.194148 0.243917 0.401245 0.489891 0.250216 0.350063
26.600000 0.053358 0.393903 0.193979 0.243974 0.400998 0.490022 0.249973 0.349510
26.800000 0.053117 0.393897 0.194169 0.243624 0.400287 0.490104 0.250084 0.349219
27.000000 0.053093 0.393170 0.193952 0.243380 0.399565 0.489600 0.249655 0.348789
27.200000 0.053250 0.393518 0.194058 0.243231 0.399165 0.490006 0.249544 0.348296
27.400000 0.053241 0.393304 0.194054 0.243123 0.398512 0.490087 0.249501 0.347936
27.600000 0.053226 0.393192 0.194025 0.243183 0.398229 0.489769 0.249507 0.347517
27.800000 0.053234 0.392887 0.194071 0.242868 0.397539 0.489793 0.249243 0.347126
28.000000 0.053088 0.392740 0.193999 0.242752 0.396981 0.489796 0.249134 0.346727
28.200000 0.053236 0.392548 0.193991 0.242754 0.396462 0.489845 0.249097 0.346308
28.400000 0.053092 0.392087 0.193712 0.242313 0.395874 0.489689 0.249001 0.345877
28.600000 0.053206 0.392114 0.193899 0.242347 0.395400 0.489799 0.248604 0.345458
28.800000 0.053194 0.391910 0.193787 0.242194 0.395006 0.489616 0.248483 0.344881
29.000000 0.053185 0.391734 0.193914 0.242033 0.394359 0.489523 0.248432 0.344809
29.200000 0.053176 0.391518 0.193859 0.241703 0.393689 0.489382 0.248327 0.344241
29.400000 0.053151 0.391187 0.193865 0.241622 0.393471 0.489366 0.248123 0.343855
29.600000 0.053188 0.391031 0.193888 0.241508 0.392680 0.489541 0.248224 0.343601
29.800000 0.053180 0.390825 0.193915 0.241516 0.392257 0.489456 0.247833 0.343036
30.000000 0.053142 0.390786 0.193892 0.241249 0.391824 0.489358 0.247883 0.342834
30.200000 0.053164 0.390558 0.193629 0.241138 0.391254 0.489307 0.247828 0.342015
30.400000 0.053185 0.390413 0.193930 0.241055 0.390694 0.489346 0.247523 0.341914
30.600000 0.053205 0.390171 0.193654 0.240871 0.390208 0.489203 0.247410 0.341600
30.800000 0.053411 0.389997 0.193655 0.240690 0.389622 0.489126 0.247368 0.340950
31.000000 0.054140 0.389728 0.193831 0.240609 0.389115 0.489264 0.247276 0.340621
31.200000 0.054787 0.389468 0.193513 0.240381 0.388923 0.489188 0.247132 0.340429
31.400000 0.056313 0.389366 0.193765 0.240264 0.388525 0.489126 0.246893 0.340375
31.600000 0.057699 0.389129 0.193666 0.240452 0.388586 0.489159 0.246888 0.340316
31.800000 0.059321 0.389397 0.193890 0.240266 0.388794 0.489043 0.246928 0.340558
32.000000 0.060942 0.389395 0.193902 0.240558 0.389707 0.489124 0.246965 0.341220
32.200000 0.062673 0.389534 0.193883 0.240696 0.390841 0.489181 0.246886 0.342023
32.400000 0.064496 0.389880 0.193814 0.241047 0.392661 0.489137 0.246905 0.343449
32.600000 0.065951 0.351703 0.193827 0.241293 0.394803 0.488898 0.246936 0.344961
32.800000 0.067356 0.391485 0.194080 0.241957 0.397602 0.489087 0.246901 0.346941
33.000000 0.068762 0.392985 0.194110 0.242730 0.400891 0.488995 0.247130 0.349223
33.200000 0.069898 0.394748 0.194375 0.243940 0.404743 0.488836 0.247313 0.352129
33.400000 0.071147 0.397116 0.194632 0.244930 0.408793 0.489161 0.247425 0.355207
33.600000 0.072060 0.400029 0.194957 0.246062 0.413341 0.489085 0.247561 0.358642
33.800000 0.073130 0.403538 0.195246 0.247533 0.418647 0.489062 0.247788 0.362075
34.000000 0.073982 0.407365 0.195444 0.249234 0.424071 0.489266 0.247985 0.366448
34.200000 0.074528 0.412361 0.195969 0.251136 0.390730 0.489143 0.248234 0.370777
34.400000 0.075315 0.417603 0.196617 0.252618 0.435742 0.489066 0.248377 0.374976
34.600000 0.075948 0.423181 0.196914 0.254230 0.442020 0.489296 0.248655 0.379691
34.800000 0.076473 0.429507 0.197341 0.256467 0.448232 0.489045 0.248904 0.384749
35.000000 0.076954 0.436192 0.197682 0.258115 0.454921 0.489218 0.249183 0.389841
35.200000 0.077428 0.443131 0.198176 0.260142 0.461884 0.489314 0.249451 0.395161
35.400000 0.077706 0.450428 0.198565 0.261802 0.468513 0.489382 0.249662 0.399972
35.600000 0.078003 0.457559 0.198879 0.263478 0.475001 0.489348 0.249877 0.405338
35.800000 0.078250 0.465111 0.199305 0.265088 0.481737 0.489420 0.249952 0.410647
36.000000 0.078562 0.472851 0.199690 0.266876 0.488681 0.489263 0.250450 0.415853
36.200000 0.078751 0.480666 0.200073 0.268552 0.495675 0.489356 0.250574 0.421575
36.400000 0.078922 0.488625 0.200532 0.270069 0.502682 0.489258 0.250918 0.426951
36.600000 0.079143 0.497273 0.200656 0.271782 0.509887 0.489462 0.251300 0.432637
36.800000 0.079237 0.505359 0.201131 0.273368 0.516981 0.489589 0.251512 0.438382
37.000000 0.079479 0.513634 0.201514 0.274857 0.524327 0.489467 0.251827 0.444087
37.200000 0.079586 0.522412 0.201679 0.276425 0.531888 0.489650 0.252128 0.450224
37.400000 0.079784 0.531380 0.202436 0.278246 0.539990 0.489749 0.252498 0.457128
37.600000 0.079795 0.543735 0.202752 0.280308 0.550151 0.489751 0.252959 0.465009
37.800000 0.079913 0.552474 0.203000 0.281760 0.557655 0.489749 0.253081 0.470924
38.000000 0.080097 0.561006 0.203484 0.283383 0.565053 0.489841 0.253348 0.477046
38.200000 0.080035 0.569300 0.203989 0.284897 0.572384 0.489829 0.253868 0.483049
38.400000 0.080098 0.578076 0.204022 0.286473 0.580003 0.489946 0.254023 0.489072
38.600000 0.079803 0.586122 0.204461 0.287939 0.587524 0.489895 0.254297 0.495024
38.800000 0.080145 0.594761 0.204798 0.289329 0.594840 0.490026 0.254601 0.501223
39.000000 0.080242 0.602762 0.205110 0.290717 0.602306 0.489965 0.254872 0.507056
39.200000 0.080119 0.611101 0.205524 0.292100 0.609608 0.490022 0.255208 0.513033
39.400000 0.080271 0.619131 0.205809 0.293623 0.617248 0.489969 0.255564 0.519137
39.600000 0.080277 0.626996 0.206190 0.294946 0.624661 0.490001 0.255795 0.524955
39.800000 0.080279 0.634859 0.206321 0.296221 0.631862 0.489962 0.255919 0.530966
40.000000 0.080339 0.642565 0.206625 0.297710 0.639161 0.490231 0.256056 0.536807
40.200000 0.080391 0.650327 0.206987 0.299117 0.646809 0.490125 0.256670 0.542789
40.400000 0.080394 0.657985 0.207125 0.300311 0.654439 0.490260 0.257030 0.548942
40.600000 0.080460 0.665538 0.207525 0.301671 0.661773 0.490318 0.257180 0.554850
40.800000 0.080526 0.672761 0.207754 0.303007 0.669367 0.490271 0.257478 0.560650
41.000000 0.080494 0.679629 0.208172 0.304374 0.676540 0.490491 0.257877 0.566256
41.200000 0.080294 0.686900 0.208674 0.305774 0.683912 0.490428 0.258369 0.572252
41.400000 0.080526 0.693713 0.208520 0.307109 0.691163 0.490530 0.258623 0.577788
41.600000 0.080535 0.700331 0.209018 0.308371 0.698490 0.490509 0.258904 0.583599
41.800000 0.080514 0.706577 0.209053 0.309529 0.705288 0.490689 0.259215 0.589072
42.000000 0.080589 0.713005 0.209578 0.310731 0.712562 0.490696 0.259454 0.594685
42.200000 0.080448 0.719118 0.209839 0.311936 0.719460 0.490580 0.259795 0.600218
42.400000 0.080619 0.724809 0.210347 0.313151 0.726327 0.490807 0.260022 0.605494
42.600000 0.080675 0.730673 0.210559 0.314465 0.733255 0.490791 0.260429 0.610918
42.800000 0.080630 0.735940 0.210800 0.315552 0.739992 0.490664 0.260649 0.615982
43.000000 0.080656 0.741313 0.210729 0.316843 0.746534 0.490989 0.261074 0.621319
43.200000 0.080479 0.746400 0.211054 0.317943 0.752812 0.490869 0.261343 0.626293
43.400000 0.080667 0.751384 0.211291 0.318940 0.759623 0.490828 0.261566 0.631478
43.600000 0.080676 0.756205 0.211582 0.320131 0.766095 0.490883 0.261794 0.636301
43.800000 0.080783 0.760966 0.211952 0.321558 0.773036 0.490884 0.262001 0.642367
44.000000 0.080587 0.767892 0.212045 0.323282 0.782211 0.490896 0.262488 0.648990
44.200000 0.080734 0.772143 0.212445 0.324399 0.788180 0.491158 0.262760 0.653691
44.400000 0.080748 0.775916 0.212538 0.325400 0.794129 0.491054 0.263192 0.658488
44.600000 0.080777 0.780121 0.212808 0.326621 0.800241 0.491107 0.263508 0.663205
44.800000 0.080767 0.783966 0.213084 0.327726 0.806053 0.491107 0.263730 0.667824
45.000000 0.080738 0.787575 0.213276 0.328584 0.811736 0.491321 0.264044 0.672199
45.200000 0.080789 0.790616 0.213519 0.329673 0.817187 0.491285 0.264302 0.676715
45.400000 0.080600 0.794070 0.213457 0.330645 0.822737 0.491078 0.264445 0.680861
45.600000 0.080671 0.797952 0.213794 0.331841 0.829223 0.491201 0.264765 0.685887
45.800000 0.080804 0.801731 0.214204 0.333240 0.835624 0.491406 0.265328 0.691126
46.000000 0.080792 0.804833 0.214303 0.334213 0.840865 0.491471 0.265564 0.695176
46.200000 0.080806 0.807590 0.214576 0.335448 0.845872 0.491345 0.265892 0.699294
46.400000 0.080767 0.810176 0.214452 0.336185 0.850756 0.491436 0.266006 0.703129
46.600000 0.080798 0.812975 0.214725 0.337242 0.855690 0.491591 0.266352 0.707212
46.800000 0.080799 0.815493 0.215067 0.338411 0.860468 0.491504 0.266954 0.710989
47.000000 0.080754 0.817934 0.215187 0.339190 0.865147 0.491511 0.267103 0.714861
47.200000 0.080794 0.820302 0.215409 0.340290 0.869597 0.491532 0.267268 0.718319
47.400000 0.080645 0.822292 0.215440 0.341209 0.873690 0.491607 0.267729 0.721912
47.600000 0.080776 0.824419 0.215752 0.342239 0.878385 0.491679 0.267898 0.725455
47.800000 0.080782 0.826394 0.215892 0.343189 0.882508 0.491646 0.268168 0.728866
48.000000 0.080865 0.828194 0.216157 0.343950 0.886814 0.491852 0.268473 0.732195
48.200000 0.080737 0.830034 0.216208 0.344954 0.890896 0.491812 0.268745 0.735588
48.400000 0.080786 0.831900 0.216280 0.345797 0.894740 0.491924 0.269134 0.738775
48.600000 0.080770 0.833458 0.216386 0.346881 0.898536 0.491998 0.269251 0.742135
48.800000 0.080647 0.835247 0.216630 0.347741 0.902593 0.491971 0.269529 0.745199
49.000000 0.080796 0.836797 0.216856 0.348682 0.906541 0.491956 0.269876 0.748241
49.200000 0.080464 0.838155 0.216936 0.349377 0.910009 0.491979 0.269935 0.751129
49.400000 0.080863 0.839822 0.217072 0.350299 0.913406 0.492144 0.270348 0.753977
49.600000 0.080823 0.841302 0.217195 0.351355 0.916998 0.492394 0.270645 0.757065
49.800000 0.080825 0.842692 0.217361 0.352029 0.920645 0.492059 0.270882 0.759868
50.000000 0.080845 0.844059 0.217485 0.353147 0.924191 0.492321 0.271274 0.763187
50.200000 0.080814 0.845773 0.217698 0.354392 0.928892 0.491979 0.271493 0.766617
50.400000 0.080760 0.846902 0.217842 0.355291 0.932117 0.492282 0.271890 0.769319
50.600000 0.080683 0.848019 0.217915 0.355845 0.935096 0.492346 0.271893 0.771742
50.800000 0.080823 0.849422 0.218059 0.356950 0.938118 0.492448 0.272226 0.774428
51.000000 0.080775 0.850269 0.218180 0.357716 0.941219 0.492478 0.272655 0.777072
51.200000 0.080817 0.851292 0.218202 0.358431 0.944218 0.492649 0.272862 0.779696
51.400000 0.080830 0.852531 0.218447 0.359447 0.946980 0.492404 0.273238 0.782045
51.600000 0.080998 0.853354 0.218598 0.360366 0.949977 0.492641 0.273479 0.784383
51.800000 0.080637 0.854207 0.218716 0.361082 0.952692 0.492670 0.273714 0.786558
52.000000 0.080853 0.855109 0.218667 0.361832 0.955078 0.492562 0.273997 0.788665
52.200000 0.080839 0.856071 0.218887 0.362647 0.957582 0.492624 0.274116 0.790778
52.400000 0.080794 0.856922 0.219091 0.363249 0.960138 0.492811 0.274566 0.792913
52.600000 0.080833 0.857629 0.219131 0.364263 0.962814 0.492575 0.274702 0.794995
52.800000 0.080740 0.858290 0.219250 0.364979 0.965015 0.492783 0.275104 0.797042
53.000000 0.080808 0.859183 0.219412 0.365831 0.967425 0.492858 0.275217 0.799098
53.200000 0.080794 0.859782 0.219545 0.366486 0.969836 0.492711 0.275325 0.800828
53.400000 0.080789 0.860570 0.219510 0.367217 0.971975 0.492970 0.275610 0.802712
53.600000 0.080770 0.861063 0.219710 0.368046 0.974249 0.492889 0.276024 0.804774
53.800000 0.080813 0.861747 0.219615 0.368826 0.976482 0.492951 0.276265 0.806447
54.000000 0.080769 0.862195 0.219815 0.369563 0.978304 0.492993 0.276538 0.808234
54.200000 0.080788 0.862805 0.219795 0.370036 0.980366 0.492882 0.276876 0.810083
54.400000 0.080796 0.863600 0.219991 0.371062 0.982575 0.493125 0.276968 0.811582
54.600000 0.080765 0.864021 0.220048 0.371590 0.984628 0.493012 0.277330 0.813363
54.800000 0.080794 0.864518 0.220130 0.372415 0.986561 0.493146 0.277515 0.814942
55.000000 0.080781 0.865044 0.220276 0.373088 0.988209 0.493079 0.277571 0.816585
55.200000 0.080783 0.865225 0.220324 0.373608 0.990039 0.493028 0.277959 0.818020
55.400000 0.080804 0.865798 0.220198 0.374365 0.991705 0.493171 0.278025 0.819520
55.600000 0.080774 0.866345 0.220528 0.375080 0.993590 0.493148 0.278413 0.820779
55.800000 0.080831 0.866805 0.220609 0.375889 0.995417 0.493340 0.278714 0.822523
56.000000 0.080769 0.867154 0.220497 0.376483 0.996878 0.493167 0.278893 0.823689
56.200000 0.080814 0.867633 0.220721 0.377336 0.998891 0.493378 0.279108 0.825449
56.400000 0.080729 0.868053 0.220745 0.378116 1.000767 0.493435 0.279470 0.827097
56.600000 0.080757 0.868415 0.220906 0.378826 1.002357 0.493617 0.279566 0.828198
56.800000 0.080733 0.868863 0.220988 0.379544 1.004153 0.493326 0.279922 0.829620
57.000000 0.080692 0.868907 0.221084 0.380104 1.005424 0.493544 0.280148 0.830845
57.200000 0.080749 0.869573 0.221182 0.380822 1.006864 0.493532 0.280360 0.832123
57.400000 0.080683 0.869665 0.221100 0.381440 1.008310 0.493621 0.280582 0.833130
57.600000 0.080573 0.869917 0.221187 0.382034 1.009538 0.493614 0.280547 0.834321
57.800000 0.080685 0.870447 0.221393 0.382557 1.010807 0.493484 0.281006 0.835434
58.000000 0.080686 0.870373 0.221424 0.383260 1.012067 0.493623 0.281250 0.836616
58.200000 0.080666 0.870668 0.221455 0.384037 1.013641 0.493754 0.281417 0.837857
58.400000 0.080752 0.871081 0.221555 0.384384 1.014691 0.493897 0.281553 0.838813
58.600000 0.080695 0.871342 0.221570 0.385216 1.016140 0.493908 0.281946 0.839669
58.800000 0.080670 0.871567 0.221561 0.385716 1.017025 0.493820 0.282083 0.840826
59.000000 0.080673 0.871748 0.221677 0.386249 1.018331 0.493717 0.282326 0.841731
59.200000 0.080725 0.871960 0.221776 0.386707 1.019566 0.493838 0.282531 0.842620
59.400000 0.080569 0.872083 0.221716 0.387478 1.020554 0.493795 0.282598 0.843567
59.600000 0.080727 0.872213 0.221965 0.388085 1.021684 0.494005 0.282991 0.844613
59.800000 0.080752 0.872730 0.221897 0.388615 1.022903 0.493861 0.283198 0.845084
60.000000 0.080745 0.872704 0.222095 0.389022 1.023939 0.493780 0.283275 0.846231
60.200000 0.080726 0.873041 0.222062 0.389781 1.024954 0.493978 0.283603 0.847287
60.400000 0.080870 0.873190 0.222291 0.390422 1.026188 0.493985 0.283847 0.848011
60.600000 0.080632 0.873269 0.222042 0.390977 1.027353 0.494152 0.284075 0.848969
60.800000 0.080747 0.873610 0.222250 0.391627 1.028012 0.494224 0.284376 0.849860
61.000000 0.080616 0.873823 0.222285 0.392005 1.029172 0.494217 0.284497 0.850601
61.200000 0.080775 0.873870 0.222329 0.392562 1.029959 0.494352 0.284628 0.851342
61.400000 0.080583 0.873952 0.222207 0.393369 1.030908 0.494287 0.285004 0.851905
61.600000 0.080853 0.874072 0.222403 0.393800 1.031709 0.494361 0.284977 0.852680
61.800000 0.080713 0.874357 0.222341 0.394149 1.032647 0.494236 0.285255 0.853700
62.000000 0.080693 0.874334 0.222509 0.395019 1.033626 0.494363 0.285365 0.854266
62.200000 0.080691 0.874337 0.222765 0.395373 1.034472 0.494370 0.285639 0.854991
62.400000 0.080668 0.874686 0.222636 0.396087 1.035365 0.494440 0.285835 0.855782
62.600000 0.080576 0.875071 0.222828 0.396729 1.036656 0.494448 0.286226 0.856694
62.800000 0.080686 0.875233 0.222818 0.397222 1.037306 0.494600 0.286329 0.857301
63.000000 0.080715 0.874973 0.222782 0.397788 1.037953 0.494505 0.286607 0.858048
63.200000 0.080575 0.875029 0.222889 0.398300 1.038869 0.494667 0.286866 0.858592
63.400000 0.080677 0.875216 0.222912 0.398854 1.039428 0.494453 0.286924 0.859222
63.600000 0.080509 0.874255 0.222902 0.399326 1.040045 0.494647 0.287162 0.859730
63.800000 0.080708 0.875265 0.222991 0.399841 1.040985 0.494706 0.287242 0.860499
64.000000 0.080739 0.875684 0.222979 0.400538 1.041687 0.494766 0.287519 0.861161
64.200000 0.080751 0.875649 0.223140 0.400701 1.041959 0.494776 0.287668 0.861533
64.400000 0.080585 0.875542 0.223187 0.401332 1.043082 0.494860 0.287847 0.862079
64.600000 0.080710 0.875709 0.223019 0.401818 1.043620 0.494987 0.288231 0.862873
64.800000 0.080735 0.875930 0.223151 0.402371 1.044428 0.494876 0.288296 0.863136
65.000000 0.080768 0.876128 0.223315 0.402757 1.044974 0.494880 0.288461 0.863873
65.200000 0.080738 0.875961 0.223271 0.403354 1.045635 0.494906 0.288511 0.864095
65.400000 0.080675 0.876179 0.223326 0.403708 1.046170 0.494957 0.288971 0.864590
65.600000 0.080662 0.876137 0.223360 0.404239 1.046835 0.494918 0.289031 0.865276
65.800000 0.080683 0.876275 0.223509 0.404654 1.047289 0.494831 0.289274 0.865619
66.000000 0.080697 0.876458 0.223439 0.405125 1.047884 0.495075 0.289375 0.866137
66.200000 0.080640 0.876296 0.223267 0.405502 1.048207 0.494931 0.289497 0.866451
66.400000 0.080869 0.876476 0.223600 0.405935 1.048983 0.495085 0.289676 0.866947
66.600000 0.080703 0.876578 0.223582 0.406552 1.049639 0.495271 0.290056 0.867596
66.800000 0.080570 0.876595 0.223685 0.407040 1.049873 0.495136 0.290027 0.867767
67.000000 0.080714 0.876485 0.223658 0.407584 1.050472 0.495186 0.290238 0.868257
67.200000 0.080708 0.876697 0.223556 0.407782 1.051120 0.495275 0.290474 0.868608
67.400000 0.080664 0.876742 0.223835 0.408319 1.051213 0.495259 0.290615 0.869106
67.600000 0.080649 0.876677 0.223779 0.408914 1.051931 0.495219 0.290817 0.869475
67.800000 0.080656 0.876998 0.223706 0.409352 1.052442 0.495449 0.290868 0.869854
68.000000 0.080682 0.876806 0.223778 0.409704 1.052963 0.495370 0.290927 0.870193
68.200000 0.080706 0.876858 0.223774 0.410080 1.053256 0.495401 0.291166 0.870426
68.400000 0.080677 0.876869 0.223996 0.410475 1.053689 0.495322 0.291533 0.871027
68.600000 0.080570 0.877138 0.223943 0.410932 1.054185 0.495498 0.291700 0.871351
68.800000 0.080822 0.877012 0.223962 0.411459 1.015766 0.495485 0.291864 0.871723
69.000000 0.080644 0.877056 0.223894 0.411737 1.055014 0.495343 0.291979 0.871925
69.200000 0.080580 0.876659 0.224142 0.412337 1.055396 0.495301 0.292197 0.872227
69.400000 0.080644 0.876883 0.224003 0.412548 1.055454 0.495335 0.292220 0.872416
69.600000 0.080662 0.877071 0.224032 0.412940 1.056189 0.495499 0.292490 0.872810
69.800000 0.080667 0.877134 0.224090 0.413569 1.056387 0.495669 0.292665 0.873388
70.000000 0.080680 0.876993 0.224096 0.413934 1.056654 0.495484 0.292751 0.873509
70.200000 0.080647 0.876935 0.224150 0.414218 1.057007 0.495613 0.292921 0.873870
70.400000 0.080657 0.877141 0.224167 0.414597 1.057395 0.495516 0.293103 0.874063
70.600000 0.080525 0.877119 0.224257 0.415224 1.057797 0.495579 0.293129 0.874490
70.800000 0.080653 0.877022 0.224164 0.415439 1.058125 0.495650 0.293367 0.874491
71.000000 0.080702 0.877255 0.224186 0.415832 1.058480 0.495812 0.293550 0.874850
71.200000 0.080693 0.877135 0.224226 0.416212 1.058820 0.495842 0.293601 0.875219
71.400000 0.080677 0.877265 0.224440 0.416603 1.058969 0.495978 0.293944 0.875392
71.600000 0.080771 0.877287 0.224319 0.417159 1.059523 0.495769 0.294182 0.875826
71.800000 0.080706 0.877105 0.224597 0.417577 1.059884 0.495832 0.294260 0.876187
72.000000 0.080792 0.877155 0.224492 0.417820 1.060164 0.495808 0.294378 0.876327
72.200000 0.080574 0.877218 0.224465 0.418205 1.060212 0.495982 0.294563 0.876349
72.400000 0.080659 0.877092 0.224578 0.418472 1.060732 0.495990 0.294547 0.876850
72.600000 0.080667 0.877324 0.224361 0.418928 1.060814 0.495974 0.294791 0.877050
72.800000 0.080677 0.877082 0.224463 0.419432 1.060991 0.496053 0.294937 0.877205
73.000000 0.080862 0.877325 0.224706 0.419313 1.061133 0.495945 0.295054 0.877519
73.200000 0.080543 0.877444 0.224503 0.420063 1.061800 0.496178 0.295391 0.877831
73.400000 0.080685 0.877234 0.224656 0.420395 1.061966 0.496213 0.295374 0.877923
73.600000 0.080630 0.877260 0.224676 0.420730 1.062129 0.496170 0.295422 0.878235
73.800000 0.080580 0.876963 0.224712 0.421035 1.062405 0.496022 0.295684 0.878004
74.000000 0.080679 0.877521 0.224899 0.421524 1.062692 0.496331 0.295729 0.878582
74.200000 0.080706 0.877332 0.224792 0.421928 1.062787 0.496144 0.296019 0.878863
74.400000 0.080667 0.877314 0.224859 0.422271 1.063128 0.496414 0.296041 0.879061
74.600000 0.080710 0.877481 0.224674 0.422852 1.063537 0.496329 0.296293 0.879341
74.800000 0.080707 0.877593 0.224893 0.423002 1.063780 0.496406 0.296393 0.879406
75.000000 0.080663 0.877524 0.224884 0.423326 1.063958 0.496311 0.296522 0.879785
75.200000 0.080599 0.877251 0.224897 0.423638 1.064066 0.496411 0.296579 0.879859
75.400000 0.080615 0.877487 0.224883 0.423966 1.064100 0.496256 0.296931 0.879881
75.600000 0.080600 0.877421 0.224811 0.424466 1.064516 0.496437 0.297052 0.880173
75.800000 0.080612 0.877609 0.225033 0.424737 1.064569 0.496299 0.297069 0.880257
76.000000 0.080677 0.877681 0.224887 0.424896 1.064814 0.496406 0.297249 0.880311
76.200000 0.080686 0.877237 0.225012 0.425490 1.064878 0.496607 0.297388 0.880653
76.400000 0.080680 0.877546 0.225031 0.425786 1.065112 0.496625 0.297658 0.880817
76.600000 0.080652 0.877532 0.224922 0.426030 1.065434 0.496658 0.297642 0.881157
76.800000 0.080655 0.877327 0.225025 0.426359 1.065434 0.496641 0.297734 0.881153
77.000000 0.080666 0.877513 0.225347 0.426865 1.065840 0.496539 0.297897 0.881237
77.200000 0.080663 0.877282 0.225076 0.427166 1.065682 0.496566 0.298013 0.881282
77.400000 0.080639 0.877398 0.225073 0.427315 1.065846 0.496703 0.298072 0.881510
77.600000 0.080668 0.877273 0.225365 0.427725 1.066281 0.496804 0.298214 0.881758
77.800000 0.080632 0.877279 0.225371 0.428113 1.066169 0.496824 0.298385 0.881881
78.000000 0.080658 0.877334 0.225166 0.428457 1.066327 0.496961 0.298527 0.881952
78.200000 0.080639 0.877364 0.225195 0.428658 1.066523 0.496799 0.298471 0.882068
78.400000 0.080606 0.877143 0.225300 0.429052 1.066541 0.496706 0.298798 0.882220
78.600000 0.080631 0.877317 0.225264 0.429319 1.066764 0.496963 0.298888 0.882306
78.800000 0.080662 0.877096 0.225220 0.429661 1.066857 0.496827 0.299003 0.882411
79.000000 0.080622 0.877315 0.225323 0.429848 1.066824 0.496534 0.298551 0.882402
79.200000 0.080634 0.877091 0.225489 0.429995 1.066895 0.496855 0.299088 0.882673
79.400000 0.080606 0.877331 0.225356 0.430435 1.067181 0.496929 0.299323 0.882579
79.600000 0.080645 0.877169 0.225287 0.430648 1.067364 0.496746 0.299395 0.882849
79.800000 0.080633 0.877317 0.225313 0.431211 1.067617 0.496843 0.299535 0.882995
80.000000 0.080618 0.877316 0.225502 0.431417 1.067451 0.496882 0.299725 0.883129
80.200000 0.080636 0.877355 0.225414 0.431708 1.067772 0.497053 0.299750 0.883324
80.400000 0.080686 0.877445 0.225499 0.432069 1.068033 0.497174 0.300031 0.883353
80.600000 0.080631 0.877125 0.225515 0.432282 1.067955 0.497067 0.300129 0.883575
80.800000 0.080599 0.877171 0.225652 0.432693 1.068101 0.496990 0.300153 0.883513
81.000000 0.080662 0.877321 0.225597 0.432813 1.068246 0.497174 0.300220 0.883632
81.200000 0.080699 0.877339 0.225536 0.433124 1.068382 0.497248 0.300306 0.883926
81.400000 0.080623 0.877271 0.225548 0.433457 1.067929 0.497081 0.300508 0.883864
81.600000 0.080637 0.877350 0.225439 0.433639 1.068484 0.497155 0.300715 0.883944
81.800000 0.080513 0.877075 0.225534 0.433881 1.068540 0.497422 0.300614 0.883984
82.000000 0.080699 0.877100 0.225782 0.434197 1.068583 0.497173 0.300847 0.884235
82.200000 0.080643 0.877081 0.225647 0.434445 1.068576 0.497316 0.300943 0.884136
82.400000 0.080696 0.877301 0.225627 0.434820 1.068758 0.497423 0.300931 0.884327
82.600000 0.080620 0.877128 0.225785 0.434996 1.068883 0.497485 0.301149 0.884516
82.800000 0.080573 0.877150 0.225373 0.434959 1.068688 0.497162 0.301313 0.884258
83.000000 0.080569 0.877115 0.225808 0.435377 1.068882 0.497450 0.301335 0.884296
83.200000 0.080580 0.877301 0.225534 0.435662 1.068966 0.497555 0.301436 0.884658
83.400000 0.080561 0.877085 0.225574 0.436066 1.068954 0.497440 0.301525 0.884488
83.600000 0.080565 0.877376 0.225775 0.436292 1.069229 0.497720 0.301588 0.884730
83.800000 0.080544 0.877214 0.225771 0.436366 1.069430 0.497596 0.301741 0.884987
84.000000 0.080417 0.876971 0.225806 0.436556 1.069294 0.497462 0.301678 0.884786
84.200000 0.080420 0.877184 0.225794 0.436864 1.069500 0.497739 0.301951 0.884993
84.400000 0.080673 0.877179 0.225723 0.437079 1.069467 0.497562 0.301993 0.885020
84.600000 0.080580 0.877009 0.225682 0.437545 1.069426 0.497468 0.301874 0.885076
84.800000 0.080574 0.876987 0.225974 0.437536 1.069630 0.497674 0.302208 0.885112
85.000000 0.080578 0.876929 0.225900 0.438051 1.069775 0.497826 0.302190 0.885220
85.200000 0.080585 0.877039 0.225808 0.438147 1.069781 0.497682 0.302367 0.885050
85.400000 0.080338 0.877167 0.225933 0.438372 1.069461 0.497673 0.302385 0.885223
85.600000 0.080567 0.877003 0.225920 0.438491 1.069706 0.497613 0.302568 0.885460
85.800000 0.080447 0.876806 0.225715 0.438694 1.069527 0.497668 0.302432 0.885266
86.000000 0.080585 0.876947 0.225940 0.439049 1.069871 0.497747 0.302732 0.885479
86.200000 0.080616 0.876942 0.225920 0.439171 1.070050 0.497801 0.302755 0.885720
86.400000 0.080594 0.877024 0.225885 0.439416 1.070131 0.497891 0.302793 0.885503
86.600000 0.080609 0.877057 0.226060 0.439732 1.070361 0.497985 0.303177 0.885910
86.800000 0.080646 0.876982 0.225928 0.439991 1.070069 0.497972 0.303144 0.885831
87.000000 0.080593 0.876871 0.226015 0.440149 1.070222 0.497840 0.303170 0.885987
87.200000 0.080607 0.876861 0.226247 0.440475 1.070237 0.497834 0.303322 0.885897
87.400000 0.080589 0.876681 0.225866 0.440520 1.070150 0.497790 0.303223 0.885783
87.600000 0.080546 0.876926 0.225951 0.440941 1.070269 0.497953 0.303350 0.886074
87.800000 0.080569 0.876986 0.226084 0.441147 1.070445 0.498013 0.303519 0.886002
88.000000 0.080702 0.876941 0.226140 0.441382 1.070337 0.497847 0.303541 0.886109
88.200000 0.080552 0.877056 0.226200 0.441664 1.070408 0.498164 0.303751 0.886214
88.400000 0.080685 0.876784 0.226211 0.441772 1.070404 0.498095 0.303848 0.886163
88.600000 0.080439 0.876871 0.226020 0.441948 1.070410 0.498052 0.303886 0.886290
88.800000 0.080463 0.876873 0.226129 0.442098 1.070548 0.498197 0.303957 0.886446
89.000000 0.080588 0.876882 0.226421 0.442448 1.070459 0.498117 0.304099 0.886179
89.200000 0.080541 0.876904 0.226055 0.442640 1.070577 0.497979 0.304164 0.886468
89.400000 0.080519 0.876827 0.226193 0.442861 1.070615 0.498120 0.304280 0.886414
89.600000 0.080540 0.876774 0.226238 0.443078 1.070423 0.498076 0.304332 0.886520
89.800000 0.080389 0.876904 0.225954 0.443294 1.070655 0.498152 0.304353 0.886545
90.000000 0.080494 0.876899 0.226136 0.443445 1.070784 0.498260 0.304474 0.886529
