0.200000 0.054614 0.441703 0.199177 0.279456 0.532078 0.490540 0.278450 0.450199
0.400000 0.054528 0.440543 0.199053 0.278890 0.529628 0.490568 0.278018 0.448293
0.600000 0.054528 0.440179 0.199122 0.278354 0.528237 0.490524 0.277824 0.447217
0.800000 0.054547 0.439492 0.198939 0.278130 0.526635 0.490538 0.277619 0.446046
1.000000 0.054343 0.439078 0.198932 0.277565 0.525099 0.490296 0.277293 0.444833
1.200000 0.054361 0.438495 0.198857 0.277334 0.523611 0.490356 0.277137 0.443677
1.400000 0.054319 0.437909 0.198893 0.276984 0.522258 0.490407 0.276927 0.442620
1.600000 0.054439 0.437388 0.198940 0.276493 0.520673 0.490145 0.276529 0.441358
1.800000 0.054421 0.436856 0.198715 0.276297 0.519313 0.490176 0.276337 0.440471
2.000000 0.054419 0.436380 0.198671 0.275838 0.517842 0.490242 0.276215 0.439231
2.200000 0.054362 0.435697 0.198677 0.275404 0.516420 0.490201 0.275989 0.438168
2.400000 0.054330 0.435308 0.198616 0.275085 0.514833 0.490220 0.275796 0.437008
2.600000 0.054391 0.434762 0.198548 0.274543 0.513411 0.490174 0.275562 0.435867
2.800000 0.054399 0.434274 0.198569 0.274264 0.512165 0.490014 0.275335 0.434986
3.000000 0.054356 0.433703 0.198475 0.273904 0.510597 0.490108 0.275226 0.433695
3.200000 0.054327 0.433264 0.198422 0.273464 0.509352 0.489888 0.274702 0.432720
3.400000 0.054329 0.432621 0.198404 0.273315 0.507857 0.490065 0.274600 0.431761
3.600000 0.054419 0.432207 0.198342 0.272857 0.506635 0.489910 0.274345 0.430586
3.800000 0.054266 0.431678 0.198350 0.272497 0.505179 0.489802 0.274186 0.429525
4.000000 0.054171 0.431206 0.198119 0.272213 0.503997 0.489902 0.273958 0.428487
4.200000 0.054258 0.430737 0.198283 0.271618 0.502570 0.489828 0.273710 0.427538
4.400000 0.054274 0.430268 0.198225 0.271386 0.501100 0.489743 0.234376 0.426418
4.600000 0.054238 0.429722 0.198185 0.271084 0.500141 0.489795 0.273227 0.425491
4.800000 0.054217 0.429362 0.198081 0.270857 0.498509 0.489707 0.273019 0.424380
5.000000 0.054239 0.428981 0.198138 0.270395 0.497287 0.489742 0.272816 0.423449
5.200000 0.054237 0.428435 0.198057 0.269980 0.496088 0.489770 0.272559 0.422430
5.400000 0.054200 0.427892 0.197915 0.269920 0.494691 0.489502 0.272448 0.421313
5.600000 0.054209 0.427678 0.197794 0.269454 0.493465 0.489395 0.272073 0.420467
5.800000 0.054185 0.427074 0.197915 0.269128 0.492193 0.489617 0.272051 0.419588
6.000000 0.054213 0.426588 0.197964 0.268651 0.490767 0.489387 0.271709 0.418588
6.200000 0.054181 0.426084 0.197869 0.268179 0.489647 0.489451 0.271331 0.417520
6.400000 0.054223 0.425790 0.197945 0.268180 0.488249 0.489395 0.271179 0.416339
6.600000 0.054166 0.425072 0.197759 0.267552 0.486450 0.489207 0.270870 0.415064
6.800000 0.053805 0.424529 0.197791 0.267208 0.485174 0.489285 0.270651 0.414177
7.000000 0.054136 0.424090 0.197681 0.267172 0.483975 0.489227 0.270494 0.413159
7.200000 0.054138 0.423837 0.197668 0.266478 0.482695 0.489276 0.270340 0.412378
7.400000 0.053967 0.423126 0.197570 0.266409 0.481466 0.489329 0.269830 0.411373
7.600000 0.054094 0.422795 0.197552 0.266047 0.480270 0.489264 0.269650 0.410475
7.800000 0.054090 0.422422 0.197327 0.265799 0.479152 0.489148 0.269327 0.409644
8.000000 0.054058 0.421965 0.197584 0.265352 0.478004 0.489142 0.269362 0.408718
8.200000 0.054090 0.421742 0.197541 0.265155 0.476771 0.489169 0.269088 0.407776
8.400000 0.054066 0.421276 0.197418 0.264932 0.475739 0.489076 0.268944 0.406927
8.600000 0.054048 0.420897 0.197436 0.264738 0.474608 0.488939 0.268828 0.406185
8.800000 0.054054 0.420464 0.197318 0.264398 0.473440 0.488990 0.268410 0.405151
9.000000 0.054023 0.419950 0.197150 0.264042 0.472401 0.488961 0.268251 0.404299
9.200000 0.053868 0.419470 0.197163 0.263737 0.471239 0.488752 0.268067 0.403396
9.400000 0.054038 0.419286 0.197242 0.263425 0.470200 0.488857 0.267878 0.402660
9.600000 0.053990 0.418952 0.197260 0.263152 0.469076 0.488750 0.267501 0.401831
9.800000 0.053983 0.418325 0.197049 0.262688 0.468095 0.488710 0.267479 0.400920
10.000000 0.053970 0.418219 0.197228 0.262461 0.466777 0.488716 0.267307 0.400148
10.200000 0.053998 0.417718 0.197051 0.262387 0.465734 0.488454 0.267062 0.399365
10.400000 0.053970 0.417385 0.197021 0.262113 0.464821 0.488649 0.266864 0.398377
10.600000 0.053949 0.416976 0.197096 0.261839 0.463846 0.488647 0.266573 0.397762
10.800000 0.053725 0.416509 0.196898 0.261259 0.462608 0.488414 0.266396 0.396643
11.000000 0.053966 0.416130 0.197030 0.261138 0.461667 0.488542 0.266241 0.396216
11.200000 0.053903 0.416019 0.196966 0.260945 0.460622 0.488437 0.265991 0.395274
11.400000 0.053886 0.415582 0.197077 0.260437 0.459698 0.488485 0.265658 0.394700
11.600000 0.053894 0.415341 0.196941 0.260405 0.458547 0.488344 0.265580 0.393944
11.800000 0.053870 0.414840 0.196981 0.260106 0.457507 0.488266 0.265322 0.393021
12.000000 0.053863 0.414361 0.196804 0.259756 0.456431 0.488347 0.264899 0.392284
12.200000 0.053824 0.414101 0.196800 0.259660 0.455617 0.488162 0.265008 0.391535
12.400000 0.053823 0.413578 0.196762 0.259180 0.454556 0.488354 0.264856 0.390813
12.600000 0.053843 0.413210 0.196828 0.259156 0.453463 0.488205 0.264437 0.389852
12.800000 0.053838 0.412791 0.196735 0.258930 0.452574 0.488226 0.264315 0.389140
13.000000 0.053838 0.412782 0.196749 0.258661 0.451785 0.488131 0.264177 0.388516
13.200000 0.053829 0.412386 0.196775 0.258227 0.450866 0.488039 0.264020 0.387870
13.400000 0.053811 0.411996 0.196651 0.258142 0.449838 0.488027 0.263765 0.387198
13.600000 0.053792 0.411827 0.196737 0.257675 0.449008 0.487925 0.263749 0.386384
13.800000 0.053772 0.411402 0.196666 0.257463 0.448031 0.487872 0.263424 0.385677
14.000000 0.053818 0.411165 0.196565 0.257387 0.446982 0.488082 0.263100 0.385126
14.200000 0.053759 0.410925 0.196388 0.257263 0.446494 0.488103 0.262968 0.384659
14.400000 0.053756 0.410507 0.196423 0.256764 0.445818 0.488033 0.262952 0.383922
14.600000 0.053781 0.410190 0.196373 0.256733 0.444666 0.487952 0.262903 0.383232
14.800000 0.053597 0.410045 0.196382 0.256633 0.443906 0.487961 0.262473 0.382680
15.000000 0.053769 0.409802 0.196379 0.256411 0.443162 0.487780 0.262355 0.382187
15.200000 0.053657 0.409420 0.196525 0.256166 0.442254 0.487593 0.262101 0.381389
15.400000 0.053855 0.409121 0.196501 0.256027 0.441509 0.487697 0.262051 0.380754
15.600000 0.053706 0.408786 0.196429 0.255597 0.440823 0.487735 0.261939 0.380141
15.800000 0.053579 0.408496 0.196320 0.255471 0.439760 0.487664 0.261577 0.379542
16.000000 0.053573 0.408287 0.196487 0.255242 0.439076 0.487809 0.261544 0.378884
16.200000 0.053565 0.408052 0.196278 0.255095 0.438113 0.487717 0.261361 0.378268
16.400000 0.053841 0.407825 0.196379 0.254822 0.437446 0.487559 0.261168 0.377533
16.600000 0.053818 0.407560 0.196185 0.254456 0.436832 0.487519 0.260941 0.377042
16.800000 0.053560 0.407209 0.196275 0.254503 0.435929 0.487661 0.260813 0.376514
17.000000 0.053675 0.406736 0.196180 0.254095 0.435112 0.487641 0.260702 0.375940
17.200000 0.053638 0.406621 0.196198 0.254195 0.434332 0.487506 0.260605 0.375508
17.400000 0.053508 0.406213 0.195924 0.253828 0.433606 0.487455 0.260168 0.374713
17.600000 0.053649 0.406096 0.196201 0.253456 0.432804 0.487447 0.260029 0.374157
17.800000 0.053667 0.405643 0.196195 0.253354 0.431881 0.487380 0.259979 0.373667
18.000000 0.053625 0.405653 0.196150 0.253226 0.431311 0.487329 0.260001 0.372973
18.200000 0.053677 0.405375 0.195930 0.253132 0.430504 0.487474 0.259473 0.372315
18.400000 0.053622 0.405102 0.196025 0.252528 0.429706 0.487122 0.259444 0.371812
18.600000 0.053546 0.404747 0.195812 0.252525 0.428863 0.487146 0.259108 0.371221
18.800000 0.053477 0.404495 0.195978 0.252244 0.428170 0.487199 0.259188 0.370770
19.000000 0.053558 0.404117 0.195803 0.251994 0.427227 0.487163 0.258873 0.369750
19.200000 0.053589 0.403773 0.196070 0.251809 0.426203 0.487194 0.258774 0.369263
19.400000 0.053557 0.403663 0.195891 0.251673 0.425746 0.486957 0.258601 0.368949
19.600000 0.053549 0.403434 0.195863 0.251569 0.425041 0.487008 0.258408 0.368281
19.800000 0.053545 0.402894 0.195858 0.251464 0.424223 0.487050 0.258266 0.367681
20.000000 0.053583 0.402848 0.196069 0.251149 0.423691 0.486959 0.258047 0.367130
20.200000 0.053684 0.402496 0.195872 0.250975 0.422853 0.487009 0.257929 0.366474
20.400000 0.053406 0.402339 0.195847 0.250809 0.422241 0.486909 0.257759 0.366204
20.600000 0.053530 0.402140 0.195680 0.250470 0.421572 0.486769 0.257613 0.365732
20.800000 0.053546 0.401795 0.195863 0.250474 0.420897 0.486758 0.257565 0.365050
21.000000 0.053406 0.401733 0.195691 0.250146 0.420166 0.486839 0.257302 0.364524
21.200000 0.053493 0.401162 0.195697 0.250079 0.419480 0.486839 0.257127 0.364037
21.400000 0.053518 0.401106 0.195729 0.249887 0.418865 0.486748 0.256848 0.363568
21.600000 0.053470 0.400868 0.195638 0.249625 0.418158 0.486893 0.256599 0.363001
21.800000 0.053498 0.400726 0.195663 0.249426 0.417506 0.486768 0.256712 0.362410
22.000000 0.053498 0.400420 0.195467 0.249281 0.416869 0.486627 0.256522 0.361955
22.200000 0.053464 0.400234 0.195617 0.249082 0.416132 0.486625 0.256369 0.361352
22.400000 0.053484 0.400076 0.195514 0.248967 0.415637 0.486517 0.256305 0.360985
22.600000 0.053477 0.399759 0.195547 0.248700 0.414816 0.486480 0.256020 0.360511
22.800000 0.053458 0.399412 0.195543 0.248647 0.414171 0.486567 0.255904 0.359876
23.000000 0.053437 0.399321 0.195536 0.248523 0.413657 0.486511 0.255817 0.359511
23.200000 0.053459 0.398992 0.195449 0.248137 0.412793 0.486469 0.255464 0.358996
23.400000 0.053375 0.398594 0.195507 0.248091 0.412298 0.486426 0.255567 0.358699
23.600000 0.053552 0.398485 0.195578 0.247884 0.411530 0.486316 0.255421 0.358090
23.800000 0.053450 0.398318 0.195239 0.247766 0.411203 0.486400 0.255012 0.357475
24.000000 0.053410 0.398017 0.195325 0.247576 0.410388 0.486149 0.254895 0.356949
24.200000 0.053409 0.397840 0.195438 0.247410 0.409721 0.486386 0.254878 0.356733
24.400000 0.053256 0.397648 0.195382 0.247276 0.409136 0.486288 0.254703 0.356240
24.600000 0.053414 0.397622 0.195368 0.247191 0.408695 0.486279 0.254381 0.355705
24.800000 0.053267 0.397267 0.195308 0.246826 0.408126 0.486146 0.254269 0.355248
25.000000 0.053408 0.396986 0.156308 0.246809 0.407335 0.486180 0.254314 0.354586
25.200000 0.053241 0.396590 0.195267 0.246468 0.406733 0.485966 0.253675 0.354115
25.400000 0.053403 0.396527 0.195280 0.246300 0.406089 0.485998 0.253935 0.353818
25.600000 0.053254 0.396294 0.195250 0.246240 0.405675 0.486129 0.253845 0.353516
25.800000 0.053322 0.396155 0.195287 0.246062 0.404911 0.485705 0.253621 0.352802
26.000000 0.053397 0.395907 0.195310 0.245969 0.404347 0.485848 0.253474 0.352541
26.200000 0.053386 0.395785 0.195009 0.245675 0.403732 0.485951 0.253043 0.351870
26.400000 0.053377 0.395635 0.195231 0.245374 0.403133 0.485942 0.253230 0.351610
26.600000 0.053365 0.395183 0.195032 0.245249 0.402594 0.485752 0.253105 0.351175
26.800000 0.053362 0.395074 0.194966 0.245212 0.401971 0.485820 0.252920 0.350778
27.000000 0.053443 0.394796 0.195045 0.245141 0.401495 0.485789 0.252825 0.350326
27.200000 0.053350 0.394487 0.195128 0.244939 0.401033 0.485802 0.252699 0.349938
27.400000 0.053365 0.394357 0.195142 0.244784 0.400436 0.485719 0.252545 0.349560
27.600000 0.053152 0.394324 0.195084 0.244470 0.399868 0.485703 0.252427 0.349010
27.800000 0.053329 0.394011 0.194891 0.244348 0.399264 0.485612 0.252177 0.348803
28.000000 0.053340 0.393845 0.194944 0.244310 0.398784 0.485638 0.252132 0.348249
28.200000 0.053337 0.393593 0.194858 0.244187 0.398182 0.485415 0.251957 0.347834
28.400000 0.053344 0.393435 0.194970 0.243893 0.397751 0.485395 0.251898 0.347329
28.600000 0.053266 0.393186 0.194985 0.243976 0.396938 0.485404 0.251599 0.346959
28.800000 0.053318 0.393190 0.195086 0.243782 0.396577 0.485581 0.251659 0.346638
29.000000 0.053348 0.392783 0.194914 0.243543 0.396009 0.485259 0.251427 0.346299
29.200000 0.053328 0.392615 0.194902 0.243581 0.395566 0.485306 0.251164 0.345770
29.400000 0.053320 0.392714 0.194868 0.243314 0.395057 0.485418 0.251129 0.345402
29.600000 0.053300 0.392329 0.194934 0.243210 0.394532 0.485355 0.251062 0.345044
29.800000 0.053303 0.392150 0.194792 0.242953 0.393952 0.485286 0.250955 0.344660
30.000000 0.053294 0.392126 0.194722 0.242909 0.393331 0.485213 0.250821 0.344163
30.200000 0.053261 0.391873 0.194623 0.242590 0.393090 0.485238 0.250505 0.343803
30.400000 0.053340 0.391662 0.194803 0.242694 0.392607 0.485185 0.250585 0.343496
30.600000 0.053355 0.391468 0.194811 0.242391 0.391958 0.485176 0.250254 0.343062
30.800000 0.053564 0.391200 0.194801 0.242421 0.391195 0.485165 0.250117 0.342612
31.000000 0.054178 0.391045 0.194765 0.242200 0.390910 0.485159 0.250220 0.342264
31.200000 0.055122 0.390927 0.194837 0.242069 0.390503 0.485092 0.249948 0.342065
31.400000 0.056767 0.390726 0.194744 0.241979 0.390230 0.484642 0.249710 0.341832
31.600000 0.058265 0.390512 0.194808 0.241873 0.390170 0.484875 0.249817 0.341909
31.800000 0.059897 0.390449 0.194747 0.241946 0.390638 0.484893 0.249751 0.342088
32.000000 0.061536 0.390478 0.194787 0.242051 0.391645 0.484835 0.249696 0.342786
32.200000 0.063310 0.390818 0.194905 0.242402 0.392780 0.484974 0.249915 0.343754
32.400000 0.065039 0.391328 0.194948 0.242475 0.394670 0.484925 0.249911 0.345012
32.600000 0.066679 0.392023 0.194989 0.243091 0.397018 0.484999 0.249653 0.346680
32.800000 0.068192 0.393167 0.195103 0.243695 0.399952 0.485043 0.249817 0.348864
33.000000 0.069602 0.394481 0.195202 0.244686 0.403684 0.484963 0.250064 0.351532
33.200000 0.070855 0.396670 0.195540 0.245672 0.407656 0.485190 0.250211 0.354382
33.400000 0.071880 0.399163 0.195756 0.246899 0.412079 0.484936 0.250363 0.357776
33.600000 0.072950 0.402261 0.195976 0.248207 0.417084 0.485020 0.250448 0.361339
33.800000 0.074074 0.405920 0.196489 0.249655 0.422617 0.485082 0.250782 0.365406
34.000000 0.074784 0.410435 0.196884 0.251422 0.428195 0.484942 0.250798 0.369673
34.200000 0.075751 0.415441 0.197370 0.253229 0.434299 0.485169 0.251303 0.374216
34.400000 0.076410 0.421060 0.197809 0.255079 0.440890 0.485127 0.251607 0.378891
34.600000 0.077001 0.427172 0.198124 0.256820 0.447487 0.485194 0.251688 0.384061
34.800000 0.077624 0.434076 0.198791 0.258929 0.454460 0.485209 0.252031 0.389375
35.000000 0.077963 0.440952 0.198866 0.260396 0.461369 0.484861 0.252036 0.394459
35.200000 0.078382 0.450181 0.199261 0.262784 0.470395 0.485060 0.252250 0.401402
35.400000 0.078705 0.459696 0.199778 0.265124 0.478951 0.485039 0.252807 0.408472
35.600000 0.079252 0.467780 0.200420 0.267063 0.486325 0.485245 0.253213 0.413962
35.800000 0.079571 0.475954 0.200869 0.268778 0.493894 0.485243 0.253456 0.419760
36.000000 0.079578 0.484348 0.201155 0.270602 0.501303 0.485357 0.253676 0.425454
36.200000 0.079994 0.493287 0.201473 0.272369 0.508785 0.485477 0.254056 0.431439
36.400000 0.080222 0.501941 0.201956 0.274085 0.516505 0.485318 0.254387 0.437506
36.600000 0.080353 0.510624 0.202303 0.275651 0.523859 0.485473 0.254726 0.443565
36.800000 0.080522 0.519462 0.202733 0.277475 0.531673 0.485394 0.255120 0.449475
37.000000 0.080616 0.528619 0.202966 0.278912 0.539277 0.485537 0.255300 0.455658
37.200000 0.080602 0.537434 0.203469 0.280672 0.547211 0.485458 0.255651 0.461798
37.400000 0.080886 0.549758 0.203884 0.282756 0.557514 0.485568 0.256059 0.470557
37.600000 0.080979 0.558330 0.204304 0.284321 0.565406 0.485703 0.255835 0.476519
37.800000 0.081089 0.567865 0.204483 0.285881 0.573323 0.485631 0.256648 0.483053
38.000000 0.081157 0.576595 0.204963 0.287614 0.581229 0.485834 0.256847 0.489324
38.200000 0.080990 0.584864 0.205305 0.288943 0.589198 0.485983 0.257153 0.495656
38.400000 0.081188 0.594190 0.205674 0.290256 0.597004 0.485615 0.257655 0.501950
38.600000 0.081304 0.603554 0.206137 0.292164 0.605459 0.485967 0.257939 0.508715
38.800000 0.081459 0.612151 0.206434 0.293478 0.612959 0.485892 0.258259 0.514910
39.000000 0.081391 0.620833 0.206832 0.294982 0.620936 0.485873 0.258516 0.521127
39.200000 0.081338 0.629233 0.207283 0.296421 0.628879 0.485957 0.258853 0.527359
39.400000 0.081538 0.637766 0.207383 0.297929 0.636863 0.486014 0.259186 0.533786
39.600000 0.081542 0.646084 0.207819 0.299287 0.644727 0.486018 0.259366 0.540086
39.800000 0.081581 0.654237 0.208002 0.300745 0.652309 0.486000 0.259809 0.546158
40.000000 0.081596 0.662366 0.208583 0.301983 0.660423 0.486125 0.260154 0.552492
40.200000 0.081501 0.670248 0.208648 0.303525 0.668238 0.486207 0.260420 0.558479
40.400000 0.081670 0.677870 0.209180 0.304830 0.676264 0.486258 0.260819 0.564747
40.600000 0.081706 0.685737 0.209215 0.306174 0.683969 0.486196 0.261151 0.570853
40.800000 0.081760 0.693437 0.209695 0.307747 0.691917 0.486388 0.261415 0.577127
41.000000 0.081734 0.700671 0.209683 0.308770 0.699587 0.486371 0.261833 0.583189
41.200000 0.081760 0.707930 0.210348 0.310326 0.707501 0.486476 0.262225 0.589256
41.400000 0.081803 0.715079 0.210562 0.311611 0.715480 0.486348 0.262567 0.595373
41.600000 0.081788 0.721933 0.210835 0.312843 0.723096 0.486556 0.262692 0.601348
41.800000 0.081783 0.728452 0.211158 0.314227 0.730336 0.486348 0.262937 0.606898
42.000000 0.081673 0.734987 0.211454 0.315677 0.737815 0.486507 0.263487 0.612885
42.200000 0.081939 0.741232 0.211753 0.316849 0.745361 0.486821 0.263790 0.618432
42.400000 0.081887 0.747152 0.212087 0.318103 0.752617 0.486605 0.264182 0.624046
42.600000 0.081868 0.752738 0.212175 0.319502 0.759767 0.486457 0.264005 0.629447
42.800000 0.081878 0.758638 0.212528 0.320654 0.767090 0.486770 0.264638 0.635161
43.000000 0.081741 0.763669 0.212727 0.321649 0.773929 0.486763 0.265123 0.640590
43.200000 0.081797 0.769376 0.213096 0.323074 0.780968 0.486736 0.265372 0.646104
43.400000 0.081873 0.774287 0.212898 0.324304 0.787876 0.487019 0.265708 0.651298
43.600000 0.081788 0.779331 0.213552 0.325512 0.795267 0.487028 0.266062 0.657405
43.800000 0.081937 0.786256 0.213824 0.327169 0.804464 0.487199 0.266491 0.664241
44.000000 0.081992 0.790482 0.214221 0.328395 0.811102 0.486966 0.266486 0.669260
44.200000 0.081967 0.794875 0.214351 0.329449 0.817435 0.487180 0.267142 0.674461
44.400000 0.081924 0.798786 0.214576 0.330771 0.823773 0.487067 0.267348 0.679427
44.600000 0.081944 0.802987 0.214769 0.331821 0.830082 0.487347 0.267655 0.684356
44.800000 0.081796 0.806947 0.215053 0.332795 0.835903 0.487068 0.268120 0.688987
45.000000 0.081959 0.810421 0.215206 0.334088 0.841981 0.487341 0.268351 0.693687
45.200000 0.081926 0.813609 0.215351 0.335144 0.847853 0.487320 0.268617 0.698214
45.400000 0.081962 0.817082 0.215575 0.336269 0.853428 0.487215 0.268913 0.702715
45.600000 0.081986 0.859292 0.215851 0.337437 0.859155 0.487408 0.269232 0.707231
45.800000 0.082001 0.823253 0.215837 0.338440 0.864577 0.487378 0.269588 0.711618
46.000000 0.081991 0.826407 0.216203 0.339545 0.870015 0.487390 0.269780 0.715811
46.200000 0.082003 0.829140 0.216301 0.340564 0.874958 0.487374 0.270203 0.720024
46.400000 0.081985 0.831607 0.216567 0.341405 0.879990 0.487524 0.270466 0.724031
46.600000 0.081994 0.834347 0.216792 0.342645 0.885360 0.487582 0.270759 0.728088
46.800000 0.082034 0.836778 0.216833 0.343719 0.890090 0.487527 0.271101 0.732218
47.000000 0.082034 0.839164 0.217197 0.344577 0.895016 0.487673 0.271343 0.736150
47.200000 0.082049 0.841234 0.217348 0.345719 0.899580 0.487309 0.271661 0.739762
47.400000 0.082020 0.843418 0.217462 0.346633 0.904205 0.487788 0.271857 0.743437
47.600000 0.081696 0.845603 0.217703 0.347880 0.908945 0.487899 0.272291 0.747407
47.800000 0.082064 0.847737 0.217876 0.348567 0.913329 0.487872 0.272445 0.751135
48.000000 0.082028 0.849549 0.218039 0.349686 0.917522 0.487865 0.272973 0.754529
48.200000 0.082052 0.851524 0.217958 0.350611 0.921750 0.487949 0.273247 0.757948
48.400000 0.082060 0.853145 0.218253 0.351574 0.925816 0.488082 0.273457 0.761315
48.600000 0.082017 0.854874 0.218288 0.352432 0.929619 0.487785 0.273703 0.764706
48.800000 0.082228 0.856542 0.218568 0.353406 0.933576 0.488085 0.274104 0.767697
49.000000 0.082085 0.858027 0.218780 0.354396 0.976488 0.487877 0.274327 0.771109
49.200000 0.082057 0.859692 0.218912 0.355226 0.941435 0.488042 0.274603 0.774188
49.400000 0.082054 0.861088 0.219205 0.356223 0.944731 0.487987 0.274822 0.777115
49.600000 0.082073 0.862537 0.219038 0.357053 0.948365 0.488401 0.275048 0.780211
49.800000 0.082033 0.863947 0.219401 0.358004 0.951878 0.488196 0.275503 0.783072
50.000000 0.082068 0.865581 0.219318 0.359141 0.955833 0.488265 0.275820 0.786288
50.200000 0.081981 0.866546 0.219646 0.359804 0.959284 0.488204 0.276018 0.789176
50.400000 0.082077 0.867838 0.219604 0.360757 0.962578 0.488365 0.276191 0.792009
50.600000 0.082051 0.868887 0.219748 0.361790 0.966137 0.488373 0.276716 0.794925
50.800000 0.082067 0.870094 0.219984 0.362679 0.968869 0.488309 0.277079 0.797567
51.000000 0.082057 0.871391 0.220184 0.363439 0.971919 0.488386 0.277225 0.800126
51.200000 0.082194 0.872422 0.220244 0.364524 0.975226 0.488468 0.277379 0.802394
51.400000 0.082060 0.873352 0.220212 0.365248 0.978059 0.488438 0.277798 0.804979
51.600000 0.082051 0.874203 0.220396 0.366080 0.980824 0.488629 0.277891 0.807331
51.800000 0.082024 0.875213 0.220502 0.366845 0.983721 0.488600 0.278410 0.809823
52.000000 0.081921 0.875901 0.220574 0.367817 0.986356 0.488574 0.278620 0.812183
52.200000 0.082045 0.876795 0.220853 0.368583 0.989034 0.488659 0.278733 0.814169
52.400000 0.082065 0.877543 0.221018 0.369363 0.991458 0.488693 0.279087 0.816373
52.600000 0.082055 0.878568 0.221076 0.370224 0.994084 0.488614 0.279530 0.818535
52.800000 0.082036 0.879070 0.221000 0.371034 0.996677 0.488762 0.279655 0.820736
53.000000 0.082242 0.879915 0.221221 0.371778 0.998899 0.488888 0.279954 0.822826
53.200000 0.082055 0.880529 0.221359 0.372619 1.001032 0.488774 0.280295 0.824726
53.400000 0.082029 0.881155 0.221449 0.373263 1.003543 0.488780 0.280499 0.826640
53.600000 0.081810 0.881852 0.221695 0.374072 1.005697 0.488929 0.280758 0.828616
53.800000 0.082037 0.882709 0.221558 0.374776 1.007931 0.488949 0.281006 0.830297
54.000000 0.082050 0.883117 0.221800 0.375776 1.010078 0.488896 0.281268 0.832239
54.200000 0.082010 0.883709 0.221733 0.376503 1.011979 0.489072 0.281369 0.834010
54.400000 0.082009 0.884181 0.221975 0.377106 1.014071 0.488904 0.281805 0.835580
54.600000 0.082003 0.884667 0.221988 0.377935 1.016175 0.489225 0.282084 0.837257
54.800000 0.082025 0.885307 0.222126 0.378600 1.018005 0.489328 0.282179 0.839018
55.000000 0.082038 0.885772 0.222255 0.379411 1.019917 0.489102 0.282552 0.840716
55.200000 0.082020 0.886370 0.222213 0.380069 1.021813 0.489153 0.282704 0.841934
55.400000 0.081916 0.886501 0.222352 0.380802 1.023507 0.489082 0.283018 0.843720
55.600000 0.082043 0.887207 0.222392 0.381610 1.025291 0.489326 0.283333 0.845194
55.800000 0.081950 0.887485 0.222495 0.382357 1.026961 0.489290 0.283458 0.846570
56.000000 0.082042 0.887784 0.222657 0.383059 1.028791 0.489360 0.283964 0.848281
56.200000 0.082055 0.888438 0.222653 0.383788 1.030867 0.489265 0.284095 0.849773
56.400000 0.082026 0.888744 0.222888 0.384466 1.032260 0.489339 0.284368 0.851196
56.600000 0.081958 0.889142 0.222794 0.385108 1.033653 0.489463 0.284505 0.852421
56.800000 0.082001 0.888761 0.222774 0.385832 1.035125 0.489503 0.284836 0.853774
57.000000 0.082029 0.889833 0.223054 0.386417 1.036973 0.489428 0.285080 0.855051
57.200000 0.082049 0.889967 0.222905 0.387166 1.038660 0.489576 0.285336 0.856449
57.400000 0.082045 0.890626 0.223216 0.387814 1.040011 0.489798 0.285635 0.857768
57.600000 0.082015 0.890730 0.223086 0.388489 1.041295 0.489726 0.285794 0.858722
57.800000 0.082148 0.891230 0.223336 0.389107 1.042774 0.489736 0.285847 0.859834
58.000000 0.081987 0.891282 0.223464 0.389860 1.044014 0.489742 0.286402 0.861092
58.200000 0.081838 0.891668 0.223339 0.390426 1.045334 0.489740 0.286294 0.862218
58.400000 0.081971 0.891890 0.223528 0.391138 1.046694 0.489910 0.286650 0.863422
58.600000 0.081918 0.891959 0.223531 0.391469 1.047804 0.489794 0.286812 0.864189
58.800000 0.081966 0.892571 0.223572 0.392378 1.049071 0.489883 0.287016 0.865558
59.000000 0.082065 0.892502 0.223830 0.392957 1.050120 0.489821 0.287244 0.866444
59.200000 0.082006 0.892709 0.223708 0.393604 1.051508 0.489778 0.287510 0.867325
59.400000 0.081822 0.893011 0.223860 0.394279 1.052629 0.489861 0.287648 0.868382
59.600000 0.081985 0.893348 0.223880 0.394894 1.053766 0.490030 0.288017 0.869389
59.800000 0.081972 0.893468 0.223879 0.395417 1.054784 0.490062 0.288166 0.870213
60.000000 0.082008 0.893709 0.223897 0.396063 1.055762 0.490105 0.288446 0.871021
60.200000 0.081810 0.893880 0.224063 0.396500 1.057015 0.490110 0.288697 0.872141
60.400000 0.082084 0.894134 0.224261 0.397213 1.058164 0.490220 0.288920 0.872909
60.600000 0.081955 0.894404 0.224265 0.397860 1.058998 0.490097 0.289277 0.873745
60.800000 0.081995 0.894498 0.224432 0.398391 1.059783 0.490139 0.289608 0.874760
61.000000 0.081763 0.894753 0.224193 0.398986 1.060975 0.490334 0.289485 0.875666
61.200000 0.081959 0.894531 0.224454 0.399641 1.062034 0.490286 0.289822 0.876382
61.400000 0.081980 0.895043 0.224417 0.400165 1.062918 0.490331 0.290068 0.877149
61.600000 0.082011 0.895122 0.224503 0.400748 1.063979 0.490301 0.290297 0.877916
61.800000 0.082005 0.895274 0.224515 0.401378 1.065014 0.490457 0.290472 0.878711
62.000000 0.081833 0.895321 0.224567 0.401905 1.065798 0.490479 0.290678 0.879288
62.200000 0.081943 0.895460 0.224729 0.402526 1.066658 0.490482 0.290896 0.880408
62.400000 0.081986 0.895576 0.224698 0.403283 1.067763 0.490496 0.291079 0.881067
62.600000 0.081972 0.895657 0.224736 0.403890 1.068381 0.490269 0.291552 0.881831
62.800000 0.081990 0.895864 0.224834 0.404217 1.069222 0.490556 0.291632 0.882443
63.000000 0.082088 0.895885 0.224800 0.404942 1.070004 0.490477 0.291806 0.883073
63.200000 0.082075 0.896153 0.225014 0.405370 1.070610 0.490859 0.292056 0.883649
63.400000 0.082058 0.896040 0.224888 0.405940 1.071497 0.490639 0.292078 0.884273
63.600000 0.081827 0.896202 0.224827 0.406408 1.072368 0.490775 0.292482 0.884861
63.800000 0.082045 0.896218 0.225033 0.407063 1.072971 0.490714 0.292580 0.885442
64.000000 0.081808 0.896424 0.225147 0.407528 1.073522 0.490636 0.292943 0.886123
64.200000 0.082052 0.896370 0.224937 0.407984 1.074178 0.490821 0.293018 0.886676
64.400000 0.081898 0.896507 0.225202 0.408615 1.074634 0.490654 0.293063 0.887029
64.600000 0.081901 0.896782 0.225273 0.409004 1.075690 0.490979 0.293283 0.887718
64.800000 0.081887 0.896695 0.225206 0.409540 1.076176 0.490961 0.293503 0.888100
65.000000 0.081851 0.896811 0.225263 0.409854 1.076586 0.490744 0.293824 0.888604
65.200000 0.081870 0.896741 0.225332 0.410470 1.077186 0.490943 0.293921 0.888997
65.400000 0.081827 0.896756 0.225473 0.410993 1.077680 0.490996 0.294125 0.889729
65.600000 0.081859 0.896706 0.225306 0.411435 1.078208 0.491017 0.294415 0.890172
65.800000 0.081760 0.896873 0.225478 0.411856 1.079034 0.491084 0.294589 0.890511
66.000000 0.081858 0.896838 0.225437 0.412415 1.079484 0.491064 0.294688 0.890816
66.200000 0.081874 0.896782 0.225560 0.413031 1.079880 0.491097 0.294927 0.891293
66.400000 0.081915 0.896953 0.225562 0.413341 1.080479 0.491262 0.295166 0.892134
66.600000 0.081911 0.896983 0.225621 0.413750 1.081098 0.491287 0.295357 0.892302
66.800000 0.081918 0.897095 0.225701 0.414357 1.081650 0.491221 0.295416 0.892837
67.000000 0.081912 0.896983 0.225803 0.414857 1.082071 0.491324 0.295830 0.893100
67.200000 0.081922 0.896956 0.225651 0.414987 1.082429 0.491226 0.295784 0.893515
67.400000 0.081815 0.897159 0.225775 0.415745 1.082851 0.491197 0.296037 0.893924
67.600000 0.081932 0.897110 0.225921 0.416194 1.083286 0.491225 0.296217 0.894184
67.800000 0.081900 0.897299 0.225871 0.416710 1.083906 0.491404 0.296379 0.894731
68.000000 0.081908 0.897137 0.225848 0.416905 1.084131 0.491234 0.296195 0.894862
68.200000 0.081877 0.897353 0.225980 0.417482 1.084668 0.491462 0.296633 0.895486
68.400000 0.081847 0.897095 0.225912 0.418025 1.085017 0.491472 0.296874 0.895662
68.600000 0.081867 0.897172 0.226008 0.418664 1.085442 0.491388 0.297222 0.896127
68.800000 0.081889 0.897159 0.226131 0.418974 1.085884 0.491547 0.297248 0.896427
69.000000 0.081856 0.897352 0.225992 0.419341 1.086404 0.491769 0.297484 0.896847
69.200000 0.081892 0.896939 0.225940 0.419644 1.086534 0.491585 0.297611 0.896997
69.400000 0.081894 0.897499 0.226120 0.420298 1.086899 0.491619 0.297962 0.897455
69.600000 0.081834 0.897171 0.226140 0.420651 1.087238 0.491539 0.297934 0.897583
69.800000 0.081871 0.897222 0.226169 0.420878 1.087739 0.491511 0.298008 0.898196
70.000000 0.081869 0.897445 0.226143 0.421414 1.087824 0.491646 0.298305 0.898280
70.200000 0.081885 0.897216 0.226265 0.422050 1.088355 0.491776 0.298473 0.898662
70.400000 0.081851 0.897277 0.226338 0.422334 1.088619 0.491920 0.298559 0.898984
70.600000 0.081842 0.897306 0.226334 0.422542 1.088992 0.491682 0.298756 0.899059
70.800000 0.081876 0.897353 0.226315 0.423205 1.089301 0.491834 0.298970 0.899470
71.000000 0.081850 0.897337 0.226491 0.423510 1.089507 0.492081 0.299110 0.899421
71.200000 0.081845 0.897261 0.226412 0.423993 1.089891 0.491888 0.299360 0.899826
71.400000 0.081869 0.897483 0.226417 0.424434 1.090155 0.491989 0.299504 0.900218
71.600000 0.081884 0.897514 0.226470 0.424771 1.090104 0.491909 0.299642 0.900394
71.800000 0.081916 0.897473 0.226549 0.425124 1.090641 0.492000 0.299703 0.900698
72.000000 0.081791 0.897367 0.226595 0.425620 1.090978 0.492005 0.299869 0.900966
72.200000 0.081919 0.897497 0.226448 0.425942 1.091374 0.491953 0.300128 0.901293
72.400000 0.081877 0.897277 0.226613 0.426216 1.091506 0.492112 0.300267 0.901519
72.600000 0.081890 0.897139 0.226465 0.426768 1.091595 0.492157 0.300381 0.901577
72.800000 0.081919 0.897440 0.226730 0.427012 1.092114 0.492371 0.300571 0.902038
73.000000 0.081913 0.897402 0.226718 0.427638 1.092159 0.492358 0.300851 0.902190
73.200000 0.081849 0.897519 0.226692 0.427765 1.092501 0.492204 0.300790 0.902156
73.400000 0.081939 0.897444 0.226858 0.428404 1.092703 0.492318 0.300908 0.902557
73.600000 0.081857 0.897486 0.226849 0.428675 1.093135 0.492370 0.301206 0.902712
73.800000 0.081888 0.897273 0.226806 0.429053 1.093001 0.492005 0.301353 0.902936
74.000000 0.081922 0.897288 0.226872 0.429297 1.093373 0.492536 0.301393 0.903153
74.200000 0.081918 0.897626 0.226768 0.429860 1.054756 0.492548 0.301551 0.903404
74.400000 0.081924 0.897494 0.226840 0.430225 1.093969 0.492305 0.301812 0.903695
74.600000 0.081896 0.897569 0.227004 0.430474 1.094265 0.492482 0.301803 0.903900
74.800000 0.081938 0.897403 0.226970 0.430992 1.094139 0.492431 0.302100 0.903862
75.000000 0.081797 0.897650 0.226988 0.431327 1.094601 0.492438 0.302173 0.904089
75.200000 0.081908 0.897593 0.226958 0.431540 1.094697 0.492615 0.302350 0.904281
75.400000 0.081825 0.897380 0.227057 0.432116 1.094775 0.492401 0.302526 0.904509
75.600000 0.081880 0.897657 0.226953 0.432388 1.094849 0.492675 0.302715 0.904736
75.800000 0.081842 0.897547 0.227000 0.432689 1.095424 0.492724 0.302885 0.904847
76.000000 0.081874 0.897424 0.227107 0.433070 1.095407 0.492623 0.302736 0.904849
76.200000 0.081930 0.897309 0.227100 0.433365 1.095416 0.492820 0.303063 0.905060
76.400000 0.081892 0.897495 0.227132 0.433706 1.095568 0.492747 0.303165 0.905318
76.600000 0.081864 0.897603 0.227091 0.434048 1.095654 0.492816 0.303329 0.905321
76.800000 0.081875 0.897440 0.226785 0.434238 1.095875 0.492847 0.303398 0.905714
77.000000 0.081885 0.897439 0.227351 0.434746 1.095969 0.492734 0.303639 0.905911
77.200000 0.081802 0.897393 0.227249 0.435063 1.095910 0.492930 0.303720 0.906056
77.400000 0.081846 0.897476 0.227262 0.435029 1.096134 0.492715 0.303847 0.905919
77.600000 0.081874 0.897410 0.227354 0.435786 1.096468 0.492945 0.304064 0.906083
77.800000 0.081875 0.897381 0.227310 0.436087 1.096449 0.492879 0.304101 0.906431
78.000000 0.081908 0.897501 0.227303 0.436488 1.096575 0.492967 0.304157 0.906535
78.200000 0.082080 0.897489 0.227273 0.436756 1.096730 0.493133 0.304278 0.906648
78.400000 0.081915 0.897338 0.227234 0.436922 1.096892 0.492883 0.304489 0.906615
78.600000 0.081854 0.897318 0.227489 0.437288 1.097077 0.493149 0.304632 0.906766
78.800000 0.081909 0.897363 0.227402 0.437632 1.097180 0.493037 0.304643 0.906922
79.000000 0.081880 0.897285 0.227435 0.438048 1.097248 0.493133 0.304747 0.907105
79.200000 0.082002 0.897244 0.227389 0.438362 1.097305 0.493028 0.304915 0.906902
79.400000 0.081889 0.897095 0.227503 0.438560 1.097195 0.493016 0.305125 0.907252
79.600000 0.081878 0.897228 0.227631 0.438954 1.097458 0.493110 0.305309 0.907425
79.800000 0.081884 0.897185 0.227656 0.439093 1.097555 0.493165 0.305186 0.907552
80.000000 0.081704 0.897193 0.227652 0.439375 1.097710 0.493056 0.305472 0.907607
80.200000 0.081912 0.897294 0.227624 0.439880 1.097680 0.493209 0.305629 0.907777
80.400000 0.081907 0.897390 0.227551 0.440190 1.098017 0.493387 0.305705 0.907962
80.600000 0.081855 0.897512 0.227515 0.440552 1.098129 0.493295 0.305806 0.908001
80.800000 0.081882 0.897322 0.227627 0.440831 1.098134 0.493403 0.305947 0.908097
81.000000 0.081867 0.897508 0.227691 0.441044 1.098238 0.493355 0.306054 0.908076
81.200000 0.081857 0.897333 0.227827 0.441334 1.098284 0.493372 0.306152 0.908294
81.400000 0.081725 0.897225 0.227712 0.441628 1.098187 0.493619 0.306364 0.908426
81.600000 0.081884 0.897347 0.227670 0.441817 1.098447 0.493341 0.306281 0.908362
81.800000 0.081874 0.897272 0.227683 0.442151 1.098395 0.493419 0.306459 0.908607
82.000000 0.081881 0.897333 0.227773 0.442317 1.098332 0.493549 0.306566 0.908641
82.200000 0.081888 0.897222 0.227802 0.442805 1.098538 0.493611 0.306683 0.908703
82.400000 0.081924 0.897409 0.227783 0.442948 1.098775 0.493500 0.306751 0.908675
82.600000 0.081907 0.897446 0.227716 0.443257 1.098725 0.493561 0.306952 0.908916
82.800000 0.081899 0.897645 0.227815 0.443496 1.098716 0.493773 0.306867 0.909056
83.000000 0.081888 0.897449 0.227689 0.443838 1.098899 0.493481 0.307200 0.909041
83.200000 0.081782 0.897386 0.227876 0.443914 1.098997 0.493636 0.307129 0.909184
83.400000 0.081809 0.897380 0.227896 0.444223 1.099075 0.493757 0.307341 0.909315
83.600000 0.081934 0.897382 0.227886 0.444726 1.099227 0.493529 0.307484 0.909309
83.800000 0.081896 0.897346 0.227895 0.444793 1.099010 0.493700 0.307584 0.909234
84.000000 0.081891 0.897274 0.227973 0.445136 1.099206 0.493727 0.307661 0.909481
84.200000 0.081872 0.897306 0.227919 0.445311 1.099330 0.493802 0.307592 0.909717
84.400000 0.081865 0.897185 0.228060 0.445605 1.099247 0.493662 0.307897 0.909587
84.600000 0.081833 0.897347 0.228070 0.445751 1.099303 0.493854 0.307943 0.909617
84.800000 0.081810 0.897203 0.227944 0.445942 1.099330 0.493656 0.307817 0.909801
85.000000 0.081869 0.896961 0.228023 0.446249 1.099445 0.493814 0.308176 0.909882
85.200000 0.081801 0.897430 0.227972 0.446500 1.099480 0.493917 0.308234 0.909916
85.400000 0.081906 0.897339 0.228073 0.446671 1.099326 0.493814 0.308343 0.910079
85.600000 0.081874 0.897363 0.228267 0.446960 1.099530 0.494038 0.308440 0.910086
85.800000 0.081909 0.897240 0.228108 0.447262 1.099766 0.493969 0.308545 0.910221
86.000000 0.081845 0.897234 0.228133 0.447517 1.099740 0.494055 0.308648 0.910131
86.200000 0.081864 0.897141 0.228165 0.447757 1.099982 0.494032 0.308735 0.910187
86.400000 0.082086 0.897206 0.228151 0.447972 1.099793 0.494067 0.308453 0.910440
86.600000 0.081927 0.897311 0.228226 0.448185 1.099720 0.494180 0.308964 0.910431
86.800000 0.081980 0.897495 0.228380 0.448651 1.099758 0.494071 0.308989 0.910536
87.000000 0.081843 0.897200 0.228229 0.448822 1.099777 0.494058 0.309039 0.910386
87.200000 0.081880 0.897353 0.228243 0.448926 1.100052 0.494160 0.309246 0.910346
87.400000 0.081821 0.897136 0.228272 0.449230 1.100133 0.494222 0.309259 0.910773
87.600000 0.081828 0.897188 0.228185 0.449671 1.100120 0.494146 0.309444 0.910949
87.800000 0.081867 0.897164 0.228225 0.449778 1.099957 0.494222 0.309321 0.910664
88.000000 0.081862 0.896840 0.228391 0.449945 1.099992 0.494174 0.309509 0.910730
88.200000 0.081815 0.897127 0.228334 0.450184 1.099976 0.494318 0.309675 0.910809
88.400000 0.081902 0.897151 0.228346 0.450325 1.100279 0.494255 0.309738 0.911102
88.600000 0.081836 0.897265 0.228449 0.450597 1.100268 0.494252 0.309891 0.911002
88.800000 0.081798 0.897091 0.228401 0.450884 1.100019 0.494401 0.309885 0.911002
89.000000 0.081886 0.897192 0.228419 0.451067 1.100224 0.494498 0.310000 0.911048
89.200000 0.081955 0.897097 0.228418 0.451276 1.100417 0.494455 0.310084 0.911093
89.400000 0.081908 0.897016 0.228404 0.451477 1.100220 0.494412 0.310311 0.910966
89.600000 0.081875 0.897275 0.228340 0.451817 1.100396 0.494399 0.310262 0.911360
89.800000 0.081882 0.897119 0.228328 0.451819 1.100376 0.494483 0.310288 0.911145
90.000000 0.081867 0.897185 0.228485 0.452246 1.100506 0.494525 0.310395 0.911459
