0.200000 0.195031 0.403391 0.164806 0.210351 0.454524 0.491390 0.214520 0.379978
0.400000 0.194868 0.402648 0.164975 0.210079 0.452808 0.491349 0.214306 0.378830
0.600000 0.195070 0.402206 0.164902 0.209762 0.451465 0.491072 0.213962 0.377873
0.800000 0.194982 0.401684 0.164891 0.209457 0.450059 0.491073 0.213711 0.376916
1.000000 0.194909 0.401222 0.164834 0.209147 0.449027 0.491069 0.213604 0.376106
1.200000 0.194860 0.400775 0.164775 0.208983 0.447614 0.491139 0.213273 0.374931
1.400000 0.194719 0.400249 0.164739 0.208676 0.446436 0.491015 0.212967 0.374101
1.600000 0.194793 0.399801 0.164762 0.208450 0.445200 0.491027 0.212804 0.373122
1.800000 0.194813 0.399272 0.164518 0.208205 0.444079 0.490916 0.212432 0.372183
2.000000 0.194560 0.398950 0.164506 0.208108 0.442708 0.490938 0.212273 0.371370
2.200000 0.194636 0.398287 0.164569 0.207621 0.441172 0.490789 0.212045 0.370414
2.400000 0.194605 0.397978 0.164523 0.207335 0.440226 0.490632 0.211775 0.369538
2.600000 0.194408 0.397528 0.164339 0.207041 0.439284 0.490651 0.211562 0.368570
2.800000 0.194539 0.397080 0.164205 0.207055 0.437869 0.490651 0.211182 0.367789
3.000000 0.194492 0.396583 0.164344 0.206763 0.436710 0.490660 0.211062 0.366902
3.200000 0.194461 0.396107 0.164337 0.206527 0.435711 0.490429 0.210967 0.365988
3.400000 0.194387 0.395680 0.164397 0.206180 0.434507 0.490432 0.210667 0.365116
3.600000 0.194106 0.395148 0.164216 0.205931 0.433073 0.490400 0.210392 0.364323
3.800000 0.194302 0.394882 0.164274 0.205765 0.432062 0.490322 0.210230 0.363328
4.000000 0.194125 0.394256 0.164307 0.205580 0.431048 0.490370 0.209821 0.362626
4.200000 0.194092 0.393991 0.164052 0.205432 0.429990 0.490231 0.209732 0.361779
4.400000 0.194163 0.393599 0.164149 0.205100 0.428666 0.490119 0.209546 0.360724
4.600000 0.194243 0.393083 0.163961 0.204999 0.427441 0.490179 0.209115 0.360082
4.800000 0.194078 0.392797 0.164008 0.204652 0.426433 0.489867 0.209038 0.359281
5.000000 0.194025 0.392407 0.163970 0.204519 0.425367 0.489860 0.208795 0.358296
5.200000 0.193813 0.391794 0.164025 0.204120 0.424330 0.489931 0.208516 0.357437
5.400000 0.194014 0.391516 0.163884 0.203933 0.423073 0.490008 0.208322 0.356697
5.600000 0.193920 0.390818 0.164024 0.203553 0.421506 0.489883 0.208094 0.355492
5.800000 0.193800 0.429624 0.163890 0.203467 0.420386 0.489658 0.207735 0.354737
6.000000 0.193816 0.390037 0.163865 0.203398 0.419525 0.489613 0.207446 0.353931
6.200000 0.193931 0.389760 0.163777 0.203058 0.418336 0.489633 0.207347 0.353191
6.400000 0.193726 0.389313 0.163710 0.202894 0.417444 0.489367 0.207118 0.352450
6.600000 0.193682 0.389059 0.163667 0.202487 0.416348 0.489404 0.206777 0.351612
6.800000 0.193563 0.388497 0.163609 0.202411 0.415080 0.489270 0.206637 0.350774
7.000000 0.193618 0.388313 0.163604 0.202113 0.414202 0.489398 0.206572 0.350048
7.200000 0.193502 0.387808 0.163553 0.201978 0.413143 0.489323 0.206247 0.349193
7.400000 0.193499 0.387384 0.163585 0.201951 0.412145 0.489302 0.206052 0.348596
7.600000 0.193473 0.387114 0.163426 0.201587 0.411014 0.489075 0.205830 0.347585
7.800000 0.193429 0.386906 0.163507 0.201431 0.410010 0.488989 0.205604 0.347111
8.000000 0.193393 0.386458 0.163550 0.201129 0.409264 0.489081 0.205418 0.346376
8.200000 0.193416 0.385965 0.163507 0.200962 0.408222 0.489171 0.205143 0.345495
8.400000 0.193390 0.385696 0.163572 0.200821 0.407273 0.489034 0.204946 0.344887
8.600000 0.193286 0.385336 0.163392 0.200644 0.406165 0.488880 0.204729 0.344313
8.800000 0.193268 0.384919 0.163344 0.200270 0.405411 0.488795 0.204371 0.343356
9.000000 0.193234 0.384640 0.163328 0.200276 0.404390 0.488866 0.204327 0.342805
9.200000 0.193043 0.384250 0.163154 0.200141 0.403494 0.488490 0.204020 0.342032
9.400000 0.193025 0.384017 0.163155 0.200038 0.402408 0.488720 0.203999 0.341405
9.600000 0.193248 0.383714 0.163166 0.199837 0.401725 0.488619 0.203749 0.340828
9.800000 0.193038 0.383167 0.163183 0.199499 0.400755 0.488290 0.203558 0.340057
10.000000 0.193073 0.383005 0.163215 0.199351 0.399924 0.488542 0.203257 0.339439
10.200000 0.192993 0.382687 0.162966 0.199170 0.398911 0.488552 0.203200 0.338777
10.400000 0.192924 0.382267 0.163072 0.199044 0.397990 0.488294 0.202906 0.338098
10.600000 0.192916 0.381953 0.163002 0.198867 0.397055 0.488343 0.202717 0.337497
10.800000 0.192925 0.381771 0.162856 0.198586 0.396388 0.488239 0.202509 0.336882
11.000000 0.192860 0.381288 0.162834 0.198450 0.395417 0.488163 0.202292 0.336056
11.200000 0.192841 0.380984 0.163048 0.198264 0.394443 0.488206 0.202302 0.335478
11.400000 0.192769 0.380663 0.162926 0.198169 0.393596 0.488094 0.201967 0.334668
11.600000 0.192776 0.380256 0.162900 0.197663 0.392704 0.488078 0.201740 0.334079
11.800000 0.192704 0.379911 0.162723 0.197724 0.391792 0.488001 0.201505 0.333383
12.000000 0.192683 0.379528 0.162702 0.197337 0.390848 0.487805 0.201310 0.332521
12.200000 0.192616 0.379323 0.162804 0.197203 0.390034 0.487767 0.201100 0.332034
12.400000 0.192475 0.379075 0.162711 0.197033 0.389223 0.487796 0.200903 0.331504
12.600000 0.192522 0.378624 0.162808 0.197235 0.388385 0.487756 0.200711 0.330821
12.800000 0.192529 0.378401 0.162710 0.196836 0.387632 0.487601 0.200545 0.330136
13.000000 0.192331 0.378135 0.162837 0.196808 0.386927 0.487608 0.200357 0.329652
13.200000 0.192431 0.377817 0.162529 0.196525 0.386066 0.487595 0.200319 0.329027
13.400000 0.192378 0.377409 0.162554 0.196431 0.385435 0.487369 0.199986 0.328586
13.600000 0.192381 0.377279 0.162604 0.196294 0.384581 0.487445 0.199804 0.328036
13.800000 0.192387 0.377002 0.162689 0.196130 0.383803 0.487397 0.199600 0.327514
14.000000 0.192286 0.376720 0.162613 0.195962 0.383292 0.487304 0.199447 0.326984
14.200000 0.192313 0.376450 0.162565 0.195850 0.382527 0.487308 0.199140 0.326396
14.400000 0.192258 0.376027 0.162315 0.195707 0.381647 0.487364 0.199029 0.325843
14.600000 0.192195 0.375898 0.162463 0.195533 0.380890 0.487213 0.198939 0.325363
14.800000 0.192221 0.375579 0.162444 0.195407 0.380294 0.487140 0.198699 0.324910
15.000000 0.192258 0.375339 0.162417 0.195273 0.379764 0.486938 0.198705 0.324369
15.200000 0.192146 0.374948 0.162431 0.195116 0.378883 0.486972 0.198485 0.323638
15.400000 0.192104 0.374842 0.162376 0.194992 0.378190 0.486896 0.198238 0.323265
15.600000 0.192094 0.374521 0.162366 0.194886 0.377436 0.486848 0.198165 0.322831
15.800000 0.192085 0.374408 0.162285 0.194749 0.376799 0.486541 0.198012 0.322256
16.000000 0.192041 0.373946 0.162228 0.194516 0.376177 0.486801 0.197825 0.321941
16.200000 0.191996 0.373737 0.162326 0.194514 0.375413 0.486748 0.197701 0.321241
16.400000 0.191841 0.373666 0.162244 0.194291 0.374761 0.486620 0.197551 0.320693
16.600000 0.191806 0.373359 0.162266 0.194197 0.374065 0.486666 0.197399 0.320383
16.800000 0.191816 0.373077 0.162125 0.193937 0.373232 0.486325 0.196899 0.319531
17.000000 0.191885 0.372884 0.162220 0.193898 0.372887 0.486596 0.197093 0.319306
17.200000 0.191910 0.372767 0.162089 0.193729 0.372247 0.486431 0.196974 0.318630
17.400000 0.191832 0.372400 0.162133 0.193591 0.371568 0.486351 0.196719 0.318397
17.600000 0.191794 0.372081 0.162146 0.193338 0.370836 0.486425 0.196567 0.317766
17.800000 0.191731 0.371929 0.161951 0.193266 0.370327 0.486290 0.196450 0.317515
18.000000 0.191744 0.371549 0.162129 0.193228 0.369586 0.486199 0.196201 0.316905
18.200000 0.191706 0.371326 0.161922 0.193086 0.368867 0.486217 0.195991 0.316270
18.400000 0.191709 0.371114 0.162037 0.192930 0.368232 0.486122 0.196013 0.315849
18.600000 0.191500 0.370699 0.162007 0.192845 0.367534 0.485842 0.195900 0.315365
18.800000 0.191646 0.370595 0.162002 0.192634 0.366897 0.485912 0.195617 0.314844
19.000000 0.191597 0.370417 0.161946 0.192497 0.366260 0.485958 0.195389 0.314392
19.200000 0.191600 0.370070 0.161837 0.192342 0.365647 0.485895 0.195190 0.313975
19.400000 0.191546 0.369993 0.161748 0.192319 0.365189 0.485612 0.195228 0.313373
19.600000 0.191564 0.369701 0.161867 0.192266 0.364432 0.485810 0.195041 0.313175
19.800000 0.191488 0.369447 0.161842 0.192029 0.363754 0.485585 0.194899 0.312575
20.000000 0.191470 0.369201 0.161957 0.191858 0.363377 0.485641 0.194806 0.312163
20.200000 0.191232 0.368564 0.161758 0.191674 0.362528 0.485343 0.194483 0.311476
20.400000 0.191351 0.368835 0.161837 0.192018 0.362095 0.485562 0.194303 0.311422
20.600000 0.191385 0.368630 0.161862 0.191617 0.361553 0.485456 0.194265 0.310757
20.800000 0.191334 0.368279 0.161650 0.191464 0.360905 0.485401 0.194190 0.310234
21.000000 0.191326 0.368136 0.161647 0.191435 0.360272 0.485298 0.194023 0.309802
21.200000 0.191309 0.368036 0.161710 0.191155 0.359796 0.485380 0.193830 0.309505
21.400000 0.191304 0.367622 0.161698 0.191078 0.359207 0.485118 0.193754 0.309118
21.600000 0.191243 0.367581 0.161650 0.191007 0.358636 0.485113 0.193523 0.308719
21.800000 0.191228 0.367161 0.161613 0.190821 0.358026 0.485025 0.193402 0.308080
22.000000 0.191221 0.366844 0.161553 0.190613 0.357533 0.484992 0.193269 0.307800
22.200000 0.191321 0.366927 0.161731 0.190699 0.356983 0.484662 0.193090 0.307329
22.400000 0.191316 0.366622 0.161700 0.190471 0.356419 0.484967 0.193043 0.307130
22.600000 0.191169 0.366460 0.161528 0.190303 0.355880 0.484796 0.192767 0.306654
22.800000 0.191100 0.366191 0.161577 0.190497 0.355291 0.484847 0.192826 0.306393
23.000000 0.191069 0.366052 0.161361 0.190272 0.354673 0.484762 0.192601 0.305758
23.200000 0.190902 0.365639 0.161607 0.190253 0.354246 0.484757 0.192190 0.305274
23.400000 0.190973 0.365554 0.161462 0.190046 0.353470 0.484496 0.192369 0.304940
23.600000 0.190941 0.365249 0.161169 0.189895 0.353078 0.484518 0.192145 0.304295
23.800000 0.190986 0.365086 0.161319 0.189740 0.352512 0.484614 0.192036 0.304166
24.000000 0.190939 0.364928 0.161287 0.189628 0.351965 0.484492 0.191923 0.303751
24.200000 0.190955 0.364691 0.161374 0.189514 0.351453 0.484444 0.191826 0.303401
24.400000 0.190899 0.364490 0.161423 0.189489 0.350939 0.484410 0.191517 0.302795
24.600000 0.190834 0.364378 0.161359 0.189258 0.350190 0.484348 0.191461 0.302434
24.800000 0.190651 0.364022 0.161390 0.189342 0.349830 0.484268 0.191082 0.301973
25.000000 0.190845 0.363888 0.161312 0.189207 0.349124 0.484046 0.191261 0.301705
25.200000 0.190860 0.363762 0.161364 0.189183 0.348800 0.484040 0.191153 0.301248
25.400000 0.190756 0.363588 0.161417 0.188949 0.348234 0.484133 0.191031 0.300968
25.600000 0.190791 0.363422 0.161182 0.188869 0.347770 0.484071 0.190758 0.300530
25.800000 0.190867 0.363094 0.161306 0.188602 0.347124 0.484102 0.190600 0.300258
26.000000 0.190714 0.363022 0.161266 0.188709 0.346816 0.483936 0.190669 0.299913
26.200000 0.190675 0.362796 0.161240 0.188475 0.346098 0.483713 0.190517 0.299452
26.400000 0.190674 0.362483 0.161172 0.188463 0.345820 0.483688 0.190558 0.299155
26.600000 0.190644 0.362436 0.161106 0.188294 0.345213 0.483816 0.190378 0.298708
26.800000 0.190591 0.362175 0.161130 0.188130 0.344845 0.483703 0.190211 0.298414
27.000000 0.190595 0.361938 0.161213 0.188250 0.344380 0.483552 0.190102 0.298147
27.200000 0.190554 0.361814 0.161136 0.188003 0.343697 0.483609 0.189943 0.297619
27.400000 0.190706 0.361519 0.161272 0.187923 0.343421 0.483521 0.189788 0.297390
27.600000 0.190489 0.361254 0.161061 0.187829 0.343003 0.483524 0.189649 0.297068
27.800000 0.190490 0.361195 0.161116 0.187725 0.342334 0.483257 0.189586 0.296552
28.000000 0.190524 0.361265 0.161107 0.187755 0.342010 0.483502 0.189481 0.296305
28.200000 0.190440 0.360749 0.161113 0.187585 0.341374 0.483157 0.189330 0.295728
28.400000 0.190528 0.360679 0.160988 0.187524 0.341027 0.483162 0.189320 0.295414
28.600000 0.190408 0.360422 0.161068 0.187355 0.340490 0.483157 0.189176 0.295172
28.800000 0.190394 0.360188 0.161095 0.187306 0.340107 0.483180 0.189123 0.294836
29.000000 0.190372 0.360134 0.161011 0.187168 0.339537 0.482962 0.188854 0.294342
29.200000 0.190348 0.360057 0.160952 0.186939 0.339115 0.482974 0.188735 0.294198
29.400000 0.190316 0.359739 0.160864 0.186998 0.338648 0.482892 0.188321 0.293736
29.600000 0.190347 0.360015 0.160863 0.186996 0.338334 0.482979 0.188596 0.293516
29.800000 0.190175 0.359354 0.160937 0.186856 0.337929 0.482668 0.188295 0.293260
30.000000 0.190246 0.359296 0.160901 0.186662 0.337330 0.482851 0.188326 0.292967
30.200000 0.190244 0.359184 0.160746 0.186560 0.336886 0.482714 0.188061 0.292131
30.400000 0.190262 0.358967 0.160933 0.186760 0.336589 0.482628 0.188134 0.292172
30.600000 0.191009 0.358602 0.160856 0.186440 0.335751 0.482484 0.187919 0.291650
30.800000 0.192925 0.358530 0.160974 0.186170 0.335403 0.482615 0.187955 0.291380
31.000000 0.195941 0.358293 0.160831 0.186316 0.334954 0.482376 0.187752 0.291075
31.200000 0.200080 0.358124 0.160918 0.186234 0.334677 0.482367 0.187587 0.290841
31.400000 0.205705 0.358064 0.160869 0.186059 0.334451 0.482423 0.187641 0.290542
31.600000 0.212578 0.357960 0.160956 0.186194 0.334556 0.482631 0.187514 0.290538
31.800000 0.220531 0.357916 0.160878 0.186040 0.334749 0.482538 0.187522 0.290901
32.000000 0.228825 0.358120 0.160838 0.186158 0.335271 0.482263 0.187295 0.291218
32.200000 0.237107 0.358024 0.161002 0.186462 0.336002 0.482245 0.187658 0.291763
32.400000 0.245283 0.358423 0.160881 0.186913 0.337462 0.482321 0.187560 0.292700
32.600000 0.253037 0.358790 0.160932 0.186892 0.338857 0.482228 0.187541 0.293741
32.800000 0.260277 0.359401 0.161183 0.187242 0.340978 0.482288 0.187963 0.295130
33.000000 0.266921 0.360338 0.161144 0.187771 0.343345 0.482249 0.188009 0.296981
33.200000 0.272859 0.361511 0.161374 0.188493 0.346059 0.482470 0.188233 0.298773
33.400000 0.278333 0.363014 0.161570 0.189185 0.349256 0.482128 0.188422 0.301095
33.600000 0.283467 0.365229 0.161773 0.189837 0.352780 0.482284 0.188466 0.303726
33.800000 0.287914 0.367546 0.162193 0.190903 0.356525 0.482315 0.188931 0.306286
34.000000 0.291501 0.370446 0.162265 0.191865 0.360474 0.482470 0.189496 0.309493
34.200000 0.295095 0.373418 0.162537 0.192941 0.364905 0.482034 0.189741 0.312568
34.400000 0.298009 0.377005 0.163240 0.194018 0.369419 0.482410 0.190042 0.316011
34.600000 0.300713 0.380999 0.163708 0.195066 0.374420 0.482192 0.190420 0.319641
34.800000 0.302968 0.385451 0.164040 0.196458 0.379479 0.482446 0.190852 0.323436
35.000000 0.305249 0.390158 0.164567 0.197735 0.384798 0.482376 0.191045 0.327441
35.200000 0.307050 0.395255 0.165211 0.199075 0.390063 0.482346 0.191574 0.331643
35.400000 0.308569 0.400111 0.165409 0.200169 0.395312 0.482447 0.191876 0.335634
35.600000 0.309923 0.405556 0.166011 0.201495 0.400613 0.482464 0.192350 0.339682
35.800000 0.311058 0.411068 0.166478 0.202485 0.405906 0.482424 0.192757 0.344014
36.000000 0.312144 0.416794 0.166864 0.203991 0.411573 0.482633 0.193079 0.348384
36.200000 0.313049 0.422717 0.167449 0.205079 0.417275 0.482676 0.193458 0.352883
36.400000 0.313897 0.428832 0.167736 0.206465 0.423108 0.482767 0.194088 0.357254
36.600000 0.314758 0.436738 0.168442 0.208169 0.430425 0.482757 0.194601 0.363213
36.800000 0.315331 0.443356 0.168889 0.209398 0.436397 0.482868 0.195070 0.367968
37.000000 0.315833 0.449606 0.169325 0.210699 0.442298 0.482920 0.195358 0.372763
37.200000 0.316280 0.456181 0.169749 0.211852 0.448204 0.482650 0.195850 0.377439
37.400000 0.316470 0.462693 0.170198 0.213171 0.454093 0.482701 0.196447 0.382250
37.600000 0.316782 0.469272 0.170689 0.214240 0.460056 0.482798 0.196750 0.387294
37.800000 0.317310 0.476039 0.171108 0.215821 0.466244 0.483053 0.197302 0.392295
38.000000 0.317523 0.482547 0.171375 0.217044 0.472148 0.482898 0.197819 0.397272
38.200000 0.317693 0.489552 0.171852 0.218217 0.478242 0.483229 0.198227 0.402173
38.400000 0.317975 0.496215 0.172284 0.219422 0.484170 0.482961 0.198667 0.407165
38.600000 0.318027 0.502797 0.172700 0.220593 0.490196 0.483112 0.199181 0.412106
38.800000 0.317894 0.509341 0.173090 0.221908 0.496119 0.483253 0.199611 0.417062
39.000000 0.318341 0.515929 0.173554 0.223150 0.502333 0.483264 0.200070 0.422061
39.200000 0.318394 0.522446 0.173813 0.224367 0.508318 0.483249 0.200521 0.426943
39.400000 0.318516 0.528974 0.174332 0.225500 0.514352 0.483232 0.200964 0.431837
39.600000 0.318598 0.535377 0.174798 0.226622 0.520229 0.483247 0.201330 0.436966
39.800000 0.318660 0.542096 0.175045 0.228040 0.526249 0.483365 0.201783 0.442010
40.000000 0.318716 0.548302 0.175513 0.229259 0.532330 0.483539 0.202405 0.446762
40.200000 0.318709 0.554645 0.175894 0.230156 0.537874 0.483539 0.202841 0.451699
40.400000 0.318800 0.560657 0.176391 0.231603 0.544229 0.483559 0.203347 0.456545
40.600000 0.318826 0.566975 0.176656 0.232641 0.549950 0.483683 0.203865 0.461509
40.800000 0.318882 0.573017 0.177002 0.233886 0.555960 0.483565 0.204241 0.466390
41.000000 0.319056 0.579283 0.177423 0.234877 0.561979 0.483825 0.204797 0.471270
41.200000 0.318798 0.585158 0.177728 0.236123 0.567766 0.483707 0.205286 0.476005
41.400000 0.318971 0.590965 0.178124 0.237165 0.573512 0.483835 0.205756 0.480691
41.600000 0.318984 0.596641 0.178497 0.238330 0.579270 0.484138 0.206009 0.485487
41.800000 0.319080 0.602222 0.178737 0.239546 0.585166 0.483870 0.206860 0.490143
42.000000 0.319027 0.607456 0.179003 0.240367 0.590777 0.484157 0.207261 0.494813
42.200000 0.319021 0.613197 0.179298 0.241827 0.596320 0.484169 0.207703 0.499318
42.400000 0.319122 0.618144 0.179802 0.242859 0.602296 0.484011 0.208168 0.503987
42.600000 0.318958 0.623466 0.180145 0.243974 0.607616 0.484169 0.208472 0.508279
42.800000 0.319022 0.628542 0.180405 0.245146 0.613643 0.484221 0.209327 0.513157
43.000000 0.318766 0.635001 0.180801 0.246414 0.620485 0.484522 0.209761 0.518643
43.200000 0.318850 0.639799 0.181150 0.247459 0.626080 0.484529 0.210223 0.523029
43.400000 0.318793 0.644320 0.181547 0.248470 0.631262 0.484577 0.210652 0.527205
43.600000 0.318707 0.648728 0.181556 0.249244 0.636714 0.484228 0.211145 0.531392
43.800000 0.318734 0.653191 0.181890 0.250115 0.641862 0.484507 0.211630 0.535737
44.000000 0.318641 0.657418 0.182299 0.251491 0.647528 0.484543 0.212015 0.540094
44.200000 0.318745 0.661470 0.182748 0.252636 0.652756 0.484766 0.212519 0.544135
44.400000 0.318584 0.665375 0.182664 0.253510 0.657578 0.484732 0.212952 0.548165
44.600000 0.318431 0.669131 0.183104 0.254422 0.662837 0.484843 0.213429 0.552048
44.800000 0.318511 0.673032 0.183384 0.255306 0.667718 0.484831 0.213883 0.556021
45.000000 0.318319 0.676870 0.183616 0.256432 0.672469 0.484824 0.214458 0.559925
45.200000 0.318307 0.680305 0.184009 0.257350 0.677637 0.484985 0.214852 0.564081
45.400000 0.318437 0.683719 0.183893 0.258241 0.682522 0.485088 0.215234 0.567741
45.600000 0.318375 0.686959 0.184227 0.259103 0.687161 0.485169 0.215744 0.571337
45.800000 0.318383 0.690138 0.184593 0.260080 0.691704 0.485101 0.216181 0.575029
46.000000 0.318360 0.693205 0.184671 0.260988 0.696446 0.485206 0.216665 0.578746
46.200000 0.318444 0.696176 0.185049 0.261681 0.701062 0.485122 0.216982 0.582168
46.400000 0.318233 0.698865 0.185414 0.262833 0.705649 0.485176 0.217560 0.585823
46.600000 0.318189 0.701612 0.185415 0.263791 0.709907 0.485359 0.217795 0.589277
46.800000 0.318173 0.704348 0.185614 0.264596 0.714302 0.485530 0.218279 0.592691
47.000000 0.318055 0.706856 0.185787 0.265288 0.718336 0.485370 0.218619 0.595902
47.200000 0.318112 0.709632 0.186062 0.266274 0.722950 0.485569 0.219005 0.599589
47.400000 0.318057 0.712053 0.186331 0.267238 0.727224 0.485658 0.219511 0.602877
47.600000 0.317726 0.713886 0.186567 0.268088 0.731230 0.485575 0.219951 0.606172
47.800000 0.317981 0.716669 0.186615 0.268980 0.735487 0.485700 0.220203 0.609237
48.000000 0.317875 0.718824 0.187014 0.269794 0.739213 0.485702 0.220803 0.612438
48.200000 0.317878 0.720553 0.187151 0.270416 0.743218 0.485812 0.221247 0.615478
48.400000 0.317925 0.722641 0.187321 0.271601 0.747017 0.485885 0.221663 0.618369
48.600000 0.317756 0.724608 0.187417 0.272282 0.750756 0.486081 0.222110 0.621640
48.800000 0.317793 0.726390 0.187721 0.273075 0.754524 0.486199 0.222609 0.624507
49.000000 0.317780 0.728297 0.187923 0.273796 0.758024 0.486093 0.222647 0.627163
49.200000 0.317737 0.730062 0.188025 0.274783 0.762019 0.486001 0.223277 0.630422
49.400000 0.317507 0.732094 0.188391 0.275778 0.766611 0.486107 0.223863 0.634008
49.600000 0.317440 0.733741 0.188563 0.276513 0.770015 0.486063 0.224270 0.636711
49.800000 0.317549 0.735544 0.188692 0.277314 0.773700 0.486369 0.224516 0.639485
50.000000 0.317472 0.736678 0.188898 0.278117 0.776789 0.486363 0.225057 0.641946
50.200000 0.317409 0.738077 0.188935 0.278867 0.779761 0.485937 0.225431 0.644565
50.400000 0.317506 0.739379 0.188915 0.279541 0.783078 0.486345 0.225710 0.647032
50.600000 0.317287 0.740605 0.189142 0.280300 0.786373 0.486494 0.226233 0.649430
50.800000 0.317286 0.741971 0.189255 0.281023 0.789460 0.486469 0.226486 0.652202
51.000000 0.317363 0.743188 0.189493 0.281810 0.792572 0.486493 0.226970 0.654442
51.200000 0.317230 0.744366 0.189702 0.282481 0.795472 0.486664 0.227323 0.656809
51.400000 0.317196 0.745667 0.189774 0.283225 0.798603 0.486566 0.227730 0.659209
51.600000 0.317194 0.746721 0.189945 0.283838 0.801463 0.486876 0.228075 0.661385
51.800000 0.316975 0.747605 0.189987 0.284649 0.804204 0.486878 0.228530 0.663630
52.000000 0.316930 0.748717 0.190226 0.285302 0.806809 0.486763 0.228804 0.665804
52.200000 0.317022 0.749477 0.190309 0.286064 0.809572 0.487015 0.229061 0.667924
52.400000 0.317007 0.750449 0.190473 0.286754 0.812191 0.486922 0.229213 0.670085
52.600000 0.316885 0.751151 0.190719 0.287478 0.814445 0.487212 0.229841 0.672111
52.800000 0.316864 0.751974 0.190731 0.288095 0.817126 0.486987 0.230209 0.674132
53.000000 0.316895 0.752944 0.190716 0.288592 0.819624 0.487098 0.230657 0.675845
53.200000 0.316764 0.753733 0.191010 0.289505 0.822002 0.487228 0.231043 0.678236
53.400000 0.316701 0.754470 0.191127 0.290122 0.824465 0.487021 0.231267 0.679793
53.600000 0.316497 0.754925 0.191230 0.290690 0.826732 0.487461 0.231479 0.681760
53.800000 0.316650 0.755783 0.191370 0.291373 0.829131 0.487499 0.231954 0.683588
54.000000 0.316469 0.756595 0.191422 0.292279 0.831329 0.487507 0.232325 0.685328
54.200000 0.316573 0.757376 0.191501 0.292671 0.833534 0.487662 0.232640 0.687254
54.400000 0.316550 0.758007 0.191540 0.293399 0.835705 0.487369 0.232974 0.688737
54.600000 0.316529 0.758499 0.191786 0.294016 0.837759 0.487592 0.233200 0.690360
54.800000 0.316615 0.759012 0.191921 0.294396 0.839838 0.487625 0.233654 0.692276
55.000000 0.316426 0.759637 0.191990 0.295180 0.841904 0.487706 0.234094 0.693574
55.200000 0.316432 0.760209 0.192142 0.295857 0.843725 0.487747 0.234311 0.695323
55.400000 0.316348 0.760730 0.192378 0.296474 0.845847 0.487835 0.234759 0.697042
55.600000 0.316388 0.761508 0.192367 0.297248 0.848262 0.487846 0.235151 0.699146
55.800000 0.316241 0.761793 0.192471 0.297948 0.850245 0.488043 0.235329 0.700407
56.000000 0.316212 0.762264 0.192513 0.298330 0.851947 0.488021 0.235607 0.701693
56.200000 0.316058 0.762721 0.192458 0.298945 0.853612 0.487891 0.236061 0.742185
56.400000 0.316026 0.763174 0.192845 0.299540 0.855327 0.488012 0.236437 0.704553
56.600000 0.316111 0.763493 0.192797 0.300205 0.857173 0.488025 0.236623 0.705786
56.800000 0.316041 0.764106 0.193020 0.300775 0.858860 0.488139 0.237023 0.707355
57.000000 0.315985 0.764589 0.192961 0.301435 0.860345 0.488275 0.237272 0.708452
57.200000 0.315861 0.764906 0.193092 0.301970 0.861920 0.488369 0.237479 0.709700
57.400000 0.315835 0.765048 0.193180 0.302306 0.863321 0.488361 0.237803 0.710850
57.600000 0.315857 0.765278 0.193256 0.302977 0.864751 0.488325 0.238078 0.712116
57.800000 0.315887 0.765792 0.193186 0.303528 0.866264 0.488437 0.238466 0.713236
58.000000 0.315890 0.766021 0.193467 0.303909 0.867983 0.488559 0.238552 0.714375
58.200000 0.315837 0.766433 0.193469 0.304653 0.869307 0.488426 0.238802 0.715622
58.400000 0.315718 0.766564 0.193459 0.305046 0.870549 0.488688 0.239180 0.716463
58.600000 0.315683 0.766990 0.193496 0.305501 0.871942 0.488710 0.239356 0.717641
58.800000 0.315768 0.767191 0.193760 0.306039 0.873169 0.488631 0.239601 0.718828
59.000000 0.315765 0.767495 0.193862 0.306654 0.874504 0.488743 0.239878 0.719619
59.200000 0.315692 0.767937 0.193858 0.307182 0.875720 0.488600 0.240160 0.720789
59.400000 0.315574 0.767866 0.193906 0.307749 0.876978 0.488882 0.240578 0.721855
59.600000 0.315509 0.767979 0.193809 0.308193 0.878281 0.488772 0.240707 0.722515
59.800000 0.315493 0.768462 0.193974 0.308687 0.879571 0.488978 0.241227 0.723689
60.000000 0.315388 0.768490 0.194128 0.309237 0.880790 0.488997 0.241257 0.724582
60.200000 0.315319 0.768827 0.193989 0.309742 0.881686 0.489031 0.241630 0.725522
60.400000 0.315283 0.768929 0.194357 0.310142 0.882893 0.489081 0.241876 0.726334
60.600000 0.315220 0.769117 0.194229 0.310641 0.883973 0.489144 0.242061 0.727094
60.800000 0.315204 0.769360 0.194349 0.311116 0.885034 0.489153 0.242328 0.728206
61.000000 0.315101 0.769506 0.194492 0.311722 0.886302 0.489064 0.242468 0.729017
61.200000 0.315089 0.769696 0.194308 0.312019 0.887367 0.489336 0.242972 0.729653
61.400000 0.315019 0.769829 0.194367 0.351513 0.888304 0.489399 0.242816 0.730503
61.600000 0.315014 0.770132 0.194642 0.313209 0.889405 0.489370 0.243437 0.731598
61.800000 0.314999 0.770258 0.194605 0.313667 0.890653 0.489436 0.243610 0.732275
62.000000 0.314987 0.770452 0.194776 0.314166 0.891785 0.489574 0.243930 0.733292
62.200000 0.315055 0.770637 0.194762 0.314581 0.892548 0.489553 0.244188 0.733808
62.400000 0.314978 0.770604 0.194934 0.315008 0.893655 0.489519 0.244377 0.734418
62.600000 0.314506 0.770620 0.194755 0.315532 0.894250 0.489674 0.244559 0.735267
62.800000 0.314856 0.770938 0.194942 0.315955 0.895322 0.489807 0.244861 0.735999
63.000000 0.314824 0.771098 0.195130 0.316223 0.896162 0.489687 0.245203 0.736552
63.200000 0.314862 0.771250 0.195068 0.316849 0.897175 0.489887 0.245156 0.737274
63.400000 0.314900 0.771078 0.195074 0.317147 0.898114 0.489813 0.245539 0.737912
63.600000 0.314928 0.771345 0.195289 0.317611 0.898955 0.490070 0.245759 0.738674
63.800000 0.314702 0.771220 0.195164 0.318276 0.899798 0.489905 0.246114 0.739273
64.000000 0.314508 0.771681 0.195217 0.318303 0.900368 0.490088 0.246149 0.739772
64.200000 0.314574 0.771757 0.156274 0.318784 0.901008 0.490065 0.246354 0.740485
64.400000 0.314533 0.771446 0.195321 0.319062 0.901783 0.490111 0.246444 0.740904
64.600000 0.314628 0.771812 0.195349 0.319957 0.902603 0.490184 0.246691 0.741525
64.800000 0.314512 0.772039 0.195453 0.320068 0.903438 0.490268 0.246964 0.741987
65.000000 0.314499 0.772007 0.195493 0.320602 0.903856 0.490165 0.247074 0.742533
65.200000 0.314451 0.772119 0.195584 0.321028 0.904725 0.490309 0.247412 0.743257
65.400000 0.314397 0.772160 0.156271 0.321314 0.905341 0.490298 0.247417 0.743643
65.600000 0.314330 0.772255 0.195665 0.321717 0.906056 0.490443 0.247723 0.744078
65.800000 0.314279 0.772248 0.195678 0.322187 0.906799 0.490443 0.247967 0.744679
66.000000 0.314227 0.772294 0.195697 0.322562 0.907357 0.490549 0.248020 0.745312
66.200000 0.314215 0.772435 0.195749 0.322944 0.908048 0.490436 0.248374 0.745729
66.400000 0.314050 0.772330 0.195669 0.323191 0.908645 0.490544 0.248449 0.746117
66.600000 0.314027 0.772531 0.195878 0.323504 0.909193 0.490679 0.248681 0.746591
66.800000 0.314087 0.772307 0.195878 0.323967 0.909637 0.490705 0.248734 0.747199
67.000000 0.314161 0.772679 0.195949 0.324349 0.910137 0.490608 0.249015 0.747274
67.200000 0.314133 0.772724 0.195921 0.324788 0.911077 0.490797 0.249248 0.748136
67.400000 0.314125 0.772572 0.195860 0.325283 0.911477 0.490728 0.249405 0.748431
67.600000 0.314090 0.772594 0.195892 0.325357 0.912139 0.490920 0.249686 0.748859
67.800000 0.314058 0.773006 0.195971 0.325913 0.912640 0.491021 0.249811 0.749282
68.000000 0.314103 0.772958 0.196159 0.326332 0.913369 0.490969 0.250022 0.749784
68.200000 0.314015 0.772809 0.196140 0.326682 0.913761 0.490996 0.250208 0.750085
68.400000 0.314013 0.772991 0.196022 0.327020 0.914294 0.491141 0.250325 0.750468
68.600000 0.313883 0.772994 0.196123 0.327450 0.914869 0.491114 0.250655 0.750989
68.800000 0.313830 0.773158 0.196341 0.327879 0.915367 0.491264 0.250667 0.751280
69.000000 0.313820 0.772998 0.196283 0.327934 0.916035 0.491267 0.250726 0.751582
69.200000 0.313801 0.773095 0.196264 0.328413 0.916370 0.491197 0.251065 0.751981
69.400000 0.313775 0.773105 0.196230 0.328793 0.916779 0.491395 0.251185 0.752295
69.600000 0.313678 0.773124 0.196376 0.329263 0.917117 0.491413 0.251099 0.752562
69.800000 0.313655 0.773055 0.196422 0.329430 0.917571 0.491448 0.251418 0.752771
70.000000 0.313377 0.772912 0.196428 0.329722 0.918025 0.491291 0.251604 0.753123
70.200000 0.313532 0.773076 0.196631 0.330091 0.918349 0.491438 0.251805 0.753567
70.400000 0.313521 0.773224 0.196458 0.330466 0.918927 0.491535 0.251959 0.753794
70.600000 0.313525 0.773178 0.196561 0.330731 0.919198 0.491527 0.252098 0.754013
70.800000 0.313510 0.773076 0.196609 0.330942 0.919501 0.491362 0.252335 0.754492
71.000000 0.313453 0.773299 0.196651 0.331287 0.920221 0.491872 0.252237 0.754764
71.200000 0.313512 0.773246 0.196466 0.331590 0.920453 0.491736 0.252580 0.755046
71.400000 0.313414 0.773168 0.196680 0.331999 0.921106 0.491639 0.252625 0.755410
71.600000 0.313266 0.773274 0.196542 0.332236 0.921456 0.491734 0.252401 0.755669
71.800000 0.313283 0.773314 0.196744 0.332514 0.921549 0.491867 0.252931 0.755849
72.000000 0.313342 0.773438 0.196728 0.333094 0.921990 0.491962 0.253098 0.756084
72.200000 0.313364 0.773228 0.196714 0.333166 0.922146 0.491835 0.253246 0.756369
72.400000 0.313364 0.773144 0.196611 0.333533 0.922572 0.491862 0.253300 0.756693
72.600000 0.313230 0.773224 0.196723 0.333778 0.922968 0.491865 0.253506 0.756853
72.800000 0.313256 0.773281 0.196839 0.334297 0.923446 0.492154 0.253651 0.757132
73.000000 0.313210 0.773271 0.196926 0.334407 0.923873 0.492106 0.253583 0.757234
73.200000 0.313175 0.773091 0.196962 0.334653 0.923689 0.492071 0.253787 0.757507
73.400000 0.313176 0.773214 0.196874 0.334963 0.924240 0.492125 0.253913 0.757634
73.600000 0.313215 0.773310 0.197021 0.335277 0.924778 0.492286 0.254061 0.758145
73.800000 0.313061 0.773251 0.196993 0.335665 0.924910 0.491847 0.254246 0.758301
74.000000 0.313069 0.773094 0.197070 0.336012 0.925257 0.492172 0.254433 0.758402
74.200000 0.313053 0.773187 0.197105 0.336292 0.925660 0.492339 0.254602 0.758533
74.400000 0.312862 0.773149 0.197158 0.336571 0.925632 0.492468 0.254574 0.758969
74.600000 0.313019 0.773146 0.196994 0.336855 0.926346 0.492441 0.254778 0.759093
74.800000 0.313007 0.773264 0.197186 0.337057 0.926367 0.492469 0.254787 0.759407
75.000000 0.312684 0.773218 0.197179 0.337389 0.926954 0.492489 0.255076 0.759696
75.200000 0.312856 0.773200 0.197203 0.337582 0.927112 0.492637 0.255273 0.759653
75.400000 0.312872 0.773267 0.197198 0.337831 0.927550 0.492559 0.255286 0.760163
75.600000 0.312909 0.772941 0.197408 0.338250 0.927604 0.492605 0.255358 0.759927
75.800000 0.312680 0.773033 0.197257 0.338348 0.927707 0.492556 0.255520 0.760335
76.000000 0.312709 0.773109 0.197365 0.338891 0.927914 0.492803 0.255625 0.760473
76.200000 0.312794 0.773138 0.197154 0.338920 0.928258 0.492737 0.255688 0.760579
76.400000 0.312671 0.772863 0.197178 0.339178 0.928492 0.492643 0.255677 0.760871
76.600000 0.312727 0.773086 0.197424 0.339497 0.928711 0.492864 0.255893 0.761024
76.800000 0.312817 0.773165 0.197300 0.339242 0.929123 0.493059 0.255942 0.761293
77.000000 0.312752 0.773211 0.197426 0.340073 0.929371 0.493164 0.256134 0.761408
77.200000 0.312732 0.773043 0.197549 0.340416 0.929120 0.493012 0.256323 0.761319
77.400000 0.312523 0.773155 0.197446 0.340546 0.929633 0.493087 0.256318 0.761492
77.600000 0.312688 0.773351 0.197489 0.340681 0.929887 0.493156 0.256447 0.761595
77.800000 0.312502 0.773281 0.197399 0.340979 0.929949 0.493028 0.256615 0.761730
78.000000 0.312508 0.773733 0.197493 0.341264 0.930323 0.493234 0.256738 0.762092
78.200000 0.312597 0.773846 0.197554 0.341549 0.930574 0.493190 0.256776 0.762308
78.400000 0.312632 0.773973 0.197659 0.341663 0.930674 0.493353 0.256848 0.762345
78.600000 0.312537 0.773892 0.197468 0.342001 0.930830 0.493191 0.256865 0.762342
78.800000 0.312569 0.773639 0.197672 0.342214 0.931183 0.493296 0.256984 0.762498
79.000000 0.312570 0.773419 0.197687 0.342424 0.931345 0.493436 0.257067 0.762859
79.200000 0.312520 0.773225 0.197695 0.342585 0.931015 0.493348 0.257183 0.762929
79.400000 0.273448 0.773206 0.197659 0.342887 0.931557 0.493614 0.257151 0.762840
79.600000 0.273450 0.773190 0.197638 0.343024 0.931767 0.493378 0.257384 0.763252
79.800000 0.312583 0.773279 0.197620 0.343542 0.932036 0.493607 0.257494 0.763389
80.000000 0.312582 0.773261 0.197723 0.343815 0.932399 0.493497 0.257422 0.763523
80.200000 0.312471 0.773190 0.197637 0.343977 0.932430 0.493741 0.257590 0.763590
80.400000 0.273563 0.773304 0.197776 0.344116 0.932643 0.493748 0.257829 0.763851
80.600000 0.312494 0.773338 0.197809 0.344499 0.932651 0.493711 0.257998 0.763768
80.800000 0.312553 0.773212 0.197798 0.344433 0.933027 0.493713 0.258156 0.763878
81.000000 0.312318 0.773212 0.197894 0.344959 0.932817 0.493555 0.257990 0.764018
81.200000 0.312480 0.773212 0.198040 0.345039 0.933330 0.493860 0.258040 0.764156
81.400000 0.312532 0.773222 0.197839 0.345426 0.933391 0.493797 0.258043 0.764083
81.600000 0.273556 0.773367 0.197970 0.345477 0.933638 0.493863 0.258206 0.764369
81.800000 0.312571 0.773337 0.197997 0.345911 0.933793 0.493964 0.258265 0.764556
82.000000 0.312375 0.773034 0.197814 0.345845 0.933731 0.493886 0.258341 0.764460
82.200000 0.312485 0.773229 0.197938 0.345924 0.933971 0.494049 0.258386 0.764579
82.400000 0.312480 0.773362 0.198014 0.346206 0.934038 0.494062 0.258542 0.764909
82.600000 0.312422 0.773918 0.198058 0.346489 0.934477 0.494197 0.258496 0.764937
82.800000 0.312404 0.773449 0.198039 0.346744 0.934552 0.494148 0.258495 0.764971
83.000000 0.312441 0.773294 0.198179 0.346721 0.934694 0.494167 0.258678 0.764979
83.200000 0.312201 0.773231 0.198206 0.347103 0.934641 0.494268 0.258670 0.765087
83.400000 0.312321 0.772907 0.198068 0.347290 0.934788 0.494366 0.258824 0.765190
83.600000 0.312310 0.772933 0.197978 0.347420 0.934957 0.494351 0.259084 0.765275
83.800000 0.312282 0.772873 0.198130 0.347647 0.935310 0.494325 0.258954 0.765287
84.000000 0.312139 0.772838 0.198132 0.347800 0.935505 0.494325 0.258969 0.765417
84.200000 0.312109 0.772709 0.198178 0.348010 0.935378 0.494343 0.259073 0.765684
84.400000 0.312067 0.772868 0.198211 0.348112 0.935474 0.494404 0.258955 0.765607
84.600000 0.311893 0.772593 0.198023 0.348407 0.935553 0.494490 0.259100 0.765820
84.800000 0.311891 0.772761 0.198150 0.348648 0.935633 0.494510 0.259357 0.765694
85.000000 0.311925 0.772771 0.198236 0.348759 0.935949 0.494605 0.259177 0.765910
85.200000 0.312019 0.772746 0.198262 0.348827 0.935924 0.494599 0.259539 0.765966
85.400000 0.311935 0.772713 0.198310 0.349008 0.935876 0.494627 0.259515 0.766018
85.600000 0.311950 0.772545 0.198116 0.349318 0.936099 0.494626 0.259470 0.766003
85.800000 0.311770 0.772774 0.198430 0.349483 0.936350 0.494559 0.259645 0.766186
86.000000 0.311973 0.772855 0.198478 0.349759 0.936290 0.494786 0.259600 0.766335
86.200000 0.311844 0.772593 0.198382 0.349984 0.936676 0.494798 0.259751 0.766211
86.400000 0.311887 0.772835 0.198309 0.349929 0.936441 0.494814 0.259779 0.766193
86.600000 0.311863 0.772634 0.198287 0.350322 0.936608 0.494795 0.259848 0.766384
86.800000 0.311751 0.772480 0.198263 0.350454 0.936617 0.494900 0.259804 0.766584
87.000000 0.311706 0.772505 0.198260 0.350545 0.936762 0.494733 0.259894 0.766509
87.200000 0.311730 0.772494 0.198475 0.350648 0.936609 0.494657 0.259834 0.766460
87.400000 0.311719 0.772657 0.198422 0.350972 0.937058 0.494894 0.260025 0.766724
87.600000 0.311636 0.772528 0.198312 0.351030 0.936891 0.494915 0.260097 0.766716
87.800000 0.311671 0.772405 0.198447 0.351313 0.937287 0.495096 0.260059 0.766798
88.000000 0.311633 0.772405 0.198474 0.351415 0.937371 0.495089 0.260099 0.767009
88.200000 0.311651 0.772517 0.198411 0.351456 0.937241 0.495107 0.260215 0.766838
88.400000 0.311422 0.772322 0.198483 0.351624 0.937472 0.495294 0.260294 0.766875
88.600000 0.311433 0.772314 0.198383 0.351877 0.937356 0.495029 0.260442 0.766997
88.800000 0.311469 0.772390 0.198542 0.352103 0.937634 0.495156 0.260444 0.766967
89.000000 0.311721 0.772364 0.198633 0.352171 0.898545 0.495445 0.260465 0.767096
89.200000 0.311599 0.772382 0.198528 0.352348 0.937827 0.495178 0.260336 0.767062
89.400000 0.311595 0.772340 0.198514 0.352577 0.937799 0.495384 0.260531 0.767231
89.600000 0.311623 0.772365 0.198526 0.352720 0.937588 0.495362 0.260535 0.767207
89.800000 0.311570 0.772255 0.198256 0.352879 0.898482 0.495406 0.260440 0.767222
90.000000 0.311645 0.772134 0.198579 0.353032 0.938104 0.495337 0.260652 0.767307
