0.200000 0.204206 0.346426 0.169673 0.173795 0.289035 0.726184 0.263444 0.218812
0.400000 0.204215 0.346354 0.169530 0.173759 0.288975 0.726075 0.263357 0.218897
0.600000 0.204239 0.346290 0.169786 0.173910 0.288940 0.726248 0.263316 0.218856
0.800000 0.204045 0.346256 0.169706 0.173786 0.288726 0.726018 0.263066 0.218783
1.000000 0.204223 0.345973 0.169804 0.173741 0.288723 0.725947 0.263132 0.218713
1.200000 0.204178 0.346189 0.169575 0.173772 0.288761 0.726081 0.263363 0.218689
1.400000 0.204211 0.345925 0.169796 0.173647 0.288460 0.726050 0.263178 0.218509
1.600000 0.204192 0.345953 0.169655 0.173726 0.288435 0.725928 0.263084 0.218611
1.800000 0.204216 0.345898 0.169562 0.173669 0.288276 0.726089 0.263024 0.218399
2.000000 0.204188 0.345942 0.169808 0.173731 0.288389 0.725969 0.263004 0.218532
2.200000 0.204040 0.345845 0.169596 0.173706 0.288287 0.725915 0.262941 0.218378
2.400000 0.204172 0.346028 0.169666 0.173775 0.288079 0.725921 0.262759 0.218481
2.600000 0.204169 0.345675 0.169602 0.173751 0.287966 0.725861 0.262852 0.218301
2.800000 0.204297 0.345753 0.169551 0.173671 0.287859 0.725737 0.262786 0.218214
3.000000 0.204017 0.345504 0.169733 0.173879 0.287806 0.725623 0.262836 0.218210
3.200000 0.204010 0.345653 0.169579 0.173906 0.287756 0.725728 0.262618 0.218212
3.400000 0.204222 0.345681 0.169771 0.173737 0.287575 0.725798 0.262736 0.218246
3.600000 0.204199 0.345571 0.169809 0.173697 0.287557 0.725600 0.262472 0.218177
3.800000 0.204193 0.345649 0.169666 0.173888 0.287536 0.725556 0.262671 0.218065
4.000000 0.204284 0.345313 0.169477 0.173720 0.287423 0.725449 0.262535 0.218005
4.200000 0.204211 0.345510 0.169593 0.173780 0.287391 0.725785 0.262547 0.218156
4.400000 0.204160 0.345217 0.169596 0.173768 0.287258 0.725331 0.262505 0.217931
4.600000 0.204207 0.345220 0.169590 0.173729 0.287035 0.725435 0.262314 0.217959
4.800000 0.204191 0.345271 0.169668 0.173717 0.286916 0.725527 0.262381 0.217757
5.000000 0.204021 0.345143 0.169609 0.173515 0.286905 0.725371 0.262443 0.217848
5.200000 0.204129 0.345036 0.169653 0.173577 0.286824 0.725324 0.262308 0.217683
5.400000 0.204104 0.345048 0.169507 0.173769 0.286710 0.725333 0.262202 0.217708
5.600000 0.204065 0.344969 0.169622 0.173520 0.286440 0.725005 0.262162 0.217609
5.800000 0.204077 0.344779 0.169510 0.173544 0.286199 0.724909 0.262020 0.217572
6.000000 0.204011 0.344791 0.169660 0.173517 0.286123 0.724712 0.261841 0.217580
6.200000 0.203975 0.344727 0.169392 0.173511 0.286080 0.724406 0.261743 0.217285
6.400000 0.203782 0.344513 0.169224 0.173430 0.285842 0.724015 0.261681 0.217190
6.600000 0.203858 0.344298 0.169402 0.173591 0.285629 0.724028 0.261682 0.217077
6.800000 0.203976 0.344377 0.169662 0.173359 0.285572 0.723867 0.261519 0.216874
7.000000 0.203858 0.344296 0.169248 0.173410 0.285417 0.723611 0.261448 0.216969
7.200000 0.203987 0.343795 0.169434 0.173622 0.285215 0.723644 0.261354 0.216790
7.400000 0.204009 0.344220 0.169247 0.173351 0.285134 0.723592 0.261327 0.216773
7.600000 0.203980 0.343943 0.169220 0.173371 0.284929 0.723543 0.261081 0.216888
7.800000 0.203958 0.343990 0.169365 0.173407 0.284819 0.723444 0.261197 0.216716
8.000000 0.203957 0.343927 0.169399 0.173471 0.284584 0.723337 0.261120 0.216798
8.200000 0.203929 0.343769 0.169245 0.173416 0.284595 0.723252 0.260957 0.216551
8.400000 0.203936 0.343646 0.169401 0.173438 0.284478 0.723143 0.260954 0.216516
8.600000 0.203915 0.343642 0.169326 0.173358 0.284379 0.722979 0.260912 0.216438
8.800000 0.203920 0.343716 0.168690 0.173383 0.284203 0.723261 0.260662 0.216403
9.000000 0.203955 0.343707 0.169500 0.173408 0.283968 0.722947 0.260627 0.216464
9.200000 0.203950 0.343610 0.169278 0.173220 0.284193 0.722870 0.260725 0.216323
9.400000 0.204003 0.343377 0.169281 0.173410 0.283708 0.722647 0.260320 0.216064
9.600000 0.203895 0.343294 0.169319 0.173404 0.283732 0.722628 0.260595 0.216182
9.800000 0.203859 0.343287 0.169253 0.173350 0.283577 0.722567 0.260499 0.216081
10.000000 0.203859 0.343286 0.169092 0.173315 0.283539 0.722445 0.260480 0.216042
10.200000 0.203855 0.343318 0.169305 0.173492 0.283317 0.722389 0.260308 0.215954
10.400000 0.203725 0.343058 0.169256 0.173464 0.283278 0.722231 0.260465 0.216022
10.600000 0.203732 0.342956 0.169300 0.173464 0.283126 0.722185 0.260186 0.215827
10.800000 0.203706 0.342783 0.169103 0.173227 0.283023 0.721959 0.259981 0.215688
11.000000 0.203883 0.342938 0.169269 0.173208 0.282879 0.721873 0.260121 0.215708
11.200000 0.203705 0.342782 0.169085 0.173264 0.282757 0.721813 0.259863 0.215389
11.400000 0.203847 0.342795 0.169238 0.173271 0.282609 0.721725 0.259947 0.215391
11.600000 0.203810 0.342571 0.169112 0.173371 0.282291 0.721458 0.259720 0.215281
11.800000 0.203819 0.342712 0.169260 0.173290 0.282428 0.721602 0.259879 0.215432
12.000000 0.203483 0.342595 0.169212 0.173190 0.282093 0.721293 0.259801 0.215335
12.200000 0.203757 0.342522 0.169293 0.173470 0.282018 0.721431 0.259596 0.215316
12.400000 0.203837 0.342437 0.169180 0.173298 0.282033 0.721415 0.259677 0.215206
12.600000 0.203778 0.342311 0.169213 0.173314 0.281897 0.721117 0.259444 0.215047
12.800000 0.203745 0.342209 0.169160 0.173236 0.281261 0.720871 0.259451 0.215110
13.000000 0.203798 0.342242 0.169173 0.173159 0.281608 0.721175 0.259522 0.215101
13.200000 0.203797 0.342181 0.169114 0.173160 0.281377 0.720844 0.259271 0.214868
13.400000 0.203803 0.342156 0.169197 0.173284 0.281405 0.720918 0.259334 0.214980
13.600000 0.203828 0.342073 0.169122 0.173284 0.281271 0.720890 0.259297 0.214940
13.800000 0.203849 0.342013 0.169068 0.173265 0.281222 0.720813 0.259234 0.214693
14.000000 0.203683 0.341842 0.169157 0.173255 0.281127 0.720684 0.259143 0.214840
14.200000 0.203790 0.341863 0.169130 0.173190 0.281073 0.720807 0.259119 0.214803
14.400000 0.203813 0.341946 0.169133 0.173186 0.281182 0.720831 0.259182 0.214729
14.600000 0.203834 0.341852 0.169193 0.173109 0.280924 0.720899 0.259219 0.214799
14.800000 0.203825 0.342073 0.169143 0.173314 0.280858 0.720762 0.259200 0.214716
15.000000 0.203844 0.341684 0.169168 0.173271 0.281200 0.720631 0.259214 0.214689
15.200000 0.203848 0.341785 0.169226 0.173246 0.280863 0.720602 0.259004 0.214446
15.400000 0.203813 0.341607 0.169299 0.173295 0.280635 0.720512 0.258996 0.214576
15.600000 0.203802 0.341638 0.169138 0.173243 0.280319 0.720325 0.258999 0.214575
15.800000 0.203751 0.341628 0.169086 0.173293 0.280322 0.720105 0.258864 0.214396
16.000000 0.203809 0.341395 0.169122 0.173240 0.280340 0.720448 0.258921 0.214419
16.200000 0.203900 0.341651 0.169193 0.173397 0.280712 0.721288 0.259161 0.214596
16.400000 0.203995 0.341795 0.169450 0.173631 0.280708 0.721486 0.259315 0.214692
16.600000 0.204003 0.341753 0.169520 0.173520 0.280684 0.721496 0.259379 0.214713
16.800000 0.203943 0.341548 0.169406 0.173365 0.280585 0.721510 0.259140 0.214630
17.000000 0.203973 0.341735 0.169321 0.173627 0.280517 0.721492 0.259253 0.214663
17.200000 0.203953 0.341504 0.169321 0.173354 0.280463 0.721238 0.259203 0.214591
17.400000 0.204089 0.341535 0.169376 0.173351 0.280570 0.721365 0.259149 0.214564
17.600000 0.204005 0.341540 0.169432 0.173445 0.280239 0.721236 0.258999 0.214524
17.800000 0.203996 0.341607 0.169487 0.173566 0.280334 0.721147 0.259162 0.214428
18.000000 0.203976 0.341596 0.169485 0.173345 0.280238 0.721216 0.259016 0.214525
18.200000 0.203990 0.341558 0.169272 0.173468 0.280181 0.721247 0.259031 0.214317
18.400000 0.203923 0.341575 0.169237 0.173352 0.280112 0.721120 0.259051 0.214363
18.600000 0.203956 0.341234 0.169436 0.173462 0.280068 0.721160 0.259226 0.214236
18.800000 0.203862 0.341449 0.169378 0.173414 0.280129 0.721275 0.259035 0.214343
19.000000 0.203987 0.341218 0.169352 0.173444 0.279879 0.721091 0.259022 0.214385
19.200000 0.203956 0.341272 0.169320 0.173444 0.279700 0.720927 0.259008 0.214159
19.400000 0.203975 0.341197 0.169461 0.173352 0.279950 0.721083 0.258970 0.214360
19.600000 0.203893 0.340995 0.169252 0.173461 0.279775 0.721033 0.258961 0.214192
19.800000 0.203944 0.341109 0.169162 0.173375 0.279695 0.720903 0.259074 0.214095
20.000000 0.203981 0.341154 0.169156 0.173395 0.279569 0.720974 0.258995 0.213998
20.200000 0.204130 0.340940 0.169355 0.173452 0.279582 0.720791 0.258921 0.214058
20.400000 0.203999 0.341271 0.169519 0.173385 0.279525 0.721072 0.258801 0.214003
20.600000 0.203981 0.340987 0.169336 0.173605 0.279508 0.720689 0.258864 0.214064
20.800000 0.203972 0.341206 0.169383 0.173641 0.279359 0.720853 0.258868 0.214022
21.000000 0.204002 0.340996 0.169484 0.173544 0.279358 0.720689 0.258875 0.213810
21.200000 0.203947 0.340931 0.169364 0.173345 0.279114 0.720766 0.258815 0.214041
21.400000 0.203992 0.341144 0.169420 0.173538 0.279278 0.720744 0.258876 0.213792
21.600000 0.203990 0.340782 0.169362 0.173377 0.279158 0.720807 0.258914 0.213844
21.800000 0.203964 0.340904 0.169463 0.173512 0.279131 0.720925 0.258833 0.213909
22.000000 0.204126 0.340831 0.169520 0.173541 0.279107 0.720674 0.258825 0.213859
22.200000 0.203994 0.340943 0.169343 0.173637 0.279067 0.720946 0.258869 0.214032
22.400000 0.203958 0.340627 0.169323 0.173529 0.278985 0.720808 0.258829 0.213804
22.600000 0.203963 0.340813 0.169495 0.173423 0.278837 0.720880 0.258819 0.213758
22.800000 0.203980 0.340823 0.169337 0.173582 0.278901 0.720716 0.258883 0.213769
23.000000 0.203950 0.340604 0.169246 0.173062 0.278655 0.720581 0.258780 0.213900
23.200000 0.203965 0.340709 0.169274 0.173625 0.278683 0.720558 0.258747 0.213649
23.400000 0.203971 0.340618 0.169361 0.173543 0.278790 0.720602 0.258738 0.213486
23.600000 0.203977 0.340542 0.169465 0.173652 0.278511 0.720662 0.258896 0.213484
23.800000 0.203861 0.340699 0.169261 0.173538 0.278503 0.720553 0.258836 0.213615
24.000000 0.204098 0.340734 0.169494 0.173538 0.278648 0.720460 0.258914 0.213561
24.200000 0.204005 0.340524 0.169440 0.173548 0.278674 0.720649 0.258899 0.213564
24.400000 0.203900 0.340231 0.169262 0.173582 0.278586 0.720609 0.258745 0.213580
24.600000 0.204143 0.340459 0.169310 0.173474 0.278204 0.720519 0.258755 0.213487
24.800000 0.203970 0.340418 0.169283 0.173612 0.278337 0.720170 0.258627 0.213389
25.000000 0.203978 0.340453 0.169292 0.173494 0.278168 0.720436 0.258728 0.213574
25.200000 0.203993 0.340412 0.169094 0.173469 0.278280 0.720412 0.258714 0.213355
25.400000 0.203961 0.340329 0.169307 0.173510 0.278079 0.720202 0.258601 0.213463
25.600000 0.203976 0.340168 0.169337 0.173640 0.277849 0.720335 0.258337 0.213316
25.800000 0.203981 0.340123 0.169271 0.173569 0.277917 0.719915 0.258568 0.213196
26.000000 0.203928 0.340248 0.169268 0.173571 0.277836 0.720022 0.258520 0.213252
26.200000 0.203992 0.340118 0.169333 0.173541 0.277643 0.719977 0.258554 0.213016
26.400000 0.203992 0.340006 0.169232 0.173494 0.277706 0.719999 0.258469 0.213074
26.600000 0.204005 0.340005 0.169080 0.173304 0.277667 0.719855 0.258601 0.213015
26.800000 0.203978 0.340020 0.169222 0.173354 0.277702 0.719797 0.258604 0.213112
27.000000 0.204001 0.339990 0.169232 0.173546 0.277646 0.719817 0.258346 0.213136
27.200000 0.203955 0.340008 0.169354 0.173422 0.277482 0.719721 0.258452 0.212947
27.400000 0.203933 0.339819 0.169250 0.173464 0.277386 0.719724 0.258413 0.212957
27.600000 0.203944 0.339665 0.169129 0.173587 0.277372 0.719490 0.258415 0.212884
27.800000 0.203899 0.339791 0.169248 0.173483 0.277146 0.719510 0.258409 0.212932
28.000000 0.204116 0.339819 0.169242 0.173475 0.277134 0.719374 0.258363 0.212997
28.200000 0.203924 0.339761 0.169072 0.173482 0.277035 0.719561 0.258179 0.212917
28.400000 0.203963 0.339728 0.169231 0.173430 0.276994 0.719320 0.258275 0.212747
28.600000 0.203958 0.339508 0.169168 0.173451 0.276852 0.719065 0.258233 0.212563
28.800000 0.203921 0.339654 0.169072 0.173264 0.276914 0.719000 0.258322 0.212686
29.000000 0.203955 0.339623 0.169312 0.173426 0.276749 0.719209 0.258260 0.212845
29.200000 0.203915 0.339544 0.169104 0.173156 0.276625 0.718872 0.258172 0.212535
29.400000 0.203919 0.339649 0.169206 0.173342 0.276616 0.718876 0.258102 0.212418
29.600000 0.203841 0.339319 0.169097 0.173421 0.276387 0.718837 0.258020 0.212333
29.800000 0.203866 0.339226 0.169169 0.173456 0.276426 0.718754 0.258048 0.212277
30.000000 0.203918 0.339308 0.169169 0.173295 0.276047 0.718588 0.257877 0.212276
30.200000 0.203760 0.339342 0.168852 0.173474 0.276296 0.718557 0.258017 0.212259
30.400000 0.203942 0.339087 0.169173 0.173351 0.276070 0.718359 0.258020 0.212119
30.600000 0.203893 0.339050 0.168980 0.173386 0.275890 0.718137 0.257871 0.212228
30.800000 0.204114 0.338983 0.169076 0.173326 0.275871 0.718024 0.257804 0.212155
31.000000 0.204256 0.339236 0.168961 0.173327 0.275846 0.717958 0.257738 0.212186
31.200000 0.204559 0.339001 0.169164 0.173361 0.275713 0.717912 0.257807 0.212086
31.400000 0.204811 0.338969 0.169084 0.173194 0.275455 0.717759 0.257767 0.211967
31.600000 0.204930 0.338854 0.169203 0.173242 0.275270 0.717740 0.257730 0.211876
31.800000 0.205331 0.338612 0.168971 0.173012 0.275148 0.717571 0.257900 0.211896
32.000000 0.205643 0.338715 0.169043 0.173329 0.275123 0.717504 0.258178 0.211792
32.200000 0.205893 0.338710 0.169109 0.173293 0.275037 0.717384 0.257906 0.211832
32.400000 0.206196 0.338591 0.169132 0.173261 0.274949 0.717446 0.258104 0.211738
32.600000 0.206512 0.338466 0.169011 0.173461 0.274848 0.717375 0.258357 0.211678
32.800000 0.206733 0.338264 0.169032 0.173194 0.274676 0.717273 0.258608 0.211547
33.000000 0.207060 0.338439 0.168943 0.173249 0.274760 0.717138 0.258694 0.211556
33.200000 0.207362 0.338367 0.169026 0.173267 0.274510 0.717062 0.258794 0.211385
33.400000 0.207583 0.338319 0.169100 0.173152 0.274557 0.717138 0.259244 0.211422
33.600000 0.207897 0.338396 0.169081 0.173595 0.274379 0.717029 0.259249 0.211440
33.800000 0.208207 0.338259 0.169167 0.173247 0.274452 0.717063 0.259461 0.211362
34.000000 0.208418 0.338262 0.169204 0.173325 0.274414 0.716912 0.259767 0.211288
34.200000 0.208641 0.338092 0.169188 0.173314 0.274475 0.716801 0.259941 0.211325
34.400000 0.208907 0.338036 0.168993 0.173324 0.274309 0.716633 0.260192 0.211330
34.600000 0.209144 0.337932 0.169044 0.173297 0.274215 0.716664 0.260351 0.211252
34.800000 0.209351 0.337971 0.169029 0.173233 0.274350 0.716471 0.260850 0.211065
35.000000 0.209417 0.337864 0.169007 0.173244 0.274127 0.716549 0.260978 0.211331
35.200000 0.209754 0.338119 0.168952 0.173234 0.274095 0.716416 0.261314 0.211303
35.400000 0.209920 0.337961 0.168948 0.173315 0.274012 0.716228 0.261801 0.211169
35.600000 0.210105 0.337802 0.168840 0.173196 0.273770 0.716243 0.261732 0.210748
35.800000 0.210256 0.337798 0.169015 0.173239 0.273920 0.715957 0.261886 0.210925
36.000000 0.210403 0.337739 0.169061 0.173281 0.273801 0.715655 0.262265 0.210952
36.200000 0.210505 0.337607 0.168998 0.173206 0.273616 0.715658 0.262370 0.210924
36.400000 0.210652 0.337598 0.168870 0.173258 0.273684 0.715448 0.262743 0.210947
36.600000 0.210738 0.337602 0.168781 0.173271 0.273457 0.715097 0.262883 0.210812
36.800000 0.210995 0.337426 0.168660 0.173075 0.273541 0.714835 0.262931 0.210707
37.000000 0.210760 0.337315 0.168673 0.173001 0.273145 0.714006 0.262994 0.210362
37.200000 0.210999 0.337178 0.168560 0.173024 0.272836 0.713492 0.263214 0.210175
37.400000 0.210903 0.336779 0.168265 0.172701 0.272418 0.712115 0.262860 0.210000
37.600000 0.210962 0.336594 0.168144 0.172400 0.271775 0.710481 0.262869 0.209645
37.800000 0.210992 0.336754 0.168196 0.172535 0.272059 0.711209 0.263065 0.209959
38.000000 0.210934 0.336489 0.168031 0.172293 0.271866 0.710950 0.263051 0.209530
38.200000 0.210893 0.336276 0.167946 0.172233 0.271154 0.709203 0.262717 0.209003
38.400000 0.210619 0.335238 0.167363 0.171519 0.269867 0.705884 0.261754 0.208140
38.600000 0.209953 0.334430 0.166610 0.170719 0.267556 0.699533 0.260087 0.206914
38.800000 0.210997 0.335714 0.167777 0.172260 0.270457 0.708166 0.263032 0.208772
39.000000 0.209238 0.335318 0.167751 0.172362 0.270743 0.709574 0.263781 0.209275
39.200000 0.211701 0.336603 0.168601 0.172918 0.271668 0.711736 0.264843 0.209730
39.400000 0.211854 0.336835 0.168589 0.173044 0.271837 0.712064 0.265186 0.209884
39.600000 0.211946 0.336913 0.168756 0.172977 0.271971 0.711932 0.265438 0.209859
39.800000 0.212020 0.336704 0.168564 0.172929 0.271859 0.711602 0.265543 0.209785
40.000000 0.212020 0.336874 0.168307 0.173011 0.271731 0.711391 0.265772 0.209808
40.200000 0.212233 0.336986 0.168694 0.173150 0.272176 0.712533 0.266353 0.210105
40.400000 0.212457 0.337266 0.168796 0.173296 0.272516 0.713091 0.267026 0.210252
40.600000 0.212513 0.337346 0.168636 0.173255 0.272572 0.713094 0.267296 0.210332
40.800000 0.212692 0.337566 0.168808 0.173087 0.272765 0.713426 0.267509 0.210372
41.000000 0.212656 0.337707 0.168823 0.173423 0.272992 0.713855 0.267975 0.210713
41.200000 0.212857 0.337826 0.169050 0.173444 0.273306 0.714367 0.268475 0.210778
41.400000 0.213065 0.337988 0.169216 0.173634 0.273635 0.714882 0.268984 0.210959
41.600000 0.212880 0.338018 0.169209 0.173684 0.273886 0.714769 0.269253 0.211148
41.800000 0.213147 0.338141 0.169139 0.173899 0.274015 0.714892 0.269603 0.211220
42.000000 0.213130 0.338541 0.169070 0.173871 0.274262 0.715379 0.270023 0.211324
42.200000 0.213280 0.338711 0.169158 0.173828 0.274393 0.715571 0.270390 0.211350
42.400000 0.213457 0.338639 0.169340 0.173828 0.274597 0.715316 0.270690 0.211557
42.600000 0.213340 0.338829 0.169083 0.173718 0.274761 0.715564 0.270910 0.211583
42.800000 0.213406 0.338937 0.169070 0.173443 0.274883 0.715878 0.271227 0.211539
43.000000 0.213262 0.338810 0.169192 0.173758 0.274867 0.715781 0.271303 0.211228
43.200000 0.213311 0.338916 0.168915 0.173892 0.275066 0.715785 0.271692 0.211507
43.400000 0.213541 0.339326 0.169293 0.174023 0.275443 0.716159 0.272456 0.211802
43.600000 0.213493 0.339496 0.169079 0.173885 0.275641 0.716252 0.272659 0.211879
43.800000 0.213529 0.339414 0.169263 0.173818 0.276011 0.716120 0.273021 0.212061
44.000000 0.213565 0.339462 0.169300 0.173898 0.276046 0.716500 0.273231 0.212003
44.200000 0.213547 0.339637 0.168976 0.173953 0.276296 0.716515 0.273535 0.212169
44.400000 0.213565 0.339693 0.169177 0.173932 0.276277 0.716382 0.273871 0.212212
44.600000 0.213574 0.339724 0.169085 0.173850 0.276468 0.716096 0.273744 0.212266
44.800000 0.213582 0.339721 0.169121 0.173785 0.276479 0.716158 0.274066 0.212303
45.000000 0.213551 0.339832 0.169068 0.173934 0.276510 0.715968 0.274336 0.212313
45.200000 0.213587 0.339887 0.169118 0.174051 0.276725 0.716220 0.274733 0.212111
45.400000 0.213507 0.339968 0.169111 0.174095 0.276859 0.716267 0.275035 0.212532
45.600000 0.213627 0.340388 0.168982 0.173911 0.276918 0.716500 0.275196 0.212521
45.800000 0.213638 0.340312 0.168915 0.173947 0.277142 0.716527 0.275305 0.212573
46.000000 0.213704 0.340423 0.169169 0.174058 0.277190 0.716340 0.275459 0.212656
46.200000 0.213700 0.340572 0.169189 0.174028 0.277342 0.716220 0.275577 0.212615
46.400000 0.213761 0.340471 0.168970 0.173905 0.277399 0.715577 0.275878 0.212609
46.600000 0.213479 0.340542 0.169004 0.174096 0.277349 0.715718 0.275880 0.212638
46.800000 0.213481 0.340625 0.168996 0.173965 0.277709 0.715917 0.276296 0.212752
47.000000 0.213496 0.340667 0.169016 0.173818 0.277642 0.715869 0.276287 0.212798
47.200000 0.213485 0.340825 0.168933 0.173695 0.277845 0.715547 0.276755 0.212806
47.400000 0.213565 0.340723 0.168851 0.173765 0.277578 0.714799 0.276514 0.212657
47.600000 0.213363 0.340420 0.168593 0.173515 0.277062 0.713396 0.276036 0.212326
47.800000 0.213135 0.340085 0.168237 0.173273 0.276701 0.712198 0.276023 0.212044
48.000000 0.212944 0.339701 0.167957 0.172970 0.275949 0.710177 0.275136 0.211486
48.200000 0.212975 0.339705 0.167979 0.172804 0.276154 0.710207 0.275269 0.211618
48.400000 0.213512 0.340936 0.168926 0.173904 0.277734 0.714834 0.277310 0.212871
48.600000 0.213474 0.340884 0.168983 0.173964 0.277753 0.715303 0.277528 0.212914
48.800000 0.213738 0.341157 0.169123 0.174000 0.277994 0.715483 0.277801 0.213099
49.000000 0.213863 0.341744 0.169278 0.174339 0.278871 0.717160 0.278575 0.213583
49.200000 0.213982 0.341733 0.169272 0.174316 0.279166 0.717403 0.278831 0.213695
49.400000 0.214009 0.342057 0.169375 0.174448 0.279503 0.717630 0.279315 0.214070
49.600000 0.214201 0.342191 0.169600 0.174488 0.279589 0.718131 0.279748 0.214035
49.800000 0.214064 0.342363 0.169451 0.174440 0.279830 0.718297 0.279725 0.214072
50.000000 0.214162 0.342410 0.169455 0.174597 0.280044 0.718232 0.280092 0.214328
50.200000 0.214096 0.342852 0.169501 0.174541 0.280497 0.718629 0.280402 0.214526
50.400000 0.214163 0.342861 0.169504 0.174615 0.280708 0.718820 0.280747 0.214514
50.600000 0.214205 0.343107 0.169383 0.174637 0.280989 0.718667 0.280778 0.214626
50.800000 0.214231 0.343097 0.169611 0.174603 0.281163 0.719055 0.281085 0.214564
51.000000 0.214223 0.343307 0.169507 0.174676 0.281264 0.719069 0.281264 0.214756
51.200000 0.214210 0.343199 0.169475 0.174558 0.281632 0.718872 0.281430 0.214716
51.400000 0.214134 0.343389 0.169452 0.174586 0.281527 0.718882 0.281521 0.214903
51.600000 0.214171 0.343472 0.169231 0.174425 0.281760 0.718636 0.281625 0.214851
51.800000 0.214117 0.343486 0.169446 0.174495 0.281810 0.718681 0.281873 0.214717
52.000000 0.214101 0.343573 0.169445 0.174323 0.281882 0.718473 0.281836 0.214959
52.200000 0.213751 0.343469 0.169058 0.174049 0.281806 0.717898 0.281757 0.214697
52.400000 0.213886 0.343435 0.169102 0.174234 0.281548 0.717338 0.281712 0.214806
52.600000 0.213856 0.343170 0.168876 0.173803 0.281600 0.716266 0.281516 0.214383
52.800000 0.213517 0.342969 0.168538 0.173771 0.280962 0.714808 0.280973 0.214127
53.000000 0.212261 0.340931 0.166405 0.170242 0.279272 0.711694 0.280120 0.213745
53.200000 0.213674 0.343428 0.168978 0.174072 0.281702 0.716381 0.281692 0.214646
53.400000 0.213702 0.343500 0.168924 0.173962 0.281702 0.717002 0.282069 0.214918
53.600000 0.213764 0.343699 0.168920 0.174196 0.282031 0.717105 0.282418 0.214945
53.800000 0.213923 0.343801 0.168924 0.174406 0.282302 0.717554 0.282580 0.215120
54.000000 0.213887 0.344378 0.169157 0.174109 0.282641 0.717878 0.282607 0.215237
54.200000 0.213891 0.344174 0.169213 0.174323 0.282809 0.717937 0.282974 0.215372
54.400000 0.213860 0.344539 0.169369 0.174300 0.282913 0.718267 0.283308 0.215530
54.600000 0.214005 0.344721 0.169283 0.174505 0.283222 0.718615 0.283449 0.215642
54.800000 0.214033 0.344715 0.169281 0.174501 0.283614 0.719069 0.283751 0.215904
55.000000 0.214078 0.344951 0.169275 0.174618 0.283690 0.719284 0.283865 0.215798
55.200000 0.214085 0.344989 0.169522 0.174541 0.284061 0.719203 0.283980 0.215923
55.400000 0.213974 0.345206 0.169460 0.174627 0.284261 0.719363 0.284419 0.216153
55.600000 0.214125 0.345241 0.169399 0.174719 0.284389 0.719649 0.284482 0.216280
55.800000 0.214160 0.345418 0.169251 0.174673 0.284632 0.719808 0.284683 0.216361
56.000000 0.214208 0.345466 0.169228 0.174947 0.284913 0.720188 0.284945 0.216503
56.200000 0.214260 0.345733 0.169446 0.174781 0.285247 0.720543 0.285309 0.216696
56.400000 0.214275 0.345612 0.170104 0.174774 0.285502 0.720723 0.285477 0.216540
56.600000 0.214280 0.345972 0.169427 0.174748 0.285729 0.720846 0.285701 0.216949
56.800000 0.214301 0.346153 0.169414 0.174762 0.285781 0.721117 0.285833 0.217018
57.000000 0.214110 0.346440 0.169634 0.174989 0.286362 0.721529 0.286033 0.217233
57.200000 0.214305 0.346465 0.169627 0.174878 0.286486 0.721455 0.286147 0.217218
57.400000 0.214332 0.346776 0.169634 0.174881 0.286657 0.721620 0.286452 0.217289
57.600000 0.214356 0.346810 0.169664 0.174956 0.286809 0.721314 0.286432 0.217546
57.800000 0.214414 0.346871 0.169547 0.174868 0.286989 0.721815 0.286828 0.217690
58.000000 0.214435 0.346870 0.169535 0.175138 0.287190 0.722069 0.286926 0.217806
58.200000 0.214130 0.347116 0.169681 0.174935 0.287514 0.722345 0.287163 0.217832
58.400000 0.214431 0.347254 0.169800 0.175072 0.287527 0.722386 0.287375 0.218099
58.600000 0.214459 0.347379 0.169620 0.175034 0.287990 0.722531 0.287462 0.218182
58.800000 0.214391 0.347577 0.169728 0.175108 0.288116 0.722699 0.287682 0.218154
59.000000 0.214506 0.347590 0.169702 0.175107 0.288482 0.722998 0.287778 0.218310
59.200000 0.214435 0.347770 0.169750 0.175139 0.288564 0.722976 0.288084 0.218251
59.400000 0.214460 0.347986 0.169761 0.175159 0.288801 0.723034 0.288097 0.218658
59.600000 0.214447 0.347893 0.169597 0.175101 0.288887 0.723173 0.288225 0.218542
59.800000 0.214483 0.348189 0.169753 0.175264 0.289252 0.723228 0.288501 0.218775
60.000000 0.214506 0.348071 0.169642 0.175139 0.289319 0.723533 0.288561 0.218810
60.200000 0.214346 0.348332 0.169773 0.175291 0.289570 0.723432 0.288710 0.218870
60.400000 0.214486 0.348443 0.169809 0.175124 0.289972 0.723878 0.288889 0.219016
60.600000 0.214492 0.348647 0.169889 0.175189 0.290008 0.724021 0.289027 0.219182
60.800000 0.214531 0.348803 0.169919 0.174932 0.290104 0.724034 0.289229 0.219194
61.000000 0.214512 0.348828 0.169866 0.175284 0.290384 0.724307 0.289426 0.219311
61.200000 0.214502 0.348858 0.169707 0.175223 0.290492 0.724400 0.289601 0.219343
61.400000 0.214532 0.349199 0.169918 0.175303 0.290777 0.724425 0.289639 0.219514
61.600000 0.214511 0.349246 0.169921 0.175065 0.290965 0.724563 0.289704 0.219486
61.800000 0.214583 0.349499 0.169914 0.175301 0.291244 0.724779 0.289876 0.219678
62.000000 0.214686 0.349440 0.169843 0.175259 0.291380 0.724916 0.290016 0.219795
62.200000 0.214523 0.349575 0.169855 0.175250 0.291650 0.724925 0.290245 0.219892
62.400000 0.214577 0.349610 0.169888 0.175452 0.291864 0.725241 0.290343 0.220178
62.600000 0.214500 0.349789 0.169944 0.175045 0.292489 0.725262 0.290513 0.220144
62.800000 0.214487 0.349946 0.169854 0.175428 0.292136 0.725362 0.290666 0.220032
63.000000 0.214690 0.350128 0.170072 0.175341 0.292432 0.725533 0.290970 0.220289
63.200000 0.214548 0.350072 0.169933 0.175393 0.292623 0.725457 0.290802 0.220396
63.400000 0.214666 0.350251 0.169842 0.175234 0.292755 0.725718 0.290970 0.220471
63.600000 0.214556 0.350467 0.169952 0.175440 0.293092 0.725839 0.291086 0.220521
63.800000 0.214565 0.350557 0.170065 0.175346 0.293143 0.726057 0.291201 0.220664
64.000000 0.214564 0.350590 0.169844 0.175447 0.293340 0.725991 0.291356 0.220756
64.200000 0.214582 0.350679 0.170044 0.175495 0.293634 0.726111 0.291405 0.220888
64.400000 0.214526 0.350829 0.169851 0.175612 0.293466 0.726162 0.291492 0.220884
64.600000 0.214681 0.350946 0.169954 0.175453 0.293868 0.726346 0.291485 0.220803
64.800000 0.214589 0.351086 0.169997 0.175419 0.293972 0.726348 0.291648 0.221052
65.000000 0.214580 0.351059 0.169974 0.175584 0.293734 0.726467 0.291767 0.221189
65.200000 0.214602 0.351179 0.169959 0.175599 0.294202 0.726466 0.291827 0.221316
65.400000 0.214449 0.351155 0.169892 0.175383 0.294403 0.726602 0.291958 0.221268
65.600000 0.214409 0.351298 0.170114 0.175598 0.294570 0.726596 0.291867 0.221252
65.800000 0.214402 0.351290 0.169992 0.175582 0.294555 0.726655 0.292099 0.221423
66.000000 0.214562 0.351692 0.170203 0.175400 0.294906 0.726839 0.292219 0.221702
66.200000 0.214576 0.351848 0.170053 0.175442 0.295069 0.726937 0.292301 0.221671
66.400000 0.214421 0.351753 0.169899 0.175602 0.295171 0.727022 0.292367 0.221601
66.600000 0.214563 0.351730 0.170105 0.175596 0.295286 0.726963 0.292480 0.221573
66.800000 0.214582 0.351921 0.170002 0.175463 0.295520 0.727086 0.292471 0.221985
67.000000 0.214394 0.352014 0.169830 0.175504 0.295451 0.727084 0.292619 0.221723
67.200000 0.214530 0.352081 0.170007 0.175458 0.295572 0.727094 0.292813 0.221753
67.400000 0.214554 0.352238 0.170033 0.175484 0.295785 0.727216 0.292518 0.221999
67.600000 0.214387 0.352178 0.169984 0.175615 0.295964 0.727511 0.292696 0.222067
67.800000 0.214400 0.352235 0.170059 0.175519 0.296074 0.727399 0.292901 0.222021
68.000000 0.214407 0.352387 0.170034 0.175392 0.296208 0.727508 0.292960 0.222193
68.200000 0.214536 0.352601 0.169866 0.175512 0.296357 0.727653 0.293044 0.222179
68.400000 0.214543 0.352562 0.170103 0.175579 0.296363 0.727516 0.293076 0.222375
68.600000 0.214657 0.352697 0.170039 0.175627 0.296925 0.727549 0.293246 0.222390
68.800000 0.214552 0.352536 0.169889 0.175510 0.296887 0.727615 0.293177 0.222429
69.000000 0.214556 0.352844 0.169840 0.175588 0.296947 0.727688 0.293251 0.222468
69.200000 0.214533 0.352842 0.170048 0.175712 0.296963 0.727811 0.293279 0.222533
69.400000 0.214523 0.352945 0.170018 0.175527 0.297149 0.727941 0.293357 0.222600
69.600000 0.214536 0.353024 0.170120 0.175582 0.297108 0.727887 0.293400 0.222841
69.800000 0.214521 0.353001 0.170072 0.175566 0.297484 0.727956 0.293477 0.222647
70.000000 0.214525 0.353239 0.170231 0.175549 0.297404 0.728064 0.293364 0.222922
70.200000 0.214388 0.353361 0.170046 0.175603 0.297620 0.728122 0.293546 0.223031
70.400000 0.214392 0.353414 0.170111 0.175587 0.297798 0.728240 0.293665 0.222896
70.600000 0.214545 0.353464 0.170202 0.175518 0.297896 0.728277 0.293606 0.223020
70.800000 0.214407 0.353486 0.170012 0.175728 0.298108 0.728380 0.293644 0.222939
71.000000 0.214674 0.353460 0.170242 0.175540 0.298145 0.728429 0.293824 0.222943
71.200000 0.214536 0.353597 0.170202 0.175558 0.298232 0.728596 0.293778 0.223196
71.400000 0.214538 0.353682 0.170285 0.175622 0.298429 0.728667 0.293869 0.223233
71.600000 0.214499 0.353789 0.170211 0.175709 0.298564 0.728720 0.293734 0.223300
71.800000 0.214389 0.353691 0.170075 0.175651 0.298560 0.728573 0.293638 0.223365
72.000000 0.214386 0.354052 0.170147 0.175701 0.298653 0.728740 0.293972 0.223407
72.200000 0.214536 0.354012 0.170166 0.175554 0.298673 0.728804 0.294001 0.223478
72.400000 0.214505 0.353788 0.170246 0.175698 0.298880 0.728617 0.294176 0.223392
72.600000 0.214531 0.353838 0.170105 0.175517 0.298982 0.728710 0.293974 0.223496
72.800000 0.214500 0.354282 0.170158 0.175510 0.299133 0.728827 0.294078 0.223642
73.000000 0.214505 0.354430 0.170159 0.175686 0.299279 0.728746 0.293973 0.223665
73.200000 0.214533 0.354372 0.170189 0.175678 0.299404 0.729109 0.294149 0.223796
73.400000 0.214522 0.354376 0.170162 0.175775 0.299460 0.728942 0.294069 0.223806
73.600000 0.214538 0.354396 0.170283 0.175707 0.299593 0.729274 0.294110 0.223970
73.800000 0.214497 0.354490 0.170246 0.175679 0.299546 0.729280 0.294275 0.223848
74.000000 0.214503 0.354464 0.170057 0.175700 0.299721 0.729166 0.294228 0.223933
74.200000 0.214485 0.354717 0.170229 0.175762 0.299776 0.729244 0.294284 0.223977
74.400000 0.214395 0.354901 0.170187 0.175746 0.300133 0.729648 0.294377 0.224130
74.600000 0.214487 0.354874 0.170237 0.175875 0.300021 0.729439 0.294391 0.224018
74.800000 0.214514 0.355007 0.170279 0.175697 0.300267 0.729747 0.294437 0.224169
75.000000 0.214502 0.354843 0.170054 0.175773 0.300385 0.729594 0.294620 0.224242
75.200000 0.214518 0.355008 0.170208 0.175684 0.300435 0.729558 0.294372 0.224268
75.400000 0.214391 0.355160 0.170280 0.175744 0.300523 0.729780 0.294381 0.224178
75.600000 0.214506 0.355136 0.170203 0.175579 0.300689 0.729846 0.294604 0.224372
75.800000 0.214516 0.355180 0.170281 0.175505 0.300897 0.729866 0.294506 0.224502
76.000000 0.214629 0.355308 0.170319 0.175695 0.300817 0.730077 0.294694 0.224538
76.200000 0.214497 0.355302 0.170277 0.175737 0.300904 0.730046 0.294510 0.224463
76.400000 0.214499 0.355405 0.170380 0.175656 0.300962 0.730087 0.294686 0.224578
76.600000 0.214389 0.355492 0.170378 0.175667 0.301157 0.730001 0.294769 0.224632
76.800000 0.214400 0.355638 0.170223 0.175657 0.301317 0.730043 0.294542 0.224500
77.000000 0.214421 0.355797 0.170338 0.175896 0.301500 0.730373 0.294885 0.224797
77.200000 0.214647 0.355454 0.170367 0.175871 0.301600 0.730231 0.294866 0.224775
77.400000 0.214592 0.355703 0.170384 0.176214 0.301529 0.730185 0.294847 0.224822
77.600000 0.214607 0.355755 0.170338 0.175805 0.301797 0.730583 0.294897 0.225019
77.800000 0.214655 0.355882 0.170423 0.175862 0.301874 0.730437 0.294905 0.224917
78.000000 0.214605 0.355871 0.170323 0.175851 0.301924 0.730709 0.294839 0.224947
78.200000 0.214613 0.356131 0.170420 0.175851 0.301960 0.730700 0.295036 0.225154
78.400000 0.214640 0.356078 0.170432 0.175877 0.301999 0.730611 0.295068 0.225202
78.600000 0.214589 0.356212 0.170429 0.175878 0.302221 0.730508 0.294895 0.225096
78.800000 0.214418 0.356064 0.170390 0.175741 0.302409 0.730645 0.294948 0.225186
79.000000 0.214568 0.356036 0.170429 0.174953 0.302225 0.730540 0.294800 0.225120
79.200000 0.214504 0.356420 0.170354 0.175892 0.302571 0.730689 0.294727 0.225077
79.400000 0.214533 0.356206 0.170436 0.175740 0.302575 0.730787 0.295002 0.225114
79.600000 0.214528 0.356588 0.170200 0.175776 0.302619 0.730805 0.294942 0.225357
79.800000 0.214387 0.356442 0.170358 0.175801 0.302513 0.730810 0.295050 0.225372
80.000000 0.214518 0.356339 0.170239 0.175917 0.302666 0.730786 0.294958 0.225382
80.200000 0.214404 0.356483 0.170278 0.175660 0.302840 0.731007 0.295021 0.225482
80.400000 0.214590 0.356641 0.170532 0.175865 0.302894 0.731082 0.295035 0.225374
80.600000 0.214400 0.356644 0.170388 0.175779 0.303147 0.731182 0.294971 0.225574
80.800000 0.214561 0.356497 0.170539 0.175809 0.303307 0.731340 0.294939 0.225616
81.000000 0.214358 0.356900 0.170379 0.175804 0.303249 0.730951 0.295104 0.225659
81.200000 0.214523 0.356662 0.170437 0.175838 0.303314 0.731215 0.295039 0.225707
81.400000 0.214599 0.356872 0.170365 0.175917 0.303423 0.731374 0.294994 0.225702
81.600000 0.214589 0.356958 0.170416 0.175827 0.303449 0.731428 0.295168 0.225796
81.800000 0.214293 0.356873 0.170323 0.175879 0.303741 0.731584 0.295232 0.225821
82.000000 0.214527 0.356981 0.170293 0.175853 0.303507 0.731567 0.295148 0.225877
82.200000 0.214570 0.356923 0.170383 0.175838 0.303950 0.731440 0.295191 0.225954
82.400000 0.214435 0.357131 0.170461 0.175797 0.303707 0.731630 0.295229 0.225925
82.600000 0.214390 0.357063 0.170469 0.175816 0.303826 0.731612 0.295203 0.225929
82.800000 0.214402 0.357272 0.170568 0.175932 0.303902 0.731635 0.295249 0.225830
83.000000 0.214566 0.357348 0.170139 0.175833 0.303997 0.731612 0.295134 0.226088
83.200000 0.214566 0.357285 0.170372 0.175892 0.304131 0.731788 0.295123 0.226104
83.400000 0.214632 0.357360 0.170307 0.175819 0.304155 0.731406 0.295172 0.226098
83.600000 0.214442 0.357236 0.170306 0.175854 0.304206 0.731855 0.295031 0.226071
83.800000 0.214510 0.357466 0.170347 0.175695 0.304355 0.731824 0.295363 0.226224
84.000000 0.214565 0.357506 0.170510 0.175697 0.304460 0.731819 0.295316 0.226224
84.200000 0.214469 0.357446 0.170341 0.175902 0.304471 0.731860 0.295237 0.226180
84.400000 0.214399 0.357592 0.170422 0.175643 0.304598 0.731812 0.295370 0.226204
84.600000 0.214512 0.357596 0.170581 0.175833 0.304688 0.731980 0.295072 0.226354
84.800000 0.214528 0.357542 0.170338 0.175850 0.304577 0.731986 0.295210 0.226236
85.000000 0.214527 0.357554 0.170514 0.175818 0.304728 0.732101 0.295163 0.226408
85.200000 0.214527 0.357724 0.170563 0.175908 0.304796 0.732309 0.295312 0.226375
85.400000 0.214543 0.357905 0.170483 0.175885 0.304633 0.732190 0.295242 0.226468
85.600000 0.214497 0.357949 0.170587 0.175826 0.305091 0.732256 0.295144 0.226489
85.800000 0.214472 0.357888 0.170439 0.175550 0.305004 0.732412 0.295251 0.226585
86.000000 0.214536 0.357942 0.170521 0.175865 0.305150 0.732358 0.295140 0.226500
86.200000 0.214512 0.358008 0.170539 0.175686 0.305145 0.732387 0.295298 0.226471
86.400000 0.214642 0.357862 0.170516 0.175809 0.305457 0.732405 0.295154 0.226491
86.600000 0.214497 0.358051 0.170341 0.175658 0.305291 0.732296 0.295310 0.226653
86.800000 0.214515 0.358096 0.170510 0.175844 0.305240 0.732498 0.295339 0.226654
87.000000 0.214486 0.358076 0.170453 0.175847 0.305336 0.732529 0.295288 0.226642
87.200000 0.214312 0.358235 0.170378 0.175835 0.305420 0.732576 0.295379 0.226792
87.400000 0.214461 0.358152 0.170461 0.175856 0.305616 0.732659 0.295307 0.226876
87.600000 0.214468 0.358223 0.170460 0.175859 0.305688 0.732622 0.295235 0.226902
87.800000 0.214496 0.358203 0.170869 0.175785 0.305745 0.732843 0.295274 0.226967
88.000000 0.214517 0.358329 0.170610 0.175889 0.305915 0.732763 0.295353 0.226858
88.200000 0.214520 0.358353 0.170614 0.175824 0.305886 0.732828 0.294956 0.227025
88.400000 0.214502 0.358311 0.170510 0.175887 0.305800 0.732958 0.295373 0.227169
88.600000 0.214523 0.358431 0.170569 0.175882 0.306001 0.732960 0.295184 0.227038
88.800000 0.214499 0.358563 0.170472 0.176054 0.306186 0.733144 0.295294 0.227127
89.000000 0.214402 0.358504 0.170515 0.176049 0.306205 0.733178 0.295305 0.227152
89.200000 0.214402 0.358490 0.170335 0.175856 0.306339 0.733061 0.295278 0.227153
89.400000 0.214520 0.358874 0.170583 0.175815 0.306341 0.732935 0.295541 0.227234
89.600000 0.214494 0.358721 0.170445 0.175918 0.306370 0.733308 0.295330 0.227056
89.800000 0.214510 0.358806 0.170589 0.175939 0.306471 0.733420 0.295295 0.227286
90.000000 0.214523 0.358886 0.170637 0.175921 0.306422 0.733314 0.295353 0.227305
