0.200000 0.053184 0.440510 0.200917 0.242906 0.463023 0.464396 0.234571 0.395511
0.400000 0.053021 0.439324 0.200548 0.242411 0.461169 0.464235 0.234284 0.394296
0.600000 0.053064 0.438941 0.200685 0.242216 0.460239 0.464195 0.234162 0.393786
0.800000 0.053056 0.438387 0.200550 0.242069 0.459355 0.464176 0.234213 0.392631
1.000000 0.053014 0.438032 0.200566 0.241872 0.458252 0.464173 0.234203 0.392116
1.200000 0.053087 0.437707 0.200554 0.241753 0.457184 0.464116 0.234027 0.391523
1.400000 0.053023 0.437178 0.200700 0.241593 0.456280 0.464129 0.234032 0.390658
1.600000 0.052965 0.436973 0.200644 0.241403 0.455397 0.463887 0.233639 0.389923
1.800000 0.053006 0.436359 0.200391 0.241281 0.454282 0.464065 0.233640 0.389202
2.000000 0.052986 0.436068 0.200405 0.240979 0.453398 0.463870 0.233546 0.388415
2.200000 0.052969 0.435343 0.200486 0.240824 0.452494 0.463941 0.233498 0.387582
2.400000 0.052981 0.435009 0.200361 0.240772 0.451388 0.463890 0.233307 0.386873
2.600000 0.053018 0.434616 0.200405 0.240594 0.450644 0.463817 0.233394 0.386288
2.800000 0.052961 0.434165 0.200484 0.240378 0.449752 0.463939 0.233158 0.385482
3.000000 0.052953 0.433884 0.200647 0.240175 0.448743 0.463921 0.233215 0.384905
3.200000 0.052963 0.433405 0.200391 0.239840 0.447742 0.463812 0.233111 0.384123
3.400000 0.052915 0.433158 0.200198 0.239936 0.446813 0.463763 0.233046 0.383584
3.600000 0.052803 0.432735 0.200410 0.239729 0.445907 0.463628 0.232932 0.382789
3.800000 0.052944 0.432096 0.200269 0.239596 0.444906 0.463682 0.232825 0.382038
4.000000 0.052813 0.431853 0.200282 0.239512 0.444049 0.463602 0.232811 0.381362
4.200000 0.052854 0.431498 0.200112 0.239355 0.443183 0.463492 0.232586 0.380440
4.400000 0.052909 0.430985 0.200063 0.239188 0.442469 0.463571 0.232542 0.380040
4.600000 0.052886 0.430372 0.200459 0.239062 0.441399 0.463561 0.232477 0.379279
4.800000 0.052907 0.430415 0.200213 0.238906 0.440593 0.463498 0.232413 0.378680
5.000000 0.052911 0.429846 0.200210 0.238739 0.439898 0.463585 0.232465 0.377834
5.200000 0.052903 0.429470 0.200070 0.238569 0.438757 0.463560 0.232095 0.377229
5.400000 0.052875 0.429094 0.200163 0.238404 0.437834 0.463342 0.232158 0.376638
5.600000 0.052881 0.428884 0.200092 0.238228 0.437083 0.463263 0.232046 0.375903
5.800000 0.052863 0.428592 0.200146 0.238102 0.436211 0.463531 0.231944 0.375359
6.000000 0.052834 0.428112 0.200036 0.238032 0.435332 0.463349 0.231835 0.374593
6.200000 0.052878 0.427576 0.199981 0.237835 0.434516 0.463342 0.231658 0.374002
6.400000 0.052890 0.427318 0.199971 0.237674 0.433561 0.463377 0.231773 0.373359
6.600000 0.052879 0.426934 0.200055 0.237566 0.432533 0.463128 0.231464 0.372392
6.800000 0.052903 0.426400 0.199991 0.237376 0.431621 0.463261 0.231484 0.371789
7.000000 0.052875 0.426118 0.200029 0.237237 0.430869 0.463204 0.231465 0.371154
7.200000 0.052861 0.425760 0.200008 0.237001 0.429987 0.463045 0.231184 0.370528
7.400000 0.052853 0.425426 0.199937 0.236913 0.429120 0.463100 0.231321 0.369960
7.600000 0.052846 0.425008 0.199602 0.236738 0.428404 0.463241 0.231181 0.369346
7.800000 0.052873 0.424708 0.200039 0.236601 0.427663 0.463052 0.231032 0.368688
8.000000 0.052842 0.424227 0.199846 0.236296 0.426940 0.463021 0.230953 0.368075
8.200000 0.052845 0.424134 0.199761 0.236342 0.425885 0.462833 0.230987 0.367478
8.400000 0.052851 0.423667 0.199835 0.236189 0.425252 0.462821 0.230747 0.366907
8.600000 0.052685 0.423303 0.199861 0.236191 0.424459 0.462855 0.230842 0.366278
8.800000 0.052659 0.423077 0.199846 0.235958 0.423700 0.462682 0.230665 0.365714
9.000000 0.052829 0.422713 0.199752 0.235639 0.422969 0.462725 0.230626 0.364994
9.200000 0.052687 0.422431 0.199655 0.235874 0.422201 0.462683 0.230502 0.364679
9.400000 0.052676 0.422134 0.199598 0.235454 0.421438 0.462779 0.230380 0.363966
9.600000 0.052828 0.421953 0.199605 0.235359 0.420615 0.462768 0.230399 0.363344
9.800000 0.052934 0.421563 0.199752 0.235260 0.419773 0.462504 0.230246 0.362930
10.000000 0.052778 0.421289 0.199668 0.235070 0.419022 0.462577 0.230201 0.362365
10.200000 0.052645 0.420958 0.199606 0.234862 0.418379 0.462751 0.230076 0.361782
10.400000 0.052934 0.420449 0.199669 0.234973 0.417582 0.462503 0.230008 0.361027
10.600000 0.052785 0.420229 0.199631 0.234548 0.416982 0.462551 0.229939 0.360635
10.800000 0.052428 0.419886 0.199488 0.234554 0.416234 0.462350 0.229510 0.359977
11.000000 0.052756 0.419636 0.199454 0.234504 0.415487 0.462356 0.229797 0.359379
11.200000 0.052739 0.419219 0.199614 0.273431 0.414768 0.462422 0.229648 0.358965
11.400000 0.052766 0.419064 0.199499 0.234116 0.414184 0.462423 0.229477 0.358290
11.600000 0.052751 0.418751 0.199519 0.234098 0.413235 0.462362 0.229475 0.357879
11.800000 0.052762 0.418524 0.199533 0.233945 0.412734 0.462278 0.229474 0.357339
12.000000 0.052770 0.418137 0.199691 0.233887 0.412033 0.462333 0.229343 0.356830
12.200000 0.052730 0.417914 0.199482 0.233654 0.411236 0.462276 0.229286 0.356331
12.400000 0.052766 0.417600 0.199487 0.233750 0.410576 0.462318 0.229180 0.355781
12.600000 0.052744 0.417292 0.199533 0.233395 0.409750 0.462240 0.229089 0.355147
12.800000 0.052737 0.416924 0.199319 0.233313 0.408982 0.462073 0.229013 0.354747
13.000000 0.052738 0.416718 0.199519 0.233185 0.408299 0.462117 0.228939 0.354247
13.200000 0.052651 0.416478 0.199295 0.233297 0.407801 0.462176 0.228877 0.353560
13.400000 0.052715 0.416277 0.199413 0.233017 0.407271 0.462064 0.228818 0.353301
13.600000 0.052732 0.415996 0.199533 0.232863 0.406680 0.461895 0.228880 0.352693
13.800000 0.052765 0.415769 0.199332 0.232938 0.406035 0.462163 0.228629 0.352413
14.000000 0.052731 0.415547 0.199282 0.232696 0.405428 0.461996 0.228474 0.351841
14.200000 0.052644 0.415136 0.199259 0.232648 0.404685 0.461893 0.228491 0.351271
14.400000 0.052722 0.414924 0.199304 0.232493 0.404086 0.461972 0.228353 0.350831
14.600000 0.052786 0.414798 0.199417 0.232527 0.403445 0.461901 0.228395 0.350627
14.800000 0.052688 0.414519 0.199308 0.232093 0.403052 0.461788 0.228122 0.349868
15.000000 0.052694 0.414308 0.199333 0.232137 0.402500 0.461925 0.228215 0.349573
15.200000 0.052696 0.414042 0.199197 0.232075 0.401853 0.461717 0.228090 0.349152
15.400000 0.052664 0.413728 0.199200 0.231870 0.401268 0.461831 0.228087 0.348733
15.600000 0.052677 0.413566 0.199114 0.231703 0.400752 0.461673 0.228117 0.348299
15.800000 0.052702 0.413351 0.199147 0.231649 0.400234 0.461703 0.227935 0.347846
16.000000 0.052570 0.412903 0.199202 0.231693 0.399569 0.461591 0.227836 0.347332
16.200000 0.052524 0.412758 0.199082 0.231425 0.399168 0.461581 0.227714 0.346919
16.400000 0.052670 0.412731 0.199186 0.231344 0.398126 0.461690 0.227702 0.346576
16.600000 0.052652 0.412400 0.199212 0.231223 0.397868 0.461636 0.227785 0.345947
16.800000 0.052657 0.412193 0.199168 0.231400 0.397267 0.461540 0.227618 0.345724
17.000000 0.052655 0.411764 0.199192 0.231083 0.396719 0.461527 0.227658 0.345303
17.200000 0.052503 0.411625 0.199080 0.231132 0.396177 0.461441 0.227419 0.344710
17.400000 0.052634 0.411460 0.198994 0.230933 0.395563 0.461530 0.227326 0.344536
17.600000 0.052617 0.411070 0.199014 0.230637 0.394930 0.461476 0.227226 0.343791
17.800000 0.052532 0.410835 0.199054 0.230605 0.394441 0.461306 0.227093 0.343605
18.000000 0.052717 0.410724 0.199098 0.230609 0.394101 0.461544 0.227099 0.343239
18.200000 0.052493 0.410597 0.198891 0.230672 0.393440 0.461356 0.226898 0.342811
18.400000 0.052592 0.410161 0.199013 0.230514 0.392913 0.461140 0.226909 0.342398
18.600000 0.052557 0.410035 0.199015 0.230308 0.392161 0.461258 0.226995 0.341842
18.800000 0.052662 0.409801 0.199071 0.230136 0.391974 0.461366 0.226945 0.341613
19.000000 0.052526 0.409617 0.198912 0.230037 0.391166 0.461162 0.226841 0.341104
19.200000 0.052624 0.409194 0.198679 0.229840 0.390575 0.461189 0.226679 0.340543
19.400000 0.052637 0.408973 0.198830 0.229888 0.389980 0.461137 0.226488 0.340217
19.600000 0.052632 0.408838 0.198988 0.229912 0.389487 0.461014 0.226737 0.339732
19.800000 0.052600 0.408763 0.198938 0.229716 0.389013 0.461170 0.226465 0.339447
20.000000 0.052616 0.408565 0.198736 0.229493 0.388469 0.460993 0.226588 0.338979
20.200000 0.052629 0.408056 0.198725 0.229191 0.387796 0.461045 0.226417 0.338641
20.400000 0.052571 0.408140 0.198932 0.229421 0.387444 0.461111 0.226339 0.338162
20.600000 0.052598 0.407924 0.198961 0.229414 0.386978 0.461032 0.226426 0.337865
20.800000 0.052581 0.407637 0.198875 0.229323 0.386530 0.461111 0.226188 0.337482
21.000000 0.052616 0.407506 0.198821 0.229201 0.385827 0.460861 0.226100 0.337120
21.200000 0.052604 0.407111 0.198883 0.229095 0.385345 0.460824 0.226046 0.336798
21.400000 0.052432 0.407046 0.198833 0.228905 0.385129 0.460934 0.226105 0.336470
21.600000 0.052577 0.406901 0.198786 0.228999 0.384382 0.460807 0.225904 0.335999
21.800000 0.052587 0.406778 0.198896 0.228767 0.384029 0.460695 0.225686 0.335609
22.000000 0.052575 0.406347 0.198941 0.228720 0.383543 0.460699 0.225776 0.335339
22.200000 0.052555 0.406229 0.198739 0.228637 0.382882 0.460749 0.225740 0.334842
22.400000 0.052533 0.406328 0.198762 0.228435 0.382396 0.460762 0.225627 0.334585
22.600000 0.052575 0.405888 0.198749 0.228419 0.382062 0.460677 0.225556 0.334050
22.800000 0.052537 0.405710 0.198722 0.228325 0.381532 0.460635 0.225487 0.333788
23.000000 0.052554 0.405225 0.198773 0.228182 0.381021 0.460593 0.225468 0.333476
23.200000 0.052566 0.405271 0.198693 0.228177 0.380566 0.460690 0.225242 0.333152
23.400000 0.052574 0.404943 0.198607 0.227989 0.380247 0.460229 0.225329 0.332800
23.600000 0.052574 0.404934 0.198576 0.227872 0.379734 0.460562 0.225192 0.332459
23.800000 0.052557 0.404661 0.198640 0.227943 0.379293 0.460604 0.225222 0.331929
24.000000 0.052541 0.404447 0.198658 0.227827 0.378776 0.460371 0.225142 0.331730
24.200000 0.052519 0.404306 0.198706 0.227724 0.378323 0.460483 0.225058 0.331373
24.400000 0.052547 0.404165 0.198539 0.227703 0.377911 0.460339 0.224986 0.331026
24.600000 0.052560 0.403974 0.198539 0.227586 0.377603 0.460414 0.224768 0.330707
24.800000 0.052541 0.403644 0.198437 0.227517 0.377030 0.460367 0.224841 0.330491
25.000000 0.052524 0.403492 0.198563 0.227370 0.376666 0.460342 0.224800 0.330098
25.200000 0.052587 0.403418 0.198817 0.227215 0.376104 0.460324 0.224661 0.329682
25.400000 0.052516 0.403065 0.198562 0.227222 0.375437 0.460281 0.224472 0.329173
25.600000 0.052214 0.402959 0.198638 0.227136 0.374987 0.460348 0.224467 0.328863
25.800000 0.052519 0.402610 0.198461 0.226988 0.374577 0.460185 0.224471 0.328574
26.000000 0.052519 0.402479 0.198365 0.227078 0.374125 0.460118 0.224599 0.327945
26.200000 0.052497 0.402111 0.198522 0.226961 0.373775 0.460134 0.224444 0.327790
26.400000 0.052380 0.402015 0.198249 0.226851 0.373200 0.460139 0.224358 0.327606
26.600000 0.052633 0.401874 0.198504 0.226851 0.372868 0.460091 0.224323 0.327273
26.800000 0.052491 0.401509 0.198416 0.226666 0.372348 0.460008 0.224218 0.326941
27.000000 0.052503 0.401567 0.198466 0.226672 0.371985 0.459943 0.224153 0.326427
27.200000 0.052395 0.401248 0.198451 0.226507 0.371550 0.460006 0.224054 0.326285
27.400000 0.052493 0.401087 0.198468 0.226546 0.371237 0.459822 0.223885 0.325787
27.600000 0.052473 0.400999 0.198363 0.226179 0.370687 0.459879 0.223947 0.325590
27.800000 0.052341 0.400721 0.198256 0.226146 0.370254 0.459833 0.223920 0.325275
28.000000 0.052516 0.400732 0.198368 0.226272 0.370004 0.459896 0.223979 0.324876
28.200000 0.052472 0.400248 0.198501 0.226089 0.369434 0.459886 0.223761 0.324658
28.400000 0.052640 0.400178 0.198427 0.226044 0.368969 0.459867 0.223786 0.324146
28.600000 0.052338 0.399948 0.198505 0.225940 0.368567 0.459606 0.223563 0.323889
28.800000 0.052466 0.399789 0.198260 0.225390 0.368114 0.459680 0.223652 0.323721
29.000000 0.052476 0.399692 0.198452 0.225827 0.367855 0.459597 0.223554 0.323469
29.200000 0.052479 0.399609 0.198240 0.225753 0.367461 0.459713 0.223485 0.323045
29.400000 0.052484 0.399455 0.198338 0.225621 0.367121 0.459554 0.223461 0.322688
29.600000 0.052348 0.399312 0.198364 0.225615 0.366648 0.459483 0.223388 0.322568
29.800000 0.052448 0.399136 0.198225 0.225511 0.366320 0.459560 0.223308 0.322132
30.000000 0.052475 0.398838 0.198352 0.225406 0.365917 0.459377 0.223109 0.322009
30.200000 0.052380 0.398728 0.198072 0.225302 0.365516 0.459530 0.223228 0.321733
30.400000 0.052425 0.398561 0.198081 0.225267 0.365062 0.459629 0.223103 0.321251
30.600000 0.052444 0.398495 0.198236 0.225153 0.364699 0.459531 0.223070 0.321167
30.800000 0.052512 0.398306 0.198078 0.225107 0.364308 0.459433 0.222949 0.320706
31.000000 0.052692 0.397974 0.198075 0.225058 0.363730 0.459355 0.222956 0.320497
31.200000 0.052854 0.397866 0.198078 0.225173 0.363601 0.459148 0.222819 0.320353
31.400000 0.053182 0.397798 0.198234 0.225036 0.363227 0.459455 0.222889 0.320049
31.600000 0.053579 0.397920 0.198181 0.224790 0.362860 0.459404 0.222815 0.319759
31.800000 0.053951 0.397540 0.198231 0.224775 0.362811 0.459204 0.222924 0.319740
32.000000 0.054372 0.397458 0.198253 0.224870 0.362962 0.459265 0.222901 0.319706
32.200000 0.054879 0.397294 0.198271 0.224860 0.363131 0.459197 0.222770 0.319862
32.400000 0.055369 0.397217 0.198255 0.224776 0.363423 0.459243 0.222701 0.320128
32.600000 0.055832 0.397630 0.198264 0.224850 0.363680 0.459079 0.222732 0.320472
32.800000 0.056323 0.397739 0.198506 0.225075 0.364772 0.459239 0.222735 0.321180
33.000000 0.056617 0.398080 0.198491 0.225185 0.365646 0.459228 0.222778 0.321669
33.200000 0.057175 0.398641 0.198492 0.225507 0.366921 0.459218 0.222732 0.322503
33.400000 0.057582 0.399277 0.198285 0.225716 0.368423 0.459228 0.222904 0.323696
33.600000 0.057913 0.400004 0.198560 0.225849 0.369750 0.459257 0.222918 0.324906
33.800000 0.058430 0.400999 0.198367 0.226138 0.371897 0.459287 0.222853 0.326228
34.000000 0.058602 0.402104 0.198498 0.226671 0.373920 0.458837 0.222649 0.327612
34.200000 0.058886 0.403706 0.198658 0.226924 0.376136 0.459264 0.222892 0.329365
34.400000 0.059103 0.405391 0.198576 0.227363 0.378379 0.459043 0.222958 0.331073
34.600000 0.059351 0.407180 0.198706 0.227935 0.380971 0.459259 0.223027 0.332903
34.800000 0.059538 0.409545 0.198956 0.228502 0.383574 0.459278 0.223053 0.335005
35.000000 0.059683 0.411902 0.199043 0.228903 0.386517 0.459225 0.223194 0.337102
35.200000 0.059919 0.414601 0.198997 0.229560 0.389481 0.459231 0.223112 0.339407
35.400000 0.060000 0.417034 0.198988 0.230209 0.392283 0.459153 0.223311 0.341472
35.600000 0.060163 0.420161 0.199267 0.230718 0.395271 0.459251 0.223259 0.343766
35.800000 0.060247 0.423189 0.199392 0.231302 0.398177 0.459392 0.223403 0.346046
36.000000 0.060356 0.426545 0.199462 0.231788 0.401247 0.459182 0.223470 0.348434
36.200000 0.060443 0.430084 0.199618 0.232520 0.404577 0.459185 0.223583 0.350979
36.400000 0.060426 0.433745 0.199764 0.233020 0.407735 0.459310 0.223672 0.353693
36.600000 0.060624 0.437359 0.199967 0.233617 0.411248 0.459409 0.223815 0.356171
36.800000 0.060611 0.441400 0.199990 0.273374 0.414590 0.459398 0.223726 0.358837
37.000000 0.060869 0.445315 0.200122 0.235015 0.417898 0.459424 0.223854 0.361583
37.200000 0.060778 0.449358 0.200209 0.235547 0.421395 0.459400 0.223922 0.364342
37.400000 0.060625 0.453764 0.200314 0.236168 0.425136 0.459381 0.223973 0.367139
37.600000 0.060934 0.458888 0.200525 0.237018 0.429400 0.459527 0.224202 0.370805
37.800000 0.060921 0.464159 0.200627 0.237622 0.433781 0.459306 0.224279 0.373930
38.000000 0.061000 0.468435 0.200812 0.238313 0.437206 0.459442 0.224359 0.376748
38.200000 0.061142 0.473085 0.201069 0.238700 0.441023 0.459572 0.224582 0.379709
38.400000 0.061171 0.477450 0.201008 0.239375 0.444543 0.459572 0.224497 0.382777
38.600000 0.060906 0.482124 0.201206 0.239990 0.448420 0.459614 0.224589 0.385863
38.800000 0.061074 0.486977 0.201373 0.240628 0.452118 0.459484 0.224741 0.388818
39.000000 0.061073 0.491055 0.201406 0.241037 0.456022 0.459482 0.224618 0.391881
39.200000 0.061129 0.495806 0.201508 0.241620 0.459793 0.459667 0.224879 0.395030
39.400000 0.061113 0.500466 0.201681 0.242116 0.463664 0.459736 0.225025 0.397998
39.600000 0.061175 0.505023 0.201740 0.242687 0.467402 0.459710 0.225080 0.401099
39.800000 0.061328 0.509579 0.201774 0.243102 0.471252 0.459765 0.225067 0.404248
40.000000 0.061045 0.514032 0.201967 0.243832 0.474922 0.459619 0.225304 0.407348
40.200000 0.061015 0.518568 0.202093 0.244237 0.478916 0.459619 0.225231 0.410613
40.400000 0.061235 0.523084 0.202069 0.244668 0.482760 0.459824 0.225588 0.413763
40.600000 0.061251 0.527384 0.202257 0.245318 0.486703 0.459819 0.225574 0.417000
40.800000 0.061235 0.531638 0.202409 0.245742 0.490444 0.459606 0.225599 0.420081
41.000000 0.061281 0.536075 0.202559 0.246209 0.494485 0.459885 0.225726 0.423410
41.200000 0.061266 0.540376 0.202590 0.246609 0.498263 0.459867 0.225881 0.426508
41.400000 0.061288 0.544721 0.202739 0.247110 0.502122 0.459954 0.225934 0.429838
41.600000 0.061268 0.548815 0.202616 0.247610 0.506036 0.460005 0.226083 0.432910
41.800000 0.061274 0.552872 0.202836 0.248053 0.509799 0.459992 0.226190 0.436242
42.000000 0.061312 0.556856 0.202996 0.248464 0.513542 0.459923 0.226269 0.439176
42.200000 0.061305 0.560770 0.203094 0.249104 0.517494 0.460138 0.226399 0.442394
42.400000 0.061314 0.564743 0.203146 0.249444 0.521237 0.460181 0.226543 0.445408
42.600000 0.061340 0.568690 0.203163 0.249886 0.524994 0.460123 0.226573 0.448633
42.800000 0.061209 0.572267 0.203322 0.250480 0.528611 0.460203 0.226674 0.451680
43.000000 0.061332 0.576120 0.203502 0.250778 0.532432 0.460160 0.226820 0.454741
43.200000 0.061364 0.579534 0.203421 0.251147 0.535905 0.460293 0.226814 0.457912
43.400000 0.061366 0.583053 0.203524 0.251739 0.539616 0.460270 0.226900 0.460830
43.600000 0.061361 0.586686 0.203684 0.251822 0.543336 0.460326 0.227110 0.463949
43.800000 0.061377 0.589929 0.203615 0.252292 0.507813 0.460236 0.227328 0.466804
44.000000 0.061398 0.593425 0.203620 0.252701 0.550788 0.460305 0.227498 0.470464
44.200000 0.061354 0.597825 0.203884 0.253319 0.555432 0.460354 0.227258 0.473945
44.400000 0.061373 0.601055 0.203972 0.253769 0.559316 0.460478 0.227537 0.477135
44.600000 0.061238 0.603968 0.204123 0.254136 0.562623 0.460495 0.227702 0.479901
44.800000 0.061399 0.607193 0.204151 0.254651 0.566025 0.460625 0.227804 0.482867
45.000000 0.061386 0.609933 0.204201 0.254932 0.569308 0.460444 0.227865 0.485623
45.200000 0.061417 0.612848 0.204187 0.255249 0.572782 0.460400 0.228083 0.488426
45.400000 0.061423 0.615754 0.204394 0.255858 0.576125 0.460477 0.228008 0.491253
45.600000 0.061376 0.618319 0.204400 0.255901 0.579296 0.460537 0.228220 0.494024
45.800000 0.061435 0.620996 0.204324 0.256328 0.582523 0.460610 0.228219 0.496575
46.000000 0.061436 0.623393 0.204557 0.256804 0.585876 0.460655 0.228378 0.499378
46.200000 0.061434 0.626053 0.204500 0.256987 0.588992 0.460697 0.228459 0.501825
46.400000 0.061431 0.628366 0.204675 0.257264 0.592057 0.460928 0.228710 0.504425
46.600000 0.061432 0.630696 0.204573 0.257834 0.595274 0.460815 0.228714 0.506944
46.800000 0.061439 0.633158 0.204856 0.258282 0.598375 0.460687 0.228800 0.509477
47.000000 0.061467 0.635228 0.204877 0.258461 0.601394 0.460824 0.229019 0.512027
47.200000 0.061472 0.637559 0.205058 0.258784 0.604332 0.460690 0.229014 0.514383
47.400000 0.061516 0.639520 0.204873 0.258984 0.607568 0.460905 0.229157 0.516914
47.600000 0.061422 0.641483 0.204790 0.259388 0.610143 0.460793 0.229149 0.519167
47.800000 0.061442 0.643632 0.205189 0.259630 0.613150 0.460871 0.229305 0.521636
48.000000 0.061473 0.645636 0.205163 0.260014 0.616005 0.460983 0.229359 0.523993
48.200000 0.061375 0.647670 0.205203 0.260420 0.618844 0.460816 0.229358 0.526188
48.400000 0.061477 0.649498 0.205261 0.260626 0.621784 0.460952 0.229497 0.528504
48.600000 0.061507 0.651351 0.205268 0.260893 0.624303 0.461091 0.229726 0.530737
48.800000 0.061513 0.653209 0.205182 0.261297 0.627271 0.461108 0.229659 0.532864
49.000000 0.061639 0.654798 0.205386 0.261667 0.629830 0.461125 0.229819 0.535057
49.200000 0.061504 0.656295 0.205475 0.261733 0.632567 0.461174 0.230045 0.537179
49.400000 0.061630 0.657826 0.205657 0.262187 0.634784 0.460941 0.229947 0.539292
49.600000 0.061643 0.659345 0.205665 0.262520 0.637556 0.461169 0.230189 0.541160
49.800000 0.061621 0.661224 0.205646 0.262833 0.640365 0.460971 0.230328 0.543441
50.000000 0.061640 0.662601 0.205711 0.263039 0.642648 0.461305 0.230435 0.545268
50.200000 0.061480 0.663943 0.205650 0.263277 0.645269 0.461153 0.230503 0.547358
50.400000 0.061357 0.665448 0.205758 0.263706 0.648228 0.461385 0.230625 0.549865
50.600000 0.061341 0.666998 0.205924 0.264074 0.650727 0.461405 0.230482 0.551401
50.800000 0.061625 0.668440 0.205882 0.264370 0.653033 0.461482 0.230823 0.553504
51.000000 0.061544 0.669692 0.205992 0.264473 0.655484 0.461507 0.230987 0.555343
51.200000 0.061610 0.671031 0.205970 0.264812 0.657899 0.461505 0.230896 0.557242
51.400000 0.061508 0.671871 0.205861 0.265113 0.660098 0.461540 0.231170 0.558959
51.600000 0.061513 0.673317 0.205864 0.265404 0.662474 0.461582 0.231219 0.560908
51.800000 0.061536 0.674303 0.206038 0.265526 0.664544 0.461546 0.231410 0.562466
52.000000 0.061525 0.675391 0.206107 0.265901 0.666793 0.461502 0.231429 0.564061
52.200000 0.061513 0.676437 0.206078 0.266225 0.668836 0.461533 0.231568 0.565813
52.400000 0.061514 0.677603 0.206028 0.266544 0.670937 0.461624 0.231634 0.567474
52.600000 0.061529 0.678477 0.206263 0.266706 0.672913 0.461702 0.231770 0.569019
52.800000 0.061538 0.679562 0.206289 0.266978 0.675189 0.461879 0.231862 0.570781
53.000000 0.061536 0.680514 0.206247 0.267182 0.677064 0.461590 0.231801 0.572288
53.200000 0.061514 0.681454 0.206267 0.267628 0.679102 0.461850 0.232080 0.573769
53.400000 0.061538 0.682262 0.206369 0.267747 0.680987 0.461855 0.232108 0.575382
53.600000 0.061368 0.683069 0.206397 0.267977 0.683026 0.461868 0.232143 0.576710
53.800000 0.061541 0.683878 0.206568 0.268244 0.684955 0.461965 0.232319 0.578246
54.000000 0.061370 0.684730 0.206417 0.268473 0.686734 0.461907 0.232427 0.579721
54.200000 0.061559 0.685464 0.206484 0.268614 0.688606 0.462005 0.232480 0.580905
54.400000 0.061528 0.686048 0.206601 0.268865 0.690345 0.461735 0.232595 0.582352
54.600000 0.061527 0.686871 0.206469 0.269054 0.692147 0.462015 0.232728 0.583777
54.800000 0.061553 0.687687 0.206735 0.269482 0.693864 0.462160 0.232832 0.585029
55.000000 0.061516 0.688412 0.206608 0.269679 0.695738 0.462027 0.232890 0.586307
55.200000 0.061529 0.689045 0.206572 0.269886 0.697061 0.462103 0.233005 0.587707
55.400000 0.061562 0.689662 0.206752 0.270074 0.699046 0.462048 0.233101 0.588959
55.600000 0.061637 0.690216 0.206592 0.270319 0.700665 0.462137 0.233036 0.590113
55.800000 0.061532 0.690892 0.206800 0.270674 0.702270 0.462039 0.233250 0.591329
56.000000 0.061567 0.691617 0.206822 0.270571 0.703798 0.462247 0.233375 0.592383
56.200000 0.061553 0.692051 0.206842 0.271033 0.705300 0.462297 0.233468 0.593700
56.400000 0.061633 0.692590 0.207056 0.271417 0.706943 0.462041 0.233598 0.594868
56.600000 0.061505 0.693055 0.206860 0.271506 0.708730 0.462248 0.233646 0.596070
56.800000 0.061514 0.693778 0.206819 0.271701 0.710243 0.462205 0.233626 0.597130
57.000000 0.061644 0.694044 0.206890 0.271857 0.711650 0.462307 0.233808 0.598171
57.200000 0.061360 0.694545 0.207057 0.271985 0.713017 0.462239 0.233769 0.599303
57.400000 0.061399 0.695312 0.207017 0.272349 0.714351 0.462357 0.233990 0.600495
57.600000 0.061547 0.695410 0.206943 0.272508 0.715705 0.462281 0.234046 0.601472
57.800000 0.061531 0.695979 0.207104 0.272728 0.717273 0.462391 0.234090 0.602455
58.000000 0.061548 0.696201 0.207104 0.273106 0.718533 0.462376 0.234302 0.603439
58.200000 0.061550 0.696812 0.207084 0.273195 0.719774 0.462481 0.234447 0.604271
58.400000 0.061560 0.697326 0.207153 0.273379 0.721082 0.462520 0.234401 0.605328
58.600000 0.061533 0.697749 0.207202 0.273721 0.722256 0.462434 0.234609 0.605960
58.800000 0.061525 0.698001 0.207354 0.273821 0.723581 0.462561 0.234708 0.607213
59.000000 0.061508 0.698251 0.207039 0.273968 0.724750 0.462642 0.234783 0.608122
59.200000 0.061561 0.698570 0.207360 0.274165 0.725752 0.462632 0.234886 0.608878
59.400000 0.061557 0.699114 0.207231 0.274420 0.726997 0.462706 0.234998 0.609633
59.600000 0.061570 0.699332 0.207359 0.274631 0.728378 0.462714 0.235082 0.610555
59.800000 0.061504 0.699596 0.207362 0.274854 0.729476 0.462724 0.235103 0.611519
60.000000 0.061565 0.700053 0.207226 0.274883 0.730522 0.462654 0.235398 0.612391
60.200000 0.061536 0.700297 0.207320 0.275260 0.731528 0.462825 0.235183 0.612972
60.400000 0.061575 0.700665 0.207258 0.275391 0.732792 0.462906 0.235301 0.613869
60.600000 0.061570 0.700961 0.207223 0.275504 0.733655 0.462865 0.235526 0.614527
60.800000 0.061513 0.701264 0.207467 0.275616 0.734989 0.463003 0.235468 0.615525
61.000000 0.061550 0.701354 0.207272 0.275760 0.735669 0.462821 0.235699 0.616059
61.200000 0.061580 0.701768 0.207239 0.275556 0.736839 0.462753 0.235537 0.616764
61.400000 0.061382 0.701811 0.207259 0.276094 0.737716 0.462668 0.235643 0.617526
61.600000 0.061427 0.701989 0.207275 0.276261 0.739050 0.462707 0.235781 0.618444
61.800000 0.061600 0.702378 0.207714 0.276673 0.740342 0.463089 0.236074 0.619385
62.000000 0.061560 0.702645 0.207664 0.276907 0.741187 0.463022 0.236132 0.620026
62.200000 0.061570 0.702878 0.207591 0.277109 0.742068 0.462890 0.236099 0.620745
62.400000 0.061591 0.703266 0.207629 0.277324 0.743228 0.463024 0.236498 0.621592
62.600000 0.061576 0.703475 0.207602 0.277537 0.744230 0.463178 0.236408 0.622206
62.800000 0.061526 0.703873 0.207617 0.277688 0.745111 0.462732 0.236662 0.622819
63.000000 0.061553 0.703849 0.207799 0.277727 0.745960 0.463374 0.236674 0.623682
63.200000 0.061531 0.704176 0.207664 0.277911 0.746738 0.463027 0.236556 0.624091
63.400000 0.061399 0.704289 0.207527 0.278017 0.747571 0.463204 0.236710 0.624843
63.600000 0.061551 0.704603 0.207651 0.278366 0.748196 0.463235 0.236678 0.625535
63.800000 0.061529 0.704722 0.207797 0.278388 0.749138 0.463179 0.236881 0.625970
64.000000 0.061594 0.704953 0.207739 0.278732 0.750063 0.463269 0.236856 0.626424
64.200000 0.061586 0.705178 0.207770 0.278909 0.750750 0.463356 0.237270 0.627164
64.400000 0.061584 0.705334 0.207799 0.279228 0.751771 0.463355 0.237263 0.627727
64.600000 0.061446 0.705450 0.207903 0.279110 0.752401 0.463340 0.237305 0.628343
64.800000 0.061596 0.705497 0.207716 0.279363 0.753157 0.463401 0.237380 0.628756
65.000000 0.061592 0.705589 0.207673 0.279447 0.753667 0.463447 0.237308 0.629165
65.200000 0.061556 0.706005 0.207832 0.279813 0.754399 0.463631 0.237519 0.629811
65.400000 0.061578 0.706134 0.207750 0.279900 0.755244 0.463419 0.237708 0.630340
65.600000 0.061572 0.706233 0.207924 0.280078 0.755784 0.463495 0.237492 0.630796
65.800000 0.061563 0.706330 0.207955 0.280054 0.756434 0.463575 0.237588 0.631101
66.000000 0.061546 0.706366 0.207914 0.280349 0.757024 0.463442 0.237830 0.631579
66.200000 0.061551 0.706455 0.207912 0.280597 0.757707 0.463490 0.237916 0.632025
66.400000 0.061550 0.706770 0.207946 0.280558 0.758119 0.463575 0.238016 0.632532
66.600000 0.061549 0.706686 0.207950 0.280648 0.758924 0.463664 0.238088 0.633179
66.800000 0.061555 0.706883 0.207952 0.281040 0.759590 0.463617 0.238115 0.633462
67.000000 0.061623 0.707086 0.208071 0.281159 0.760141 0.463708 0.238261 0.633777
67.200000 0.061533 0.707207 0.208023 0.281267 0.760568 0.463842 0.238334 0.634356
67.400000 0.061466 0.706986 0.207842 0.281298 0.761066 0.463587 0.238274 0.634723
67.600000 0.061561 0.707370 0.207972 0.281545 0.761842 0.463980 0.238391 0.635055
67.800000 0.061558 0.707134 0.208108 0.281723 0.762373 0.463859 0.238613 0.635378
68.000000 0.061509 0.707278 0.208018 0.281782 0.762662 0.463739 0.238577 0.635735
68.200000 0.061535 0.707591 0.208060 0.281982 0.763361 0.463809 0.238565 0.636362
68.400000 0.061550 0.707478 0.208204 0.282103 0.763707 0.463761 0.238760 0.636593
68.600000 0.061457 0.707589 0.208013 0.282342 0.764430 0.464013 0.238911 0.636919
68.800000 0.061530 0.707824 0.208182 0.282476 0.764886 0.463984 0.239074 0.637655
69.000000 0.061407 0.707564 0.208080 0.282450 0.765425 0.464009 0.238950 0.637612
69.200000 0.061530 0.707792 0.208018 0.282655 0.765727 0.464149 0.239044 0.638256
69.400000 0.061502 0.707998 0.208187 0.282912 0.766484 0.464121 0.239148 0.638545
69.600000 0.061542 0.707918 0.208087 0.282952 0.766884 0.464061 0.239208 0.638927
69.800000 0.061548 0.707868 0.208280 0.283178 0.767256 0.464150 0.239327 0.639164
70.000000 0.061545 0.708056 0.208175 0.283114 0.767656 0.464034 0.239259 0.639221
70.200000 0.061374 0.707876 0.208266 0.283482 0.768201 0.464087 0.239410 0.639573
70.400000 0.061526 0.708185 0.208156 0.283585 0.768688 0.464032 0.239374 0.640026
70.600000 0.061539 0.708158 0.208248 0.283664 0.768893 0.464155 0.239549 0.640253
70.800000 0.061560 0.708242 0.208076 0.283794 0.769522 0.464320 0.239679 0.640649
71.000000 0.061548 0.708258 0.208160 0.284057 0.770039 0.464289 0.239525 0.640910
71.200000 0.061525 0.708417 0.208326 0.284068 0.770198 0.464316 0.239856 0.641062
71.400000 0.061566 0.708370 0.208365 0.284197 0.770652 0.464181 0.240008 0.641361
71.600000 0.061543 0.708420 0.208265 0.284356 0.770947 0.464469 0.239795 0.641601
71.800000 0.061533 0.708318 0.208228 0.284563 0.771186 0.464240 0.240093 0.642021
72.000000 0.061598 0.708571 0.208313 0.284679 0.771616 0.464200 0.240098 0.642213
72.200000 0.061556 0.708506 0.208295 0.284732 0.772212 0.464338 0.240030 0.642515
72.400000 0.061539 0.708526 0.208221 0.284772 0.772507 0.464401 0.240214 0.642806
72.600000 0.061504 0.708438 0.208321 0.284986 0.772835 0.464395 0.240186 0.642977
72.800000 0.061542 0.708684 0.208543 0.285320 0.773125 0.464608 0.240219 0.643305
73.000000 0.061589 0.708479 0.208392 0.285342 0.773406 0.464392 0.240380 0.643526
73.200000 0.061530 0.708659 0.208350 0.285369 0.773845 0.464531 0.240487 0.643677
73.400000 0.061561 0.708591 0.208375 0.285572 0.774131 0.464538 0.240591 0.643886
73.600000 0.061405 0.708578 0.208432 0.285533 0.774417 0.464567 0.240655 0.644184
73.800000 0.061498 0.708577 0.208411 0.285526 0.774587 0.464490 0.240358 0.644166
74.000000 0.061546 0.708848 0.208325 0.286071 0.774860 0.464501 0.240634 0.644428
74.200000 0.061561 0.708665 0.208427 0.286061 0.775315 0.464714 0.240787 0.644733
74.400000 0.061513 0.708738 0.208420 0.285997 0.775302 0.464521 0.240938 0.644925
74.600000 0.061589 0.708731 0.208535 0.286289 0.775831 0.464749 0.240968 0.645321
74.800000 0.061515 0.708739 0.208524 0.286477 0.776256 0.464657 0.241098 0.645500
75.000000 0.061378 0.708559 0.208423 0.286487 0.776427 0.464367 0.241132 0.645380
75.200000 0.061547 0.708913 0.208444 0.286837 0.776713 0.464918 0.241208 0.645890
75.400000 0.061554 0.708783 0.208491 0.286803 0.776978 0.464697 0.240728 0.646184
75.600000 0.061543 0.708783 0.208582 0.286973 0.777291 0.464841 0.241328 0.646263
75.800000 0.061526 0.708585 0.208443 0.287087 0.777676 0.464862 0.241316 0.646409
76.000000 0.061548 0.709063 0.208652 0.286983 0.778016 0.464839 0.241447 0.646555
76.200000 0.061402 0.708588 0.208533 0.287412 0.778235 0.464921 0.241666 0.646707
76.400000 0.061634 0.708908 0.208547 0.287418 0.778495 0.464886 0.241596 0.646924
76.600000 0.061541 0.708895 0.208475 0.287268 0.778757 0.464999 0.241568 0.647043
76.800000 0.061542 0.709018 0.208500 0.287479 0.778914 0.464840 0.241767 0.647320
77.000000 0.061463 0.708841 0.208519 0.287749 0.779164 0.464974 0.241926 0.647519
77.200000 0.061524 0.709013 0.208514 0.287787 0.779042 0.464980 0.241958 0.647659
77.400000 0.061523 0.709054 0.208451 0.288042 0.779447 0.464941 0.241893 0.647983
77.600000 0.061386 0.708934 0.208595 0.287879 0.779724 0.465230 0.242146 0.648023
77.800000 0.061578 0.709221 0.208604 0.288094 0.780013 0.465049 0.242062 0.648170
78.000000 0.061550 0.708888 0.208601 0.288218 0.780292 0.464954 0.242036 0.648194
78.200000 0.061521 0.708964 0.208334 0.288284 0.780421 0.465185 0.242173 0.648461
78.400000 0.061567 0.709070 0.208666 0.288534 0.780698 0.465209 0.242078 0.648599
78.600000 0.061543 0.708938 0.208557 0.288648 0.780699 0.465223 0.242461 0.648667
78.800000 0.061560 0.709075 0.208803 0.288764 0.781054 0.465301 0.242391 0.648851
79.000000 0.061535 0.708964 0.208723 0.288707 0.781150 0.465125 0.242335 0.648892
79.200000 0.061523 0.709094 0.208676 0.288992 0.781405 0.465165 0.242491 0.649100
79.400000 0.061537 0.709130 0.208847 0.289010 0.781556 0.465222 0.242580 0.649355
79.600000 0.061532 0.709052 0.208690 0.289050 0.781717 0.465326 0.242465 0.649411
79.800000 0.061558 0.709154 0.208740 0.289221 0.781894 0.465201 0.242561 0.649460
80.000000 0.061381 0.708952 0.208594 0.289398 0.782148 0.465391 0.242915 0.649466
80.200000 0.061354 0.709046 0.208644 0.289323 0.782102 0.465018 0.242729 0.649694
80.400000 0.061584 0.709203 0.208673 0.289607 0.782519 0.465371 0.242852 0.649855
80.600000 0.061569 0.709315 0.208653 0.289703 0.782498 0.465381 0.242989 0.650150
80.800000 0.061404 0.709174 0.208879 0.289821 0.782865 0.465418 0.242972 0.650156
81.000000 0.061526 0.709115 0.208823 0.290049 0.783137 0.465536 0.243064 0.650446
81.200000 0.061553 0.709182 0.208629 0.289953 0.783290 0.465697 0.243113 0.650472
81.400000 0.061547 0.709228 0.208885 0.290204 0.783326 0.465580 0.243161 0.650476
81.600000 0.061539 0.709354 0.208607 0.290230 0.783525 0.465407 0.243121 0.650556
81.800000 0.061547 0.709095 0.208848 0.290287 0.783565 0.465444 0.243372 0.650578
82.000000 0.061527 0.709258 0.208834 0.290499 0.783866 0.465503 0.243307 0.650854
82.200000 0.061520 0.709049 0.208628 0.290444 0.783894 0.465435 0.243321 0.650870
82.400000 0.061616 0.709292 0.208836 0.290656 0.784064 0.465584 0.243429 0.650918
82.600000 0.061567 0.709246 0.208815 0.290673 0.784206 0.465686 0.243498 0.650964
82.800000 0.061560 0.709204 0.208788 0.290791 0.784395 0.465699 0.243514 0.651143
83.000000 0.061561 0.709234 0.208971 0.290808 0.784546 0.465694 0.243553 0.651463
83.200000 0.061551 0.709198 0.208876 0.291004 0.784584 0.465706 0.243760 0.650837
83.400000 0.061550 0.709345 0.208751 0.291036 0.784838 0.465825 0.243754 0.651520
83.600000 0.061569 0.709420 0.208873 0.291125 0.784569 0.465692 0.243568 0.651621
83.800000 0.061561 0.709320 0.208774 0.291188 0.784977 0.465728 0.243744 0.651739
84.000000 0.061574 0.709289 0.208768 0.291330 0.785074 0.465798 0.243977 0.651789
84.200000 0.061575 0.709261 0.208883 0.291359 0.785288 0.465995 0.243874 0.651971
84.400000 0.061526 0.709520 0.208752 0.291348 0.785394 0.465887 0.243906 0.652149
84.600000 0.061577 0.709356 0.208837 0.291444 0.785592 0.465842 0.244120 0.651944
84.800000 0.061499 0.709326 0.208761 0.291707 0.785710 0.465900 0.243910 0.652165
85.000000 0.061568 0.709275 0.208942 0.291863 0.785716 0.465741 0.244088 0.652170
85.200000 0.061531 0.709521 0.208970 0.291733 0.785958 0.465900 0.244136 0.652180
85.400000 0.061537 0.709503 0.209041 0.291933 0.786091 0.465919 0.244113 0.652379
85.600000 0.061566 0.709237 0.208941 0.292204 0.786227 0.465853 0.244082 0.652489
85.800000 0.061570 0.709484 0.208755 0.292170 0.786017 0.465952 0.244439 0.652649
86.000000 0.061574 0.709516 0.208935 0.292105 0.786417 0.465883 0.244374 0.652642
86.200000 0.061520 0.709488 0.208979 0.292229 0.786533 0.466295 0.244398 0.652629
86.400000 0.061535 0.709472 0.208772 0.292439 0.786680 0.466014 0.244420 0.652855
86.600000 0.061561 0.709516 0.208915 0.292468 0.786741 0.466007 0.244477 0.652980
86.800000 0.061560 0.709505 0.208988 0.292659 0.786870 0.466303 0.244536 0.653010
87.000000 0.061525 0.709419 0.208922 0.292702 0.786765 0.466114 0.244697 0.653017
87.200000 0.061563 0.709526 0.208913 0.292725 0.786932 0.466249 0.244620 0.652925
87.400000 0.061566 0.709566 0.209037 0.292693 0.787055 0.466040 0.244718 0.653162
87.600000 0.061563 0.709519 0.209044 0.292796 0.787187 0.466190 0.244701 0.653294
87.800000 0.061574 0.709535 0.209081 0.293022 0.787335 0.466217 0.244810 0.653138
88.000000 0.061564 0.709425 0.208948 0.293094 0.787376 0.466268 0.244891 0.653461
88.200000 0.061570 0.709435 0.209004 0.292972 0.787602 0.466293 0.244757 0.653334
88.400000 0.061509 0.709409 0.209184 0.293324 0.787777 0.466279 0.244936 0.653685
88.600000 0.061541 0.709382 0.209035 0.293237 0.787761 0.466171 0.244915 0.653457
88.800000 0.061563 0.709421 0.209090 0.293282 0.787756 0.466246 0.244905 0.653420
89.000000 0.061578 0.709373 0.209087 0.293562 0.787907 0.466349 0.245114 0.653788
89.200000 0.061567 0.709559 0.208770 0.293455 0.787865 0.466369 0.245107 0.653791
89.400000 0.061582 0.709602 0.209155 0.293697 0.788043 0.466336 0.245355 0.653880
89.600000 0.061571 0.709651 0.208964 0.293738 0.787968 0.466448 0.245253 0.653896
89.800000 0.061556 0.709478 0.209182 0.293778 0.788255 0.466384 0.245291 0.653994
90.000000 0.061510 0.709580 0.208961 0.293905 0.788205 0.466310 0.245305 0.653939
