0.200000 0.223187 0.416230 0.137528 0.219540 0.582777 0.562802 0.213655 0.477743
0.400000 0.222963 0.414788 0.137562 0.218459 0.578492 0.562912 0.212802 0.474578
0.600000 0.222853 0.414213 0.137401 0.218020 0.576227 0.562823 0.212270 0.472833
0.800000 0.222831 0.413328 0.137243 0.217365 0.573897 0.562619 0.211823 0.471143
1.000000 0.222762 0.412502 0.137200 0.216780 0.571587 0.562477 0.211315 0.469216
1.200000 0.222655 0.411852 0.137126 0.216112 0.569174 0.562447 0.210860 0.467582
1.400000 0.222599 0.411137 0.137131 0.215681 0.566941 0.562358 0.210453 0.465903
1.600000 0.222516 0.410559 0.136949 0.215177 0.564614 0.562345 0.209957 0.463732
1.800000 0.222338 0.409761 0.136899 0.214644 0.562548 0.562236 0.209227 0.462300
2.000000 0.222330 0.409265 0.136788 0.213960 0.560215 0.562134 0.208774 0.460549
2.200000 0.222375 0.408486 0.136835 0.213555 0.558150 0.562003 0.208282 0.458984
2.400000 0.222021 0.407991 0.136540 0.212847 0.555784 0.561733 0.207701 0.457258
2.600000 0.222216 0.407342 0.136628 0.212703 0.553616 0.561808 0.207311 0.455458
2.800000 0.222149 0.406566 0.136533 0.211822 0.551443 0.561585 0.206776 0.453798
3.000000 0.222109 0.406002 0.136446 0.211577 0.549276 0.561645 0.206378 0.452195
3.200000 0.221910 0.405521 0.136303 0.211117 0.547167 0.561470 0.205939 0.450564
3.400000 0.221924 0.404785 0.136377 0.210326 0.545008 0.561439 0.205453 0.448937
3.600000 0.221905 0.404051 0.136008 0.209993 0.542907 0.561305 0.205008 0.447314
3.800000 0.221842 0.403296 0.136142 0.209500 0.540889 0.561127 0.204548 0.445749
4.000000 0.221817 0.402956 0.136172 0.209194 0.538799 0.561055 0.203945 0.444127
4.200000 0.221770 0.402271 0.136032 0.208455 0.536764 0.561017 0.203539 0.442398
4.400000 0.221666 0.401711 0.136080 0.208115 0.534434 0.560812 0.203283 0.440865
4.600000 0.221609 0.400897 0.135844 0.207636 0.532445 0.560679 0.202630 0.439443
4.800000 0.221592 0.400190 0.135663 0.206976 0.530471 0.560660 0.202153 0.437856
5.000000 0.221534 0.399964 0.135758 0.206701 0.528455 0.560601 0.201582 0.436367
5.200000 0.221429 0.399277 0.135762 0.206172 0.526434 0.560435 0.201403 0.434778
5.400000 0.221273 0.398660 0.135353 0.205669 0.524708 0.560332 0.200791 0.433205
5.600000 0.221344 0.398226 0.135508 0.205278 0.522541 0.560247 0.200318 0.431709
5.800000 0.221366 0.397757 0.135619 0.204813 0.520680 0.560366 0.199927 0.430308
6.000000 0.221186 0.396904 0.135351 0.204262 0.518587 0.559939 0.199360 0.428484
6.200000 0.221159 0.396460 0.135469 0.204009 0.516813 0.559926 0.198866 0.427269
6.400000 0.221183 0.395955 0.135337 0.203427 0.514733 0.559682 0.198513 0.425689
6.600000 0.221004 0.395209 0.135095 0.203082 0.512190 0.559806 0.197959 0.423950
6.800000 0.220954 0.394683 0.135089 0.202571 0.510349 0.559579 0.197482 0.422592
7.000000 0.220700 0.393977 0.134817 0.201876 0.508631 0.559530 0.197022 0.421110
7.200000 0.220879 0.393598 0.135004 0.201662 0.506637 0.559294 0.196674 0.419698
7.400000 0.220775 0.393183 0.134901 0.201263 0.504775 0.558899 0.195997 0.418155
7.600000 0.220600 0.392334 0.134882 0.200261 0.502501 0.558876 0.195585 0.416312
7.800000 0.220604 0.391576 0.134857 0.200057 0.500457 0.558996 0.195088 0.414764
8.000000 0.220587 0.391110 0.134870 0.199636 0.498585 0.558921 0.194818 0.413566
8.200000 0.220588 0.390738 0.134709 0.199390 0.496890 0.558925 0.194165 0.412225
8.400000 0.220394 0.390248 0.134757 0.198791 0.495098 0.558655 0.193912 0.410906
8.600000 0.220416 0.389779 0.134448 0.198592 0.493370 0.558638 0.193373 0.409488
8.800000 0.220358 0.389262 0.134435 0.198231 0.491670 0.558181 0.192934 0.408301
9.000000 0.220376 0.388914 0.134346 0.197877 0.489998 0.558320 0.192775 0.407057
9.200000 0.220305 0.388398 0.134326 0.197501 0.488394 0.558230 0.192192 0.405877
9.400000 0.220238 0.387728 0.134352 0.197132 0.486847 0.558036 0.191843 0.404604
9.600000 0.220160 0.387281 0.134230 0.196739 0.485116 0.558101 0.191208 0.403375
9.800000 0.220105 0.386885 0.134197 0.196391 0.483494 0.558158 0.190995 0.401945
10.000000 0.220072 0.386424 0.134066 0.196072 0.481938 0.557780 0.190488 0.400832
10.200000 0.220032 0.386128 0.134007 0.195639 0.480211 0.557706 0.190184 0.399477
10.400000 0.219593 0.385706 0.134096 0.195307 0.478542 0.557414 0.189770 0.398308
10.600000 0.219913 0.385346 0.134022 0.194816 0.477079 0.557569 0.189490 0.397208
10.800000 0.219864 0.385133 0.134100 0.194447 0.475520 0.557255 0.189325 0.396105
11.000000 0.219880 0.384487 0.133898 0.194205 0.473800 0.557308 0.188721 0.394886
11.200000 0.219771 0.384170 0.133863 0.193691 0.472350 0.557193 0.188220 0.393568
11.400000 0.219752 0.383313 0.133883 0.193491 0.470822 0.557194 0.187889 0.392590
11.600000 0.219671 0.382957 0.133900 0.193164 0.469281 0.556978 0.187584 0.391361
11.800000 0.219643 0.382673 0.133716 0.192834 0.467773 0.556730 0.187051 0.390304
12.000000 0.219555 0.382211 0.133598 0.192484 0.466338 0.556866 0.186871 0.389171
12.200000 0.219530 0.381630 0.133648 0.192218 0.465015 0.556757 0.186416 0.388058
12.400000 0.219459 0.381171 0.133436 0.191758 0.463234 0.556634 0.185854 0.386719
12.600000 0.219407 0.380797 0.133623 0.191432 0.461612 0.556455 0.185570 0.385554
12.800000 0.219368 0.380412 0.133480 0.191057 0.460383 0.556037 0.185245 0.384483
13.000000 0.219286 0.379947 0.133441 0.190846 0.458869 0.556150 0.185064 0.383676
13.200000 0.219209 0.379746 0.133415 0.190508 0.457727 0.556101 0.184519 0.382441
13.400000 0.219244 0.379215 0.133352 0.190252 0.456393 0.556057 0.184301 0.381507
13.600000 0.219182 0.378948 0.133687 0.189830 0.455321 0.555782 0.183922 0.380637
13.800000 0.219026 0.378351 0.133289 0.189645 0.453901 0.556153 0.183517 0.379741
14.000000 0.219094 0.378099 0.133228 0.189346 0.452468 0.555678 0.183205 0.378693
14.200000 0.219052 0.377729 0.132996 0.188989 0.451328 0.555480 0.182824 0.377799
14.400000 0.219032 0.377418 0.133165 0.188832 0.450115 0.555440 0.182616 0.376864
14.600000 0.219029 0.377046 0.133081 0.188494 0.448805 0.555562 0.182217 0.375865
14.800000 0.218883 0.376698 0.133054 0.188314 0.447632 0.555142 0.181980 0.375069
15.000000 0.218900 0.376371 0.132973 0.187960 0.446369 0.555115 0.181598 0.373864
15.200000 0.218961 0.376064 0.132759 0.187781 0.445109 0.555263 0.181232 0.373111
15.400000 0.218802 0.375626 0.133042 0.187491 0.443935 0.555094 0.181090 0.372305
15.600000 0.218740 0.375173 0.133016 0.187079 0.442770 0.554900 0.180922 0.371284
15.800000 0.218670 0.374624 0.132742 0.186846 0.441353 0.554755 0.180379 0.370240
16.000000 0.218671 0.374466 0.132902 0.186766 0.440662 0.554668 0.180120 0.369557
16.200000 0.218654 0.374271 0.132676 0.186378 0.439451 0.554690 0.179883 0.368709
16.400000 0.218622 0.373766 0.132692 0.186052 0.437800 0.554420 0.179521 0.367881
16.600000 0.218638 0.373526 0.132641 0.185813 0.436853 0.554459 0.179220 0.366957
16.800000 0.218366 0.373029 0.132615 0.185678 0.435668 0.554454 0.178977 0.366060
17.000000 0.218373 0.372637 0.132725 0.184971 0.434509 0.554285 0.178629 0.365118
17.200000 0.218435 0.372447 0.132508 0.185055 0.433376 0.554141 0.178412 0.364322
17.400000 0.218427 0.372108 0.132471 0.184670 0.432351 0.554081 0.178066 0.363485
17.600000 0.218210 0.371552 0.132526 0.184422 0.431324 0.554000 0.177740 0.362562
17.800000 0.218341 0.371324 0.132349 0.184147 0.430281 0.553798 0.177600 0.361918
18.000000 0.218316 0.371195 0.132392 0.183939 0.429061 0.553751 0.177211 0.360960
18.200000 0.218223 0.370837 0.132341 0.183731 0.427954 0.553619 0.177020 0.360194
18.400000 0.218124 0.370429 0.132445 0.183487 0.426998 0.553528 0.176597 0.359278
18.600000 0.218070 0.370127 0.132378 0.183331 0.425723 0.553585 0.176352 0.358573
18.800000 0.218118 0.369606 0.132260 0.182894 0.424241 0.553279 0.175794 0.357390
19.000000 0.218068 0.369331 0.132105 0.182703 0.423223 0.553274 0.175732 0.356560
19.200000 0.218093 0.369006 0.132118 0.182420 0.422087 0.552910 0.175399 0.355911
19.400000 0.217896 0.368755 0.132224 0.182384 0.421241 0.552896 0.175149 0.355106
19.600000 0.218000 0.368410 0.132101 0.181906 0.420351 0.552827 0.174923 0.354329
19.800000 0.217998 0.368081 0.132010 0.181844 0.419188 0.552877 0.174621 0.353544
20.000000 0.217963 0.367823 0.132005 0.181567 0.418222 0.552703 0.174528 0.352650
20.200000 0.217908 0.367536 0.132136 0.181329 0.417070 0.552481 0.174102 0.351944
20.400000 0.217774 0.367252 0.131849 0.181259 0.416162 0.552376 0.173660 0.351180
20.600000 0.217856 0.366945 0.131967 0.180899 0.415090 0.552350 0.173385 0.350376
20.800000 0.217826 0.366597 0.131837 0.180717 0.414028 0.552175 0.173077 0.349882
21.000000 0.217635 0.366507 0.131874 0.180489 0.413351 0.552178 0.172934 0.349116
21.200000 0.217695 0.366052 0.131815 0.180243 0.412206 0.552184 0.172696 0.348275
21.400000 0.217723 0.365672 0.131713 0.179917 0.411258 0.551936 0.172499 0.347593
21.600000 0.217691 0.365389 0.131758 0.179856 0.410397 0.551902 0.172147 0.346692
21.800000 0.217626 0.365239 0.131636 0.179522 0.409279 0.551657 0.172101 0.346112
22.000000 0.217452 0.364907 0.131720 0.179338 0.408435 0.551804 0.171804 0.345492
22.200000 0.217417 0.364290 0.131627 0.178924 0.407240 0.551373 0.171381 0.344403
22.400000 0.217210 0.363891 0.131320 0.178435 0.405984 0.551229 0.171040 0.343431
22.600000 0.217488 0.363852 0.131570 0.178666 0.405024 0.551406 0.170824 0.342912
22.800000 0.217426 0.363581 0.131391 0.178270 0.404226 0.551401 0.170605 0.342211
23.000000 0.217409 0.363350 0.131487 0.178158 0.403300 0.551289 0.170321 0.341594
23.200000 0.217378 0.363140 0.131452 0.177827 0.402494 0.551004 0.170037 0.340829
23.400000 0.217358 0.362846 0.131477 0.177629 0.401588 0.550901 0.169954 0.340133
23.600000 0.217174 0.362349 0.131474 0.177308 0.400556 0.550865 0.169732 0.339532
23.800000 0.217142 0.361814 0.131266 0.177392 0.399650 0.550684 0.169410 0.339032
24.000000 0.217226 0.362086 0.131257 0.177210 0.398931 0.550595 0.169289 0.338213
24.200000 0.217214 0.361540 0.131195 0.176954 0.398036 0.550417 0.169057 0.337479
24.400000 0.217183 0.361418 0.131210 0.176788 0.397297 0.550467 0.168829 0.336993
24.600000 0.217108 0.360910 0.131241 0.176641 0.396311 0.550329 0.168634 0.336248
24.800000 0.217151 0.360972 0.131371 0.176496 0.395386 0.550258 0.168411 0.335546
25.000000 0.217100 0.360574 0.131264 0.176194 0.394475 0.550191 0.168021 0.334833
25.200000 0.217025 0.360256 0.131206 0.175841 0.393540 0.550010 0.167701 0.334283
25.400000 0.216984 0.359834 0.131186 0.175649 0.392800 0.549849 0.167654 0.333527
25.600000 0.217109 0.359928 0.130924 0.175567 0.391993 0.549636 0.167435 0.332975
25.800000 0.216942 0.359614 0.131021 0.175454 0.391105 0.549680 0.167031 0.332179
26.000000 0.216919 0.359210 0.130986 0.175223 0.390328 0.549502 0.166975 0.331712
26.200000 0.216857 0.359023 0.131000 0.174869 0.389428 0.549450 0.166500 0.331264
26.400000 0.216864 0.358712 0.130730 0.174818 0.388796 0.549461 0.166605 0.330406
26.600000 0.216785 0.358512 0.130950 0.174578 0.388015 0.549384 0.166363 0.329852
26.800000 0.216812 0.358130 0.130909 0.174477 0.387221 0.549250 0.166181 0.329332
27.000000 0.216767 0.357825 0.130946 0.174301 0.386397 0.548909 0.165799 0.328743
27.200000 0.216776 0.357676 0.130880 0.174120 0.385709 0.548983 0.165630 0.328212
27.400000 0.216685 0.357652 0.130869 0.174081 0.384968 0.548932 0.165701 0.327519
27.600000 0.216669 0.357247 0.130823 0.173773 0.384211 0.548818 0.165347 0.326986
27.800000 0.216771 0.357054 0.130914 0.173542 0.383436 0.548681 0.165039 0.326347
28.000000 0.216579 0.356642 0.130747 0.173079 0.382417 0.548410 0.164888 0.325811
28.200000 0.216380 0.356595 0.130671 0.173146 0.381895 0.548418 0.164708 0.325280
28.400000 0.216383 0.356406 0.130627 0.172803 0.381114 0.548410 0.164573 0.324572
28.600000 0.216371 0.356031 0.130752 0.172753 0.380268 0.548257 0.164037 0.323955
28.800000 0.216643 0.355698 0.130520 0.172756 0.379717 0.548149 0.163983 0.323530
29.000000 0.216138 0.355682 0.130535 0.172380 0.378787 0.547856 0.163748 0.322984
29.200000 0.216417 0.355515 0.130728 0.172301 0.378252 0.547896 0.163801 0.322499
29.400000 0.216413 0.355267 0.130523 0.172264 0.377384 0.547867 0.163499 0.321932
29.600000 0.216395 0.354957 0.130481 0.172017 0.376490 0.547788 0.163439 0.321237
29.800000 0.216257 0.354665 0.130408 0.171941 0.376129 0.547666 0.163203 0.320771
30.000000 0.216358 0.354511 0.130600 0.171614 0.375454 0.547566 0.163065 0.320416
30.200000 0.216306 0.354263 0.130256 0.171562 0.374493 0.547631 0.162783 0.319812
30.400000 0.216281 0.354030 0.130596 0.171357 0.373910 0.547410 0.162674 0.319287
30.600000 0.217231 0.353789 0.130361 0.171301 0.373098 0.547199 0.162625 0.318845
30.800000 0.222101 0.353644 0.130422 0.171037 0.372556 0.547201 0.162110 0.318220
31.000000 0.232826 0.353386 0.130245 0.170870 0.371861 0.547171 0.162067 0.317742
31.200000 0.245414 0.353211 0.130427 0.170895 0.371621 0.546947 0.161976 0.317633
31.400000 0.261310 0.353174 0.130404 0.170733 0.372078 0.507841 0.161968 0.317936
31.600000 0.278996 0.353133 0.130623 0.170912 0.372951 0.585873 0.162195 0.318706
31.800000 0.297654 0.353318 0.130492 0.171341 0.374766 0.546835 0.162169 0.320002
32.000000 0.316234 0.353704 0.130646 0.171792 0.377757 0.546832 0.162479 0.322129
32.200000 0.334157 0.354666 0.130819 0.172684 0.381478 0.546631 0.162841 0.325001
32.400000 0.351222 0.356464 0.131502 0.174053 0.387213 0.546812 0.163336 0.328875
32.600000 0.366647 0.358996 0.132214 0.175856 0.392979 0.546806 0.164012 0.333327
32.800000 0.380409 0.361983 0.133177 0.177936 0.399845 0.546570 0.164652 0.338557
33.000000 0.392848 0.366333 0.134323 0.180810 0.407904 0.546640 0.165434 0.344297
33.200000 0.403637 0.371168 0.135242 0.183963 0.416290 0.546781 0.166369 0.350863
33.400000 0.413664 0.377312 0.136563 0.187507 0.425568 0.585884 0.167120 0.357887
33.600000 0.422014 0.383996 0.137671 0.191417 0.435483 0.546739 0.168343 0.365273
33.800000 0.429558 0.391431 0.138738 0.195537 0.445778 0.546762 0.169137 0.373192
34.000000 0.436147 0.400249 0.139941 0.200136 0.456622 0.508066 0.170316 0.381438
34.200000 0.441817 0.410072 0.141151 0.204833 0.468048 0.547040 0.171394 0.390647
34.400000 0.446647 0.420160 0.142233 0.209429 0.479884 0.547150 0.172651 0.399412
34.600000 0.450994 0.431323 0.143591 0.214410 0.491840 0.547044 0.173717 0.409246
34.800000 0.454579 0.443088 0.144806 0.219386 0.504695 0.547332 0.174870 0.418888
35.000000 0.457943 0.455856 0.146155 0.224227 0.517713 0.547190 0.176234 0.429100
35.200000 0.460523 0.469270 0.147457 0.229234 0.531312 0.547199 0.177575 0.439766
35.400000 0.462824 0.482565 0.148385 0.234131 0.544412 0.547215 0.178604 0.449879
35.600000 0.464686 0.496332 0.149804 0.238873 0.557574 0.547351 0.179846 0.460217
35.800000 0.466198 0.510638 0.151036 0.242807 0.571452 0.547621 0.180934 0.470823
36.000000 0.467578 0.525954 0.152130 0.248352 0.624979 0.547508 0.182118 0.482265
36.200000 0.468942 0.541154 0.153099 0.253066 0.600302 0.547713 0.183551 0.493268
36.400000 0.469910 0.556915 0.154430 0.257813 0.614759 0.547713 0.184720 0.504714
36.600000 0.470844 0.572736 0.155369 0.262333 0.629435 0.547919 0.185990 0.516191
36.800000 0.471525 0.588924 0.156669 0.267023 0.644512 0.547792 0.187182 0.527695
37.000000 0.472341 0.608271 0.158076 0.272418 0.662625 0.547979 0.188496 0.541754
37.200000 0.472854 0.624569 0.159183 0.276985 0.677807 0.548194 0.189971 0.553599
37.400000 0.473288 0.640891 0.160232 0.281517 0.692898 0.548192 0.191337 0.565649
37.600000 0.473738 0.657325 0.161310 0.286062 0.708405 0.548383 0.192469 0.577823
37.800000 0.473929 0.673254 0.162297 0.290635 0.723845 0.548459 0.193771 0.590116
38.000000 0.474079 0.689693 0.163726 0.294860 0.739215 0.548425 0.194843 0.602105
38.200000 0.474305 0.705344 0.164721 0.299295 0.754357 0.548818 0.196373 0.614394
38.400000 0.474280 0.720659 0.165859 0.303704 0.769374 0.548599 0.197474 0.626299
38.600000 0.474545 0.735705 0.166799 0.308213 0.784434 0.548849 0.198883 0.638353
38.800000 0.474431 0.750129 0.167741 0.312306 0.799018 0.548899 0.200056 0.650390
39.000000 0.474412 0.764620 0.168770 0.316663 0.813888 0.548993 0.201357 0.662512
39.200000 0.474603 0.778532 0.169890 0.320903 0.828143 0.549162 0.202585 0.674031
39.400000 0.474582 0.791880 0.170783 0.325103 0.842622 0.549279 0.203994 0.686030
39.600000 0.474663 0.804324 0.171672 0.329320 0.856732 0.549362 0.204946 0.697327
39.800000 0.474659 0.816494 0.172789 0.333440 0.870025 0.549544 0.206170 0.708500
40.000000 0.474666 0.828187 0.173650 0.337257 0.883470 0.549450 0.207607 0.719645
40.200000 0.474675 0.839310 0.174587 0.341503 0.896378 0.549531 0.208812 0.730714
40.400000 0.474787 0.850079 0.175534 0.345619 0.909316 0.549661 0.210154 0.741785
40.600000 0.474915 0.860395 0.176497 0.349591 0.921798 0.549811 0.211406 0.752271
40.800000 0.474749 0.870177 0.177345 0.353403 0.934074 0.549779 0.212583 0.762804
41.000000 0.474656 0.879392 0.178149 0.357395 0.946170 0.549967 0.213902 0.772878
41.200000 0.474421 0.888387 0.179076 0.361294 0.957681 0.550115 0.215119 0.782790
41.400000 0.474463 0.896700 0.179639 0.365123 0.968800 0.549888 0.216345 0.792844
41.600000 0.474131 0.904849 0.180767 0.368879 0.980221 0.550143 0.217488 0.802631
41.800000 0.474045 0.912557 0.181525 0.372646 0.990757 0.550276 0.218713 0.811998
42.000000 0.473805 0.920013 0.182290 0.376424 1.000831 0.550607 0.220025 0.821059
42.200000 0.473692 0.926942 0.183038 0.379878 1.010905 0.550521 0.221155 0.829959
42.400000 0.473607 0.933553 0.183857 0.383410 1.020802 0.550881 0.222557 0.838536
42.600000 0.473209 0.939765 0.184504 0.387217 1.029887 0.550923 0.223717 0.846819
42.800000 0.473151 0.945639 0.185110 0.429680 1.039013 0.551111 0.224840 0.855047
43.000000 0.472935 0.951255 0.185952 0.394103 1.047523 0.550927 0.225882 0.862830
43.200000 0.472727 0.956862 0.186756 0.397548 1.056661 0.551196 0.227336 0.871538
43.400000 0.472641 0.964147 0.187606 0.402346 1.067972 0.551478 0.228905 0.881416
43.600000 0.472550 0.968789 0.188175 0.405675 1.076016 0.551348 0.230143 0.888688
43.800000 0.472394 0.973297 0.188844 0.408868 1.083235 0.551465 0.231019 0.895490
44.000000 0.472184 0.977506 0.189556 0.412047 1.090625 0.551793 0.232403 0.902128
44.200000 0.472058 0.981574 0.189907 0.415081 1.097417 0.551689 0.233464 0.908560
44.400000 0.471932 0.985502 0.190729 0.418285 1.104173 0.551845 0.234544 0.914985
44.600000 0.471767 0.989043 0.191200 0.421296 1.110494 0.552031 0.235606 0.921003
44.800000 0.471552 0.992322 0.191724 0.424223 1.116901 0.552113 0.236863 0.926809
45.000000 0.471522 0.995733 0.192280 0.427108 1.122837 0.552158 0.237945 0.932362
45.200000 0.471385 0.999208 0.192834 0.430216 1.128780 0.552143 0.238663 0.938048
45.400000 0.471379 1.002087 0.193437 0.432917 1.134203 0.552440 0.239894 0.943211
45.600000 0.471167 1.004835 0.193647 0.435783 1.139646 0.552394 0.241106 0.948141
45.800000 0.471253 1.007704 0.194102 0.438575 1.145038 0.552620 0.242211 0.953669
46.000000 0.471146 1.010295 0.194793 0.441346 1.150198 0.552629 0.243269 0.958444
46.200000 0.471166 1.013000 0.195233 0.444122 1.154941 0.552531 0.244228 0.962987
46.400000 0.471303 1.015546 0.195705 0.446873 1.160068 0.552906 0.245320 0.967776
46.600000 0.471138 1.017643 0.196227 0.449413 1.164659 0.552796 0.246342 0.972228
46.800000 0.471177 1.019989 0.196672 0.452116 1.169389 0.553001 0.247166 0.976557
47.000000 0.470918 1.022105 0.197209 0.454599 1.173750 0.553004 0.248359 0.980963
47.200000 0.471072 1.024580 0.197504 0.457274 1.178070 0.553325 0.249383 0.985256
47.400000 0.471067 1.026316 0.197985 0.459783 1.182347 0.553534 0.250332 0.989241
47.600000 0.471022 1.028255 0.198284 0.462319 1.186156 0.553582 0.251309 0.992813
47.800000 0.470850 1.030216 0.198753 0.464679 1.190308 0.553664 0.252346 0.996992
48.000000 0.470610 1.031923 0.199060 0.467044 1.194212 0.553657 0.253206 1.000461
48.200000 0.470542 1.033580 0.199547 0.469467 1.197786 0.553824 0.254118 1.004098
48.400000 0.470555 1.035389 0.199875 0.471912 1.201559 0.553995 0.255115 1.007836
48.600000 0.470411 1.037026 0.200158 0.474100 1.204752 0.553917 0.256313 1.010901
48.800000 0.470202 1.038450 0.200539 0.476361 1.208328 0.554072 0.256975 1.014512
49.000000 0.469846 1.039941 0.200736 0.478545 1.211538 0.553802 0.257811 1.017427
49.200000 0.469736 1.041435 0.201184 0.480875 1.214626 0.554194 0.258696 1.020867
49.400000 0.469683 1.042632 0.201645 0.483117 1.218076 0.554470 0.259767 1.024017
49.600000 0.469354 1.044605 0.201735 0.485754 1.221631 0.554607 0.260667 1.027817
49.800000 0.469358 1.045721 0.202202 0.487952 1.224675 0.554718 0.261591 1.030671
50.000000 0.469180 1.046957 0.202550 0.489783 1.227320 0.554810 0.262510 1.033368
50.200000 0.468980 1.048009 0.202839 0.492222 1.230325 0.554835 0.263453 1.036111
50.400000 0.468760 1.049184 0.203227 0.494172 1.232923 0.554867 0.264307 1.038929
50.600000 0.468540 1.050087 0.203295 0.496333 1.235660 0.555103 0.265084 1.041525
50.800000 0.468502 1.051307 0.203699 0.498307 1.238447 0.555264 0.266011 1.044200
51.000000 0.468336 1.052023 0.203933 0.500436 1.240980 0.555406 0.266852 1.046602
51.200000 0.468209 1.052765 0.204278 0.502219 1.243386 0.555315 0.267560 1.048985
51.400000 0.468104 1.054022 0.204499 0.504066 1.245825 0.555570 0.268422 1.051467
51.600000 0.468066 1.015749 0.204736 0.505729 1.247928 0.555692 0.269424 1.053767
51.800000 0.467870 1.055527 0.205027 0.507996 1.250511 0.555802 0.269941 1.055946
52.000000 0.467737 1.056087 0.205014 0.509529 1.252630 0.555846 0.270896 1.058210
52.200000 0.467579 1.056942 0.205565 0.511491 1.254621 0.555906 0.271600 1.059886
52.400000 0.467542 1.057606 0.205704 0.513537 1.256964 0.555952 0.272434 1.062527
52.600000 0.467377 1.058232 0.206116 0.515159 1.258770 0.555759 0.273078 1.064654
52.800000 0.467572 1.059078 0.206217 0.517085 1.261082 0.556303 0.273799 1.066672
53.000000 0.467534 1.059632 0.206409 0.518879 1.262972 0.556447 0.274553 1.068550
53.200000 0.467285 1.060077 0.206502 0.520685 1.264979 0.556200 0.275419 1.070485
53.400000 0.467325 1.060894 0.206825 0.522197 1.267060 0.556465 0.276224 1.072105
53.600000 0.467188 1.061344 0.207162 0.523974 1.268678 0.556636 0.276983 1.074132
53.800000 0.467154 1.061903 0.207226 0.525548 1.270391 0.556645 0.277669 1.075753
54.000000 0.467138 1.062489 0.207445 0.527101 1.272386 0.556794 0.278181 1.077581
54.200000 0.467140 1.062844 0.207642 0.528780 1.273509 0.556870 0.278953 1.079360
54.400000 0.467105 1.063476 0.207902 0.530140 1.275583 0.557006 0.279712 1.080857
54.600000 0.467000 1.063802 0.208089 0.531842 1.277249 0.557178 0.280355 1.082842
54.800000 0.466842 1.064268 0.208282 0.533508 1.278822 0.557372 0.281069 1.084161
55.000000 0.466902 1.064746 0.208367 0.535078 1.280478 0.557382 0.281817 1.085915
55.200000 0.466729 1.064839 0.208386 0.536536 1.281792 0.557348 0.282319 1.087316
55.400000 0.466695 1.065228 0.208765 0.537887 1.283145 0.557450 0.283042 1.088769
55.600000 0.466562 1.065591 0.208886 0.539624 1.285082 0.557426 0.283879 1.090691
55.800000 0.466326 1.066197 0.209082 0.541419 1.286662 0.557858 0.284531 1.092343
56.000000 0.466391 1.066567 0.209343 0.542653 1.288117 0.557709 0.285059 1.093509
56.200000 0.466359 1.066877 0.209548 0.544331 1.289573 0.557952 0.285690 1.094825
56.400000 0.466237 1.067251 0.209721 0.545690 1.290962 0.558093 0.286340 1.096268
56.600000 0.466017 1.067484 0.209949 0.547092 1.292121 0.558175 0.287129 1.097440
56.800000 0.466036 1.067545 0.210014 0.548514 1.293487 0.558317 0.287630 1.098913
57.000000 0.465858 1.068032 0.210162 0.549900 1.294759 0.558435 0.288271 1.100109
57.200000 0.465735 1.067905 0.210310 0.551193 1.295915 0.558578 0.288742 1.101225
57.400000 0.465700 1.068362 0.210289 0.552461 1.296972 0.558342 0.289181 1.102348
57.600000 0.465844 1.068421 0.210705 0.553645 1.297918 0.558516 0.289851 1.103565
57.800000 0.465840 1.068840 0.210843 0.555103 1.299334 0.558678 0.290566 1.104628
58.000000 0.465619 1.069011 0.210858 0.556399 1.300388 0.558883 0.291100 1.105785
58.200000 0.465622 1.069210 0.211003 0.557623 1.301313 0.558937 0.291504 1.106731
58.400000 0.465679 1.069401 0.211037 0.558981 1.302673 0.559063 0.292308 1.108065
58.600000 0.465547 1.069570 0.211170 0.560014 1.303423 0.559233 0.292665 1.109070
58.800000 0.465423 1.069479 0.211475 0.561330 1.304328 0.559005 0.293243 1.110041
59.000000 0.465457 1.069863 0.211465 0.562556 1.305706 0.559303 0.293784 1.111196
59.200000 0.465315 1.070036 0.211697 0.563768 1.306830 0.559266 0.294253 1.112093
59.400000 0.465354 1.070002 0.211843 0.564646 1.307703 0.559456 0.294647 1.113023
59.600000 0.464965 1.070356 0.211815 0.565918 1.308719 0.559462 0.295389 1.114105
59.800000 0.465103 1.070318 0.212040 0.566943 1.309575 0.559545 0.295718 1.115069
60.000000 0.465038 1.070315 0.212246 0.568222 1.310166 0.559812 0.296201 1.115708
60.200000 0.465085 1.070410 0.212366 0.569360 1.310762 0.559722 0.296633 1.116648
60.400000 0.464954 1.070821 0.212342 0.570338 1.312106 0.559957 0.297241 1.117615
60.600000 0.464823 1.070724 0.212426 0.571328 1.313031 0.560134 0.297723 1.118391
60.800000 0.464740 1.070923 0.212560 0.572676 1.313921 0.560008 0.297869 1.119366
61.000000 0.464708 1.070829 0.212716 0.573528 1.314604 0.560051 0.298716 1.120023
61.200000 0.464541 1.070965 0.212577 0.574634 1.315336 0.560222 0.298940 1.120944
61.400000 0.464313 1.071244 0.213001 0.575799 1.316350 0.560592 0.299614 1.121435
61.600000 0.464235 1.071250 0.213025 0.576923 1.316835 0.560530 0.300047 1.122341
61.800000 0.464094 1.071082 0.213184 0.578116 1.317769 0.560553 0.300528 1.123437
62.000000 0.464165 1.071022 0.213264 0.579041 1.318528 0.560625 0.300921 1.123885
62.200000 0.464141 1.071100 0.213408 0.580018 1.319225 0.560823 0.301462 1.124854
62.400000 0.463944 1.071425 0.213410 0.581086 1.320096 0.560795 0.301891 1.125517
62.600000 0.463865 1.071448 0.213513 0.581982 1.320766 0.560995 0.302196 1.126329
62.800000 0.463672 1.071113 0.213700 0.582964 1.321247 0.560702 0.302668 1.126589
63.000000 0.463664 1.071444 0.213814 0.584130 1.321936 0.561094 0.303086 1.127589
63.200000 0.463512 1.071620 0.213814 0.584921 1.322419 0.561299 0.303623 1.128112
63.400000 0.463263 1.071331 0.213986 0.585824 1.322997 0.561293 0.303811 1.128551
63.600000 0.463377 1.071689 0.214061 0.586853 1.323794 0.561403 0.304359 1.129269
63.800000 0.463150 1.071339 0.214182 0.587590 1.324223 0.561334 0.304529 1.129638
64.000000 0.463127 1.071642 0.214102 0.588608 1.324858 0.561799 0.305058 1.130406
64.200000 0.463207 1.071287 0.214158 0.589327 1.325522 0.561599 0.305404 1.130864
64.400000 0.463182 1.071200 0.214489 0.590299 1.325852 0.561692 0.305809 1.131204
64.600000 0.463164 1.071546 0.214517 0.591218 1.326471 0.561941 0.306243 1.132128
64.800000 0.463126 1.071404 0.214570 0.592107 1.326697 0.561926 0.306557 1.132960
65.000000 0.463257 1.071510 0.214689 0.592938 1.327591 0.562065 0.306934 1.133195
65.200000 0.463204 1.071199 0.214720 0.593607 1.327872 0.562009 0.307139 1.133771
65.400000 0.463051 1.071194 0.214823 0.594606 1.328458 0.562123 0.307569 1.134156
65.600000 0.462955 1.071301 0.214965 0.595487 1.328904 0.562230 0.307859 1.134651
65.800000 0.463010 1.071189 0.214908 0.596305 1.329412 0.562414 0.308311 1.135014
66.000000 0.462902 1.071527 0.215136 0.596792 1.329999 0.562338 0.308600 1.135872
66.200000 0.462794 1.071357 0.215108 0.597787 1.330547 0.562584 0.308918 1.136114
66.400000 0.462709 1.071370 0.215307 0.598650 1.330837 0.562606 0.309193 1.136700
66.600000 0.462602 1.071322 0.215279 0.599419 1.331336 0.562719 0.309396 1.137086
66.800000 0.462424 1.071237 0.215160 0.600120 1.331699 0.562636 0.309753 1.137560
67.000000 0.462326 1.071172 0.215497 0.600923 1.332098 0.562749 0.310147 1.138149
67.200000 0.462135 1.071099 0.215569 0.601752 1.332606 0.562905 0.310483 1.138230
67.400000 0.462102 1.070758 0.215516 0.602495 1.332889 0.563162 0.310875 1.138739
67.600000 0.461993 1.070875 0.215701 0.603079 1.333292 0.563182 0.311018 1.139162
67.800000 0.461835 1.070793 0.215644 0.604110 1.333704 0.563223 0.311295 1.139530
68.000000 0.462018 1.070778 0.215885 0.604687 1.333898 0.563277 0.311683 1.139661
68.200000 0.461828 1.070627 0.215772 0.605398 1.334026 0.563299 0.312029 1.140129
68.400000 0.461793 1.070649 0.215943 0.606079 1.334498 0.563388 0.312282 1.140353
68.600000 0.461720 1.070457 0.216022 0.606694 1.334425 0.563522 0.312560 1.140864
68.800000 0.461580 1.070426 0.216059 0.607753 1.335277 0.563691 0.312955 1.141124
69.000000 0.461689 1.070435 0.216168 0.607945 1.334952 0.563648 0.313102 1.141566
69.200000 0.461472 1.070336 0.216181 0.608863 1.335613 0.563794 0.313386 1.141815
69.400000 0.461468 1.070277 0.215959 0.609554 1.335812 0.563724 0.313593 1.142125
69.600000 0.461440 1.070186 0.216476 0.610259 1.336256 0.563951 0.313600 1.142407
69.800000 0.461566 1.070025 0.216195 0.610854 1.336695 0.563730 0.314155 1.142727
70.000000 0.461632 1.070011 0.216754 0.611440 1.336757 0.564119 0.314332 1.142936
70.200000 0.461640 1.070053 0.216554 0.612087 1.336996 0.564224 0.314624 1.143227
70.400000 0.461481 1.070020 0.216575 0.612781 1.337016 0.564172 0.315064 1.143395
70.600000 0.461628 1.069896 0.216667 0.613409 1.337724 0.564419 0.315177 1.143946
70.800000 0.461458 1.069750 0.216705 0.614089 1.337664 0.564356 0.315174 1.144040
71.000000 0.461685 1.069682 0.216789 0.614920 1.338138 0.564373 0.315623 1.144303
71.200000 0.461694 1.069793 0.216814 0.615171 1.338163 0.564687 0.315887 1.144856
71.400000 0.461680 1.069913 0.216909 0.615987 1.338622 0.564753 0.316067 1.144872
71.600000 0.461717 1.069554 0.217027 0.616592 1.338678 0.564694 0.316195 1.145291
71.800000 0.461572 1.069487 0.216965 0.617033 1.338626 0.564628 0.316582 1.145298
72.000000 0.461550 1.069561 0.217086 0.617711 1.339238 0.564979 0.316627 1.145653
72.200000 0.461560 1.069533 0.216992 0.618298 1.339352 0.564765 0.316790 1.146022
72.400000 0.461468 1.069588 0.217233 0.618916 1.339510 0.564956 0.317120 1.146134
72.600000 0.461479 1.069339 0.217437 0.619552 1.339770 0.565153 0.317196 1.146493
72.800000 0.461446 1.069625 0.217338 0.620151 1.340094 0.565170 0.317609 1.146704
73.000000 0.461358 1.069355 0.217390 0.620875 1.340466 0.565314 0.317788 1.146703
73.200000 0.461378 1.069387 0.217567 0.621426 1.340479 0.565264 0.318123 1.147119
73.400000 0.461345 1.069323 0.217581 0.621832 1.340631 0.565469 0.318263 1.147511
73.600000 0.461294 1.069268 0.217468 0.622637 1.340962 0.565638 0.318337 1.147621
73.800000 0.461256 1.069202 0.217727 0.623398 1.341164 0.565521 0.318704 1.147958
74.000000 0.461226 1.069362 0.217673 0.623894 1.341335 0.565721 0.318773 1.147929
74.200000 0.461063 1.069229 0.217603 0.624419 1.341225 0.565647 0.319083 1.148322
74.400000 0.461183 1.069075 0.217876 0.624864 1.341681 0.566043 0.319338 1.148454
74.600000 0.460991 1.069098 0.217934 0.625660 1.341738 0.565882 0.319497 1.148905
74.800000 0.461091 1.069324 0.217946 0.626073 1.341843 0.565990 0.319586 1.149156
75.000000 0.461090 1.069214 0.217941 0.626583 1.341740 0.565993 0.319941 1.149225
75.200000 0.461060 1.069043 0.218005 0.627067 1.342102 0.566028 0.320068 1.149323
75.400000 0.461026 1.069111 0.218068 0.627663 1.342088 0.566381 0.320246 1.149658
75.600000 0.461057 1.068995 0.218111 0.628138 1.342480 0.566217 0.320365 1.149820
75.800000 0.461090 1.069170 0.218173 0.628691 1.342696 0.566319 0.320442 1.149824
76.000000 0.461054 1.069130 0.218232 0.629008 1.342898 0.566407 0.320652 1.150115
76.200000 0.460950 1.069016 0.218477 0.629824 1.343045 0.566499 0.320935 1.150410
76.400000 0.460999 1.069114 0.218393 0.630299 1.343346 0.566564 0.321146 1.150528
76.600000 0.460800 1.068819 0.218080 0.630546 1.343252 0.566681 0.321116 1.150743
76.800000 0.460918 1.069081 0.218217 0.631204 1.343652 0.566799 0.321494 1.150879
77.000000 0.460675 1.068953 0.218427 0.631619 1.343470 0.566791 0.321617 1.151170
77.200000 0.460807 1.069230 0.218486 0.632070 1.343619 0.566891 0.321711 1.151241
77.400000 0.460825 1.069048 0.218639 0.632705 1.343571 0.567014 0.321924 1.151547
77.600000 0.460777 1.069036 0.218622 0.632956 1.343904 0.567047 0.322079 1.151499
77.800000 0.460733 1.069011 0.218760 0.633602 1.344015 0.567283 0.322140 1.151606
78.000000 0.460602 1.068754 0.218721 0.633853 1.344086 0.567255 0.322332 1.151842
78.200000 0.460551 1.068534 0.218818 0.634760 1.344292 0.567284 0.322475 1.152129
78.400000 0.460279 1.068935 0.218843 0.635079 1.344484 0.567284 0.322681 1.152198
78.600000 0.460467 1.068761 0.218822 0.635377 1.344599 0.567465 0.322732 1.152302
78.800000 0.460231 1.068822 0.218956 0.635791 1.344490 0.567374 0.322653 1.152231
79.000000 0.460137 1.068968 0.219004 0.636376 1.344848 0.567604 0.323050 1.152639
79.200000 0.460425 1.068813 0.219094 0.636641 1.344775 0.567665 0.323208 1.152713
79.400000 0.460160 1.068623 0.219165 0.637109 1.345163 0.567762 0.323437 1.152949
79.600000 0.460222 1.068505 0.219082 0.637606 1.344912 0.567630 0.323296 1.152849
79.800000 0.460395 1.068681 0.218984 0.637944 1.345183 0.567712 0.323566 1.152873
80.000000 0.460237 1.068577 0.219159 0.638504 1.345315 0.568076 0.323677 1.153271
80.200000 0.460416 1.068933 0.219181 0.638955 1.345269 0.568012 0.323888 1.153298
80.400000 0.460391 1.069001 0.219407 0.639486 1.345461 0.567936 0.324064 1.153469
80.600000 0.460500 1.068456 0.219373 0.639712 1.345548 0.568210 0.323982 1.153444
80.800000 0.460566 1.068764 0.219343 0.640319 1.345821 0.568129 0.324203 1.153424
81.000000 0.460557 1.068478 0.219312 0.640373 1.345620 0.568141 0.324327 1.153857
81.200000 0.460616 1.068702 0.219439 0.640967 1.345945 0.568296 0.324406 1.153863
81.400000 0.460658 1.068539 0.219625 0.641256 1.345679 0.568308 0.324432 1.153878
81.600000 0.460557 1.068837 0.219482 0.641698 1.345884 0.568414 0.324667 1.154196
81.800000 0.460526 1.068900 0.219682 0.642216 1.346157 0.568578 0.324905 1.154046
82.000000 0.460476 1.068825 0.219387 0.642478 1.346271 0.568577 0.324727 1.154224
82.200000 0.460507 1.069552 0.219721 0.642920 1.346370 0.568781 0.324885 1.154564
82.400000 0.460482 1.069793 0.219607 0.643295 1.346242 0.568587 0.325109 1.154525
82.600000 0.460419 1.069317 0.219813 0.643664 1.346599 0.568728 0.325300 1.154668
82.800000 0.460253 1.069222 0.219821 0.644031 1.346821 0.568857 0.325270 1.155021
83.000000 0.460495 1.069062 0.219835 0.644389 1.346769 0.568900 0.325371 1.155170
83.200000 0.460492 1.069119 0.219933 0.644694 1.346921 0.569148 0.325586 1.155213
83.400000 0.460429 1.068928 0.220000 0.645074 1.346772 0.569024 0.325514 1.155373
83.600000 0.460471 1.069075 0.220003 0.645422 1.346774 0.569018 0.325530 1.155130
83.800000 0.460482 1.068949 0.219992 0.645856 1.347082 0.569162 0.325801 1.155509
84.000000 0.460590 1.069326 0.220109 0.645948 1.347218 0.569448 0.325898 1.155448
84.200000 0.460643 1.069256 0.219929 0.646530 1.347287 0.569356 0.325935 1.155595
84.400000 0.460640 1.069232 0.220146 0.646890 1.347245 0.569329 0.325965 1.155755
84.600000 0.460565 1.069155 0.220329 0.647259 1.347367 0.569604 0.326151 1.155779
84.800000 0.460499 1.068914 0.220113 0.647421 1.347203 0.569489 0.326210 1.155725
85.000000 0.460365 1.069068 0.220228 0.647876 1.347553 0.569692 0.326226 1.156083
85.200000 0.460394 1.069242 0.220079 0.648175 1.347926 0.569750 0.326400 1.156175
85.400000 0.460594 1.069050 0.220186 0.648617 1.347540 0.569741 0.326396 1.156244
85.600000 0.460572 1.069319 0.220362 0.649090 1.347919 0.569930 0.326590 1.156386
85.800000 0.460509 1.069310 0.220483 0.649331 1.348024 0.569890 0.326678 1.156560
86.000000 0.460458 1.069105 0.220350 0.649738 1.347821 0.569894 0.326693 1.156623
86.200000 0.460388 1.069016 0.220425 0.649944 1.347987 0.569864 0.326863 1.156660
86.400000 0.460213 1.069101 0.220514 0.650591 1.348093 0.570062 0.327094 1.156868
86.600000 0.460087 1.069014 0.220665 0.650537 1.348092 0.570091 0.327124 1.156893
86.800000 0.460258 1.069074 0.220621 0.650860 1.348164 0.570085 0.326922 1.156793
87.000000 0.460173 1.069193 0.220557 0.651282 1.348537 0.570169 0.327188 1.156929
87.200000 0.460002 1.069276 0.220644 0.651514 1.348441 0.570172 0.327171 1.156975
87.400000 0.460039 1.069434 0.220615 0.652173 1.348573 0.570359 0.327224 1.157112
87.600000 0.459894 1.069380 0.220784 0.652371 1.348285 0.570355 0.327331 1.157170
87.800000 0.459815 1.069439 0.220799 0.652617 1.348347 0.570490 0.327527 1.157504
88.000000 0.459887 1.069197 0.220888 0.653000 1.348708 0.570580 0.327753 1.157384
88.200000 0.459548 1.069113 0.220785 0.652948 1.348440 0.570388 0.327597 1.157198
88.400000 0.459538 1.069235 0.220827 0.653412 1.348563 0.570554 0.327700 1.157550
88.600000 0.459511 1.069095 0.221006 0.653586 1.348618 0.570803 0.327832 1.157612
88.800000 0.459409 1.069197 0.220901 0.654076 1.348475 0.570882 0.327849 1.157361
89.000000 0.459408 1.069214 0.220814 0.654365 1.348996 0.570840 0.327923 1.157654
89.200000 0.459178 1.068977 0.221087 0.654434 1.348607 0.570965 0.327877 1.157751
89.400000 0.459145 1.069095 0.220990 0.654865 1.349010 0.571026 0.328110 1.157835
89.600000 0.459080 1.069006 0.221062 0.655148 1.348785 0.571066 0.328109 1.157713
89.800000 0.459153 1.068941 0.220974 0.655225 1.348905 0.571133 0.328134 1.157647
90.000000 0.459012 1.068972 0.221087 0.655528 1.349046 0.571278 0.328300 1.157884
