0.200000 0.298553 0.488220 0.263024 0.295017 0.579653 0.528196 0.285633 0.491455
0.400000 0.298311 0.487095 0.263037 0.294648 0.577224 0.528083 0.285357 0.489944
0.600000 0.298157 0.486671 0.262934 0.294741 0.575912 0.528080 0.285395 0.488880
0.800000 0.298204 0.486025 0.263062 0.294383 0.574585 0.527952 0.285288 0.487971
1.000000 0.298045 0.485657 0.262957 0.294362 0.573289 0.527764 0.285258 0.487057
1.200000 0.298119 0.485081 0.263124 0.294270 0.572156 0.527814 0.285158 0.486004
1.400000 0.298091 0.484628 0.263016 0.294279 0.570961 0.527954 0.285042 0.485132
1.600000 0.297902 0.484321 0.263030 0.293968 0.569702 0.527902 0.285118 0.484203
1.800000 0.297971 0.483760 0.263196 0.293946 0.568407 0.527921 0.285068 0.483275
2.000000 0.297912 0.483397 0.262777 0.294008 0.567335 0.527917 0.284921 0.482435
2.200000 0.297924 0.483033 0.262995 0.293807 0.566002 0.527653 0.284854 0.481686
2.400000 0.297880 0.482339 0.262766 0.293685 0.564779 0.527715 0.284763 0.480502
2.600000 0.297805 0.481932 0.262878 0.293444 0.563510 0.527678 0.284728 0.479754
2.800000 0.297736 0.481444 0.262973 0.293538 0.562575 0.527672 0.284704 0.478934
3.000000 0.297559 0.481167 0.262764 0.293407 0.561238 0.527521 0.284625 0.478033
3.200000 0.297681 0.480785 0.263018 0.293378 0.560004 0.527648 0.284530 0.477174
3.400000 0.297655 0.480494 0.262656 0.293239 0.558994 0.527515 0.284441 0.476484
3.600000 0.297661 0.480010 0.263004 0.292993 0.557717 0.527586 0.284351 0.475488
3.800000 0.297689 0.479476 0.262845 0.293120 0.556709 0.527506 0.284372 0.474571
4.000000 0.297502 0.479103 0.262825 0.292944 0.555674 0.527372 0.284128 0.473933
4.200000 0.297502 0.478605 0.262844 0.292693 0.554388 0.527564 0.284259 0.473022
4.400000 0.297458 0.478137 0.262854 0.292764 0.553384 0.527488 0.284148 0.472019
4.600000 0.297245 0.477859 0.262730 0.292521 0.552171 0.527389 0.284136 0.471325
4.800000 0.297330 0.477334 0.262830 0.292649 0.551040 0.527403 0.283996 0.470536
5.000000 0.297339 0.477035 0.262883 0.292459 0.549840 0.527411 0.283818 0.469619
5.200000 0.297213 0.476613 0.262620 0.292498 0.548753 0.527216 0.283765 0.429838
5.400000 0.297226 0.476139 0.262613 0.292245 0.547698 0.527423 0.283895 0.467911
5.600000 0.297210 0.475916 0.262853 0.292156 0.546703 0.527240 0.283767 0.467137
5.800000 0.297180 0.475441 0.262708 0.292152 0.545613 0.527168 0.283789 0.466156
6.000000 0.296964 0.474935 0.262701 0.292040 0.544443 0.527301 0.283617 0.465470
6.200000 0.297079 0.474683 0.262728 0.291785 0.543261 0.527327 0.283552 0.464770
6.400000 0.297021 0.474348 0.262718 0.291812 0.542350 0.527100 0.283628 0.463935
6.600000 0.296984 0.473751 0.262639 0.291724 0.540785 0.527129 0.283449 0.462947
6.800000 0.296910 0.473602 0.262727 0.291449 0.539719 0.527157 0.283505 0.462137
7.000000 0.296891 0.472942 0.262636 0.291388 0.538824 0.527087 0.283211 0.460998
7.200000 0.296904 0.472668 0.262718 0.291409 0.537845 0.526904 0.283204 0.460589
7.400000 0.296684 0.472357 0.262504 0.291384 0.536728 0.527043 0.283189 0.459990
7.600000 0.296822 0.472094 0.262674 0.291179 0.535767 0.527146 0.283172 0.459155
7.800000 0.296901 0.471522 0.262632 0.291193 0.534765 0.527026 0.283110 0.458395
8.000000 0.296707 0.471341 0.262472 0.291192 0.533360 0.526797 0.282963 0.457619
8.200000 0.296773 0.470794 0.262586 0.291040 0.532606 0.526990 0.282942 0.456831
8.400000 0.296628 0.470519 0.262551 0.290925 0.531733 0.526871 0.282894 0.456087
8.600000 0.296618 0.470251 0.262536 0.290757 0.530680 0.526906 0.282881 0.455205
8.800000 0.296544 0.469799 0.262521 0.290557 0.529577 0.526779 0.282767 0.454422
9.000000 0.296342 0.469101 0.262556 0.290578 0.528648 0.526789 0.282726 0.453939
9.200000 0.296466 0.468904 0.262516 0.290657 0.527783 0.526621 0.282608 0.452890
9.400000 0.296456 0.429720 0.262523 0.290398 0.526813 0.526723 0.282568 0.452482
9.600000 0.296381 0.468294 0.262493 0.290459 0.525838 0.526547 0.282486 0.451727
9.800000 0.296347 0.468102 0.262374 0.290279 0.524994 0.526656 0.282498 0.451170
10.000000 0.296132 0.467752 0.262402 0.290275 0.523947 0.526707 0.282402 0.450406
10.200000 0.296299 0.467430 0.262414 0.290203 0.522988 0.526707 0.282285 0.449752
10.400000 0.296226 0.467091 0.262481 0.290186 0.522275 0.526488 0.282193 0.448956
10.600000 0.296230 0.466890 0.262440 0.289827 0.521207 0.526607 0.282198 0.448307
10.800000 0.296199 0.466603 0.262368 0.290012 0.520121 0.526510 0.282121 0.447584
11.000000 0.296034 0.466172 0.262368 0.289884 0.519407 0.526479 0.282068 0.447038
11.200000 0.296139 0.465722 0.262299 0.289912 0.518635 0.526561 0.282095 0.446361
11.400000 0.296097 0.465696 0.262407 0.289829 0.517451 0.526322 0.281909 0.445809
11.600000 0.296066 0.465093 0.262147 0.289629 0.516745 0.526470 0.281833 0.445081
11.800000 0.296055 0.464869 0.262191 0.289462 0.515879 0.526301 0.281690 0.444349
12.000000 0.295871 0.464540 0.262333 0.289350 0.514866 0.526421 0.281724 0.443621
12.200000 0.295998 0.464291 0.262312 0.289335 0.514078 0.526421 0.281701 0.443116
12.400000 0.295732 0.464016 0.262230 0.289243 0.513098 0.526176 0.281674 0.442386
12.600000 0.295746 0.463508 0.262249 0.289210 0.511976 0.526224 0.281609 0.441719
12.800000 0.295755 0.463355 0.262243 0.289049 0.511199 0.526198 0.281374 0.441255
13.000000 0.295820 0.463108 0.262165 0.289034 0.510451 0.526146 0.281336 0.440497
13.200000 0.295770 0.462730 0.262181 0.289022 0.509765 0.526191 0.281466 0.439839
13.400000 0.295766 0.462431 0.262232 0.288866 0.508793 0.526192 0.281151 0.439199
13.600000 0.295708 0.462183 0.262272 0.288829 0.508087 0.526030 0.281346 0.438780
13.800000 0.295687 0.461868 0.262001 0.288781 0.507256 0.526115 0.281043 0.438213
14.000000 0.295683 0.461687 0.262096 0.288839 0.506592 0.525975 0.281069 0.437474
14.200000 0.295686 0.461326 0.262241 0.288280 0.505908 0.526030 0.281178 0.437096
14.400000 0.295654 0.461057 0.262163 0.288617 0.505254 0.526072 0.281109 0.436577
14.600000 0.295671 0.460883 0.261979 0.288574 0.504373 0.526089 0.280946 0.435892
14.800000 0.295598 0.460639 0.262027 0.288502 0.503598 0.525984 0.281001 0.435440
15.000000 0.295516 0.460085 0.262243 0.288461 0.503015 0.525953 0.281003 0.434958
15.200000 0.295396 0.459964 0.262295 0.288340 0.502172 0.526112 0.280762 0.434398
15.400000 0.295455 0.459877 0.262013 0.288118 0.501491 0.525910 0.280872 0.433678
15.600000 0.295503 0.459507 0.262132 0.288130 0.500742 0.525869 0.280802 0.433339
15.800000 0.295349 0.459116 0.262034 0.287975 0.499740 0.525694 0.280696 0.432711
16.000000 0.295395 0.459091 0.262120 0.288020 0.499350 0.525761 0.280657 0.432271
16.200000 0.295281 0.458915 0.262086 0.287996 0.498490 0.525671 0.280728 0.431712
16.400000 0.295379 0.458722 0.262283 0.287980 0.497626 0.525777 0.280585 0.431189
16.600000 0.295311 0.458337 0.262234 0.287839 0.497130 0.525704 0.280522 0.430609
16.800000 0.295283 0.458103 0.262000 0.287917 0.496427 0.525724 0.280489 0.430156
17.000000 0.295253 0.457900 0.262094 0.287644 0.495753 0.525714 0.280452 0.429654
17.200000 0.295196 0.457503 0.262018 0.287585 0.495024 0.525588 0.280370 0.429115
17.400000 0.295190 0.457390 0.261880 0.287625 0.494260 0.525497 0.280210 0.428583
17.600000 0.295156 0.456950 0.262001 0.287601 0.493639 0.525631 0.280175 0.428130
17.800000 0.294976 0.456863 0.262036 0.287518 0.492921 0.525594 0.280229 0.427575
18.000000 0.295247 0.456649 0.262034 0.287556 0.492316 0.525594 0.280094 0.427153
18.200000 0.295194 0.456414 0.261905 0.287273 0.491547 0.525343 0.280091 0.426609
18.400000 0.295061 0.455975 0.262015 0.287418 0.490907 0.525419 0.280045 0.426058
18.600000 0.294970 0.455802 0.261860 0.287108 0.490123 0.525401 0.279942 0.425713
18.800000 0.295063 0.455732 0.262048 0.287286 0.489776 0.525461 0.280086 0.425143
19.000000 0.294951 0.455402 0.261936 0.287081 0.488517 0.525410 0.279909 0.424373
19.200000 0.294901 0.455235 0.261818 0.287015 0.487964 0.525377 0.279781 0.423873
19.400000 0.294908 0.454981 0.261970 0.286960 0.487421 0.525232 0.279724 0.423386
19.600000 0.294896 0.454717 0.261877 0.286945 0.486608 0.525392 0.279758 0.422948
19.800000 0.294859 0.454620 0.261856 0.286863 0.486110 0.524923 0.279632 0.422450
20.000000 0.294932 0.454311 0.261798 0.286796 0.485580 0.525088 0.279662 0.421951
20.200000 0.294798 0.454053 0.261837 0.286596 0.484696 0.525324 0.279444 0.421546
20.400000 0.294799 0.453757 0.261866 0.286653 0.484189 0.525137 0.279506 0.421033
20.600000 0.294787 0.453548 0.261722 0.286602 0.483615 0.525196 0.279550 0.420702
20.800000 0.294669 0.453339 0.261845 0.286629 0.482796 0.525108 0.279396 0.420170
21.000000 0.294702 0.453181 0.261862 0.286512 0.482190 0.525134 0.279538 0.419645
21.200000 0.294786 0.453167 0.261743 0.286518 0.481578 0.524881 0.279111 0.419273
21.400000 0.294735 0.452580 0.261787 0.286429 0.481079 0.525017 0.279298 0.418867
21.600000 0.294613 0.452529 0.261914 0.286296 0.480233 0.525016 0.279100 0.418464
21.800000 0.294612 0.452417 0.261714 0.286395 0.479850 0.524904 0.279227 0.417998
22.000000 0.294536 0.451990 0.261806 0.286094 0.478824 0.525001 0.279128 0.417542
22.200000 0.294508 0.451873 0.261845 0.286202 0.478649 0.524969 0.278893 0.416608
22.400000 0.294517 0.451795 0.261790 0.285975 0.478126 0.524834 0.279037 0.416696
22.600000 0.294450 0.451506 0.261720 0.285901 0.477433 0.524882 0.278842 0.416167
22.800000 0.294486 0.451250 0.261694 0.286023 0.476859 0.524821 0.279229 0.415882
23.000000 0.294408 0.451017 0.261728 0.285955 0.476300 0.524752 0.278911 0.415379
23.200000 0.294609 0.450759 0.261756 0.285932 0.475658 0.524713 0.278900 0.414902
23.400000 0.294234 0.450611 0.261698 0.285658 0.475102 0.524823 0.278810 0.414466
23.600000 0.294353 0.450432 0.261723 0.285794 0.474513 0.524762 0.278770 0.413973
23.800000 0.294192 0.450384 0.261727 0.285770 0.473983 0.524744 0.278764 0.413618
24.000000 0.294274 0.450123 0.261731 0.285579 0.473350 0.524684 0.278629 0.413113
24.200000 0.294263 0.449947 0.261737 0.285609 0.472792 0.524687 0.278593 0.412769
24.400000 0.293891 0.449693 0.261771 0.285552 0.472274 0.524491 0.278518 0.412309
24.600000 0.294045 0.449520 0.261712 0.285389 0.471709 0.524461 0.278546 0.411862
24.800000 0.294318 0.449137 0.261700 0.285290 0.471127 0.524450 0.278500 0.411621
25.000000 0.294171 0.448945 0.261605 0.285228 0.470596 0.524604 0.278437 0.411197
25.200000 0.294048 0.448921 0.261748 0.285358 0.469865 0.524587 0.278419 0.410736
25.400000 0.294130 0.448458 0.261551 0.285173 0.469229 0.524537 0.278431 0.410166
25.600000 0.294122 0.448404 0.261647 0.285298 0.507683 0.524477 0.278270 0.409991
25.800000 0.294098 0.448247 0.261544 0.285126 0.468209 0.524504 0.278313 0.409256
26.000000 0.293966 0.448056 0.261688 0.284906 0.467661 0.524255 0.278170 0.409050
26.200000 0.293943 0.447805 0.261514 0.284948 0.466813 0.524314 0.278033 0.408490
26.400000 0.294012 0.447672 0.261561 0.284904 0.466318 0.524318 0.278043 0.408305
26.600000 0.293979 0.447449 0.261634 0.285006 0.465902 0.524389 0.278038 0.407803
26.800000 0.293964 0.447369 0.261407 0.284730 0.465449 0.524218 0.277888 0.407476
27.000000 0.293972 0.447157 0.261629 0.284923 0.464844 0.524188 0.277983 0.407027
27.200000 0.293947 0.446792 0.261653 0.284762 0.464186 0.524173 0.277864 0.406748
27.400000 0.293918 0.446692 0.261558 0.284772 0.463950 0.524179 0.277876 0.406202
27.600000 0.293777 0.446513 0.261537 0.284739 0.463525 0.524375 0.277829 0.405967
27.800000 0.293831 0.446426 0.261476 0.284697 0.462826 0.524193 0.277776 0.405500
28.000000 0.293754 0.446054 0.261349 0.284464 0.462539 0.524237 0.277839 0.405164
28.200000 0.293790 0.445864 0.261523 0.284522 0.461580 0.524076 0.277562 0.404801
28.400000 0.293869 0.445966 0.261501 0.284570 0.461285 0.524171 0.277653 0.404416
28.600000 0.293611 0.445566 0.261494 0.284413 0.460963 0.524065 0.277433 0.404166
28.800000 0.293881 0.445533 0.261530 0.284417 0.460484 0.524054 0.277531 0.403799
29.000000 0.293705 0.445085 0.261562 0.284333 0.459956 0.524131 0.277686 0.403311
29.200000 0.293680 0.444971 0.261504 0.284245 0.459315 0.523914 0.277480 0.402948
29.400000 0.293671 0.445044 0.261309 0.284004 0.458925 0.524104 0.277443 0.402511
29.600000 0.293634 0.444835 0.261679 0.284159 0.458455 0.523889 0.277295 0.402279
29.800000 0.293477 0.444691 0.261432 0.284102 0.457963 0.523958 0.277360 0.401765
30.000000 0.293564 0.444440 0.261456 0.283969 0.457435 0.523967 0.277298 0.401564
30.200000 0.293560 0.444266 0.261325 0.284010 0.456899 0.523900 0.276992 0.401037
30.400000 0.293511 0.444090 0.261283 0.283968 0.456408 0.523912 0.277178 0.400957
30.600000 0.293672 0.443927 0.261478 0.283822 0.456081 0.523713 0.277172 0.400683
30.800000 0.294178 0.443870 0.261415 0.283816 0.455374 0.523781 0.277140 0.400159
31.000000 0.295016 0.443572 0.261493 0.283937 0.455148 0.523700 0.277077 0.399810
31.200000 0.296477 0.443332 0.261446 0.283666 0.454680 0.523757 0.277007 0.399427
31.400000 0.298508 0.443213 0.261347 0.283840 0.454148 0.523685 0.277090 0.399034
31.600000 0.301566 0.443111 0.261328 0.283532 0.453357 0.523533 0.276954 0.398793
31.800000 0.304580 0.443047 0.261459 0.283675 0.453546 0.523742 0.276982 0.398647
32.000000 0.307987 0.442959 0.261444 0.283805 0.453342 0.523654 0.276943 0.398651
32.200000 0.311459 0.442662 0.261453 0.283747 0.453043 0.523601 0.276871 0.398475
32.400000 0.315370 0.442691 0.261356 0.283737 0.453432 0.523657 0.276852 0.398439
32.600000 0.319028 0.442624 0.261633 0.283811 0.453634 0.523387 0.276995 0.398617
32.800000 0.323009 0.442771 0.261480 0.283721 0.454163 0.523555 0.276666 0.399057
33.000000 0.326670 0.442832 0.261529 0.283885 0.454828 0.523587 0.276664 0.399615
33.200000 0.330240 0.442985 0.261685 0.283856 0.455594 0.523425 0.276861 0.400226
33.400000 0.333478 0.443531 0.261542 0.284028 0.456843 0.523654 0.276901 0.400773
33.600000 0.336539 0.443788 0.261425 0.284217 0.458180 0.523610 0.276865 0.401622
33.800000 0.339434 0.444541 0.261585 0.284296 0.459884 0.523666 0.276675 0.402793
34.000000 0.342053 0.445114 0.261596 0.284591 0.461606 0.523661 0.276886 0.403929
34.200000 0.344331 0.446310 0.261614 0.284753 0.463857 0.523669 0.277063 0.405442
34.400000 0.346704 0.447395 0.261589 0.285032 0.465974 0.523630 0.276886 0.406980
34.600000 0.348661 0.448859 0.261589 0.285222 0.468531 0.523611 0.276870 0.408815
34.800000 0.350371 0.450396 0.261778 0.285586 0.471420 0.523539 0.276987 0.410627
35.000000 0.352157 0.452060 0.261802 0.285751 0.474453 0.523573 0.276967 0.412218
35.200000 0.353723 0.454551 0.261480 0.285952 0.478108 0.523439 0.276942 0.415146
35.400000 0.355215 0.457087 0.261684 0.286304 0.481878 0.523464 0.276883 0.417696
35.600000 0.356607 0.460081 0.261930 0.286936 0.486282 0.523502 0.277141 0.420800
35.800000 0.357636 0.462736 0.261802 0.287285 0.489897 0.523601 0.277151 0.422994
36.000000 0.358673 0.465797 0.261946 0.287679 0.493509 0.523579 0.277186 0.425792
36.200000 0.359457 0.429780 0.261952 0.287971 0.497863 0.523286 0.277233 0.428532
36.400000 0.360283 0.472314 0.261888 0.288362 0.501877 0.523730 0.277297 0.431360
36.600000 0.360953 0.475844 0.262141 0.288822 0.506295 0.523729 0.277310 0.434263
36.800000 0.361514 0.479388 0.262106 0.289142 0.510721 0.523714 0.277531 0.437298
37.000000 0.362375 0.483606 0.262067 0.289256 0.515419 0.523622 0.277349 0.440089
37.200000 0.362695 0.487837 0.262155 0.289742 0.519764 0.523825 0.277549 0.443411
37.400000 0.363257 0.492210 0.262009 0.290104 0.524481 0.523760 0.277551 0.446662
37.600000 0.364001 0.497683 0.262182 0.290440 0.530845 0.523838 0.277704 0.450645
37.800000 0.364314 0.502419 0.262147 0.290777 0.535513 0.523723 0.277494 0.454013
38.000000 0.364570 0.507349 0.262266 0.291233 0.540814 0.523886 0.277625 0.457483
38.200000 0.365056 0.512269 0.262361 0.291327 0.546018 0.523980 0.277758 0.461006
38.400000 0.365363 0.517415 0.262384 0.291854 0.551201 0.523909 0.277724 0.464742
38.600000 0.365512 0.522475 0.262430 0.292164 0.556611 0.523955 0.277830 0.468161
38.800000 0.366052 0.528154 0.262529 0.292650 0.562178 0.523867 0.277920 0.472176
39.000000 0.366268 0.533637 0.262535 0.292835 0.567669 0.523841 0.277957 0.475799
39.200000 0.366380 0.538997 0.262499 0.293087 0.573270 0.523940 0.277864 0.479469
39.400000 0.366790 0.544723 0.262658 0.293447 0.578778 0.524131 0.278054 0.483522
39.600000 0.367065 0.550252 0.262501 0.293601 0.584641 0.524073 0.278032 0.487645
39.800000 0.367262 0.555897 0.262673 0.294058 0.590305 0.524281 0.278183 0.491446
40.000000 0.367491 0.561724 0.262663 0.294405 0.596260 0.524212 0.278205 0.495340
40.200000 0.367689 0.567516 0.262727 0.294675 0.602215 0.523856 0.278192 0.499463
40.400000 0.367764 0.573105 0.262756 0.294857 0.607972 0.523999 0.278199 0.503567
40.600000 0.368031 0.578927 0.262776 0.295341 0.613861 0.524154 0.278487 0.507707
40.800000 0.368288 0.584837 0.262764 0.295404 0.619663 0.524224 0.278571 0.512027
41.000000 0.368404 0.590255 0.263105 0.295747 0.625836 0.524345 0.278493 0.516141
41.200000 0.368609 0.595909 0.262947 0.296280 0.631572 0.524350 0.278724 0.520254
41.400000 0.368716 0.601482 0.262913 0.296443 0.637554 0.524293 0.278771 0.524427
41.600000 0.368847 0.607008 0.262920 0.296710 0.643425 0.524414 0.278708 0.528691
41.800000 0.369008 0.612248 0.263068 0.296915 0.649133 0.524416 0.278921 0.532686
42.000000 0.369178 0.617436 0.263141 0.297293 0.655170 0.524397 0.278949 0.537073
42.200000 0.369246 0.622580 0.263094 0.297617 0.660977 0.524391 0.279034 0.541223
42.400000 0.369293 0.627531 0.263067 0.297736 0.666470 0.524591 0.279225 0.545281
42.600000 0.369474 0.632772 0.263255 0.297861 0.672379 0.524517 0.279128 0.549433
42.800000 0.369643 0.637457 0.263307 0.298243 0.678189 0.524573 0.279329 0.553267
43.000000 0.369700 0.642127 0.263326 0.298556 0.683742 0.524537 0.279271 0.557659
43.200000 0.369813 0.646647 0.263206 0.298720 0.689184 0.524591 0.279379 0.561708
43.400000 0.369955 0.651240 0.263409 0.299046 0.694812 0.524730 0.279442 0.565882
43.600000 0.370060 0.655608 0.263388 0.299095 0.700347 0.524667 0.279530 0.569932
43.800000 0.370197 0.659884 0.263476 0.299459 0.705794 0.524785 0.279643 0.574225
44.000000 0.370193 0.664877 0.263416 0.299782 0.712218 0.524664 0.279682 0.578947
44.200000 0.370402 0.668787 0.263659 0.300036 0.717445 0.524756 0.279579 0.582759
44.400000 0.370335 0.672748 0.263585 0.300204 0.722579 0.524871 0.279801 0.586819
44.600000 0.370557 0.676266 0.263658 0.300480 0.727615 0.524880 0.279728 0.590712
44.800000 0.370669 0.679833 0.263613 0.300651 0.732662 0.524755 0.279919 0.594614
45.000000 0.370747 0.683390 0.263641 0.300898 0.737631 0.524892 0.280010 0.598347
45.200000 0.370814 0.686768 0.263784 0.300908 0.742621 0.524536 0.279849 0.602275
45.400000 0.370923 0.689940 0.263745 0.301232 0.747491 0.525028 0.280032 0.605939
45.600000 0.371014 0.693069 0.263966 0.301467 0.752097 0.525041 0.280160 0.609794
45.800000 0.371026 0.696033 0.263925 0.301695 0.756695 0.525085 0.280441 0.613485
46.000000 0.371159 0.699115 0.263861 0.301914 0.761346 0.524925 0.280373 0.616952
46.200000 0.371229 0.701798 0.263936 0.302038 0.765986 0.525258 0.280443 0.620723
46.400000 0.371320 0.704400 0.263690 0.302378 0.770361 0.524938 0.280530 0.624266
46.600000 0.371285 0.707240 0.263854 0.302637 0.774634 0.525066 0.280676 0.627714
46.800000 0.371484 0.709596 0.263678 0.302816 0.778847 0.525134 0.280510 0.631200
47.000000 0.371535 0.712019 0.264116 0.302899 0.783092 0.525336 0.280613 0.634466
47.200000 0.371491 0.714486 0.264078 0.303094 0.787192 0.525305 0.280846 0.638012
47.400000 0.371694 0.716782 0.264027 0.303380 0.791298 0.525215 0.281045 0.641297
47.600000 0.371684 0.718767 0.264043 0.303531 0.795060 0.525404 0.281014 0.644587
47.800000 0.371741 0.720882 0.264122 0.303734 0.798858 0.525329 0.280916 0.647754
48.000000 0.371848 0.722875 0.264023 0.303894 0.802691 0.525415 0.281214 0.650833
48.200000 0.371707 0.724920 0.264169 0.304018 0.806354 0.525459 0.281162 0.654128
48.400000 0.371963 0.726580 0.264143 0.304243 0.810158 0.525410 0.281100 0.657114
48.600000 0.371979 0.728602 0.264223 0.304472 0.813645 0.525504 0.281342 0.660272
48.800000 0.371996 0.730276 0.264277 0.304591 0.816957 0.525552 0.281423 0.663088
49.000000 0.372109 0.731862 0.264294 0.304812 0.820327 0.525580 0.281398 0.666068
49.200000 0.372125 0.733475 0.264292 0.304923 0.823557 0.525597 0.281551 0.668839
49.400000 0.372220 0.734713 0.264353 0.305049 0.826918 0.525584 0.281646 0.671783
49.600000 0.372260 0.736498 0.264311 0.305418 0.829957 0.525595 0.281729 0.674349
49.800000 0.372291 0.737897 0.264360 0.305471 0.833006 0.525650 0.281829 0.677237
50.000000 0.372393 0.739191 0.264400 0.305563 0.836146 0.525620 0.281832 0.679965
50.200000 0.372575 0.740519 0.264474 0.305874 0.839647 0.525898 0.281892 0.683033
50.400000 0.372372 0.742464 0.264543 0.306057 0.843499 0.525859 0.282019 0.686271
50.600000 0.372461 0.743425 0.264450 0.306134 0.846013 0.525836 0.282286 0.688867
50.800000 0.372393 0.744711 0.264510 0.306379 0.848852 0.525968 0.282180 0.691359
51.000000 0.372575 0.745804 0.264513 0.306408 0.851577 0.525846 0.282155 0.693785
51.200000 0.372648 0.746822 0.264608 0.306683 0.854322 0.525867 0.282303 0.696128
51.400000 0.372630 0.747926 0.264452 0.306798 0.856838 0.525993 0.282417 0.698684
51.600000 0.372686 0.748785 0.264725 0.306969 0.859261 0.526055 0.282561 0.700910
51.800000 0.372726 0.750082 0.264435 0.307106 0.861875 0.526091 0.282587 0.703150
52.000000 0.372731 0.750854 0.264621 0.307278 0.864282 0.526052 0.282673 0.705500
52.200000 0.372649 0.751619 0.264616 0.307563 0.866262 0.526058 0.282868 0.707772
52.400000 0.372831 0.752637 0.264689 0.307564 0.868903 0.526174 0.282966 0.709715
52.600000 0.372891 0.753515 0.264704 0.307722 0.871257 0.526217 0.282787 0.711887
52.800000 0.372858 0.754025 0.264739 0.307741 0.873185 0.526023 0.283032 0.713868
53.000000 0.372133 0.755066 0.264623 0.308006 0.875624 0.526242 0.283021 0.715980
53.200000 0.373167 0.755791 0.264609 0.308155 0.877733 0.526189 0.282938 0.718006
53.400000 0.373071 0.756483 0.264751 0.308362 0.879920 0.526406 0.283175 0.719934
53.600000 0.372947 0.757245 0.264769 0.308471 0.881954 0.526396 0.283195 0.721807
53.800000 0.373158 0.758047 0.264872 0.308396 0.883663 0.526456 0.283208 0.723831
54.000000 0.373077 0.758362 0.264835 0.308800 0.885490 0.526491 0.283321 0.725433
54.200000 0.373175 0.759054 0.264992 0.308868 0.887454 0.526511 0.283472 0.727369
54.400000 0.373127 0.759825 0.264862 0.308879 0.889300 0.526347 0.283417 0.729024
54.600000 0.373264 0.760431 0.264704 0.308998 0.891084 0.526314 0.283598 0.731025
54.800000 0.373340 0.761038 0.265034 0.309250 0.892903 0.526560 0.283762 0.732394
55.000000 0.373426 0.761466 0.264900 0.309300 0.894566 0.526572 0.283803 0.734164
55.200000 0.373241 0.762265 0.264973 0.309584 0.896200 0.526435 0.283952 0.735778
55.400000 0.373330 0.762482 0.264965 0.309671 0.897799 0.526474 0.283884 0.737441
55.600000 0.373369 0.762944 0.264964 0.309821 0.899409 0.526583 0.284096 0.738945
55.800000 0.373442 0.763617 0.264857 0.309784 0.900833 0.526511 0.284058 0.740495
56.000000 0.373408 0.763949 0.265038 0.309967 0.902333 0.526618 0.284091 0.741756
56.200000 0.373362 0.764275 0.265038 0.310082 0.903657 0.526653 0.284115 0.743319
56.400000 0.373583 0.764856 0.265076 0.310215 0.905479 0.526837 0.284268 0.744981
56.600000 0.373561 0.765484 0.265188 0.310506 0.907475 0.526851 0.284328 0.746718
56.800000 0.373598 0.765721 0.265082 0.310629 0.908738 0.526649 0.284294 0.748192
57.000000 0.373600 0.766149 0.265088 0.310612 0.909897 0.526740 0.284427 0.749489
57.200000 0.373587 0.766733 0.264931 0.310676 0.911423 0.526840 0.284528 0.750765
57.400000 0.373598 0.766991 0.265070 0.310866 0.912568 0.526760 0.284469 0.751818
57.600000 0.373624 0.767341 0.265076 0.311076 0.914109 0.526983 0.284686 0.753246
57.800000 0.373730 0.767408 0.265151 0.311205 0.915405 0.526939 0.284874 0.754439
58.000000 0.373731 0.767999 0.265074 0.311291 0.916391 0.526921 0.284805 0.755708
58.200000 0.373815 0.768583 0.265186 0.311361 0.917335 0.527000 0.284751 0.757107
58.400000 0.373794 0.768644 0.265089 0.311557 0.918842 0.526891 0.284921 0.758013
58.600000 0.373831 0.769015 0.265234 0.311669 0.920003 0.527177 0.285177 0.759226
58.800000 0.373775 0.769274 0.264979 0.311800 0.921105 0.526942 0.285103 0.760472
59.000000 0.373768 0.769529 0.265216 0.311980 0.922096 0.527074 0.285155 0.761530
59.200000 0.373834 0.769841 0.265057 0.312024 0.923448 0.527057 0.285316 0.762507
59.400000 0.373742 0.770165 0.265297 0.312092 0.924294 0.527206 0.285218 0.763541
59.600000 0.373845 0.770138 0.265116 0.312097 0.925420 0.526762 0.285379 0.764545
59.800000 0.373821 0.770739 0.265430 0.312430 0.926221 0.527308 0.285470 0.765732
60.000000 0.373935 0.771015 0.265346 0.312462 0.927380 0.527271 0.285518 0.766593
60.200000 0.373915 0.771130 0.265496 0.312589 0.928403 0.527299 0.285607 0.767591
60.400000 0.373929 0.771447 0.265474 0.312691 0.929347 0.527334 0.285477 0.768373
60.600000 0.373953 0.771673 0.265455 0.312852 0.930216 0.527340 0.285906 0.769350
60.800000 0.373807 0.771741 0.265227 0.312886 0.930953 0.527389 0.285682 0.770492
61.000000 0.373998 0.772106 0.265393 0.312982 0.932028 0.527496 0.285862 0.771399
61.200000 0.373855 0.772373 0.265385 0.313029 0.932960 0.527062 0.285946 0.772153
61.400000 0.373890 0.772441 0.265595 0.313138 0.933516 0.527368 0.286034 0.773091
61.600000 0.373993 0.772689 0.265448 0.313381 0.934604 0.527578 0.286097 0.773888
61.800000 0.373871 0.772730 0.265366 0.313470 0.935503 0.527471 0.286139 0.774776
62.000000 0.374135 0.773031 0.265467 0.313579 0.936152 0.527597 0.286179 0.775358
62.200000 0.374104 0.773215 0.265403 0.313708 0.936898 0.527572 0.286119 0.776353
62.400000 0.374005 0.773318 0.265545 0.313794 0.937798 0.527557 0.285959 0.777001
62.600000 0.374020 0.773570 0.265563 0.314013 0.938802 0.527714 0.286377 0.778192
62.800000 0.374143 0.773886 0.265648 0.314049 0.939885 0.527519 0.286636 0.779122
63.000000 0.374180 0.773785 0.265557 0.314173 0.940420 0.527504 0.286534 0.779682
63.200000 0.374169 0.774067 0.265721 0.314328 0.941386 0.527731 0.286578 0.780635
63.400000 0.374189 0.774168 0.265575 0.314423 0.941808 0.527902 0.286995 0.781220
63.600000 0.374236 0.774470 0.265605 0.314385 0.942663 0.527739 0.286742 0.781873
63.800000 0.374200 0.774453 0.265589 0.314503 0.943195 0.527807 0.286847 0.782530
64.000000 0.374227 0.774479 0.265615 0.314747 0.944002 0.527942 0.286792 0.783250
64.200000 0.374247 0.774961 0.265627 0.314869 0.944697 0.528022 0.286968 0.783883
64.400000 0.374435 0.774713 0.265504 0.314820 0.945404 0.528022 0.286899 0.784649
64.600000 0.374286 0.775144 0.265509 0.314813 0.945783 0.527867 0.287111 0.784941
64.800000 0.374287 0.775092 0.265795 0.315130 0.946738 0.527915 0.287169 0.785718
65.000000 0.374280 0.775238 0.265621 0.315089 0.947319 0.527732 0.287233 0.786417
65.200000 0.374290 0.775219 0.265603 0.315113 0.947713 0.527827 0.287215 0.786985
65.400000 0.374289 0.775398 0.265557 0.315524 0.948420 0.527900 0.287390 0.787616
65.600000 0.374569 0.775343 0.265802 0.315408 0.948880 0.528041 0.287404 0.787919
65.800000 0.374321 0.775606 0.265710 0.315476 0.949428 0.528088 0.287417 0.788715
66.000000 0.374275 0.774788 0.265633 0.315427 0.949776 0.528090 0.287491 0.789032
66.200000 0.374347 0.775668 0.265757 0.315794 0.950446 0.528067 0.287547 0.789670
66.400000 0.374388 0.775675 0.265743 0.315799 0.951074 0.527954 0.287709 0.790503
66.600000 0.374417 0.776026 0.265788 0.315939 0.951451 0.527943 0.287743 0.790835
66.800000 0.374343 0.775966 0.265773 0.316037 0.952096 0.528200 0.287825 0.791190
67.000000 0.374436 0.776105 0.265710 0.316076 0.952460 0.528206 0.287919 0.791875
67.200000 0.374440 0.776255 0.265660 0.316154 0.953117 0.528259 0.288000 0.792366
67.400000 0.374430 0.776157 0.265752 0.316273 0.953496 0.528234 0.288076 0.792824
67.600000 0.374427 0.776231 0.265856 0.316083 0.954040 0.528324 0.288124 0.793288
67.800000 0.374441 0.776285 0.265873 0.316424 0.954530 0.528387 0.288130 0.793667
68.000000 0.374495 0.776370 0.265885 0.316616 0.954778 0.528384 0.288194 0.794171
68.200000 0.374327 0.776376 0.265798 0.316606 0.955343 0.528323 0.288271 0.794613
68.400000 0.374590 0.776638 0.265852 0.316701 0.955713 0.528544 0.288348 0.795043
68.600000 0.374536 0.776732 0.266002 0.316636 0.956397 0.528356 0.288418 0.795445
68.800000 0.374541 0.776597 0.265812 0.316813 0.956778 0.528347 0.288482 0.796030
69.000000 0.374574 0.776680 0.265867 0.316984 0.957063 0.528529 0.288411 0.796473
69.200000 0.374547 0.776907 0.265834 0.317057 0.957506 0.528427 0.288398 0.796558
69.400000 0.374544 0.776858 0.265889 0.317158 0.958055 0.528467 0.288636 0.797219
69.600000 0.374550 0.776870 0.266106 0.317147 0.958280 0.528447 0.288680 0.797649
69.800000 0.374451 0.777043 0.265792 0.317370 0.958787 0.528687 0.288777 0.797883
70.000000 0.374498 0.777116 0.265995 0.317406 0.959295 0.528455 0.288870 0.798410
70.200000 0.374568 0.777001 0.265913 0.317478 0.959417 0.528581 0.288919 0.798655
70.400000 0.374472 0.777262 0.266112 0.317453 0.960019 0.528524 0.288968 0.799094
70.600000 0.374489 0.777143 0.265838 0.317775 0.960518 0.528671 0.288854 0.799469
70.800000 0.374451 0.777399 0.265988 0.317568 0.960589 0.528702 0.289050 0.799720
71.000000 0.374634 0.777285 0.266134 0.317741 0.961104 0.528455 0.289209 0.800193
71.200000 0.374726 0.777215 0.266045 0.317846 0.961422 0.528790 0.289193 0.800480
71.400000 0.374711 0.777490 0.266255 0.318030 0.961723 0.528654 0.289192 0.800706
71.600000 0.374689 0.777519 0.266022 0.318106 0.962048 0.528845 0.289178 0.800784
71.800000 0.374691 0.777452 0.266081 0.318157 0.962276 0.528860 0.289363 0.801569
72.000000 0.374572 0.777546 0.266039 0.318242 0.962632 0.528829 0.289429 0.801732
72.200000 0.374376 0.777454 0.266054 0.318374 0.962877 0.528854 0.289485 0.801855
72.400000 0.374731 0.777624 0.266206 0.318432 0.963387 0.528984 0.289519 0.802344
72.600000 0.374607 0.777599 0.265970 0.318528 0.963879 0.528735 0.289686 0.802722
72.800000 0.374887 0.777708 0.266079 0.318461 0.964025 0.528879 0.289653 0.802820
73.000000 0.374785 0.777662 0.266258 0.318671 0.964150 0.528782 0.289736 0.803447
73.200000 0.374702 0.777608 0.266173 0.318795 0.964566 0.528992 0.289794 0.803701
73.400000 0.374648 0.777816 0.265964 0.318853 0.964898 0.529010 0.289767 0.803945
73.600000 0.374630 0.777845 0.266199 0.318928 0.965061 0.528918 0.289857 0.803993
73.800000 0.374782 0.777436 0.266064 0.318976 0.965460 0.528916 0.289822 0.804539
74.000000 0.374858 0.777789 0.266181 0.318973 0.965674 0.529082 0.290030 0.804651
74.200000 0.374876 0.778015 0.266212 0.319206 0.965961 0.529242 0.290110 0.805116
74.400000 0.374782 0.778027 0.266221 0.319215 0.966215 0.529035 0.290177 0.805124
74.600000 0.374808 0.777865 0.266196 0.319253 0.966587 0.529110 0.290215 0.805640
74.800000 0.374852 0.777794 0.266181 0.319375 0.966820 0.529100 0.290304 0.805712
75.000000 0.374807 0.777817 0.266147 0.319491 0.966975 0.529153 0.290298 0.806011
75.200000 0.374828 0.777893 0.266225 0.319480 0.967152 0.529270 0.290244 0.806279
75.400000 0.374855 0.777930 0.266255 0.319612 0.967674 0.529229 0.290466 0.806670
75.600000 0.374669 0.778028 0.266218 0.319704 0.967692 0.529302 0.290479 0.806712
75.800000 0.374776 0.778028 0.266123 0.319760 0.967960 0.529158 0.290602 0.807033
76.000000 0.374649 0.778315 0.266286 0.319867 0.968278 0.529276 0.290536 0.807262
76.200000 0.374859 0.778089 0.266293 0.320119 0.968419 0.529395 0.290543 0.807417
76.400000 0.374852 0.778285 0.266297 0.320053 0.968506 0.529224 0.290601 0.807386
76.600000 0.374875 0.778188 0.266198 0.320128 0.969019 0.529380 0.290772 0.807934
76.800000 0.374818 0.778111 0.266337 0.320077 0.968977 0.529451 0.290893 0.808072
77.000000 0.374842 0.778190 0.266318 0.320144 0.969329 0.529329 0.290921 0.808126
77.200000 0.374827 0.778033 0.266354 0.320311 0.969146 0.529516 0.290940 0.808410
77.400000 0.374866 0.778062 0.266375 0.320343 0.969768 0.529363 0.291051 0.808700
77.600000 0.375009 0.778074 0.266349 0.320514 0.969909 0.529551 0.291072 0.808773
77.800000 0.374890 0.778158 0.266387 0.320498 0.970240 0.529597 0.291113 0.808602
78.000000 0.374875 0.778121 0.266316 0.320641 0.970233 0.529656 0.291086 0.809148
78.200000 0.374849 0.778155 0.266411 0.320610 0.970454 0.529435 0.291281 0.809295
78.400000 0.374889 0.777966 0.266529 0.320790 0.970653 0.529670 0.291307 0.809457
78.600000 0.374861 0.778097 0.266405 0.320836 0.970743 0.529528 0.291365 0.809561
78.800000 0.374773 0.778217 0.266360 0.320829 0.971052 0.529663 0.291404 0.809621
79.000000 0.374830 0.778039 0.266427 0.320787 0.971054 0.529502 0.291309 0.809935
79.200000 0.374925 0.778319 0.266419 0.321037 0.971361 0.529732 0.291582 0.810155
79.400000 0.374832 0.778137 0.266382 0.321136 0.971631 0.529772 0.291451 0.810168
79.600000 0.374964 0.778078 0.266559 0.321184 0.971569 0.529657 0.291648 0.810534
79.800000 0.374962 0.777751 0.266491 0.321140 0.971809 0.529732 0.291656 0.810621
80.000000 0.374983 0.778091 0.266447 0.321349 0.971964 0.529656 0.291617 0.810601
80.200000 0.374985 0.778174 0.266427 0.321395 0.971837 0.529936 0.291812 0.810751
80.400000 0.374992 0.778077 0.266445 0.321231 0.972154 0.529822 0.291831 0.810966
80.600000 0.375043 0.778094 0.266495 0.321589 0.972203 0.529804 0.292014 0.811218
80.800000 0.375069 0.778303 0.266523 0.321576 0.972486 0.529835 0.291985 0.811184
81.000000 0.375122 0.778252 0.266548 0.321669 0.972746 0.529817 0.291987 0.811312
81.200000 0.375139 0.778213 0.266594 0.321758 0.972765 0.529953 0.292119 0.811468
81.400000 0.374954 0.777990 0.266491 0.321778 0.973043 0.530067 0.292116 0.811697
81.600000 0.375122 0.778213 0.266542 0.321923 0.973106 0.530006 0.292203 0.811789
81.800000 0.374965 0.778095 0.266517 0.321834 0.973168 0.529995 0.292207 0.811855
82.000000 0.375184 0.778115 0.266569 0.321990 0.973427 0.530046 0.292274 0.812196
82.200000 0.375092 0.778042 0.266371 0.321994 0.973473 0.529930 0.292321 0.812168
82.400000 0.375188 0.778270 0.266436 0.322188 0.973626 0.530060 0.292215 0.812247
82.600000 0.375201 0.778242 0.266635 0.322190 0.973603 0.530185 0.292392 0.812391
82.800000 0.375174 0.778114 0.266693 0.322155 0.974095 0.530064 0.292393 0.812354
83.000000 0.375221 0.778359 0.266718 0.322150 0.973876 0.530307 0.292525 0.812538
83.200000 0.375218 0.778339 0.266390 0.321966 0.973798 0.530238 0.292484 0.812694
83.400000 0.375171 0.778500 0.266542 0.322285 0.974411 0.530238 0.292589 0.812785
83.600000 0.375230 0.778217 0.266334 0.322427 0.974292 0.530385 0.292522 0.812876
83.800000 0.375215 0.778087 0.266410 0.322533 0.974556 0.530132 0.292749 0.813029
84.000000 0.375228 0.778349 0.266697 0.322716 0.974437 0.530118 0.292795 0.813059
84.200000 0.375255 0.778334 0.266591 0.322658 0.974688 0.530304 0.292805 0.813285
84.400000 0.375069 0.778277 0.266692 0.322577 0.974800 0.530151 0.292963 0.813388
84.600000 0.375113 0.778228 0.266594 0.322815 0.974984 0.530174 0.292678 0.813360
84.800000 0.375098 0.778445 0.266851 0.322763 0.975177 0.530363 0.292907 0.813452
85.000000 0.375212 0.778371 0.266577 0.322910 0.975115 0.530368 0.293092 0.813503
85.200000 0.375363 0.778372 0.266721 0.322993 0.975281 0.530282 0.293038 0.813687
85.400000 0.375088 0.778262 0.266872 0.322906 0.975207 0.530345 0.293087 0.813895
85.600000 0.375282 0.778308 0.266622 0.323082 0.975459 0.530431 0.293266 0.813996
85.800000 0.375179 0.778319 0.266569 0.323108 0.975241 0.530394 0.293272 0.814030
86.000000 0.375261 0.778444 0.266606 0.323212 0.975646 0.530547 0.293266 0.814063
86.200000 0.375295 0.778376 0.266756 0.323326 0.975697 0.530470 0.293404 0.814183
86.400000 0.375304 0.778359 0.266833 0.323464 0.975679 0.530366 0.293152 0.814275
86.600000 0.375293 0.778357 0.266695 0.323418 0.975911 0.530536 0.293376 0.814234
86.800000 0.375282 0.778474 0.266578 0.323585 0.976101 0.530473 0.293365 0.814234
87.000000 0.375282 0.778529 0.266748 0.323755 0.976111 0.530695 0.293506 0.814618
87.200000 0.375297 0.778418 0.266868 0.323774 0.976088 0.530700 0.293499 0.814544
87.400000 0.375319 0.778397 0.266833 0.323722 0.976051 0.530576 0.293648 0.814749
87.600000 0.375484 0.778422 0.266853 0.323761 0.976478 0.530565 0.293528 0.814604
87.800000 0.375238 0.778356 0.266679 0.323672 0.976337 0.530617 0.293722 0.814900
88.000000 0.375435 0.778356 0.266740 0.323851 0.976636 0.530577 0.293679 0.814715
88.200000 0.375376 0.778425 0.266814 0.323662 0.976520 0.530689 0.293581 0.814960
88.400000 0.375238 0.778412 0.266802 0.324014 0.937559 0.530570 0.293879 0.814890
88.600000 0.375352 0.778165 0.266871 0.324017 0.976638 0.530590 0.293805 0.815027
88.800000 0.375241 0.778492 0.266725 0.324089 0.976852 0.530695 0.293844 0.815017
89.000000 0.375245 0.778468 0.266793 0.324244 0.976684 0.530750 0.293773 0.815054
89.200000 0.375327 0.778264 0.266812 0.324100 0.976662 0.530525 0.293817 0.815113
89.400000 0.375451 0.778347 0.266964 0.324221 0.976946 0.530847 0.294017 0.815172
89.600000 0.375445 0.778217 0.266858 0.324298 0.976963 0.530730 0.294057 0.815284
89.800000 0.375372 0.778262 0.267012 0.324303 0.977157 0.530786 0.293934 0.815377
90.000000 0.375515 0.778130 0.266536 0.324529 0.977152 0.530832 0.294136 0.815431
