0.200000 0.184628 0.380693 0.126721 0.150683 0.427483 0.533199 0.167711 0.347847
0.400000 0.184330 0.379220 0.126590 0.150256 0.424444 0.532932 0.167190 0.345810
0.600000 0.184317 0.378827 0.126240 0.150082 0.423391 0.532618 0.166963 0.344789
0.800000 0.184243 0.378274 0.126445 0.149958 0.421916 0.532761 0.166666 0.343621
1.000000 0.184256 0.378047 0.126424 0.149769 0.420546 0.532554 0.166411 0.342780
1.200000 0.184169 0.377101 0.126193 0.149504 0.419089 0.532332 0.165913 0.341725
1.400000 0.184149 0.376884 0.126310 0.149257 0.417791 0.532477 0.165763 0.340590
1.600000 0.184077 0.376338 0.126039 0.149326 0.416440 0.532228 0.165579 0.339748
1.800000 0.183879 0.375947 0.126107 0.149106 0.414771 0.532218 0.165275 0.338680
2.000000 0.184020 0.375310 0.126169 0.148991 0.414106 0.532155 0.164979 0.337543
2.200000 0.183990 0.374852 0.125893 0.148788 0.412288 0.531957 0.164768 0.336747
2.400000 0.183966 0.374568 0.126015 0.148752 0.410944 0.531924 0.164397 0.335690
2.600000 0.183894 0.373936 0.125739 0.148206 0.409691 0.531853 0.164312 0.334690
2.800000 0.183841 0.373421 0.125831 0.148427 0.408288 0.531712 0.163956 0.333582
3.000000 0.183809 0.372843 0.125733 0.148049 0.407038 0.531485 0.163693 0.332648
3.200000 0.183789 0.372545 0.126176 0.148006 0.405843 0.531520 0.163339 0.331870
3.400000 0.183753 0.372037 0.125761 0.147750 0.404552 0.531569 0.163038 0.330982
3.600000 0.183718 0.371659 0.125856 0.147765 0.403417 0.531169 0.162950 0.330021
3.800000 0.183687 0.371062 0.125702 0.147558 0.401935 0.531453 0.162514 0.329200
4.000000 0.183668 0.370749 0.125415 0.147428 0.400780 0.531108 0.162262 0.328252
4.200000 0.183596 0.370293 0.125580 0.146737 0.399366 0.531104 0.162168 0.327428
4.400000 0.183556 0.369842 0.125538 0.146946 0.398108 0.530711 0.161922 0.326381
4.600000 0.183554 0.369492 0.125434 0.147010 0.396972 0.530914 0.161458 0.325254
4.800000 0.183479 0.368912 0.125492 0.146921 0.395841 0.530686 0.161164 0.324571
5.000000 0.183548 0.368382 0.125338 0.146881 0.394706 0.530625 0.160992 0.323663
5.200000 0.183427 0.368006 0.125524 0.146570 0.393410 0.530422 0.160831 0.322896
5.400000 0.183367 0.367595 0.125387 0.146334 0.392227 0.530280 0.160598 0.322096
5.600000 0.183215 0.367369 0.125339 0.146290 0.391157 0.530281 0.160391 0.320879
5.800000 0.183306 0.366808 0.125374 0.146203 0.389902 0.530197 0.160204 0.320276
6.000000 0.183119 0.366209 0.125013 0.145792 0.388499 0.530055 0.159622 0.319240
6.200000 0.183051 0.365533 0.125048 0.145665 0.387240 0.529754 0.159372 0.318207
6.400000 0.183146 0.365365 0.125121 0.145169 0.385721 0.529777 0.159000 0.316929
6.600000 0.183163 0.364847 0.124974 0.145484 0.384722 0.529664 0.159144 0.316362
6.800000 0.183120 0.364625 0.125030 0.145565 0.383517 0.529538 0.158737 0.315623
7.000000 0.183083 0.364137 0.125102 0.145119 0.382384 0.529358 0.158543 0.314777
7.200000 0.183065 0.363759 0.125032 0.145160 0.381227 0.529352 0.158289 0.314161
7.400000 0.183024 0.363224 0.124972 0.145083 0.380210 0.529249 0.158228 0.313123
7.600000 0.182956 0.363010 0.124832 0.144960 0.379084 0.529421 0.157814 0.312472
7.800000 0.182919 0.362603 0.124883 0.144957 0.378086 0.529292 0.157636 0.311502
8.000000 0.182940 0.362239 0.124906 0.144739 0.376905 0.528935 0.157362 0.310715
8.200000 0.182888 0.361677 0.124667 0.144550 0.375907 0.528745 0.157123 0.310032
8.400000 0.182862 0.361548 0.124800 0.144447 0.374870 0.528795 0.156949 0.309411
8.600000 0.182846 0.361101 0.124712 0.144258 0.373841 0.528723 0.156847 0.308484
8.800000 0.182755 0.360591 0.124725 0.144190 0.372831 0.528416 0.156207 0.307654
9.000000 0.182743 0.360162 0.124737 0.144122 0.371715 0.528390 0.156196 0.306709
9.200000 0.182722 0.359980 0.124563 0.143944 0.370885 0.528297 0.155980 0.306341
9.400000 0.182682 0.359527 0.124674 0.143974 0.369973 0.528161 0.155893 0.305758
9.600000 0.182502 0.359337 0.124634 0.143854 0.369051 0.528104 0.155661 0.304937
9.800000 0.182581 0.358800 0.124661 0.143970 0.368024 0.528061 0.155378 0.304109
10.000000 0.182588 0.358539 0.124552 0.143502 0.366998 0.527994 0.155246 0.303556
10.200000 0.182532 0.358182 0.124529 0.143231 0.365669 0.527556 0.154912 0.302476
10.400000 0.182531 0.357851 0.124574 0.143389 0.365272 0.527901 0.154933 0.302178
10.600000 0.182530 0.357564 0.124494 0.143211 0.364118 0.527596 0.154589 0.301427
10.800000 0.182365 0.357210 0.124408 0.142980 0.363036 0.527617 0.154313 0.300757
11.000000 0.182363 0.356832 0.124474 0.143040 0.362380 0.527351 0.154164 0.300027
11.200000 0.182440 0.356355 0.124470 0.142748 0.361186 0.527343 0.154105 0.299408
11.400000 0.182389 0.356069 0.124273 0.142671 0.360403 0.527220 0.153790 0.298858
11.600000 0.182363 0.355934 0.124131 0.142817 0.359507 0.527041 0.153552 0.297881
11.800000 0.182211 0.355468 0.124118 0.142629 0.358641 0.527009 0.153416 0.297428
12.000000 0.182287 0.355188 0.124115 0.142329 0.357609 0.526874 0.153051 0.296679
12.200000 0.182225 0.354822 0.124202 0.142380 0.356658 0.526758 0.152900 0.296108
12.400000 0.182282 0.354577 0.124310 0.142146 0.355941 0.526632 0.152830 0.295398
12.600000 0.182114 0.353974 0.124077 0.142186 0.354745 0.526448 0.152563 0.294626
12.800000 0.182163 0.353610 0.124038 0.142031 0.353788 0.526385 0.152333 0.293775
13.000000 0.182133 0.353447 0.124077 0.141814 0.353035 0.526205 0.152192 0.293284
13.200000 0.182071 0.353079 0.123965 0.141757 0.352273 0.526121 0.151969 0.292656
13.400000 0.181940 0.352533 0.124190 0.141782 0.351500 0.526009 0.151895 0.292082
13.600000 0.182172 0.352569 0.124034 0.141652 0.350758 0.525880 0.151652 0.291454
13.800000 0.181986 0.352200 0.124018 0.141455 0.349941 0.525949 0.151491 0.291032
14.000000 0.182018 0.352051 0.123757 0.141493 0.349255 0.525839 0.151224 0.290532
14.200000 0.181953 0.351814 0.124017 0.141383 0.348330 0.525814 0.151175 0.289956
14.400000 0.181963 0.351482 0.123759 0.141125 0.347540 0.525226 0.150983 0.289351
14.600000 0.181755 0.351375 0.123680 0.141205 0.346901 0.525387 0.150847 0.288715
14.800000 0.181795 0.350977 0.124038 0.141040 0.346112 0.525415 0.150644 0.288321
15.000000 0.181839 0.350586 0.123869 0.141018 0.345216 0.525305 0.150547 0.287702
15.200000 0.181809 0.350441 0.123684 0.141099 0.344548 0.525327 0.150381 0.287378
15.400000 0.181798 0.350150 0.123833 0.140578 0.343916 0.525084 0.150251 0.286661
15.600000 0.181586 0.349870 0.123698 0.140554 0.343314 0.525070 0.150052 0.286205
15.800000 0.181603 0.349482 0.123656 0.140677 0.342475 0.524871 0.149958 0.285569
16.000000 0.181649 0.349023 0.123650 0.140556 0.341703 0.524922 0.149679 0.284800
16.200000 0.181438 0.348979 0.123699 0.140502 0.340881 0.524806 0.149612 0.284666
16.400000 0.181705 0.348794 0.123634 0.140519 0.340367 0.524648 0.149317 0.283847
16.600000 0.181651 0.348566 0.123603 0.140525 0.339747 0.524556 0.149205 0.283510
16.800000 0.181648 0.348281 0.123650 0.140212 0.338925 0.524321 0.149082 0.283017
17.000000 0.181583 0.347958 0.123703 0.140146 0.338413 0.524345 0.148869 0.282569
17.200000 0.181440 0.347851 0.123733 0.140139 0.337610 0.524281 0.148775 0.281959
17.400000 0.181545 0.347456 0.123392 0.140204 0.336860 0.524141 0.148667 0.281478
17.600000 0.181488 0.347283 0.123465 0.139952 0.336233 0.524081 0.148321 0.281017
17.800000 0.181525 0.346971 0.123517 0.139975 0.335643 0.523996 0.148231 0.280359
18.000000 0.181442 0.346558 0.123569 0.139861 0.334912 0.523785 0.148037 0.280013
18.200000 0.181458 0.346523 0.123411 0.139632 0.334218 0.523789 0.147769 0.279430
18.400000 0.181564 0.346202 0.123411 0.139487 0.333632 0.523677 0.147934 0.278984
18.600000 0.181404 0.345916 0.123425 0.139530 0.332798 0.523387 0.147802 0.278694
18.800000 0.181310 0.345684 0.123442 0.139484 0.332234 0.523576 0.147635 0.278099
19.000000 0.181423 0.345232 0.123250 0.139396 0.331408 0.523177 0.147411 0.277283
19.200000 0.181345 0.345023 0.123312 0.139338 0.330527 0.523152 0.147259 0.276985
19.400000 0.181310 0.344933 0.123193 0.139337 0.330089 0.523142 0.146957 0.276427
19.600000 0.181267 0.344600 0.123178 0.139282 0.329294 0.523052 0.146815 0.275879
19.800000 0.181134 0.344254 0.123380 0.139276 0.328722 0.522796 0.146814 0.275536
20.000000 0.181259 0.344161 0.123122 0.138822 0.328115 0.522854 0.146734 0.275265
20.200000 0.181191 0.344010 0.123146 0.138962 0.327400 0.522630 0.146555 0.274622
20.400000 0.181198 0.343692 0.123189 0.138726 0.326927 0.522524 0.146468 0.274050
20.600000 0.181172 0.343423 0.123025 0.138848 0.326319 0.522560 0.146467 0.273708
20.800000 0.180992 0.343041 0.123278 0.138772 0.325712 0.522476 0.146267 0.273187
21.000000 0.180980 0.343024 0.123191 0.138693 0.325019 0.522315 0.145910 0.272863
21.200000 0.181062 0.342800 0.123246 0.138613 0.324515 0.522232 0.145865 0.272337
21.400000 0.181064 0.342642 0.123075 0.138398 0.323842 0.522118 0.145873 0.271803
21.600000 0.181040 0.342138 0.123146 0.138493 0.323268 0.522137 0.145662 0.271316
21.800000 0.181042 0.342234 0.123224 0.138273 0.322830 0.521910 0.145596 0.271131
22.000000 0.181000 0.341939 0.122992 0.138492 0.322099 0.521988 0.145538 0.270708
22.200000 0.180824 0.341582 0.123066 0.138218 0.321642 0.521631 0.145231 0.270134
22.400000 0.181087 0.341460 0.122884 0.138174 0.320917 0.521596 0.145149 0.269830
22.600000 0.181054 0.341249 0.122703 0.138121 0.320355 0.521395 0.145046 0.269406
22.800000 0.180916 0.340945 0.122871 0.138069 0.319640 0.521293 0.144941 0.268902
23.000000 0.180913 0.340778 0.122957 0.138065 0.319299 0.521397 0.144932 0.268550
23.200000 0.180863 0.340691 0.122970 0.137923 0.318453 0.521247 0.144586 0.268169
23.400000 0.180874 0.340203 0.122907 0.137869 0.318232 0.521176 0.144417 0.267780
23.600000 0.180855 0.340126 0.122921 0.137783 0.317484 0.520945 0.144420 0.267312
23.800000 0.180801 0.339736 0.122744 0.137728 0.316934 0.520720 0.144224 0.267028
24.000000 0.180805 0.339356 0.122864 0.137666 0.316619 0.520777 0.144168 0.266522
24.200000 0.180511 0.339479 0.122917 0.137712 0.315947 0.520843 0.144188 0.266243
24.400000 0.180751 0.339205 0.122881 0.137631 0.315374 0.520691 0.143932 0.265802
24.600000 0.180704 0.338957 0.122826 0.137404 0.314840 0.520345 0.143812 0.265327
24.800000 0.180699 0.338803 0.122825 0.137459 0.314257 0.520465 0.143613 0.265007
25.000000 0.180705 0.338643 0.122733 0.137336 0.313789 0.520439 0.143636 0.264505
25.200000 0.180653 0.338429 0.122933 0.137178 0.313053 0.520102 0.143453 0.264065
25.400000 0.180634 0.338138 0.122703 0.137280 0.312640 0.520201 0.143355 0.263629
25.600000 0.180619 0.337923 0.122661 0.137156 0.311917 0.519947 0.143178 0.263190
25.800000 0.180557 0.337683 0.122693 0.136946 0.311396 0.519927 0.143042 0.262843
26.000000 0.180486 0.337421 0.122643 0.137010 0.310817 0.519673 0.142977 0.262377
26.200000 0.180390 0.337418 0.122679 0.137063 0.310258 0.519740 0.142961 0.261932
26.400000 0.180498 0.336936 0.122634 0.136784 0.309825 0.519595 0.142777 0.261747
26.600000 0.180505 0.336896 0.122514 0.136802 0.309299 0.519496 0.142544 0.261310
26.800000 0.180483 0.336623 0.122558 0.136495 0.308879 0.519500 0.142568 0.260648
27.000000 0.180455 0.336566 0.122587 0.136584 0.308245 0.519384 0.142442 0.260553
27.200000 0.180450 0.336193 0.122400 0.136583 0.307686 0.519128 0.142363 0.260125
27.400000 0.180419 0.336258 0.122673 0.136437 0.307406 0.519161 0.142363 0.259714
27.600000 0.180393 0.335812 0.122649 0.136475 0.306785 0.519052 0.142078 0.259465
27.800000 0.180433 0.335789 0.122479 0.136276 0.306349 0.518859 0.142162 0.258945
28.000000 0.180408 0.335611 0.122492 0.136281 0.306082 0.518756 0.141959 0.258758
28.200000 0.180236 0.335335 0.122444 0.136292 0.305366 0.518797 0.141831 0.258352
28.400000 0.180305 0.334970 0.122446 0.136119 0.304769 0.518628 0.141708 0.257887
28.600000 0.180334 0.334985 0.122430 0.136241 0.304375 0.518389 0.141637 0.257710
28.800000 0.180299 0.334632 0.122526 0.136182 0.303807 0.518289 0.141552 0.257289
29.000000 0.180292 0.334551 0.122271 0.135946 0.303383 0.518408 0.141516 0.257046
29.200000 0.180095 0.334407 0.122486 0.136065 0.302935 0.518045 0.141346 0.256562
29.400000 0.180229 0.334232 0.122363 0.136025 0.302510 0.518152 0.141237 0.256295
29.600000 0.180241 0.334058 0.122374 0.135990 0.302118 0.517835 0.141012 0.255814
29.800000 0.180205 0.333908 0.122206 0.135803 0.301621 0.518017 0.141046 0.255585
30.000000 0.180203 0.333705 0.122306 0.135856 0.301101 0.517815 0.141071 0.255240
30.200000 0.180166 0.333462 0.122091 0.135766 0.300731 0.517733 0.140781 0.254740
30.400000 0.180140 0.333068 0.122271 0.135657 0.300187 0.517615 0.140568 0.254645
30.600000 0.180497 0.333206 0.122250 0.135617 0.299808 0.517477 0.140811 0.254218
30.800000 0.182284 0.333046 0.122305 0.135508 0.299354 0.517397 0.140601 0.253903
31.000000 0.185707 0.332682 0.122076 0.135376 0.298641 0.517337 0.140264 0.253548
31.200000 0.191392 0.332543 0.122364 0.135440 0.298476 0.517340 0.140515 0.253342
31.400000 0.200263 0.332349 0.122086 0.135475 0.298317 0.516979 0.140161 0.253205
31.600000 0.209593 0.332278 0.122325 0.135563 0.298470 0.517028 0.140403 0.253239
31.800000 0.220423 0.332329 0.122101 0.135595 0.298692 0.517241 0.140554 0.253152
32.000000 0.231546 0.332487 0.122402 0.135651 0.299239 0.517109 0.140242 0.253862
32.200000 0.242840 0.332578 0.122452 0.135801 0.300171 0.517106 0.140986 0.254585
32.400000 0.254055 0.332875 0.122288 0.136018 0.301810 0.516934 0.141089 0.255581
32.600000 0.264199 0.333543 0.122607 0.136219 0.303537 0.516980 0.141473 0.256911
32.800000 0.273547 0.334277 0.122825 0.136670 0.305933 0.516959 0.141896 0.258403
33.000000 0.282171 0.335310 0.122852 0.137230 0.308430 0.517110 0.142485 0.260400
33.200000 0.289912 0.336818 0.123220 0.137897 0.311708 0.517107 0.142719 0.262650
33.400000 0.296658 0.338629 0.123342 0.138583 0.315182 0.516884 0.143550 0.264941
33.600000 0.302992 0.341110 0.123789 0.139314 0.319056 0.516855 0.144116 0.267925
33.800000 0.308270 0.343593 0.124086 0.140328 0.323250 0.517269 0.144708 0.270992
34.000000 0.313243 0.346943 0.124676 0.141300 0.327933 0.517259 0.145428 0.274481
34.200000 0.317234 0.350414 0.125352 0.142258 0.332686 0.517073 0.146102 0.277817
34.400000 0.320997 0.354340 0.126015 0.143664 0.337819 0.517045 0.146869 0.281677
34.600000 0.324195 0.358595 0.126604 0.144711 0.343128 0.517401 0.147663 0.285397
34.800000 0.326856 0.363088 0.127154 0.145997 0.348413 0.517205 0.148393 0.289611
35.000000 0.329417 0.367903 0.127913 0.147211 0.354279 0.517221 0.149166 0.293846
35.200000 0.331379 0.373522 0.128574 0.148494 0.360197 0.517408 0.150055 0.298436
35.400000 0.332865 0.378616 0.129231 0.149747 0.365673 0.517294 0.150843 0.302661
35.600000 0.334437 0.384089 0.129792 0.150967 0.371350 0.517505 0.151634 0.307064
35.800000 0.335646 0.389813 0.130336 0.152169 0.377241 0.517488 0.152550 0.311548
36.000000 0.336819 0.395565 0.131107 0.153641 0.383164 0.517614 0.153224 0.316182
36.200000 0.337796 0.401494 0.131929 0.154691 0.389151 0.517761 0.154097 0.320864
36.400000 0.338440 0.407769 0.132443 0.156102 0.395466 0.517778 0.154844 0.325682
36.600000 0.339258 0.414170 0.133004 0.157439 0.401567 0.517870 0.155559 0.330589
36.800000 0.339777 0.420874 0.133362 0.158474 0.407695 0.517967 0.156474 0.335618
37.000000 0.340557 0.427647 0.134294 0.160006 0.414163 0.517991 0.157350 0.340585
37.200000 0.340893 0.434300 0.134880 0.161183 0.420528 0.518019 0.158154 0.345596
37.400000 0.341297 0.441639 0.135759 0.162905 0.427505 0.518132 0.159080 0.351136
37.600000 0.341512 0.448626 0.135974 0.164143 0.433611 0.518080 0.159762 0.355983
37.800000 0.341841 0.455731 0.136847 0.165539 0.440277 0.518196 0.160769 0.361412
38.000000 0.342050 0.462904 0.137372 0.166679 0.446645 0.517895 0.161628 0.366573
38.200000 0.342199 0.470040 0.137967 0.168002 0.453083 0.518436 0.162402 0.371673
38.400000 0.342397 0.477148 0.138547 0.169206 0.459554 0.518514 0.162964 0.376774
38.600000 0.342517 0.484489 0.138975 0.170149 0.466200 0.518628 0.164180 0.382230
38.800000 0.342554 0.492247 0.139905 0.171944 0.472736 0.518701 0.164974 0.387585
39.000000 0.342636 0.499169 0.140091 0.173084 0.479216 0.518797 0.165779 0.392649
39.200000 0.342502 0.506506 0.140717 0.174362 0.485831 0.518942 0.166540 0.397726
39.400000 0.342681 0.513548 0.141278 0.175478 0.492295 0.518898 0.167180 0.403062
39.600000 0.342552 0.521012 0.141858 0.176836 0.498855 0.519099 0.168255 0.408289
39.800000 0.342560 0.528354 0.142432 0.178059 0.505709 0.519069 0.169205 0.413523
40.000000 0.342634 0.535441 0.142850 0.179266 0.512357 0.519233 0.169982 0.418918
40.200000 0.342576 0.542506 0.143488 0.180374 0.518952 0.519040 0.170671 0.424174
40.400000 0.342516 0.549412 0.143947 0.181644 0.525646 0.519397 0.171513 0.429256
40.600000 0.342460 0.556660 0.144486 0.182899 0.532438 0.519396 0.172284 0.434510
40.800000 0.342350 0.563849 0.145035 0.184166 0.539206 0.519505 0.173295 0.440054
41.000000 0.342238 0.570593 0.145535 0.185224 0.545833 0.519474 0.174030 0.445104
41.200000 0.342181 0.577509 0.145934 0.186495 0.552331 0.519666 0.174838 0.450301
41.400000 0.342006 0.584234 0.146281 0.187479 0.558974 0.519705 0.175678 0.455554
41.600000 0.341930 0.590726 0.146958 0.188611 0.565682 0.519860 0.176343 0.460796
41.800000 0.341518 0.597144 0.147346 0.189726 0.572434 0.519909 0.177436 0.465843
42.000000 0.341672 0.603589 0.147794 0.190631 0.578966 0.520058 0.177919 0.470941
42.200000 0.341584 0.609598 0.148302 0.191873 0.585474 0.520144 0.178695 0.476147
42.400000 0.341352 0.615590 0.148637 0.192841 0.592037 0.520211 0.179712 0.481243
42.600000 0.341191 0.621484 0.148938 0.193532 0.598250 0.520258 0.180305 0.486010
42.800000 0.341301 0.627387 0.149671 0.194975 0.604951 0.520378 0.180833 0.491092
43.000000 0.341038 0.632987 0.150126 0.195935 0.611318 0.520372 0.181747 0.496329
43.200000 0.341139 0.638434 0.150378 0.197037 0.617816 0.520731 0.182597 0.501346
43.400000 0.340943 0.643898 0.150972 0.197997 0.624050 0.520628 0.183375 0.506410
43.600000 0.340923 0.649410 0.151205 0.199227 0.631154 0.520787 0.184091 0.511956
43.800000 0.340950 0.656467 0.151740 0.200372 0.639734 0.520971 0.185118 0.518440
44.000000 0.340877 0.661052 0.152077 0.201318 0.645745 0.521024 0.185919 0.522978
44.200000 0.340530 0.665864 0.152093 0.202397 0.651580 0.520971 0.186673 0.527819
44.400000 0.340613 0.670169 0.152764 0.203292 0.657549 0.521059 0.187342 0.532438
44.600000 0.340684 0.674608 0.153285 0.204288 0.663486 0.521162 0.188094 0.536987
44.800000 0.340691 0.678818 0.153313 0.205087 0.669494 0.521371 0.188702 0.541561
45.000000 0.340519 0.682899 0.153696 0.205539 0.674933 0.521293 0.189387 0.545979
45.200000 0.340225 0.686520 0.154110 0.206775 0.680741 0.521312 0.190026 0.550683
45.400000 0.340473 0.690537 0.154468 0.207657 0.686473 0.521660 0.190829 0.554917
45.600000 0.340348 0.694419 0.154710 0.208516 0.691885 0.521758 0.191360 0.559482
45.800000 0.340368 0.697731 0.155000 0.209466 0.697386 0.521841 0.192037 0.563617
46.000000 0.340244 0.701422 0.155655 0.210292 0.702797 0.521919 0.192659 0.568003
46.200000 0.340265 0.704466 0.155686 0.211241 0.707880 0.521915 0.193477 0.572075
46.400000 0.339980 0.707777 0.155767 0.211654 0.713399 0.522106 0.193960 0.576337
46.600000 0.340025 0.710667 0.156352 0.212640 0.718246 0.522136 0.194672 0.580314
46.800000 0.339980 0.713731 0.156702 0.213556 0.723315 0.522125 0.195037 0.584455
47.000000 0.339949 0.716433 0.156952 0.214160 0.728313 0.522403 0.195851 0.588282
47.200000 0.339827 0.719395 0.157123 0.214845 0.733742 0.522345 0.196475 0.592235
47.400000 0.339946 0.722175 0.157405 0.215810 0.738487 0.522311 0.196928 0.596170
47.600000 0.339681 0.724679 0.157751 0.216481 0.743182 0.522731 0.197635 0.600013
47.800000 0.339635 0.726946 0.158064 0.217413 0.747891 0.522734 0.198132 0.603890
48.000000 0.339357 0.729411 0.158329 0.218129 0.752542 0.522662 0.198701 0.607581
48.200000 0.339503 0.731670 0.158520 0.218874 0.757235 0.522980 0.199400 0.611372
48.400000 0.339189 0.733841 0.158571 0.219491 0.761694 0.522941 0.199904 0.614855
48.600000 0.339293 0.736004 0.158861 0.220484 0.765883 0.523135 0.200495 0.618318
48.800000 0.339074 0.737940 0.159292 0.220853 0.770226 0.523129 0.201021 0.621520
49.000000 0.339111 0.740037 0.159230 0.221754 0.774490 0.523207 0.201418 0.625280
49.200000 0.339022 0.741822 0.159580 0.222451 0.778750 0.523233 0.202127 0.628811
49.400000 0.339049 0.743671 0.159884 0.223075 0.782699 0.523513 0.202525 0.631763
49.600000 0.338904 0.745295 0.159967 0.223835 0.786759 0.523592 0.203128 0.634806
49.800000 0.338807 0.746908 0.160271 0.224522 0.790572 0.523627 0.203596 0.638335
50.000000 0.338599 0.748925 0.160500 0.225002 0.794985 0.523808 0.204410 0.642022
50.200000 0.338678 0.750266 0.160928 0.225698 0.798766 0.523760 0.204918 0.645123
50.400000 0.338610 0.751797 0.160872 0.226581 0.802484 0.523829 0.205303 0.648089
50.600000 0.338460 0.753223 0.161274 0.227077 0.806134 0.524075 0.205770 0.651028
50.800000 0.338563 0.754637 0.161392 0.227754 0.809792 0.524173 0.206271 0.654127
51.000000 0.338477 0.755857 0.161346 0.228348 0.813234 0.524437 0.206828 0.656949
51.200000 0.338288 0.757395 0.161706 0.228947 0.816677 0.524188 0.207231 0.659692
51.400000 0.338284 0.758656 0.161833 0.229536 0.820017 0.524421 0.207554 0.662534
51.600000 0.338185 0.759821 0.161928 0.230212 0.823331 0.524490 0.208179 0.665207
51.800000 0.338116 0.760828 0.162280 0.230715 0.826578 0.524617 0.208613 0.667897
52.000000 0.337855 0.761926 0.162447 0.231199 0.829811 0.524689 0.209047 0.670556
52.200000 0.337943 0.762942 0.162526 0.231995 0.832742 0.524614 0.209590 0.672979
52.400000 0.337851 0.764172 0.162762 0.232659 0.835883 0.524795 0.209848 0.675867
52.600000 0.337713 0.764976 0.162947 0.233250 0.838577 0.524851 0.210364 0.678059
52.800000 0.337811 0.766133 0.163251 0.233744 0.841546 0.524965 0.210817 0.680528
53.000000 0.337825 0.766761 0.163233 0.234081 0.844288 0.525267 0.211303 0.682867
53.200000 0.337666 0.767869 0.163360 0.234815 0.847212 0.525070 0.211503 0.685145
53.400000 0.337543 0.768327 0.163524 0.235412 0.849778 0.525308 0.212039 0.687497
53.600000 0.337415 0.769594 0.163695 0.235763 0.852572 0.525624 0.212408 0.689777
53.800000 0.337400 0.770408 0.163761 0.236491 0.855021 0.525566 0.212739 0.691974
54.000000 0.337309 0.771023 0.164065 0.236862 0.857564 0.525522 0.213301 0.694074
54.200000 0.337228 0.771678 0.164091 0.237287 0.860072 0.525670 0.213719 0.695982
54.400000 0.337174 0.772501 0.164316 0.237935 0.862730 0.525800 0.214083 0.698105
54.600000 0.337063 0.773177 0.164474 0.238401 0.864870 0.525932 0.214445 0.700077
54.800000 0.336768 0.773920 0.164541 0.238854 0.867578 0.525981 0.214829 0.702239
55.000000 0.336387 0.774675 0.164722 0.239175 0.869436 0.526117 0.215146 0.704060
55.200000 0.336728 0.775115 0.164853 0.239974 0.871778 0.526201 0.215492 0.705984
55.400000 0.336590 0.775597 0.164825 0.240605 0.874143 0.526130 0.215800 0.707856
55.600000 0.336472 0.776463 0.165012 0.240900 0.876230 0.526438 0.216308 0.709663
55.800000 0.336373 0.776641 0.165211 0.241299 0.878151 0.526419 0.216404 0.711432
56.000000 0.336287 0.777000 0.165116 0.241810 0.880182 0.526355 0.216703 0.713270
56.200000 0.336273 0.777825 0.165469 0.242469 0.882561 0.526670 0.217318 0.715309
56.400000 0.336040 0.778356 0.165584 0.242901 0.884593 0.526599 0.217636 0.716789
56.600000 0.336177 0.778705 0.165640 0.243315 0.886598 0.526842 0.217997 0.718281
56.800000 0.336057 0.779337 0.165842 0.243684 0.888223 0.526941 0.218310 0.719944
57.000000 0.335901 0.779664 0.165766 0.244295 0.890275 0.527114 0.218799 0.721469
57.200000 0.335835 0.779911 0.166004 0.244579 0.891789 0.527036 0.218950 0.723233
57.400000 0.335782 0.780377 0.166144 0.244913 0.893778 0.526957 0.219033 0.724213
57.600000 0.335687 0.780706 0.166214 0.245395 0.895404 0.527048 0.219495 0.725881
57.800000 0.335586 0.781033 0.166171 0.246066 0.897004 0.527349 0.219797 0.727508
58.000000 0.335602 0.781663 0.166347 0.246194 0.898647 0.527220 0.220084 0.728629
58.200000 0.335454 0.782008 0.166584 0.246654 0.900509 0.527604 0.220449 0.730192
58.400000 0.335292 0.782448 0.166769 0.246919 0.902051 0.527511 0.220740 0.731233
58.600000 0.335303 0.782553 0.166475 0.247214 0.903335 0.527622 0.220808 0.732576
58.800000 0.335113 0.782883 0.166912 0.247993 0.904774 0.527751 0.221229 0.734184
59.000000 0.335093 0.783100 0.166650 0.248349 0.906638 0.527688 0.221431 0.735068
59.200000 0.335215 0.783274 0.166953 0.248838 0.907844 0.527835 0.221698 0.736646
59.400000 0.335199 0.783476 0.167009 0.249069 0.909345 0.528011 0.222051 0.737889
59.600000 0.335094 0.783891 0.167123 0.249497 0.910854 0.528112 0.222344 0.739059
59.800000 0.335115 0.784221 0.167217 0.249884 0.912195 0.528177 0.222570 0.740236
60.000000 0.335227 0.784383 0.167353 0.249981 0.913363 0.528157 0.222828 0.741401
60.200000 0.335070 0.784719 0.167285 0.250687 0.914688 0.528372 0.223058 0.742393
60.400000 0.334932 0.784842 0.167525 0.250880 0.916248 0.528364 0.223382 0.743753
60.600000 0.335015 0.785177 0.167442 0.251238 0.917364 0.528485 0.223403 0.744606
60.800000 0.334983 0.785438 0.167682 0.251623 0.918540 0.528620 0.223718 0.745749
61.000000 0.334912 0.785536 0.167791 0.252062 0.919873 0.528798 0.224065 0.746984
61.200000 0.334843 0.785953 0.167839 0.252510 0.921214 0.528631 0.224233 0.747910
61.400000 0.334756 0.786166 0.167788 0.252765 0.922244 0.528761 0.224393 0.748948
61.600000 0.334725 0.786331 0.167664 0.252998 0.923546 0.529077 0.224637 0.749874
61.800000 0.334558 0.786454 0.168001 0.253435 0.924406 0.528917 0.224977 0.750873
62.000000 0.334322 0.786665 0.168292 0.253902 0.925657 0.529261 0.225148 0.751791
62.200000 0.334342 0.786956 0.168413 0.254064 0.926579 0.529187 0.225450 0.752630
62.400000 0.334363 0.787126 0.168320 0.254576 0.927983 0.529231 0.225755 0.753843
62.600000 0.334100 0.787070 0.168400 0.254728 0.928923 0.529395 0.225966 0.754752
62.800000 0.334259 0.786775 0.168571 0.255059 0.930136 0.529462 0.226066 0.755509
63.000000 0.334200 0.787628 0.168494 0.255584 0.931115 0.529576 0.226431 0.756391
63.200000 0.334020 0.787684 0.168488 0.255744 0.932159 0.529524 0.226458 0.757474
63.400000 0.333960 0.787833 0.168338 0.256059 0.932951 0.529702 0.226663 0.758263
63.600000 0.334093 0.787889 0.168712 0.256361 0.934020 0.529876 0.226883 0.759022
63.800000 0.334045 0.788147 0.168798 0.256684 0.935050 0.529740 0.226961 0.759738
64.000000 0.333974 0.788245 0.169022 0.256972 0.935738 0.529795 0.227279 0.760535
64.200000 0.333884 0.788212 0.168791 0.257371 0.936601 0.530056 0.227507 0.761333
64.400000 0.333967 0.788512 0.168999 0.257764 0.937595 0.530154 0.227711 0.762108
64.600000 0.333589 0.788723 0.169158 0.257986 0.938310 0.530046 0.227722 0.762879
64.800000 0.333759 0.788685 0.169189 0.258445 0.939422 0.530546 0.227931 0.763673
65.000000 0.333689 0.788730 0.169290 0.258531 0.940162 0.530438 0.228092 0.764213
65.200000 0.333585 0.788950 0.169346 0.258914 0.941131 0.530489 0.228284 0.764989
65.400000 0.333500 0.789050 0.169404 0.259334 0.941736 0.530694 0.228383 0.765760
65.600000 0.333284 0.789264 0.169442 0.259496 0.942538 0.530657 0.228638 0.766553
65.800000 0.333191 0.789096 0.169310 0.259819 0.943279 0.530551 0.228728 0.766840
66.000000 0.333210 0.789382 0.169516 0.260032 0.944075 0.530643 0.228930 0.767773
66.200000 0.332980 0.789370 0.169677 0.260189 0.944675 0.530925 0.229056 0.768160
66.400000 0.333059 0.789611 0.169523 0.260482 0.945494 0.530925 0.229204 0.768738
66.600000 0.332992 0.789747 0.169746 0.260835 0.946155 0.530902 0.229441 0.769491
66.800000 0.332915 0.789614 0.169553 0.261002 0.946841 0.531014 0.229366 0.770061
67.000000 0.332813 0.789343 0.169734 0.261484 0.947706 0.531187 0.229697 0.770574
67.200000 0.332883 0.789417 0.169779 0.261670 0.948318 0.531107 0.229577 0.771215
67.400000 0.332666 0.789859 0.169881 0.261930 0.949059 0.531395 0.230008 0.771845
67.600000 0.332739 0.789979 0.169848 0.262346 0.949487 0.531564 0.230135 0.772324
67.800000 0.332602 0.789662 0.169873 0.262348 0.950105 0.531167 0.229939 0.772927
68.000000 0.332786 0.789957 0.169916 0.262460 0.951037 0.531475 0.230374 0.773429
68.200000 0.332745 0.789950 0.170019 0.262944 0.951554 0.531678 0.230450 0.773991
68.400000 0.332664 0.790193 0.170120 0.263332 0.952048 0.531875 0.230641 0.774592
68.600000 0.332837 0.790174 0.170091 0.263490 0.952650 0.532010 0.230778 0.775100
68.800000 0.332777 0.790031 0.170190 0.263552 0.953305 0.531983 0.230863 0.775468
69.000000 0.332811 0.790135 0.170214 0.263796 0.953586 0.531807 0.230925 0.775844
69.200000 0.332589 0.790363 0.170429 0.264057 0.954344 0.531956 0.231043 0.776670
69.400000 0.332832 0.790368 0.170209 0.264584 0.955165 0.532246 0.231321 0.776981
69.600000 0.332679 0.790361 0.170577 0.264688 0.955652 0.532267 0.231422 0.777525
69.800000 0.332762 0.790291 0.170390 0.264897 0.956192 0.532300 0.231560 0.777961
70.000000 0.332658 0.790206 0.170292 0.265067 0.956741 0.532042 0.231764 0.778382
70.200000 0.332738 0.790458 0.170234 0.265488 0.957049 0.532515 0.231895 0.778775
70.400000 0.332774 0.790413 0.170586 0.265505 0.957730 0.532592 0.231703 0.779508
70.600000 0.332562 0.790329 0.170680 0.265647 0.957810 0.532372 0.231793 0.779861
70.800000 0.332702 0.790464 0.170158 0.265914 0.958572 0.531671 0.231948 0.780243
71.000000 0.332717 0.790596 0.170838 0.266365 0.959194 0.532574 0.231800 0.780522
71.200000 0.332574 0.790785 0.170768 0.266464 0.959910 0.532819 0.232356 0.781165
71.400000 0.332657 0.790851 0.170839 0.266795 0.960418 0.532919 0.232445 0.781666
71.600000 0.332716 0.790953 0.170591 0.267110 0.960975 0.533108 0.232499 0.781968
71.800000 0.332694 0.791136 0.171002 0.267264 0.961260 0.533021 0.232607 0.782586
72.000000 0.332672 0.791085 0.171021 0.267479 0.961909 0.533243 0.232724 0.782865
72.200000 0.332600 0.790941 0.170941 0.267701 0.962109 0.533248 0.232829 0.783103
72.400000 0.332775 0.791196 0.171201 0.267891 0.962792 0.533329 0.232658 0.783608
72.600000 0.332491 0.791126 0.170924 0.268136 0.963167 0.533332 0.232862 0.783911
72.800000 0.332623 0.791218 0.171090 0.268329 0.963580 0.533522 0.233055 0.784309
73.000000 0.332549 0.791203 0.170929 0.268523 0.964102 0.533465 0.232891 0.784694
73.200000 0.332361 0.790882 0.171118 0.268753 0.964501 0.533719 0.233296 0.785155
73.400000 0.332481 0.791171 0.171447 0.268834 0.964837 0.533767 0.233333 0.785430
73.600000 0.332423 0.791429 0.171220 0.269225 0.965375 0.533679 0.233411 0.785560
73.800000 0.332148 0.791224 0.171490 0.269371 0.965736 0.533968 0.233547 0.786192
74.000000 0.332388 0.791512 0.171255 0.269518 0.966163 0.533947 0.233655 0.786455
74.200000 0.332379 0.791620 0.171452 0.269868 0.966600 0.534043 0.233680 0.786965
74.400000 0.332388 0.791760 0.171621 0.270044 0.966956 0.534176 0.233740 0.787123
74.600000 0.332240 0.791768 0.171365 0.270240 0.967117 0.533925 0.233850 0.787532
74.800000 0.332293 0.791847 0.171561 0.270618 0.967631 0.534238 0.234047 0.787898
75.000000 0.332307 0.791901 0.171598 0.270609 0.968099 0.534445 0.233821 0.788403
75.200000 0.332248 0.792049 0.171515 0.270738 0.968521 0.534492 0.234082 0.788681
75.400000 0.331920 0.791913 0.171694 0.271022 0.968939 0.534390 0.234194 0.788828
75.600000 0.332142 0.791985 0.171716 0.271158 0.969226 0.534572 0.234267 0.789293
75.800000 0.332060 0.792075 0.171790 0.271511 0.969793 0.534617 0.195405 0.789427
76.000000 0.332013 0.791636 0.171757 0.271616 0.969658 0.534601 0.273296 0.789968
76.200000 0.331916 0.792041 0.171958 0.271876 0.970224 0.534784 0.234479 0.790210
76.400000 0.331732 0.792086 0.171875 0.271916 0.970672 0.534837 0.234339 0.790125
76.600000 0.331759 0.792354 0.171909 0.272144 0.970968 0.534880 0.234579 0.790737
76.800000 0.331686 0.792111 0.171967 0.272421 0.971322 0.534934 0.234534 0.791070
77.000000 0.331674 0.792370 0.172077 0.272652 0.971649 0.534992 0.234683 0.791452
77.200000 0.331458 0.792306 0.171976 0.272841 0.972062 0.535047 0.234792 0.791600
77.400000 0.331532 0.792236 0.171990 0.272865 0.972186 0.535247 0.234914 0.791726
77.600000 0.331493 0.792348 0.172008 0.273007 0.972349 0.535201 0.234908 0.792213
77.800000 0.331335 0.792246 0.172151 0.273351 0.972784 0.535400 0.235105 0.792316
78.000000 0.331117 0.792484 0.172116 0.234425 0.973052 0.535239 0.235130 0.792613
78.200000 0.331146 0.792365 0.172218 0.273526 0.973497 0.535550 0.235289 0.792815
78.400000 0.330949 0.792388 0.172260 0.273874 0.973535 0.535589 0.235112 0.793127
78.600000 0.331180 0.792253 0.172221 0.273876 0.973923 0.535622 0.235093 0.793239
78.800000 0.331211 0.792295 0.172188 0.274158 0.974200 0.535667 0.235162 0.793495
79.000000 0.331227 0.792325 0.172409 0.274279 0.974341 0.535722 0.235205 0.793914
79.200000 0.331185 0.792171 0.172401 0.274442 0.974734 0.535858 0.235379 0.794033
79.400000 0.331102 0.792303 0.172296 0.274726 0.974928 0.535848 0.235431 0.794281
79.600000 0.331033 0.792266 0.172388 0.274686 0.975152 0.536013 0.235443 0.794509
79.800000 0.331116 0.792275 0.172420 0.275002 0.975566 0.536088 0.235333 0.794758
80.000000 0.330964 0.792511 0.172597 0.275092 0.975716 0.536162 0.235528 0.794935
80.200000 0.330674 0.792287 0.172518 0.275145 0.975876 0.536155 0.235544 0.794866
80.400000 0.330842 0.792321 0.172490 0.275277 0.976380 0.536283 0.235685 0.795244
80.600000 0.330749 0.792348 0.172566 0.275722 1.015514 0.536255 0.235666 0.795568
80.800000 0.330988 0.792273 0.172541 0.275725 0.937532 0.536438 0.235627 0.795730
81.000000 0.330814 0.792415 0.172541 0.275946 0.976966 0.536490 0.235720 0.795882
81.200000 0.330961 0.792378 0.172654 0.276071 0.976886 0.536418 0.235755 0.796177
81.400000 0.330936 0.792242 0.172660 0.275922 0.977070 0.536543 0.235458 0.796335
81.600000 0.330891 0.792367 0.172591 0.276199 0.977544 0.536687 0.235860 0.796473
81.800000 0.330784 0.792188 0.172681 0.276367 0.977777 0.536692 0.235785 0.796646
82.000000 0.330715 0.792348 0.172636 0.276433 0.977658 0.536555 0.235908 0.796782
82.200000 0.330555 0.792202 0.172871 0.276701 0.978055 0.536895 0.235910 0.797058
82.400000 0.330739 0.792449 0.172846 0.276946 0.978182 0.536830 0.235961 0.797033
82.600000 0.330746 0.792466 0.172600 0.276970 0.978539 0.536906 0.236005 0.797371
82.800000 0.330517 0.792266 0.172814 0.277112 0.978518 0.537097 0.235940 0.797564
83.000000 0.330532 0.792366 0.172793 0.277395 0.978924 0.537156 0.236067 0.797581
83.200000 0.330651 0.792303 0.172815 0.277349 0.978861 0.537215 0.236101 0.797671
83.400000 0.330638 0.792248 0.172806 0.277336 0.979102 0.537177 0.236117 0.797739
83.600000 0.330524 0.792328 0.172859 0.277616 0.979429 0.537069 0.236177 0.798051
83.800000 0.330582 0.792319 0.172905 0.277905 0.979377 0.537407 0.236309 0.798172
84.000000 0.330641 0.792265 0.172893 0.277752 0.979668 0.537418 0.236248 0.798432
84.200000 0.330599 0.792371 0.172967 0.277975 0.979956 0.537564 0.236207 0.798663
84.400000 0.330515 0.792443 0.172957 0.278435 0.979980 0.537484 0.236262 0.798912
84.600000 0.330651 0.792277 0.172952 0.278336 0.980168 0.537701 0.236304 0.798631
84.800000 0.330483 0.792394 0.173007 0.278459 0.980281 0.537591 0.236318 0.798974
85.000000 0.330607 0.792455 0.173054 0.278562 0.980560 0.537970 0.236356 0.799155
85.200000 0.330654 0.792279 0.173065 0.278645 0.980675 0.537733 0.236428 0.799372
85.400000 0.330541 0.792096 0.173041 0.278531 0.980776 0.537775 0.236329 0.799542
85.600000 0.330591 0.792362 0.173038 0.279000 0.980872 0.537760 0.236450 0.799515
85.800000 0.330496 0.792376 0.173098 0.279005 0.981134 0.538140 0.236471 0.799795
86.000000 0.330533 0.792541 0.173315 0.279130 0.981150 0.538139 0.236454 0.799949
86.200000 0.330600 0.792500 0.173193 0.279244 0.981549 0.538141 0.236582 0.800076
86.400000 0.330598 0.792282 0.173228 0.279427 0.981878 0.538198 0.236601 0.800272
86.600000 0.330543 0.792496 0.173327 0.279593 0.981616 0.538315 0.236558 0.800371
86.800000 0.330542 0.792408 0.173315 0.279858 0.982207 0.538296 0.236585 0.800524
87.000000 0.330493 0.792791 0.173486 0.279793 0.982376 0.538481 0.236810 0.800595
87.200000 0.330455 0.792449 0.173352 0.279941 0.982463 0.538397 0.236670 0.800795
87.400000 0.330107 0.792443 0.173382 0.279903 0.982261 0.538594 0.236731 0.801019
87.600000 0.330420 0.792670 0.173408 0.280174 0.982819 0.538582 0.236546 0.800987
87.800000 0.330405 0.792540 0.173363 0.280325 0.982712 0.538580 0.236713 0.801194
88.000000 0.330418 0.792528 0.173385 0.280372 0.982903 0.538732 0.236803 0.801262
88.200000 0.330398 0.792564 0.173356 0.280670 0.982992 0.538782 0.236731 0.801280
88.400000 0.330407 0.792633 0.173479 0.280679 0.983266 0.538576 0.236784 0.801710
88.600000 0.330401 0.792700 0.173502 0.280617 0.983462 0.538991 0.236671 0.801579
88.800000 0.330318 0.792487 0.173349 0.280678 0.983436 0.538878 0.236766 0.801621
89.000000 0.330144 0.792604 0.173640 0.281004 0.983511 0.539014 0.236853 0.801988
89.200000 0.330054 0.792667 0.173496 0.281128 0.983754 0.539214 0.236833 0.802029
89.400000 0.330151 0.792473 0.173453 0.281271 0.983504 0.538955 0.236861 0.802147
89.600000 0.330116 0.792688 0.173432 0.281305 0.984145 0.538949 0.236934 0.802354
89.800000 0.330228 0.792682 0.173353 0.281517 0.984104 0.539139 0.236850 0.802347
90.000000 0.329936 0.792791 0.173624 0.281657 0.984281 0.539547 0.236820 0.802603
