0.200000 0.053479 0.430595 0.195354 0.261309 0.498419 0.517128 0.258661 0.423531
0.400000 0.053259 0.429788 0.195461 0.260782 0.496200 0.516970 0.258359 0.421768
0.600000 0.053231 0.429162 0.195430 0.260431 0.494946 0.517079 0.258327 0.420710
0.800000 0.053383 0.428639 0.195285 0.260234 0.493649 0.516816 0.257904 0.419639
1.000000 0.053323 0.428097 0.195066 0.259710 0.492350 0.517096 0.257621 0.418748
1.200000 0.053377 0.427657 0.195119 0.259441 0.490939 0.517010 0.257655 0.417731
1.400000 0.053326 0.427147 0.195248 0.259246 0.489738 0.516790 0.257366 0.416799
1.600000 0.053337 0.426876 0.194923 0.258847 0.488575 0.516768 0.257161 0.415624
1.800000 0.053328 0.426188 0.195137 0.258489 0.487098 0.516680 0.256897 0.414812
2.000000 0.053307 0.425645 0.194941 0.258128 0.485926 0.516423 0.256727 0.413669
2.200000 0.053294 0.425245 0.194963 0.257821 0.484857 0.516535 0.256523 0.412956
2.400000 0.053176 0.424948 0.194964 0.257468 0.483530 0.516526 0.256281 0.411941
2.600000 0.053265 0.424420 0.194722 0.257218 0.482168 0.516397 0.256083 0.410974
2.800000 0.053192 0.423738 0.194704 0.256864 0.480829 0.516236 0.255750 0.410150
3.000000 0.053228 0.423350 0.194755 0.256530 0.479615 0.516396 0.255620 0.409091
3.200000 0.053244 0.423010 0.194817 0.256208 0.478528 0.516266 0.255359 0.408247
3.400000 0.053211 0.422490 0.194561 0.255922 0.477243 0.516266 0.255421 0.407354
3.600000 0.053247 0.421956 0.194690 0.255660 0.475926 0.516126 0.254993 0.406361
3.800000 0.053207 0.421532 0.194672 0.255183 0.474990 0.516073 0.254836 0.405307
4.000000 0.053221 0.421009 0.194579 0.254914 0.473757 0.516139 0.254619 0.404444
4.200000 0.053180 0.420560 0.194409 0.254591 0.472705 0.515921 0.254415 0.403742
4.400000 0.053167 0.420313 0.194566 0.254360 0.471383 0.516033 0.254192 0.402731
4.600000 0.053168 0.419862 0.194508 0.253915 0.470236 0.515770 0.254002 0.401780
4.800000 0.053139 0.419161 0.194288 0.253962 0.468940 0.515766 0.253809 0.400888
5.000000 0.053157 0.418893 0.194424 0.253345 0.467869 0.515737 0.253625 0.400080
5.200000 0.053110 0.418409 0.194461 0.253191 0.466893 0.515826 0.253413 0.399219
5.400000 0.053115 0.418101 0.194343 0.252866 0.465454 0.515541 0.253248 0.398365
5.600000 0.053075 0.417665 0.194331 0.252677 0.464528 0.515491 0.252895 0.397400
5.800000 0.053086 0.417054 0.194238 0.252340 0.463464 0.515474 0.252749 0.396722
6.000000 0.053068 0.416704 0.194216 0.252172 0.462243 0.515350 0.252631 0.395864
6.200000 0.053087 0.416543 0.194218 0.251748 0.461123 0.515558 0.252372 0.395002
6.400000 0.052972 0.415841 0.194336 0.251598 0.459930 0.515410 0.252084 0.393988
6.600000 0.053079 0.415490 0.194025 0.251054 0.458486 0.515230 0.252066 0.393028
6.800000 0.053075 0.414936 0.193961 0.250791 0.457397 0.514879 0.251636 0.392256
7.000000 0.053023 0.414614 0.194032 0.250431 0.456426 0.515221 0.251526 0.391357
7.200000 0.053009 0.414161 0.194060 0.250294 0.455408 0.515257 0.251361 0.390539
7.400000 0.053042 0.413830 0.193898 0.250059 0.454313 0.515107 0.251042 0.389602
7.600000 0.053006 0.413485 0.193910 0.249715 0.453331 0.515005 0.250931 0.389085
7.800000 0.053011 0.412911 0.193809 0.249486 0.452214 0.514892 0.250614 0.388145
8.000000 0.052969 0.412675 0.194032 0.249226 0.451237 0.514879 0.250593 0.387352
8.200000 0.052814 0.412241 0.193675 0.248780 0.450018 0.514712 0.250286 0.386607
8.400000 0.052962 0.411930 0.193517 0.248609 0.449181 0.514939 0.250111 0.385848
8.600000 0.052813 0.411382 0.193677 0.248275 0.448052 0.514806 0.249932 0.385025
8.800000 0.052930 0.411211 0.193651 0.247957 0.447206 0.514622 0.249785 0.384393
9.000000 0.052945 0.410800 0.193785 0.247932 0.446269 0.514388 0.249543 0.383579
9.200000 0.052921 0.410565 0.193644 0.247528 0.445480 0.514603 0.249444 0.382952
9.400000 0.052900 0.410231 0.193608 0.247177 0.444067 0.514256 0.249023 0.381947
9.600000 0.052922 0.409569 0.193611 0.247144 0.443381 0.514392 0.248995 0.381399
9.800000 0.052865 0.409463 0.193513 0.246832 0.442229 0.514234 0.248822 0.380665
10.000000 0.052886 0.409069 0.193549 0.246608 0.441268 0.514219 0.248581 0.379893
10.200000 0.052888 0.408642 0.193617 0.246416 0.440465 0.514295 0.248454 0.379243
10.400000 0.052868 0.408379 0.193450 0.246236 0.439506 0.514111 0.248238 0.378456
10.600000 0.052876 0.407930 0.193418 0.245962 0.438608 0.514161 0.247884 0.377883
10.800000 0.052859 0.407699 0.193401 0.245652 0.437625 0.513970 0.247868 0.377095
11.000000 0.052938 0.407313 0.193201 0.245461 0.436730 0.514010 0.247782 0.376397
11.200000 0.052847 0.406987 0.193326 0.245153 0.435802 0.513774 0.247352 0.375710
11.400000 0.052831 0.406585 0.193186 0.244914 0.434944 0.513685 0.247257 0.374970
11.600000 0.052681 0.406106 0.193072 0.244685 0.434111 0.513820 0.247056 0.374272
11.800000 0.052831 0.405979 0.193264 0.244498 0.433108 0.513750 0.246907 0.373682
12.000000 0.052799 0.405718 0.193065 0.244224 0.432305 0.513757 0.246756 0.373073
12.200000 0.052765 0.405355 0.193319 0.243700 0.431272 0.513705 0.246444 0.372378
12.400000 0.052854 0.405241 0.193135 0.243835 0.430715 0.513499 0.246441 0.371687
12.600000 0.052782 0.404626 0.193129 0.243491 0.429262 0.513313 0.246246 0.370833
12.800000 0.052649 0.404316 0.193073 0.243341 0.428475 0.513494 0.246120 0.370203
13.000000 0.052794 0.404074 0.192947 0.243152 0.427893 0.513388 0.245897 0.369702
13.200000 0.052783 0.403715 0.193169 0.242767 0.427012 0.513407 0.245627 0.369161
13.400000 0.052772 0.403408 0.193006 0.242720 0.426333 0.513236 0.245518 0.368487
13.600000 0.052652 0.403205 0.192903 0.242514 0.425567 0.513176 0.245513 0.368168
13.800000 0.052759 0.403102 0.192946 0.242170 0.424945 0.513216 0.245187 0.367391
14.000000 0.052749 0.402597 0.192940 0.242113 0.424069 0.512875 0.245035 0.366716
14.200000 0.052726 0.402405 0.192826 0.241993 0.423296 0.512715 0.244819 0.366180
14.400000 0.052670 0.402147 0.192870 0.241735 0.422571 0.513108 0.244691 0.365551
14.600000 0.052722 0.401983 0.192925 0.241630 0.421853 0.512906 0.244499 0.365077
14.800000 0.052689 0.401495 0.192660 0.241526 0.421082 0.512775 0.244405 0.364487
15.000000 0.052711 0.401194 0.192789 0.241194 0.420238 0.512747 0.244101 0.363812
15.200000 0.052706 0.400872 0.192809 0.241050 0.419759 0.512744 0.244010 0.363403
15.400000 0.052544 0.400711 0.192726 0.240818 0.418874 0.512601 0.244092 0.362991
15.600000 0.052547 0.400389 0.192795 0.240709 0.418075 0.512546 0.243627 0.362262
15.800000 0.052491 0.400118 0.192658 0.240392 0.417204 0.512526 0.243453 0.361733
16.000000 0.052693 0.400019 0.192788 0.240254 0.416793 0.512554 0.242976 0.361018
16.200000 0.052698 0.399638 0.192656 0.240137 0.416100 0.512668 0.243366 0.360646
16.400000 0.052652 0.399370 0.192677 0.239786 0.415226 0.512317 0.243156 0.359983
16.600000 0.052651 0.399126 0.192562 0.239628 0.414460 0.512283 0.242875 0.359611
16.800000 0.052788 0.398630 0.192534 0.239388 0.413935 0.512390 0.242655 0.359163
17.000000 0.052589 0.398566 0.192587 0.239183 0.413057 0.512231 0.242603 0.358434
17.200000 0.052626 0.398334 0.192555 0.239124 0.412593 0.512146 0.242496 0.357970
17.400000 0.052605 0.398059 0.192416 0.239000 0.411794 0.512082 0.242163 0.357595
17.600000 0.052556 0.397695 0.192533 0.238619 0.411090 0.512052 0.242142 0.356925
17.800000 0.052589 0.397576 0.192435 0.238713 0.410435 0.511962 0.241705 0.356494
18.000000 0.052617 0.397241 0.192287 0.238392 0.409733 0.511985 0.241938 0.355908
18.200000 0.052599 0.397084 0.192565 0.238241 0.409100 0.511788 0.241708 0.355485
18.400000 0.052575 0.397022 0.192295 0.238168 0.408502 0.511981 0.241510 0.354915
18.600000 0.052423 0.396531 0.192437 0.237996 0.407768 0.511703 0.241468 0.354390
18.800000 0.052632 0.396310 0.192387 0.237840 0.407057 0.511835 0.241172 0.353857
19.000000 0.052592 0.396127 0.192112 0.237609 0.406263 0.511550 0.240968 0.353123
19.200000 0.052381 0.395932 0.192153 0.237367 0.405667 0.511475 0.240927 0.352767
19.400000 0.052540 0.395642 0.192279 0.237212 0.404964 0.511511 0.240696 0.352333
19.600000 0.052508 0.395262 0.192252 0.237005 0.404481 0.511621 0.240601 0.351735
19.800000 0.052547 0.394896 0.192177 0.236956 0.403730 0.511383 0.240310 0.351391
20.000000 0.052554 0.394753 0.192122 0.236773 0.403273 0.511367 0.240203 0.350871
20.200000 0.052550 0.394707 0.192242 0.236543 0.402433 0.511237 0.240116 0.350342
20.400000 0.052509 0.394303 0.192121 0.236473 0.401831 0.511242 0.239936 0.349925
20.600000 0.052509 0.394248 0.192149 0.236080 0.401317 0.511265 0.240013 0.349543
20.800000 0.052515 0.393930 0.191965 0.235978 0.400834 0.511192 0.239745 0.349023
21.000000 0.052477 0.393650 0.191999 0.235752 0.399937 0.511212 0.239706 0.348538
21.200000 0.052475 0.393490 0.192091 0.235704 0.399345 0.510937 0.239497 0.348128
21.400000 0.052472 0.393091 0.192179 0.235571 0.398915 0.510958 0.239180 0.347486
21.600000 0.052466 0.393044 0.191996 0.235436 0.398172 0.510992 0.239030 0.347129
21.800000 0.052592 0.392718 0.191996 0.235225 0.397775 0.510576 0.238977 0.346692
22.000000 0.052450 0.392551 0.191817 0.235083 0.396953 0.510859 0.238885 0.346035
22.200000 0.052431 0.392178 0.192044 0.234892 0.396516 0.510947 0.238684 0.345878
22.400000 0.052410 0.392026 0.191943 0.234746 0.395713 0.510258 0.238559 0.345406
22.600000 0.052449 0.391831 0.191766 0.234708 0.395237 0.510831 0.238493 0.344993
22.800000 0.052403 0.391797 0.191937 0.234485 0.394772 0.510667 0.238332 0.344494
23.000000 0.052389 0.391494 0.191900 0.195328 0.394139 0.510686 0.238297 0.344126
23.200000 0.052375 0.391088 0.191849 0.234149 0.393730 0.510463 0.237995 0.343513
23.400000 0.052415 0.390998 0.191953 0.234020 0.392984 0.510616 0.238027 0.343287
23.600000 0.052417 0.390709 0.191695 0.233896 0.392595 0.510321 0.237754 0.342715
23.800000 0.052393 0.390743 0.191911 0.233615 0.391988 0.510481 0.237617 0.342121
24.000000 0.052217 0.390173 0.191697 0.233622 0.391430 0.510337 0.237461 0.341952
24.200000 0.052416 0.390077 0.191750 0.233331 0.390805 0.510112 0.237129 0.341471
24.400000 0.052466 0.389936 0.191755 0.233413 0.390464 0.510202 0.237200 0.341331
24.600000 0.052386 0.389836 0.191717 0.233147 0.389679 0.510174 0.236972 0.340781
24.800000 0.052370 0.389642 0.191678 0.233089 0.389110 0.509952 0.236758 0.340213
25.000000 0.052400 0.389330 0.191800 0.232831 0.388675 0.510095 0.236738 0.339845
25.200000 0.052381 0.389246 0.191630 0.232553 0.387856 0.509881 0.236546 0.338993
25.400000 0.052387 0.388808 0.191643 0.232474 0.387384 0.509913 0.236474 0.338985
25.600000 0.052220 0.388555 0.191615 0.232378 0.386815 0.509508 0.236336 0.338506
25.800000 0.052322 0.388374 0.191533 0.232219 0.386342 0.509755 0.236108 0.338007
26.000000 0.052374 0.388192 0.191622 0.232059 0.385614 0.509762 0.235958 0.337529
26.200000 0.052193 0.388334 0.191441 0.232030 0.385252 0.509616 0.235905 0.337225
26.400000 0.052190 0.387756 0.191540 0.231897 0.384687 0.509670 0.235821 0.336911
26.600000 0.052488 0.387577 0.191374 0.231596 0.384346 0.509532 0.235634 0.336556
26.800000 0.052189 0.387502 0.191456 0.231621 0.383611 0.509369 0.235458 0.336028
27.000000 0.052310 0.387366 0.191567 0.231377 0.383286 0.509577 0.235541 0.335760
27.200000 0.052138 0.387002 0.191650 0.230909 0.382618 0.509400 0.235186 0.335238
27.400000 0.052297 0.386821 0.191427 0.230886 0.382102 0.509310 0.235162 0.334975
27.600000 0.052296 0.386703 0.191542 0.230910 0.381726 0.509329 0.235019 0.334539
27.800000 0.052301 0.386416 0.191361 0.230855 0.381241 0.509213 0.234959 0.334271
28.000000 0.052283 0.386391 0.191377 0.230625 0.380705 0.509082 0.234800 0.333885
28.200000 0.052282 0.386100 0.191075 0.230531 0.380386 0.509105 0.234685 0.333534
28.400000 0.052403 0.385975 0.191199 0.230467 0.379772 0.509110 0.234559 0.333219
28.600000 0.052254 0.385881 0.191259 0.230168 0.379250 0.508766 0.234398 0.332763
28.800000 0.052260 0.385502 0.191280 0.230134 0.378451 0.509026 0.234280 0.332314
29.000000 0.052235 0.385294 0.191200 0.230160 0.378127 0.508736 0.234123 0.331929
29.200000 0.052266 0.385204 0.191212 0.229899 0.377661 0.508747 0.234144 0.331740
29.400000 0.052297 0.385066 0.191106 0.229683 0.377317 0.508838 0.233905 0.331308
29.600000 0.052247 0.384784 0.191231 0.229681 0.376909 0.508646 0.233895 0.330998
29.800000 0.052258 0.384595 0.191086 0.229406 0.376435 0.508599 0.233695 0.330576
30.000000 0.052242 0.384575 0.191042 0.229383 0.375909 0.508444 0.233576 0.330268
30.200000 0.052250 0.384358 0.191032 0.229161 0.375396 0.508640 0.233344 0.329798
30.400000 0.052217 0.384178 0.191050 0.228943 0.375022 0.508466 0.233191 0.329449
30.600000 0.052191 0.384041 0.191116 0.228758 0.374244 0.508130 0.233245 0.329161
30.800000 0.052615 0.383766 0.191121 0.228965 0.374112 0.508422 0.233125 0.328857
31.000000 0.052992 0.383669 0.191049 0.228741 0.373563 0.508139 0.232912 0.328654
31.200000 0.054066 0.383499 0.191080 0.228959 0.373213 0.508217 0.232903 0.328228
31.400000 0.055103 0.383244 0.191102 0.228657 0.372993 0.508214 0.232732 0.328175
31.600000 0.056416 0.383143 0.191218 0.228668 0.373015 0.508196 0.232791 0.328084
31.800000 0.057930 0.383052 0.191104 0.228608 0.373372 0.508155 0.232580 0.328252
32.000000 0.059550 0.383114 0.191095 0.228589 0.374007 0.508165 0.232604 0.328895
32.200000 0.061080 0.383394 0.191201 0.228706 0.375103 0.508059 0.232841 0.329667
32.400000 0.062613 0.383728 0.191245 0.229145 0.376587 0.508217 0.232673 0.330665
32.600000 0.064281 0.384312 0.191289 0.229514 0.378647 0.508080 0.232657 0.332335
32.800000 0.065727 0.385141 0.191464 0.230147 0.381419 0.508111 0.232750 0.334138
33.000000 0.066857 0.386471 0.191554 0.230777 0.384219 0.508046 0.232825 0.336437
33.200000 0.068249 0.388138 0.191618 0.231706 0.387774 0.508059 0.232970 0.338879
33.400000 0.069343 0.390223 0.191844 0.232769 0.391727 0.508095 0.233101 0.341686
33.600000 0.070331 0.392975 0.191976 0.233826 0.396045 0.508267 0.233209 0.344729
33.800000 0.071193 0.395989 0.192282 0.235172 0.400564 0.508081 0.233459 0.348352
34.000000 0.071888 0.399838 0.192782 0.236603 0.405682 0.508180 0.233499 0.352076
34.200000 0.072718 0.404130 0.193326 0.238143 0.411062 0.508260 0.233632 0.355853
34.400000 0.073351 0.408977 0.193395 0.239846 0.416620 0.508243 0.233917 0.360411
34.600000 0.073866 0.414292 0.193833 0.241501 0.422245 0.508208 0.234198 0.364549
34.800000 0.074162 0.420035 0.194425 0.243307 0.428262 0.508238 0.234424 0.368794
35.000000 0.074776 0.426430 0.194712 0.245107 0.434561 0.508229 0.234733 0.374084
35.200000 0.075195 0.433149 0.195276 0.246940 0.440906 0.508346 0.234954 0.379089
35.400000 0.075485 0.439572 0.195751 0.248634 0.446809 0.508146 0.235164 0.383757
35.600000 0.075723 0.446255 0.196016 0.250492 0.452936 0.508239 0.235356 0.388579
35.800000 0.075934 0.453313 0.196391 0.252095 0.459424 0.508342 0.235691 0.393615
36.000000 0.076154 0.460502 0.196705 0.253766 0.465820 0.508363 0.235948 0.398586
36.200000 0.076308 0.468056 0.197232 0.255479 0.472267 0.508505 0.236143 0.403764
36.400000 0.076488 0.475739 0.197333 0.257312 0.478886 0.508462 0.236329 0.409122
36.600000 0.076640 0.483477 0.197908 0.259058 0.485632 0.508656 0.236815 0.414323
36.800000 0.076734 0.491341 0.198382 0.260722 0.492350 0.508463 0.237002 0.419922
37.000000 0.076904 0.499250 0.198646 0.262313 0.498915 0.508676 0.237171 0.425190
37.200000 0.076971 0.546743 0.199240 0.264160 0.506628 0.508652 0.237578 0.431886
37.400000 0.076921 0.519168 0.199510 0.266268 0.515676 0.508800 0.238010 0.438982
37.600000 0.076908 0.527335 0.199981 0.267957 0.522565 0.508686 0.238064 0.444595
37.800000 0.077109 0.535521 0.200166 0.269512 0.529350 0.509027 0.238378 0.450139
38.000000 0.077142 0.543678 0.200467 0.271117 0.536209 0.508890 0.238645 0.456076
38.200000 0.077071 0.552177 0.200853 0.272633 0.543240 0.509002 0.238978 0.461726
38.400000 0.077350 0.560168 0.201412 0.274079 0.550280 0.509139 0.239199 0.467462
38.600000 0.077267 0.568377 0.201670 0.275784 0.557348 0.509036 0.239505 0.473296
38.800000 0.077243 0.576592 0.201793 0.277180 0.564130 0.508938 0.239944 0.478970
39.000000 0.077060 0.584280 0.202117 0.278660 0.571215 0.509090 0.240027 0.484766
39.200000 0.077237 0.592473 0.202388 0.280219 0.578111 0.509242 0.240414 0.490530
39.400000 0.077359 0.600177 0.202761 0.281591 0.584987 0.509293 0.240572 0.496131
39.600000 0.077303 0.608130 0.203167 0.283067 0.591912 0.509397 0.241060 0.501716
39.800000 0.077353 0.615816 0.203273 0.284566 0.598773 0.509429 0.241101 0.507368
40.000000 0.077276 0.623039 0.203780 0.285948 0.605859 0.509449 0.241472 0.513119
40.200000 0.077233 0.630863 0.203972 0.287337 0.612751 0.509549 0.241804 0.518840
40.400000 0.077108 0.638162 0.204270 0.288575 0.619724 0.509556 0.242149 0.524483
40.600000 0.077252 0.645675 0.204331 0.290122 0.626693 0.509612 0.242325 0.530214
40.800000 0.077226 0.652696 0.204858 0.291439 0.633736 0.509552 0.242658 0.535698
41.000000 0.077248 0.659508 0.205028 0.292785 0.640676 0.509770 0.243019 0.541319
41.200000 0.077245 0.666257 0.205346 0.294141 0.647291 0.509912 0.243369 0.546694
41.400000 0.077238 0.673186 0.205592 0.295423 0.654396 0.509916 0.243534 0.552241
41.600000 0.077070 0.679609 0.205861 0.296895 0.661138 0.510092 0.243883 0.557773
41.800000 0.077335 0.685900 0.206124 0.298048 0.668024 0.509986 0.244140 0.563133
42.000000 0.077205 0.692109 0.206343 0.299372 0.674511 0.510056 0.244383 0.568490
42.200000 0.077170 0.698004 0.206718 0.300453 0.681119 0.510030 0.244705 0.573509
42.400000 0.077149 0.703676 0.206782 0.301729 0.687453 0.510211 0.244936 0.578813
42.600000 0.077165 0.709313 0.207158 0.302960 0.694076 0.510171 0.245289 0.583975
42.800000 0.077174 0.714654 0.207348 0.304320 0.700656 0.510388 0.245622 0.589235
43.000000 0.077155 0.719953 0.207577 0.305515 0.706852 0.510401 0.245891 0.594039
43.200000 0.077154 0.724803 0.207704 0.306671 0.713304 0.510383 0.246229 0.599053
43.400000 0.077162 0.729860 0.208058 0.307922 0.719321 0.510457 0.246533 0.604015
43.600000 0.077063 0.734727 0.208265 0.309086 0.726023 0.510705 0.246742 0.609626
43.800000 0.077144 0.741100 0.208573 0.310710 0.734121 0.510457 0.247160 0.615654
44.000000 0.077100 0.745479 0.208607 0.311593 0.740169 0.510633 0.247459 0.620539
44.200000 0.077118 0.749428 0.208917 0.312808 0.745896 0.510655 0.247794 0.625122
44.400000 0.077099 0.753189 0.208981 0.313922 0.751487 0.510757 0.248049 0.629497
44.600000 0.077100 0.757120 0.209497 0.315146 0.757128 0.510851 0.248340 0.633846
44.800000 0.077084 0.760790 0.209453 0.316197 0.762565 0.510811 0.248576 0.638191
45.000000 0.077099 0.764293 0.209564 0.317102 0.768021 0.510867 0.248969 0.642659
45.200000 0.077091 0.767478 0.209898 0.318409 0.773441 0.510941 0.249249 0.646902
45.400000 0.077036 0.770816 0.210018 0.319426 0.778602 0.511213 0.249336 0.650960
45.600000 0.077013 0.773645 0.210092 0.320579 0.783826 0.511158 0.249659 0.655156
45.800000 0.077023 0.776592 0.210344 0.321424 0.788713 0.511139 0.250230 0.659037
46.000000 0.077050 0.779277 0.210450 0.322502 0.793690 0.511113 0.250344 0.663017
46.200000 0.077033 0.782084 0.210870 0.323452 0.798360 0.511193 0.250700 0.666676
46.400000 0.077026 0.784512 0.210773 0.324270 0.803143 0.511367 0.250833 0.670770
46.600000 0.076904 0.787140 0.210951 0.325326 0.807751 0.511215 0.251206 0.674518
46.800000 0.077004 0.788978 0.211142 0.326396 0.812527 0.511385 0.251437 0.678175
47.000000 0.076996 0.791606 0.211320 0.327336 0.816666 0.511562 0.251688 0.681902
47.200000 0.076920 0.793702 0.211432 0.328339 0.821016 0.511437 0.251979 0.685291
47.400000 0.076969 0.795873 0.211633 0.329250 0.825571 0.511623 0.252309 0.688651
47.600000 0.076947 0.797600 0.211740 0.330094 0.829629 0.511561 0.252538 0.692288
47.800000 0.076904 0.799634 0.211919 0.331062 0.833720 0.511697 0.252793 0.695565
48.000000 0.076779 0.801289 0.212026 0.332124 0.837967 0.511820 0.253122 0.698894
48.200000 0.076882 0.803359 0.212024 0.333064 0.841884 0.511905 0.253327 0.701931
48.400000 0.077055 0.804674 0.212175 0.333929 0.845749 0.511891 0.253539 0.705174
48.600000 0.076898 0.806276 0.212321 0.334746 0.849519 0.511963 0.253844 0.708231
48.800000 0.076852 0.807768 0.212438 0.335633 0.853253 0.511814 0.254131 0.711073
49.000000 0.076755 0.809072 0.212591 0.336543 0.856667 0.511990 0.254365 0.714179
49.200000 0.076842 0.810578 0.212726 0.337280 0.860204 0.512099 0.254856 0.717046
49.400000 0.076875 0.811650 0.212757 0.338215 0.863572 0.512123 0.254885 0.719715
49.600000 0.076897 0.812826 0.213006 0.338743 0.866780 0.512168 0.255148 0.722247
49.800000 0.076848 0.814095 0.213087 0.339874 0.870142 0.512085 0.255584 0.725232
50.000000 0.076839 0.815395 0.213174 0.340856 0.873606 0.512379 0.255979 0.728210
50.200000 0.076829 0.816585 0.213302 0.341685 0.877408 0.512471 0.256078 0.731343
50.400000 0.076780 0.817444 0.213367 0.342682 0.880677 0.512432 0.256440 0.733667
50.600000 0.076802 0.818578 0.213593 0.343545 0.883589 0.512558 0.256280 0.736196
50.800000 0.076814 0.819693 0.213484 0.344160 0.886509 0.512641 0.256937 0.738546
51.000000 0.076683 0.819901 0.213447 0.344688 0.888999 0.512509 0.256960 0.740612
51.200000 0.076712 0.821094 0.213614 0.345852 0.892242 0.512536 0.257325 0.743346
51.400000 0.076640 0.821896 0.213636 0.346928 0.895841 0.512484 0.257611 0.745764
51.600000 0.076903 0.822925 0.214192 0.347673 0.898410 0.512908 0.258111 0.748478
51.800000 0.076771 0.823817 0.214306 0.348617 0.901042 0.513003 0.258355 0.750600
52.000000 0.076747 0.824345 0.214177 0.349407 0.903523 0.512973 0.258625 0.752454
52.200000 0.076715 0.824813 0.214378 0.349895 0.905733 0.512876 0.258887 0.754613
52.400000 0.076665 0.825201 0.214255 0.350679 0.908063 0.513083 0.259091 0.756475
52.600000 0.076714 0.826187 0.214468 0.351512 0.910342 0.513257 0.259454 0.758413
52.800000 0.076725 0.826680 0.214584 0.352194 0.912675 0.513302 0.259619 0.759825
53.000000 0.076699 0.827214 0.214801 0.352814 0.914760 0.513231 0.259866 0.761965
53.200000 0.076673 0.827691 0.214720 0.353696 0.916641 0.513178 0.260144 0.763583
53.400000 0.076559 0.828041 0.214793 0.354278 0.918783 0.513206 0.260352 0.765503
53.600000 0.076683 0.828590 0.214974 0.355006 0.920986 0.513408 0.260683 0.766952
53.800000 0.076675 0.828940 0.215000 0.355825 0.922717 0.513468 0.260896 0.768512
54.000000 0.076643 0.829308 0.215145 0.356343 0.924793 0.513499 0.261027 0.770175
54.200000 0.076669 0.829834 0.215099 0.357062 0.926768 0.513430 0.261356 0.771338
54.400000 0.076655 0.830127 0.215156 0.357868 0.928415 0.513616 0.261608 0.773468
54.600000 0.076690 0.830456 0.215152 0.358529 0.930261 0.513485 0.261543 0.774809
54.800000 0.076599 0.830749 0.215432 0.359082 0.931885 0.513613 0.262123 0.776258
55.000000 0.076669 0.830985 0.215447 0.359744 0.933615 0.513620 0.262349 0.777512
55.200000 0.076616 0.831179 0.215604 0.360352 0.935287 0.513804 0.262726 0.778883
55.400000 0.076606 0.831518 0.215507 0.360897 0.936694 0.513839 0.262797 0.780032
55.600000 0.076615 0.831748 0.215635 0.361486 0.938385 0.513954 0.263198 0.781220
55.800000 0.076614 0.832034 0.215473 0.362095 0.939775 0.513995 0.263238 0.782749
56.000000 0.076611 0.832269 0.215363 0.362765 0.941280 0.513924 0.263641 0.783784
56.200000 0.076576 0.832218 0.215570 0.363557 0.943052 0.513951 0.263807 0.785261
56.400000 0.076584 0.832756 0.215955 0.364273 0.944603 0.514088 0.264021 0.786556
56.600000 0.076517 0.832877 0.216060 0.364842 0.945956 0.514242 0.264288 0.787398
56.800000 0.076530 0.833074 0.216017 0.365487 0.947008 0.514342 0.264444 0.788532
57.000000 0.076538 0.833143 0.216030 0.365953 0.948343 0.514307 0.264788 0.789631
57.200000 0.076488 0.833203 0.216076 0.366462 0.949491 0.514307 0.264989 0.790627
57.400000 0.076494 0.833328 0.216174 0.367189 0.950896 0.514513 0.265254 0.791774
57.600000 0.076525 0.833466 0.216339 0.367867 0.952130 0.514442 0.265352 0.792574
57.800000 0.076523 0.833786 0.216325 0.368202 0.953159 0.514437 0.265608 0.793347
58.000000 0.076493 0.833764 0.216310 0.368698 0.954282 0.514602 0.265928 0.794433
58.200000 0.076346 0.833769 0.216365 0.369493 0.955216 0.514650 0.266137 0.795304
58.400000 0.076451 0.833835 0.216217 0.370163 0.956442 0.514575 0.266143 0.796063
58.600000 0.076401 0.834078 0.216370 0.370594 0.957621 0.514748 0.266449 0.797077
58.800000 0.076429 0.834090 0.216411 0.371176 0.958479 0.514762 0.266809 0.797774
59.000000 0.076393 0.834192 0.216469 0.371409 0.959471 0.514795 0.266948 0.798395
59.200000 0.076444 0.834113 0.216640 0.372183 0.960042 0.514812 0.267147 0.799199
59.400000 0.076295 0.834255 0.216562 0.372667 0.961341 0.515020 0.267426 0.799965
59.600000 0.076427 0.834285 0.216789 0.373218 0.962160 0.515032 0.267627 0.800758
59.800000 0.076390 0.834092 0.216681 0.373677 0.963031 0.515025 0.267774 0.801340
60.000000 0.076383 0.834433 0.216783 0.374215 0.964151 0.514996 0.268073 0.802279
60.200000 0.076391 0.834289 0.216805 0.374501 0.964891 0.515168 0.268142 0.802809
60.400000 0.076441 0.834357 0.216688 0.375274 0.965752 0.515032 0.268486 0.803664
60.600000 0.076399 0.834407 0.216860 0.375804 0.966628 0.515271 0.268620 0.804238
60.800000 0.076396 0.834608 0.216917 0.376367 0.967323 0.515134 0.268863 0.804898
61.000000 0.076351 0.834499 0.216834 0.376836 0.968107 0.515177 0.269097 0.805481
61.200000 0.076363 0.834484 0.217028 0.377300 0.968673 0.515428 0.269167 0.805835
61.400000 0.076340 0.834502 0.217029 0.377743 0.969632 0.515466 0.269533 0.806477
61.600000 0.076326 0.834411 0.217128 0.378128 0.970283 0.515372 0.269719 0.807124
61.800000 0.076311 0.834395 0.216849 0.378731 0.971086 0.515539 0.269946 0.807793
62.000000 0.076303 0.834431 0.217084 0.379238 0.971679 0.515579 0.270131 0.808193
62.200000 0.076348 0.834280 0.217240 0.379731 0.972461 0.515696 0.270433 0.808819
62.400000 0.076159 0.834254 0.217437 0.380355 0.973305 0.515784 0.270781 0.809470
62.600000 0.076289 0.834336 0.217399 0.380726 0.973901 0.515757 0.270784 0.809807
62.800000 0.076303 0.834108 0.217135 0.381182 0.974365 0.515807 0.270890 0.810316
63.000000 0.076313 0.834283 0.217408 0.381712 0.975069 0.515879 0.271249 0.810963
63.200000 0.076149 0.834333 0.217391 0.382123 0.975512 0.515755 0.271421 0.811228
63.400000 0.076172 0.833979 0.217419 0.382654 0.976152 0.515924 0.271577 0.811649
63.600000 0.076281 0.834136 0.217411 0.383081 0.976564 0.515980 0.271781 0.811938
63.800000 0.076250 0.834016 0.217461 0.383453 0.977350 0.515925 0.272020 0.812608
64.000000 0.076303 0.834110 0.217585 0.383846 0.977736 0.515934 0.272165 0.812930
64.200000 0.076300 0.833773 0.217503 0.384417 0.978431 0.516185 0.272349 0.813382
64.400000 0.076171 0.834001 0.217577 0.384933 0.978601 0.516099 0.272402 0.813549
64.600000 0.076274 0.833896 0.217511 0.385218 0.979244 0.516222 0.272741 0.814144
64.800000 0.076209 0.833798 0.217610 0.385602 0.979856 0.516241 0.272914 0.814487
65.000000 0.076257 0.833789 0.217654 0.385910 0.980019 0.516298 0.272840 0.814667
65.200000 0.076244 0.834024 0.217702 0.386559 0.980739 0.516436 0.273364 0.815231
65.400000 0.076248 0.833680 0.217731 0.386900 0.980775 0.516290 0.273448 0.815454
65.600000 0.076255 0.833610 0.217704 0.387375 0.981481 0.516478 0.273681 0.815792
65.800000 0.076262 0.833651 0.217661 0.387733 0.981929 0.516651 0.273770 0.816191
66.000000 0.076237 0.833637 0.217769 0.388210 0.982486 0.516637 0.274001 0.816268
66.200000 0.076186 0.833600 0.217878 0.388502 0.982738 0.516660 0.274327 0.816726
66.400000 0.076081 0.833338 0.217940 0.388905 0.983167 0.516528 0.274260 0.816952
66.600000 0.076255 0.833694 0.217847 0.389347 0.983319 0.516675 0.274534 0.817342
66.800000 0.076218 0.833576 0.217814 0.389748 0.983802 0.516766 0.274782 0.817659
67.000000 0.076203 0.833247 0.218043 0.390012 0.984173 0.516704 0.274909 0.817739
67.200000 0.076206 0.833405 0.217984 0.390485 0.984444 0.516741 0.275059 0.818077
67.400000 0.076162 0.833238 0.217973 0.390802 0.984654 0.516884 0.275180 0.818326
67.600000 0.076199 0.833274 0.218022 0.391285 0.985173 0.516926 0.275520 0.818539
67.800000 0.076199 0.833198 0.218142 0.391690 0.985277 0.516891 0.275599 0.818706
68.000000 0.076178 0.833196 0.218142 0.392135 0.985761 0.517038 0.275735 0.818992
68.200000 0.076287 0.833051 0.218088 0.392444 0.986309 0.517122 0.275958 0.819334
68.400000 0.076174 0.833037 0.217932 0.392675 0.986344 0.517082 0.276091 0.819466
68.600000 0.076008 0.832898 0.218144 0.393347 0.986669 0.517125 0.276226 0.819820
68.800000 0.076097 0.832777 0.217934 0.393581 0.986611 0.517209 0.276531 0.819860
69.000000 0.075992 0.832641 0.218148 0.393834 0.987372 0.517420 0.276554 0.820106
69.200000 0.076146 0.832585 0.218152 0.394179 0.987625 0.517299 0.276684 0.820348
69.400000 0.076107 0.832661 0.218253 0.394673 0.987717 0.517216 0.277090 0.820558
69.600000 0.076137 0.832524 0.218133 0.394957 0.988078 0.517405 0.277221 0.820709
69.800000 0.076088 0.832673 0.218263 0.395227 0.988258 0.517455 0.277118 0.820741
70.000000 0.076084 0.832429 0.218273 0.395655 0.988539 0.517471 0.277289 0.820930
70.200000 0.076088 0.832296 0.218314 0.395973 0.988727 0.517605 0.277417 0.821196
70.400000 0.075933 0.832395 0.218493 0.396372 0.989186 0.517662 0.277587 0.821418
70.600000 0.076076 0.832348 0.218221 0.396717 0.989076 0.517671 0.278031 0.821487
70.800000 0.076073 0.832312 0.218329 0.396885 0.989343 0.517642 0.277921 0.821609
71.000000 0.076041 0.832057 0.218426 0.397338 0.989520 0.517687 0.278066 0.821800
71.200000 0.076092 0.832082 0.218391 0.397633 0.989779 0.517801 0.278331 0.821821
71.400000 0.076106 0.832031 0.218225 0.398027 0.989976 0.517844 0.278333 0.822104
71.600000 0.076076 0.831938 0.218304 0.398139 0.990011 0.517742 0.278578 0.822023
71.800000 0.076119 0.831695 0.218467 0.398757 0.990301 0.517971 0.278752 0.822303
72.000000 0.076135 0.831478 0.218423 0.398985 0.990384 0.517781 0.278927 0.822188
72.200000 0.076044 0.831742 0.218434 0.399208 0.990752 0.517897 0.278997 0.822672
72.400000 0.076039 0.831686 0.218551 0.399689 0.990957 0.518087 0.279245 0.822747
72.600000 0.076024 0.831414 0.218565 0.400025 0.990913 0.518166 0.279536 0.822868
72.800000 0.075920 0.831567 0.218385 0.400316 0.991070 0.518150 0.279655 0.822842
73.000000 0.076019 0.831437 0.218572 0.400645 0.991405 0.518136 0.279808 0.822961
73.200000 0.075971 0.831202 0.218613 0.400860 0.991431 0.518283 0.279890 0.823009
73.400000 0.076023 0.831293 0.218596 0.401225 0.991662 0.518224 0.279897 0.823135
73.600000 0.076136 0.831075 0.218598 0.401588 0.991591 0.518310 0.280058 0.823063
73.800000 0.076018 0.831030 0.218695 0.401861 0.991923 0.518397 0.280296 0.823439
74.000000 0.076015 0.830857 0.218627 0.401951 0.991947 0.518360 0.280414 0.823668
74.200000 0.075896 0.830783 0.218759 0.402480 0.992110 0.518419 0.280689 0.823626
74.400000 0.076004 0.830774 0.218575 0.402828 0.991877 0.518586 0.280886 0.823581
74.600000 0.076011 0.830801 0.218554 0.402911 0.992426 0.518590 0.280921 0.823649
74.800000 0.076046 0.830753 0.218685 0.403371 0.992506 0.518553 0.280953 0.823944
75.000000 0.076040 0.830336 0.218775 0.403656 0.992442 0.518612 0.281194 0.823893
75.200000 0.075840 0.830233 0.218731 0.403986 0.992732 0.518668 0.281341 0.824109
75.400000 0.075843 0.830467 0.218827 0.404232 0.992830 0.518590 0.281419 0.823986
75.600000 0.076023 0.830482 0.218666 0.404606 0.992738 0.518832 0.281655 0.824168
75.800000 0.076010 0.830250 0.218936 0.404956 0.993034 0.518851 0.281699 0.824128
76.000000 0.075969 0.830234 0.218841 0.405017 0.992974 0.518854 0.281836 0.824316
76.200000 0.075849 0.830288 0.218886 0.405294 0.993168 0.518832 0.282000 0.824363
76.400000 0.076032 0.830339 0.218899 0.405858 0.993413 0.518940 0.282110 0.824314
76.600000 0.076025 0.830184 0.218838 0.405974 0.993483 0.518842 0.282180 0.824408
76.800000 0.075963 0.829849 0.218833 0.406307 0.993629 0.519086 0.282447 0.824456
77.000000 0.076025 0.830052 0.219091 0.406581 0.993462 0.519085 0.282712 0.824645
77.200000 0.076008 0.830181 0.218812 0.406775 0.993573 0.519133 0.282685 0.824583
77.400000 0.076013 0.829984 0.219080 0.406957 0.993868 0.519105 0.282780 0.824598
77.600000 0.075840 0.829897 0.219231 0.407156 0.993744 0.519242 0.282772 0.824735
77.800000 0.076007 0.829894 0.219051 0.407645 0.994091 0.519325 0.282989 0.824910
78.000000 0.075852 0.829855 0.218877 0.407720 0.994084 0.519295 0.283214 0.824865
78.200000 0.075852 0.829678 0.219033 0.408078 0.994079 0.519385 0.283191 0.824988
78.400000 0.075843 0.829454 0.219055 0.408223 0.994040 0.519367 0.283464 0.824782
78.600000 0.076017 0.829402 0.219064 0.408596 0.994229 0.519267 0.283511 0.825024
78.800000 0.075964 0.829741 0.219079 0.408860 0.994175 0.519533 0.283647 0.824866
79.000000 0.076006 0.829707 0.219118 0.409173 0.994321 0.519582 0.283672 0.825046
79.200000 0.075980 0.829597 0.218923 0.409520 0.994469 0.519536 0.283862 0.825082
79.400000 0.075838 0.829581 0.219049 0.409638 0.994421 0.519553 0.284042 0.825169
79.600000 0.075959 0.829377 0.218966 0.409737 0.994613 0.519435 0.284268 0.825152
79.800000 0.075927 0.829349 0.218991 0.409936 0.994524 0.519633 0.284225 0.825200
80.000000 0.075904 0.829215 0.219175 0.410314 0.994632 0.519837 0.284296 0.825245
80.200000 0.075937 0.829191 0.219213 0.410692 0.994852 0.519722 0.284458 0.825265
80.400000 0.075935 0.829260 0.219399 0.410921 0.994375 0.519627 0.284612 0.825184
80.600000 0.075977 0.829013 0.219013 0.410775 0.994712 0.519718 0.284761 0.825407
80.800000 0.075877 0.829145 0.219027 0.411274 0.994684 0.519978 0.284880 0.825306
81.000000 0.075905 0.828781 0.219148 0.411676 0.994827 0.519884 0.284969 0.825437
81.200000 0.075907 0.829134 0.219269 0.411984 0.994799 0.520126 0.285110 0.825444
81.400000 0.075903 0.828832 0.219145 0.411875 0.994741 0.519973 0.285076 0.825315
81.600000 0.075932 0.828812 0.219223 0.412114 0.994804 0.519884 0.285333 0.825340
81.800000 0.075919 0.828809 0.219213 0.412301 0.994793 0.520166 0.285354 0.825204
82.000000 0.075910 0.828836 0.219300 0.412891 0.994976 0.520163 0.285447 0.825474
82.200000 0.075893 0.828576 0.219328 0.412811 0.994894 0.520106 0.285642 0.825458
82.400000 0.075870 0.828571 0.219349 0.413135 0.994653 0.520152 0.285665 0.825263
82.600000 0.075850 0.828505 0.219305 0.413092 0.994892 0.520068 0.285755 0.825422
82.800000 0.075684 0.828315 0.219192 0.413476 0.994809 0.520180 0.285869 0.825402
83.000000 0.075887 0.828296 0.219387 0.413526 0.994840 0.520256 0.286045 0.825306
83.200000 0.075929 0.828306 0.219398 0.413894 0.994906 0.520472 0.285957 0.825345
83.400000 0.075929 0.828390 0.219410 0.414050 0.994963 0.520206 0.286067 0.825362
83.600000 0.075687 0.828240 0.219325 0.413985 0.994834 0.520442 0.286220 0.825465
83.800000 0.075910 0.828236 0.219334 0.414401 0.995151 0.520371 0.286372 0.825428
84.000000 0.075883 0.827944 0.219373 0.414591 0.994983 0.520332 0.286450 0.825317
84.200000 0.075941 0.827828 0.219452 0.414887 0.994741 0.520235 0.286450 0.825431
84.400000 0.075856 0.827975 0.219488 0.415073 0.995044 0.520569 0.286631 0.825356
84.600000 0.075884 0.828024 0.219232 0.415114 0.995046 0.520638 0.286746 0.825366
84.800000 0.075828 0.828089 0.219554 0.415492 0.994781 0.520555 0.286843 0.825019
85.000000 0.075760 0.827612 0.219397 0.415413 0.994933 0.520382 0.286815 0.825309
85.200000 0.075695 0.827877 0.219358 0.415700 0.995061 0.520687 0.286909 0.825387
85.400000 0.075985 0.827668 0.219473 0.416106 0.995045 0.520762 0.287140 0.825415
85.600000 0.075860 0.827747 0.219425 0.416226 0.995053 0.520622 0.287227 0.825336
85.800000 0.075688 0.827714 0.219553 0.416303 0.994932 0.520713 0.287286 0.825430
86.000000 0.075850 0.827728 0.219510 0.416640 0.995034 0.520695 0.287443 0.825197
86.200000 0.075688 0.827546 0.219508 0.416616 0.995295 0.520700 0.287593 0.825611
86.400000 0.075843 0.827500 0.219432 0.416982 0.995233 0.520896 0.287579 0.825548
86.600000 0.075958 0.827622 0.219503 0.417081 0.995076 0.520879 0.287679 0.825338
86.800000 0.075864 0.827474 0.219499 0.417229 0.995227 0.520923 0.287682 0.825437
87.000000 0.075953 0.827519 0.219694 0.417592 0.995210 0.520943 0.287860 0.825605
87.200000 0.075822 0.827245 0.219426 0.417732 0.995267 0.520967 0.287845 0.825360
87.400000 0.075876 0.827471 0.219625 0.418089 0.995240 0.521094 0.288062 0.825653
87.600000 0.075699 0.827156 0.219724 0.418104 0.994955 0.521002 0.288224 0.825229
87.800000 0.075973 0.827177 0.219629 0.418245 0.994924 0.520991 0.288274 0.825449
88.000000 0.075791 0.827292 0.219669 0.418337 0.995112 0.521199 0.288269 0.825303
88.200000 0.075810 0.827319 0.219691 0.418659 0.995044 0.521343 0.288271 0.825333
88.400000 0.075586 0.827103 0.219692 0.418745 0.994646 0.521147 0.288398 0.825324
88.600000 0.075807 0.827326 0.219592 0.419072 0.995275 0.521392 0.288681 0.825545
88.800000 0.075704 0.827011 0.219637 0.419107 0.995161 0.521290 0.288419 0.825406
89.000000 0.075978 0.826898 0.219840 0.419290 0.995156 0.521241 0.288656 0.825266
89.200000 0.075692 0.826812 0.219718 0.419342 0.995172 0.521534 0.288848 0.825397
89.400000 0.075827 0.826734 0.219872 0.419480 0.995068 0.521271 0.288706 0.825213
89.600000 0.075881 0.826786 0.219660 0.419886 0.994922 0.521421 0.288856 0.825240
89.800000 0.075798 0.826855 0.219774 0.419777 0.995025 0.521464 0.288981 0.825294
90.000000 0.075760 0.826745 0.219805 0.419942 0.995140 0.521552 0.289120 0.825346
