0.200000 0.053768 0.435063 0.196226 0.268571 0.516750 0.513580 0.265000 0.437585
0.400000 0.053701 0.433891 0.195878 0.267670 0.513979 0.513189 0.264360 0.435457
0.600000 0.053535 0.433323 0.195674 0.267253 0.512493 0.513276 0.264279 0.434293
0.800000 0.053518 0.432620 0.195633 0.266993 0.511101 0.513071 0.263939 0.433136
1.000000 0.053544 0.432210 0.195753 0.266521 0.509645 0.513076 0.263698 0.432265
1.200000 0.053495 0.431693 0.195872 0.266167 0.508148 0.512820 0.263426 0.431138
1.400000 0.053512 0.431129 0.195736 0.265765 0.506858 0.512905 0.263199 0.429916
1.600000 0.053470 0.430628 0.195591 0.265471 0.505475 0.512809 0.263005 0.428901
1.800000 0.053548 0.430010 0.195509 0.265051 0.504000 0.512797 0.262536 0.427839
2.000000 0.053473 0.429649 0.195520 0.264695 0.502917 0.512759 0.262473 0.426848
2.200000 0.053433 0.428966 0.195488 0.264227 0.501300 0.512561 0.262339 0.425742
2.400000 0.053411 0.428571 0.195449 0.263861 0.499944 0.512653 0.262099 0.424711
2.600000 0.053266 0.428123 0.195343 0.263662 0.498448 0.512555 0.261920 0.423715
2.800000 0.053408 0.427686 0.234231 0.263364 0.497243 0.512419 0.261609 0.422652
3.000000 0.053505 0.427159 0.195223 0.263022 0.496112 0.512443 0.261242 0.421710
3.200000 0.053369 0.426668 0.195250 0.262672 0.494676 0.512250 0.261140 0.420448
3.400000 0.053353 0.426304 0.195160 0.262218 0.493389 0.512495 0.260947 0.419747
3.600000 0.053334 0.425748 0.195069 0.261803 0.491899 0.512229 0.260634 0.418545
3.800000 0.053347 0.425125 0.195083 0.261555 0.490990 0.512128 0.260616 0.417724
4.000000 0.053165 0.424914 0.195032 0.261114 0.489424 0.511945 0.260218 0.416727
4.200000 0.053337 0.424388 0.195042 0.260817 0.488354 0.511997 0.260125 0.415673
4.400000 0.053290 0.423918 0.194888 0.260472 0.486798 0.511959 0.259806 0.414792
4.600000 0.053312 0.423403 0.194725 0.260261 0.485595 0.511941 0.259692 0.413761
4.800000 0.053272 0.423061 0.194891 0.259815 0.484338 0.511814 0.259358 0.412816
5.000000 0.053111 0.422402 0.194882 0.259530 0.483177 0.511916 0.258979 0.411902
5.200000 0.053279 0.422132 0.194840 0.259139 0.482073 0.511769 0.258840 0.411028
5.400000 0.053108 0.421612 0.194771 0.258907 0.480697 0.511734 0.258523 0.409883
5.600000 0.053266 0.421188 0.194750 0.258449 0.479597 0.511736 0.258275 0.409175
5.800000 0.053233 0.420737 0.194758 0.258119 0.478211 0.511711 0.258058 0.408294
6.000000 0.053200 0.420261 0.194675 0.257916 0.477176 0.511653 0.257974 0.407139
6.200000 0.053209 0.419931 0.194645 0.257576 0.475928 0.511594 0.257760 0.406429
6.400000 0.053186 0.419505 0.194690 0.257370 0.474805 0.511624 0.257567 0.405305
6.600000 0.053333 0.418800 0.194498 0.256953 0.473376 0.511420 0.257123 0.404410
6.800000 0.053188 0.418469 0.194411 0.256550 0.472258 0.511351 0.256864 0.403587
7.000000 0.053175 0.418115 0.194417 0.256237 0.470990 0.511568 0.256943 0.402618
7.200000 0.053138 0.417551 0.194330 0.255960 0.469878 0.511183 0.256586 0.401701
7.400000 0.053183 0.417308 0.194262 0.255632 0.429784 0.511293 0.256368 0.400546
7.600000 0.053129 0.416736 0.194349 0.255307 0.467540 0.511078 0.256162 0.400080
7.800000 0.053003 0.416495 0.194267 0.255046 0.466521 0.511084 0.255806 0.399210
8.000000 0.052989 0.416017 0.194310 0.254881 0.465280 0.511090 0.255685 0.398395
8.200000 0.052948 0.415728 0.194110 0.254375 0.464145 0.510942 0.255443 0.397478
8.400000 0.053130 0.415471 0.194089 0.254355 0.463015 0.510792 0.255187 0.396699
8.600000 0.052975 0.414743 0.194140 0.253988 0.461922 0.510897 0.255043 0.395859
8.800000 0.053071 0.414401 0.194109 0.253456 0.461012 0.510996 0.254803 0.394993
9.000000 0.053089 0.414171 0.194029 0.253205 0.459769 0.510834 0.254400 0.394247
9.200000 0.053065 0.413687 0.193986 0.252976 0.458975 0.510691 0.254374 0.393470
9.400000 0.053012 0.413265 0.193940 0.252892 0.457887 0.510676 0.254101 0.392554
9.600000 0.053057 0.413042 0.194010 0.252399 0.456944 0.510655 0.253994 0.391871
9.800000 0.053008 0.412660 0.194071 0.252243 0.455821 0.510669 0.253716 0.391070
10.000000 0.053032 0.412263 0.193815 0.252222 0.454749 0.510488 0.253458 0.390447
10.200000 0.052809 0.411869 0.193808 0.251728 0.453692 0.510272 0.253290 0.389420
10.400000 0.053000 0.411541 0.193886 0.251405 0.452640 0.510321 0.253083 0.388688
10.600000 0.053017 0.411084 0.193795 0.251053 0.451668 0.510370 0.252860 0.388135
10.800000 0.052989 0.410878 0.193895 0.250911 0.450851 0.510238 0.252714 0.387136
11.000000 0.052971 0.410513 0.193745 0.250699 0.449686 0.510158 0.252494 0.386494
11.200000 0.052955 0.410137 0.193763 0.250253 0.448864 0.510197 0.252366 0.385759
11.400000 0.052951 0.409699 0.193589 0.249973 0.447875 0.510131 0.252041 0.384890
11.600000 0.052805 0.409542 0.193586 0.250023 0.446935 0.510057 0.251827 0.384356
11.800000 0.052905 0.409132 0.193685 0.249618 0.445870 0.509981 0.251640 0.383456
12.000000 0.052920 0.408747 0.193616 0.249432 0.444864 0.509926 0.251417 0.382816
12.200000 0.052921 0.408422 0.193563 0.249110 0.444119 0.509583 0.251199 0.382151
12.400000 0.052940 0.408146 0.193620 0.248849 0.443091 0.509867 0.251143 0.381340
12.600000 0.052912 0.407425 0.193445 0.248498 0.441898 0.509524 0.250801 0.380533
12.800000 0.052902 0.407285 0.193625 0.248303 0.441097 0.509743 0.250600 0.379869
13.000000 0.052907 0.406938 0.193244 0.247991 0.440291 0.509567 0.250337 0.379000
13.200000 0.052873 0.406681 0.193347 0.247805 0.439202 0.509387 0.250127 0.378569
13.400000 0.052894 0.406411 0.193292 0.247505 0.438587 0.509511 0.250062 0.377862
13.600000 0.052935 0.406079 0.193465 0.247252 0.437668 0.509530 0.249786 0.377412
13.800000 0.052859 0.405739 0.193326 0.247079 0.436878 0.509224 0.249713 0.376556
14.000000 0.052815 0.405731 0.193229 0.246903 0.436037 0.509455 0.249497 0.376099
14.200000 0.052855 0.405148 0.193386 0.246621 0.435186 0.509245 0.249311 0.375447
14.400000 0.052838 0.405014 0.193114 0.246704 0.434434 0.509270 0.249245 0.375041
14.600000 0.052845 0.404748 0.193249 0.246391 0.433773 0.509221 0.248810 0.374228
14.800000 0.052835 0.404231 0.193121 0.245993 0.432881 0.509196 0.248821 0.373536
15.000000 0.052830 0.404144 0.193165 0.245903 0.432080 0.509048 0.248644 0.373193
15.200000 0.052808 0.403758 0.193115 0.245761 0.431329 0.508925 0.248310 0.372606
15.400000 0.052804 0.403473 0.192848 0.245576 0.430669 0.509004 0.248257 0.371885
15.600000 0.052653 0.403206 0.193126 0.245259 0.429730 0.508944 0.248078 0.371251
15.800000 0.052792 0.403016 0.192953 0.245043 0.429045 0.508839 0.247812 0.370698
16.000000 0.052729 0.402575 0.192984 0.244896 0.428299 0.508890 0.247697 0.370087
16.200000 0.052739 0.402421 0.193017 0.244654 0.427542 0.508842 0.247532 0.369514
16.400000 0.052772 0.402169 0.192924 0.244462 0.426483 0.508831 0.247308 0.368994
16.600000 0.052778 0.401769 0.193019 0.244152 0.425885 0.508722 0.247042 0.368381
16.800000 0.052760 0.401731 0.192883 0.244035 0.425109 0.508651 0.246875 0.367796
17.000000 0.052716 0.401244 0.192855 0.243806 0.424473 0.508553 0.246787 0.367188
17.200000 0.052767 0.401031 0.192864 0.243704 0.423726 0.508558 0.246722 0.366561
17.400000 0.052691 0.400716 0.192835 0.243468 0.422910 0.508517 0.246550 0.366090
17.600000 0.052553 0.400553 0.192773 0.243290 0.422101 0.508459 0.246193 0.365554
17.800000 0.052720 0.400334 0.192788 0.243062 0.421314 0.508349 0.246013 0.365096
18.000000 0.052705 0.399994 0.192823 0.242907 0.420803 0.508394 0.245988 0.364489
18.200000 0.052720 0.399755 0.192826 0.242726 0.419946 0.508127 0.245702 0.363809
18.400000 0.052684 0.399528 0.192580 0.242466 0.419345 0.508123 0.245773 0.363405
18.600000 0.052679 0.399072 0.192653 0.242340 0.418670 0.508208 0.245485 0.362908
18.800000 0.052745 0.399140 0.192858 0.242300 0.417805 0.508241 0.245330 0.362361
19.000000 0.052524 0.398688 0.192536 0.241915 0.416997 0.508066 0.245102 0.361489
19.200000 0.052679 0.398393 0.192438 0.241573 0.416209 0.508115 0.244890 0.360953
19.400000 0.052664 0.398138 0.192533 0.241497 0.415582 0.507999 0.244634 0.360435
19.600000 0.052786 0.397946 0.192664 0.241298 0.414992 0.507926 0.244550 0.359887
19.800000 0.052491 0.397504 0.192496 0.241177 0.414140 0.546747 0.244392 0.359492
20.000000 0.052676 0.397404 0.192499 0.240876 0.413514 0.507813 0.244264 0.359037
20.200000 0.052628 0.397136 0.192491 0.240668 0.412816 0.507777 0.244055 0.358442
20.400000 0.052618 0.396774 0.192546 0.240489 0.412009 0.507574 0.243928 0.357867
20.600000 0.052637 0.396659 0.192332 0.240245 0.411462 0.507657 0.243821 0.357478
20.800000 0.052791 0.396329 0.192233 0.240057 0.410695 0.507635 0.243651 0.356971
21.000000 0.052603 0.396256 0.192372 0.239916 0.410214 0.507501 0.243434 0.356434
21.200000 0.052724 0.395736 0.192300 0.239765 0.409609 0.507581 0.243289 0.356031
21.400000 0.052615 0.395669 0.192340 0.239682 0.408909 0.507373 0.243139 0.355444
21.600000 0.052600 0.395460 0.192365 0.239460 0.408041 0.507369 0.243040 0.354886
21.800000 0.052593 0.395119 0.192142 0.239223 0.407637 0.507451 0.242869 0.354331
22.000000 0.052580 0.394912 0.192377 0.239208 0.407094 0.507171 0.242478 0.353887
22.200000 0.052585 0.394790 0.192119 0.238651 0.406311 0.507236 0.242519 0.353573
22.400000 0.052564 0.394486 0.192212 0.238681 0.405731 0.507090 0.242163 0.353065
22.600000 0.052543 0.394211 0.192162 0.238633 0.404992 0.507061 0.241985 0.352539
22.800000 0.052547 0.394079 0.192133 0.238466 0.404465 0.507193 0.241860 0.352020
23.000000 0.052526 0.393678 0.192146 0.238196 0.403748 0.506944 0.241738 0.351703
23.200000 0.052527 0.393636 0.192195 0.238282 0.403283 0.506913 0.241514 0.351203
23.400000 0.052531 0.393447 0.192057 0.237983 0.402541 0.506750 0.241536 0.350760
23.600000 0.052521 0.393209 0.191880 0.237756 0.402182 0.506850 0.241364 0.350396
23.800000 0.052638 0.393214 0.192097 0.237642 0.401506 0.506800 0.241189 0.349761
24.000000 0.052493 0.392753 0.192027 0.237528 0.400827 0.506872 0.241057 0.349440
24.200000 0.052500 0.392591 0.192030 0.237312 0.400118 0.506684 0.240921 0.348911
24.400000 0.052633 0.392307 0.192015 0.237168 0.399724 0.506654 0.240774 0.348508
24.600000 0.052338 0.392119 0.191876 0.237081 0.398968 0.506516 0.240533 0.348085
24.800000 0.052296 0.391986 0.191825 0.236689 0.398499 0.506444 0.240482 0.347472
25.000000 0.052442 0.391675 0.192088 0.236531 0.398089 0.506547 0.240307 0.347162
25.200000 0.052288 0.391243 0.191870 0.236425 0.397198 0.506356 0.240027 0.346570
25.400000 0.052448 0.391185 0.191928 0.236316 0.396575 0.506314 0.239869 0.346172
25.600000 0.052415 0.391006 0.191691 0.236112 0.396121 0.506290 0.239797 0.345749
25.800000 0.052367 0.390908 0.191860 0.236028 0.395452 0.506169 0.239697 0.345187
26.000000 0.052466 0.390620 0.191724 0.235876 0.395025 0.506077 0.239416 0.344935
26.200000 0.052274 0.390171 0.191594 0.235618 0.394437 0.506277 0.239322 0.344504
26.400000 0.052422 0.390293 0.191759 0.235536 0.393690 0.506267 0.239115 0.344096
26.600000 0.052474 0.389816 0.191520 0.235403 0.393283 0.505887 0.239108 0.343506
26.800000 0.052435 0.389738 0.191719 0.235214 0.392621 0.505942 0.238823 0.343198
27.000000 0.052386 0.389503 0.191528 0.234998 0.392283 0.505776 0.238720 0.342741
27.200000 0.052408 0.389385 0.191754 0.234870 0.391453 0.505855 0.238670 0.342268
27.400000 0.052413 0.388989 0.191700 0.234807 0.391158 0.505623 0.238367 0.341957
27.600000 0.052338 0.388878 0.191606 0.234625 0.390687 0.505760 0.238398 0.341608
27.800000 0.052410 0.388756 0.191702 0.234440 0.389862 0.505741 0.238337 0.341179
28.000000 0.052462 0.388306 0.191546 0.234332 0.389317 0.505616 0.238107 0.340835
28.200000 0.052356 0.388410 0.191580 0.234090 0.388903 0.505604 0.237901 0.340297
28.400000 0.052373 0.388036 0.191383 0.234051 0.388173 0.505539 0.237790 0.339959
28.600000 0.052360 0.387862 0.191602 0.233769 0.387762 0.505477 0.237612 0.339563
28.800000 0.052375 0.387732 0.191376 0.233700 0.387272 0.505381 0.237361 0.339160
29.000000 0.052345 0.387712 0.191365 0.233594 0.386952 0.505409 0.237404 0.338827
29.200000 0.052322 0.387280 0.191449 0.233340 0.386210 0.505240 0.237272 0.338410
29.400000 0.052484 0.387150 0.191264 0.233215 0.385863 0.505286 0.237189 0.337848
29.600000 0.052199 0.386888 0.191433 0.233100 0.385329 0.505304 0.236966 0.337534
29.800000 0.052476 0.386805 0.191219 0.233139 0.384905 0.505283 0.236903 0.337316
30.000000 0.052322 0.386578 0.191375 0.232891 0.384278 0.505177 0.236577 0.336769
30.200000 0.052188 0.386374 0.191315 0.232795 0.383867 0.505212 0.236654 0.336341
30.400000 0.052305 0.386051 0.191351 0.232572 0.383407 0.505019 0.236479 0.336114
30.600000 0.052366 0.386193 0.191257 0.232382 0.382713 0.505000 0.236202 0.335773
30.800000 0.052738 0.385918 0.191308 0.232368 0.382357 0.505029 0.236155 0.335426
31.000000 0.053344 0.385597 0.191274 0.232230 0.381883 0.504881 0.236135 0.335045
31.200000 0.054337 0.385333 0.191289 0.231987 0.381538 0.504894 0.235970 0.334715
31.400000 0.055505 0.385426 0.191221 0.231938 0.381310 0.504742 0.235868 0.334606
31.600000 0.056812 0.385346 0.191292 0.232164 0.381251 0.504698 0.235767 0.334604
31.800000 0.058476 0.385118 0.191321 0.232027 0.381707 0.504865 0.235732 0.334912
32.000000 0.060325 0.385138 0.191413 0.231976 0.382434 0.504693 0.235715 0.335459
32.200000 0.061958 0.385470 0.191445 0.232371 0.383790 0.504680 0.235723 0.336433
32.400000 0.063887 0.385792 0.191646 0.232677 0.385632 0.504472 0.235791 0.337766
32.600000 0.065522 0.386611 0.191536 0.233125 0.387975 0.504696 0.235891 0.339420
32.800000 0.067103 0.387590 0.191664 0.233701 0.390785 0.504643 0.235880 0.341677
33.000000 0.068505 0.389149 0.191666 0.234590 0.394400 0.504460 0.235789 0.344080
33.200000 0.069855 0.391188 0.191859 0.235458 0.398334 0.504615 0.236195 0.346988
33.400000 0.071063 0.393778 0.192193 0.236923 0.403026 0.504691 0.236343 0.350529
33.600000 0.072137 0.396861 0.192704 0.238336 0.407988 0.504739 0.236585 0.354102
33.800000 0.073076 0.400434 0.192937 0.239650 0.413055 0.504707 0.236576 0.358120
34.000000 0.073950 0.404776 0.193322 0.241351 0.418795 0.504563 0.236928 0.362190
34.200000 0.074701 0.409761 0.193718 0.243141 0.424739 0.504702 0.237058 0.366783
34.400000 0.075238 0.415482 0.194447 0.245009 0.430937 0.504627 0.237297 0.371542
34.600000 0.076126 0.421436 0.194997 0.247037 0.437480 0.504878 0.237578 0.376481
34.800000 0.076463 0.427751 0.195245 0.248945 0.444087 0.504717 0.237817 0.381557
35.000000 0.076959 0.435080 0.195634 0.251140 0.451105 0.504875 0.238151 0.387083
35.200000 0.077212 0.442389 0.196161 0.253059 0.458304 0.504823 0.238333 0.392572
35.400000 0.077517 0.449930 0.196611 0.254884 0.465193 0.504962 0.238656 0.397883
35.600000 0.078012 0.457587 0.196933 0.256934 0.472198 0.504994 0.238945 0.403590
35.800000 0.078201 0.465401 0.197310 0.258808 0.479092 0.504983 0.239238 0.409131
36.000000 0.078509 0.473570 0.197817 0.260653 0.486409 0.505095 0.239697 0.414848
36.200000 0.078700 0.481905 0.198283 0.262485 0.493561 0.505207 0.239695 0.420654
36.400000 0.078869 0.490443 0.198692 0.264524 0.501022 0.505207 0.240137 0.426601
36.600000 0.078898 0.499057 0.199156 0.266168 0.508468 0.505175 0.240361 0.432491
36.800000 0.079164 0.546823 0.199463 0.268059 0.515986 0.505326 0.240720 0.438653
37.000000 0.079297 0.516812 0.199910 0.269824 0.523625 0.505220 0.241028 0.444660
37.200000 0.079435 0.525841 0.200440 0.271744 0.531480 0.505363 0.241389 0.451617
37.400000 0.079483 0.537273 0.200848 0.273992 0.540924 0.505409 0.241763 0.459054
37.600000 0.079568 0.546464 0.201367 0.275695 0.548713 0.505382 0.242039 0.465258
37.800000 0.079501 0.555554 0.201790 0.277369 0.556565 0.505524 0.242378 0.471788
38.000000 0.079706 0.564596 0.202085 0.279169 0.564134 0.505663 0.242687 0.477836
38.200000 0.079751 0.573462 0.202461 0.280870 0.571952 0.505546 0.242986 0.484421
38.400000 0.079654 0.582489 0.202927 0.282531 0.579951 0.505430 0.243338 0.490599
38.600000 0.079931 0.591570 0.203131 0.284210 0.587516 0.505695 0.243627 0.497219
38.800000 0.079813 0.600578 0.203617 0.285741 0.595452 0.505624 0.243974 0.503690
39.000000 0.079883 0.609214 0.203950 0.287445 0.603131 0.505706 0.244364 0.510093
39.200000 0.079889 0.617919 0.204166 0.289209 0.611250 0.505917 0.244691 0.516494
39.400000 0.079898 0.626582 0.204609 0.290825 0.618795 0.505954 0.245002 0.522653
39.600000 0.079921 0.634947 0.204958 0.292079 0.626661 0.505850 0.245255 0.528874
39.800000 0.079914 0.643588 0.205358 0.293787 0.634350 0.506039 0.245637 0.535309
40.000000 0.079933 0.651670 0.205748 0.295340 0.642200 0.506210 0.245915 0.541628
40.200000 0.079849 0.659883 0.206115 0.296991 0.650075 0.506101 0.246130 0.547962
40.400000 0.079806 0.667887 0.206254 0.298562 0.657956 0.506116 0.246611 0.554174
40.600000 0.079926 0.675862 0.206696 0.299899 0.665645 0.506066 0.246784 0.560596
40.800000 0.079822 0.683244 0.207003 0.301517 0.673273 0.506384 0.247104 0.566679
41.000000 0.079865 0.691229 0.207316 0.303064 0.681452 0.506529 0.247704 0.572937
41.200000 0.079920 0.698505 0.207616 0.304576 0.689050 0.506293 0.247824 0.578961
41.400000 0.079905 0.705830 0.207839 0.305787 0.696544 0.506507 0.248127 0.585105
41.600000 0.079889 0.712510 0.208389 0.307313 0.704051 0.506554 0.248612 0.591013
41.800000 0.079838 0.719252 0.208518 0.308918 0.711506 0.506713 0.248928 0.596864
42.000000 0.079886 0.725595 0.208824 0.310274 0.718825 0.506491 0.249264 0.602705
42.200000 0.079860 0.731915 0.208975 0.311712 0.725893 0.506801 0.249513 0.608592
42.400000 0.079860 0.737802 0.209352 0.313019 0.732929 0.506746 0.249801 0.614034
42.600000 0.079832 0.743724 0.209779 0.314201 0.740139 0.506751 0.250137 0.619668
42.800000 0.079655 0.749322 0.209860 0.315756 0.746858 0.506681 0.250532 0.625174
43.000000 0.079830 0.754603 0.210189 0.317050 0.753897 0.506887 0.250958 0.630628
43.200000 0.079798 0.759862 0.210453 0.318368 0.760694 0.507195 0.251235 0.636021
43.400000 0.079840 0.764551 0.210671 0.319691 0.767300 0.507031 0.251613 0.641331
43.600000 0.079847 0.769799 0.211154 0.320939 0.774124 0.507085 0.251923 0.647238
43.800000 0.079836 0.775198 0.211231 0.322422 0.781743 0.507163 0.252322 0.652876
44.000000 0.079836 0.779419 0.211454 0.323930 0.787895 0.507176 0.252621 0.658042
44.200000 0.079818 0.783724 0.211778 0.325106 0.794184 0.507418 0.252876 0.662871
44.400000 0.079930 0.787383 0.212014 0.326316 0.800175 0.507379 0.253292 0.667906
44.600000 0.079660 0.791321 0.212017 0.327600 0.806422 0.507457 0.253563 0.672563
44.800000 0.079656 0.795262 0.212364 0.328701 0.811929 0.507405 0.253804 0.677227
45.000000 0.079657 0.798577 0.212625 0.329949 0.818002 0.507411 0.254102 0.681922
45.200000 0.079945 0.802025 0.213007 0.330968 0.823412 0.507583 0.254635 0.686699
45.400000 0.079802 0.805068 0.213064 0.332289 0.828967 0.507531 0.254924 0.690948
45.600000 0.079786 0.808113 0.213187 0.333482 0.834290 0.507724 0.255137 0.695466
45.800000 0.079715 0.811108 0.213255 0.334495 0.839535 0.507714 0.255666 0.699576
46.000000 0.079712 0.813844 0.213496 0.335718 0.844755 0.507906 0.255771 0.703819
46.200000 0.079873 0.816721 0.213910 0.336868 0.849842 0.546726 0.256174 0.707904
46.400000 0.079706 0.818967 0.213853 0.337893 0.854848 0.507910 0.256482 0.711998
46.600000 0.079702 0.821394 0.214120 0.339111 0.859558 0.508094 0.256847 0.716053
46.800000 0.079718 0.823739 0.214242 0.340058 0.864286 0.508034 0.256898 0.719960
47.000000 0.079691 0.826066 0.214645 0.341268 0.868862 0.508030 0.257388 0.723643
47.200000 0.079714 0.828105 0.214821 0.342068 0.873383 0.508186 0.257694 0.727425
47.400000 0.079553 0.830289 0.214897 0.343313 0.877602 0.508214 0.257964 0.730800
47.600000 0.079350 0.832098 0.215013 0.344418 0.882163 0.508144 0.258229 0.734589
47.800000 0.079663 0.833817 0.215293 0.345324 0.886203 0.508172 0.258550 0.737969
48.000000 0.079502 0.835710 0.215351 0.346480 0.890142 0.508313 0.258951 0.741357
48.200000 0.079597 0.837385 0.215553 0.347504 0.894439 0.508540 0.259150 0.744637
48.400000 0.079501 0.838906 0.215661 0.348408 0.898097 0.508457 0.259634 0.747910
48.600000 0.079688 0.840303 0.215828 0.349424 0.901791 0.508582 0.259710 0.751017
48.800000 0.079799 0.841716 0.216002 0.350194 0.905562 0.508611 0.260099 0.754118
49.000000 0.079629 0.843200 0.216194 0.351427 0.909300 0.508596 0.260323 0.757293
49.200000 0.079619 0.844460 0.216323 0.352361 0.912708 0.508708 0.260755 0.760025
49.400000 0.079607 0.845746 0.216500 0.353332 0.916096 0.508614 0.261070 0.762884
49.600000 0.079610 0.846932 0.216639 0.354180 0.919312 0.508588 0.261491 0.765770
49.800000 0.079576 0.847978 0.216730 0.355167 0.922837 0.508956 0.261571 0.768556
50.000000 0.079613 0.849310 0.216816 0.356167 0.926539 0.508768 0.261907 0.771776
50.200000 0.079594 0.850427 0.216966 0.357220 0.929697 0.509031 0.262008 0.774362
50.400000 0.079532 0.851652 0.217109 0.358208 0.932842 0.509137 0.262673 0.777058
50.600000 0.079512 0.852282 0.216985 0.359035 0.935779 0.509139 0.262920 0.779478
50.800000 0.079638 0.853465 0.217313 0.360014 0.938757 0.509200 0.263107 0.781927
51.000000 0.079525 0.854174 0.217708 0.360772 0.941594 0.509051 0.263467 0.784239
51.200000 0.079353 0.854861 0.217584 0.361760 0.944297 0.509189 0.263763 0.786382
51.400000 0.079440 0.855762 0.217679 0.362574 0.946955 0.509296 0.264111 0.788786
51.600000 0.079499 0.856685 0.217612 0.363484 0.949662 0.509488 0.264367 0.790877
51.800000 0.079488 0.857361 0.217918 0.364344 0.952067 0.509377 0.264607 0.793090
52.000000 0.079447 0.857886 0.218043 0.365118 0.954554 0.509359 0.264934 0.795167
52.200000 0.079463 0.858449 0.218115 0.366001 0.956948 0.509505 0.264913 0.797195
52.400000 0.079421 0.859135 0.218076 0.366870 0.959451 0.509512 0.265427 0.799269
52.600000 0.079455 0.898402 0.218336 0.367608 0.961731 0.509682 0.265737 0.801025
52.800000 0.079464 0.860374 0.218423 0.368593 0.964035 0.509755 0.266019 0.803221
53.000000 0.079364 0.860801 0.218552 0.369178 0.966137 0.509870 0.266343 0.805028
53.200000 0.079477 0.861281 0.218626 0.369940 0.968048 0.509689 0.266524 0.806692
53.400000 0.079649 0.861752 0.218682 0.370869 0.970209 0.509781 0.266907 0.808522
53.600000 0.079346 0.862187 0.218795 0.371769 0.972306 0.509899 0.267195 0.810276
53.800000 0.079418 0.862511 0.218707 0.372367 0.974082 0.509770 0.267298 0.811727
54.000000 0.079493 0.863281 0.219005 0.373238 0.976375 0.510016 0.267705 0.813581
54.200000 0.079466 0.863417 0.219063 0.374023 0.978122 0.510070 0.267793 0.815061
54.400000 0.079496 0.864016 0.219157 0.374632 0.979912 0.510141 0.268109 0.816411
54.600000 0.079462 0.863997 0.219150 0.375583 0.981716 0.510091 0.268520 0.818131
54.800000 0.079430 0.864719 0.219344 0.376158 0.983410 0.510347 0.268843 0.819443
55.000000 0.079449 0.864922 0.219415 0.376940 0.985153 0.510237 0.269031 0.820829
55.200000 0.079427 0.865409 0.219480 0.377665 0.986672 0.510247 0.269175 0.822258
55.400000 0.079436 0.865745 0.219564 0.378332 0.988381 0.510197 0.269484 0.823676
55.600000 0.079425 0.866045 0.219433 0.379140 0.990100 0.510551 0.269787 0.825102
55.800000 0.079413 0.866306 0.219756 0.379934 0.991564 0.510525 0.269998 0.826383
56.000000 0.079439 0.866567 0.219748 0.380622 0.993304 0.510682 0.270411 0.827585
56.200000 0.079381 0.866957 0.219882 0.381407 0.994889 0.510469 0.270665 0.828988
56.400000 0.079344 0.867303 0.219910 0.382191 0.996419 0.510439 0.270859 0.830117
56.600000 0.079367 0.867440 0.219908 0.382679 0.997906 0.510698 0.271170 0.831366
56.800000 0.079331 0.867770 0.220110 0.383559 0.999249 0.510672 0.271601 0.832628
57.000000 0.079334 0.867785 0.220279 0.384199 1.000797 0.510758 0.271905 0.833593
57.200000 0.079290 0.868059 0.219978 0.384790 1.001799 0.510832 0.271788 0.834749
57.400000 0.079306 0.868355 0.220234 0.385609 1.003087 0.510912 0.272360 0.835903
57.600000 0.079308 0.868723 0.220370 0.386081 1.004518 0.510981 0.272515 0.836880
57.800000 0.079259 0.868719 0.220426 0.386893 1.005727 0.510963 0.272750 0.837890
58.000000 0.079323 0.868931 0.220367 0.387552 1.006670 0.510877 0.273045 0.838922
58.200000 0.079145 0.869119 0.220600 0.388298 1.007964 0.511131 0.273230 0.839830
58.400000 0.079308 0.869079 0.220522 0.388647 1.009157 0.511168 0.273386 0.840607
58.600000 0.079253 0.869271 0.220655 0.389392 1.010198 0.511020 0.273741 0.841642
58.800000 0.079295 0.869303 0.220776 0.390101 1.011214 0.510908 0.273994 0.842440
59.000000 0.079296 0.869708 0.220947 0.390686 1.012322 0.511173 0.274323 0.843304
59.200000 0.079237 0.869612 0.220897 0.391309 1.013475 0.511237 0.274478 0.844286
59.400000 0.079216 0.869623 0.220983 0.391753 1.014108 0.511327 0.274772 0.845030
59.600000 0.079338 0.869892 0.221047 0.392430 1.015245 0.511391 0.274887 0.845717
59.800000 0.079187 0.869786 0.221095 0.393068 1.016125 0.511329 0.275160 0.846616
60.000000 0.079327 0.870112 0.221155 0.393735 1.017195 0.511514 0.275272 0.847322
60.200000 0.079146 0.869966 0.221130 0.394343 1.018092 0.511544 0.275432 0.848230
60.400000 0.079163 0.870173 0.221271 0.394971 1.018963 0.511501 0.275812 0.848887
60.600000 0.079072 0.870076 0.221192 0.395491 1.019838 0.511618 0.276061 0.849314
60.800000 0.079305 0.870221 0.221103 0.396094 1.020791 0.511670 0.276335 0.850204
61.000000 0.079106 0.870329 0.221402 0.396596 1.021656 0.511698 0.276607 0.850952
61.200000 0.079086 0.870321 0.221410 0.397099 1.022560 0.511872 0.276781 0.851371
61.400000 0.079106 0.870488 0.221489 0.397825 1.023406 0.511821 0.277054 0.852063
61.600000 0.079100 0.870512 0.221502 0.398307 1.024087 0.511782 0.277226 0.852761
61.800000 0.079128 0.870383 0.221445 0.398769 1.024489 0.512022 0.277444 0.853256
62.000000 0.079139 0.870557 0.221676 0.399543 1.025659 0.512068 0.277531 0.853847
62.200000 0.079108 0.870652 0.221660 0.400060 1.026055 0.512157 0.277895 0.854624
62.400000 0.079092 0.870475 0.221615 0.400767 1.027169 0.512190 0.278273 0.855401
62.600000 0.079182 0.870648 0.221790 0.401197 1.027750 0.512226 0.278419 0.855805
62.800000 0.079052 0.870601 0.221770 0.401681 1.028413 0.512173 0.278721 0.856274
63.000000 0.078894 0.870488 0.221773 0.402347 1.029139 0.512382 0.278915 0.856866
63.200000 0.079007 0.870425 0.221946 0.402983 1.029613 0.512356 0.279093 0.857348
63.400000 0.079148 0.870631 0.221875 0.403342 1.030226 0.512258 0.279303 0.857663
63.600000 0.079027 0.870503 0.221888 0.403778 1.030662 0.512382 0.279504 0.858137
63.800000 0.079043 0.870411 0.221988 0.404447 1.031162 0.512464 0.279788 0.858628
64.000000 0.078996 0.870300 0.222152 0.404749 1.031897 0.512403 0.279993 0.859061
64.200000 0.079072 0.870416 0.222111 0.405343 1.032546 0.512565 0.280197 0.859549
64.400000 0.079030 0.870184 0.222073 0.405757 1.033106 0.512635 0.280427 0.859922
64.600000 0.078782 0.869956 0.221984 0.405960 1.033089 0.512446 0.280426 0.860042
64.800000 0.078871 0.869951 0.221896 0.406750 1.033876 0.512422 0.280532 0.860233
65.000000 0.078997 0.869970 0.221786 0.407292 1.034551 0.512719 0.281149 0.861232
65.200000 0.079172 0.869931 0.222293 0.407982 1.035268 0.512837 0.281346 0.861637
65.400000 0.078963 0.870201 0.222235 0.408415 1.035633 0.512886 0.281534 0.861857
65.600000 0.079014 0.870200 0.222346 0.408915 1.036006 0.512931 0.281817 0.862304
65.800000 0.079000 0.870200 0.222403 0.409529 1.036593 0.512874 0.281901 0.862649
66.000000 0.079029 0.869821 0.222380 0.409702 1.036865 0.512924 0.281860 0.862823
66.200000 0.079006 0.869856 0.222437 0.410174 1.037350 0.513094 0.282335 0.863264
66.400000 0.079024 0.869874 0.222577 0.410811 1.037930 0.513293 0.282459 0.863776
66.600000 0.079007 0.869901 0.222545 0.411189 1.038224 0.513087 0.282688 0.863903
66.800000 0.078994 0.869824 0.222560 0.411547 1.038773 0.513178 0.283039 0.864030
67.000000 0.079006 0.869610 0.222501 0.411703 1.039078 0.513218 0.283142 0.864429
67.200000 0.078993 0.869532 0.222647 0.412530 1.039453 0.513387 0.283307 0.864727
67.400000 0.078864 0.869709 0.222682 0.412782 1.039704 0.513310 0.283501 0.864890
67.600000 0.079010 0.869635 0.222673 0.413463 1.040138 0.513407 0.283652 0.865396
67.800000 0.078988 0.869445 0.222639 0.413837 1.040554 0.513416 0.283927 0.865659
68.000000 0.078944 0.869385 0.222703 0.414246 1.040674 0.513609 0.283974 0.865964
68.200000 0.078971 0.869385 0.222867 0.414775 1.041131 0.513355 0.284070 0.866149
68.400000 0.078952 0.869435 0.222862 0.415243 1.041551 0.513482 0.284465 0.866671
68.600000 0.078966 0.869553 0.222806 0.415716 1.041961 0.513473 0.284687 0.866805
68.800000 0.078965 0.869266 0.222884 0.416243 1.042025 0.513488 0.284868 0.866800
69.000000 0.078982 0.869032 0.222878 0.416504 1.042366 0.513603 0.285169 0.867039
69.200000 0.078965 0.869017 0.222870 0.416669 1.042504 0.513825 0.285038 0.867404
69.400000 0.078906 0.869044 0.222986 0.417306 1.043186 0.513835 0.285367 0.867517
69.600000 0.078952 0.869035 0.222992 0.417736 1.043419 0.513889 0.285500 0.867688
69.800000 0.078931 0.868992 0.223114 0.418146 1.043679 0.513884 0.285714 0.868008
70.000000 0.078970 0.869098 0.223002 0.418409 1.043708 0.513786 0.285826 0.868214
70.200000 0.078943 0.869069 0.223228 0.418753 1.044112 0.513975 0.286251 0.868387
70.400000 0.079002 0.868777 0.223141 0.419248 1.044461 0.514010 0.286272 0.868557
70.600000 0.078909 0.868926 0.222934 0.419542 1.044394 0.514084 0.286454 0.868830
70.800000 0.078944 0.868695 0.223164 0.420024 1.044895 0.513935 0.286627 0.868973
71.000000 0.078911 0.868694 0.223154 0.420433 1.045007 0.514178 0.286734 0.869002
71.200000 0.078902 0.868710 0.223212 0.420775 1.045340 0.514096 0.287003 0.869301
71.400000 0.078948 0.868740 0.223175 0.421158 1.045802 0.514284 0.287019 0.869522
71.600000 0.078793 0.868624 0.223357 0.421456 1.045704 0.514094 0.287256 0.869504
71.800000 0.078738 0.868498 0.223262 0.421784 1.046046 0.514360 0.287434 0.869755
72.000000 0.078910 0.868746 0.223309 0.422239 1.046175 0.514450 0.287635 0.870120
72.200000 0.078979 0.868664 0.223317 0.422707 1.046565 0.514450 0.287830 0.870200
72.400000 0.078914 0.868610 0.223415 0.422987 1.046632 0.514456 0.287962 0.870477
72.600000 0.078920 0.868594 0.223469 0.423525 1.047167 0.514675 0.288145 0.870572
72.800000 0.078925 0.868459 0.223244 0.423673 1.047027 0.514559 0.288384 0.870587
73.000000 0.078887 0.868445 0.223400 0.424172 1.047488 0.514566 0.288508 0.870909
73.200000 0.078972 0.868374 0.223511 0.424648 1.047268 0.514577 0.288588 0.870919
73.400000 0.078812 0.868086 0.223464 0.424862 1.047621 0.514640 0.288751 0.870911
73.600000 0.078835 0.868313 0.223547 0.425234 1.047753 0.514527 0.288827 0.871208
73.800000 0.078872 0.868091 0.223435 0.425630 1.047992 0.514731 0.289078 0.871362
74.000000 0.078822 0.868139 0.223433 0.425749 1.048047 0.514786 0.289244 0.871419
74.200000 0.078847 0.868108 0.223548 0.426339 1.048293 0.514890 0.289431 0.871651
74.400000 0.078815 0.868194 0.223562 0.426647 1.048391 0.514915 0.289482 0.871598
74.600000 0.078830 0.867914 0.223684 0.427009 1.048454 0.514835 0.289782 0.871711
74.800000 0.078815 0.867825 0.223544 0.427519 1.048702 0.514910 0.290034 0.871919
75.000000 0.078802 0.867869 0.223655 0.427765 1.048654 0.514886 0.290113 0.871921
75.200000 0.078812 0.868024 0.223681 0.428043 1.049129 0.515066 0.290257 0.872089
75.400000 0.078824 0.867804 0.223819 0.428351 1.049079 0.515028 0.290411 0.872279
75.600000 0.078840 0.867805 0.223723 0.428747 1.049138 0.515176 0.290560 0.872446
75.800000 0.078807 0.867697 0.223805 0.428997 1.049327 0.515174 0.290706 0.872132
76.000000 0.078820 0.867908 0.223757 0.429391 1.049613 0.515392 0.290698 0.872382
76.200000 0.078805 0.867501 0.223699 0.390669 1.049731 0.515202 0.290881 0.872625
76.400000 0.078818 0.867329 0.223807 0.429977 1.049574 0.515348 0.291106 0.872697
76.600000 0.078766 0.867332 0.223826 0.430183 1.049935 0.515358 0.291168 0.872749
76.800000 0.078800 0.867556 0.223773 0.430469 1.049858 0.515431 0.291379 0.872864
77.000000 0.078793 0.867433 0.223914 0.430971 1.049959 0.515356 0.291572 0.872917
77.200000 0.078635 0.867326 0.223879 0.431314 1.050019 0.515474 0.291472 0.873008
77.400000 0.078631 0.867365 0.223917 0.431559 1.050356 0.515685 0.291886 0.873103
77.600000 0.078872 0.867290 0.223937 0.431961 1.050301 0.515581 0.292020 0.873005
77.800000 0.078801 0.867221 0.224115 0.432219 1.050255 0.515670 0.292197 0.872997
78.000000 0.078763 0.867113 0.223979 0.432480 1.050310 0.515630 0.292305 0.873156
78.200000 0.078798 0.866953 0.223976 0.432605 1.050440 0.515701 0.292314 0.873301
78.400000 0.078818 0.866940 0.224144 0.433163 1.050658 0.515897 0.292373 0.873279
78.600000 0.078804 0.866994 0.224134 0.433345 1.050583 0.515892 0.292514 0.873283
78.800000 0.078803 0.866982 0.224094 0.433608 1.050752 0.515842 0.292805 0.873544
79.000000 0.078795 0.866683 0.224050 0.433693 1.050940 0.515885 0.292926 0.873596
79.200000 0.078781 0.866712 0.224111 0.434158 1.051098 0.515922 0.293042 0.873695
79.400000 0.078762 0.866847 0.224128 0.434523 1.051059 0.515969 0.293193 0.873704
79.600000 0.078878 0.866743 0.224013 0.434648 1.050949 0.515935 0.293404 0.873690
79.800000 0.078672 0.866438 0.224057 0.434777 1.051129 0.515788 0.293300 0.873676
80.000000 0.078587 0.866483 0.224277 0.435287 1.051155 0.515942 0.293606 0.873752
80.200000 0.078754 0.866373 0.224052 0.435644 1.051282 0.515907 0.293754 0.873855
80.400000 0.078878 0.866527 0.224161 0.435953 1.051374 0.516176 0.293915 0.874014
80.600000 0.078609 0.866501 0.224235 0.436330 1.051521 0.516169 0.294154 0.873881
80.800000 0.078584 0.866335 0.224285 0.436420 1.051416 0.516344 0.294061 0.873994
81.000000 0.078705 0.866107 0.224144 0.436468 1.051563 0.516344 0.294083 0.873880
81.200000 0.078748 0.866153 0.224451 0.436970 1.051665 0.516307 0.294212 0.873976
81.400000 0.078746 0.866228 0.224184 0.437248 1.051477 0.516307 0.294484 0.873998
81.600000 0.078583 0.866175 0.224235 0.437617 1.051765 0.516211 0.294566 0.873971
81.800000 0.078843 0.866304 0.224184 0.437710 1.051672 0.516453 0.294496 0.874062
82.000000 0.078698 0.866002 0.224218 0.437869 1.051526 0.516408 0.294734 0.874171
82.200000 0.078713 0.866135 0.224305 0.438168 1.051680 0.516363 0.294907 0.874024
82.400000 0.078758 0.865998 0.224410 0.438459 1.051882 0.516390 0.295007 0.874229
82.600000 0.078734 0.866072 0.224410 0.438641 1.051865 0.516580 0.295035 0.874064
82.800000 0.078716 0.865936 0.224353 0.438741 1.051874 0.516524 0.295229 0.874198
83.000000 0.078720 0.865946 0.224372 0.439079 1.051803 0.516766 0.295367 0.874215
83.200000 0.078613 0.865776 0.224189 0.439373 1.051675 0.516239 0.295388 0.874192
83.400000 0.078887 0.865828 0.224384 0.439524 1.052236 0.516743 0.295552 0.874284
83.600000 0.078696 0.865839 0.224475 0.439808 1.052139 0.516707 0.295647 0.874424
83.800000 0.078727 0.865922 0.224593 0.440101 1.052013 0.516937 0.295567 0.874465
84.000000 0.078806 0.865778 0.224403 0.440346 1.051976 0.516668 0.295943 0.874351
84.200000 0.078595 0.865375 0.224353 0.440628 1.052089 0.516806 0.295941 0.874443
84.400000 0.078713 0.865514 0.224493 0.440726 1.052215 0.516906 0.296007 0.874298
84.600000 0.078703 0.865497 0.224198 0.440832 1.052217 0.516943 0.296111 0.874263
84.800000 0.078748 0.865575 0.224554 0.441050 1.052176 0.516857 0.296177 0.874571
85.000000 0.078681 0.865464 0.224708 0.441517 1.052373 0.517039 0.296401 0.874394
85.200000 0.078682 0.865728 0.224476 0.441520 1.052366 0.517104 0.296470 0.874524
85.400000 0.078643 0.865561 0.224730 0.442036 1.052190 0.517069 0.296585 0.874405
85.600000 0.078679 0.865606 0.224712 0.442064 1.052280 0.517136 0.296446 0.874564
85.800000 0.078638 0.865431 0.224636 0.442275 1.052408 0.517025 0.296851 0.874674
86.000000 0.078716 0.865557 0.224744 0.442379 1.052536 0.517334 0.296899 0.874678
86.200000 0.078692 0.865434 0.224680 0.442900 1.052272 0.517156 0.297007 0.874834
86.400000 0.078672 0.865081 0.224692 0.443035 1.052502 0.517247 0.296937 0.874749
86.600000 0.078666 0.865443 0.224746 0.443122 1.052653 0.517358 0.297125 0.874701
86.800000 0.078653 0.865243 0.224834 0.443457 1.052324 0.517174 0.297346 0.874703
87.000000 0.078685 0.865281 0.224829 0.443581 1.052559 0.517379 0.297297 0.874779
87.200000 0.078602 0.865216 0.224666 0.443960 1.052646 0.517440 0.297598 0.874676
87.400000 0.078618 0.865172 0.224743 0.444073 1.052619 0.517559 0.297634 0.874682
87.600000 0.078493 0.865108 0.224856 0.444192 1.052705 0.517507 0.297709 0.874674
87.800000 0.078666 0.865023 0.224639 0.444526 1.052668 0.517471 0.297837 0.874751
88.000000 0.078664 0.864918 0.224881 0.444697 1.052477 0.517721 0.297906 0.874839
88.200000 0.078644 0.865156 0.224879 0.444944 1.052585 0.517278 0.297939 0.874784
88.400000 0.078680 0.865138 0.224791 0.445185 1.052637 0.517659 0.298038 0.874818
88.600000 0.078650 0.865154 0.224913 0.445193 1.052678 0.517738 0.298075 0.874757
88.800000 0.078632 0.864720 0.224768 0.445692 1.052844 0.517585 0.298231 0.874688
89.000000 0.078484 0.864913 0.224780 0.445815 1.052715 0.517632 0.298228 0.874928
89.200000 0.078632 0.864847 0.224873 0.445932 1.052672 0.517980 0.298491 0.874906
89.400000 0.078660 0.864883 0.224956 0.446019 1.052424 0.517876 0.298487 0.874521
89.600000 0.078648 0.864694 0.224970 0.446178 1.052570 0.517961 0.298638 0.874722
89.800000 0.078453 0.864858 0.224962 0.446336 1.052553 0.517874 0.298685 0.874578
90.000000 0.078619 0.864829 0.225042 0.446726 1.052724 0.518032 0.298900 0.874809
