0.200000 0.053827 0.434851 0.196332 0.268123 0.517263 0.510590 0.265805 0.438227
0.400000 0.053583 0.433554 0.196148 0.267345 0.514723 0.510439 0.265282 0.436331
0.600000 0.053596 0.433059 0.196176 0.267012 0.513454 0.510548 0.265035 0.435485
0.800000 0.053567 0.432689 0.196211 0.266510 0.511930 0.510540 0.264819 0.434209
1.000000 0.053564 0.431981 0.196195 0.266112 0.510514 0.510284 0.264445 0.433071
1.200000 0.053688 0.431610 0.195957 0.265803 0.509160 0.510401 0.264365 0.431833
1.400000 0.053553 0.431209 0.195960 0.265421 0.507590 0.510339 0.264026 0.430758
1.600000 0.053520 0.430580 0.196050 0.265003 0.506333 0.510076 0.263860 0.429868
1.800000 0.053487 0.430086 0.195852 0.264681 0.505029 0.510250 0.263519 0.428868
2.000000 0.053486 0.429582 0.195906 0.264398 0.503551 0.510150 0.263439 0.427823
2.200000 0.053516 0.429093 0.195896 0.263830 0.502042 0.510199 0.263323 0.426744
2.400000 0.053486 0.428526 0.195727 0.263636 0.500690 0.510099 0.262769 0.425656
2.600000 0.053438 0.428109 0.195672 0.263248 0.499401 0.510020 0.262705 0.424624
2.800000 0.053444 0.427411 0.195521 0.262785 0.497925 0.509797 0.262488 0.423490
3.000000 0.053477 0.427018 0.195546 0.262588 0.496682 0.509811 0.262005 0.422599
3.200000 0.053444 0.426437 0.195599 0.262182 0.495426 0.509885 0.261871 0.421489
3.400000 0.053398 0.425983 0.195476 0.261568 0.494074 0.509661 0.261779 0.420664
3.600000 0.053284 0.425661 0.195392 0.261548 0.492711 0.509710 0.261387 0.419510
3.800000 0.053515 0.425175 0.195389 0.261179 0.491353 0.509450 0.261253 0.418528
4.000000 0.053546 0.424721 0.156363 0.260831 0.490246 0.509777 0.261118 0.417783
4.200000 0.053385 0.424311 0.156344 0.260522 0.488955 0.509551 0.260865 0.416468
4.400000 0.053399 0.423634 0.195266 0.260206 0.487561 0.509191 0.260577 0.415656
4.600000 0.053380 0.423443 0.195228 0.259811 0.486434 0.509482 0.260388 0.414625
4.800000 0.053239 0.422862 0.195305 0.259466 0.485188 0.509325 0.260131 0.413694
5.000000 0.053344 0.422476 0.195254 0.259150 0.483744 0.509310 0.259897 0.412608
5.200000 0.053274 0.421928 0.195091 0.258864 0.482670 0.509306 0.259821 0.411923
5.400000 0.053304 0.421588 0.195018 0.258629 0.481474 0.509251 0.259190 0.410814
5.600000 0.053350 0.421111 0.195051 0.258208 0.480053 0.509045 0.259216 0.409933
5.800000 0.053294 0.420464 0.195022 0.257846 0.479075 0.509147 0.258841 0.408950
6.000000 0.053297 0.420288 0.194941 0.257701 0.477835 0.509121 0.258929 0.408165
6.200000 0.053352 0.419914 0.194774 0.257237 0.476590 0.508914 0.258404 0.407155
6.400000 0.053267 0.419318 0.194986 0.256900 0.475405 0.509170 0.258182 0.406283
6.600000 0.053402 0.418767 0.194708 0.256571 0.473685 0.509032 0.258142 0.404974
6.800000 0.053241 0.418258 0.194722 0.256344 0.472597 0.508748 0.257733 0.404357
7.000000 0.053234 0.417950 0.194659 0.255899 0.471273 0.508621 0.257492 0.403345
7.200000 0.053253 0.417603 0.194557 0.255688 0.470230 0.508651 0.257388 0.402293
7.400000 0.053225 0.417123 0.194695 0.255432 0.469158 0.508679 0.257050 0.401561
7.600000 0.053204 0.416830 0.194592 0.254874 0.467910 0.508561 0.256950 0.400562
7.800000 0.053172 0.416344 0.194415 0.254749 0.466862 0.508546 0.256629 0.399720
8.000000 0.053194 0.415955 0.194422 0.254365 0.465610 0.508374 0.256431 0.398966
8.200000 0.053177 0.415582 0.194520 0.254182 0.464517 0.508364 0.256200 0.398020
8.400000 0.053169 0.415132 0.194464 0.253859 0.463533 0.508103 0.255966 0.397047
8.600000 0.053166 0.414742 0.194272 0.253540 0.462441 0.508314 0.255623 0.396295
8.800000 0.053179 0.414314 0.194269 0.253164 0.461392 0.508217 0.255539 0.395570
9.000000 0.053151 0.414093 0.194483 0.252988 0.460311 0.508114 0.255255 0.394604
9.200000 0.053141 0.413525 0.194271 0.252723 0.459277 0.508041 0.255058 0.393845
9.400000 0.053133 0.413189 0.194311 0.252469 0.458214 0.508068 0.254897 0.393211
9.600000 0.053133 0.412827 0.194297 0.252156 0.457003 0.508036 0.254813 0.392491
9.800000 0.052961 0.412570 0.194273 0.252069 0.456196 0.508036 0.254468 0.391845
10.000000 0.052985 0.412253 0.194387 0.251630 0.455055 0.507983 0.254126 0.390793
10.200000 0.053211 0.411831 0.194115 0.251320 0.454133 0.507920 0.254012 0.390116
10.400000 0.053092 0.411283 0.194393 0.251166 0.453060 0.507832 0.253831 0.389298
10.600000 0.053062 0.410951 0.194074 0.250891 0.451974 0.507631 0.253632 0.388543
10.800000 0.053043 0.410661 0.194020 0.250650 0.451062 0.507807 0.253325 0.387847
11.000000 0.053023 0.410413 0.194038 0.249964 0.449984 0.507472 0.253117 0.386936
11.200000 0.053033 0.410109 0.193982 0.250092 0.448917 0.507596 0.252906 0.386067
11.400000 0.053022 0.409722 0.193858 0.249797 0.448212 0.507400 0.252774 0.385484
11.600000 0.053029 0.409378 0.194061 0.249691 0.447219 0.507628 0.252680 0.384768
11.800000 0.053045 0.409023 0.193791 0.249234 0.446037 0.507372 0.252339 0.383917
12.000000 0.053000 0.408636 0.193872 0.248907 0.445138 0.507326 0.252097 0.383287
12.200000 0.053008 0.408259 0.193788 0.248805 0.444295 0.507289 0.251892 0.382487
12.400000 0.052975 0.408002 0.193679 0.248551 0.443299 0.507326 0.251734 0.381914
12.600000 0.053090 0.407431 0.193889 0.248178 0.442173 0.507118 0.251516 0.381018
12.800000 0.052829 0.407115 0.193578 0.248090 0.441299 0.507125 0.251221 0.380371
13.000000 0.052812 0.406983 0.193708 0.247685 0.440440 0.507115 0.251089 0.379707
13.200000 0.052862 0.406769 0.193574 0.247543 0.439637 0.506917 0.250964 0.379147
13.400000 0.052914 0.406439 0.193696 0.247313 0.438734 0.507017 0.250827 0.378495
13.600000 0.052967 0.405886 0.193630 0.247154 0.438012 0.506838 0.250487 0.377807
13.800000 0.053007 0.405831 0.193685 0.246895 0.437059 0.506917 0.250334 0.377176
14.000000 0.052918 0.405415 0.193599 0.246707 0.436345 0.506882 0.250158 0.376563
14.200000 0.052933 0.405269 0.193555 0.246647 0.435499 0.506615 0.250016 0.375919
14.400000 0.052838 0.404672 0.193476 0.246080 0.434620 0.506716 0.249738 0.375344
14.600000 0.052891 0.404776 0.193514 0.246018 0.433908 0.506606 0.249539 0.374726
14.800000 0.052899 0.404216 0.193567 0.245822 0.433121 0.506468 0.249395 0.374118
15.000000 0.052907 0.403909 0.193380 0.245535 0.432356 0.506514 0.249231 0.373558
15.200000 0.052885 0.403784 0.193431 0.245379 0.431381 0.506535 0.249075 0.372775
15.400000 0.052867 0.403400 0.193235 0.245242 0.430827 0.506487 0.248888 0.372193
15.600000 0.052797 0.403242 0.193217 0.244972 0.429962 0.506412 0.248700 0.371585
15.800000 0.052819 0.402964 0.193353 0.244775 0.429381 0.506340 0.248550 0.371167
16.000000 0.052872 0.402752 0.193284 0.244514 0.428466 0.506281 0.248199 0.370624
16.200000 0.052791 0.402346 0.193189 0.244340 0.427551 0.506342 0.248204 0.369899
16.400000 0.052491 0.402051 0.193265 0.244208 0.426784 0.506272 0.248020 0.369357
16.600000 0.052665 0.401645 0.193194 0.243846 0.426131 0.506213 0.247657 0.368803
16.800000 0.052790 0.401464 0.193179 0.243909 0.425373 0.506202 0.247604 0.368339
17.000000 0.052660 0.401156 0.193173 0.243677 0.424574 0.506000 0.247383 0.367671
17.200000 0.052783 0.400869 0.193168 0.243386 0.423940 0.506038 0.247268 0.367003
17.400000 0.052776 0.400716 0.193092 0.243084 0.422982 0.506114 0.247087 0.366566
17.600000 0.052648 0.400443 0.193155 0.242929 0.422425 0.505961 0.246896 0.366002
17.800000 0.052648 0.400323 0.193034 0.242758 0.421752 0.505824 0.246633 0.365296
18.000000 0.052751 0.399895 0.192910 0.242640 0.420885 0.505734 0.246459 0.364903
18.200000 0.052766 0.399711 0.193024 0.242352 0.420374 0.505730 0.246417 0.364354
18.400000 0.052779 0.399452 0.193007 0.242234 0.419526 0.505819 0.246268 0.363808
18.600000 0.052739 0.399271 0.192841 0.241979 0.418725 0.505706 0.246045 0.363305
18.800000 0.052772 0.398906 0.192884 0.241884 0.417985 0.505762 0.245942 0.362737
19.000000 0.052724 0.398662 0.193005 0.241576 0.417115 0.505564 0.245664 0.361875
19.200000 0.052729 0.398386 0.192817 0.241412 0.416413 0.505457 0.245488 0.361615
19.400000 0.052720 0.398079 0.192848 0.241124 0.415689 0.505282 0.245310 0.360748
19.600000 0.052719 0.397710 0.192798 0.240941 0.414935 0.505405 0.245139 0.360382
19.800000 0.052662 0.397606 0.192770 0.240865 0.414360 0.505232 0.244953 0.359842
20.000000 0.052684 0.397191 0.192592 0.240704 0.413741 0.505341 0.244841 0.359444
20.200000 0.052684 0.397157 0.192607 0.240555 0.412889 0.505277 0.244717 0.358739
20.400000 0.052707 0.396782 0.192714 0.240301 0.412158 0.505215 0.244461 0.358221
20.600000 0.052649 0.396540 0.192624 0.240157 0.411533 0.505112 0.244142 0.357810
20.800000 0.052657 0.396374 0.192630 0.239868 0.411030 0.504938 0.244128 0.357353
21.000000 0.052689 0.396242 0.192596 0.239772 0.410430 0.504947 0.244085 0.356849
21.200000 0.052616 0.395678 0.192712 0.239418 0.409496 0.504793 0.243671 0.356259
21.400000 0.052655 0.395692 0.192717 0.239315 0.409102 0.505002 0.243690 0.355910
21.600000 0.052629 0.395491 0.192550 0.239153 0.408570 0.504776 0.243478 0.355259
21.800000 0.052652 0.395091 0.192420 0.239161 0.407742 0.504888 0.243271 0.354856
22.000000 0.052631 0.394778 0.192689 0.238842 0.407221 0.504713 0.243287 0.354418
22.200000 0.052562 0.394828 0.192449 0.238743 0.406531 0.504794 0.243031 0.353878
22.400000 0.052583 0.394549 0.192549 0.238414 0.405915 0.504657 0.242825 0.353296
22.600000 0.052598 0.394185 0.192429 0.238462 0.405257 0.504505 0.242708 0.352954
22.800000 0.052613 0.393958 0.192266 0.238194 0.404699 0.504525 0.242559 0.352327
23.000000 0.052583 0.393973 0.192442 0.238059 0.404077 0.504654 0.242586 0.352076
23.200000 0.052601 0.393566 0.192440 0.237910 0.403290 0.504518 0.242304 0.351609
23.400000 0.052589 0.393374 0.192387 0.237708 0.402879 0.504596 0.242065 0.351165
23.600000 0.052550 0.393140 0.192327 0.237586 0.402309 0.504370 0.241865 0.350771
23.800000 0.052540 0.393045 0.192334 0.237327 0.401473 0.504412 0.241734 0.350257
24.000000 0.052541 0.392551 0.192259 0.237235 0.401111 0.504183 0.241637 0.349808
24.200000 0.052377 0.392591 0.192146 0.236974 0.400384 0.504064 0.241495 0.349296
24.400000 0.052603 0.392179 0.192156 0.237044 0.399832 0.504264 0.241365 0.348876
24.600000 0.052340 0.392044 0.192117 0.236680 0.399285 0.504269 0.241198 0.348442
24.800000 0.052519 0.391853 0.192235 0.236523 0.398839 0.504108 0.241049 0.348015
25.000000 0.052560 0.391561 0.192164 0.236244 0.398080 0.503976 0.240891 0.347574
25.200000 0.052542 0.391272 0.192168 0.236084 0.397481 0.503762 0.240680 0.347001
25.400000 0.052543 0.391231 0.192238 0.236190 0.396806 0.503977 0.240533 0.346601
25.600000 0.052517 0.391075 0.192048 0.236029 0.396287 0.503771 0.240411 0.346116
25.800000 0.052192 0.390790 0.191963 0.235878 0.395704 0.503737 0.240221 0.345470
26.000000 0.052344 0.390513 0.192038 0.235747 0.394914 0.503720 0.239879 0.345093
26.200000 0.052346 0.390066 0.191824 0.235490 0.394467 0.503622 0.239784 0.344996
26.400000 0.052453 0.390159 0.192056 0.235401 0.393907 0.503662 0.239658 0.344515
26.600000 0.052469 0.389959 0.192004 0.235044 0.393418 0.503603 0.239602 0.343936
26.800000 0.052472 0.389758 0.191969 0.235046 0.392890 0.503676 0.239638 0.343604
27.000000 0.052458 0.389525 0.191894 0.234824 0.392237 0.503418 0.239353 0.343201
27.200000 0.052482 0.389134 0.191852 0.234756 0.391773 0.503400 0.239223 0.342839
27.400000 0.052473 0.389110 0.191734 0.234560 0.391306 0.503496 0.239051 0.342335
27.600000 0.052446 0.388872 0.191905 0.234419 0.390713 0.503539 0.238822 0.341839
27.800000 0.052457 0.388518 0.191712 0.234087 0.389946 0.503187 0.238744 0.341435
28.000000 0.052428 0.388513 0.191947 0.234175 0.389574 0.503350 0.238520 0.341179
28.200000 0.052393 0.388354 0.191897 0.233980 0.389133 0.503379 0.238392 0.340685
28.400000 0.052432 0.388146 0.191804 0.233843 0.388539 0.503211 0.238197 0.340322
28.600000 0.052395 0.387857 0.191773 0.233743 0.388046 0.503207 0.238174 0.339838
28.800000 0.052423 0.387844 0.191783 0.233373 0.387440 0.503060 0.237932 0.339581
29.000000 0.052406 0.387509 0.191742 0.233600 0.387084 0.503039 0.237922 0.339193
29.200000 0.052390 0.387340 0.191770 0.233302 0.386647 0.503035 0.237778 0.338836
29.400000 0.052400 0.386978 0.191744 0.233043 0.386089 0.502916 0.237505 0.338560
29.600000 0.052371 0.387024 0.191685 0.233118 0.385452 0.502665 0.237435 0.338050
29.800000 0.052402 0.386689 0.191374 0.232813 0.384851 0.502625 0.237383 0.337648
30.000000 0.052375 0.386530 0.191539 0.232774 0.384591 0.502625 0.237193 0.337260
30.200000 0.052342 0.386484 0.191417 0.232633 0.384154 0.502669 0.236970 0.336614
30.400000 0.052366 0.386055 0.191545 0.232476 0.383608 0.502587 0.236842 0.336508
30.600000 0.052359 0.385883 0.191474 0.232249 0.383098 0.502604 0.236958 0.336128
30.800000 0.052762 0.385890 0.191615 0.232178 0.382415 0.502479 0.236743 0.335603
31.000000 0.053372 0.385665 0.191554 0.232039 0.382207 0.502438 0.236549 0.335362
31.200000 0.054315 0.385391 0.191624 0.232044 0.381719 0.502529 0.236487 0.335009
31.400000 0.055822 0.385198 0.191639 0.231868 0.381457 0.502272 0.236217 0.335068
31.600000 0.057290 0.385169 0.191588 0.231828 0.381532 0.502469 0.236282 0.334994
31.800000 0.058981 0.384986 0.191595 0.231897 0.381884 0.502394 0.236238 0.335361
32.000000 0.060715 0.385272 0.191619 0.232034 0.382796 0.502183 0.236193 0.335864
32.200000 0.062480 0.385472 0.191581 0.232204 0.384159 0.502203 0.236225 0.336997
32.400000 0.064217 0.385957 0.191717 0.232413 0.386134 0.502192 0.236059 0.338247
32.600000 0.065874 0.386701 0.191786 0.233078 0.388780 0.502279 0.236272 0.340257
32.800000 0.067301 0.387759 0.192009 0.233757 0.391638 0.502436 0.236412 0.342385
33.000000 0.068866 0.389487 0.192034 0.234542 0.395342 0.502247 0.236498 0.344700
33.200000 0.070167 0.391397 0.192315 0.235573 0.399287 0.502285 0.236576 0.347919
33.400000 0.071211 0.394059 0.192456 0.236794 0.404011 0.502272 0.236767 0.351304
33.600000 0.072395 0.397233 0.192878 0.238187 0.408871 0.502172 0.236963 0.354943
33.800000 0.073341 0.401097 0.193267 0.239568 0.414121 0.502196 0.237049 0.358974
34.000000 0.074214 0.405510 0.193453 0.241314 0.419623 0.502251 0.237390 0.363136
34.200000 0.074928 0.410422 0.194114 0.243052 0.425872 0.502307 0.237474 0.367678
34.400000 0.075414 0.416104 0.194562 0.244885 0.431948 0.502208 0.237823 0.372317
34.600000 0.076186 0.422135 0.195041 0.246843 0.438517 0.502470 0.238156 0.377335
34.800000 0.076830 0.428900 0.195469 0.248824 0.445487 0.502619 0.238401 0.382822
35.000000 0.077131 0.436024 0.196003 0.250582 0.452378 0.502394 0.238684 0.388325
35.200000 0.077570 0.443653 0.196293 0.252796 0.459643 0.502205 0.238907 0.393686
35.400000 0.077882 0.450844 0.196713 0.254805 0.466440 0.502545 0.239181 0.399219
35.600000 0.078225 0.458623 0.197172 0.256385 0.473442 0.502604 0.239505 0.404726
35.800000 0.078447 0.466379 0.197753 0.258492 0.480357 0.502500 0.239760 0.410267
36.000000 0.078681 0.474560 0.197976 0.260265 0.487781 0.502601 0.240079 0.416003
36.200000 0.078888 0.483036 0.198547 0.262266 0.495020 0.502861 0.240341 0.421851
36.400000 0.078880 0.491593 0.198952 0.264037 0.502317 0.502769 0.240682 0.427814
36.600000 0.079052 0.500109 0.199287 0.265857 0.509785 0.502824 0.240991 0.433711
36.800000 0.079318 0.509113 0.199602 0.267634 0.517294 0.502786 0.241345 0.439918
37.000000 0.079432 0.517864 0.200120 0.269354 0.524823 0.502852 0.241597 0.445899
37.200000 0.079536 0.526877 0.200599 0.270987 0.532519 0.502482 0.241954 0.452259
37.400000 0.079731 0.536645 0.200974 0.273224 0.541465 0.503137 0.242427 0.460169
37.600000 0.079737 0.549038 0.201541 0.275279 0.551547 0.503044 0.242711 0.467745
37.800000 0.079755 0.558070 0.201880 0.277222 0.559213 0.503129 0.242979 0.474163
38.000000 0.079870 0.566949 0.202286 0.278884 0.566869 0.503166 0.243289 0.480581
38.200000 0.079948 0.576096 0.202789 0.280549 0.574709 0.503088 0.243568 0.486877
38.400000 0.079953 0.585163 0.203083 0.282006 0.582442 0.503140 0.243927 0.493380
38.600000 0.079997 0.594176 0.203424 0.283715 0.590270 0.503372 0.244197 0.499577
38.800000 0.080060 0.602995 0.203815 0.285455 0.598221 0.503490 0.244475 0.506044
39.000000 0.080060 0.611646 0.204145 0.287137 0.606036 0.503483 0.245052 0.512421
39.200000 0.080044 0.620383 0.204462 0.288657 0.613735 0.503441 0.245087 0.518684
39.400000 0.080072 0.628908 0.204852 0.290120 0.621588 0.503390 0.245579 0.525148
39.600000 0.080111 0.637241 0.205186 0.291694 0.629465 0.503666 0.245959 0.531468
39.800000 0.080165 0.645579 0.205433 0.293185 0.637055 0.503680 0.246103 0.537646
40.000000 0.080187 0.653706 0.205850 0.294877 0.644866 0.503754 0.246599 0.543866
40.200000 0.080199 0.661866 0.206037 0.296178 0.653040 0.503647 0.246940 0.550351
40.400000 0.080189 0.669841 0.206571 0.297930 0.660572 0.503724 0.247290 0.556415
40.600000 0.080046 0.677725 0.206932 0.299239 0.668349 0.503953 0.247742 0.562726
40.800000 0.080162 0.685262 0.207213 0.300801 0.675889 0.503911 0.247954 0.568929
41.000000 0.080212 0.692741 0.207657 0.302389 0.683647 0.503997 0.248333 0.575090
41.200000 0.080126 0.699712 0.207748 0.303757 0.691080 0.504035 0.248653 0.581040
41.400000 0.080166 0.706768 0.208243 0.305323 0.698831 0.504129 0.248981 0.587046
41.600000 0.080169 0.713539 0.208291 0.306674 0.706194 0.503934 0.249348 0.593032
41.800000 0.080168 0.720132 0.208293 0.307893 0.713666 0.504268 0.249648 0.598852
42.000000 0.080179 0.726292 0.208976 0.309387 0.721078 0.504451 0.249888 0.604625
42.200000 0.080155 0.732723 0.209251 0.310789 0.728032 0.504293 0.250316 0.610428
42.400000 0.080155 0.738582 0.209615 0.312119 0.735294 0.504506 0.250727 0.615958
42.600000 0.080180 0.744425 0.209748 0.313442 0.742350 0.504444 0.250955 0.621565
42.800000 0.080156 0.749875 0.210065 0.314899 0.749395 0.504645 0.251368 0.627157
43.000000 0.080171 0.755116 0.210469 0.316224 0.756155 0.504580 0.251626 0.632548
43.200000 0.080146 0.760344 0.210682 0.317515 0.762804 0.504670 0.251998 0.637974
43.400000 0.080190 0.765498 0.210705 0.318859 0.769699 0.504751 0.252299 0.643190
43.600000 0.080151 0.770041 0.211078 0.320091 0.776091 0.504817 0.252677 0.648651
43.800000 0.080155 0.775131 0.211327 0.321600 0.783646 0.504823 0.252961 0.654830
44.000000 0.080085 0.780291 0.211529 0.323061 0.791218 0.504776 0.253234 0.660300
44.200000 0.080072 0.784643 0.212045 0.324377 0.797493 0.504924 0.253613 0.665721
44.400000 0.080083 0.788703 0.211951 0.325522 0.803598 0.504975 0.254114 0.670320
44.600000 0.080091 0.792240 0.212317 0.326659 0.809337 0.505207 0.254496 0.675218
44.800000 0.080082 0.795922 0.212607 0.327950 0.815134 0.504968 0.254786 0.679914
45.000000 0.080101 0.799485 0.212744 0.329055 0.820952 0.505084 0.254980 0.684549
45.200000 0.080093 0.802862 0.213007 0.330094 0.826448 0.505075 0.255433 0.689055
45.400000 0.080068 0.805709 0.213203 0.331279 0.832050 0.505267 0.255764 0.693470
45.600000 0.080072 0.808741 0.213387 0.332609 0.837285 0.505347 0.255982 0.697592
45.800000 0.080051 0.811636 0.213408 0.333595 0.842738 0.505219 0.256317 0.702100
46.000000 0.080118 0.814475 0.213606 0.334833 0.847662 0.505390 0.256786 0.706123
46.200000 0.080032 0.817046 0.214015 0.335924 0.852715 0.505515 0.257065 0.710157
46.400000 0.080033 0.819483 0.214171 0.337210 0.857495 0.505568 0.257195 0.714414
46.600000 0.080068 0.822110 0.214348 0.338268 0.862513 0.505710 0.257480 0.718284
46.800000 0.080019 0.824187 0.214583 0.339055 0.867200 0.505692 0.257996 0.722188
47.000000 0.080072 0.826490 0.214573 0.340233 0.871697 0.505739 0.258243 0.725744
47.200000 0.080021 0.828683 0.214896 0.341377 0.876269 0.505773 0.258696 0.729669
47.400000 0.080037 0.830401 0.215030 0.342392 0.880452 0.505618 0.258905 0.733118
47.600000 0.080016 0.832235 0.215277 0.343387 0.884473 0.505849 0.259240 0.736682
47.800000 0.079839 0.833903 0.215321 0.344461 0.889089 0.506035 0.259653 0.740191
48.000000 0.079974 0.835851 0.215531 0.345334 0.893013 0.506002 0.259964 0.743554
48.200000 0.080096 0.837415 0.215743 0.346443 0.897122 0.506017 0.260103 0.746695
48.400000 0.080014 0.839092 0.215905 0.347566 0.900741 0.506241 0.260363 0.749899
48.600000 0.079962 0.840654 0.215977 0.348499 0.904429 0.506277 0.260741 0.753031
48.800000 0.080056 0.842084 0.216165 0.349373 0.908263 0.506357 0.260778 0.756153
49.000000 0.079856 0.843493 0.216271 0.350387 0.911964 0.506352 0.261243 0.759395
49.200000 0.079839 0.844756 0.216329 0.351325 0.915406 0.506404 0.261815 0.762292
49.400000 0.079986 0.846143 0.216589 0.352136 0.918838 0.506293 0.261943 0.765042
49.600000 0.079719 0.847303 0.216565 0.353176 0.922169 0.506340 0.262269 0.767781
49.800000 0.079937 0.848345 0.216713 0.354152 0.925369 0.506572 0.262522 0.770481
50.000000 0.079950 0.849462 0.217075 0.355003 0.928707 0.506560 0.262906 0.773300
50.200000 0.079871 0.850694 0.217136 0.356186 0.932414 0.506690 0.263101 0.776397
50.400000 0.079908 0.851652 0.217235 0.357198 0.935338 0.506697 0.263511 0.778843
50.600000 0.079821 0.852793 0.217326 0.357961 0.938519 0.506724 0.263715 0.781536
50.800000 0.079924 0.853621 0.217575 0.358729 0.941304 0.506678 0.264157 0.783993
51.000000 0.079900 0.854646 0.217600 0.359795 0.944319 0.506807 0.264454 0.786429
51.200000 0.079901 0.855473 0.217792 0.360630 0.946960 0.506757 0.264732 0.788531
51.400000 0.079911 0.856215 0.217874 0.361603 0.949645 0.506960 0.265197 0.790842
51.600000 0.079852 0.857109 0.217879 0.362526 0.952330 0.507041 0.265297 0.793016
51.800000 0.079871 0.857617 0.218142 0.363240 0.954608 0.507023 0.265743 0.795180
52.000000 0.079877 0.858487 0.218295 0.364031 0.957430 0.507188 0.265957 0.797466
52.200000 0.079880 0.859115 0.218234 0.364844 0.959772 0.507209 0.266166 0.799429
52.400000 0.079865 0.859961 0.218413 0.365828 0.962174 0.507110 0.266550 0.801513
52.600000 0.079846 0.860594 0.218617 0.366575 0.964513 0.507310 0.266838 0.803269
52.800000 0.079890 0.860954 0.218518 0.367418 0.966849 0.507276 0.267174 0.805255
53.000000 0.079852 0.861362 0.218705 0.368202 0.969038 0.507383 0.267227 0.807041
53.200000 0.079797 0.862172 0.218724 0.369006 0.971250 0.507464 0.267630 0.809018
53.400000 0.079799 0.862500 0.218892 0.369857 0.973066 0.507457 0.267937 0.810655
53.600000 0.079832 0.862899 0.219021 0.370771 0.975059 0.507402 0.268248 0.812396
53.800000 0.079826 0.863540 0.219257 0.371388 0.977453 0.507381 0.268410 0.814184
54.000000 0.079709 0.863822 0.219208 0.372109 0.979207 0.507669 0.268781 0.815858
54.200000 0.079792 0.864206 0.219356 0.373017 0.981031 0.507791 0.269131 0.817403
54.400000 0.079598 0.864871 0.219390 0.373823 0.983260 0.468895 0.269448 0.819054
54.600000 0.079880 0.865034 0.219293 0.374400 0.984711 0.507773 0.269504 0.820282
54.800000 0.079743 0.865532 0.219628 0.375289 0.986340 0.507950 0.269671 0.821914
55.000000 0.079746 0.866030 0.219843 0.376120 0.988402 0.508043 0.270150 0.823512
55.200000 0.079713 0.866241 0.219604 0.376560 0.990057 0.507982 0.270237 0.824602
55.400000 0.079685 0.866693 0.219862 0.377439 0.991619 0.508100 0.270678 0.826072
55.600000 0.079699 0.866964 0.219933 0.378034 0.992968 0.508036 0.270948 0.827267
55.800000 0.079733 0.867272 0.219913 0.378836 0.994672 0.508175 0.271177 0.828511
56.000000 0.079700 0.867533 0.220131 0.379589 0.996229 0.508244 0.271353 0.829912
56.200000 0.079651 0.867663 0.220184 0.380338 0.997687 0.508218 0.271747 0.831266
56.400000 0.079618 0.867812 0.219938 0.381127 0.999331 0.508283 0.272216 0.832589
56.600000 0.079776 0.868209 0.220032 0.381683 1.000864 0.508225 0.272339 0.833731
56.800000 0.079659 0.868588 0.220411 0.382477 1.002237 0.508549 0.272615 0.834898
57.000000 0.079659 0.868655 0.220313 0.383020 1.003506 0.508491 0.272675 0.835865
57.200000 0.079647 0.868789 0.220630 0.383607 1.004772 0.508438 0.273135 0.836797
57.400000 0.079799 0.868899 0.220522 0.384269 1.005919 0.508557 0.273357 0.837993
57.600000 0.079626 0.869064 0.220784 0.385047 1.007347 0.508606 0.273462 0.839056
57.800000 0.079570 0.869247 0.220749 0.385636 1.008585 0.508775 0.273836 0.840072
58.000000 0.079504 0.869345 0.220818 0.386502 1.009519 0.508738 0.274125 0.840806
58.200000 0.079563 0.869321 0.220935 0.386865 1.010635 0.508761 0.274371 0.841948
58.400000 0.079569 0.869495 0.220937 0.387626 1.011791 0.508858 0.274562 0.842615
58.600000 0.079568 0.869825 0.221006 0.388280 1.012910 0.509017 0.274901 0.843700
58.800000 0.079549 0.869820 0.221045 0.388919 1.013977 0.508921 0.275049 0.844371
59.000000 0.079535 0.869904 0.221034 0.389268 1.014784 0.508995 0.275173 0.845347
59.200000 0.079523 0.869961 0.220994 0.390071 1.015979 0.509046 0.275545 0.846110
59.400000 0.079564 0.870159 0.221210 0.390735 1.017200 0.508822 0.275797 0.847068
59.600000 0.079368 0.870070 0.221141 0.391228 1.017963 0.509110 0.275948 0.847646
59.800000 0.079374 0.870311 0.221275 0.391945 1.018964 0.509043 0.276264 0.848456
60.000000 0.079522 0.870171 0.221303 0.392445 1.019822 0.509091 0.276348 0.849043
60.200000 0.079370 0.870201 0.221283 0.392830 1.020656 0.509302 0.276731 0.849802
60.400000 0.079460 0.870366 0.221443 0.393641 1.021525 0.509322 0.277063 0.850638
60.600000 0.079477 0.870296 0.221551 0.394285 1.022436 0.509317 0.277200 0.851282
60.800000 0.079477 0.870489 0.221549 0.394880 1.023298 0.509442 0.277450 0.852050
61.000000 0.079474 0.870431 0.221553 0.395494 1.024049 0.509414 0.277857 0.852441
61.200000 0.079481 0.870102 0.221608 0.395917 1.024877 0.509486 0.277933 0.853171
61.400000 0.079470 0.870417 0.221626 0.396455 1.025835 0.509597 0.278158 0.853773
61.600000 0.079366 0.870062 0.221398 0.396626 1.026104 0.509392 0.278081 0.854240
61.800000 0.079283 0.870297 0.221654 0.397472 1.026996 0.509455 0.278335 0.855067
62.000000 0.079297 0.870407 0.221560 0.398396 1.028038 0.509597 0.278745 0.855501
62.200000 0.079361 0.870612 0.221868 0.398873 1.028977 0.509708 0.279279 0.856695
62.400000 0.079427 0.870513 0.222012 0.399626 1.029735 0.509847 0.279499 0.856910
62.600000 0.079334 0.870554 0.221989 0.400170 1.030480 0.509928 0.279554 0.857700
62.800000 0.079283 0.870717 0.222134 0.400705 1.031480 0.509900 0.279866 0.858423
63.000000 0.079457 0.870641 0.222145 0.401285 1.031973 0.509856 0.280026 0.858870
63.200000 0.079439 0.870607 0.222086 0.401770 1.032617 0.510090 0.280418 0.859279
63.400000 0.079413 0.870664 0.221905 0.402226 1.033120 0.509968 0.280570 0.859854
63.600000 0.079420 0.870791 0.222334 0.402835 1.033699 0.510092 0.280910 0.860301
63.800000 0.079418 0.870784 0.222121 0.403341 1.034297 0.510123 0.280989 0.860741
64.000000 0.079387 0.870606 0.222216 0.403646 1.034656 0.509844 0.281113 0.861176
64.200000 0.079421 0.870793 0.222411 0.404233 1.035326 0.510204 0.281495 0.861635
64.400000 0.079493 0.870580 0.222067 0.404778 1.035549 0.509977 0.281519 0.861774
64.600000 0.079364 0.870543 0.222335 0.405176 1.036515 0.510304 0.281705 0.862395
64.800000 0.079203 0.870422 0.222400 0.405609 1.036774 0.510377 0.282034 0.862691
65.000000 0.079463 0.870632 0.222531 0.406164 1.037402 0.510385 0.282283 0.863069
65.200000 0.079376 0.870543 0.222558 0.406503 1.037989 0.510255 0.282480 0.863655
65.400000 0.079316 0.870617 0.222757 0.407178 1.038219 0.510423 0.282708 0.863938
65.600000 0.079293 0.870621 0.222625 0.407713 1.038919 0.510387 0.282873 0.864214
65.800000 0.079299 0.870434 0.222489 0.408024 1.039423 0.510432 0.283067 0.864866
66.000000 0.079286 0.870479 0.222660 0.408475 1.039759 0.510514 0.283228 0.864933
66.200000 0.079301 0.870450 0.222633 0.409055 1.040063 0.510710 0.283507 0.865387
66.400000 0.079297 0.870503 0.222648 0.409439 1.040405 0.510587 0.283628 0.865642
66.600000 0.079315 0.870283 0.222799 0.409722 1.041014 0.510665 0.283876 0.865885
66.800000 0.079291 0.870224 0.222905 0.410386 1.041297 0.510853 0.284087 0.866311
67.000000 0.079241 0.870352 0.222822 0.410812 1.041684 0.510752 0.284186 0.866414
67.200000 0.079294 0.870057 0.222859 0.411373 1.042118 0.510689 0.284575 0.866702
67.400000 0.079311 0.870059 0.222924 0.411651 1.042434 0.510914 0.284629 0.867180
67.600000 0.079315 0.870227 0.223005 0.412098 1.042796 0.511093 0.284956 0.867587
67.800000 0.079283 0.869976 0.223050 0.412461 1.043159 0.511053 0.285035 0.867633
68.000000 0.079296 0.870119 0.223051 0.412990 1.043670 0.511094 0.285049 0.867812
68.200000 0.079270 0.869893 0.223082 0.413226 1.043819 0.511037 0.285379 0.868083
68.400000 0.079255 0.869987 0.223152 0.413847 1.044148 0.511022 0.285617 0.868514
68.600000 0.079207 0.869775 0.223078 0.414122 1.044492 0.511057 0.285790 0.868756
68.800000 0.079240 0.869916 0.223171 0.414863 1.044979 0.511243 0.286003 0.869053
69.000000 0.079235 0.869867 0.223190 0.415162 1.045295 0.511459 0.286204 0.869196
69.200000 0.079228 0.869496 0.223377 0.415558 1.045460 0.511047 0.286389 0.869405
69.400000 0.079200 0.869581 0.223159 0.415826 1.045809 0.511254 0.286550 0.869517
69.600000 0.079054 0.869628 0.223149 0.416265 1.046096 0.511395 0.286738 0.869855
69.800000 0.079209 0.869421 0.223340 0.416841 1.046369 0.511564 0.286973 0.869925
70.000000 0.079329 0.869482 0.223330 0.417199 1.046750 0.511584 0.287118 0.870209
70.200000 0.079202 0.869212 0.223342 0.417562 1.046655 0.511558 0.287183 0.870446
70.400000 0.079241 0.869418 0.223306 0.417884 1.046986 0.511567 0.287432 0.870563
70.600000 0.079059 0.869339 0.223350 0.418341 1.047239 0.511656 0.287584 0.870968
70.800000 0.079211 0.869272 0.223241 0.418681 1.047678 0.511518 0.287930 0.870878
71.000000 0.079054 0.869189 0.223444 0.419115 1.047695 0.511655 0.287804 0.870978
71.200000 0.079126 0.869279 0.223498 0.419390 1.047906 0.511714 0.288163 0.871253
71.400000 0.079220 0.869344 0.223479 0.420036 1.048256 0.511841 0.288360 0.871649
71.600000 0.079056 0.869113 0.223531 0.420189 1.048187 0.511901 0.288370 0.871632
71.800000 0.079201 0.868988 0.223496 0.420383 1.048612 0.511860 0.288651 0.871990
72.000000 0.079050 0.868844 0.223635 0.420987 1.048848 0.511909 0.288696 0.872162
72.200000 0.079154 0.869033 0.223687 0.421154 1.049104 0.512038 0.288951 0.872275
72.400000 0.079173 0.869067 0.223548 0.421673 1.049430 0.512206 0.289020 0.872355
72.600000 0.079184 0.868898 0.223638 0.422055 1.049591 0.511990 0.289288 0.872408
72.800000 0.079163 0.869097 0.223720 0.422420 1.049857 0.512151 0.289584 0.872694
73.000000 0.079029 0.868731 0.223790 0.422746 1.049701 0.512089 0.289665 0.872816
73.200000 0.079144 0.868749 0.223649 0.423151 1.050024 0.512168 0.289916 0.872905
73.400000 0.079145 0.868679 0.223801 0.423501 1.050044 0.512213 0.290052 0.873062
73.600000 0.079126 0.868616 0.223792 0.423918 1.050502 0.512374 0.290110 0.873016
73.800000 0.079135 0.868757 0.223810 0.424340 1.050472 0.512257 0.290082 0.873178
74.000000 0.079150 0.868647 0.223975 0.424475 1.050717 0.512296 0.290461 0.873293
74.200000 0.079155 0.868560 0.223711 0.424823 1.050732 0.512399 0.290625 0.873520
74.400000 0.079178 0.868469 0.223907 0.425381 1.051126 0.512481 0.290743 0.873653
74.600000 0.079150 0.868430 0.223767 0.425644 1.051224 0.512421 0.290907 0.873784
74.800000 0.079144 0.868341 0.223931 0.425984 1.051465 0.512513 0.290910 0.873690
75.000000 0.079288 0.868353 0.223948 0.426185 1.051628 0.512403 0.291144 0.873967
75.200000 0.079337 0.868353 0.223966 0.426734 1.051674 0.512637 0.291311 0.874022
75.400000 0.079164 0.868130 0.223917 0.427018 1.051758 0.512680 0.291564 0.874148
75.600000 0.079133 0.868214 0.223863 0.427197 1.052020 0.512713 0.291691 0.874353
75.800000 0.079123 0.868061 0.224000 0.427666 1.052245 0.512682 0.291785 0.874454
76.000000 0.079145 0.868074 0.224109 0.428125 1.052220 0.512811 0.292019 0.874426
76.200000 0.079185 0.868304 0.224068 0.428465 1.052309 0.512893 0.292158 0.874704
76.400000 0.079144 0.868130 0.224142 0.428561 1.052406 0.512899 0.292305 0.874647
76.600000 0.079173 0.868016 0.224084 0.429049 1.052525 0.512854 0.292461 0.874924
76.800000 0.079113 0.867953 0.224128 0.429100 1.052581 0.513126 0.292556 0.875009
77.000000 0.079156 0.868045 0.224207 0.429667 1.052966 0.513026 0.292814 0.875023
77.200000 0.079141 0.867755 0.224043 0.429894 1.052755 0.512894 0.292732 0.874950
77.400000 0.079162 0.867782 0.224193 0.430286 1.052929 0.513089 0.292872 0.875329
77.600000 0.079141 0.867771 0.224282 0.430347 1.053050 0.513030 0.293157 0.875198
77.800000 0.079151 0.867905 0.224276 0.430877 1.053196 0.513017 0.293313 0.875359
78.000000 0.079156 0.867830 0.224310 0.431135 1.053401 0.513212 0.293356 0.875473
78.200000 0.079135 0.867867 0.224332 0.431319 1.053661 0.513340 0.293441 0.875502
78.400000 0.079268 0.867679 0.224392 0.431773 1.053756 0.513212 0.293738 0.875622
78.600000 0.079118 0.867853 0.224432 0.432003 1.053668 0.513205 0.293872 0.875555
78.800000 0.079123 0.867680 0.224404 0.432473 1.053842 0.513399 0.294080 0.875729
79.000000 0.079103 0.867614 0.224403 0.432631 1.054036 0.513333 0.294157 0.875809
79.200000 0.079122 0.867701 0.224445 0.432769 1.053838 0.513330 0.294243 0.875704
79.400000 0.079110 0.867738 0.224387 0.433156 1.053659 0.513541 0.294467 0.875999
79.600000 0.079162 0.867592 0.224319 0.433362 1.054194 0.513460 0.294367 0.876070
79.800000 0.079116 0.867500 0.224385 0.433685 1.054212 0.513560 0.294623 0.876141
80.000000 0.079184 0.867509 0.224482 0.434055 1.054213 0.513519 0.294761 0.876072
80.200000 0.078931 0.867357 0.224324 0.434203 1.054342 0.513493 0.294945 0.876023
80.400000 0.079176 0.867478 0.224731 0.434656 1.054461 0.513869 0.294855 0.876324
80.600000 0.079111 0.867564 0.224477 0.434953 1.054681 0.513625 0.295138 0.876442
80.800000 0.079125 0.867316 0.224661 0.435146 1.054545 0.513802 0.295381 0.876456
81.000000 0.079154 0.867285 0.224510 0.435411 1.054472 0.513781 0.295413 0.876436
81.200000 0.079076 0.867607 0.224442 0.435720 1.093620 0.513958 0.295461 0.876379
81.400000 0.079116 0.867326 0.224552 0.435976 1.054899 0.513876 0.295624 0.876484
81.600000 0.078899 0.867379 0.224568 0.436059 1.054958 0.513925 0.295596 0.876558
81.800000 0.079099 0.867128 0.224700 0.436457 1.054909 0.513886 0.295861 0.876396
82.000000 0.079055 0.867210 0.224738 0.436744 1.054877 0.514032 0.295975 0.876649
82.200000 0.079032 0.867065 0.224695 0.436941 1.054938 0.514121 0.296119 0.876455
82.400000 0.079079 0.867160 0.224823 0.437217 1.054920 0.513994 0.296238 0.876656
82.600000 0.079053 0.867064 0.224653 0.437383 1.054764 0.513941 0.296223 0.876812
82.800000 0.079019 0.867052 0.224792 0.437667 1.055070 0.514040 0.296403 0.876633
83.000000 0.079026 0.867223 0.224797 0.437877 1.055157 0.514094 0.296499 0.876862
83.200000 0.078881 0.867131 0.224808 0.438119 1.055114 0.514113 0.296495 0.876907
83.400000 0.078925 0.866994 0.224794 0.438258 1.055147 0.514270 0.296924 0.876885
83.600000 0.079029 0.866894 0.224857 0.438659 1.055429 0.514332 0.296832 0.876913
83.800000 0.079060 0.867003 0.224890 0.438877 1.055170 0.514202 0.296860 0.876668
84.000000 0.078891 0.866931 0.224822 0.439186 1.055328 0.514281 0.297030 0.876877
84.200000 0.079073 0.866881 0.224958 0.439179 1.055349 0.514423 0.297216 0.877072
84.400000 0.078905 0.866913 0.224800 0.439525 1.055484 0.514427 0.297092 0.877016
84.600000 0.079076 0.866906 0.224834 0.439870 1.055592 0.514525 0.297420 0.876984
84.800000 0.079067 0.866847 0.225053 0.440025 1.055727 0.514385 0.297691 0.877192
85.000000 0.079045 0.866677 0.224847 0.440204 1.055520 0.514434 0.297643 0.877147
85.200000 0.079089 0.866684 0.224957 0.440510 1.055573 0.514668 0.297655 0.877213
85.400000 0.078918 0.866616 0.224924 0.440447 1.055598 0.514591 0.297763 0.876973
85.600000 0.079075 0.866786 0.225022 0.440898 1.055712 0.514671 0.298003 0.877315
85.800000 0.079191 0.866577 0.225056 0.441179 1.055865 0.514684 0.297872 0.877245
86.000000 0.078890 0.866692 0.225072 0.441333 1.055646 0.514526 0.298094 0.877347
86.200000 0.079039 0.866563 0.224820 0.441515 1.055999 0.514607 0.298142 0.877302
86.400000 0.079022 0.866578 0.225074 0.441635 1.055827 0.514704 0.298213 0.877355
86.600000 0.078898 0.866503 0.225154 0.441927 1.055776 0.514426 0.298399 0.877376
86.800000 0.078920 0.866689 0.225183 0.442361 1.056199 0.514834 0.298563 0.877402
87.000000 0.079059 0.866532 0.225266 0.442657 1.056026 0.514901 0.298616 0.877307
87.200000 0.078969 0.866406 0.225110 0.442747 1.055915 0.514772 0.298663 0.877369
87.400000 0.078988 0.866519 0.225099 0.442971 1.055925 0.514963 0.298914 0.877389
87.600000 0.079013 0.866449 0.225157 0.443171 1.055989 0.514964 0.298774 0.877391
87.800000 0.078863 0.866491 0.225371 0.443307 1.055969 0.514857 0.299022 0.877522
88.000000 0.079038 0.866537 0.225352 0.443662 1.056183 0.515059 0.298942 0.877439
88.200000 0.079015 0.866459 0.225210 0.443837 1.056091 0.515100 0.299016 0.877497
88.400000 0.078911 0.866599 0.225202 0.444073 1.056290 0.515223 0.299310 0.877658
88.600000 0.078899 0.866596 0.225121 0.444247 1.056356 0.515139 0.299293 0.877817
88.800000 0.079008 0.866482 0.225270 0.444474 1.056308 0.515084 0.299483 0.877819
89.000000 0.079029 0.866301 0.225307 0.444511 1.056293 0.515182 0.299498 0.877686
89.200000 0.079016 0.866534 0.225394 0.444700 1.056513 0.515279 0.299673 0.877555
89.400000 0.079189 0.866514 0.225345 0.445173 1.056433 0.515373 0.299750 0.877753
89.600000 0.078878 0.866328 0.225447 0.445369 1.056433 0.515365 0.299683 0.877904
89.800000 0.079029 0.866671 0.225304 0.445232 1.055926 0.515412 0.299923 0.877740
90.000000 0.078888 0.866298 0.225276 0.445598 1.056388 0.515382 0.299956 0.877807
