0.200000 0.187814 0.407383 0.139443 0.173652 0.489098 0.516722 0.184643 0.399671
0.400000 0.187724 0.406314 0.139349 0.173334 0.486136 0.516632 0.183957 0.397534
0.600000 0.187715 0.405620 0.139305 0.173021 0.484591 0.516599 0.183607 0.396321
0.800000 0.187536 0.405242 0.139280 0.172801 0.482813 0.516641 0.183346 0.395149
1.000000 0.187643 0.404638 0.139318 0.172564 0.481326 0.516403 0.183024 0.393853
1.200000 0.187620 0.404199 0.139192 0.172279 0.479587 0.516248 0.182703 0.392835
1.400000 0.187414 0.403694 0.139161 0.172060 0.478139 0.516338 0.182249 0.391664
1.600000 0.187491 0.403038 0.139123 0.171836 0.476559 0.516058 0.182082 0.390393
1.800000 0.187475 0.402263 0.139044 0.171773 0.475012 0.516160 0.181797 0.389328
2.000000 0.187437 0.402029 0.139135 0.171370 0.473679 0.515868 0.181472 0.388261
2.200000 0.187246 0.401403 0.139043 0.171184 0.472010 0.515876 0.181129 0.387105
2.400000 0.187244 0.400759 0.138767 0.170801 0.470538 0.515617 0.180908 0.385746
2.600000 0.187257 0.400131 0.138705 0.170609 0.469187 0.515716 0.180638 0.384943
2.800000 0.187078 0.399720 0.138724 0.170536 0.467621 0.515546 0.180218 0.383729
3.000000 0.187217 0.399056 0.138578 0.170365 0.466076 0.515537 0.179969 0.382646
3.200000 0.187156 0.398756 0.138808 0.170258 0.464778 0.515392 0.179700 0.381559
3.400000 0.187086 0.398370 0.138621 0.169915 0.463188 0.515150 0.179309 0.380508
3.600000 0.186965 0.397700 0.138617 0.169776 0.461746 0.515242 0.179095 0.379284
3.800000 0.187016 0.397192 0.138574 0.169487 0.460341 0.515212 0.178793 0.378472
4.000000 0.186930 0.396753 0.138535 0.169349 0.458922 0.514948 0.178496 0.377277
4.200000 0.186951 0.396333 0.138511 0.169152 0.457479 0.514978 0.178167 0.376160
4.400000 0.186887 0.395711 0.138549 0.168886 0.456206 0.514696 0.177776 0.375225
4.600000 0.186875 0.395309 0.138465 0.168751 0.454704 0.514591 0.177731 0.374078
4.800000 0.186821 0.394840 0.138295 0.168391 0.453364 0.514580 0.177412 0.373099
5.000000 0.186619 0.394352 0.138162 0.168272 0.451751 0.514517 0.177110 0.372081
5.200000 0.186749 0.393949 0.138237 0.168005 0.450493 0.514324 0.176581 0.370951
5.400000 0.186681 0.393413 0.138137 0.168081 0.449152 0.514433 0.175805 0.370097
5.600000 0.186627 0.392959 0.138098 0.167776 0.447782 0.514160 0.176170 0.369052
5.800000 0.186333 0.392352 0.138077 0.167395 0.446395 0.514183 0.175769 0.368036
6.000000 0.186430 0.391803 0.137919 0.167205 0.444707 0.513768 0.175375 0.366684
6.200000 0.186255 0.390932 0.137718 0.166968 0.443301 0.513766 0.175189 0.365728
6.400000 0.186499 0.390900 0.138069 0.166795 0.441798 0.513821 0.174919 0.364591
6.600000 0.186386 0.390224 0.137787 0.166710 0.440078 0.513672 0.174438 0.363382
6.800000 0.186329 0.389857 0.137898 0.166533 0.438951 0.513587 0.174198 0.362408
7.000000 0.186262 0.389375 0.137646 0.166352 0.437614 0.513455 0.173973 0.361492
7.200000 0.186248 0.389013 0.137807 0.166203 0.436255 0.513137 0.173750 0.360644
7.400000 0.186232 0.388382 0.137717 0.165911 0.435159 0.513221 0.173644 0.359640
7.600000 0.186172 0.388036 0.137675 0.166118 0.433919 0.513296 0.173336 0.358784
7.800000 0.186148 0.387653 0.137672 0.165800 0.432653 0.513032 0.172927 0.357862
8.000000 0.186301 0.387203 0.137498 0.165455 0.431536 0.512959 0.172579 0.356983
8.200000 0.185972 0.386668 0.137599 0.165234 0.430065 0.512805 0.172436 0.356028
8.400000 0.186066 0.386333 0.137615 0.165063 0.429032 0.512737 0.172174 0.355006
8.600000 0.185856 0.386046 0.137531 0.165043 0.427904 0.512593 0.172105 0.354328
8.800000 0.185981 0.385733 0.137385 0.164672 0.426696 0.512534 0.171522 0.353363
9.000000 0.185938 0.385268 0.137444 0.164676 0.425448 0.512454 0.171430 0.352629
9.200000 0.185934 0.384746 0.137389 0.164368 0.424351 0.512280 0.171216 0.351793
9.400000 0.185887 0.384332 0.137318 0.164362 0.423200 0.512155 0.170630 0.350883
9.600000 0.185871 0.383983 0.137177 0.164329 0.422202 0.512161 0.170735 0.350108
9.800000 0.185413 0.383272 0.137305 0.163957 0.420940 0.511846 0.170301 0.349207
10.000000 0.185798 0.383002 0.137249 0.163775 0.419920 0.511890 0.170262 0.348480
10.200000 0.185765 0.382833 0.137219 0.163735 0.418786 0.511688 0.169843 0.347543
10.400000 0.185570 0.382431 0.137155 0.163454 0.417759 0.511683 0.169552 0.346760
10.600000 0.185686 0.382192 0.137042 0.163491 0.416644 0.511504 0.169488 0.346039
10.800000 0.185645 0.381511 0.137117 0.163291 0.415576 0.511332 0.169224 0.345181
11.000000 0.185567 0.381169 0.137171 0.163049 0.414444 0.511425 0.168620 0.344327
11.200000 0.185699 0.380884 0.137023 0.162907 0.413455 0.511193 0.168613 0.343590
11.400000 0.185543 0.380552 0.137095 0.162952 0.412333 0.511311 0.168591 0.342833
11.600000 0.185524 0.380110 0.136994 0.162578 0.411251 0.511122 0.168194 0.342178
11.800000 0.185496 0.379738 0.136896 0.162599 0.410285 0.510932 0.168080 0.341201
12.000000 0.185426 0.379205 0.136909 0.162449 0.409362 0.510719 0.167750 0.340467
12.200000 0.185350 0.378939 0.136822 0.162234 0.408273 0.510805 0.167607 0.339809
12.400000 0.185261 0.378594 0.136729 0.162028 0.407245 0.510703 0.167501 0.339085
12.600000 0.185313 0.378165 0.136800 0.161915 0.406178 0.510545 0.167146 0.338137
12.800000 0.185331 0.378020 0.136777 0.161663 0.405265 0.510414 0.166964 0.337460
13.000000 0.185276 0.377628 0.136726 0.161869 0.404332 0.510293 0.166640 0.336807
13.200000 0.185100 0.377278 0.136624 0.161718 0.403140 0.510139 0.166518 0.336000
13.400000 0.185244 0.376902 0.136656 0.161475 0.402346 0.510191 0.166248 0.335452
13.600000 0.185190 0.376630 0.136622 0.161411 0.401391 0.510193 0.166288 0.334719
13.800000 0.185192 0.376312 0.136685 0.161238 0.400659 0.510056 0.165978 0.334156
14.000000 0.185148 0.375988 0.136440 0.161239 0.399720 0.509959 0.165722 0.333541
14.200000 0.185129 0.375940 0.136669 0.161082 0.398843 0.509749 0.165565 0.332814
14.400000 0.185072 0.375437 0.136513 0.160730 0.398018 0.509862 0.165379 0.332214
14.600000 0.185036 0.375084 0.136511 0.160692 0.397146 0.509734 0.165238 0.331577
14.800000 0.185034 0.374892 0.136209 0.160652 0.396422 0.509522 0.165049 0.330905
15.000000 0.184972 0.374549 0.136439 0.160469 0.395507 0.509356 0.164669 0.330319
15.200000 0.184873 0.374175 0.136442 0.160319 0.394729 0.509248 0.164657 0.329643
15.400000 0.184914 0.373857 0.136299 0.160273 0.393601 0.509285 0.164452 0.329083
15.600000 0.184822 0.373489 0.136334 0.160100 0.392818 0.509025 0.164158 0.328256
15.800000 0.184904 0.373284 0.136520 0.160006 0.392013 0.509075 0.163919 0.327901
16.000000 0.184816 0.373091 0.136413 0.159794 0.391117 0.508959 0.163915 0.327189
16.200000 0.184795 0.372691 0.136338 0.159827 0.390415 0.508878 0.163681 0.326534
16.400000 0.184810 0.372428 0.136250 0.159651 0.389422 0.508779 0.163524 0.325978
16.600000 0.184659 0.372151 0.136142 0.159445 0.388932 0.508658 0.163338 0.325441
16.800000 0.184750 0.371808 0.136179 0.159392 0.388007 0.508533 0.163133 0.324782
17.000000 0.184762 0.371543 0.136343 0.159314 0.387250 0.508453 0.163002 0.324238
17.200000 0.184708 0.371363 0.136141 0.159444 0.386457 0.508284 0.162748 0.323738
17.400000 0.184636 0.370870 0.136112 0.159133 0.385523 0.508347 0.162621 0.323015
17.600000 0.184675 0.370705 0.136227 0.159096 0.384735 0.508204 0.162412 0.322332
17.800000 0.184520 0.370489 0.136213 0.158958 0.383916 0.508054 0.162279 0.321910
18.000000 0.184594 0.370076 0.136052 0.158795 0.383249 0.507838 0.162119 0.321089
18.200000 0.184568 0.369807 0.136004 0.158828 0.382419 0.507932 0.161971 0.320590
18.400000 0.184484 0.369520 0.136058 0.158591 0.381722 0.507873 0.161765 0.320198
18.600000 0.184538 0.369123 0.135973 0.158525 0.380994 0.507729 0.161616 0.319659
18.800000 0.184556 0.368986 0.135961 0.158408 0.380231 0.507702 0.161480 0.319046
19.000000 0.184220 0.368504 0.135735 0.158145 0.379321 0.507450 0.161174 0.318283
19.200000 0.184327 0.368388 0.135876 0.157926 0.378438 0.507432 0.161080 0.317767
19.400000 0.184456 0.368194 0.135875 0.158048 0.377740 0.507328 0.160940 0.317270
19.600000 0.184394 0.367833 0.135798 0.157983 0.376980 0.507257 0.160764 0.316761
19.800000 0.184352 0.367552 0.135806 0.157865 0.376387 0.507126 0.160652 0.316119
20.000000 0.184333 0.367364 0.135697 0.157767 0.375623 0.506839 0.160440 0.315596
20.200000 0.184454 0.367035 0.135667 0.157474 0.374829 0.506968 0.160305 0.314950
20.400000 0.184179 0.366547 0.135711 0.157572 0.374266 0.506775 0.160089 0.314628
20.600000 0.184309 0.366563 0.135760 0.157421 0.373678 0.506697 0.159924 0.314045
20.800000 0.184288 0.366303 0.135705 0.157167 0.372624 0.506492 0.159819 0.313543
21.000000 0.184459 0.366083 0.135740 0.157272 0.372011 0.506548 0.159642 0.312858
21.200000 0.184218 0.365804 0.135784 0.157154 0.371264 0.506418 0.159503 0.312512
21.400000 0.184048 0.365525 0.135740 0.156919 0.370755 0.506356 0.159413 0.311889
21.600000 0.184187 0.365154 0.135518 0.157073 0.370055 0.506409 0.159223 0.311630
21.800000 0.184121 0.365101 0.135575 0.156882 0.369386 0.506225 0.159127 0.310891
22.000000 0.184110 0.364729 0.135562 0.156789 0.368695 0.506115 0.158878 0.310574
22.200000 0.184120 0.364409 0.135527 0.156825 0.367919 0.506014 0.158723 0.310043
22.400000 0.183999 0.364088 0.135549 0.156487 0.367132 0.505729 0.158244 0.309586
22.600000 0.184066 0.364010 0.135542 0.156411 0.366538 0.505678 0.158436 0.308979
22.800000 0.184103 0.363725 0.135575 0.156491 0.366020 0.505601 0.158272 0.308489
23.000000 0.183877 0.363563 0.135641 0.156300 0.365397 0.505576 0.158210 0.308017
23.200000 0.184003 0.363416 0.135433 0.156110 0.364688 0.505400 0.158158 0.307572
23.400000 0.183969 0.363017 0.135448 0.155980 0.364047 0.505414 0.157833 0.307052
23.600000 0.183933 0.362774 0.135629 0.156080 0.363368 0.505314 0.157685 0.306600
23.800000 0.183931 0.362886 0.135211 0.156016 0.362696 0.505338 0.157597 0.306140
24.000000 0.183939 0.362488 0.135245 0.155929 0.362162 0.505173 0.157416 0.305715
24.200000 0.183882 0.362229 0.135471 0.155923 0.361491 0.504963 0.157368 0.305208
24.400000 0.183737 0.361901 0.135338 0.155792 0.360886 0.504803 0.157213 0.304565
24.600000 0.183749 0.361690 0.135267 0.155578 0.360292 0.504880 0.157101 0.304294
24.800000 0.183848 0.361553 0.135265 0.155474 0.359612 0.504637 0.156596 0.303840
25.000000 0.183818 0.361296 0.135316 0.155412 0.359047 0.504490 0.156941 0.303240
25.200000 0.183837 0.361090 0.135209 0.155365 0.358330 0.504491 0.156656 0.302882
25.400000 0.183728 0.360822 0.135140 0.155292 0.357540 0.504331 0.156435 0.302406
25.600000 0.183569 0.360460 0.135140 0.155210 0.357000 0.504348 0.117308 0.301945
25.800000 0.183700 0.360087 0.135109 0.154963 0.356308 0.504253 0.156216 0.301237
26.000000 0.183448 0.360196 0.135121 0.154976 0.355920 0.504184 0.156069 0.301001
26.200000 0.183813 0.359842 0.135102 0.154759 0.355376 0.504049 0.156089 0.300463
26.400000 0.183733 0.359507 0.135071 0.154855 0.354701 0.503915 0.155855 0.300269
26.600000 0.183656 0.359578 0.134782 0.154735 0.354047 0.503927 0.155746 0.299708
26.800000 0.183591 0.359144 0.135065 0.154657 0.353432 0.503967 0.155635 0.299078
27.000000 0.183630 0.358935 0.135055 0.154441 0.352956 0.503730 0.155482 0.298851
27.200000 0.183593 0.358828 0.135026 0.154521 0.352285 0.503619 0.155482 0.298380
27.400000 0.183542 0.358561 0.134924 0.154476 0.351799 0.503469 0.155120 0.297976
27.600000 0.183534 0.358283 0.134944 0.154236 0.351004 0.503368 0.155084 0.297553
27.800000 0.183488 0.358169 0.134866 0.154192 0.350621 0.503209 0.154806 0.297239
28.000000 0.183510 0.357773 0.134901 0.154241 0.350091 0.503147 0.154921 0.296753
28.200000 0.183486 0.357664 0.134913 0.154049 0.349516 0.502968 0.154855 0.296205
28.400000 0.183452 0.357447 0.134833 0.153862 0.349002 0.503052 0.154458 0.295872
28.600000 0.183436 0.357271 0.134869 0.153992 0.348436 0.502850 0.154332 0.295529
28.800000 0.183383 0.356908 0.134864 0.153837 0.347871 0.502808 0.154488 0.295070
29.000000 0.183310 0.356757 0.134808 0.153717 0.347388 0.502546 0.154215 0.294794
29.200000 0.183322 0.356711 0.134984 0.153607 0.346969 0.502648 0.153968 0.294303
29.400000 0.183330 0.356575 0.134832 0.153528 0.346263 0.502524 0.154044 0.293877
29.600000 0.183200 0.356214 0.134825 0.153559 0.345733 0.502449 0.153853 0.293459
29.800000 0.183307 0.355998 0.134853 0.153651 0.345182 0.502377 0.153802 0.293180
30.000000 0.183293 0.355902 0.134881 0.153406 0.344663 0.502252 0.153738 0.292804
30.200000 0.183255 0.355621 0.134233 0.153458 0.343992 0.502071 0.153416 0.292250
30.400000 0.183251 0.355663 0.134692 0.153226 0.343745 0.502154 0.153494 0.291981
30.600000 0.183658 0.355126 0.134657 0.153128 0.343117 0.501981 0.153266 0.291535
30.800000 0.185953 0.355111 0.134689 0.153173 0.342582 0.501953 0.153140 0.291023
31.000000 0.190218 0.354771 0.134691 0.153105 0.342162 0.501813 0.153074 0.290974
31.200000 0.196097 0.354762 0.134831 0.153173 0.341753 0.501825 0.153082 0.290604
31.400000 0.205978 0.354518 0.134581 0.153134 0.341778 0.501568 0.152894 0.290446
31.600000 0.216121 0.354400 0.134782 0.152797 0.341693 0.501416 0.152900 0.290386
31.800000 0.228106 0.354455 0.134703 0.153043 0.342177 0.501549 0.152853 0.290957
32.000000 0.240618 0.354490 0.134785 0.153140 0.342907 0.501509 0.153348 0.291533
32.200000 0.252889 0.354698 0.134789 0.153341 0.344339 0.501358 0.153381 0.292631
32.400000 0.264720 0.355077 0.134913 0.153749 0.346245 0.501463 0.153523 0.294004
32.600000 0.275812 0.355881 0.135076 0.154023 0.348710 0.501354 0.154120 0.295625
32.800000 0.286084 0.356788 0.135232 0.154516 0.352020 0.501287 0.154502 0.298060
33.000000 0.295393 0.358673 0.135571 0.155151 0.355613 0.501408 0.154937 0.300728
33.200000 0.303775 0.360624 0.135886 0.156066 0.359690 0.501320 0.155527 0.303700
33.400000 0.311145 0.363268 0.136305 0.157042 0.364523 0.501424 0.156109 0.307057
33.600000 0.317714 0.366335 0.136859 0.157914 0.369561 0.501441 0.156794 0.310736
33.800000 0.323457 0.370023 0.137524 0.159414 0.374864 0.501377 0.157509 0.314708
34.000000 0.328396 0.373988 0.138323 0.160951 0.380580 0.501520 0.158104 0.318922
34.200000 0.332902 0.378458 0.139087 0.162203 0.386601 0.501309 0.158920 0.323570
34.400000 0.336733 0.383558 0.139765 0.164029 0.392895 0.501622 0.159885 0.328300
34.600000 0.339947 0.388852 0.140504 0.165449 0.399525 0.501655 0.160608 0.333104
34.800000 0.342839 0.394596 0.141374 0.167221 0.406395 0.501557 0.161377 0.338218
35.000000 0.345212 0.400933 0.142165 0.168961 0.413200 0.501770 0.162338 0.343693
35.200000 0.347004 0.407641 0.142868 0.170755 0.420499 0.501793 0.163093 0.349178
35.400000 0.348962 0.414063 0.143672 0.172571 0.427251 0.501775 0.163916 0.354462
35.600000 0.350333 0.420817 0.144637 0.174097 0.434134 0.501917 0.164841 0.359811
35.800000 0.351554 0.427590 0.145223 0.175931 0.441115 0.501776 0.165603 0.365417
36.000000 0.352613 0.434955 0.145938 0.177623 0.448243 0.502130 0.166343 0.371046
36.200000 0.353507 0.442315 0.146788 0.179426 0.455398 0.502277 0.167258 0.376686
36.400000 0.354287 0.450071 0.147250 0.181155 0.462862 0.502033 0.168187 0.382476
36.600000 0.354661 0.457786 0.148012 0.183066 0.470245 0.502288 0.168952 0.388321
36.800000 0.355358 0.465682 0.148788 0.184879 0.477632 0.502471 0.169933 0.394259
37.000000 0.355825 0.473879 0.149689 0.186691 0.485140 0.502272 0.170886 0.400152
37.200000 0.356208 0.482106 0.150333 0.188581 0.492544 0.502368 0.171689 0.405986
37.400000 0.356562 0.490730 0.151058 0.190313 0.501096 0.502545 0.172737 0.413333
37.600000 0.356802 0.502907 0.152119 0.192899 0.511648 0.502619 0.173871 0.421062
37.800000 0.356920 0.511407 0.152784 0.194759 0.519318 0.502743 0.174574 0.427118
38.000000 0.357007 0.520274 0.153364 0.196409 0.527073 0.502821 0.175543 0.433492
38.200000 0.357104 0.529214 0.154145 0.198290 0.535322 0.502794 0.176529 0.439678
38.400000 0.357090 0.537888 0.154969 0.199894 0.543336 0.503017 0.177400 0.446122
38.600000 0.357129 0.546801 0.155503 0.201818 0.551381 0.502845 0.178317 0.452337
38.800000 0.357117 0.555720 0.195274 0.203407 0.559418 0.503179 0.179257 0.458770
39.000000 0.356907 0.564159 0.156769 0.205138 0.567732 0.503377 0.180026 0.465333
39.200000 0.357075 0.572854 0.157611 0.206911 0.575675 0.503266 0.181019 0.471613
39.400000 0.356812 0.581537 0.158360 0.208669 0.583597 0.503447 0.181882 0.477676
39.600000 0.356898 0.589936 0.158892 0.210347 0.591792 0.503476 0.182769 0.484133
39.800000 0.356646 0.598337 0.159515 0.212055 0.600075 0.503570 0.183646 0.490501
40.000000 0.356678 0.606943 0.159923 0.213740 0.608092 0.503726 0.184353 0.496886
40.200000 0.356572 0.614791 0.160536 0.215221 0.616433 0.503799 0.185366 0.503352
40.400000 0.356492 0.623358 0.161322 0.216940 0.624869 0.503917 0.186195 0.509945
40.600000 0.356346 0.631316 0.161904 0.218617 0.633054 0.503978 0.187048 0.516473
40.800000 0.356209 0.639320 0.162495 0.220261 0.641229 0.503944 0.187966 0.522658
41.000000 0.355898 0.646851 0.162888 0.221704 0.649404 0.504141 0.188733 0.529137
41.200000 0.355853 0.654672 0.163565 0.223257 0.657611 0.504033 0.189677 0.535502
41.400000 0.355579 0.661995 0.164184 0.224755 0.665480 0.504206 0.190461 0.541804
41.600000 0.355649 0.669379 0.164772 0.226333 0.673741 0.504389 0.191408 0.548192
41.800000 0.355414 0.676420 0.165214 0.227917 0.681620 0.504522 0.192188 0.554271
42.000000 0.355445 0.683250 0.165731 0.229344 0.689632 0.504714 0.193052 0.560719
42.200000 0.355321 0.689960 0.166225 0.230922 0.697286 0.504737 0.193839 0.566993
42.400000 0.355200 0.696126 0.166665 0.232316 0.704928 0.504628 0.194591 0.572901
42.600000 0.355220 0.702589 0.167206 0.233831 0.712719 0.504872 0.195459 0.578991
42.800000 0.354890 0.708488 0.167637 0.235101 0.720266 0.505011 0.196247 0.584964
43.000000 0.354750 0.714196 0.168179 0.236746 0.727770 0.504994 0.197076 0.591012
43.200000 0.354536 0.720102 0.168505 0.237958 0.735160 0.505087 0.197839 0.597046
43.400000 0.354552 0.725635 0.169064 0.239463 0.742408 0.505180 0.198640 0.602716
43.600000 0.354359 0.730795 0.169495 0.240663 0.749570 0.505224 0.199371 0.608557
43.800000 0.354371 0.735962 0.169957 0.242261 0.757274 0.505459 0.200233 0.614815
44.000000 0.354294 0.742118 0.170543 0.243824 0.765107 0.505374 0.201005 0.621073
44.200000 0.354124 0.746663 0.170888 0.245090 0.772035 0.505575 0.201815 0.626607
44.400000 0.354135 0.751212 0.171229 0.246506 0.778716 0.505784 0.202638 0.632070
44.600000 0.353742 0.755388 0.171709 0.247713 0.785437 0.505778 0.203263 0.637792
44.800000 0.353946 0.759761 0.171980 0.249049 0.792009 0.505923 0.204100 0.642771
45.000000 0.353994 0.763842 0.172539 0.250335 0.798214 0.505992 0.204849 0.648056
45.200000 0.353825 0.767605 0.172967 0.251612 0.804527 0.506026 0.205560 0.653197
45.400000 0.353789 0.771626 0.173391 0.252771 0.810936 0.506189 0.206388 0.658373
45.600000 0.353743 0.775076 0.173758 0.254236 0.817034 0.506345 0.206949 0.663239
45.800000 0.353683 0.778391 0.174047 0.255161 0.822713 0.506365 0.207688 0.668171
46.000000 0.353667 0.781754 0.174508 0.256422 0.828478 0.506461 0.208412 0.672941
46.200000 0.353513 0.784876 0.174618 0.257634 0.834167 0.506579 0.209110 0.677630
46.400000 0.353296 0.787948 0.174798 0.258706 0.839627 0.506727 0.209663 0.682348
46.600000 0.353317 0.790725 0.175463 0.259979 0.845159 0.506743 0.210550 0.686837
46.800000 0.353132 0.793761 0.175734 0.261033 0.850650 0.506793 0.211129 0.691233
47.000000 0.353080 0.796276 0.175968 0.262018 0.855737 0.506749 0.211676 0.695732
47.200000 0.353084 0.798845 0.176300 0.263106 0.860809 0.506918 0.212452 0.700220
47.400000 0.352812 0.801268 0.176834 0.264384 0.865823 0.507155 0.213020 0.703918
47.600000 0.352517 0.803669 0.176868 0.265405 0.870695 0.507053 0.213733 0.708225
47.800000 0.352525 0.805746 0.177275 0.266577 0.875250 0.507311 0.214366 0.712427
48.000000 0.352406 0.808002 0.177596 0.267528 0.879935 0.507332 0.215116 0.716004
48.200000 0.352308 0.810075 0.177872 0.268643 0.884414 0.507360 0.215907 0.720034
48.400000 0.352164 0.812090 0.178113 0.269611 0.888860 0.507609 0.216352 0.723804
48.600000 0.352071 0.813915 0.178447 0.270543 0.893274 0.507708 0.216796 0.727588
48.800000 0.351908 0.815825 0.178826 0.271494 0.897245 0.507717 0.217561 0.731049
49.000000 0.351867 0.817424 0.178869 0.272632 0.901634 0.507690 0.218040 0.734561
49.200000 0.351667 0.819043 0.179060 0.273339 0.905581 0.507566 0.218522 0.738070
49.400000 0.390624 0.820882 0.179520 0.274385 0.909447 0.508084 0.219184 0.741613
49.600000 0.351625 0.822386 0.179535 0.275569 0.913293 0.508025 0.219619 0.744751
49.800000 0.351620 0.823868 0.180048 0.276392 0.916957 0.508190 0.220249 0.748201
50.000000 0.351499 0.825259 0.180196 0.277376 0.920677 0.508226 0.220812 0.751273
50.200000 0.351518 0.827104 0.180616 0.278508 0.925372 0.508439 0.221622 0.755257
50.400000 0.351484 0.828452 0.180704 0.279607 0.928669 0.508427 0.222133 0.758376
50.600000 0.351280 0.829564 0.180897 0.280362 0.932211 0.508626 0.222723 0.761361
50.800000 0.351334 0.830587 0.181131 0.281344 0.935546 0.508874 0.223098 0.764273
51.000000 0.351305 0.831980 0.181363 0.281853 0.938825 0.508795 0.223780 0.767329
51.200000 0.351214 0.833095 0.181564 0.282935 0.942028 0.508851 0.224208 0.769849
51.400000 0.351086 0.834079 0.181616 0.283963 0.945168 0.508921 0.224856 0.772814
51.600000 0.350844 0.835394 0.181896 0.284700 0.948331 0.508927 0.225508 0.775579
51.800000 0.350862 0.836224 0.182086 0.285650 0.951139 0.508976 0.225593 0.777975
52.000000 0.350745 0.837241 0.182377 0.286806 0.953996 0.509319 0.226327 0.780614
52.200000 0.350586 0.837889 0.182580 0.287354 0.956894 0.509227 0.226804 0.783144
52.400000 0.350447 0.838784 0.182710 0.288096 0.959572 0.509303 0.227087 0.785664
52.600000 0.350204 0.839568 0.182922 0.289040 0.962206 0.509489 0.227772 0.788031
52.800000 0.350223 0.840714 0.183147 0.290011 0.965020 0.509645 0.228259 0.790506
53.000000 0.350277 0.841736 0.183619 0.291068 0.967717 0.509797 0.228909 0.792803
53.200000 0.349916 0.842286 0.183777 0.291895 0.969929 0.510189 0.229412 0.795087
53.400000 0.349975 0.843199 0.183858 0.292624 0.972301 0.510026 0.229924 0.797182
53.600000 0.349736 0.843697 0.184117 0.293360 0.974879 0.510200 0.230274 0.799366
53.800000 0.349878 0.844370 0.184259 0.293918 0.977169 0.510365 0.230867 0.801376
54.000000 0.349544 0.845320 0.184386 0.294682 0.979162 0.510359 0.231262 0.803335
54.200000 0.349383 0.845701 0.184470 0.295554 0.981311 0.510315 0.231666 0.805303
54.400000 0.349246 0.845960 0.184677 0.296237 0.983715 0.510517 0.232101 0.807254
54.600000 0.349102 0.846852 0.185027 0.296962 0.985634 0.510651 0.232574 0.809118
54.800000 0.348995 0.847584 0.185020 0.297788 0.987587 0.510734 0.232992 0.811007
55.000000 0.348949 0.847724 0.184974 0.298185 0.989538 0.510634 0.233343 0.812536
55.200000 0.348939 0.848140 0.185384 0.298953 0.991619 0.510780 0.233742 0.814415
55.400000 0.348734 0.848612 0.185471 0.299777 0.993278 0.510930 0.234107 0.816302
55.600000 0.348689 0.849137 0.185559 0.300580 0.995247 0.511205 0.234627 0.817711
55.800000 0.348784 0.849501 0.185805 0.301154 0.996917 0.511112 0.234956 0.819322
56.000000 0.348682 0.849974 0.185719 0.301719 0.998545 0.511305 0.235303 0.821099
56.200000 0.348622 0.850151 0.185834 0.302489 1.000440 0.511308 0.235716 0.822639
56.400000 0.348663 0.850649 0.186071 0.303272 1.002264 0.511278 0.236106 0.824404
56.600000 0.348393 0.850963 0.186230 0.303850 1.004092 0.511342 0.236502 0.825912
56.800000 0.348445 0.851421 0.186439 0.304459 1.005594 0.511689 0.236838 0.827421
57.000000 0.348402 0.851581 0.186338 0.305264 1.006948 0.511774 0.237203 0.828703
57.200000 0.348331 0.852020 0.186612 0.305902 1.008824 0.511651 0.237548 0.830224
57.400000 0.348293 0.852355 0.186654 0.306345 1.010232 0.511546 0.238001 0.831514
57.600000 0.348180 0.852423 0.186818 0.306940 1.011592 0.511715 0.238338 0.832802
57.800000 0.347922 0.852824 0.187042 0.307467 1.013046 0.511870 0.238577 0.834122
58.000000 0.348154 0.852996 0.186958 0.308129 1.014340 0.512011 0.238873 0.835202
58.200000 0.348094 0.853368 0.187126 0.308780 1.015566 0.512092 0.239127 0.836611
58.400000 0.347906 0.853533 0.187263 0.309430 1.016884 0.512169 0.239502 0.837720
58.600000 0.348030 0.853955 0.187233 0.309989 1.018369 0.512120 0.240006 0.839172
58.800000 0.347940 0.853919 0.187510 0.310571 1.019592 0.512354 0.240258 0.840134
59.000000 0.348023 0.854193 0.187552 0.311184 1.020703 0.512392 0.240625 0.841274
59.200000 0.347850 0.854300 0.187681 0.311439 1.021676 0.512317 0.240766 0.842074
59.400000 0.347794 0.854696 0.187686 0.312256 1.022959 0.512639 0.240985 0.843463
59.600000 0.347858 0.854874 0.187890 0.312822 1.024311 0.512571 0.241497 0.844508
59.800000 0.347860 0.855189 0.188010 0.313403 1.025486 0.512765 0.241765 0.845500
60.000000 0.347980 0.855273 0.188114 0.313776 1.026317 0.512739 0.241988 0.846407
60.200000 0.347834 0.855573 0.188181 0.314403 1.027556 0.512925 0.242260 0.847619
60.400000 0.347849 0.855681 0.188438 0.315007 1.028896 0.512956 0.242612 0.848785
60.600000 0.348027 0.855915 0.188432 0.315614 1.029889 0.513049 0.242895 0.849685
60.800000 0.347793 0.856130 0.188552 0.316199 1.030955 0.513070 0.243164 0.850664
61.000000 0.347776 0.856294 0.188478 0.316617 1.032074 0.513218 0.243425 0.851498
61.200000 0.347840 0.856404 0.188726 0.316873 1.032719 0.513232 0.243599 0.852335
61.400000 0.347827 0.856555 0.188870 0.317660 1.033870 0.513355 0.243968 0.853202
61.600000 0.347858 0.856644 0.188676 0.318257 1.034718 0.513576 0.244239 0.854181
61.800000 0.347755 0.856938 0.188998 0.318709 1.035826 0.513727 0.244378 0.855231
62.000000 0.347853 0.857182 0.188912 0.319265 1.036862 0.513521 0.244751 0.855797
62.200000 0.347763 0.857154 0.189141 0.319796 1.037631 0.513689 0.245031 0.856696
62.400000 0.347810 0.857576 0.189285 0.320306 1.038941 0.513960 0.245327 0.857898
62.600000 0.347472 0.857562 0.189296 0.320975 1.039856 0.513980 0.245632 0.858891
62.800000 0.347573 0.857750 0.189466 0.321394 1.040627 0.514003 0.245967 0.859617
63.000000 0.347303 0.857936 0.189449 0.321847 1.041278 0.514051 0.246060 0.860301
63.200000 0.347416 0.858157 0.189666 0.322266 1.042203 0.514158 0.246301 0.861184
63.400000 0.347213 0.858316 0.189431 0.322913 1.043303 0.514281 0.246517 0.861850
63.600000 0.347346 0.858446 0.189714 0.323349 1.044006 0.514453 0.246809 0.862623
63.800000 0.347171 0.858533 0.189741 0.324242 1.044722 0.514315 0.247004 0.863329
64.000000 0.347281 0.858684 0.189729 0.324320 1.045507 0.514439 0.247135 0.864231
64.200000 0.347301 0.858950 0.189949 0.324787 1.046312 0.514582 0.247434 0.864825
64.400000 0.347227 0.858999 0.189942 0.325283 1.047067 0.514579 0.247707 0.865555
64.600000 0.347210 0.859065 0.190034 0.325701 1.047568 0.514678 0.247917 0.866181
64.800000 0.347227 0.859071 0.190136 0.326103 1.048398 0.514806 0.248076 0.866823
65.000000 0.347179 0.898353 0.190284 0.326637 1.049107 0.514888 0.248362 0.867242
65.200000 0.347124 0.859466 0.190232 0.327107 1.049791 0.514876 0.248518 0.868097
65.400000 0.347120 0.859381 0.190337 0.327551 1.050429 0.515127 0.248578 0.868821
65.600000 0.347074 0.859826 0.190375 0.327915 1.051080 0.515074 0.248782 0.869339
65.800000 0.346739 0.859391 0.190405 0.328313 1.051678 0.515159 0.249102 0.869912
66.000000 0.346835 0.859683 0.190471 0.328676 1.052143 0.515204 0.249041 0.870653
66.200000 0.346916 0.859912 0.190677 0.329436 1.053261 0.515381 0.249395 0.871423
66.400000 0.346705 0.859879 0.190640 0.329737 1.053706 0.515511 0.249486 0.871806
66.600000 0.346612 0.860014 0.190792 0.329917 1.054343 0.515651 0.249817 0.872135
66.800000 0.346472 0.860034 0.191002 0.330648 1.015739 0.515434 0.249845 0.872947
67.000000 0.346235 0.860349 0.190895 0.331099 1.055392 0.515611 0.250221 0.873420
67.200000 0.346232 0.860006 0.190902 0.331259 1.055798 0.515691 0.250286 0.873809
67.400000 0.346270 0.860473 0.191062 0.331611 1.056537 0.515810 0.250415 0.874475
67.600000 0.346311 0.860343 0.191126 0.332072 1.056965 0.515763 0.250722 0.875201
67.800000 0.346226 0.860549 0.191100 0.332577 1.057449 0.515908 0.250707 0.875412
68.000000 0.346098 0.860527 0.191180 0.332909 1.058165 0.516152 0.250749 0.875975
68.200000 0.346140 0.860713 0.191315 0.333267 1.058535 0.516093 0.251167 0.876201
68.400000 0.345961 0.860478 0.191452 0.333682 1.058898 0.516134 0.251519 0.876899
68.600000 0.346037 0.860850 0.191364 0.334030 1.059435 0.516315 0.251569 0.877434
68.800000 0.345825 0.860668 0.191382 0.334365 1.059926 0.516249 0.251682 0.877655
69.000000 0.345894 0.860497 0.191389 0.334846 1.060235 0.516319 0.251917 0.878099
69.200000 0.345908 0.860642 0.191582 0.335088 1.060653 0.516335 0.251892 0.878464
69.400000 0.345678 0.860762 0.191541 0.335656 1.061128 0.516370 0.252161 0.879082
69.600000 0.345858 0.860771 0.191631 0.335937 1.061608 0.516424 0.252278 0.879486
69.800000 0.345581 0.860617 0.191671 0.336374 1.062286 0.516573 0.252499 0.879896
70.000000 0.345598 0.860838 0.191782 0.336694 1.062423 0.516731 0.252497 0.880257
70.200000 0.345543 0.860638 0.191684 0.336941 1.062994 0.516676 0.252730 0.880634
70.400000 0.345442 0.860860 0.191920 0.337421 1.063334 0.516892 0.252861 0.880891
70.600000 0.345445 0.860841 0.192024 0.337805 1.063426 0.517007 0.252880 0.881079
70.800000 0.345442 0.860818 0.192065 0.338011 1.063989 0.516977 0.253144 0.881724
71.000000 0.345447 0.861023 0.192108 0.338315 1.064316 0.517125 0.253240 0.882271
71.200000 0.345423 0.860928 0.191970 0.338870 1.064782 0.517243 0.253454 0.882454
71.400000 0.345404 0.860813 0.192019 0.339201 1.064989 0.517239 0.253547 0.882817
71.600000 0.345184 0.861035 0.192159 0.339458 1.065346 0.517216 0.253686 0.883012
71.800000 0.345470 0.860912 0.192205 0.339872 1.065833 0.517549 0.253781 0.883625
72.000000 0.345502 0.860934 0.192130 0.340260 1.066222 0.517439 0.253763 0.883839
72.200000 0.345495 0.860834 0.192120 0.340564 1.066307 0.517526 0.254048 0.884047
72.400000 0.345511 0.860920 0.192357 0.340577 1.066894 0.517716 0.254310 0.884425
72.600000 0.345410 0.860845 0.192397 0.341102 1.067094 0.517662 0.254288 0.884791
72.800000 0.345379 0.860784 0.192320 0.341416 1.067650 0.517814 0.254403 0.885112
73.000000 0.345427 0.860846 0.192589 0.341698 1.067912 0.517745 0.254467 0.885463
73.200000 0.345286 0.860912 0.192549 0.342027 1.068129 0.517759 0.254626 0.885621
73.400000 0.345216 0.860947 0.192639 0.342360 1.068452 0.518022 0.254746 0.886001
73.600000 0.345143 0.860970 0.192654 0.342630 1.068785 0.518037 0.254838 0.886405
73.800000 0.345093 0.860971 0.192606 0.342888 1.069025 0.518155 0.254923 0.886610
74.000000 0.345092 0.861051 0.192604 0.343304 1.069183 0.517965 0.255042 0.886874
74.200000 0.344861 0.861003 0.192680 0.343573 1.069754 0.518273 0.255123 0.887203
74.400000 0.344973 0.861101 0.192816 0.343791 1.070075 0.518231 0.255183 0.887455
74.600000 0.344772 0.861065 0.192819 0.344346 1.070398 0.518480 0.255370 0.887815
74.800000 0.344669 0.861024 0.192912 0.344439 1.070556 0.518489 0.255578 0.887951
75.000000 0.344403 0.860952 0.192995 0.344755 1.070805 0.518627 0.255731 0.888344
75.200000 0.344449 0.861070 0.193133 0.345150 1.071162 0.518531 0.255709 0.888571
75.400000 0.344282 0.860943 0.192854 0.345375 1.070959 0.518524 0.255702 0.888900
75.600000 0.344318 0.861191 0.193152 0.345717 1.071565 0.518924 0.255928 0.889127
75.800000 0.343939 0.860967 0.193174 0.346004 1.071543 0.518870 0.255956 0.889047
76.000000 0.344113 0.861024 0.193139 0.346364 1.071800 0.518944 0.255927 0.889473
76.200000 0.344273 0.861095 0.193277 0.346470 1.072146 0.519100 0.256286 0.889859
76.400000 0.344223 0.860980 0.193104 0.346695 1.072334 0.518957 0.256265 0.889975
76.600000 0.344163 0.861013 0.193184 0.347113 1.072446 0.518976 0.256247 0.890067
76.800000 0.344062 0.860931 0.193259 0.347388 1.072991 0.519245 0.256408 0.890266
77.000000 0.343929 0.860707 0.193467 0.347538 1.072914 0.519213 0.256511 0.890531
77.200000 0.344151 0.860879 0.193266 0.347807 1.073030 0.519401 0.256594 0.890795
77.400000 0.344108 0.860991 0.193356 0.348111 1.073219 0.519304 0.256629 0.890916
77.600000 0.344036 0.860717 0.193378 0.348303 1.073412 0.519412 0.256719 0.891226
77.800000 0.344051 0.860589 0.193414 0.348495 1.073510 0.519459 0.256739 0.891168
78.000000 0.343958 0.860648 0.193592 0.348668 1.073845 0.519798 0.256848 0.891604
78.200000 0.343919 0.860678 0.193676 0.348951 1.073979 0.519710 0.256904 0.891697
78.400000 0.343933 0.860734 0.193495 0.349328 1.074349 0.519735 0.257069 0.891853
78.600000 0.343869 0.860723 0.193487 0.349584 1.074305 0.519573 0.256932 0.891903
78.800000 0.343747 0.860645 0.193614 0.349820 1.074659 0.519815 0.257114 0.892227
79.000000 0.343735 0.860456 0.193568 0.350024 1.074627 0.519721 0.257177 0.892310
79.200000 0.343673 0.860723 0.193748 0.350248 1.074976 0.519893 0.257216 0.892362
79.400000 0.343506 0.860325 0.193784 0.350466 1.074833 0.520106 0.257148 0.892503
79.600000 0.343573 0.860376 0.193850 0.350772 1.075126 0.520296 0.257477 0.892775
79.800000 0.343586 0.860493 0.193771 0.350923 1.075419 0.520183 0.257533 0.892848
80.000000 0.343552 0.860303 0.193643 0.351142 1.075395 0.520245 0.257479 0.893045
80.200000 0.343527 0.860377 0.193915 0.351524 1.075653 0.520198 0.257416 0.893135
80.400000 0.343557 0.860403 0.193905 0.351595 1.075671 0.520428 0.257707 0.893363
80.600000 0.343354 0.860269 0.193918 0.351731 1.075691 0.520530 0.257695 0.893403
80.800000 0.343520 0.860078 0.193920 0.352159 1.075983 0.520522 0.257745 0.893523
81.000000 0.343544 0.860315 0.194070 0.352189 1.075922 0.520545 0.257785 0.893800
81.200000 0.343536 0.860199 0.194048 0.352381 1.076035 0.520589 0.257803 0.893701
81.400000 0.343478 0.860101 0.193972 0.352772 1.076291 0.520700 0.257975 0.894122
81.600000 0.343515 0.860058 0.193973 0.352901 1.076081 0.520781 0.257922 0.894262
81.800000 0.343482 0.860085 0.193980 0.353138 1.076431 0.520924 0.257999 0.894206
82.000000 0.343409 0.859684 0.194040 0.353197 1.076267 0.520600 0.257928 0.894207
82.200000 0.343331 0.860018 0.194150 0.353521 1.076778 0.520901 0.258033 0.894579
82.400000 0.343472 0.860075 0.194191 0.353804 1.076839 0.521005 0.258167 0.894693
82.600000 0.343419 0.860130 0.194153 0.353914 1.077072 0.521075 0.258166 0.894883
82.800000 0.343528 0.859854 0.194213 0.354294 1.077036 0.520998 0.258079 0.894737
83.000000 0.343622 0.859879 0.194234 0.354373 1.077191 0.521200 0.258285 0.894840
83.200000 0.343661 0.860120 0.194148 0.354757 1.076996 0.521187 0.258473 0.894979
83.400000 0.343476 0.859845 0.194255 0.354624 1.077315 0.521014 0.258383 0.895138
83.600000 0.343712 0.859766 0.194261 0.354931 1.077635 0.521115 0.258291 0.895511
83.800000 0.343755 0.859971 0.194153 0.355094 1.077653 0.521257 0.258410 0.895454
84.000000 0.343725 0.860020 0.194393 0.355519 1.077626 0.521330 0.258388 0.895633
84.200000 0.343351 0.859927 0.194514 0.355394 1.077808 0.521482 0.258574 0.895813
84.400000 0.343622 0.859911 0.194376 0.355684 1.078053 0.521542 0.258582 0.895988
84.600000 0.343477 0.860095 0.194447 0.355946 1.078269 0.521568 0.258653 0.895848
84.800000 0.343577 0.859934 0.194268 0.356135 1.078094 0.521699 0.258634 0.896021
85.000000 0.343584 0.860113 0.194408 0.356370 1.078492 0.521718 0.258701 0.896294
85.200000 0.343491 0.859961 0.194672 0.356574 1.078295 0.521782 0.258752 0.896314
85.400000 0.343453 0.859848 0.194494 0.356749 1.078597 0.521833 0.258637 0.896158
85.600000 0.343557 0.860015 0.194603 0.356975 1.078583 0.521941 0.258908 0.896462
85.800000 0.343381 0.860032 0.194593 0.357062 1.078747 0.521997 0.258796 0.896716
86.000000 0.343347 0.860189 0.194486 0.357334 1.078805 0.521861 0.259092 0.897008
86.200000 0.343378 0.859991 0.194837 0.357577 1.079068 0.522095 0.258957 0.897086
86.400000 0.343275 0.860099 0.194609 0.357675 1.079025 0.522139 0.259017 0.897199
86.600000 0.343289 0.860019 0.194697 0.357871 1.078972 0.522437 0.259001 0.897173
86.800000 0.343269 0.860084 0.194938 0.358216 1.079382 0.522301 0.259213 0.897302
87.000000 0.343105 0.860006 0.194785 0.358393 1.079378 0.522434 0.258999 0.897236
87.200000 0.343127 0.859932 0.195153 0.358495 1.079641 0.522326 0.258963 0.897465
87.400000 0.343159 0.859882 0.194799 0.358666 1.079685 0.522430 0.259149 0.897470
87.600000 0.343111 0.859786 0.194742 0.358849 1.079705 0.522440 0.259283 0.897462
87.800000 0.342995 0.860028 0.194913 0.359036 1.079753 0.522580 0.259201 0.897805
88.000000 0.342954 0.860120 0.195045 0.359142 1.079858 0.522469 0.259113 0.897973
88.200000 0.343023 0.860118 0.194929 0.359376 1.080075 0.522667 0.259326 0.897924
88.400000 0.343010 0.859899 0.194795 0.359584 1.079957 0.522554 0.259123 0.897867
88.600000 0.342872 0.859835 0.195063 0.359715 1.080092 0.522912 0.259316 0.898113
88.800000 0.342855 0.860045 0.195095 0.359888 1.080101 0.522644 0.259352 0.898228
89.000000 0.342959 0.860289 0.194903 0.359838 1.080379 0.523048 0.259262 0.898276
89.200000 0.342904 0.860135 0.195053 0.360112 1.080309 0.522946 0.259423 0.898396
89.400000 0.342742 0.859795 0.194906 0.360321 1.080430 0.523012 0.259500 0.898419
89.600000 0.342808 0.859869 0.195106 0.360472 1.080459 0.523063 0.259496 0.859420
89.800000 0.342789 0.859932 0.195112 0.360777 1.080344 0.522968 0.259675 0.898650
90.000000 0.342572 0.859835 0.195044 0.360765 1.080575 0.523136 0.259446 0.859544
