0.200000 0.053552 0.375100 0.161365 0.174699 0.340900 0.396223 0.183512 0.292823
0.400000 0.053331 0.374451 0.161246 0.174271 0.339817 0.396048 0.183409 0.292164
0.600000 0.053320 0.374234 0.161205 0.174546 0.339261 0.395962 0.183142 0.291790
0.800000 0.053296 0.373978 0.161253 0.174383 0.338820 0.395888 0.183180 0.291306
1.000000 0.053329 0.373687 0.161141 0.174156 0.338023 0.395874 0.183136 0.290700
1.200000 0.053308 0.373357 0.161170 0.174220 0.337614 0.395888 0.182956 0.290433
1.400000 0.053314 0.373009 0.161272 0.174161 0.336759 0.395675 0.182970 0.289964
1.600000 0.053204 0.372626 0.161033 0.173864 0.336325 0.395626 0.183021 0.289514
1.800000 0.053268 0.372316 0.161052 0.174156 0.335767 0.395938 0.182805 0.289078
2.000000 0.053293 0.372175 0.161282 0.174102 0.335230 0.395722 0.182867 0.288612
2.200000 0.053394 0.371978 0.161214 0.174101 0.334920 0.395738 0.182671 0.288225
2.400000 0.053275 0.371759 0.161200 0.173980 0.333920 0.395740 0.182771 0.287648
2.600000 0.053301 0.371442 0.161256 0.173844 0.333654 0.395632 0.182745 0.287261
2.800000 0.053301 0.371217 0.161183 0.173833 0.332826 0.395698 0.182608 0.286965
3.000000 0.053309 0.370972 0.160993 0.173830 0.332352 0.395712 0.182590 0.286526
3.200000 0.053396 0.370702 0.160996 0.173660 0.331827 0.395562 0.182441 0.285974
3.400000 0.053282 0.370426 0.161066 0.173711 0.331242 0.395456 0.182632 0.285730
3.600000 0.053395 0.370166 0.160987 0.173776 0.330698 0.395383 0.182406 0.285246
3.800000 0.053270 0.369692 0.161077 0.173692 0.330340 0.395446 0.182346 0.284879
4.000000 0.053273 0.369283 0.161086 0.173551 0.329589 0.395392 0.182288 0.284482
4.200000 0.053117 0.369303 0.160927 0.173712 0.329098 0.395412 0.182279 0.284096
4.400000 0.053122 0.369047 0.161100 0.173727 0.328561 0.395365 0.182215 0.283791
4.600000 0.053116 0.368696 0.160962 0.173567 0.327932 0.395371 0.182170 0.283101
4.800000 0.053349 0.368399 0.161075 0.173343 0.327587 0.395327 0.181980 0.282888
5.000000 0.053242 0.368200 0.161067 0.173355 0.326910 0.395305 0.182018 0.282440
5.200000 0.053107 0.368112 0.161050 0.173348 0.326493 0.395276 0.181986 0.282035
5.400000 0.053397 0.367861 0.161131 0.173395 0.325906 0.395196 0.181912 0.281646
5.600000 0.053226 0.367469 0.160950 0.173464 0.325441 0.395193 0.181862 0.281218
5.800000 0.053064 0.366924 0.160793 0.173182 0.324650 0.394899 0.181662 0.280463
6.000000 0.053043 0.366950 0.160837 0.173005 0.324099 0.394965 0.181561 0.280107
6.200000 0.053223 0.366742 0.161093 0.173270 0.323722 0.395340 0.181686 0.279953
6.400000 0.053301 0.366492 0.161026 0.173286 0.323114 0.395188 0.181677 0.279667
6.600000 0.053215 0.365993 0.160831 0.173174 0.322433 0.395017 0.181536 0.279018
6.800000 0.053189 0.365821 0.160861 0.173148 0.321859 0.395036 0.181341 0.278460
7.000000 0.053187 0.365645 0.160841 0.173076 0.321446 0.394997 0.181493 0.278158
7.200000 0.053167 0.365346 0.160893 0.173047 0.320848 0.394822 0.181420 0.277782
7.400000 0.053172 0.365236 0.160915 0.172974 0.320573 0.394861 0.181395 0.277448
7.600000 0.053191 0.365094 0.160957 0.172955 0.319857 0.394874 0.181194 0.277232
7.800000 0.053203 0.364792 0.160930 0.173019 0.319479 0.394889 0.181139 0.276777
8.000000 0.053205 0.364449 0.160830 0.172750 0.318859 0.394818 0.181158 0.276068
8.200000 0.053139 0.364265 0.160875 0.172876 0.318484 0.394602 0.181012 0.275998
8.400000 0.053089 0.364028 0.160745 0.172843 0.318077 0.394795 0.181070 0.275592
8.600000 0.053199 0.363666 0.160894 0.172706 0.317442 0.394645 0.181196 0.275291
8.800000 0.053176 0.363543 0.160703 0.172701 0.317047 0.394643 0.180969 0.274831
9.000000 0.053170 0.363430 0.160848 0.172595 0.316652 0.394616 0.180875 0.274549
9.200000 0.053150 0.363030 0.160843 0.172682 0.316171 0.394698 0.180905 0.274210
9.400000 0.053169 0.362968 0.160964 0.172695 0.315810 0.394617 0.180829 0.273907
9.600000 0.053166 0.362703 0.160826 0.172440 0.315154 0.394552 0.180764 0.273566
9.800000 0.053188 0.362490 0.160901 0.172631 0.314802 0.394585 0.180885 0.273247
10.000000 0.053163 0.362345 0.160769 0.172574 0.314353 0.394507 0.180756 0.272921
10.200000 0.053167 0.362068 0.160902 0.172501 0.313821 0.394430 0.180800 0.272570
10.400000 0.052965 0.361804 0.160717 0.172353 0.313392 0.394551 0.180622 0.272362
10.600000 0.052988 0.361604 0.160785 0.172285 0.312658 0.394390 0.180652 0.271872
10.800000 0.053142 0.361467 0.160770 0.172333 0.312609 0.394361 0.180486 0.271546
11.000000 0.053117 0.361173 0.160815 0.172302 0.312095 0.394352 0.180382 0.271035
11.200000 0.053128 0.361093 0.160820 0.172207 0.311714 0.394296 0.180065 0.270986
11.400000 0.053155 0.360783 0.160791 0.172187 0.311236 0.394372 0.180348 0.270512
11.600000 0.053145 0.360583 0.160724 0.172258 0.310777 0.394166 0.180217 0.270196
11.800000 0.053139 0.360292 0.160881 0.172184 0.310432 0.394235 0.180171 0.269896
12.000000 0.053121 0.360197 0.160672 0.172218 0.309998 0.394236 0.180189 0.269543
12.200000 0.053218 0.359987 0.160708 0.172126 0.309473 0.394143 0.180131 0.269439
12.400000 0.053130 0.359868 0.160721 0.172036 0.309132 0.394179 0.180158 0.268961
12.600000 0.053129 0.359710 0.160754 0.172079 0.308656 0.394033 0.180021 0.268602
12.800000 0.052974 0.359327 0.160728 0.172059 0.308135 0.394006 0.179933 0.268216
13.000000 0.053102 0.359175 0.160370 0.172092 0.307791 0.393979 0.179839 0.267851
13.200000 0.053105 0.359016 0.160728 0.171930 0.307385 0.393841 0.179979 0.267579
13.400000 0.053026 0.358658 0.160792 0.171880 0.307046 0.393989 0.179828 0.267338
13.600000 0.053053 0.358514 0.160642 0.171704 0.306549 0.393707 0.179696 0.266912
13.800000 0.052854 0.358444 0.160771 0.171932 0.305983 0.393850 0.179703 0.266833
14.000000 0.053090 0.358294 0.160763 0.171829 0.305874 0.393900 0.179642 0.266292
14.200000 0.053151 0.357987 0.160694 0.171833 0.305538 0.393844 0.179505 0.266117
14.400000 0.053104 0.357942 0.160626 0.171740 0.305138 0.393826 0.179517 0.265852
14.600000 0.053064 0.357755 0.160818 0.171797 0.304815 0.393822 0.179560 0.265632
14.800000 0.052961 0.357519 0.160659 0.171664 0.304446 0.393804 0.179528 0.265216
15.000000 0.053095 0.357384 0.160565 0.171738 0.304047 0.393847 0.179585 0.265119
15.200000 0.053067 0.357341 0.160635 0.171663 0.303715 0.393605 0.179299 0.264805
15.400000 0.052975 0.357091 0.160383 0.171529 0.303240 0.393558 0.179415 0.264564
15.600000 0.053074 0.356795 0.160565 0.171576 0.302898 0.393541 0.179334 0.264431
15.800000 0.053081 0.356834 0.160618 0.171637 0.302571 0.393562 0.179395 0.263839
16.000000 0.053077 0.356609 0.160648 0.171552 0.302272 0.393609 0.179211 0.263731
16.200000 0.053070 0.356378 0.160481 0.171532 0.301832 0.393462 0.179178 0.263411
16.400000 0.053168 0.356146 0.160609 0.171374 0.301614 0.393462 0.179133 0.263122
16.600000 0.053060 0.356118 0.160444 0.171378 0.301151 0.393381 0.179056 0.262762
16.800000 0.053066 0.355959 0.160568 0.171506 0.300844 0.393476 0.179005 0.262600
17.000000 0.053028 0.355933 0.160508 0.171416 0.300487 0.393468 0.178772 0.262416
17.200000 0.053054 0.355693 0.160493 0.171396 0.300009 0.393503 0.178937 0.262136
17.400000 0.053021 0.355495 0.160561 0.171168 0.299769 0.393349 0.178948 0.261853
17.600000 0.053043 0.355331 0.160529 0.171218 0.299416 0.393303 0.178898 0.261608
17.800000 0.053034 0.355173 0.160654 0.171440 0.299157 0.393210 0.178700 0.261264
18.000000 0.053012 0.354934 0.160646 0.171257 0.298855 0.393242 0.178813 0.261173
18.200000 0.053045 0.354823 0.160535 0.171052 0.298590 0.393280 0.178636 0.260851
18.400000 0.053030 0.354725 0.160508 0.171120 0.297910 0.393139 0.178651 0.260617
18.600000 0.053028 0.354584 0.160571 0.171192 0.297766 0.393182 0.178585 0.260341
18.800000 0.053058 0.354380 0.160393 0.171245 0.297459 0.393189 0.178497 0.260066
19.000000 0.053074 0.354291 0.160579 0.171119 0.297018 0.393145 0.178549 0.259897
19.200000 0.053020 0.353954 0.160370 0.171146 0.296772 0.393201 0.178520 0.259329
19.400000 0.053029 0.353758 0.160516 0.171118 0.296317 0.392951 0.178636 0.259198
19.600000 0.053033 0.353604 0.160470 0.171043 0.295942 0.392963 0.178623 0.259075
19.800000 0.053011 0.353453 0.160521 0.171035 0.295507 0.392954 0.178420 0.258740
20.000000 0.053009 0.353196 0.160494 0.171000 0.295283 0.393043 0.178354 0.258596
20.200000 0.053024 0.353144 0.160640 0.170929 0.294800 0.392772 0.178297 0.258222
20.400000 0.052966 0.353011 0.160377 0.171006 0.294503 0.392855 0.178218 0.257939
20.600000 0.052987 0.352986 0.160430 0.170721 0.294167 0.392905 0.178223 0.257502
20.800000 0.052994 0.352759 0.160597 0.170894 0.294033 0.392852 0.178351 0.257474
21.000000 0.053012 0.352343 0.160437 0.170807 0.293710 0.392826 0.178104 0.257228
21.200000 0.052849 0.352500 0.160505 0.170876 0.293393 0.392722 0.177928 0.257016
21.400000 0.052996 0.352447 0.160437 0.170848 0.293192 0.392854 0.178108 0.256748
21.600000 0.053076 0.352382 0.160423 0.170815 0.292686 0.392826 0.178055 0.256534
21.800000 0.052982 0.351983 0.160152 0.170606 0.292436 0.392892 0.177988 0.256299
22.000000 0.053012 0.351923 0.160475 0.170720 0.292074 0.392735 0.177935 0.256102
22.200000 0.052984 0.351672 0.160427 0.170534 0.291846 0.392630 0.177833 0.255820
22.400000 0.053013 0.351652 0.160348 0.170609 0.291488 0.392472 0.177895 0.255731
22.600000 0.052998 0.351554 0.160308 0.170710 0.291195 0.392471 0.177826 0.255415
22.800000 0.052849 0.351328 0.160332 0.170666 0.290934 0.392535 0.177808 0.255193
23.000000 0.052977 0.351138 0.160376 0.170558 0.290659 0.392605 0.177916 0.254952
23.200000 0.052972 0.351050 0.160474 0.170515 0.290228 0.392581 0.177616 0.254530
23.400000 0.052966 0.350786 0.160465 0.170554 0.290136 0.392606 0.177646 0.254499
23.600000 0.052980 0.350809 0.160491 0.170552 0.289649 0.392475 0.177627 0.254300
23.800000 0.052933 0.350365 0.160360 0.170310 0.289342 0.392373 0.177479 0.253910
24.000000 0.052972 0.350636 0.160369 0.170445 0.289185 0.392391 0.177523 0.253661
24.200000 0.052968 0.350342 0.160306 0.170587 0.288969 0.392380 0.177495 0.253618
24.400000 0.052963 0.350340 0.160265 0.170255 0.288431 0.392368 0.177602 0.253466
24.600000 0.052983 0.350094 0.160274 0.170419 0.288248 0.392162 0.177390 0.253158
24.800000 0.053091 0.349894 0.160334 0.170418 0.287991 0.392371 0.177377 0.253095
25.000000 0.052958 0.349770 0.160495 0.170390 0.287693 0.392202 0.177372 0.252753
25.200000 0.052829 0.349833 0.160494 0.170377 0.287420 0.392174 0.177308 0.252642
25.400000 0.052965 0.349661 0.160334 0.170256 0.287169 0.392160 0.177307 0.252171
25.600000 0.052808 0.349299 0.160276 0.170282 0.286804 0.392149 0.177168 0.252195
25.800000 0.052935 0.349223 0.160214 0.170048 0.286301 0.391829 0.177203 0.251846
26.000000 0.052940 0.349141 0.160268 0.170038 0.286108 0.392108 0.177004 0.251642
26.200000 0.052931 0.348847 0.160399 0.170042 0.285877 0.392106 0.177282 0.251406
26.400000 0.052923 0.348892 0.160235 0.170186 0.285659 0.391970 0.177078 0.251296
26.600000 0.053099 0.348663 0.160285 0.169997 0.285381 0.392022 0.177020 0.251064
26.800000 0.053095 0.348535 0.160339 0.169983 0.285091 0.391957 0.177138 0.250768
27.000000 0.053070 0.348556 0.160242 0.170097 0.284841 0.391911 0.176991 0.250520
27.200000 0.053071 0.348640 0.160055 0.170025 0.284428 0.391744 0.177030 0.250389
27.400000 0.052947 0.348209 0.160280 0.170074 0.284221 0.391882 0.176887 0.250189
27.600000 0.052938 0.348086 0.160115 0.169902 0.284029 0.391964 0.176790 0.250011
27.800000 0.052919 0.347999 0.160161 0.169992 0.283761 0.391763 0.176733 0.249910
28.000000 0.053083 0.347975 0.160078 0.169840 0.283437 0.391787 0.176818 0.249617
28.200000 0.052810 0.347741 0.160339 0.170091 0.283075 0.391579 0.176777 0.249351
28.400000 0.052943 0.347586 0.160166 0.169960 0.283018 0.391546 0.176591 0.249297
28.600000 0.052921 0.347512 0.160291 0.169755 0.282726 0.391647 0.176775 0.249016
28.800000 0.052919 0.347437 0.160110 0.169940 0.282444 0.391678 0.176548 0.248786
29.000000 0.052891 0.347176 0.160127 0.169821 0.282221 0.391545 0.176637 0.248597
29.200000 0.052904 0.347282 0.160205 0.169853 0.281876 0.391611 0.176657 0.248355
29.400000 0.052900 0.346936 0.160176 0.169680 0.281658 0.391626 0.176451 0.248258
29.600000 0.052876 0.347014 0.160210 0.169740 0.281488 0.391564 0.176505 0.247998
29.800000 0.052916 0.346790 0.160165 0.169421 0.281112 0.391391 0.176492 0.247750
30.000000 0.052909 0.346418 0.160099 0.169694 0.280883 0.391509 0.176525 0.247514
30.200000 0.052876 0.346449 0.159989 0.169783 0.280586 0.391516 0.176111 0.247341
30.400000 0.052864 0.346347 0.159838 0.169809 0.280268 0.391358 0.176325 0.247127
30.600000 0.053049 0.346350 0.160081 0.169652 0.280165 0.391278 0.176300 0.247080
30.800000 0.052945 0.346146 0.160180 0.169654 0.279822 0.391403 0.176287 0.246738
31.000000 0.053002 0.346154 0.160015 0.169705 0.279692 0.391291 0.176125 0.246581
31.200000 0.053056 0.346054 0.160117 0.169764 0.279368 0.391344 0.176279 0.246461
31.400000 0.053172 0.345896 0.160260 0.169648 0.279154 0.391361 0.176253 0.246346
31.600000 0.053468 0.345705 0.159960 0.169545 0.278939 0.391142 0.176169 0.246257
31.800000 0.053808 0.345628 0.160182 0.169658 0.278570 0.391120 0.176169 0.245830
32.000000 0.053888 0.345590 0.160157 0.169483 0.278602 0.391181 0.176114 0.245760
32.200000 0.054195 0.345481 0.160121 0.169535 0.278574 0.391358 0.176195 0.245832
32.400000 0.054322 0.345340 0.160120 0.169646 0.278568 0.391228 0.176121 0.245888
32.600000 0.054635 0.345427 0.160261 0.169560 0.278584 0.391120 0.176187 0.245963
32.800000 0.055031 0.345416 0.160099 0.169706 0.278777 0.391185 0.176163 0.246173
33.000000 0.055264 0.345486 0.159971 0.169733 0.278833 0.390802 0.175939 0.246115
33.200000 0.055678 0.345543 0.160066 0.169767 0.279207 0.391098 0.176138 0.246342
33.400000 0.055789 0.345664 0.160231 0.169943 0.279756 0.391175 0.176131 0.246629
33.600000 0.055861 0.345864 0.160239 0.169762 0.280138 0.391101 0.175976 0.246808
33.800000 0.056244 0.346138 0.160123 0.170019 0.280589 0.391004 0.176099 0.247288
34.000000 0.056609 0.346443 0.160239 0.170020 0.281332 0.391182 0.176207 0.247743
34.200000 0.056673 0.346878 0.160252 0.170214 0.281963 0.391191 0.176205 0.248235
34.400000 0.056634 0.347238 0.160302 0.170247 0.282695 0.391135 0.176244 0.248754
34.600000 0.056917 0.347675 0.160262 0.170316 0.283388 0.391128 0.176334 0.249180
34.800000 0.057087 0.348207 0.160266 0.170463 0.284395 0.391182 0.176300 0.249953
35.000000 0.057299 0.348849 0.160509 0.170706 0.285208 0.391070 0.176386 0.250570
35.200000 0.057187 0.349609 0.160306 0.170979 0.286374 0.391141 0.176332 0.251301
35.400000 0.057424 0.350534 0.160442 0.171152 0.287409 0.391144 0.176252 0.252034
35.600000 0.057507 0.351231 0.160253 0.171202 0.288245 0.391094 0.176523 0.252732
35.800000 0.057637 0.351882 0.160518 0.171269 0.289418 0.391206 0.176408 0.253555
36.000000 0.057679 0.353036 0.160427 0.171388 0.290661 0.391140 0.176436 0.254263
36.200000 0.057713 0.353752 0.160463 0.171552 0.291667 0.391145 0.176475 0.255114
36.400000 0.057778 0.354918 0.160460 0.171727 0.293096 0.391219 0.176486 0.256124
36.600000 0.057836 0.356122 0.160410 0.171736 0.294091 0.391223 0.176592 0.256660
36.800000 0.057871 0.357080 0.160496 0.172108 0.295174 0.391190 0.176595 0.257832
37.000000 0.057971 0.358186 0.160596 0.171974 0.296686 0.391064 0.176640 0.258721
37.200000 0.057939 0.359474 0.160522 0.172342 0.298152 0.391088 0.176590 0.259607
37.400000 0.058033 0.360740 0.160631 0.172491 0.299239 0.391384 0.176783 0.260725
37.600000 0.058087 0.362226 0.160550 0.172639 0.301063 0.391336 0.176807 0.261896
37.800000 0.058087 0.364251 0.160674 0.172827 0.303017 0.391344 0.176829 0.263337
38.000000 0.058240 0.365509 0.160549 0.172995 0.304425 0.391249 0.176900 0.264398
38.200000 0.058137 0.367165 0.160798 0.173316 0.306023 0.391299 0.176802 0.265497
38.400000 0.058207 0.368770 0.160707 0.173302 0.307447 0.391281 0.177062 0.266649
38.600000 0.058212 0.370290 0.160705 0.173603 0.308768 0.391381 0.177043 0.267726
38.800000 0.058138 0.371734 0.160845 0.173626 0.310568 0.391389 0.177128 0.268987
39.000000 0.058189 0.373423 0.160410 0.173797 0.312160 0.391272 0.177078 0.270059
39.200000 0.058233 0.375212 0.160828 0.173808 0.313681 0.391472 0.177274 0.271391
39.400000 0.058209 0.376679 0.160901 0.174056 0.315344 0.391412 0.177394 0.272334
39.600000 0.058272 0.378478 0.160924 0.174248 0.316997 0.391426 0.177169 0.273686
39.800000 0.058137 0.380349 0.160906 0.174289 0.318670 0.391545 0.177358 0.274890
40.000000 0.058302 0.382100 0.160970 0.174257 0.320147 0.391510 0.177450 0.276048
40.200000 0.058318 0.384059 0.160927 0.174445 0.321997 0.391437 0.177308 0.277387
40.400000 0.058294 0.385853 0.160969 0.174692 0.323787 0.391409 0.177485 0.278727
40.600000 0.058146 0.387864 0.160953 0.174837 0.325552 0.391615 0.177577 0.280038
40.800000 0.058336 0.389415 0.160930 0.174876 0.327194 0.391654 0.177677 0.281247
41.000000 0.058593 0.391377 0.161069 0.175170 0.329257 0.391679 0.177706 0.282600
41.200000 0.058405 0.393318 0.161023 0.175314 0.330905 0.391570 0.177788 0.284055
41.400000 0.058373 0.395337 0.160849 0.175300 0.332674 0.391591 0.177828 0.285349
41.600000 0.058296 0.397155 0.160863 0.175489 0.334417 0.391746 0.177894 0.286739
41.800000 0.058408 0.399132 0.160993 0.175608 0.336118 0.391768 0.178068 0.288121
42.000000 0.058421 0.401045 0.161097 0.175669 0.337898 0.391740 0.177974 0.289556
42.200000 0.058424 0.403013 0.161115 0.175679 0.339844 0.391699 0.178027 0.290829
42.400000 0.058431 0.404933 0.161201 0.175799 0.341722 0.391694 0.178221 0.292309
42.600000 0.058556 0.406824 0.161195 0.176048 0.343559 0.391755 0.178224 0.293585
42.800000 0.058461 0.408827 0.161094 0.176167 0.345386 0.391731 0.178282 0.295087
43.000000 0.058445 0.410651 0.161161 0.176267 0.347199 0.391748 0.178425 0.296517
43.200000 0.058458 0.412613 0.161204 0.176530 0.349070 0.391882 0.178268 0.297896
43.400000 0.058439 0.414574 0.161228 0.176526 0.350872 0.391886 0.178480 0.299364
43.600000 0.058472 0.416444 0.161316 0.176641 0.352773 0.391975 0.178440 0.300449
43.800000 0.058421 0.418544 0.161265 0.176676 0.354735 0.392066 0.178657 0.302246
44.000000 0.058528 0.420320 0.161151 0.176714 0.356669 0.392110 0.178824 0.303870
44.200000 0.058499 0.422959 0.161331 0.176976 0.359304 0.392091 0.178718 0.305710
44.400000 0.058466 0.424951 0.161341 0.177025 0.360873 0.392123 0.178872 0.307092
44.600000 0.058507 0.426583 0.161344 0.177171 0.362722 0.392079 0.178758 0.308618
44.800000 0.058498 0.428421 0.161433 0.177209 0.364538 0.391818 0.178971 0.309954
45.000000 0.058483 0.430204 0.161411 0.177457 0.366650 0.392187 0.179114 0.311400
45.200000 0.058555 0.431991 0.161386 0.177430 0.368303 0.392147 0.179090 0.312740
45.400000 0.058518 0.433745 0.161181 0.177562 0.370156 0.392258 0.179142 0.314223
45.600000 0.058560 0.435472 0.161491 0.177609 0.371986 0.392255 0.179194 0.315738
45.800000 0.058523 0.437030 0.161420 0.177534 0.373642 0.392126 0.179103 0.316893
46.000000 0.058512 0.438965 0.161465 0.177791 0.375592 0.392295 0.179296 0.318518
46.200000 0.058511 0.440459 0.161553 0.177811 0.377361 0.392383 0.179382 0.319883
46.400000 0.058531 0.442103 0.161543 0.177982 0.379095 0.392355 0.179462 0.321339
46.600000 0.058532 0.443715 0.161524 0.178083 0.380936 0.392419 0.179480 0.322703
46.800000 0.058652 0.445298 0.161563 0.177822 0.382801 0.392415 0.179576 0.324243
47.000000 0.058491 0.446886 0.161569 0.178203 0.384401 0.392323 0.179662 0.325422
47.200000 0.058546 0.448442 0.161548 0.178298 0.386090 0.392485 0.179663 0.326825
47.400000 0.058529 0.449902 0.161457 0.178310 0.387971 0.392597 0.179795 0.328077
47.600000 0.058525 0.451401 0.161659 0.178447 0.389692 0.392590 0.179867 0.329489
47.800000 0.058557 0.452911 0.161740 0.178393 0.391289 0.392559 0.180027 0.330839
48.000000 0.058583 0.454333 0.161530 0.178669 0.392810 0.392585 0.179992 0.332273
48.200000 0.058565 0.455746 0.161650 0.178616 0.394777 0.392529 0.179946 0.333602
48.400000 0.058551 0.456849 0.161657 0.178683 0.396299 0.392587 0.180126 0.334941
48.600000 0.058538 0.458514 0.161680 0.178964 0.398067 0.392708 0.180159 0.336154
48.800000 0.058569 0.459835 0.161764 0.178891 0.399705 0.392636 0.180253 0.337389
49.000000 0.058575 0.461266 0.161601 0.179042 0.401006 0.392690 0.180321 0.338813
49.200000 0.058562 0.462579 0.161734 0.178875 0.402851 0.392893 0.180237 0.340124
49.400000 0.058566 0.463841 0.161702 0.179092 0.404647 0.392816 0.180280 0.341440
49.600000 0.058566 0.465123 0.161845 0.179138 0.406140 0.392863 0.180455 0.342669
49.800000 0.058540 0.466272 0.161705 0.179147 0.407856 0.392999 0.180635 0.343961
50.000000 0.058712 0.467432 0.161778 0.179300 0.409318 0.392898 0.180658 0.345216
50.200000 0.058511 0.468637 0.161877 0.179359 0.410814 0.392942 0.180709 0.346435
50.400000 0.058564 0.469791 0.161599 0.179414 0.412675 0.392782 0.180766 0.347872
50.600000 0.058723 0.471041 0.161881 0.179452 0.414394 0.393054 0.180869 0.349201
50.800000 0.058632 0.472383 0.161814 0.179472 0.415921 0.393038 0.181083 0.350471
51.000000 0.058711 0.473599 0.161796 0.179591 0.417414 0.393029 0.181006 0.351705
51.200000 0.058725 0.474700 0.161781 0.179601 0.418716 0.393183 0.181009 0.352846
51.400000 0.058443 0.475715 0.161637 0.179608 0.420196 0.393090 0.181117 0.354000
51.600000 0.058467 0.476584 0.161964 0.179823 0.421792 0.393204 0.181219 0.355198
51.800000 0.058562 0.477620 0.161862 0.179797 0.423271 0.393204 0.181229 0.356291
52.000000 0.058617 0.478684 0.161801 0.179957 0.424656 0.393260 0.181397 0.357620
52.200000 0.058604 0.479764 0.162023 0.180013 0.426177 0.393316 0.181156 0.358667
52.400000 0.058598 0.480809 0.161881 0.180077 0.427665 0.393325 0.181442 0.359673
52.600000 0.058603 0.481712 0.161965 0.180101 0.429069 0.393234 0.181499 0.360941
52.800000 0.058634 0.482663 0.161962 0.180138 0.430366 0.393335 0.181681 0.362064
53.000000 0.058650 0.483619 0.161948 0.180147 0.431673 0.393428 0.181692 0.363057
53.200000 0.058600 0.484386 0.161998 0.180248 0.433109 0.393416 0.181757 0.364162
53.400000 0.058640 0.485431 0.161998 0.180340 0.434465 0.393416 0.181863 0.365161
53.600000 0.058603 0.486297 0.161919 0.180223 0.435785 0.393445 0.181736 0.366422
53.800000 0.058458 0.486945 0.162035 0.180377 0.436900 0.393413 0.181878 0.367406
54.000000 0.058633 0.487922 0.161906 0.180419 0.438292 0.393380 0.182006 0.368472
54.200000 0.058651 0.488558 0.161997 0.180537 0.439566 0.393446 0.181911 0.369443
54.400000 0.058683 0.489483 0.161902 0.180631 0.440893 0.393430 0.182158 0.370444
54.600000 0.058643 0.490276 0.162153 0.180534 0.442110 0.393404 0.182102 0.371410
54.800000 0.058558 0.490978 0.162054 0.180557 0.443339 0.393797 0.182328 0.372560
55.000000 0.058631 0.491648 0.162125 0.180689 0.444734 0.393823 0.182404 0.373294
55.200000 0.058661 0.492427 0.162200 0.180783 0.445684 0.393712 0.182380 0.374378
55.400000 0.058648 0.493167 0.162184 0.180784 0.446954 0.393756 0.182421 0.375347
55.600000 0.058655 0.493788 0.162136 0.180941 0.448009 0.393772 0.182548 0.376173
55.800000 0.058645 0.494497 0.162063 0.180863 0.449254 0.393601 0.182562 0.377165
56.000000 0.058640 0.495217 0.162075 0.180880 0.450510 0.393795 0.182643 0.378175
56.200000 0.058675 0.496146 0.162072 0.180981 0.451604 0.393907 0.182710 0.379058
56.400000 0.058680 0.496796 0.162228 0.181009 0.452783 0.393910 0.182944 0.380015
56.600000 0.058661 0.497354 0.162104 0.181264 0.453850 0.393784 0.182872 0.380991
56.800000 0.058670 0.497949 0.162168 0.181233 0.455081 0.393940 0.182986 0.381925
57.000000 0.058663 0.498509 0.162146 0.181214 0.456041 0.394002 0.182828 0.382693
57.200000 0.058604 0.499249 0.162205 0.181203 0.457161 0.393959 0.183029 0.383572
57.400000 0.058671 0.499817 0.162118 0.181345 0.458263 0.394095 0.183145 0.384477
57.600000 0.058650 0.500185 0.162197 0.181282 0.459319 0.394048 0.183233 0.385160
57.800000 0.058641 0.501068 0.162167 0.181363 0.460310 0.394086 0.183123 0.385773
58.000000 0.058675 0.501691 0.162210 0.181319 0.461303 0.393943 0.183325 0.386865
58.200000 0.058705 0.502081 0.162292 0.181505 0.462219 0.394138 0.183356 0.387806
58.400000 0.058661 0.502540 0.162229 0.181509 0.463295 0.394051 0.183620 0.388596
58.600000 0.058671 0.503180 0.162351 0.181515 0.464318 0.394411 0.183517 0.389316
58.800000 0.058646 0.503554 0.162213 0.181611 0.465214 0.394221 0.183521 0.390140
59.000000 0.058666 0.504028 0.162085 0.181479 0.466101 0.394362 0.183453 0.390829
59.200000 0.058686 0.504495 0.162292 0.181612 0.467200 0.394387 0.183753 0.391653
59.400000 0.058654 0.505011 0.162655 0.181583 0.468026 0.394139 0.183857 0.392264
59.600000 0.058669 0.505537 0.162320 0.181741 0.469018 0.394374 0.183810 0.392998
59.800000 0.058718 0.505847 0.162302 0.181847 0.469934 0.394444 0.183746 0.393549
60.000000 0.058635 0.506234 0.162336 0.181784 0.470743 0.394502 0.183973 0.394175
60.200000 0.058598 0.506792 0.162417 0.181941 0.471729 0.394400 0.183964 0.395168
60.400000 0.058665 0.507397 0.162236 0.181944 0.472563 0.394588 0.184166 0.395808
60.600000 0.058647 0.507798 0.162460 0.181975 0.473334 0.394523 0.184121 0.396451
60.800000 0.058669 0.508245 0.162346 0.182000 0.474092 0.394580 0.184185 0.397139
61.000000 0.058669 0.508599 0.162288 0.181968 0.474917 0.394588 0.184273 0.397843
61.200000 0.058675 0.508925 0.162446 0.182170 0.475810 0.394467 0.184408 0.398431
61.400000 0.058678 0.509418 0.162407 0.182128 0.476598 0.394608 0.184377 0.398898
61.600000 0.058695 0.509825 0.162408 0.181956 0.477537 0.394533 0.184431 0.399591
61.800000 0.058671 0.510079 0.162461 0.182264 0.478280 0.394625 0.184509 0.400269
62.000000 0.058669 0.510119 0.162365 0.182250 0.479016 0.394872 0.184543 0.400853
62.200000 0.058664 0.510913 0.162355 0.182331 0.479844 0.394642 0.184664 0.401603
62.400000 0.058662 0.511177 0.162430 0.182329 0.480631 0.394890 0.184680 0.402231
62.600000 0.058723 0.511704 0.162411 0.182486 0.481553 0.394838 0.184708 0.403079
62.800000 0.058824 0.512083 0.162417 0.182441 0.482360 0.394713 0.184844 0.403644
63.000000 0.058679 0.512347 0.162498 0.182481 0.483061 0.394803 0.184674 0.404096
63.200000 0.058683 0.512557 0.162453 0.182482 0.483704 0.394941 0.184788 0.404757
63.400000 0.058683 0.513085 0.162630 0.182515 0.484458 0.394787 0.185002 0.405328
63.600000 0.058687 0.513281 0.162469 0.182567 0.485187 0.394884 0.185008 0.405849
63.800000 0.058678 0.513566 0.162464 0.182519 0.485764 0.394801 0.184963 0.406476
64.000000 0.058699 0.513914 0.162398 0.182454 0.486484 0.394915 0.185391 0.407009
64.200000 0.058646 0.514075 0.162687 0.182601 0.487102 0.395017 0.185270 0.407546
64.400000 0.058700 0.514469 0.162501 0.182728 0.487813 0.395008 0.185312 0.407869
64.600000 0.058678 0.514808 0.162578 0.182527 0.488436 0.395045 0.185289 0.408229
64.800000 0.058694 0.514933 0.162638 0.182670 0.488917 0.395050 0.185537 0.408953
65.000000 0.058699 0.515220 0.162515 0.182813 0.489572 0.395141 0.185485 0.409697
65.200000 0.058698 0.515547 0.162523 0.182948 0.490310 0.395074 0.185453 0.409922
65.400000 0.058720 0.515885 0.162578 0.182713 0.490823 0.395252 0.185592 0.410336
65.600000 0.058703 0.515887 0.162529 0.182803 0.491197 0.395129 0.185459 0.410871
65.800000 0.058674 0.516071 0.162570 0.182869 0.491945 0.395229 0.185677 0.411227
66.000000 0.058696 0.516207 0.162544 0.182986 0.492554 0.395096 0.185750 0.411800
66.200000 0.058697 0.516604 0.162570 0.182753 0.493110 0.395224 0.185813 0.412141
66.400000 0.058703 0.516862 0.162622 0.183100 0.493768 0.395353 0.185862 0.412633
66.600000 0.058692 0.517059 0.162544 0.183043 0.494208 0.395480 0.185877 0.413130
66.800000 0.058690 0.517120 0.162740 0.183058 0.494739 0.395367 0.186029 0.413570
67.000000 0.058643 0.517287 0.162534 0.183066 0.495239 0.395297 0.185916 0.413933
67.200000 0.058671 0.517626 0.162635 0.183176 0.495882 0.395173 0.186097 0.414307
67.400000 0.058678 0.517902 0.162626 0.183116 0.496289 0.395362 0.186116 0.414770
67.600000 0.058715 0.518109 0.162619 0.183217 0.496757 0.395414 0.186049 0.415050
67.800000 0.058724 0.518311 0.162627 0.183355 0.497580 0.395566 0.186253 0.415760
68.000000 0.058647 0.518610 0.162654 0.183114 0.497949 0.395640 0.186295 0.415974
68.200000 0.058690 0.518579 0.162572 0.183152 0.498323 0.395423 0.186349 0.416389
68.400000 0.058697 0.518942 0.162516 0.183336 0.498939 0.395595 0.186369 0.416784
68.600000 0.058664 0.519214 0.162532 0.183325 0.499311 0.395604 0.186452 0.417081
68.800000 0.058739 0.519375 0.162790 0.183357 0.499753 0.395619 0.186518 0.417568
69.000000 0.058694 0.519369 0.162683 0.183358 0.500484 0.395756 0.186563 0.417926
69.200000 0.058703 0.519508 0.162696 0.183383 0.500891 0.395610 0.186494 0.418269
69.400000 0.058697 0.519545 0.162682 0.183433 0.501214 0.395680 0.186658 0.418629
69.600000 0.058658 0.519997 0.162693 0.183270 0.501646 0.395663 0.186727 0.419002
69.800000 0.058683 0.520004 0.162714 0.183445 0.502091 0.395563 0.186800 0.419318
70.000000 0.058674 0.520127 0.162722 0.183495 0.502570 0.395771 0.186872 0.419514
70.200000 0.058754 0.520471 0.162707 0.183690 0.503085 0.395948 0.186861 0.419793
70.400000 0.058687 0.520515 0.162703 0.183584 0.503392 0.395834 0.187057 0.420266
70.600000 0.058704 0.520496 0.162620 0.183649 0.503730 0.395749 0.186937 0.420548
70.800000 0.058685 0.520512 0.162519 0.183564 0.504255 0.395964 0.186999 0.420949
71.000000 0.058698 0.520812 0.162693 0.183682 0.504715 0.395944 0.187022 0.421316
71.200000 0.058712 0.521085 0.162666 0.183720 0.504999 0.395857 0.187293 0.421606
71.400000 0.058686 0.521223 0.162950 0.183844 0.505521 0.395959 0.187212 0.421758
71.600000 0.058712 0.521446 0.162689 0.183807 0.505854 0.396055 0.187248 0.422275
71.800000 0.058729 0.521465 0.162733 0.183615 0.506231 0.395987 0.187263 0.422661
72.000000 0.058713 0.521640 0.162680 0.183827 0.506506 0.396096 0.187321 0.422761
72.200000 0.058639 0.521848 0.162672 0.183812 0.506973 0.396100 0.187528 0.423147
72.400000 0.058693 0.521894 0.162694 0.183887 0.507389 0.396044 0.187463 0.423563
72.600000 0.058714 0.522103 0.162799 0.183716 0.507718 0.396174 0.187414 0.423736
72.800000 0.058603 0.522209 0.162675 0.183877 0.508022 0.396164 0.187616 0.423967
73.000000 0.058693 0.522259 0.162955 0.183895 0.508224 0.395976 0.187603 0.424215
73.200000 0.058711 0.522190 0.162871 0.184153 0.508761 0.396196 0.187578 0.424787
73.400000 0.058716 0.522202 0.162902 0.183949 0.509076 0.396211 0.187700 0.424735
73.600000 0.058720 0.522555 0.162866 0.184024 0.509633 0.396390 0.187778 0.424960
73.800000 0.058676 0.522828 0.162834 0.184279 0.509790 0.396311 0.187789 0.425364
74.000000 0.058725 0.522802 0.162827 0.184087 0.510235 0.396375 0.187852 0.425561
74.200000 0.058712 0.522966 0.162910 0.184065 0.510429 0.396312 0.187941 0.425834
74.400000 0.058703 0.523008 0.162824 0.184158 0.510786 0.396244 0.187841 0.426078
74.600000 0.058659 0.523208 0.162888 0.184380 0.511100 0.396406 0.188105 0.426467
74.800000 0.058689 0.523109 0.162877 0.184132 0.511388 0.396380 0.188094 0.426495
75.000000 0.058696 0.523250 0.162845 0.184228 0.511569 0.396288 0.188130 0.426721
75.200000 0.058697 0.523465 0.162813 0.184283 0.512225 0.396461 0.188165 0.427036
75.400000 0.058694 0.523532 0.163016 0.184465 0.512496 0.396487 0.188235 0.427343
75.600000 0.058708 0.523605 0.162931 0.184427 0.512361 0.396455 0.188236 0.427524
75.800000 0.058708 0.523758 0.162947 0.184385 0.512993 0.396513 0.188423 0.427761
76.000000 0.058727 0.523605 0.162948 0.184086 0.513211 0.396488 0.188359 0.427882
76.200000 0.058715 0.523981 0.163077 0.184286 0.513539 0.396633 0.188472 0.428188
76.400000 0.058689 0.524020 0.162832 0.184196 0.513788 0.396679 0.188538 0.428321
76.600000 0.058848 0.524118 0.162931 0.184354 0.514183 0.396429 0.188539 0.428560
76.800000 0.058713 0.524181 0.163018 0.184444 0.514228 0.396578 0.188568 0.428666
77.000000 0.058742 0.524072 0.162956 0.184502 0.514821 0.396707 0.188734 0.429013
77.200000 0.058720 0.524200 0.162760 0.184588 0.514690 0.396717 0.188622 0.429168
77.400000 0.058675 0.524146 0.162839 0.184379 0.514872 0.396596 0.188689 0.429323
77.600000 0.058709 0.524529 0.162865 0.184571 0.515398 0.396794 0.188610 0.429605
77.800000 0.058634 0.524538 0.162883 0.184434 0.515665 0.396830 0.188789 0.429694
78.000000 0.058692 0.524526 0.162946 0.184613 0.515890 0.396781 0.188842 0.430113
78.200000 0.058732 0.524605 0.162821 0.184480 0.516125 0.396824 0.188869 0.430223
78.400000 0.058725 0.524689 0.163047 0.184646 0.516110 0.396773 0.188926 0.430365
78.600000 0.058712 0.524912 0.163080 0.184764 0.516577 0.397086 0.188991 0.430667
78.800000 0.058665 0.524834 0.162978 0.184715 0.516914 0.396913 0.188978 0.430702
79.000000 0.058718 0.524883 0.162990 0.184795 0.516845 0.396948 0.189017 0.431024
79.200000 0.058727 0.525038 0.163026 0.184658 0.517223 0.396969 0.189105 0.430946
79.400000 0.058740 0.525026 0.163067 0.184833 0.517516 0.396898 0.189143 0.431141
79.600000 0.058722 0.525313 0.163050 0.184640 0.517745 0.397066 0.189190 0.431257
79.800000 0.058695 0.525113 0.163052 0.184797 0.517731 0.396900 0.189299 0.431554
80.000000 0.058596 0.525207 0.163083 0.184869 0.517982 0.397034 0.189221 0.431565
80.200000 0.058726 0.525203 0.163099 0.184917 0.518314 0.397185 0.189297 0.431697
80.400000 0.058738 0.525284 0.163105 0.184866 0.518404 0.397143 0.189379 0.431858
80.600000 0.058830 0.525258 0.162982 0.184979 0.518751 0.397375 0.189391 0.432227
80.800000 0.058720 0.525363 0.163087 0.184802 0.518984 0.396890 0.189441 0.432538
81.000000 0.058898 0.525384 0.163002 0.185000 0.518962 0.397217 0.189399 0.432538
81.200000 0.058726 0.525542 0.163053 0.185044 0.519295 0.397227 0.189567 0.432662
81.400000 0.058889 0.525749 0.163001 0.185139 0.519348 0.397285 0.189547 0.432719
81.600000 0.058761 0.525616 0.162975 0.185040 0.519655 0.397306 0.189531 0.432961
81.800000 0.058754 0.525604 0.163066 0.184996 0.519726 0.397261 0.189643 0.433132
82.000000 0.058745 0.525696 0.163165 0.185062 0.520167 0.397221 0.189524 0.433081
82.200000 0.058755 0.525869 0.162859 0.184976 0.520389 0.397471 0.189777 0.433262
82.400000 0.058770 0.525819 0.163198 0.185232 0.520207 0.397234 0.189738 0.433459
82.600000 0.058582 0.525921 0.163022 0.184980 0.520533 0.397406 0.189850 0.433530
82.800000 0.058622 0.526080 0.163056 0.185118 0.520833 0.397436 0.189908 0.433853
83.000000 0.058594 0.526064 0.163064 0.185139 0.520991 0.397394 0.189894 0.433966
83.200000 0.058761 0.526002 0.163167 0.185107 0.521190 0.397391 0.189828 0.433973
83.400000 0.058751 0.526044 0.163165 0.185249 0.521258 0.397369 0.189948 0.434188
83.600000 0.058766 0.526198 0.163275 0.185258 0.521323 0.397425 0.190123 0.434241
83.800000 0.058760 0.526165 0.163149 0.185233 0.521627 0.397599 0.190033 0.434372
84.000000 0.058594 0.526336 0.163149 0.185298 0.521542 0.397569 0.190085 0.434455
84.200000 0.058897 0.526445 0.163257 0.185319 0.521904 0.397587 0.190149 0.434621
84.400000 0.058764 0.526331 0.162982 0.185307 0.522037 0.397614 0.190121 0.434588
84.600000 0.058762 0.526528 0.163128 0.185476 0.522265 0.397592 0.190171 0.434743
84.800000 0.058562 0.526331 0.163187 0.185307 0.522176 0.397497 0.190226 0.434946
85.000000 0.058793 0.526556 0.163248 0.185390 0.522462 0.397768 0.190017 0.435072
85.200000 0.058724 0.526440 0.163201 0.185344 0.522558 0.397708 0.190300 0.435049
85.400000 0.058752 0.526666 0.163123 0.185406 0.522682 0.397679 0.190294 0.435311
85.600000 0.058868 0.526590 0.163239 0.185435 0.523155 0.397576 0.190324 0.435354
85.800000 0.058758 0.526667 0.163254 0.185505 0.523095 0.397750 0.190240 0.435283
86.000000 0.058737 0.526602 0.163238 0.185320 0.523021 0.397773 0.190284 0.435541
86.200000 0.058817 0.526864 0.163118 0.185515 0.523330 0.397786 0.190455 0.435701
86.400000 0.058718 0.526738 0.163253 0.185494 0.523470 0.397819 0.190485 0.435913
86.600000 0.058732 0.526756 0.163243 0.185459 0.523632 0.397864 0.190690 0.436063
86.800000 0.058696 0.526806 0.163386 0.185480 0.523688 0.397879 0.190612 0.435964
87.000000 0.058602 0.526922 0.163132 0.185557 0.523855 0.397912 0.190616 0.436216
87.200000 0.058730 0.527003 0.163264 0.185687 0.524103 0.397863 0.190669 0.436122
87.400000 0.058894 0.526975 0.162964 0.185561 0.524222 0.397938 0.190493 0.436295
87.600000 0.058614 0.527144 0.163193 0.185643 0.524145 0.397886 0.190879 0.436388
87.800000 0.058601 0.527135 0.163000 0.185459 0.524330 0.398093 0.190760 0.436439
88.000000 0.058614 0.527123 0.163239 0.185661 0.524566 0.397853 0.190808 0.436565
88.200000 0.058606 0.526893 0.163408 0.185838 0.524616 0.397934 0.190836 0.436803
88.400000 0.058724 0.527302 0.163134 0.185586 0.524759 0.398046 0.190982 0.436830
88.600000 0.058767 0.527047 0.163342 0.185851 0.524820 0.398047 0.190787 0.436796
88.800000 0.058594 0.527305 0.163332 0.185450 0.524960 0.398005 0.190947 0.437012
89.000000 0.058742 0.527317 0.163355 0.185713 0.525180 0.398162 0.190992 0.437114
89.200000 0.058613 0.527201 0.163346 0.185901 0.525218 0.398234 0.190897 0.437147
89.400000 0.058600 0.527452 0.163289 0.185787 0.525057 0.397958 0.190998 0.437231
89.600000 0.058769 0.527439 0.163144 0.185749 0.525391 0.397939 0.190971 0.437197
89.800000 0.058759 0.527227 0.163412 0.185727 0.525618 0.398238 0.190868 0.437419
90.000000 0.058768 0.527305 0.163274 0.185878 0.525707 0.398250 0.191082 0.437396
