0.200000 0.050111 0.397634 0.163425 0.210341 0.442011 0.448933 0.221164 0.374588
0.400000 0.050040 0.396512 0.163456 0.210070 0.439876 0.448501 0.220513 0.372803
0.600000 0.049896 0.395955 0.163326 0.209646 0.438569 0.448575 0.220494 0.371960
0.800000 0.049761 0.395408 0.163301 0.209428 0.437374 0.448569 0.220295 0.371087
1.000000 0.049874 0.394962 0.163397 0.209073 0.436049 0.448562 0.219932 0.370091
1.200000 0.049865 0.394454 0.163010 0.208865 0.434907 0.448394 0.219852 0.369148
1.400000 0.049874 0.393845 0.163125 0.208606 0.433772 0.448417 0.219606 0.368257
1.600000 0.049829 0.393614 0.162979 0.208374 0.432482 0.448334 0.219405 0.367269
1.800000 0.049796 0.393107 0.162965 0.208173 0.431464 0.448194 0.219218 0.366657
2.000000 0.049851 0.392627 0.162975 0.207914 0.430176 0.448096 0.218947 0.365750
2.200000 0.049788 0.392238 0.163012 0.207602 0.429046 0.448117 0.218651 0.364581
2.400000 0.049791 0.391648 0.163037 0.207326 0.427997 0.448281 0.218386 0.363801
2.600000 0.049800 0.391383 0.162915 0.207112 0.426757 0.448003 0.218505 0.362907
2.800000 0.049754 0.390811 0.162823 0.206912 0.425614 0.448072 0.217896 0.362057
3.000000 0.049894 0.390552 0.162852 0.206679 0.424382 0.448042 0.217858 0.361161
3.200000 0.049893 0.389879 0.162750 0.206427 0.423313 0.447891 0.217680 0.360317
3.400000 0.049726 0.389459 0.163050 0.206196 0.422179 0.447959 0.217471 0.359353
3.600000 0.049698 0.389245 0.162895 0.205889 0.421203 0.447988 0.217282 0.358653
3.800000 0.049704 0.388763 0.162780 0.205644 0.420095 0.447840 0.217021 0.357899
4.000000 0.049682 0.388224 0.162674 0.205396 0.419020 0.447770 0.216706 0.357037
4.200000 0.049669 0.387907 0.162731 0.205361 0.418063 0.447604 0.216585 0.356163
4.400000 0.049664 0.387424 0.162684 0.205185 0.416853 0.447657 0.216503 0.355340
4.600000 0.049677 0.386993 0.162540 0.204849 0.415944 0.447650 0.216075 0.354508
4.800000 0.049688 0.386596 0.162632 0.204901 0.414519 0.447519 0.215980 0.353617
5.000000 0.049615 0.386165 0.162519 0.204378 0.413672 0.447523 0.215648 0.352792
5.200000 0.049623 0.385822 0.162524 0.204249 0.412514 0.447427 0.215493 0.352133
5.400000 0.049657 0.385350 0.162466 0.203896 0.411643 0.447292 0.215424 0.351295
5.600000 0.049632 0.384885 0.162383 0.203710 0.410539 0.447357 0.215123 0.350447
5.800000 0.049603 0.384666 0.162501 0.203632 0.409403 0.447312 0.214720 0.349665
6.000000 0.049472 0.384260 0.162599 0.203447 0.408513 0.447182 0.214815 0.349102
6.200000 0.049609 0.383887 0.162599 0.203244 0.407509 0.447176 0.214437 0.348285
6.400000 0.049632 0.383362 0.162498 0.202996 0.406425 0.447001 0.214318 0.347375
6.600000 0.049291 0.382872 0.162237 0.202686 0.404841 0.447067 0.213992 0.346094
6.800000 0.049537 0.382509 0.162243 0.202402 0.404048 0.446983 0.213887 0.345521
7.000000 0.049545 0.382099 0.162283 0.202297 0.403123 0.446790 0.213589 0.344834
7.200000 0.049547 0.381623 0.162103 0.201874 0.401957 0.447053 0.213408 0.344035
7.400000 0.049514 0.381440 0.162334 0.201866 0.401121 0.446860 0.213053 0.343311
7.600000 0.049520 0.380898 0.162217 0.201443 0.400119 0.446635 0.212957 0.342522
7.800000 0.049537 0.380608 0.162075 0.201566 0.399296 0.446712 0.212762 0.341885
8.000000 0.049509 0.380213 0.162087 0.201340 0.398387 0.446650 0.212596 0.341153
8.200000 0.049502 0.379705 0.162174 0.201136 0.397425 0.446697 0.212401 0.340518
8.400000 0.049546 0.379543 0.162059 0.200831 0.396466 0.446535 0.212225 0.339772
8.600000 0.049469 0.379244 0.162113 0.200701 0.395811 0.446478 0.211960 0.338959
8.800000 0.049469 0.378886 0.162026 0.200382 0.394685 0.446388 0.211549 0.338370
9.000000 0.049499 0.378532 0.161936 0.200313 0.393708 0.446588 0.211599 0.337542
9.200000 0.049471 0.378165 0.161999 0.200145 0.392858 0.446441 0.211404 0.337024
9.400000 0.049573 0.377900 0.161811 0.200064 0.392044 0.446360 0.211331 0.336319
9.600000 0.049590 0.377581 0.162025 0.199808 0.391092 0.446216 0.210767 0.335615
9.800000 0.049473 0.377134 0.161960 0.199505 0.390348 0.446260 0.210845 0.335013
10.000000 0.049590 0.376930 0.162044 0.199389 0.389559 0.446397 0.210647 0.334370
10.200000 0.049290 0.376576 0.161796 0.199227 0.388554 0.446212 0.210450 0.333748
10.400000 0.049294 0.376262 0.162032 0.199082 0.387854 0.446091 0.210270 0.333055
10.600000 0.049424 0.375542 0.161755 0.198958 0.386944 0.446102 0.210062 0.332539
10.800000 0.049387 0.375735 0.161712 0.198661 0.385917 0.446098 0.209927 0.331780
11.000000 0.049393 0.375311 0.161731 0.198374 0.385140 0.446154 0.209684 0.330998
11.200000 0.049405 0.374800 0.161600 0.198482 0.384419 0.445964 0.209561 0.330396
11.400000 0.049550 0.374568 0.161601 0.198069 0.383634 0.445917 0.209346 0.329929
11.600000 0.049382 0.374302 0.161845 0.198041 0.382849 0.445830 0.209067 0.329297
11.800000 0.049357 0.374068 0.161861 0.197772 0.381940 0.445724 0.208921 0.328817
12.000000 0.049406 0.373740 0.161582 0.197663 0.381208 0.445795 0.208817 0.328085
12.200000 0.049317 0.373111 0.161550 0.197440 0.380326 0.445597 0.208482 0.327398
12.400000 0.049347 0.373054 0.161601 0.197315 0.379540 0.445626 0.208287 0.326829
12.600000 0.049352 0.372759 0.161557 0.196928 0.378666 0.445646 0.208210 0.326111
12.800000 0.049291 0.372417 0.161551 0.197037 0.377886 0.445508 0.208033 0.325547
13.000000 0.049305 0.372193 0.161288 0.196956 0.377326 0.445463 0.207885 0.325040
13.200000 0.049313 0.371835 0.161375 0.196731 0.376513 0.445285 0.207520 0.324552
13.400000 0.049294 0.371493 0.161578 0.196420 0.375701 0.445322 0.207551 0.323960
13.600000 0.049294 0.371247 0.161425 0.196401 0.375130 0.445326 0.207220 0.323415
13.800000 0.049020 0.370978 0.161437 0.196380 0.374386 0.445348 0.207285 0.322885
14.000000 0.049136 0.370863 0.161399 0.196201 0.373789 0.445306 0.207096 0.322514
14.200000 0.049145 0.370585 0.161303 0.195987 0.373130 0.445212 0.206876 0.321783
14.400000 0.049283 0.370193 0.161340 0.195822 0.372427 0.445232 0.206752 0.321308
14.600000 0.049157 0.369976 0.161403 0.195728 0.371730 0.445153 0.206508 0.320822
14.800000 0.049257 0.369857 0.161236 0.195749 0.370995 0.444990 0.206302 0.320317
15.000000 0.049245 0.369543 0.161145 0.195457 0.370374 0.444955 0.206209 0.319690
15.200000 0.049243 0.369213 0.161265 0.195115 0.369661 0.444968 0.206062 0.319287
15.400000 0.049241 0.369028 0.161387 0.195022 0.368973 0.444917 0.205917 0.318762
15.600000 0.049185 0.368761 0.161186 0.194891 0.368247 0.444757 0.205520 0.318066
15.800000 0.049229 0.368534 0.161205 0.194746 0.367729 0.444815 0.205554 0.317740
16.000000 0.049222 0.368243 0.161253 0.194667 0.367039 0.444934 0.205445 0.317192
16.200000 0.049209 0.368029 0.161201 0.194442 0.366237 0.444546 0.205331 0.316760
16.400000 0.049139 0.367839 0.161088 0.194286 0.365741 0.444760 0.205078 0.316238
16.600000 0.049193 0.367505 0.161142 0.194309 0.365170 0.444665 0.205007 0.315758
16.800000 0.049213 0.367363 0.161154 0.194161 0.364492 0.444671 0.204825 0.315356
17.000000 0.049205 0.367056 0.161099 0.194024 0.363833 0.444789 0.204649 0.314778
17.200000 0.049174 0.366864 0.160894 0.193841 0.363335 0.444490 0.204339 0.314482
17.400000 0.049213 0.366631 0.161057 0.193927 0.362559 0.444362 0.204165 0.313780
17.600000 0.049183 0.366308 0.160935 0.193602 0.361960 0.444337 0.204146 0.313337
17.800000 0.049144 0.366161 0.161130 0.193574 0.361388 0.444473 0.204039 0.312952
18.000000 0.049149 0.365635 0.160850 0.193229 0.360639 0.444291 0.203728 0.312238
18.200000 0.049154 0.365592 0.160720 0.193197 0.360030 0.444222 0.203851 0.311846
18.400000 0.049127 0.365176 0.160975 0.193127 0.359583 0.444098 0.203694 0.311301
18.600000 0.049281 0.364875 0.160936 0.192918 0.358961 0.444097 0.203429 0.311112
18.800000 0.049080 0.364971 0.160930 0.192896 0.358404 0.443885 0.203269 0.310409
19.000000 0.049062 0.364483 0.160961 0.192425 0.357567 0.443885 0.202849 0.309771
19.200000 0.049111 0.364429 0.160862 0.192433 0.356931 0.444093 0.202808 0.309597
19.400000 0.049120 0.364139 0.160782 0.192263 0.356474 0.444047 0.202652 0.309181
19.600000 0.049092 0.363777 0.160849 0.192143 0.355930 0.443880 0.202620 0.308656
19.800000 0.049107 0.363703 0.160778 0.191983 0.355287 0.443870 0.202484 0.308098
20.000000 0.049099 0.363330 0.160694 0.191963 0.354619 0.444022 0.202243 0.307798
20.200000 0.049064 0.363212 0.160794 0.191818 0.354168 0.443786 0.202168 0.307323
20.400000 0.049048 0.362865 0.160719 0.191952 0.353422 0.443876 0.202106 0.306904
20.600000 0.049071 0.362563 0.160803 0.191698 0.353035 0.443699 0.201981 0.306492
20.800000 0.049086 0.362580 0.160725 0.191583 0.352476 0.443649 0.201746 0.305982
21.000000 0.049064 0.362375 0.160714 0.191399 0.351749 0.443517 0.201598 0.305650
21.200000 0.049027 0.362126 0.160557 0.191250 0.351268 0.443574 0.201277 0.305064
21.400000 0.049060 0.361745 0.160738 0.191103 0.350838 0.443542 0.201334 0.304822
21.600000 0.049027 0.361694 0.160379 0.190991 0.350101 0.443335 0.201209 0.304399
21.800000 0.049053 0.361471 0.160716 0.190742 0.349717 0.443428 0.201055 0.304012
22.000000 0.049035 0.361236 0.160648 0.190821 0.349193 0.443369 0.200905 0.303538
22.200000 0.048993 0.361071 0.160558 0.190721 0.348593 0.443388 0.200672 0.303177
22.400000 0.048984 0.360830 0.160559 0.190640 0.347927 0.443118 0.200601 0.302643
22.600000 0.049002 0.360635 0.160580 0.190464 0.347540 0.443175 0.200363 0.302347
22.800000 0.049129 0.360427 0.160527 0.190362 0.346995 0.443198 0.200369 0.301883
23.000000 0.048857 0.360165 0.160387 0.190352 0.346488 0.443153 0.200340 0.301504
23.200000 0.049019 0.360048 0.160443 0.190179 0.346005 0.443084 0.200051 0.301139
23.400000 0.048988 0.359703 0.160464 0.189984 0.345569 0.443112 0.199943 0.300689
23.600000 0.048888 0.359646 0.160466 0.190020 0.344997 0.443052 0.199998 0.300140
23.800000 0.049006 0.359484 0.160635 0.189735 0.344541 0.443020 0.199862 0.299960
24.000000 0.049014 0.359250 0.160490 0.189576 0.343955 0.443004 0.199577 0.299386
24.200000 0.048991 0.358962 0.160479 0.189579 0.343557 0.442952 0.199320 0.299128
24.400000 0.049124 0.358831 0.160370 0.189541 0.342957 0.442789 0.199328 0.298632
24.600000 0.048966 0.358669 0.160248 0.189445 0.342550 0.442787 0.199179 0.298407
24.800000 0.048830 0.358573 0.160351 0.189270 0.342021 0.442803 0.199048 0.298099
25.000000 0.048941 0.358248 0.160333 0.189354 0.341365 0.442798 0.198668 0.297687
25.200000 0.048928 0.358093 0.160352 0.188984 0.340790 0.442678 0.198745 0.297238
25.400000 0.048925 0.357695 0.160338 0.188980 0.340350 0.442551 0.198517 0.296864
25.600000 0.048914 0.357620 0.160348 0.188870 0.339745 0.442578 0.198591 0.296400
25.800000 0.048910 0.357443 0.160202 0.188697 0.339430 0.442386 0.198352 0.295888
26.000000 0.048941 0.357117 0.160112 0.188633 0.338923 0.442444 0.198200 0.295581
26.200000 0.048895 0.357172 0.160305 0.188465 0.338554 0.442400 0.198132 0.295371
26.400000 0.048941 0.356808 0.160304 0.188428 0.338166 0.442211 0.198139 0.295013
26.600000 0.048933 0.356665 0.160133 0.188253 0.337669 0.442417 0.197876 0.294652
26.800000 0.048939 0.356537 0.160109 0.188251 0.336970 0.442273 0.197640 0.294433
27.000000 0.048915 0.356427 0.160215 0.188065 0.336750 0.442208 0.197735 0.293868
27.200000 0.048888 0.356194 0.160187 0.188124 0.336173 0.442072 0.197454 0.293550
27.400000 0.048877 0.355958 0.160179 0.187981 0.335719 0.442193 0.197389 0.293129
27.600000 0.048944 0.355747 0.160182 0.187758 0.335076 0.442184 0.197200 0.292880
27.800000 0.048869 0.355613 0.160080 0.187703 0.334662 0.441827 0.197099 0.292361
28.000000 0.048741 0.355391 0.160078 0.187600 0.334306 0.442015 0.196891 0.292172
28.200000 0.048869 0.355161 0.160150 0.187407 0.333898 0.441788 0.196940 0.291801
28.400000 0.048870 0.355029 0.160080 0.187477 0.333430 0.441858 0.196701 0.291330
28.600000 0.048856 0.354816 0.160047 0.187150 0.332879 0.441849 0.196557 0.291098
28.800000 0.048863 0.354679 0.160093 0.187321 0.332584 0.441744 0.196622 0.290970
29.000000 0.048870 0.354355 0.160033 0.187093 0.332091 0.441884 0.196366 0.290473
29.200000 0.048849 0.354390 0.160025 0.187036 0.331669 0.441580 0.196277 0.290173
29.400000 0.048835 0.354184 0.160001 0.186943 0.331366 0.441675 0.196175 0.289835
29.600000 0.048846 0.353966 0.159947 0.186870 0.330598 0.441573 0.195927 0.289556
29.800000 0.048846 0.353801 0.160003 0.186678 0.330386 0.441615 0.196071 0.289174
30.000000 0.048976 0.353838 0.159769 0.186721 0.330027 0.441613 0.195833 0.288869
30.200000 0.048765 0.353413 0.159946 0.186588 0.329538 0.441548 0.195504 0.288532
30.400000 0.048554 0.353331 0.159942 0.186567 0.329070 0.441415 0.195591 0.288227
30.600000 0.048766 0.353083 0.160036 0.186365 0.328728 0.441436 0.195534 0.287910
30.800000 0.048998 0.352911 0.159851 0.186404 0.328102 0.441318 0.195380 0.287501
31.000000 0.049316 0.352777 0.159926 0.186234 0.327783 0.441243 0.195268 0.287079
31.200000 0.050154 0.352544 0.159889 0.186211 0.327553 0.441411 0.195296 0.287009
31.400000 0.051394 0.352521 0.159926 0.186101 0.327148 0.441269 0.195053 0.286753
31.600000 0.052608 0.352467 0.160024 0.186090 0.327204 0.441057 0.195084 0.286622
31.800000 0.053938 0.352295 0.159933 0.186096 0.327412 0.441102 0.195124 0.286723
32.000000 0.055423 0.352276 0.159996 0.186299 0.327852 0.441117 0.194867 0.287045
32.200000 0.056987 0.352424 0.159990 0.186187 0.328687 0.441133 0.194950 0.287776
32.400000 0.058301 0.352649 0.159993 0.186287 0.329831 0.441107 0.194916 0.288653
32.600000 0.059907 0.353022 0.160167 0.186658 0.331558 0.440992 0.194947 0.289655
32.800000 0.061337 0.353819 0.160170 0.187149 0.333471 0.441098 0.195083 0.291210
33.000000 0.062578 0.354734 0.160088 0.187385 0.335774 0.441079 0.195210 0.292919
33.200000 0.063630 0.355959 0.160325 0.188114 0.338333 0.441123 0.234314 0.294818
33.400000 0.064706 0.357592 0.160458 0.188690 0.341830 0.441271 0.195588 0.297228
33.600000 0.065794 0.359474 0.160521 0.189472 0.345165 0.441107 0.195587 0.299596
33.800000 0.066710 0.361811 0.160620 0.190125 0.348848 0.441278 0.195810 0.302579
34.000000 0.067579 0.364952 0.160967 0.191334 0.353338 0.441281 0.195969 0.305496
34.200000 0.067902 0.368013 0.161195 0.192075 0.357741 0.441155 0.196078 0.308912
34.400000 0.068862 0.371791 0.161530 0.193088 0.362312 0.441197 0.196273 0.312390
34.600000 0.069411 0.375827 0.161678 0.194268 0.367403 0.441244 0.196647 0.316296
34.800000 0.069950 0.380486 0.162151 0.195320 0.372549 0.441213 0.196931 0.320069
35.000000 0.070255 0.385289 0.162410 0.196437 0.377682 0.441242 0.197028 0.324248
35.200000 0.070794 0.390996 0.162924 0.197954 0.383683 0.441358 0.197390 0.328733
35.400000 0.070975 0.396364 0.163295 0.199004 0.388822 0.441392 0.197695 0.332676
35.600000 0.071355 0.402007 0.163445 0.200295 0.394356 0.441329 0.197855 0.337119
35.800000 0.071715 0.408050 0.163919 0.201492 0.400357 0.441475 0.198169 0.341713
36.000000 0.071916 0.414302 0.164309 0.202688 0.405980 0.441490 0.198486 0.346227
36.200000 0.072090 0.420687 0.164630 0.203993 0.411750 0.441503 0.198579 0.351004
36.400000 0.072294 0.427381 0.164800 0.205114 0.418013 0.441477 0.198858 0.355811
36.600000 0.072618 0.434164 0.165172 0.206394 0.424095 0.441681 0.199173 0.360690
36.800000 0.072605 0.441178 0.165439 0.207631 0.430082 0.441666 0.199490 0.365604
37.000000 0.072636 0.448083 0.165775 0.208757 0.436456 0.441654 0.199860 0.370771
37.200000 0.072861 0.455585 0.166119 0.209932 0.442805 0.441634 0.200143 0.375939
37.400000 0.073036 0.463231 0.166334 0.211405 0.449820 0.441932 0.200636 0.381909
37.600000 0.073116 0.473305 0.166824 0.212945 0.458124 0.441829 0.200752 0.388546
37.800000 0.073153 0.480612 0.166965 0.214124 0.464714 0.441939 0.201019 0.393971
38.000000 0.073273 0.488118 0.167360 0.215442 0.471174 0.442042 0.201315 0.399191
38.200000 0.073313 0.495753 0.167727 0.216420 0.477619 0.442181 0.201597 0.404570
38.400000 0.073344 0.502832 0.168047 0.217547 0.484129 0.442059 0.201912 0.410106
38.600000 0.073394 0.510331 0.168248 0.218803 0.490602 0.442025 0.202304 0.415626
38.800000 0.073460 0.517764 0.168554 0.220118 0.497169 0.442274 0.202757 0.421065
39.000000 0.073479 0.524981 0.168799 0.220859 0.503556 0.442317 0.202994 0.426409
39.200000 0.073697 0.532131 0.168936 0.222272 0.509921 0.442218 0.203133 0.431855
39.400000 0.073448 0.539495 0.169165 0.223326 0.516565 0.442495 0.203448 0.437396
39.600000 0.073580 0.546835 0.169530 0.224333 0.522804 0.442390 0.203943 0.442792
39.800000 0.073496 0.553680 0.169808 0.225600 0.529411 0.442625 0.204182 0.448203
40.000000 0.073632 0.560513 0.170026 0.226668 0.535675 0.442622 0.204580 0.453636
40.200000 0.073622 0.567586 0.170389 0.227695 0.541993 0.442748 0.204887 0.458964
40.400000 0.073678 0.574400 0.170552 0.228834 0.548647 0.442807 0.205157 0.464199
40.600000 0.073848 0.581130 0.170799 0.229866 0.554825 0.442802 0.205597 0.469755
40.800000 0.073675 0.587878 0.170920 0.230977 0.561228 0.442819 0.205738 0.474818
41.000000 0.073555 0.594202 0.171258 0.232006 0.567598 0.442851 0.206188 0.480189
41.200000 0.073790 0.600854 0.171633 0.233262 0.573837 0.442889 0.206510 0.485671
41.400000 0.073716 0.607293 0.171739 0.234097 0.579990 0.443050 0.206904 0.490592
41.600000 0.073736 0.613111 0.171868 0.235055 0.586430 0.442984 0.207171 0.495656
41.800000 0.073749 0.618913 0.171599 0.235827 0.592164 0.442898 0.207080 0.500512
42.000000 0.073631 0.624909 0.171839 0.236601 0.598267 0.442853 0.207384 0.505647
42.200000 0.073667 0.630497 0.172212 0.237849 0.604279 0.442985 0.207783 0.510430
42.400000 0.073637 0.636132 0.172384 0.238721 0.610314 0.442854 0.208048 0.515464
42.600000 0.073659 0.641505 0.172443 0.239413 0.616313 0.442995 0.208251 0.520433
42.800000 0.073661 0.646861 0.172731 0.240567 0.622328 0.443037 0.208724 0.525204
43.000000 0.073636 0.652042 0.172913 0.241532 0.628179 0.443152 0.209080 0.530040
43.200000 0.073647 0.657160 0.173326 0.242392 0.633972 0.443416 0.209218 0.534582
43.400000 0.073672 0.662074 0.173231 0.243275 0.639921 0.443384 0.209784 0.539096
43.600000 0.073400 0.666794 0.173427 0.244284 0.645546 0.443353 0.209710 0.543620
43.800000 0.073646 0.671475 0.173726 0.245261 0.651127 0.443522 0.210280 0.548589
44.000000 0.073662 0.676963 0.174075 0.246356 0.658138 0.443628 0.210775 0.553963
44.200000 0.073671 0.681197 0.174034 0.247300 0.663593 0.443593 0.211136 0.558179
44.400000 0.073639 0.685191 0.174249 0.247970 0.668914 0.443602 0.211371 0.562655
44.600000 0.073817 0.689240 0.174394 0.249010 0.674427 0.443801 0.211708 0.566741
44.800000 0.073566 0.693168 0.174665 0.249789 0.679559 0.443995 0.212029 0.570925
45.000000 0.073608 0.696852 0.174844 0.250789 0.684874 0.443754 0.212541 0.575299
45.200000 0.073623 0.700268 0.174856 0.251576 0.690087 0.443895 0.212674 0.579139
45.400000 0.073615 0.703924 0.174983 0.252252 0.694834 0.444098 0.213090 0.583278
45.600000 0.073646 0.706979 0.175034 0.253192 0.699843 0.444202 0.213432 0.587024
45.800000 0.073689 0.710551 0.175698 0.254348 0.705149 0.444634 0.213945 0.591317
46.000000 0.073656 0.713632 0.175856 0.255074 0.709891 0.444718 0.214286 0.595191
46.200000 0.073687 0.716588 0.176040 0.256036 0.714853 0.444725 0.214608 0.598907
46.400000 0.073596 0.719304 0.176129 0.256729 0.719577 0.444744 0.214852 0.602638
46.600000 0.073625 0.722113 0.176290 0.257512 0.724188 0.444927 0.215223 0.606378
46.800000 0.073575 0.724595 0.176342 0.258303 0.728489 0.444642 0.215576 0.609880
47.000000 0.073567 0.727145 0.176600 0.258973 0.733170 0.445130 0.216016 0.613290
47.200000 0.073586 0.729801 0.176474 0.259761 0.737330 0.444949 0.216260 0.616643
47.400000 0.073575 0.731948 0.176793 0.260403 0.741632 0.445130 0.216584 0.620133
47.600000 0.073539 0.734000 0.176980 0.261265 0.745893 0.445294 0.216883 0.623528
47.800000 0.073541 0.736244 0.177017 0.262045 0.750117 0.445301 0.217225 0.626724
48.000000 0.073397 0.738186 0.177162 0.262824 0.754110 0.445380 0.217336 0.629737
48.200000 0.073497 0.739931 0.177239 0.263402 0.758286 0.445510 0.217813 0.633078
48.400000 0.073668 0.741892 0.177429 0.264121 0.762114 0.445570 0.218138 0.636140
48.600000 0.073470 0.743725 0.177387 0.264760 0.765935 0.445349 0.218419 0.638952
48.800000 0.073534 0.745522 0.177467 0.265487 0.769554 0.445705 0.218732 0.642017
49.000000 0.073520 0.746955 0.177568 0.266244 0.773202 0.445673 0.219069 0.644879
49.200000 0.073527 0.748460 0.177827 0.266871 0.776974 0.445639 0.219288 0.647731
49.400000 0.073540 0.749979 0.177792 0.267443 0.780469 0.445936 0.219710 0.650531
49.600000 0.073512 0.751681 0.177810 0.268103 0.783866 0.445917 0.219955 0.653325
49.800000 0.073506 0.752741 0.177946 0.268831 0.787245 0.445951 0.220208 0.655916
50.000000 0.073477 0.754102 0.178020 0.269508 0.790492 0.446109 0.220552 0.658574
50.200000 0.073425 0.755902 0.178256 0.270348 0.794516 0.446070 0.220987 0.661864
50.400000 0.073473 0.757284 0.178287 0.271139 0.798519 0.446273 0.221370 0.664894
50.600000 0.073484 0.758350 0.178469 0.271728 0.801601 0.446372 0.221561 0.667393
50.800000 0.073453 0.759285 0.178428 0.272250 0.804761 0.446410 0.222012 0.669825
51.000000 0.073411 0.760583 0.178529 0.272884 0.807399 0.446450 0.222138 0.671977
51.200000 0.073479 0.761514 0.178576 0.273631 0.810488 0.446437 0.222321 0.674436
51.400000 0.073425 0.762339 0.178720 0.274268 0.813392 0.446572 0.222772 0.676544
51.600000 0.073265 0.763398 0.178702 0.274809 0.816302 0.446649 0.223044 0.678939
51.800000 0.073244 0.764133 0.178939 0.275465 0.818836 0.446592 0.223230 0.680999
52.000000 0.073262 0.764965 0.178835 0.276064 0.821667 0.446909 0.223771 0.683190
52.200000 0.073359 0.765938 0.179054 0.276596 0.824126 0.446879 0.223934 0.685412
52.400000 0.073255 0.766658 0.179255 0.277169 0.826833 0.446967 0.224188 0.687381
52.600000 0.073375 0.766978 0.179272 0.277561 0.829151 0.447066 0.224437 0.689218
52.800000 0.073374 0.768054 0.179350 0.278211 0.831654 0.447072 0.224794 0.691187
53.000000 0.073254 0.768608 0.179387 0.278844 0.834097 0.447229 0.225089 0.693328
53.200000 0.073391 0.769383 0.179296 0.279526 0.836423 0.447368 0.225502 0.694877
53.400000 0.073377 0.769937 0.179575 0.279931 0.838600 0.447322 0.225647 0.696746
53.600000 0.073361 0.770347 0.179588 0.280514 0.840663 0.447334 0.225884 0.698508
53.800000 0.073361 0.771030 0.179595 0.281110 0.842766 0.447425 0.226219 0.700084
54.000000 0.073294 0.771459 0.179628 0.281612 0.844976 0.447480 0.226305 0.701725
54.200000 0.073335 0.771949 0.179728 0.282285 0.846995 0.447582 0.226864 0.703468
54.400000 0.073361 0.772441 0.179765 0.282705 0.849123 0.447450 0.226905 0.705213
54.600000 0.073317 0.772875 0.179848 0.283276 0.851058 0.447795 0.227219 0.706616
54.800000 0.073334 0.773534 0.179957 0.283731 0.852930 0.447623 0.227566 0.708245
55.000000 0.073153 0.773934 0.180008 0.284419 0.854854 0.447729 0.227829 0.709683
55.200000 0.073289 0.774108 0.180053 0.284604 0.856437 0.447901 0.228187 0.710951
55.400000 0.073254 0.774393 0.180186 0.285059 0.858156 0.447950 0.228333 0.712322
55.600000 0.073242 0.774890 0.180116 0.285754 0.860112 0.447900 0.228462 0.713926
55.800000 0.073097 0.775294 0.180143 0.286210 0.861709 0.448055 0.228751 0.715117
56.000000 0.073208 0.775360 0.180101 0.286697 0.863225 0.448026 0.229079 0.716355
56.200000 0.073389 0.775822 0.180300 0.287029 0.865100 0.448358 0.229390 0.717647
56.400000 0.073124 0.776064 0.180175 0.287485 0.866884 0.448433 0.229821 0.719296
56.600000 0.073233 0.776383 0.180323 0.288280 0.868499 0.448317 0.229974 0.720594
56.800000 0.073185 0.776585 0.180452 0.288767 0.869672 0.448481 0.230116 0.721687
57.000000 0.073202 0.777027 0.180498 0.289279 0.871526 0.448483 0.230531 0.722867
57.200000 0.072979 0.776988 0.180644 0.289714 0.872722 0.448550 0.230740 0.723921
57.400000 0.073189 0.777346 0.180575 0.290156 0.874480 0.448864 0.231020 0.725232
57.600000 0.073172 0.777737 0.180619 0.290634 0.875579 0.448714 0.231276 0.726129
57.800000 0.073158 0.777847 0.180792 0.290986 0.876963 0.448858 0.231374 0.727141
58.000000 0.073144 0.778010 0.180789 0.291585 0.878210 0.448894 0.231732 0.728254
58.200000 0.073144 0.777980 0.180712 0.291964 0.879332 0.448837 0.232017 0.729110
58.400000 0.073159 0.778242 0.180957 0.292224 0.880669 0.448982 0.232125 0.730079
58.600000 0.073122 0.778394 0.180732 0.292944 0.881839 0.449072 0.232531 0.730928
58.800000 0.073130 0.778797 0.180867 0.293186 0.882931 0.449159 0.232722 0.731833
59.000000 0.073075 0.778804 0.181031 0.293697 0.884206 0.449098 0.232878 0.732992
59.200000 0.073102 0.778869 0.180938 0.294018 0.885260 0.449319 0.233206 0.733695
59.400000 0.073075 0.778839 0.180904 0.294246 0.886301 0.449402 0.233455 0.734459
59.600000 0.073032 0.779018 0.181104 0.294867 0.887343 0.449312 0.233612 0.735250
59.800000 0.073076 0.779185 0.181114 0.295376 0.888438 0.449489 0.233956 0.736134
60.000000 0.073014 0.779157 0.181077 0.295753 0.889428 0.449529 0.234074 0.736865
60.200000 0.073038 0.779390 0.181143 0.296060 0.890386 0.449491 0.234451 0.737612
60.400000 0.073009 0.779318 0.181270 0.296556 0.891411 0.449619 0.234662 0.738439
60.600000 0.072824 0.779307 0.181148 0.296925 0.892058 0.449697 0.234906 0.739277
60.800000 0.072939 0.779446 0.181106 0.297391 0.893228 0.449902 0.235125 0.739786
61.000000 0.072982 0.779451 0.181254 0.297559 0.894027 0.449802 0.235282 0.740389
61.200000 0.072813 0.779574 0.181419 0.298072 0.894851 0.449935 0.235483 0.741227
61.400000 0.072793 0.779676 0.181308 0.298586 0.895631 0.450122 0.235643 0.741649
61.600000 0.072873 0.779681 0.181283 0.298708 0.896551 0.450057 0.236118 0.742434
61.800000 0.072908 0.779628 0.181292 0.299079 0.897273 0.449911 0.236318 0.742825
62.000000 0.072912 0.779514 0.181503 0.299611 0.898268 0.450141 0.236411 0.743440
62.200000 0.072874 0.779721 0.181434 0.299845 0.898662 0.449985 0.236747 0.743944
62.400000 0.072786 0.779654 0.181491 0.300312 0.899494 0.450348 0.236862 0.744737
62.600000 0.072936 0.779834 0.181575 0.300657 0.900179 0.450273 0.237028 0.745382
62.800000 0.072874 0.779675 0.181514 0.301120 0.901288 0.450317 0.237344 0.745922
63.000000 0.072932 0.779269 0.181415 0.301359 0.901781 0.450216 0.237357 0.746269
63.200000 0.072858 0.779420 0.181605 0.301917 0.902757 0.450684 0.237753 0.746932
63.400000 0.072854 0.779331 0.181595 0.302218 0.903217 0.450594 0.238013 0.747511
63.600000 0.072851 0.779397 0.181667 0.302517 0.903626 0.450693 0.238192 0.747854
63.800000 0.072851 0.779395 0.181693 0.302928 0.904524 0.450877 0.238627 0.748320
64.000000 0.072654 0.779563 0.181614 0.303268 0.905120 0.450852 0.238651 0.748836
64.200000 0.072643 0.779281 0.181729 0.303383 0.905309 0.450869 0.238900 0.749250
64.400000 0.072636 0.779293 0.181806 0.303924 0.906134 0.451002 0.239207 0.749663
64.600000 0.072739 0.778884 0.181526 0.303775 0.906425 0.450451 0.238938 0.749737
64.800000 0.072715 0.778931 0.181167 0.304253 0.906940 0.450611 0.239067 0.749973
65.000000 0.072762 0.779060 0.181538 0.304505 0.907397 0.450841 0.239341 0.750434
65.200000 0.072831 0.778945 0.181550 0.304859 0.907849 0.450767 0.239483 0.750746
65.400000 0.072692 0.778716 0.181482 0.305164 0.908649 0.450938 0.239686 0.751211
65.600000 0.072764 0.778576 0.181482 0.305395 0.908963 0.450798 0.239770 0.751597
65.800000 0.072649 0.778115 0.181528 0.305643 0.909189 0.450989 0.239869 0.751674
66.000000 0.072744 0.778715 0.181429 0.306168 0.909578 0.451152 0.240262 0.752183
66.200000 0.072693 0.778614 0.181612 0.306432 0.910105 0.451112 0.240603 0.752483
66.400000 0.072677 0.778495 0.181620 0.306568 0.910479 0.451255 0.240703 0.752822
66.600000 0.072642 0.778427 0.181440 0.307123 0.911003 0.451334 0.240834 0.753024
66.800000 0.072522 0.778133 0.181659 0.307261 0.911487 0.451286 0.241019 0.753453
67.000000 0.072657 0.778262 0.181668 0.307469 0.911844 0.451376 0.241116 0.753339
67.200000 0.072681 0.778003 0.181691 0.308011 0.912155 0.451379 0.241307 0.754030
67.400000 0.072635 0.778133 0.181683 0.308098 0.912546 0.451657 0.241684 0.754132
67.600000 0.072482 0.777947 0.181598 0.308492 0.913040 0.451652 0.241759 0.754479
67.800000 0.072624 0.778057 0.181762 0.308755 0.913240 0.451746 0.242152 0.754756
68.000000 0.072649 0.778162 0.182300 0.309600 0.913983 0.452054 0.242583 0.755364
68.200000 0.072682 0.778095 0.182221 0.309772 0.914214 0.452185 0.242643 0.755591
68.400000 0.072684 0.778338 0.182222 0.309621 0.914536 0.452324 0.243062 0.755906
68.600000 0.072687 0.777910 0.182244 0.310263 0.914886 0.452210 0.243171 0.755855
68.800000 0.072688 0.777720 0.182281 0.310581 0.915308 0.452334 0.243124 0.756182
69.000000 0.072644 0.777634 0.182324 0.311018 0.915409 0.452448 0.243503 0.756362
69.200000 0.072641 0.777600 0.182334 0.311160 0.915811 0.452509 0.243547 0.756429
69.400000 0.072512 0.777602 0.182200 0.311282 0.915995 0.452639 0.243891 0.756713
69.600000 0.072738 0.777372 0.182210 0.311716 0.916250 0.452727 0.243974 0.756878
69.800000 0.072487 0.777313 0.182223 0.311949 0.916578 0.452802 0.244169 0.757123
70.000000 0.072494 0.777392 0.182447 0.312197 0.916757 0.452585 0.244359 0.757231
70.200000 0.072619 0.777209 0.182411 0.351509 0.917044 0.452787 0.244527 0.757322
70.400000 0.072650 0.777001 0.182408 0.312943 0.917209 0.452953 0.244669 0.757676
70.600000 0.072641 0.777009 0.182443 0.312975 0.917561 0.452980 0.244831 0.757746
70.800000 0.072601 0.777003 0.182413 0.313129 0.917700 0.453182 0.245052 0.758028
71.000000 0.072573 0.776680 0.182374 0.313392 0.917832 0.453011 0.245032 0.758032
71.200000 0.072538 0.776691 0.182478 0.313751 0.918177 0.453054 0.245472 0.758192
71.400000 0.072584 0.776739 0.182542 0.313912 0.918234 0.453144 0.245522 0.758246
71.600000 0.072553 0.776720 0.182498 0.314222 0.918680 0.453258 0.245701 0.758315
71.800000 0.072560 0.776466 0.182590 0.314487 0.918719 0.453306 0.245687 0.758535
72.000000 0.072379 0.776530 0.182616 0.314723 0.919038 0.453466 0.245859 0.758755
72.200000 0.072561 0.776352 0.182605 0.314947 0.919114 0.453344 0.246149 0.758685
72.400000 0.072515 0.776193 0.182617 0.315235 0.919039 0.453239 0.246132 0.758914
72.600000 0.072368 0.775951 0.182546 0.315472 0.919489 0.453450 0.246319 0.759069
72.800000 0.072511 0.776333 0.182669 0.315717 0.919718 0.453764 0.246632 0.759153
73.000000 0.072548 0.776156 0.182562 0.315914 0.919652 0.453731 0.246666 0.759261
73.200000 0.072522 0.775976 0.182381 0.316205 0.919989 0.453727 0.246882 0.759495
73.400000 0.072568 0.776040 0.182674 0.316395 0.920237 0.453696 0.247024 0.759577
73.600000 0.072566 0.775648 0.182661 0.316514 0.919962 0.453659 0.247040 0.759518
73.800000 0.072535 0.775609 0.182772 0.316703 0.920381 0.453875 0.247200 0.759679
74.000000 0.072544 0.775712 0.182902 0.317150 0.920540 0.453946 0.247563 0.759607
74.200000 0.072551 0.775632 0.182746 0.317279 0.920640 0.453948 0.247597 0.759829
74.400000 0.072610 0.775433 0.182933 0.317586 0.920820 0.453860 0.247767 0.760020
74.600000 0.072501 0.775355 0.182648 0.317839 0.920929 0.454149 0.247906 0.760024
74.800000 0.072549 0.775415 0.182838 0.318047 0.921111 0.454183 0.247968 0.760136
75.000000 0.072356 0.775262 0.182782 0.318425 0.921263 0.454251 0.248192 0.760089
75.200000 0.072472 0.775256 0.182750 0.318554 0.921449 0.454326 0.248346 0.760344
75.400000 0.072461 0.775285 0.182846 0.318635 0.921531 0.454131 0.248557 0.760475
75.600000 0.072451 0.774996 0.182819 0.318939 0.921750 0.454283 0.248671 0.760591
75.800000 0.072453 0.775195 0.182849 0.319094 0.921696 0.454543 0.248809 0.760421
76.000000 0.072432 0.774947 0.182945 0.319315 0.921845 0.454592 0.248889 0.760610
76.200000 0.072442 0.774905 0.182813 0.319429 0.922083 0.454800 0.248958 0.760378
76.400000 0.072442 0.774902 0.182894 0.319790 0.922055 0.454683 0.249164 0.760595
76.600000 0.072457 0.774639 0.182936 0.319908 0.921937 0.454624 0.249319 0.760523
76.800000 0.072420 0.774720 0.182935 0.320228 0.922225 0.454801 0.249417 0.760658
77.000000 0.072415 0.774403 0.183227 0.320323 0.922190 0.454739 0.249646 0.760724
77.200000 0.072285 0.774232 0.183007 0.320545 0.922314 0.454882 0.249189 0.760321
77.400000 0.072296 0.774151 0.182779 0.320596 0.922069 0.454754 0.249752 0.760607
77.600000 0.072292 0.774078 0.182654 0.320764 0.922099 0.454843 0.249806 0.760262
77.800000 0.072427 0.773844 0.182973 0.321318 0.922533 0.455100 0.249963 0.760903
78.000000 0.072411 0.774071 0.182877 0.321463 0.922638 0.455053 0.250267 0.760807
78.200000 0.072471 0.774032 0.183094 0.321804 0.922624 0.455206 0.250309 0.760794
78.400000 0.072413 0.773823 0.182998 0.321911 0.922654 0.455300 0.250506 0.760923
78.600000 0.072392 0.773625 0.183045 0.321994 0.922715 0.455187 0.250644 0.760818
78.800000 0.072248 0.773647 0.183135 0.322195 0.922838 0.455389 0.250595 0.760864
79.000000 0.072364 0.773507 0.183167 0.322285 0.922636 0.455363 0.250992 0.761095
79.200000 0.072322 0.773285 0.183070 0.322716 0.922765 0.455481 0.250994 0.761006
79.400000 0.072362 0.773544 0.183009 0.322832 0.922990 0.455555 0.251097 0.760962
79.600000 0.072377 0.773416 0.183131 0.322986 0.923146 0.455627 0.251209 0.761097
79.800000 0.072411 0.773106 0.183094 0.323108 0.922759 0.455608 0.251242 0.760999
80.000000 0.072373 0.773090 0.182983 0.323322 0.922909 0.455625 0.251377 0.761060
80.200000 0.072334 0.773018 0.183252 0.323361 0.923037 0.455771 0.251539 0.761085
80.400000 0.072399 0.773136 0.183176 0.323530 0.923132 0.455807 0.251381 0.761024
80.600000 0.072368 0.773129 0.183120 0.323892 0.923067 0.455896 0.251625 0.761131
80.800000 0.072396 0.773028 0.183132 0.324007 0.923242 0.456058 0.251910 0.761145
81.000000 0.072394 0.772915 0.183216 0.324278 0.923154 0.456005 0.251937 0.761026
81.200000 0.072337 0.772939 0.183227 0.324364 0.923295 0.456195 0.251950 0.761231
81.400000 0.072472 0.772659 0.183196 0.324405 0.923053 0.456140 0.252222 0.760985
81.600000 0.072329 0.772501 0.183212 0.324665 0.923067 0.456162 0.252230 0.761096
81.800000 0.072315 0.772511 0.183177 0.324798 0.923125 0.456145 0.252327 0.761064
82.000000 0.072212 0.772381 0.183305 0.324913 0.923129 0.456089 0.252385 0.761045
82.200000 0.072286 0.772268 0.183372 0.325034 0.923019 0.456252 0.252424 0.760979
82.400000 0.072441 0.772275 0.183228 0.325286 0.923303 0.455936 0.252637 0.760889
82.600000 0.072292 0.771931 0.183322 0.325405 0.923077 0.456493 0.252919 0.761072
82.800000 0.072255 0.772175 0.183096 0.325525 0.923056 0.456501 0.252981 0.761019
83.000000 0.072274 0.772052 0.183281 0.325694 0.923222 0.456540 0.252846 0.761161
83.200000 0.072163 0.772137 0.183271 0.325806 0.923160 0.456574 0.253140 0.761060
83.400000 0.072261 0.771868 0.183324 0.325959 0.923258 0.456605 0.253052 0.760881
83.600000 0.072249 0.771849 0.183304 0.326169 0.922902 0.456641 0.253181 0.760832
83.800000 0.072230 0.771847 0.183346 0.326361 0.923206 0.456719 0.253379 0.761038
84.000000 0.072274 0.771940 0.183048 0.326480 0.923138 0.456815 0.253324 0.761063
84.200000 0.072189 0.771395 0.182995 0.326237 0.922849 0.456475 0.253041 0.760500
84.400000 0.072163 0.771224 0.182818 0.326370 0.922917 0.456271 0.253273 0.760530
84.600000 0.072162 0.771065 0.183083 0.326519 0.922874 0.456649 0.253093 0.760620
84.800000 0.072290 0.771095 0.182953 0.326673 0.922966 0.456561 0.253313 0.760537
85.000000 0.072169 0.771092 0.182957 0.326890 0.922975 0.456607 0.253300 0.760514
85.200000 0.072309 0.770988 0.182876 0.326878 0.922779 0.456649 0.253338 0.760506
85.400000 0.072035 0.770660 0.182895 0.327086 0.922735 0.456821 0.253539 0.760370
85.600000 0.072196 0.770899 0.182950 0.327153 0.922730 0.456733 0.253634 0.760408
85.800000 0.072221 0.770964 0.182977 0.327436 0.922991 0.456837 0.253786 0.760596
86.000000 0.072215 0.770736 0.182999 0.327514 0.922942 0.456727 0.253757 0.760347
86.200000 0.072221 0.770803 0.183020 0.327757 0.922873 0.456998 0.253921 0.760580
86.400000 0.072223 0.770813 0.183086 0.327770 0.922877 0.457030 0.254011 0.760546
86.600000 0.072236 0.770632 0.183070 0.327962 0.922711 0.457069 0.254135 0.760505
86.800000 0.072256 0.770626 0.183005 0.328196 0.922994 0.457249 0.254082 0.760602
87.000000 0.072193 0.770508 0.183005 0.328184 0.922710 0.457011 0.254319 0.760542
87.200000 0.072291 0.770452 0.183078 0.328503 0.923012 0.457269 0.254375 0.760530
87.400000 0.072286 0.770568 0.183141 0.328568 0.922874 0.457455 0.254515 0.760347
87.600000 0.072272 0.770416 0.183227 0.328728 0.922935 0.457346 0.254393 0.760565
87.800000 0.072248 0.770370 0.183207 0.328900 0.922897 0.457382 0.254607 0.760486
88.000000 0.072256 0.770604 0.183458 0.329389 0.923386 0.457754 0.255247 0.760859
88.200000 0.072279 0.770528 0.183591 0.329554 0.923295 0.457813 0.255101 0.760759
88.400000 0.072283 0.770674 0.183599 0.329460 0.923359 0.457980 0.255181 0.760912
88.600000 0.072316 0.770637 0.183592 0.329834 0.923250 0.457998 0.255329 0.760705
88.800000 0.072275 0.770258 0.183556 0.329849 0.923226 0.457836 0.255314 0.760725
89.000000 0.072326 0.770694 0.183633 0.330079 0.923354 0.457985 0.255551 0.760666
89.200000 0.072190 0.770543 0.183657 0.330181 0.923225 0.458058 0.255563 0.760761
89.400000 0.072350 0.770392 0.183862 0.330256 0.923241 0.458174 0.255592 0.760795
89.600000 0.072370 0.770544 0.183596 0.330460 0.923342 0.458220 0.255864 0.760889
89.800000 0.072194 0.770431 0.183668 0.330515 0.923581 0.458219 0.255749 0.760790
90.000000 0.072343 0.770430 0.183726 0.330753 0.923430 0.458372 0.255811 0.760513
