0.200000 0.212197 0.424398 0.163538 0.186951 0.522381 0.592281 0.215569 0.434040
0.400000 0.211911 0.422877 0.163130 0.186548 0.518779 0.591839 0.214745 0.431953
0.600000 0.211861 0.422539 0.163203 0.186305 0.517014 0.591865 0.214391 0.430596
0.800000 0.211906 0.421930 0.163370 0.186119 0.514879 0.591477 0.213997 0.429063
1.000000 0.211737 0.421041 0.163174 0.185971 0.513107 0.591194 0.213677 0.427400
1.200000 0.211708 0.420637 0.163105 0.185728 0.511297 0.591250 0.213196 0.426132
1.400000 0.211769 0.419835 0.163241 0.185557 0.509484 0.590976 0.212936 0.424787
1.600000 0.211613 0.419580 0.163001 0.185394 0.507318 0.591089 0.212652 0.423371
1.800000 0.211544 0.418719 0.163109 0.185291 0.505619 0.590694 0.212187 0.421960
2.000000 0.211495 0.418450 0.162969 0.185171 0.503652 0.590457 0.211933 0.420674
2.200000 0.211363 0.417835 0.162920 0.185024 0.501880 0.590291 0.211373 0.418903
2.400000 0.211450 0.417450 0.162864 0.184691 0.499935 0.590238 0.210978 0.417815
2.600000 0.211205 0.416591 0.162919 0.184593 0.498119 0.589911 0.210652 0.416372
2.800000 0.211454 0.415986 0.162675 0.184473 0.496441 0.589809 0.210289 0.415080
3.000000 0.211421 0.415520 0.162724 0.184139 0.494671 0.589708 0.209842 0.413671
3.200000 0.211299 0.415108 0.162601 0.183947 0.492904 0.589462 0.209528 0.412474
3.400000 0.211226 0.414457 0.162589 0.183896 0.491261 0.589170 0.209243 0.411338
3.600000 0.211306 0.414097 0.162630 0.183671 0.489532 0.589241 0.208952 0.410037
3.800000 0.211107 0.413369 0.162515 0.183544 0.487669 0.589095 0.208600 0.408761
4.000000 0.211075 0.413187 0.162538 0.183401 0.486108 0.588845 0.208139 0.407496
4.200000 0.211016 0.412550 0.162280 0.183244 0.484444 0.588602 0.207732 0.406243
4.400000 0.211018 0.412008 0.162360 0.183175 0.482680 0.588570 0.207657 0.405015
4.600000 0.210956 0.411410 0.162219 0.182868 0.480937 0.588484 0.207077 0.403757
4.800000 0.210895 0.411091 0.162340 0.182773 0.479319 0.588382 0.206839 0.402520
5.000000 0.210903 0.410588 0.162327 0.182520 0.477513 0.587936 0.206443 0.401309
5.200000 0.210841 0.409873 0.162318 0.182376 0.476131 0.587895 0.206216 0.400006
5.400000 0.210839 0.409315 0.162169 0.182266 0.474442 0.587709 0.205864 0.398991
5.600000 0.210806 0.409080 0.162194 0.182137 0.473021 0.587509 0.205485 0.397874
5.800000 0.210730 0.408479 0.162174 0.181813 0.471644 0.587384 0.205181 0.396764
6.000000 0.210654 0.408149 0.161968 0.181853 0.469884 0.587142 0.204802 0.395565
6.200000 0.210631 0.407521 0.162108 0.181594 0.468367 0.586924 0.204591 0.394486
6.400000 0.210695 0.407147 0.161904 0.181507 0.466607 0.586797 0.204248 0.393087
6.600000 0.210606 0.406641 0.161978 0.181344 0.464732 0.586570 0.203741 0.391674
6.800000 0.210539 0.405927 0.161951 0.181236 0.463120 0.586428 0.203481 0.390354
7.000000 0.210479 0.405536 0.161756 0.181095 0.461702 0.586177 0.203132 0.389443
7.200000 0.210409 0.404918 0.162095 0.181114 0.460143 0.585942 0.202892 0.388452
7.400000 0.210254 0.404638 0.161830 0.180852 0.458772 0.546885 0.202528 0.387191
7.600000 0.210390 0.404144 0.161781 0.180691 0.457392 0.585837 0.202332 0.386327
7.800000 0.210368 0.403686 0.161845 0.180409 0.455884 0.585495 0.201886 0.385207
8.000000 0.210323 0.403283 0.161734 0.180444 0.454260 0.585404 0.201637 0.384123
8.200000 0.210130 0.402692 0.161709 0.180244 0.452892 0.585235 0.201365 0.383039
8.400000 0.210114 0.402445 0.161446 0.180166 0.451585 0.584915 0.200835 0.382097
8.600000 0.210208 0.402056 0.161629 0.179946 0.450159 0.584732 0.200820 0.381150
8.800000 0.210047 0.401629 0.161603 0.179870 0.449000 0.584613 0.200542 0.380166
9.000000 0.210131 0.401110 0.161516 0.179780 0.447756 0.584415 0.200231 0.379148
9.200000 0.209999 0.400829 0.161519 0.179665 0.446237 0.584417 0.200028 0.378355
9.400000 0.210054 0.400283 0.161542 0.179286 0.444884 0.584185 0.199743 0.377310
9.600000 0.210031 0.399783 0.161305 0.179400 0.443574 0.584054 0.199332 0.376350
9.800000 0.210031 0.399593 0.161411 0.179195 0.442410 0.584028 0.199177 0.375220
10.000000 0.209907 0.399108 0.161405 0.179223 0.441190 0.583749 0.198944 0.374439
10.200000 0.209942 0.398774 0.161346 0.179032 0.439899 0.583401 0.198547 0.373386
10.400000 0.209929 0.398166 0.161416 0.179108 0.438669 0.583217 0.198445 0.372660
10.600000 0.209888 0.397952 0.161328 0.178909 0.437394 0.583292 0.198073 0.371852
10.800000 0.209836 0.397578 0.161179 0.178829 0.436168 0.582926 0.197769 0.370671
11.000000 0.209736 0.397149 0.161240 0.178669 0.435015 0.582625 0.197668 0.369856
11.200000 0.209767 0.396826 0.161167 0.178623 0.433702 0.582495 0.197408 0.368866
11.400000 0.209769 0.396432 0.161252 0.178453 0.432551 0.582518 0.197227 0.368175
11.600000 0.209730 0.395995 0.161363 0.178353 0.431324 0.582306 0.196946 0.367358
11.800000 0.209531 0.395612 0.161304 0.177849 0.429945 0.582091 0.196510 0.366182
12.000000 0.209494 0.394918 0.161127 0.177887 0.428321 0.581777 0.196195 0.365148
12.200000 0.209422 0.394483 0.160909 0.177743 0.426999 0.581442 0.195843 0.364039
12.400000 0.209606 0.394396 0.161074 0.177786 0.425911 0.581594 0.195889 0.363287
12.600000 0.209515 0.393861 0.160960 0.177697 0.424618 0.581165 0.195316 0.362391
12.800000 0.209394 0.393379 0.160963 0.177740 0.423380 0.581063 0.195234 0.361388
13.000000 0.209473 0.393068 0.160914 0.177312 0.422390 0.580906 0.194880 0.360590
13.200000 0.209426 0.392788 0.160930 0.177345 0.421469 0.580772 0.194840 0.359957
13.400000 0.209456 0.392419 0.160887 0.177370 0.420448 0.580562 0.194582 0.359218
13.600000 0.209434 0.392286 0.160891 0.177271 0.419421 0.580543 0.194337 0.358499
13.800000 0.209404 0.391873 0.160733 0.177111 0.418826 0.580416 0.194116 0.357763
14.000000 0.209230 0.391404 0.160922 0.177003 0.417574 0.580264 0.194070 0.356973
14.200000 0.209208 0.391161 0.160707 0.176880 0.416426 0.580131 0.193859 0.356418
14.400000 0.209255 0.390980 0.160784 0.176634 0.415704 0.580025 0.193695 0.355825
14.600000 0.209307 0.390772 0.160726 0.176590 0.414715 0.579833 0.193619 0.354999
14.800000 0.209502 0.390558 0.160680 0.176792 0.413636 0.579681 0.193052 0.354263
15.000000 0.209250 0.389917 0.160714 0.176599 0.412937 0.579493 0.192873 0.353497
15.200000 0.209210 0.389655 0.160708 0.176396 0.411806 0.578935 0.192831 0.352865
15.400000 0.209178 0.389347 0.160819 0.176259 0.410630 0.578936 0.192592 0.352060
15.600000 0.209137 0.389129 0.160458 0.176252 0.409844 0.578991 0.192301 0.351467
15.800000 0.209094 0.388929 0.160532 0.176330 0.408947 0.578841 0.192366 0.350841
16.000000 0.209118 0.388489 0.160624 0.176253 0.408079 0.578724 0.192146 0.350066
16.200000 0.209102 0.388052 0.160406 0.175974 0.406975 0.578450 0.191909 0.349412
16.400000 0.208905 0.388014 0.160584 0.176083 0.406244 0.578377 0.191777 0.348820
16.600000 0.209032 0.387675 0.160558 0.175956 0.405324 0.578057 0.191535 0.348169
16.800000 0.208975 0.387245 0.160532 0.175852 0.404474 0.578088 0.191284 0.347504
17.000000 0.208937 0.387207 0.160400 0.175752 0.403491 0.577844 0.191217 0.346885
17.200000 0.208935 0.386545 0.160516 0.175846 0.402601 0.577579 0.191002 0.346260
17.400000 0.208794 0.386445 0.160400 0.175492 0.401708 0.577472 0.190859 0.345483
17.600000 0.209045 0.386054 0.160384 0.175612 0.401006 0.577484 0.190680 0.344995
17.800000 0.208806 0.385884 0.160372 0.175579 0.400008 0.577498 0.190639 0.344387
18.000000 0.208813 0.385456 0.160305 0.175443 0.399292 0.576946 0.190350 0.343728
18.200000 0.208822 0.385193 0.160428 0.175439 0.398555 0.576824 0.190163 0.343092
18.400000 0.208799 0.384919 0.160491 0.175322 0.397579 0.576584 0.189997 0.342491
18.600000 0.208796 0.384797 0.160451 0.175101 0.396958 0.576633 0.189788 0.341874
18.800000 0.208777 0.384406 0.160384 0.175239 0.395781 0.576354 0.189675 0.341139
19.000000 0.208725 0.384163 0.160342 0.175012 0.394755 0.576222 0.189469 0.340474
19.200000 0.208733 0.383894 0.160323 0.174916 0.394049 0.576022 0.189302 0.339864
19.400000 0.208696 0.383487 0.160218 0.174980 0.393292 0.575721 0.188918 0.339241
19.600000 0.208437 0.383180 0.160068 0.174899 0.392548 0.575610 0.189045 0.338375
19.800000 0.208622 0.383143 0.160163 0.174589 0.391576 0.575420 0.188801 0.338132
20.000000 0.208614 0.382714 0.160223 0.174637 0.390797 0.575532 0.188686 0.337545
20.200000 0.208566 0.382513 0.160188 0.174611 0.390114 0.575125 0.188475 0.336963
20.400000 0.208541 0.382215 0.159999 0.174532 0.389348 0.575098 0.188343 0.336443
20.600000 0.208505 0.381785 0.160149 0.174475 0.388615 0.574815 0.188280 0.335783
20.800000 0.208491 0.381504 0.160086 0.174367 0.387847 0.574653 0.188069 0.335139
21.000000 0.208525 0.381478 0.160099 0.174344 0.387174 0.574502 0.187697 0.334628
21.200000 0.208334 0.381256 0.160139 0.174324 0.386201 0.574535 0.187729 0.334160
21.400000 0.208289 0.380781 0.160087 0.174114 0.385453 0.574244 0.187632 0.333669
21.600000 0.208302 0.380687 0.160128 0.174111 0.384841 0.574141 0.187272 0.333246
21.800000 0.208387 0.380357 0.159940 0.174094 0.384071 0.573951 0.187366 0.332419
22.000000 0.208383 0.380141 0.159973 0.174056 0.383365 0.573839 0.187058 0.331881
22.200000 0.208388 0.379925 0.159981 0.174098 0.382665 0.573542 0.187020 0.331497
22.400000 0.208350 0.379410 0.159981 0.173900 0.381836 0.573482 0.187051 0.330905
22.600000 0.208324 0.379405 0.160108 0.173813 0.381255 0.573360 0.186704 0.330460
22.800000 0.208322 0.379325 0.159983 0.173709 0.380415 0.573150 0.186622 0.330006
23.000000 0.208217 0.378883 0.159762 0.173797 0.379766 0.572962 0.186610 0.329577
23.200000 0.208253 0.378616 0.159832 0.173620 0.379319 0.572884 0.186353 0.328854
23.400000 0.208209 0.378398 0.159643 0.173583 0.378324 0.572705 0.186231 0.328392
23.600000 0.208159 0.378168 0.159908 0.173823 0.377756 0.572488 0.186093 0.327764
23.800000 0.208151 0.377814 0.159795 0.173395 0.377120 0.572296 0.185910 0.327285
24.000000 0.208185 0.377755 0.159770 0.173482 0.376338 0.572232 0.185837 0.326679
24.200000 0.208126 0.377492 0.159727 0.173488 0.375671 0.571976 0.185557 0.326316
24.400000 0.208098 0.377122 0.159806 0.172946 0.375058 0.571957 0.185676 0.325856
24.600000 0.208071 0.377008 0.159811 0.173337 0.374323 0.571610 0.185453 0.325390
24.800000 0.208078 0.376682 0.159785 0.173064 0.373690 0.571494 0.185385 0.324929
25.000000 0.208108 0.376676 0.159736 0.173102 0.373094 0.571452 0.185353 0.324431
25.200000 0.207993 0.376073 0.159683 0.172975 0.372010 0.571266 0.184877 0.323502
25.400000 0.208125 0.375994 0.159801 0.173097 0.371670 0.570957 0.184895 0.323443
25.600000 0.208003 0.375710 0.159898 0.172889 0.370960 0.570797 0.184671 0.322983
25.800000 0.207953 0.375482 0.159696 0.172734 0.370476 0.570530 0.184688 0.322346
26.000000 0.207852 0.375281 0.159481 0.172610 0.369551 0.570441 0.184345 0.321804
26.200000 0.207968 0.375152 0.159696 0.172288 0.368845 0.570285 0.184311 0.321178
26.400000 0.207860 0.374878 0.159511 0.172628 0.368202 0.570194 0.184193 0.320924
26.600000 0.208126 0.374606 0.159709 0.172645 0.367585 0.569954 0.184211 0.320471
26.800000 0.207943 0.374438 0.159636 0.172648 0.367104 0.569867 0.184053 0.319904
27.000000 0.207712 0.374257 0.159505 0.172520 0.366467 0.569680 0.183943 0.319629
27.200000 0.207675 0.373715 0.159856 0.172414 0.365967 0.569467 0.183959 0.319063
27.400000 0.207827 0.373805 0.159597 0.172412 0.365325 0.569388 0.183846 0.318705
27.600000 0.207782 0.373391 0.159562 0.172319 0.364708 0.569007 0.183627 0.318238
27.800000 0.207745 0.373296 0.159447 0.172138 0.364149 0.568845 0.183520 0.317814
28.000000 0.207785 0.373228 0.159590 0.172171 0.363526 0.568923 0.183527 0.317351
28.200000 0.207748 0.372810 0.159547 0.172227 0.362902 0.568771 0.183362 0.316975
28.400000 0.207719 0.372691 0.159518 0.172105 0.362488 0.568688 0.183250 0.316563
28.600000 0.207691 0.372539 0.159466 0.171995 0.361932 0.568302 0.182976 0.316055
28.800000 0.207753 0.372211 0.159348 0.172068 0.361181 0.568252 0.182978 0.315666
29.000000 0.207664 0.371937 0.159473 0.172102 0.360469 0.568128 0.182858 0.315102
29.200000 0.207804 0.371944 0.159583 0.171911 0.360038 0.567874 0.182667 0.314841
29.400000 0.207657 0.371648 0.159338 0.171909 0.359600 0.567800 0.182713 0.314199
29.600000 0.207548 0.371589 0.159324 0.171663 0.359011 0.567638 0.182626 0.313998
29.800000 0.207614 0.371398 0.159361 0.171666 0.358485 0.567487 0.182477 0.313631
30.000000 0.207581 0.370967 0.159411 0.171882 0.357832 0.567311 0.182281 0.313177
30.200000 0.207569 0.370840 0.159242 0.171540 0.357443 0.567287 0.182044 0.312676
30.400000 0.207569 0.370551 0.159427 0.171604 0.356814 0.566905 0.182076 0.312312
30.600000 0.208102 0.370434 0.159258 0.171639 0.356273 0.566750 0.181915 0.311922
30.800000 0.211400 0.370042 0.159417 0.171588 0.355546 0.566607 0.181960 0.311486
31.000000 0.218099 0.370080 0.159419 0.171378 0.355089 0.566408 0.182036 0.311246
31.200000 0.227476 0.370044 0.159189 0.171531 0.354769 0.566361 0.181890 0.310869
31.400000 0.245999 0.369652 0.159350 0.171390 0.354883 0.566212 0.181954 0.310965
31.600000 0.261104 0.369659 0.159210 0.171640 0.355431 0.566130 0.182178 0.311153
31.800000 0.277229 0.369751 0.159572 0.171758 0.356400 0.566199 0.182364 0.312042
32.000000 0.292583 0.369960 0.159458 0.172071 0.357879 0.566401 0.182876 0.313169
32.200000 0.307287 0.370579 0.159745 0.172464 0.360245 0.566256 0.183576 0.314800
32.400000 0.321256 0.371487 0.159863 0.173091 0.362906 0.566312 0.184374 0.316820
32.600000 0.333586 0.372736 0.160244 0.173893 0.366277 0.566437 0.185252 0.319340
32.800000 0.344766 0.374369 0.160555 0.174992 0.370598 0.566591 0.186279 0.322692
33.000000 0.354759 0.376539 0.161517 0.176202 0.375133 0.566987 0.187479 0.325897
33.200000 0.363349 0.379323 0.161791 0.177600 0.380292 0.567102 0.188455 0.329611
33.400000 0.370945 0.382496 0.162757 0.179060 0.386043 0.567236 0.189792 0.333803
33.600000 0.377738 0.385998 0.163697 0.180869 0.392060 0.567517 0.191142 0.338373
33.800000 0.383328 0.390422 0.164498 0.182745 0.398486 0.567763 0.192438 0.343170
34.000000 0.388441 0.395148 0.165757 0.184734 0.405129 0.568115 0.193837 0.348333
34.200000 0.392753 0.400211 0.166739 0.186907 0.412191 0.568373 0.156274 0.353481
34.400000 0.396465 0.405657 0.167902 0.189194 0.419447 0.568708 0.196837 0.359097
34.600000 0.399593 0.411565 0.169281 0.191584 0.427022 0.569043 0.198388 0.364988
34.800000 0.402355 0.417925 0.170045 0.194041 0.434824 0.569246 0.199899 0.370929
35.000000 0.404741 0.424648 0.171052 0.196596 0.442570 0.569514 0.201482 0.377012
35.200000 0.406790 0.431914 0.172439 0.199297 0.450756 0.570067 0.203131 0.383404
35.400000 0.408036 0.438814 0.173610 0.201759 0.458332 0.570253 0.204595 0.389262
35.600000 0.409405 0.446138 0.174630 0.204332 0.466352 0.570427 0.206012 0.395501
35.800000 0.410672 0.453887 0.175566 0.207049 0.474537 0.570656 0.207639 0.401757
36.000000 0.411539 0.461832 0.176618 0.209534 0.482301 0.570916 0.209018 0.407873
36.200000 0.412295 0.470377 0.177897 0.212269 0.490989 0.571540 0.210605 0.414706
36.400000 0.412907 0.478790 0.178911 0.215047 0.499506 0.571873 0.212057 0.421135
36.600000 0.413637 0.487566 0.180043 0.217894 0.508202 0.571987 0.213731 0.427577
36.800000 0.413908 0.496994 0.181021 0.220368 0.516871 0.572447 0.215091 0.434523
37.000000 0.414320 0.506490 0.182096 0.223275 0.526060 0.572530 0.216652 0.441519
37.200000 0.414649 0.516135 0.183150 0.225906 0.535207 0.572850 0.217959 0.448511
37.400000 0.414879 0.526503 0.184459 0.228796 0.545501 0.573576 0.220017 0.456917
37.600000 0.414899 0.540040 0.185599 0.232390 0.558069 0.573835 0.221573 0.465974
37.800000 0.415047 0.550342 0.186718 0.235130 0.567855 0.573903 0.222993 0.473329
38.000000 0.415197 0.560399 0.187650 0.237796 0.577533 0.574426 0.224548 0.481095
38.200000 0.415166 0.570918 0.188652 0.240508 0.587184 0.574595 0.226116 0.488441
38.400000 0.414956 0.581278 0.189542 0.242772 0.597423 0.574802 0.227414 0.496345
38.600000 0.415159 0.591800 0.190689 0.245812 0.607656 0.575431 0.228990 0.504343
38.800000 0.414921 0.602139 0.191618 0.248307 0.618048 0.575496 0.230473 0.512314
39.000000 0.414950 0.612471 0.192695 0.250879 0.628337 0.575765 0.231863 0.520312
39.200000 0.414883 0.622683 0.193529 0.253547 0.638295 0.576075 0.233203 0.528146
39.400000 0.414770 0.632629 0.194275 0.256040 0.648542 0.576242 0.234557 0.536273
39.600000 0.414765 0.642663 0.195337 0.258494 0.658876 0.576620 0.235971 0.544381
39.800000 0.414720 0.652382 0.196095 0.261039 0.669152 0.576866 0.237410 0.552260
40.000000 0.414467 0.662077 0.197133 0.263479 0.679387 0.576965 0.238721 0.560322
40.200000 0.414445 0.671499 0.198035 0.266055 0.689720 0.577129 0.240083 0.568575
40.400000 0.414426 0.680738 0.198727 0.268098 0.700030 0.577524 0.241241 0.576922
40.600000 0.414177 0.689911 0.199704 0.270741 0.710257 0.577924 0.242618 0.584847
40.800000 0.414220 0.698950 0.200605 0.273246 0.720635 0.578133 0.244089 0.593073
41.000000 0.413974 0.707963 0.201305 0.275617 0.730784 0.578343 0.245483 0.601105
41.200000 0.413924 0.716221 0.202056 0.277965 0.740952 0.578733 0.246664 0.609156
41.400000 0.413649 0.724238 0.203003 0.280291 0.750650 0.578836 0.247924 0.617072
41.600000 0.413601 0.732018 0.203801 0.282543 0.760478 0.579207 0.249051 0.625017
41.800000 0.413236 0.739893 0.204436 0.284827 0.770387 0.579415 0.250487 0.633252
42.000000 0.413164 0.747234 0.205141 0.287159 0.779845 0.579644 0.251520 0.641002
42.200000 0.412822 0.754443 0.205910 0.289086 0.789633 0.579754 0.252723 0.648664
42.400000 0.412844 0.761322 0.206724 0.291334 0.798885 0.580214 0.254067 0.656282
42.600000 0.412799 0.767969 0.207231 0.293538 0.808209 0.580410 0.255215 0.663791
42.800000 0.412569 0.774356 0.207964 0.295483 0.817019 0.580592 0.256289 0.671267
43.000000 0.412391 0.780599 0.208646 0.297406 0.826000 0.580820 0.257471 0.678676
43.200000 0.412026 0.786464 0.209312 0.299827 0.834706 0.581196 0.258489 0.685902
43.400000 0.412089 0.792236 0.209833 0.301613 0.843316 0.581268 0.259736 0.693303
43.600000 0.411800 0.797361 0.210682 0.303564 0.851899 0.581484 0.260766 0.700149
43.800000 0.411722 0.803388 0.211220 0.305911 0.861776 0.581682 0.262280 0.708710
44.000000 0.411699 0.809304 0.211846 0.308069 0.870674 0.581883 0.263296 0.716189
44.200000 0.411660 0.813916 0.212654 0.309981 0.878771 0.582250 0.264417 0.722888
44.400000 0.411645 0.818486 0.213158 0.311586 0.886669 0.582318 0.265403 0.729475
44.600000 0.411513 0.823159 0.213653 0.313691 0.894517 0.582613 0.266568 0.736294
44.800000 0.411446 0.826972 0.214295 0.315520 0.902229 0.582808 0.267468 0.742815
45.000000 0.411342 0.831110 0.214742 0.317184 0.909391 0.582976 0.268326 0.748987
45.200000 0.411187 0.835189 0.215628 0.318934 0.916823 0.583238 0.269450 0.755317
45.400000 0.411019 0.838916 0.216047 0.320851 0.923896 0.583392 0.270401 0.761267
45.600000 0.410836 0.842414 0.216236 0.322548 0.930691 0.583592 0.271325 0.767365
45.800000 0.410379 0.845614 0.216656 0.323958 0.937397 0.583930 0.272242 0.773198
46.000000 0.410493 0.849148 0.217369 0.325822 0.943971 0.584088 0.273229 0.778988
46.200000 0.410197 0.851902 0.217640 0.327381 0.950214 0.583960 0.274138 0.784388
46.400000 0.410154 0.855162 0.218229 0.329133 0.956723 0.584498 0.275030 0.789985
46.600000 0.409914 0.858071 0.218743 0.330628 0.962662 0.584294 0.275876 0.795333
46.800000 0.409705 0.860659 0.219079 0.332307 0.968642 0.584858 0.276778 0.800588
47.000000 0.409566 0.863285 0.219610 0.333758 0.974095 0.584959 0.277495 0.805741
47.200000 0.409555 0.865868 0.220163 0.335175 0.979806 0.585154 0.278459 0.810901
47.400000 0.409430 0.868007 0.220449 0.336348 0.985412 0.585378 0.279177 0.815839
47.600000 0.409476 0.870530 0.220893 0.338278 0.990868 0.585523 0.280054 0.820618
47.800000 0.409275 0.872822 0.221357 0.339571 0.996346 0.585753 0.280825 0.825569
48.000000 0.409360 0.874813 0.221836 0.341139 1.001379 0.585898 0.281731 0.830196
48.200000 0.409212 0.877058 0.222024 0.342446 1.006282 0.546984 0.282559 0.834691
48.400000 0.409171 0.878796 0.222435 0.343952 1.011292 0.586301 0.283242 0.838985
48.600000 0.409148 0.880760 0.222889 0.345123 1.015878 0.586216 0.283994 0.843422
48.800000 0.409020 0.882818 0.223011 0.346399 1.020346 0.586523 0.284879 0.847502
49.000000 0.408884 0.884550 0.223472 0.347940 1.024674 0.586842 0.285478 0.851638
49.200000 0.408910 0.886492 0.223878 0.349420 1.029404 0.587108 0.286224 0.855981
49.400000 0.408708 0.887861 0.224438 0.350451 1.033623 0.587118 0.286881 0.859640
49.600000 0.408500 0.889506 0.224327 0.351808 1.037610 0.587033 0.287523 0.863456
49.800000 0.408505 0.890771 0.224783 0.353024 1.041864 0.587360 0.288388 0.867264
50.000000 0.408415 0.892592 0.225157 0.354378 1.046037 0.587665 0.289015 0.871400
50.200000 0.408464 0.894021 0.225598 0.355694 1.050181 0.587624 0.289912 0.875255
50.400000 0.408471 0.895259 0.225832 0.356863 1.054000 0.587842 0.290252 0.878928
50.600000 0.408282 0.896765 0.225983 0.357974 1.057935 0.588183 0.291042 0.882553
50.800000 0.408210 0.898401 0.226405 0.359239 1.061778 0.588262 0.291795 0.886021
51.000000 0.408122 0.899208 0.226741 0.360445 1.064839 0.588442 0.292450 0.889317
51.200000 0.408006 0.900610 0.226974 0.361382 1.068629 0.588480 0.292938 0.892424
51.400000 0.408158 0.901654 0.227281 0.362729 1.071835 0.588778 0.293576 0.895741
51.600000 0.407881 0.902995 0.227635 0.363817 1.075392 0.588940 0.294067 0.898945
51.800000 0.407932 0.903956 0.227921 0.364997 1.078543 0.589337 0.294781 0.902093
52.000000 0.407600 0.905461 0.228243 0.366176 1.081692 0.589315 0.295330 0.905001
52.200000 0.407457 0.906211 0.228254 0.366976 1.084817 0.589372 0.296009 0.907939
52.400000 0.407357 0.907014 0.228687 0.368102 1.087499 0.589482 0.296592 0.910748
52.600000 0.407245 0.907963 0.228844 0.369192 1.090518 0.589733 0.297010 0.913520
52.800000 0.407057 0.909060 0.229136 0.370185 1.093303 0.589828 0.297654 0.916253
53.000000 0.406879 0.909729 0.229341 0.371145 1.095977 0.589866 0.298043 0.918766
53.200000 0.406799 0.910718 0.229607 0.372028 1.098490 0.590195 0.298473 0.921415
53.400000 0.406762 0.911380 0.229760 0.373129 1.101172 0.590340 0.299078 0.924074
53.600000 0.406740 0.912336 0.230043 0.374218 1.103765 0.590366 0.299693 0.926506
53.800000 0.406535 0.912826 0.230130 0.375187 1.106231 0.590556 0.300214 0.928772
54.000000 0.406387 0.913846 0.230457 0.376250 1.108560 0.590741 0.300676 0.931109
54.200000 0.406185 0.914182 0.230660 0.377003 1.111092 0.590764 0.301194 0.933458
54.400000 0.406187 0.915057 0.230733 0.377799 1.113256 0.591084 0.301625 0.935757
54.600000 0.406029 0.915625 0.230918 0.378704 1.115658 0.591186 0.302274 0.938019
54.800000 0.405924 0.916363 0.231205 0.379570 1.117905 0.591186 0.302384 0.940291
55.000000 0.405846 0.916991 0.231608 0.380501 1.119912 0.591326 0.302964 0.942247
55.200000 0.405700 0.917359 0.231457 0.381345 1.122102 0.591332 0.303369 0.944337
55.400000 0.405646 0.917834 0.231890 0.382101 1.124215 0.591747 0.303857 0.946202
55.600000 0.405515 0.918467 0.232005 0.382974 1.125898 0.591793 0.304262 0.948197
55.800000 0.405317 0.919104 0.232183 0.383876 1.127935 0.591992 0.304754 0.950250
56.000000 0.405430 0.919556 0.232411 0.384523 1.129882 0.592172 0.305165 0.952274
56.200000 0.405209 0.920001 0.232421 0.385506 1.131849 0.592117 0.305583 0.954148
56.400000 0.405291 0.920732 0.232705 0.386599 1.134395 0.592381 0.306139 0.956735
56.600000 0.405269 0.921064 0.232953 0.387206 1.136140 0.592625 0.306451 0.958265
56.800000 0.405130 0.921826 0.233043 0.388109 1.137917 0.592801 0.306855 0.960173
57.000000 0.405129 0.922195 0.233280 0.388934 1.139617 0.592749 0.307275 0.961828
57.200000 0.405216 0.922566 0.233556 0.389691 1.141569 0.593057 0.307679 0.963737
57.400000 0.404997 0.922856 0.233501 0.390366 1.142827 0.593201 0.308074 0.965142
57.600000 0.405110 0.923240 0.233799 0.390941 1.144723 0.593171 0.308258 0.966901
57.800000 0.405241 0.923874 0.233998 0.391995 1.146314 0.593483 0.308716 0.968481
58.000000 0.405039 0.924222 0.233973 0.392510 1.147976 0.593438 0.309075 0.970134
58.200000 0.405119 0.924594 0.234354 0.393357 1.149307 0.593419 0.309312 0.971645
58.400000 0.404929 0.924784 0.195398 0.393831 1.150733 0.593782 0.309619 0.972955
58.600000 0.404767 0.925019 0.234593 0.394641 1.152226 0.593923 0.310172 0.974555
58.800000 0.404769 0.925469 0.234684 0.395265 1.153793 0.594152 0.310367 0.975810
59.000000 0.404801 0.925762 0.234943 0.395969 1.155484 0.594227 0.310868 0.977202
59.200000 0.404763 0.926280 0.234919 0.396583 1.156520 0.594223 0.311065 0.978717
59.400000 0.404614 0.926484 0.235051 0.397268 1.157543 0.594481 0.311365 0.980176
59.600000 0.404523 0.926957 0.235177 0.397918 1.159138 0.594487 0.311668 0.981509
59.800000 0.404627 0.926991 0.235313 0.398665 1.160428 0.594776 0.311954 0.982700
60.000000 0.404614 0.927407 0.235537 0.399312 1.161783 0.594910 0.312271 0.984014
60.200000 0.404641 0.927478 0.235698 0.399672 1.162720 0.594876 0.312625 0.985319
60.400000 0.404784 0.927888 0.235881 0.400478 1.164110 0.595105 0.312817 0.986648
60.600000 0.404791 0.928224 0.235909 0.401062 1.165492 0.595342 0.313122 0.987840
60.800000 0.404723 0.928461 0.236034 0.401748 1.166634 0.595365 0.312961 0.988879
61.000000 0.404720 0.928915 0.236218 0.402370 1.167669 0.595489 0.313637 0.990203
61.200000 0.404738 0.928887 0.236298 0.403048 1.168974 0.595427 0.313964 0.991445
61.400000 0.404803 0.929340 0.236343 0.403603 1.169803 0.595677 0.314222 0.992350
61.600000 0.404783 0.929464 0.236548 0.404195 1.171404 0.595970 0.314453 0.993728
61.800000 0.404753 0.929718 0.236458 0.404908 1.172253 0.595722 0.314854 0.994757
62.000000 0.404809 0.930238 0.236773 0.405533 1.173480 0.596091 0.315055 0.995859
62.200000 0.404629 0.930337 0.236841 0.405923 1.174322 0.596135 0.315205 0.996912
62.400000 0.404356 0.930397 0.236873 0.406386 1.175258 0.596454 0.315483 0.998345
62.600000 0.404422 0.930793 0.237032 0.407116 1.176663 0.596349 0.315719 0.999297
62.800000 0.404170 0.930981 0.237234 0.407701 1.177489 0.596598 0.316004 1.000264
63.000000 0.404150 0.931408 0.237313 0.408074 1.178540 0.596663 0.316250 1.001142
63.200000 0.404009 0.931565 0.237481 0.408793 1.179757 0.596885 0.316330 1.002421
63.400000 0.403820 0.931782 0.237493 0.409405 1.180381 0.596734 0.316557 1.003212
63.600000 0.403739 0.932153 0.237588 0.410115 1.181443 0.596881 0.316948 1.004214
63.800000 0.403633 0.932408 0.237752 0.410565 1.182510 0.597103 0.317147 1.005349
64.000000 0.403527 0.932371 0.237960 0.411007 1.183310 0.597265 0.317371 1.006042
64.200000 0.403334 0.932601 0.237916 0.411401 1.184129 0.597242 0.317390 1.006881
64.400000 0.403159 0.932775 0.237933 0.411866 1.184914 0.597504 0.317734 1.007577
64.600000 0.402999 0.932953 0.238077 0.412464 1.185634 0.597681 0.317748 1.008606
64.800000 0.403217 0.933205 0.238273 0.412997 1.186513 0.597556 0.318190 1.009637
65.000000 0.403194 0.933366 0.238315 0.413308 1.187274 0.597749 0.318254 1.010293
65.200000 0.403218 0.933524 0.238470 0.413745 1.188142 0.597891 0.318500 1.011324
65.400000 0.403118 0.933588 0.238581 0.414386 1.188818 0.598002 0.318658 1.012205
65.600000 0.403129 0.933828 0.238518 0.414874 1.189616 0.598272 0.318867 1.012911
65.800000 0.402889 0.933829 0.238749 0.415076 1.190279 0.598272 0.318910 1.013538
66.000000 0.402836 0.933836 0.238799 0.415583 1.190966 0.598329 0.319164 1.014391
66.200000 0.402942 0.934181 0.238956 0.416146 1.191766 0.598500 0.319407 1.014921
66.400000 0.402842 0.934033 0.238984 0.416470 1.192311 0.598521 0.319544 1.015915
66.600000 0.402896 0.934184 0.239030 0.416948 1.193053 0.598617 0.319815 1.016412
66.800000 0.402724 0.934336 0.239221 0.417620 1.193836 0.598918 0.319926 1.017188
67.000000 0.402848 0.934538 0.239161 0.418079 1.194628 0.599048 0.319940 1.018043
67.200000 0.402786 0.934655 0.239396 0.418351 1.195097 0.599079 0.320071 1.018767
67.400000 0.402737 0.934740 0.239384 0.418851 1.195623 0.599106 0.320428 1.019531
67.600000 0.402590 0.935011 0.239456 0.419202 1.196498 0.599309 0.320532 1.020146
67.800000 0.402641 0.935027 0.239440 0.419590 1.196914 0.599272 0.320582 1.020612
68.000000 0.402672 0.935113 0.239615 0.420044 1.197612 0.599631 0.320790 1.021330
68.200000 0.402600 0.935089 0.239647 0.420362 1.198249 0.599804 0.320935 1.021906
68.400000 0.402427 0.935209 0.239809 0.420941 1.199023 0.599964 0.321122 1.022709
68.600000 0.402466 0.935415 0.239890 0.421332 1.199539 0.599855 0.321320 1.023698
68.800000 0.402444 0.935428 0.239906 0.421839 1.200173 0.600115 0.321240 1.024292
69.000000 0.402364 0.935441 0.240000 0.421929 1.200710 0.600181 0.321513 1.024518
69.200000 0.402268 0.935515 0.239979 0.422290 1.201036 0.600165 0.321540 1.025100
69.400000 0.402281 0.935845 0.240300 0.423001 1.201706 0.600140 0.321903 1.025831
69.600000 0.402150 0.935829 0.240248 0.423135 1.202309 0.600439 0.321931 1.026551
69.800000 0.402148 0.935900 0.240286 0.423365 1.202913 0.600537 0.322025 1.026825
70.000000 0.402066 0.935814 0.240328 0.424004 1.203252 0.600481 0.322247 1.027443
70.200000 0.402100 0.935911 0.240400 0.424484 1.203814 0.601026 0.322152 1.028062
70.400000 0.402002 0.936180 0.240510 0.424752 1.204423 0.600919 0.322408 1.028581
70.600000 0.401874 0.935976 0.240514 0.425065 1.204807 0.600987 0.322472 1.029040
70.800000 0.401679 0.936157 0.240617 0.425314 1.205433 0.601056 0.322543 1.029707
71.000000 0.401731 0.936276 0.240932 0.425573 1.205625 0.600812 0.322599 1.030194
71.200000 0.401716 0.936244 0.240706 0.426149 1.206216 0.601246 0.322856 1.030645
71.400000 0.401514 0.936186 0.240767 0.426430 1.206662 0.601358 0.322827 1.031058
71.600000 0.401678 0.936347 0.240833 0.426865 1.207117 0.601271 0.322889 1.031562
71.800000 0.401619 0.936529 0.240914 0.427030 1.207675 0.601547 0.323103 1.032055
72.000000 0.401523 0.936505 0.240851 0.427546 1.208134 0.601549 0.323244 1.032448
72.200000 0.401569 0.936305 0.240871 0.427842 1.208400 0.601726 0.323312 1.033034
72.400000 0.401442 0.936624 0.241128 0.428016 1.208875 0.601845 0.323445 1.033353
72.600000 0.401472 0.936589 0.241199 0.428453 1.209248 0.601956 0.323507 1.033655
72.800000 0.401433 0.936873 0.241094 0.428668 1.209535 0.602042 0.323562 1.034166
73.000000 0.401283 0.936603 0.241160 0.428945 1.209962 0.602098 0.323767 1.034743
73.200000 0.401192 0.936777 0.241351 0.429314 1.210477 0.602242 0.323863 1.035211
73.400000 0.400944 0.936795 0.241311 0.468623 1.210885 0.602384 0.323890 1.035643
73.600000 0.401035 0.937080 0.241453 0.429990 1.211268 0.602529 0.323799 1.035966
73.800000 0.400726 0.936829 0.241479 0.430241 1.211564 0.602513 0.323966 1.036279
74.000000 0.400917 0.936842 0.241519 0.430477 1.211795 0.602573 0.324073 1.036778
74.200000 0.400791 0.936791 0.241400 0.430664 1.212116 0.602802 0.324031 1.037143
74.400000 0.400847 0.937006 0.241584 0.431212 1.212747 0.603004 0.324319 1.037601
74.600000 0.400730 0.936961 0.241762 0.431392 1.213209 0.602967 0.324354 1.037966
74.800000 0.400787 0.936762 0.241787 0.431618 1.213216 0.603011 0.324389 1.038331
75.000000 0.400699 0.936892 0.241921 0.431944 1.213474 0.603095 0.324553 1.038695
75.200000 0.400543 0.936802 0.241829 0.432281 1.213741 0.603123 0.324420 1.039063
75.400000 0.400618 0.936754 0.241938 0.432367 1.214026 0.603335 0.324647 1.039418
75.600000 0.400437 0.936936 0.241839 0.432509 1.214391 0.603249 0.324645 1.039466
75.800000 0.400692 0.936950 0.241975 0.432924 1.214791 0.603767 0.324599 1.040048
76.000000 0.400578 0.936802 0.241959 0.433338 1.215133 0.603538 0.324785 1.040481
76.200000 0.400609 0.937075 0.242127 0.433467 1.215341 0.603603 0.324850 1.040685
76.400000 0.400631 0.937071 0.242094 0.433666 1.215714 0.603920 0.324961 1.040964
76.600000 0.400630 0.937200 0.242017 0.434024 1.215976 0.604095 0.324869 1.041393
76.800000 0.400580 0.937063 0.242254 0.434155 1.216145 0.604053 0.325055 1.041675
77.000000 0.400643 0.937135 0.242242 0.434437 1.216555 0.603961 0.325142 1.041947
77.200000 0.400626 0.936884 0.242208 0.434717 1.216534 0.604165 0.325308 1.042226
77.400000 0.400749 0.937322 0.242426 0.435134 1.217122 0.604380 0.325205 1.042736
77.600000 0.400698 0.937207 0.242411 0.435247 1.217335 0.604370 0.325208 1.042841
77.800000 0.400681 0.937393 0.242241 0.435452 1.217639 0.604462 0.325322 1.043209
78.000000 0.400622 0.937296 0.242548 0.435686 1.217981 0.604492 0.325423 1.043549
78.200000 0.400474 0.937473 0.242559 0.435816 1.218115 0.604725 0.325433 1.043942
78.400000 0.400424 0.937500 0.242474 0.436114 1.218534 0.604690 0.325410 1.043886
78.600000 0.400298 0.937339 0.242743 0.436323 1.218708 0.604807 0.325483 1.044541
78.800000 0.400319 0.937359 0.242652 0.436676 1.218773 0.604846 0.325508 1.044518
79.000000 0.400262 0.976480 0.242807 0.436789 1.219304 0.605040 0.325772 1.044989
79.200000 0.400006 0.898536 0.242751 0.437142 1.219532 0.605286 0.325899 1.045337
79.400000 0.400221 0.898445 0.242645 0.437322 1.219687 0.605173 0.325767 1.045459
79.600000 0.400206 0.937757 0.242689 0.437509 1.219927 0.604895 0.325847 1.045948
79.800000 0.400118 0.937373 0.242747 0.437816 1.220152 0.605331 0.325832 1.046240
80.000000 0.400223 0.937650 0.243039 0.437995 1.220448 0.605509 0.326073 1.046406
80.200000 0.400174 0.937396 0.242878 0.438257 1.220582 0.605549 0.325949 1.046736
80.400000 0.400263 0.937678 0.243099 0.438635 1.220980 0.605846 0.326084 1.046965
80.600000 0.400226 0.937733 0.242696 0.438846 1.221206 0.605862 0.326098 1.047342
80.800000 0.400177 0.937773 0.243075 0.439007 1.221398 0.605698 0.326045 1.047470
81.000000 0.400116 0.937654 0.243145 0.439277 1.221662 0.605943 0.326230 1.047800
81.200000 0.400167 0.937982 0.243173 0.439388 1.221907 0.606178 0.326176 1.048098
81.400000 0.400044 0.937744 0.243093 0.439634 1.222130 0.605974 0.326058 1.048188
81.600000 0.399820 0.937852 0.243253 0.439661 1.221942 0.606133 0.326195 1.048468
81.800000 0.399917 0.937771 0.243308 0.440014 1.222431 0.606378 0.326250 1.048493
82.000000 0.399833 0.937914 0.243375 0.440332 1.222658 0.606412 0.326325 1.048905
82.200000 0.399562 0.937685 0.243383 0.440256 1.222794 0.606417 0.326332 1.048924
82.400000 0.399688 0.937691 0.243393 0.440407 1.222975 0.606402 0.326369 1.049311
82.600000 0.399698 0.937750 0.243492 0.440773 1.222866 0.606648 0.326301 1.049391
82.800000 0.399729 0.937909 0.243414 0.440841 1.223475 0.606711 0.326391 1.049373
83.000000 0.399600 0.937918 0.243560 0.441068 1.223444 0.606873 0.326450 1.049828
83.200000 0.399497 0.938057 0.243563 0.441390 1.223483 0.606861 0.326403 1.050030
83.400000 0.399572 0.937662 0.243637 0.441466 1.223729 0.607086 0.326406 1.050213
83.600000 0.399528 0.937878 0.243723 0.441691 1.223948 0.607259 0.326411 1.050674
83.800000 0.399654 0.938155 0.243638 0.441774 1.224200 0.607174 0.326567 1.050635
84.000000 0.399566 0.938062 0.243788 0.441983 1.224334 0.607216 0.326549 1.050813
84.200000 0.399544 0.937951 0.243551 0.442101 1.224386 0.607176 0.326644 1.051086
84.400000 0.399568 0.937849 0.243745 0.442206 1.224627 0.607333 0.326614 1.051229
84.600000 0.399525 0.937932 0.243834 0.442389 1.224606 0.607482 0.326461 1.051400
84.800000 0.399590 0.937933 0.243856 0.442634 1.224723 0.607482 0.326837 1.051557
85.000000 0.399497 0.938098 0.243878 0.442540 1.224979 0.607475 0.326564 1.051676
85.200000 0.399571 0.938093 0.243899 0.443059 1.225145 0.607719 0.326840 1.051805
85.400000 0.399584 0.937975 0.243955 0.443184 1.225469 0.607757 0.326785 1.052011
85.600000 0.399511 0.937935 0.243929 0.443406 1.225518 0.607791 0.326718 1.052259
85.800000 0.399770 0.938405 0.244039 0.443333 1.225854 0.607992 0.326823 1.052551
86.000000 0.399717 0.938056 0.244064 0.443717 1.225848 0.608041 0.326780 1.052784
86.200000 0.399607 0.938050 0.244066 0.443742 1.226000 0.608172 0.326835 1.052756
86.400000 0.399761 0.938137 0.244245 0.444146 1.226310 0.608140 0.326701 1.053025
86.600000 0.399603 0.938242 0.244077 0.444064 1.226080 0.608071 0.326921 1.053057
86.800000 0.399681 0.938200 0.244221 0.444464 1.226611 0.608537 0.327133 1.053505
87.000000 0.399430 0.938662 0.244206 0.444500 1.226512 0.608502 0.327075 1.053490
87.200000 0.399419 0.938397 0.244280 0.444791 1.226553 0.608539 0.327026 1.053636
87.400000 0.399343 0.938330 0.244324 0.444794 1.226861 0.608600 0.326892 1.054094
87.600000 0.399311 0.938087 0.244313 0.444846 1.226921 0.608713 0.326709 1.054201
87.800000 0.399249 0.938508 0.244324 0.445182 1.227179 0.608770 0.327037 1.054379
88.000000 0.399090 0.938391 0.244315 0.445026 1.226987 0.608825 0.326983 1.054304
88.200000 0.399010 0.938705 0.244306 0.445556 1.227288 0.608867 0.327053 1.054393
88.400000 0.398859 0.938541 0.244435 0.445490 1.227511 0.608827 0.326927 1.054620
88.600000 0.398819 0.938445 0.244511 0.445811 1.227806 0.608983 0.327101 1.015632
88.800000 0.398707 0.938429 0.244478 0.445952 1.227771 0.609248 0.327031 1.055138
89.000000 0.398409 0.938487 0.244375 0.445919 1.227801 0.609250 0.327048 1.054995
89.200000 0.398405 0.938389 0.244538 0.446026 1.227732 0.609395 0.327043 1.054939
89.400000 0.398371 0.938463 0.244746 0.446339 1.228053 0.609506 0.327127 1.055418
89.600000 0.398194 0.938389 0.244484 0.446497 1.228082 0.609499 0.327077 1.055191
89.800000 0.398246 0.938547 0.244736 0.446486 1.228058 0.609623 0.327007 1.055522
90.000000 0.398188 0.938374 0.244654 0.446710 1.228146 0.609591 0.327042 1.055509
