0.200000 0.212473 0.425145 0.163789 0.188440 0.530437 0.601338 0.219460 0.439574
0.400000 0.212376 0.424120 0.163623 0.187931 0.526646 0.600932 0.218721 0.436572
0.600000 0.212238 0.423461 0.163603 0.187690 0.524715 0.600618 0.218350 0.435298
0.800000 0.212111 0.422810 0.163562 0.187539 0.522548 0.600471 0.217787 0.433786
1.000000 0.212039 0.422115 0.163370 0.187496 0.520762 0.600289 0.217524 0.432228
1.200000 0.212028 0.421520 0.163475 0.187300 0.518667 0.600139 0.217164 0.430813
1.400000 0.212034 0.421117 0.163325 0.187014 0.516930 0.600092 0.216466 0.429234
1.600000 0.211858 0.420584 0.163150 0.186853 0.515119 0.599883 0.216302 0.427938
1.800000 0.211818 0.419923 0.163376 0.186622 0.513126 0.599696 0.215923 0.426548
2.000000 0.211924 0.419415 0.163079 0.186554 0.511118 0.599431 0.215574 0.424967
2.200000 0.211850 0.418574 0.163137 0.186294 0.509224 0.599266 0.215141 0.423689
2.400000 0.211809 0.418236 0.162976 0.185896 0.507237 0.599110 0.214758 0.422316
2.600000 0.211771 0.417688 0.163533 0.185877 0.505484 0.598958 0.214505 0.420932
2.800000 0.211679 0.417127 0.163061 0.185804 0.503650 0.598869 0.213959 0.419530
3.000000 0.211670 0.416557 0.162978 0.185677 0.501892 0.598721 0.213540 0.418314
3.200000 0.211777 0.416073 0.162898 0.185369 0.499910 0.598505 0.213083 0.416858
3.400000 0.211576 0.415546 0.162922 0.185097 0.498112 0.598264 0.212718 0.415577
3.600000 0.211567 0.414887 0.162953 0.185032 0.496488 0.598202 0.212439 0.414145
3.800000 0.211548 0.414478 0.162883 0.184855 0.494561 0.598116 0.212242 0.413025
4.000000 0.211442 0.413855 0.162955 0.184808 0.492949 0.597804 0.211763 0.411646
4.200000 0.211440 0.413467 0.162774 0.184518 0.491261 0.597650 0.211403 0.410428
4.400000 0.211207 0.412839 0.162663 0.184087 0.489363 0.597349 0.211069 0.408995
4.600000 0.211480 0.412327 0.162719 0.184122 0.487786 0.597259 0.210663 0.407751
4.800000 0.211331 0.411940 0.162608 0.184147 0.486069 0.597119 0.210348 0.406534
5.000000 0.211211 0.411468 0.162696 0.183831 0.484414 0.597019 0.210030 0.405348
5.200000 0.211247 0.410955 0.162383 0.183612 0.482621 0.596767 0.209517 0.404064
5.400000 0.211194 0.410252 0.162672 0.183480 0.481034 0.596495 0.209293 0.402873
5.600000 0.211036 0.410001 0.162299 0.183515 0.479552 0.596368 0.208985 0.401828
5.800000 0.211113 0.409489 0.162457 0.183190 0.478053 0.596243 0.208662 0.400617
6.000000 0.211104 0.408851 0.162234 0.183169 0.476286 0.595970 0.208325 0.399604
6.200000 0.211166 0.408377 0.162246 0.182875 0.474722 0.595722 0.207844 0.398166
6.400000 0.210898 0.408153 0.162213 0.182698 0.473159 0.595685 0.207527 0.396944
6.600000 0.210923 0.407376 0.162143 0.182548 0.470766 0.595476 0.207267 0.395391
6.800000 0.210743 0.406669 0.161899 0.182347 0.469272 0.595341 0.206789 0.394179
7.000000 0.210738 0.406396 0.162334 0.182208 0.467765 0.595130 0.206475 0.393332
7.200000 0.210872 0.406004 0.162128 0.182268 0.466271 0.594878 0.206031 0.392022
7.400000 0.210797 0.405299 0.162140 0.181941 0.464770 0.594642 0.205832 0.390801
7.600000 0.210595 0.404834 0.162028 0.181739 0.463190 0.594410 0.205248 0.389999
7.800000 0.210580 0.404570 0.162027 0.181698 0.461867 0.594419 0.205125 0.388655
8.000000 0.210720 0.404195 0.161771 0.181513 0.460374 0.594251 0.204996 0.387776
8.200000 0.210626 0.403734 0.161798 0.181473 0.458922 0.594055 0.204576 0.386522
8.400000 0.210618 0.403416 0.161771 0.181191 0.457594 0.593768 0.204285 0.385515
8.600000 0.210559 0.402981 0.162046 0.181039 0.456081 0.593728 0.203989 0.384631
8.800000 0.210705 0.402667 0.161877 0.181004 0.454772 0.593670 0.203815 0.383567
9.000000 0.210531 0.401979 0.161809 0.180954 0.453343 0.593195 0.203351 0.382556
9.200000 0.210475 0.401734 0.161777 0.180827 0.451864 0.593062 0.203242 0.381475
9.400000 0.210435 0.401175 0.161768 0.180640 0.450631 0.593010 0.202559 0.380663
9.600000 0.210395 0.400826 0.161697 0.180532 0.449355 0.592811 0.202521 0.379627
9.800000 0.210277 0.400500 0.161707 0.180451 0.447951 0.592535 0.202312 0.378581
10.000000 0.210314 0.399957 0.161657 0.180252 0.446595 0.592445 0.201967 0.377721
10.200000 0.210359 0.399607 0.161526 0.180150 0.445355 0.592313 0.201746 0.376876
10.400000 0.210409 0.399041 0.161771 0.180033 0.444177 0.592068 0.201402 0.375688
10.600000 0.210122 0.398595 0.161652 0.179893 0.442684 0.591952 0.201122 0.374824
10.800000 0.210243 0.398309 0.161516 0.179786 0.441453 0.591585 0.200825 0.373928
11.000000 0.210167 0.397818 0.161580 0.179449 0.440168 0.591561 0.200452 0.372992
11.200000 0.210181 0.397548 0.161589 0.179464 0.438972 0.591429 0.200319 0.372109
11.400000 0.210100 0.397142 0.161495 0.179414 0.437744 0.591040 0.199788 0.371243
11.600000 0.210078 0.396788 0.161512 0.179377 0.436447 0.591115 0.199760 0.370269
11.800000 0.210076 0.396561 0.161365 0.179204 0.435222 0.590898 0.199531 0.369522
12.000000 0.210074 0.396210 0.161315 0.179063 0.434131 0.590837 0.199140 0.368804
12.200000 0.209983 0.395684 0.161309 0.178887 0.432955 0.590497 0.198838 0.367679
12.400000 0.209812 0.395241 0.161191 0.178905 0.431740 0.590296 0.198725 0.366973
12.600000 0.209945 0.394899 0.161417 0.179070 0.430159 0.590037 0.198614 0.365799
12.800000 0.209981 0.394440 0.161279 0.178814 0.429354 0.589909 0.198285 0.365113
13.000000 0.209895 0.394157 0.161228 0.178664 0.428093 0.589654 0.198141 0.364094
13.200000 0.209703 0.393702 0.161113 0.178331 0.427029 0.589448 0.197723 0.363413
13.400000 0.209735 0.393468 0.161070 0.178232 0.425890 0.589147 0.197499 0.362687
13.600000 0.209709 0.393201 0.161011 0.178150 0.424818 0.589245 0.197253 0.361848
13.800000 0.209547 0.392804 0.161071 0.178207 0.423942 0.589129 0.196892 0.361095
14.000000 0.209515 0.392386 0.161086 0.177971 0.422799 0.588827 0.196778 0.360401
14.200000 0.209558 0.392108 0.160902 0.177747 0.421901 0.588606 0.196561 0.359546
14.400000 0.209613 0.391961 0.160921 0.177802 0.420928 0.588583 0.196397 0.358905
14.600000 0.209571 0.391393 0.160969 0.177696 0.420055 0.588305 0.196170 0.358101
14.800000 0.209537 0.391145 0.160931 0.177465 0.418798 0.588135 0.195904 0.357451
15.000000 0.209606 0.390910 0.160946 0.177515 0.417825 0.587973 0.195719 0.356766
15.200000 0.209494 0.390491 0.160832 0.177360 0.416958 0.587738 0.195598 0.356041
15.400000 0.209493 0.390336 0.160541 0.177375 0.416106 0.587636 0.195365 0.355369
15.600000 0.209430 0.389866 0.160552 0.176915 0.415024 0.587485 0.195039 0.354577
15.800000 0.209452 0.389668 0.160766 0.176917 0.414119 0.587417 0.194880 0.353991
16.000000 0.209393 0.389401 0.160942 0.177198 0.413280 0.587252 0.194824 0.353353
16.200000 0.209484 0.389140 0.160943 0.177103 0.412344 0.587275 0.194691 0.352615
16.400000 0.209458 0.388832 0.160798 0.177052 0.411313 0.586846 0.194444 0.351734
16.600000 0.209602 0.388570 0.160919 0.176952 0.410507 0.586811 0.194161 0.351396
16.800000 0.209449 0.388247 0.160677 0.176932 0.409291 0.586650 0.193943 0.350530
17.000000 0.209383 0.387995 0.160710 0.176723 0.408685 0.586320 0.193901 0.350130
17.200000 0.209327 0.387324 0.160698 0.176656 0.407732 0.586339 0.193517 0.349349
17.400000 0.209342 0.387417 0.160863 0.176596 0.406768 0.586109 0.193338 0.348709
17.600000 0.209247 0.386859 0.160568 0.176401 0.405775 0.585744 0.193320 0.347958
17.800000 0.209273 0.386769 0.160612 0.176542 0.405074 0.585768 0.193075 0.347388
18.000000 0.209295 0.386546 0.160652 0.176429 0.404201 0.585381 0.192945 0.346760
18.200000 0.209152 0.386295 0.160623 0.176369 0.403233 0.585331 0.192601 0.346103
18.400000 0.209207 0.386081 0.160610 0.176207 0.402442 0.585420 0.192584 0.345402
18.600000 0.209185 0.385624 0.160602 0.176060 0.401740 0.584890 0.192351 0.344847
18.800000 0.209170 0.385457 0.160590 0.176042 0.400673 0.584972 0.192194 0.344341
19.000000 0.209130 0.384921 0.160664 0.175813 0.399531 0.584720 0.191813 0.343200
19.200000 0.209197 0.384721 0.160468 0.175870 0.398833 0.584474 0.191951 0.342574
19.400000 0.208998 0.384328 0.160300 0.175634 0.398008 0.584176 0.191530 0.342239
19.600000 0.208966 0.384044 0.160499 0.175625 0.397161 0.584046 0.191342 0.341345
19.800000 0.209029 0.383644 0.160441 0.175616 0.396181 0.583931 0.191084 0.340853
20.000000 0.208759 0.383593 0.160324 0.175603 0.395334 0.583650 0.191038 0.340152
20.200000 0.208780 0.383315 0.160269 0.175492 0.394633 0.583627 0.190848 0.339795
20.400000 0.208883 0.382870 0.160260 0.175240 0.393764 0.583228 0.190586 0.339146
20.600000 0.208885 0.382738 0.160329 0.175190 0.393010 0.583286 0.190679 0.338439
20.800000 0.208829 0.382304 0.160116 0.174921 0.392265 0.583301 0.190393 0.338010
21.000000 0.208794 0.382166 0.160144 0.175049 0.391342 0.582994 0.190224 0.337448
21.200000 0.208825 0.382019 0.160218 0.174947 0.390752 0.582866 0.189999 0.337007
21.400000 0.208642 0.381917 0.160598 0.175148 0.389901 0.582470 0.189934 0.336306
21.600000 0.208756 0.381565 0.160207 0.174888 0.389167 0.582265 0.189719 0.335559
21.800000 0.208608 0.381154 0.160083 0.174792 0.388423 0.582330 0.189620 0.335171
22.000000 0.208597 0.380993 0.159978 0.174855 0.387725 0.582233 0.189452 0.334740
22.200000 0.208822 0.380713 0.160251 0.174722 0.387008 0.582019 0.189267 0.334190
22.400000 0.208604 0.380665 0.160229 0.174624 0.386235 0.581878 0.189346 0.333448
22.600000 0.208709 0.380383 0.160192 0.174621 0.385461 0.581654 0.189106 0.333127
22.800000 0.208600 0.380017 0.160194 0.174629 0.384682 0.581338 0.188925 0.332536
23.000000 0.208594 0.379424 0.160087 0.174510 0.383933 0.581209 0.188772 0.331996
23.200000 0.208468 0.379438 0.160043 0.174401 0.383228 0.580919 0.188553 0.331544
23.400000 0.208579 0.379185 0.160064 0.174366 0.382610 0.580859 0.188520 0.330889
23.600000 0.208575 0.378957 0.160061 0.174238 0.381855 0.580890 0.188150 0.330395
23.800000 0.208510 0.378721 0.160007 0.174254 0.381179 0.580449 0.188125 0.329742
24.000000 0.208363 0.378314 0.159830 0.174080 0.380449 0.580399 0.188133 0.329354
24.200000 0.208473 0.378075 0.159948 0.174013 0.379673 0.580056 0.187841 0.328854
24.400000 0.208473 0.377733 0.160000 0.174014 0.379148 0.580112 0.187556 0.328508
24.600000 0.208297 0.377855 0.159991 0.173934 0.378371 0.579978 0.187623 0.327827
24.800000 0.208406 0.377579 0.159987 0.174015 0.377747 0.579748 0.187383 0.327349
25.000000 0.208364 0.377252 0.159818 0.173673 0.377038 0.579633 0.187499 0.326919
25.200000 0.208339 0.376840 0.159819 0.173786 0.376192 0.579265 0.187189 0.326111
25.400000 0.208396 0.376826 0.159972 0.173764 0.375589 0.579144 0.187071 0.325848
25.600000 0.208392 0.376619 0.159934 0.173509 0.375010 0.579174 0.187002 0.325362
25.800000 0.208410 0.376538 0.159989 0.173696 0.374185 0.579029 0.186868 0.324922
26.000000 0.208388 0.376211 0.159971 0.173442 0.373737 0.578565 0.186705 0.324433
26.200000 0.208396 0.376055 0.160050 0.173556 0.372977 0.578738 0.186505 0.324042
26.400000 0.208314 0.375598 0.160085 0.173575 0.372331 0.578237 0.186497 0.323529
26.600000 0.208356 0.375519 0.159900 0.173406 0.371766 0.578199 0.186427 0.323148
26.800000 0.208133 0.375361 0.159808 0.173339 0.371150 0.578041 0.186198 0.322495
27.000000 0.208426 0.374948 0.159833 0.173100 0.370556 0.577772 0.186129 0.322002
27.200000 0.208187 0.374758 0.159629 0.173302 0.369825 0.577677 0.186117 0.321538
27.400000 0.208187 0.374493 0.159911 0.173096 0.369203 0.577589 0.185780 0.321109
27.600000 0.208156 0.374360 0.159698 0.173056 0.368728 0.577332 0.185530 0.320616
27.800000 0.208201 0.374128 0.159678 0.172933 0.367986 0.577265 0.185671 0.320163
28.000000 0.208030 0.373886 0.159647 0.173003 0.367509 0.577070 0.185524 0.319757
28.200000 0.208180 0.373691 0.159736 0.172908 0.366688 0.576828 0.185428 0.319417
28.400000 0.208063 0.373562 0.159911 0.172923 0.366089 0.576927 0.185313 0.318947
28.600000 0.208057 0.373371 0.159598 0.172741 0.365663 0.576596 0.185214 0.318504
28.800000 0.208097 0.373170 0.159662 0.172811 0.364838 0.576386 0.185099 0.318109
29.000000 0.207828 0.372832 0.159615 0.172617 0.364336 0.576227 0.184907 0.317621
29.200000 0.207833 0.372706 0.159460 0.172652 0.363684 0.575879 0.184671 0.317078
29.400000 0.207831 0.372331 0.159514 0.172507 0.363283 0.575733 0.184680 0.316700
29.600000 0.207713 0.372042 0.159566 0.172627 0.362671 0.575594 0.184518 0.316274
29.800000 0.207943 0.371884 0.159518 0.172466 0.361997 0.575636 0.184389 0.315995
30.000000 0.207865 0.371773 0.159524 0.172368 0.361630 0.575381 0.184186 0.315412
30.200000 0.207874 0.371507 0.159363 0.172244 0.360856 0.575194 0.183921 0.314935
30.400000 0.207872 0.371323 0.159587 0.172377 0.360327 0.574862 0.184106 0.314535
30.600000 0.208291 0.371022 0.159373 0.172226 0.359701 0.574647 0.183963 0.314149
30.800000 0.211996 0.371077 0.159341 0.172191 0.359275 0.574418 0.183937 0.313780
31.000000 0.218688 0.370711 0.159430 0.172203 0.358760 0.574575 0.183852 0.313491
31.200000 0.231883 0.370680 0.159569 0.172170 0.358282 0.574312 0.183861 0.313254
31.400000 0.245634 0.370469 0.159707 0.172142 0.358539 0.574194 0.184013 0.313376
31.600000 0.261312 0.370510 0.159498 0.172359 0.358949 0.574321 0.184305 0.313600
31.800000 0.277835 0.370598 0.159810 0.172715 0.359880 0.574291 0.184416 0.314344
32.000000 0.294168 0.370773 0.159966 0.172818 0.361222 0.574141 0.184991 0.315494
32.200000 0.309660 0.371333 0.160043 0.173266 0.363531 0.574246 0.185779 0.317127
32.400000 0.324037 0.372313 0.160137 0.173920 0.366554 0.574467 0.186454 0.319080
32.600000 0.337003 0.373301 0.160387 0.174786 0.370166 0.574434 0.187470 0.321926
32.800000 0.348728 0.375093 0.160841 0.175758 0.374433 0.574788 0.188411 0.324966
33.000000 0.359124 0.377405 0.161439 0.177144 0.379181 0.575071 0.189553 0.328326
33.200000 0.368218 0.380133 0.162283 0.178599 0.384817 0.575147 0.190807 0.332494
33.400000 0.376424 0.383417 0.163232 0.180203 0.390592 0.575282 0.192056 0.336764
33.600000 0.383312 0.387374 0.164140 0.182244 0.396926 0.575823 0.193627 0.341578
33.800000 0.389500 0.391557 0.165218 0.184075 0.403523 0.576082 0.195000 0.346565
34.000000 0.394677 0.396447 0.166300 0.186206 0.410615 0.576198 0.196486 0.351971
34.200000 0.399171 0.401838 0.167253 0.188675 0.417966 0.576421 0.197993 0.357565
34.400000 0.403244 0.407596 0.168368 0.190964 0.425732 0.576817 0.199477 0.363434
34.600000 0.406715 0.413690 0.169708 0.193727 0.433685 0.577130 0.201200 0.369549
34.800000 0.409663 0.420349 0.170873 0.196513 0.441825 0.577601 0.202848 0.375823
35.000000 0.412177 0.427529 0.171973 0.199235 0.450105 0.577795 0.204442 0.382208
35.200000 0.414300 0.434884 0.173280 0.202206 0.458753 0.578281 0.206177 0.389004
35.400000 0.416027 0.442368 0.174598 0.204905 0.466893 0.578757 0.207813 0.395196
35.600000 0.417644 0.450189 0.175619 0.207728 0.475347 0.579004 0.209439 0.401716
35.800000 0.418844 0.458325 0.176759 0.210470 0.483719 0.579188 0.210988 0.408095
36.000000 0.419772 0.466836 0.177838 0.213392 0.492683 0.579389 0.212559 0.415034
36.200000 0.420752 0.475498 0.179098 0.216261 0.501443 0.579827 0.214128 0.421783
36.400000 0.421406 0.485000 0.180187 0.219401 0.510700 0.580036 0.215901 0.428602
36.600000 0.421773 0.494245 0.181228 0.222436 0.519872 0.580342 0.217358 0.435917
36.800000 0.422281 0.504015 0.182391 0.225232 0.529367 0.580632 0.218940 0.443265
37.000000 0.422462 0.513954 0.183459 0.228344 0.539231 0.581060 0.220572 0.450465
37.200000 0.422826 0.524984 0.185012 0.231699 0.550329 0.581501 0.222225 0.459713
37.400000 0.422722 0.539956 0.186304 0.235732 0.563930 0.581759 0.224420 0.469639
37.600000 0.423173 0.550933 0.187508 0.238759 0.574536 0.582290 0.226091 0.477552
37.800000 0.423110 0.561616 0.188568 0.241569 0.584651 0.582417 0.227518 0.485399
38.000000 0.423065 0.572501 0.189495 0.244562 0.595239 0.582822 0.228938 0.493710
38.200000 0.423104 0.583258 0.190603 0.247445 0.605840 0.583176 0.230562 0.501812
38.400000 0.423083 0.594322 0.191573 0.250537 0.616738 0.583505 0.232219 0.510031
38.600000 0.423015 0.604940 0.192528 0.253231 0.627123 0.583749 0.233490 0.518357
38.800000 0.423096 0.615878 0.193566 0.256143 0.638120 0.584022 0.235221 0.526816
39.000000 0.423006 0.626445 0.194656 0.258809 0.648722 0.584398 0.236532 0.535266
39.200000 0.422722 0.637307 0.195600 0.261350 0.659738 0.584683 0.238095 0.543739
39.400000 0.422967 0.647572 0.196404 0.264320 0.670332 0.584982 0.239453 0.552336
39.600000 0.422960 0.657904 0.197434 0.267271 0.681250 0.585300 0.241053 0.560617
39.800000 0.422683 0.667746 0.198312 0.269873 0.692437 0.585617 0.242427 0.569195
40.000000 0.422816 0.677867 0.199142 0.272588 0.664198 0.585648 0.243692 0.577778
40.200000 0.422754 0.687798 0.200278 0.275323 0.713835 0.586219 0.245199 0.586593
40.400000 0.422632 0.697046 0.200999 0.278003 0.724701 0.586476 0.246705 0.595140
40.600000 0.422465 0.706871 0.202022 0.280702 0.735471 0.586618 0.247973 0.603851
40.800000 0.422383 0.716094 0.202717 0.283333 0.746175 0.586736 0.249391 0.612356
41.000000 0.422279 0.725168 0.203792 0.286105 0.757231 0.587179 0.250731 0.621339
41.200000 0.422248 0.733805 0.204523 0.288255 0.767816 0.587518 0.252296 0.629925
41.400000 0.422195 0.742080 0.205518 0.291026 0.778090 0.587697 0.253664 0.638377
41.600000 0.421829 0.750242 0.206319 0.293512 0.788573 0.588002 0.254899 0.646466
41.800000 0.421800 0.757972 0.207045 0.295995 0.798526 0.588138 0.256227 0.654942
42.000000 0.421448 0.765774 0.207839 0.298265 0.808266 0.588498 0.257496 0.663208
42.200000 0.421323 0.772561 0.208625 0.301017 0.818411 0.588669 0.258682 0.671328
42.400000 0.420923 0.779617 0.209529 0.303206 0.828117 0.588934 0.260058 0.679411
42.600000 0.420848 0.786136 0.210033 0.305417 0.837855 0.589228 0.261190 0.687136
42.800000 0.420864 0.792818 0.210815 0.307756 0.847214 0.589443 0.262508 0.695129
43.000000 0.420629 0.799012 0.211359 0.309967 0.856196 0.589665 0.263418 0.702849
43.200000 0.420486 0.804989 0.212227 0.312280 0.865283 0.589982 0.264816 0.710313
43.400000 0.420278 0.810654 0.212770 0.314343 0.874181 0.590231 0.266081 0.717938
43.600000 0.420304 0.817025 0.213504 0.316896 0.884484 0.590236 0.267447 0.726793
43.800000 0.420119 0.823391 0.214384 0.319518 0.894532 0.590639 0.268588 0.735250
44.000000 0.419946 0.828299 0.215009 0.321643 0.903132 0.590903 0.269828 0.742384
44.200000 0.419909 0.832872 0.215541 0.323546 0.910828 0.591378 0.270867 0.749145
44.400000 0.420032 0.837501 0.216106 0.325673 0.919168 0.591301 0.272000 0.756199
44.600000 0.419753 0.842072 0.216939 0.327633 0.926795 0.591496 0.273140 0.762873
44.800000 0.419521 0.845980 0.217392 0.329478 0.934423 0.591810 0.274121 0.769593
45.000000 0.419547 0.849766 0.217986 0.331251 0.941651 0.592052 0.274991 0.775814
45.200000 0.419411 0.853868 0.218604 0.333489 0.948858 0.592134 0.276096 0.782178
45.400000 0.419275 0.857493 0.218977 0.335337 0.956217 0.592392 0.277267 0.788442
45.600000 0.419152 0.861137 0.219534 0.337361 0.963076 0.592687 0.278279 0.794700
45.800000 0.418851 0.864364 0.220096 0.338976 0.969605 0.592886 0.279168 0.800494
46.000000 0.418792 0.867906 0.220672 0.340828 0.976379 0.593076 0.280237 0.806686
46.200000 0.418609 0.870701 0.221069 0.342652 0.982667 0.593057 0.281097 0.812196
46.400000 0.418305 0.873622 0.221505 0.344237 0.988732 0.593464 0.282037 0.817835
46.600000 0.418213 0.876523 0.221970 0.345960 0.994974 0.593494 0.282805 0.823309
46.800000 0.417990 0.879481 0.222499 0.347669 1.000728 0.593867 0.283684 0.828558
47.000000 0.417932 0.881985 0.223060 0.349439 1.006499 0.594002 0.284594 0.834036
47.200000 0.417677 0.884640 0.223328 0.350810 1.012117 0.594120 0.285602 0.838984
47.400000 0.417449 0.887003 0.223739 0.352678 1.017680 0.594260 0.286473 0.844395
47.600000 0.417145 0.889279 0.224298 0.353956 1.023018 0.594531 0.287317 0.849125
47.800000 0.416989 0.891568 0.224464 0.355809 1.028295 0.594645 0.288220 0.854030
48.000000 0.416871 0.893683 0.224994 0.357221 1.033186 0.594935 0.289089 0.858556
48.200000 0.416808 0.895829 0.225298 0.358680 1.038177 0.595051 0.289901 0.863119
48.400000 0.416740 0.897964 0.225746 0.360010 1.043001 0.595364 0.290720 0.867705
48.600000 0.416604 0.899530 0.225988 0.361671 1.047583 0.595520 0.291543 0.872019
48.800000 0.416414 0.901193 0.226478 0.363153 1.051870 0.595442 0.292335 0.876207
49.000000 0.416546 0.903081 0.226870 0.364517 1.056319 0.595883 0.292855 0.880450
49.200000 0.416406 0.904771 0.227214 0.365909 1.060892 0.596125 0.293672 0.884545
49.400000 0.416336 0.906226 0.227513 0.367183 1.065007 0.596232 0.294349 0.888399
49.600000 0.416380 0.908035 0.227937 0.368730 1.069265 0.596441 0.295209 0.892356
49.800000 0.416179 0.909543 0.228282 0.370097 1.073203 0.596512 0.295931 0.896278
50.000000 0.416018 0.911282 0.228590 0.371678 1.078029 0.596867 0.296835 0.900878
50.200000 0.415846 0.912774 0.228918 0.372781 1.081594 0.597063 0.297538 0.904245
50.400000 0.415896 0.914077 0.229233 0.374271 1.085296 0.597117 0.298190 0.907959
50.600000 0.415768 0.915630 0.229678 0.375650 1.089056 0.597331 0.299004 0.911528
50.800000 0.415533 0.916702 0.229919 0.376593 1.092549 0.597529 0.299394 0.914843
51.000000 0.415344 0.917953 0.230175 0.377931 1.095979 0.597544 0.300220 0.918211
51.200000 0.415165 0.919126 0.230425 0.379146 1.099332 0.597743 0.300731 0.921471
51.400000 0.415008 0.920172 0.230700 0.380359 1.102664 0.597971 0.301424 0.924573
51.600000 0.414839 0.921403 0.230975 0.381337 1.105607 0.598094 0.302019 0.927807
51.800000 0.414721 0.922346 0.231278 0.382789 1.108934 0.598406 0.302705 0.930826
52.000000 0.414644 0.923491 0.231562 0.383855 1.111785 0.598440 0.303322 0.933401
52.200000 0.414732 0.924389 0.231804 0.384972 1.114664 0.598522 0.303959 0.936724
52.400000 0.414441 0.925676 0.232113 0.386167 1.117532 0.598692 0.304491 0.939214
52.600000 0.414390 0.926235 0.232330 0.387199 1.120162 0.598901 0.305069 0.941991
52.800000 0.414155 0.927254 0.232652 0.388176 1.122978 0.598958 0.305700 0.944899
53.000000 0.414179 0.927819 0.232852 0.389220 1.125776 0.599349 0.306165 0.947243
53.200000 0.413909 0.928396 0.232893 0.390231 1.128204 0.599213 0.306656 0.949807
53.400000 0.413976 0.929432 0.233264 0.391309 1.130766 0.599399 0.307229 0.952290
53.600000 0.413899 0.930287 0.233477 0.392155 1.133059 0.599753 0.307800 0.954853
53.800000 0.413769 0.930986 0.233756 0.393468 1.135416 0.599945 0.308302 0.957408
54.000000 0.413665 0.931736 0.233827 0.394337 1.137764 0.599829 0.308976 0.959765
54.200000 0.413376 0.932250 0.233968 0.395150 1.140005 0.599852 0.309053 0.961667
54.400000 0.413489 0.932725 0.234146 0.396201 1.142315 0.600115 0.309768 0.963915
54.600000 0.413327 0.933548 0.234499 0.397135 1.144477 0.600290 0.310078 0.966314
54.800000 0.413109 0.934039 0.234616 0.398006 1.146444 0.600578 0.310676 0.968446
55.000000 0.413196 0.935015 0.234945 0.398857 1.148754 0.600663 0.311242 0.970327
55.200000 0.413142 0.935413 0.235250 0.399888 1.150624 0.600766 0.311589 0.972407
55.400000 0.413082 0.935921 0.235112 0.400658 1.152684 0.601003 0.312052 0.974519
55.600000 0.413173 0.936353 0.235324 0.401470 1.154407 0.601013 0.312521 0.976302
55.800000 0.413102 0.937291 0.235714 0.402584 1.156548 0.601298 0.313031 0.978429
56.000000 0.413262 0.937536 0.235996 0.403324 1.158633 0.601404 0.313435 0.980618
56.200000 0.412974 0.937851 0.236139 0.404403 1.160912 0.601571 0.313919 0.982902
56.400000 0.413043 0.938667 0.236062 0.405322 1.162617 0.601735 0.314447 0.984565
56.600000 0.412859 0.939222 0.236455 0.406199 1.164443 0.601925 0.314863 0.986380
56.800000 0.412886 0.939644 0.236554 0.407047 1.165860 0.602029 0.315333 0.988360
57.000000 0.412755 0.940004 0.236670 0.407859 1.167768 0.602143 0.315781 0.989949
57.200000 0.412672 0.940461 0.236848 0.408598 1.169646 0.602479 0.316096 0.991808
57.400000 0.412467 0.940980 0.237131 0.409444 1.171014 0.602328 0.316333 0.993060
57.600000 0.412496 0.941348 0.237366 0.410011 1.172756 0.602401 0.316887 0.994866
57.800000 0.412528 0.941784 0.237374 0.411008 1.174235 0.603017 0.317223 0.996357
58.000000 0.412308 0.942152 0.237592 0.411748 1.175445 0.602995 0.317589 0.997855
58.200000 0.412507 0.942459 0.237870 0.412381 1.177133 0.603296 0.317951 0.999262
58.400000 0.412170 0.942859 0.237966 0.413194 1.178371 0.603273 0.318195 1.000740
58.600000 0.412256 0.943393 0.238083 0.413851 1.179905 0.603368 0.318594 1.002201
58.800000 0.412055 0.943509 0.238259 0.414478 1.181037 0.603411 0.318757 1.003705
59.000000 0.412139 0.943836 0.238364 0.415488 1.182642 0.603748 0.319291 1.005032
59.200000 0.412018 0.944171 0.238476 0.415877 1.183722 0.603728 0.319582 1.006411
59.400000 0.411940 0.944549 0.238504 0.416753 1.184890 0.603860 0.320117 1.007726
59.600000 0.411809 0.944913 0.238768 0.417491 1.186271 0.604063 0.320280 1.009131
59.800000 0.411789 0.945047 0.238912 0.417795 1.187593 0.604268 0.320461 1.010231
60.000000 0.411574 0.945388 0.238833 0.418782 1.188547 0.604150 0.320981 1.011400
60.200000 0.411819 0.945574 0.239207 0.419385 1.190129 0.604265 0.321169 1.012784
60.400000 0.411546 0.945891 0.239108 0.419975 1.191239 0.604373 0.321420 1.013819
60.600000 0.411464 0.945839 0.239125 0.420668 1.192094 0.604485 0.321797 1.015117
60.800000 0.411463 0.946283 0.239280 0.421146 1.193309 0.604771 0.322033 1.016240
61.000000 0.411451 0.946778 0.239635 0.421604 1.194363 0.604835 0.322393 1.017562
61.200000 0.411229 0.946661 0.239665 0.422474 1.195649 0.604895 0.322493 1.018543
61.400000 0.411324 0.946761 0.239785 0.423047 1.196343 0.604950 0.322795 1.019500
61.600000 0.411264 0.947247 0.239739 0.423585 1.197559 0.605192 0.323170 1.020821
61.800000 0.411350 0.947134 0.240033 0.424079 1.198543 0.605237 0.323296 1.021590
62.000000 0.411283 0.947743 0.240121 0.424674 1.199376 0.605427 0.323578 1.022850
62.200000 0.411193 0.947777 0.240304 0.425313 1.200652 0.605474 0.323796 1.024137
62.400000 0.411195 0.948146 0.240483 0.426294 1.201928 0.605763 0.324150 1.025101
62.600000 0.411179 0.948209 0.240545 0.426696 1.202985 0.605779 0.324397 1.026450
62.800000 0.411254 0.948781 0.240719 0.427557 1.203816 0.606223 0.324735 1.027234
63.000000 0.411290 0.948919 0.240856 0.428118 1.204902 0.606200 0.325031 1.028384
63.200000 0.411198 0.949006 0.241004 0.428714 1.206021 0.606264 0.325128 1.029222
63.400000 0.411099 0.949373 0.240874 0.429118 1.206468 0.606352 0.325447 1.030333
63.600000 0.411033 0.949462 0.241241 0.390634 1.207647 0.606651 0.325540 1.031135
63.800000 0.410888 0.949808 0.241237 0.430242 1.208447 0.606684 0.325919 1.031978
64.000000 0.410718 0.949931 0.241538 0.430853 1.209123 0.606575 0.326172 1.033169
64.200000 0.410653 0.949885 0.241314 0.431238 1.210113 0.606852 0.326259 1.033787
64.400000 0.410472 0.950285 0.241656 0.431846 1.210678 0.607059 0.326484 1.034562
64.600000 0.410331 0.950441 0.241656 0.432192 1.211536 0.607178 0.326623 1.035420
64.800000 0.410306 0.950317 0.241640 0.432630 1.212343 0.607044 0.326923 1.036161
65.000000 0.410045 0.950588 0.241768 0.433143 1.213107 0.607430 0.327162 1.036980
65.200000 0.410074 0.950846 0.241867 0.433776 1.213673 0.607367 0.327222 1.037697
65.400000 0.410060 0.950908 0.242086 0.434248 1.214351 0.607604 0.327464 1.038566
65.600000 0.409958 0.950776 0.242004 0.434649 1.215021 0.607619 0.327659 1.039326
65.800000 0.409939 0.951086 0.242255 0.434897 1.215903 0.607815 0.327887 1.039894
66.000000 0.409726 0.951191 0.242214 0.435766 1.216601 0.607756 0.327842 1.040411
66.200000 0.409790 0.951208 0.242381 0.436070 1.217097 0.608011 0.327922 1.041675
66.400000 0.409554 0.951470 0.242536 0.436472 1.217876 0.608174 0.328275 1.042153
66.600000 0.409681 0.951560 0.242464 0.436981 1.218344 0.608293 0.328562 1.042890
66.800000 0.409651 0.951601 0.242465 0.437331 1.219037 0.608365 0.328568 1.043690
67.000000 0.409399 0.951598 0.242637 0.437522 1.219697 0.608652 0.328892 1.044203
67.200000 0.409370 0.951614 0.242475 0.438130 1.220251 0.608558 0.329011 1.044907
67.400000 0.409169 0.951563 0.242666 0.438390 1.220879 0.608457 0.329034 1.045333
67.600000 0.409215 0.951896 0.242958 0.438958 1.221368 0.608963 0.329323 1.046053
67.800000 0.409039 0.951872 0.243049 0.439360 1.222060 0.608836 0.329585 1.046457
68.000000 0.408797 0.952065 0.243027 0.439797 1.222637 0.609277 0.329643 1.047518
68.200000 0.408734 0.952059 0.242952 0.440091 1.222893 0.609094 0.329710 1.047741
68.400000 0.408759 0.952074 0.243126 0.440613 1.224045 0.609180 0.329869 1.048612
68.600000 0.408698 0.952216 0.243179 0.440863 1.224286 0.609281 0.329943 1.049097
68.800000 0.408483 0.951880 0.243213 0.441435 1.224615 0.609429 0.330111 1.049591
69.000000 0.408502 0.952295 0.243307 0.441632 1.225217 0.609713 0.330191 1.050127
69.200000 0.408509 0.952516 0.243434 0.442146 1.225850 0.609716 0.330452 1.050751
69.400000 0.408608 0.952361 0.243483 0.442396 1.226465 0.609866 0.330644 1.051360
69.600000 0.408531 0.952311 0.243621 0.442739 1.226831 0.609839 0.330541 1.051906
69.800000 0.408490 0.952430 0.243567 0.443230 1.227083 0.609758 0.330641 1.052393
70.000000 0.408711 0.952469 0.243605 0.443724 1.227688 0.609950 0.330898 1.052905
70.200000 0.408751 0.952498 0.243539 0.443716 1.228152 0.610136 0.331067 1.053363
70.400000 0.408719 0.952408 0.243732 0.444191 1.228774 0.610337 0.331085 1.053778
70.600000 0.408706 0.952588 0.243844 0.444594 1.228936 0.610435 0.331221 1.054149
70.800000 0.408635 0.952788 0.243968 0.444923 1.229856 0.610589 0.331471 1.054978
71.000000 0.408676 0.952878 0.243601 0.445554 1.230166 0.610769 0.331562 1.055591
71.200000 0.408533 0.952861 0.243999 0.445832 1.230478 0.610820 0.331587 1.056025
71.400000 0.408534 0.953062 0.244203 0.445778 1.230996 0.611089 0.331660 1.056334
71.600000 0.408552 0.953079 0.244163 0.446559 1.231270 0.611172 0.331774 1.057035
71.800000 0.408544 0.953354 0.244224 0.446862 1.231706 0.611133 0.332047 1.057349
72.000000 0.408340 0.953075 0.244213 0.447297 1.232243 0.611343 0.332103 1.057840
72.200000 0.408334 0.953150 0.244381 0.447393 1.232707 0.611518 0.332094 1.058288
72.400000 0.408397 0.953080 0.244505 0.447703 1.232808 0.611496 0.332289 1.058557
72.600000 0.408464 0.953424 0.244560 0.448187 1.233201 0.611683 0.332450 1.059162
72.800000 0.408431 0.953264 0.244578 0.448483 1.233764 0.611756 0.332283 1.059559
73.000000 0.408372 0.953440 0.244479 0.448787 1.234043 0.611827 0.332561 1.059736
73.200000 0.408509 0.953483 0.244716 0.449128 1.234365 0.612157 0.332686 1.060347
73.400000 0.408371 0.953501 0.244823 0.449292 1.234775 0.611910 0.332767 1.060785
73.600000 0.408338 0.953409 0.244847 0.449736 1.235159 0.612068 0.332799 1.061369
73.800000 0.408300 0.953567 0.244825 0.450031 1.235264 0.612270 0.332936 1.061506
74.000000 0.408382 0.953653 0.244781 0.450292 1.235734 0.612225 0.332754 1.061665
74.200000 0.408183 0.953674 0.244781 0.450600 1.236137 0.612392 0.333065 1.062371
74.400000 0.408135 0.953533 0.244948 0.450906 1.236424 0.612383 0.333055 1.062737
74.600000 0.408292 0.953758 0.244912 0.451332 1.236797 0.612575 0.333167 1.063162
74.800000 0.408207 0.953724 0.245086 0.451531 1.237309 0.612511 0.333288 1.063415
75.000000 0.408092 0.953795 0.244986 0.451734 1.237249 0.612587 0.333162 1.063624
75.200000 0.407963 0.953657 0.244967 0.451910 1.237703 0.612583 0.333268 1.063978
75.400000 0.407934 0.953677 0.245104 0.452309 1.238304 0.612467 0.333406 1.064635
75.600000 0.407873 0.954088 0.245219 0.452907 1.238624 0.612986 0.333662 1.065190
75.800000 0.407983 0.954234 0.245266 0.453243 1.239058 0.613337 0.333596 1.065305
76.000000 0.407823 0.954048 0.245431 0.453406 1.239195 0.613298 0.333735 1.065594
76.200000 0.407872 0.954309 0.245608 0.453562 1.239479 0.613255 0.333734 1.066086
76.400000 0.407940 0.954324 0.245689 0.454071 1.240229 0.613777 0.333875 1.066356
76.600000 0.407884 0.954374 0.245641 0.454332 1.240109 0.613721 0.334138 1.066665
76.800000 0.407814 0.954251 0.245709 0.454549 1.240469 0.613821 0.334107 1.067130
77.000000 0.407867 0.954449 0.245672 0.455008 1.240901 0.613878 0.334131 1.067453
77.200000 0.407828 0.954681 0.245717 0.454911 1.241068 0.613875 0.334212 1.067628
77.400000 0.407795 0.954578 0.245907 0.455348 1.241401 0.614017 0.334290 1.067853
77.600000 0.407789 0.954478 0.245876 0.455491 1.241635 0.614194 0.334181 1.068147
77.800000 0.407757 0.954657 0.246083 0.455931 1.241967 0.614417 0.334410 1.068446
78.000000 0.407686 0.954468 0.246015 0.455974 1.242113 0.614386 0.334437 1.068761
78.200000 0.407704 0.954802 0.246130 0.456417 1.242463 0.614507 0.334516 1.069060
78.400000 0.407600 0.954826 0.246104 0.456678 1.243052 0.614635 0.334555 1.069585
78.600000 0.407536 0.954799 0.246377 0.456900 1.243067 0.614513 0.334494 1.069898
78.800000 0.407456 0.954927 0.246140 0.457099 1.243202 0.614889 0.334510 1.070211
79.000000 0.407317 0.955039 0.246162 0.457473 1.243523 0.614862 0.334721 1.070554
79.200000 0.407223 0.955012 0.246226 0.457739 1.243881 0.614660 0.334652 1.070698
79.400000 0.407113 0.955170 0.246426 0.457835 1.244090 0.615153 0.334655 1.070827
79.600000 0.407000 0.954989 0.246339 0.458160 1.244043 0.615334 0.334919 1.070877
79.800000 0.406826 0.954895 0.246337 0.458339 1.244109 0.615193 0.334875 1.071190
80.000000 0.406671 0.955058 0.246478 0.458505 1.244562 0.615504 0.335075 1.071693
80.200000 0.406731 0.954864 0.246551 0.458917 1.244577 0.615423 0.334995 1.071882
80.400000 0.406514 0.954996 0.246545 0.459061 1.244573 0.615652 0.335037 1.071903
80.600000 0.406501 0.955140 0.246441 0.459198 1.244840 0.615655 0.335058 1.072416
80.800000 0.406696 0.955019 0.246642 0.459384 1.245126 0.615780 0.334944 1.072294
81.000000 0.406503 0.954965 0.246741 0.459506 1.245331 0.615736 0.335035 1.072598
81.200000 0.406559 0.954638 0.246841 0.459848 1.245408 0.615975 0.335187 1.072920
81.400000 0.406641 0.954945 0.246779 0.459599 1.245606 0.615978 0.335204 1.073037
81.600000 0.406641 0.954971 0.246646 0.460106 1.245701 0.616300 0.335270 1.073285
81.800000 0.406618 0.954964 0.246834 0.460302 1.246180 0.616267 0.335313 1.073603
82.000000 0.406365 0.955024 0.246741 0.460424 1.245978 0.616151 0.335379 1.073410
82.200000 0.406345 0.954861 0.246885 0.460523 1.246337 0.616286 0.335245 1.073643
82.400000 0.406623 0.954915 0.246920 0.460701 1.246420 0.616428 0.335334 1.074011
82.600000 0.406432 0.954824 0.246769 0.461007 1.246533 0.616607 0.335287 1.073942
82.800000 0.406444 0.954991 0.246930 0.461247 1.246675 0.616638 0.335252 1.074161
83.000000 0.406448 0.954778 0.246995 0.461347 1.246603 0.616677 0.335491 1.074422
83.200000 0.406602 0.954951 0.246902 0.461451 1.246857 0.616894 0.335444 1.074649
83.400000 0.406616 0.955042 0.247114 0.461647 1.247361 0.616977 0.335650 1.074726
83.600000 0.406355 0.954584 0.247104 0.461670 1.247128 0.616943 0.335504 1.074783
83.800000 0.406497 0.954940 0.247183 0.462181 1.247337 0.616996 0.335390 1.074889
84.000000 0.406584 0.954812 0.247078 0.462050 1.247468 0.617081 0.335429 1.075272
84.200000 0.406460 0.954851 0.247040 0.462306 1.247544 0.617364 0.335428 1.075513
84.400000 0.406428 0.954683 0.247129 0.462442 1.247923 0.617411 0.335193 1.075195
84.600000 0.406205 0.954922 0.247285 0.462797 1.248021 0.617424 0.335547 1.075738
84.800000 0.406298 0.954983 0.247210 0.462892 1.248063 0.617526 0.335678 1.075975
85.000000 0.406058 0.954719 0.247389 0.463002 1.248124 0.617557 0.335823 1.076130
85.200000 0.406169 0.954822 0.247214 0.463210 1.248450 0.617552 0.335689 1.076070
85.400000 0.406058 0.954698 0.247242 0.463225 1.248518 0.617802 0.335727 1.076354
85.600000 0.405908 0.954788 0.247414 0.463474 1.248434 0.617794 0.335730 1.076345
85.800000 0.405841 0.954902 0.247500 0.463486 1.248552 0.617722 0.335798 1.076657
86.000000 0.405865 0.954857 0.247403 0.463865 1.248701 0.617926 0.335734 1.076527
86.200000 0.405611 0.954849 0.247467 0.463963 1.248918 0.618208 0.335769 1.076822
86.400000 0.405809 0.955038 0.247538 0.464161 1.248998 0.618077 0.335895 1.077194
86.600000 0.405732 0.954708 0.247580 0.464079 1.249102 0.618196 0.335830 1.077150
86.800000 0.405675 0.954795 0.247544 0.464386 1.249126 0.618171 0.335837 1.077270
87.000000 0.405657 0.954797 0.247502 0.464252 1.249369 0.618336 0.335863 1.077332
87.200000 0.405808 0.954554 0.247637 0.464686 1.249213 0.618336 0.335836 1.077311
87.400000 0.405722 0.954855 0.247692 0.464896 1.249516 0.618560 0.335792 1.077426
87.600000 0.405654 0.954523 0.247657 0.464803 1.249355 0.618738 0.335707 1.077479
87.800000 0.405439 0.954600 0.247732 0.465049 1.249660 0.618874 0.335874 1.077826
88.000000 0.405650 0.954858 0.247824 0.465137 1.249870 0.618861 0.335951 1.078076
88.200000 0.405481 0.954553 0.247706 0.465267 1.249873 0.618768 0.335751 1.078184
88.400000 0.405392 0.954386 0.247768 0.465464 1.288765 0.618902 0.335751 1.078183
88.600000 0.405330 0.954296 0.247764 0.465631 1.211062 0.618997 0.335918 1.078190
88.800000 0.405366 0.954471 0.247858 0.465736 1.250087 0.619099 0.335922 1.078316
89.000000 0.405252 0.954537 0.247880 0.465968 1.250313 0.619064 0.336130 1.078614
89.200000 0.405420 0.954306 0.247841 0.465877 1.250245 0.619401 0.335937 1.078597
89.400000 0.405322 0.954541 0.247882 0.466106 1.250389 0.619293 0.335956 1.078575
89.600000 0.405408 0.954717 0.247833 0.466565 1.250455 0.619401 0.335862 1.078898
89.800000 0.405309 0.954696 0.247914 0.466363 1.250722 0.619733 0.335889 1.079037
90.000000 0.405326 0.954487 0.247917 0.466732 1.250618 0.619540 0.336088 1.078975
