0.200000 0.204417 0.359965 0.160177 0.167371 0.315220 0.508488 0.177550 0.277392
0.400000 0.204022 0.359209 0.159943 0.167173 0.314065 0.508013 0.177047 0.276529
0.600000 0.204148 0.359152 0.159963 0.167144 0.313299 0.508077 0.177116 0.276104
0.800000 0.204144 0.358853 0.159974 0.167158 0.313074 0.468875 0.176962 0.275728
1.000000 0.204178 0.358681 0.160000 0.167176 0.273528 0.507684 0.176919 0.275209
1.200000 0.204099 0.358141 0.159941 0.167174 0.312166 0.507801 0.176793 0.274988
1.400000 0.204040 0.357865 0.159937 0.166665 0.311253 0.507457 0.176846 0.274541
1.600000 0.203872 0.357803 0.159801 0.167080 0.311064 0.507425 0.176674 0.274172
1.800000 0.204014 0.357444 0.159822 0.167010 0.310553 0.507385 0.176560 0.273843
2.000000 0.203858 0.357252 0.160056 0.166928 0.310026 0.507110 0.176495 0.312462
2.200000 0.203949 0.357190 0.159970 0.166861 0.309504 0.507191 0.176342 0.273052
2.400000 0.203890 0.356770 0.159919 0.166856 0.308931 0.507048 0.176249 0.272635
2.600000 0.203923 0.356728 0.159841 0.166822 0.308437 0.506911 0.176190 0.272121
2.800000 0.203752 0.356280 0.159893 0.166767 0.307989 0.506671 0.176113 0.272058
3.000000 0.203921 0.356026 0.159838 0.166757 0.307313 0.506628 0.175965 0.271519
3.200000 0.203711 0.355640 0.159665 0.166645 0.306925 0.506696 0.175859 0.271143
3.400000 0.203815 0.355056 0.159622 0.166752 0.306437 0.506293 0.175881 0.270692
3.600000 0.203807 0.355288 0.159779 0.166584 0.306049 0.506389 0.175705 0.270432
3.800000 0.203799 0.354967 0.159684 0.166680 0.305533 0.506051 0.175759 0.270137
4.000000 0.203748 0.354852 0.159832 0.166575 0.305147 0.506161 0.175576 0.269744
4.200000 0.203679 0.354520 0.159783 0.166572 0.304601 0.505827 0.175406 0.269263
4.400000 0.203688 0.354164 0.159898 0.166475 0.304093 0.505917 0.175303 0.268970
4.600000 0.203713 0.354134 0.159633 0.166607 0.303494 0.505804 0.175231 0.268704
4.800000 0.203680 0.353868 0.159815 0.166399 0.303178 0.505813 0.175021 0.268105
5.000000 0.203595 0.353589 0.159681 0.166515 0.302669 0.505427 0.175025 0.267811
5.200000 0.203633 0.353497 0.159777 0.166391 0.301991 0.505455 0.174980 0.267522
5.400000 0.203616 0.352922 0.159718 0.166357 0.301769 0.505359 0.174993 0.267212
5.600000 0.203576 0.352948 0.159892 0.166267 0.301310 0.505103 0.174786 0.266719
5.800000 0.203415 0.352880 0.159696 0.166403 0.300859 0.505038 0.174695 0.266581
6.000000 0.203516 0.352614 0.159758 0.166283 0.300554 0.505041 0.174613 0.266256
6.200000 0.203512 0.352420 0.159842 0.166108 0.299895 0.504649 0.174705 0.266024
6.400000 0.203431 0.352121 0.159700 0.166191 0.299474 0.504700 0.174469 0.265480
6.600000 0.203263 0.351683 0.159415 0.166162 0.298684 0.504450 0.174363 0.264772
6.800000 0.203449 0.351537 0.159653 0.166110 0.298594 0.504390 0.174248 0.264510
7.000000 0.203264 0.351449 0.159724 0.166119 0.297914 0.504161 0.174163 0.264180
7.200000 0.203424 0.351051 0.159657 0.166062 0.297490 0.503907 0.174253 0.263827
7.400000 0.203351 0.350837 0.159602 0.165918 0.297169 0.503882 0.174022 0.263588
7.600000 0.203368 0.350536 0.159693 0.166002 0.296445 0.503796 0.173888 0.263267
7.800000 0.203334 0.350508 0.159737 0.165886 0.296246 0.503829 0.173727 0.263044
8.000000 0.203342 0.350295 0.159726 0.165874 0.295739 0.503800 0.173650 0.262656
8.200000 0.203269 0.350126 0.159572 0.165941 0.295354 0.503402 0.173707 0.262300
8.400000 0.203262 0.349829 0.159612 0.165840 0.294653 0.503406 0.173618 0.261865
8.600000 0.203117 0.349612 0.159538 0.165896 0.294523 0.503373 0.173509 0.261809
8.800000 0.203221 0.349422 0.159374 0.165687 0.294185 0.503171 0.173632 0.261433
9.000000 0.203105 0.349217 0.159526 0.165805 0.293776 0.502945 0.173476 0.261059
9.200000 0.203205 0.348971 0.159463 0.165769 0.293283 0.503057 0.173225 0.260754
9.400000 0.203198 0.348944 0.159522 0.165563 0.292704 0.502809 0.173286 0.260241
9.600000 0.203163 0.348629 0.159529 0.165573 0.292393 0.502628 0.173290 0.260183
9.800000 0.203160 0.348334 0.159494 0.165796 0.292170 0.502718 0.173093 0.259723
10.000000 0.203117 0.348449 0.159555 0.165690 0.291628 0.502554 0.173173 0.259625
10.200000 0.203118 0.348014 0.159464 0.165601 0.291280 0.502455 0.172936 0.259207
10.400000 0.203059 0.347782 0.159600 0.165660 0.290804 0.502199 0.172905 0.259067
10.600000 0.203084 0.347730 0.159497 0.165575 0.290465 0.502201 0.172807 0.258663
10.800000 0.203090 0.347585 0.159586 0.165581 0.289922 0.502144 0.172783 0.258445
11.000000 0.203052 0.347357 0.159482 0.165657 0.289544 0.501933 0.172666 0.258087
11.200000 0.203019 0.346990 0.159491 0.165620 0.289201 0.501858 0.172623 0.257834
11.400000 0.203021 0.346834 0.159535 0.165542 0.288765 0.501705 0.172557 0.257520
11.600000 0.202983 0.346747 0.159519 0.165458 0.288686 0.501615 0.172370 0.257003
11.800000 0.202997 0.346603 0.159437 0.165474 0.288157 0.501463 0.172306 0.256938
12.000000 0.202951 0.346519 0.159332 0.165437 0.287932 0.501127 0.172328 0.256653
12.200000 0.202924 0.346098 0.159402 0.165451 0.287386 0.501267 0.172318 0.256057
12.400000 0.202924 0.346001 0.159491 0.165297 0.286989 0.500796 0.172185 0.256057
12.600000 0.202820 0.345613 0.159392 0.165319 0.286585 0.501081 0.172177 0.255823
12.800000 0.202931 0.345631 0.159340 0.165293 0.286104 0.500733 0.172085 0.255468
13.000000 0.202861 0.345548 0.159319 0.165296 0.285829 0.500736 0.171887 0.255199
13.200000 0.202681 0.345246 0.159333 0.165290 0.285195 0.500591 0.171903 0.255048
13.400000 0.202869 0.345280 0.159451 0.165314 0.285240 0.500577 0.171900 0.254806
13.600000 0.202649 0.344912 0.159258 0.165594 0.284833 0.500382 0.171788 0.254498
13.800000 0.202841 0.344772 0.159444 0.165119 0.284717 0.500412 0.171811 0.254242
14.000000 0.202676 0.344802 0.159372 0.165183 0.284249 0.500239 0.171729 0.253983
14.200000 0.202653 0.344541 0.159590 0.165239 0.283672 0.500138 0.171645 0.253698
14.400000 0.202777 0.344390 0.159444 0.165190 0.283614 0.499913 0.171620 0.253468
14.600000 0.202703 0.344235 0.159350 0.165229 0.283259 0.499957 0.171550 0.253242
14.800000 0.202699 0.344064 0.159327 0.164962 0.282898 0.499798 0.171449 0.252904
15.000000 0.202686 0.343822 0.159189 0.165097 0.282649 0.499617 0.171224 0.252735
15.200000 0.202524 0.343773 0.159318 0.165098 0.282209 0.499429 0.171507 0.252435
15.400000 0.202680 0.343642 0.159302 0.164999 0.281953 0.499399 0.171264 0.252323
15.600000 0.202492 0.343161 0.159304 0.164839 0.281232 0.498956 0.170947 0.251640
15.800000 0.202459 0.342998 0.159112 0.164794 0.281131 0.498829 0.171037 0.251542
16.000000 0.202421 0.342769 0.159159 0.164811 0.280778 0.499044 0.171194 0.251421
16.200000 0.202623 0.342990 0.159241 0.164890 0.280513 0.498971 0.171019 0.251077
16.400000 0.202631 0.342498 0.159282 0.165019 0.280250 0.498797 0.171314 0.251111
16.600000 0.202523 0.342493 0.159172 0.164984 0.279775 0.498731 0.170957 0.250689
16.800000 0.202526 0.342508 0.159217 0.164872 0.279562 0.498607 0.170814 0.250342
17.000000 0.202552 0.342237 0.159250 0.164833 0.279149 0.498407 0.170801 0.250183
17.200000 0.202556 0.342135 0.159183 0.164892 0.278981 0.498387 0.170826 0.250035
17.400000 0.202543 0.341818 0.159226 0.164796 0.278664 0.498326 0.170837 0.249661
17.600000 0.202552 0.341816 0.159206 0.164728 0.278463 0.497755 0.170668 0.249506
17.800000 0.202341 0.341691 0.159152 0.164883 0.278146 0.498116 0.170643 0.249476
18.000000 0.202365 0.341610 0.159413 0.164624 0.277759 0.498032 0.170474 0.249106
18.200000 0.202391 0.341419 0.159226 0.164704 0.277552 0.497811 0.170555 0.249022
18.400000 0.202290 0.341270 0.159227 0.164680 0.277189 0.497823 0.170527 0.248669
18.600000 0.202404 0.340935 0.159184 0.164688 0.276836 0.497679 0.170392 0.248291
18.800000 0.202423 0.340990 0.159163 0.164636 0.276421 0.497493 0.170360 0.248109
19.000000 0.202401 0.340489 0.159147 0.164493 0.276217 0.497367 0.170168 0.248089
19.200000 0.202401 0.340661 0.159119 0.164622 0.275931 0.497180 0.170262 0.247726
19.400000 0.202382 0.340491 0.159096 0.164733 0.275635 0.497271 0.170232 0.247535
19.600000 0.202209 0.340337 0.159280 0.164564 0.275359 0.497070 0.170123 0.247282
19.800000 0.202369 0.340185 0.159165 0.164588 0.275109 0.497014 0.170099 0.247095
20.000000 0.202246 0.339941 0.159180 0.164530 0.274763 0.496739 0.169915 0.246860
20.200000 0.202474 0.339834 0.159187 0.164574 0.274498 0.496948 0.170068 0.246671
20.400000 0.202329 0.339726 0.159122 0.164543 0.274305 0.496569 0.169969 0.246280
20.600000 0.202309 0.339534 0.159140 0.164500 0.273951 0.496448 0.169888 0.246194
20.800000 0.202293 0.339533 0.159081 0.164439 0.273626 0.496448 0.169859 0.246005
21.000000 0.202291 0.339257 0.159293 0.164401 0.273326 0.496350 0.169817 0.245516
21.200000 0.202413 0.339227 0.159242 0.164381 0.273180 0.496251 0.169791 0.245621
21.400000 0.202215 0.339100 0.159059 0.164420 0.272808 0.495957 0.169729 0.245414
21.600000 0.202250 0.339012 0.159028 0.164422 0.272548 0.495995 0.169534 0.245090
21.800000 0.202209 0.338776 0.159006 0.164396 0.272286 0.495879 0.169809 0.245007
22.000000 0.202202 0.338818 0.159106 0.164374 0.272039 0.495868 0.169655 0.244813
22.200000 0.202205 0.338570 0.159115 0.164395 0.271734 0.495729 0.169461 0.244637
22.400000 0.202215 0.338562 0.159124 0.164404 0.271592 0.495583 0.169430 0.244374
22.600000 0.202032 0.338360 0.159101 0.164389 0.271187 0.495365 0.169508 0.244182
22.800000 0.202199 0.338200 0.158735 0.164188 0.270969 0.495342 0.169470 0.243955
23.000000 0.202168 0.338063 0.159088 0.164187 0.270741 0.495239 0.169498 0.243767
23.200000 0.202028 0.338070 0.159061 0.164198 0.270518 0.495215 0.169501 0.243617
23.400000 0.202121 0.337789 0.159137 0.164318 0.270124 0.494755 0.169336 0.243302
23.600000 0.202243 0.337802 0.159086 0.164264 0.270070 0.494956 0.169291 0.243137
23.800000 0.202013 0.337534 0.159046 0.164287 0.269575 0.494949 0.169231 0.243004
24.000000 0.202112 0.337490 0.158963 0.164287 0.269272 0.494617 0.169199 0.242878
24.200000 0.202090 0.337336 0.159070 0.164282 0.269089 0.494548 0.169311 0.242590
24.400000 0.202099 0.337240 0.158856 0.164128 0.268845 0.494522 0.169011 0.242393
24.600000 0.202038 0.336943 0.159003 0.164036 0.268654 0.494428 0.169176 0.242223
24.800000 0.202059 0.337006 0.159085 0.164121 0.268334 0.494272 0.169114 0.242077
25.000000 0.202057 0.336782 0.159058 0.164182 0.267864 0.494253 0.168958 0.241775
25.200000 0.201875 0.336611 0.158879 0.164065 0.267733 0.494077 0.168954 0.241641
25.400000 0.201989 0.336359 0.158856 0.164065 0.267563 0.493935 0.168899 0.241435
25.600000 0.202010 0.336409 0.158896 0.164177 0.267264 0.493798 0.168901 0.241204
25.800000 0.201944 0.336360 0.158972 0.164040 0.267012 0.493789 0.168857 0.241029
26.000000 0.201973 0.336170 0.158808 0.164183 0.266732 0.493749 0.168779 0.240899
26.200000 0.201960 0.336004 0.158887 0.164042 0.266452 0.493574 0.168777 0.240665
26.400000 0.201957 0.335937 0.158992 0.164132 0.266391 0.493287 0.168589 0.240630
26.600000 0.201750 0.335709 0.158744 0.163742 0.266097 0.493385 0.168584 0.240222
26.800000 0.201600 0.335653 0.158865 0.163801 0.265731 0.493316 0.168642 0.240098
27.000000 0.201919 0.335546 0.158967 0.163971 0.265435 0.493110 0.168592 0.239758
27.200000 0.202019 0.335462 0.158975 0.163764 0.265200 0.492989 0.168510 0.239806
27.400000 0.201862 0.335332 0.158869 0.163995 0.264957 0.492873 0.168552 0.239553
27.600000 0.201730 0.335255 0.158764 0.163835 0.264815 0.492708 0.168318 0.239378
27.800000 0.201865 0.334968 0.158966 0.164018 0.264493 0.492674 0.168427 0.239159
28.000000 0.201839 0.335057 0.158904 0.163769 0.264351 0.492421 0.168428 0.239021
28.200000 0.201859 0.334921 0.158886 0.163831 0.264099 0.492449 0.168393 0.238872
28.400000 0.201964 0.334724 0.158870 0.163834 0.263968 0.492529 0.168448 0.238556
28.600000 0.201845 0.334745 0.158799 0.163856 0.263526 0.492309 0.168312 0.238333
28.800000 0.201782 0.334594 0.158910 0.163779 0.263415 0.492103 0.168252 0.238463
29.000000 0.201857 0.334570 0.158713 0.163808 0.263122 0.491960 0.168240 0.238038
29.200000 0.201777 0.334426 0.158803 0.163633 0.262816 0.492052 0.168164 0.237954
29.400000 0.201859 0.334258 0.158775 0.163726 0.262723 0.491692 0.168251 0.237745
29.600000 0.201871 0.334023 0.158930 0.163602 0.262473 0.491679 0.168024 0.237440
29.800000 0.201607 0.334009 0.158798 0.163634 0.262231 0.491515 0.168040 0.237247
30.000000 0.201868 0.334012 0.158880 0.163457 0.262086 0.491594 0.167904 0.237240
30.200000 0.201609 0.333629 0.158631 0.163600 0.261584 0.491376 0.167699 0.236724
30.400000 0.201684 0.333534 0.158560 0.163584 0.261633 0.491191 0.168031 0.236878
30.600000 0.201827 0.333306 0.158700 0.163690 0.261214 0.491031 0.167741 0.236521
30.800000 0.202426 0.333404 0.158765 0.163537 0.261188 0.491166 0.167792 0.236480
31.000000 0.203567 0.333372 0.158696 0.163445 0.260831 0.490978 0.167890 0.236370
31.200000 0.205582 0.333179 0.158758 0.163585 0.260560 0.490857 0.167651 0.236132
31.400000 0.207704 0.333079 0.158762 0.163528 0.260467 0.490719 0.167745 0.235943
31.600000 0.210832 0.332961 0.158559 0.163463 0.260210 0.490697 0.167784 0.235900
31.800000 0.214241 0.332819 0.158636 0.163345 0.260130 0.490701 0.167806 0.235844
32.000000 0.218562 0.332802 0.158744 0.163548 0.260156 0.490305 0.167985 0.235711
32.200000 0.223081 0.332921 0.158775 0.163471 0.260153 0.490547 0.167947 0.235801
32.400000 0.227960 0.332660 0.158744 0.163674 0.260025 0.490423 0.167935 0.235889
32.600000 0.232654 0.332700 0.158939 0.163670 0.260296 0.490456 0.168107 0.235875
32.800000 0.237219 0.332764 0.158822 0.163452 0.260395 0.490553 0.168251 0.236049
33.000000 0.241927 0.332927 0.159048 0.163844 0.260906 0.490284 0.168435 0.236235
33.200000 0.246290 0.332950 0.158975 0.163946 0.261297 0.490370 0.168458 0.236369
33.400000 0.250314 0.333034 0.158831 0.164076 0.261761 0.490266 0.168836 0.236880
33.600000 0.253940 0.333268 0.158891 0.164105 0.262433 0.490534 0.169064 0.237171
33.800000 0.257280 0.333762 0.158910 0.164304 0.262945 0.490506 0.169235 0.237640
34.000000 0.260199 0.334196 0.159100 0.164264 0.263608 0.490682 0.169569 0.238072
34.200000 0.262961 0.334724 0.158997 0.164534 0.264450 0.490542 0.169809 0.238547
34.400000 0.265245 0.335226 0.159090 0.164918 0.265212 0.490858 0.169991 0.239158
34.600000 0.267524 0.335808 0.159125 0.165006 0.266129 0.490444 0.170579 0.239687
34.800000 0.269395 0.336440 0.159163 0.165391 0.267072 0.490699 0.170732 0.240350
35.000000 0.271074 0.337192 0.159431 0.165287 0.268182 0.490715 0.171148 0.241178
35.200000 0.272588 0.337909 0.159582 0.165722 0.269306 0.490732 0.171281 0.241948
35.400000 0.273816 0.338866 0.159415 0.166092 0.270297 0.491105 0.171685 0.242722
35.600000 0.274926 0.339725 0.159314 0.166085 0.271217 0.490953 0.172004 0.243468
35.800000 0.275888 0.340501 0.159542 0.166371 0.272593 0.491005 0.172384 0.244268
36.000000 0.276761 0.341517 0.159309 0.166668 0.273809 0.491125 0.172621 0.244982
36.200000 0.277529 0.342684 0.159490 0.167078 0.275029 0.491125 0.173002 0.245912
36.400000 0.277962 0.343560 0.159620 0.167224 0.276240 0.491054 0.173321 0.246806
36.600000 0.278763 0.344710 0.159789 0.167417 0.277641 0.491211 0.173683 0.247762
36.800000 0.279269 0.345849 0.159898 0.167583 0.279062 0.491252 0.173989 0.248724
37.000000 0.279843 0.347268 0.159935 0.168143 0.280361 0.491457 0.174335 0.249712
37.200000 0.280193 0.348619 0.160019 0.168395 0.281875 0.491463 0.174759 0.250869
37.400000 0.280733 0.349994 0.160128 0.168662 0.283353 0.491383 0.175121 0.252063
37.600000 0.281037 0.351259 0.160365 0.168919 0.284951 0.491660 0.175411 0.253018
37.800000 0.281311 0.352513 0.160261 0.169156 0.286539 0.491777 0.175858 0.254145
38.000000 0.281566 0.354072 0.160285 0.169503 0.288015 0.491844 0.176176 0.255252
38.200000 0.281810 0.355526 0.160642 0.169770 0.289468 0.491821 0.176335 0.256394
38.400000 0.281872 0.356801 0.160794 0.170074 0.291173 0.492029 0.176967 0.257567
38.600000 0.282183 0.358424 0.160920 0.170352 0.292884 0.492012 0.177230 0.258839
38.800000 0.282303 0.359824 0.160713 0.170586 0.294514 0.492180 0.177473 0.260006
39.000000 0.282300 0.361540 0.160980 0.170830 0.296132 0.492275 0.177957 0.261287
39.200000 0.282295 0.362977 0.160899 0.171071 0.297573 0.492472 0.178512 0.262374
39.400000 0.282562 0.364537 0.161057 0.171253 0.299462 0.492480 0.178679 0.263817
39.600000 0.282712 0.366080 0.161269 0.171600 0.301217 0.492429 0.179083 0.265052
39.800000 0.282718 0.367704 0.161363 0.171989 0.302933 0.492593 0.179418 0.266375
40.000000 0.282731 0.369341 0.161323 0.172164 0.304838 0.492776 0.179775 0.267669
40.200000 0.282724 0.370959 0.161515 0.172359 0.306545 0.492829 0.180185 0.269038
40.400000 0.282742 0.372674 0.161660 0.172567 0.308238 0.492969 0.180370 0.270390
40.600000 0.282709 0.374402 0.161732 0.172814 0.310359 0.493100 0.180699 0.271695
40.800000 0.282694 0.376068 0.161811 0.172946 0.311989 0.493175 0.181201 0.273033
41.000000 0.282639 0.377397 0.162042 0.173250 0.314020 0.493428 0.181439 0.274415
41.200000 0.282640 0.379402 0.162159 0.173526 0.315596 0.493419 0.182006 0.275983
41.400000 0.282682 0.381131 0.162199 0.173633 0.317552 0.493488 0.182230 0.277479
41.600000 0.282651 0.382738 0.162060 0.173913 0.319403 0.493564 0.182658 0.278863
41.800000 0.282503 0.384439 0.162201 0.174127 0.321344 0.493711 0.182800 0.280174
42.000000 0.282639 0.386155 0.162491 0.174323 0.323070 0.493797 0.183304 0.281792
42.200000 0.282704 0.387778 0.162491 0.174424 0.325124 0.493789 0.183707 0.283138
42.400000 0.282453 0.389265 0.162622 0.174705 0.326864 0.493952 0.183895 0.284610
42.600000 0.282568 0.390802 0.162422 0.174899 0.328567 0.494005 0.184189 0.286056
42.800000 0.282480 0.392484 0.162506 0.175156 0.330231 0.494191 0.184480 0.287504
43.000000 0.282500 0.394212 0.162789 0.175319 0.332397 0.494351 0.185012 0.288942
43.200000 0.282494 0.395830 0.162911 0.175422 0.334290 0.494527 0.185199 0.290262
43.400000 0.282580 0.397399 0.163032 0.175769 0.336227 0.494529 0.185589 0.291924
43.600000 0.282363 0.399550 0.163085 0.175841 0.338614 0.494793 0.186148 0.293860
43.800000 0.282453 0.401377 0.163420 0.176027 0.340639 0.494995 0.186452 0.295488
44.000000 0.282438 0.402839 0.163161 0.176047 0.342429 0.494967 0.186877 0.297060
44.200000 0.282400 0.404574 0.163327 0.176264 0.344144 0.495179 0.187078 0.298344
44.400000 0.282413 0.405796 0.163164 0.176505 0.345933 0.495133 0.187455 0.299789
44.600000 0.282379 0.407419 0.163463 0.176791 0.347817 0.495299 0.187768 0.301067
44.800000 0.282354 0.408969 0.163521 0.176755 0.349729 0.495449 0.188045 0.302447
45.000000 0.282150 0.410435 0.163625 0.177100 0.351350 0.495480 0.188315 0.304053
45.200000 0.282214 0.411730 0.163676 0.177066 0.352955 0.495544 0.188566 0.305403
45.400000 0.282008 0.413210 0.163787 0.177299 0.354791 0.495788 0.188919 0.306833
45.600000 0.282164 0.414707 0.163630 0.177426 0.356516 0.495742 0.189165 0.308461
45.800000 0.282086 0.416200 0.163993 0.177496 0.358275 0.495972 0.189388 0.309562
46.000000 0.282041 0.417596 0.163908 0.177526 0.359963 0.496035 0.189774 0.310763
46.200000 0.281972 0.418735 0.163986 0.177429 0.361512 0.496066 0.190122 0.312266
46.400000 0.281960 0.420021 0.164052 0.177896 0.363328 0.496262 0.190353 0.313828
46.600000 0.281692 0.421376 0.164078 0.178075 0.365094 0.496298 0.190517 0.314808
46.800000 0.281743 0.422740 0.164322 0.178218 0.366526 0.496512 0.190905 0.316293
47.000000 0.281739 0.424120 0.164253 0.178255 0.368268 0.496645 0.191149 0.317671
47.200000 0.281600 0.425322 0.164311 0.178133 0.369738 0.496726 0.191414 0.318802
47.400000 0.281597 0.426713 0.164283 0.178515 0.371404 0.496859 0.191788 0.320082
47.600000 0.281490 0.428152 0.164074 0.178666 0.373114 0.497031 0.191954 0.321474
47.800000 0.281318 0.429102 0.164543 0.178697 0.374461 0.497088 0.192273 0.322692
48.000000 0.281093 0.430251 0.164354 0.178707 0.375997 0.497333 0.192467 0.324076
48.200000 0.280826 0.431459 0.164543 0.178698 0.377539 0.497367 0.192717 0.325206
48.400000 0.281002 0.432667 0.164579 0.178956 0.379053 0.497347 0.193090 0.326472
48.600000 0.280939 0.433694 0.164728 0.179254 0.380636 0.497445 0.193029 0.327711
48.800000 0.280827 0.435111 0.164737 0.179169 0.382071 0.497438 0.193456 0.328910
49.000000 0.280826 0.436148 0.164821 0.179222 0.383562 0.497614 0.193757 0.329948
49.200000 0.280734 0.437113 0.164651 0.179393 0.384901 0.497816 0.193933 0.331177
49.400000 0.280519 0.438358 0.164812 0.179454 0.386373 0.497892 0.193951 0.332426
49.600000 0.280371 0.439329 0.164905 0.179467 0.387771 0.498057 0.194298 0.333465
49.800000 0.280518 0.440469 0.164930 0.179653 0.389145 0.498089 0.194632 0.334623
50.000000 0.280314 0.441676 0.164910 0.179694 0.390753 0.498114 0.194759 0.335855
50.200000 0.280271 0.442663 0.164970 0.179806 0.392261 0.498411 0.195051 0.336949
50.400000 0.280358 0.443661 0.165015 0.179970 0.393404 0.498457 0.195215 0.338228
50.600000 0.280283 0.444499 0.165094 0.180044 0.394990 0.498604 0.195330 0.339300
50.800000 0.280282 0.445823 0.165155 0.180203 0.396141 0.498545 0.195574 0.340349
51.000000 0.280219 0.446693 0.165269 0.180094 0.397359 0.498685 0.195846 0.341414
51.200000 0.280167 0.447509 0.165228 0.180316 0.398799 0.498959 0.196206 0.342490
51.400000 0.280216 0.448594 0.165164 0.180265 0.400128 0.499031 0.196236 0.343339
51.600000 0.280075 0.449457 0.165262 0.180395 0.401350 0.499166 0.196484 0.344424
51.800000 0.280043 0.450429 0.165272 0.180397 0.402395 0.499216 0.196533 0.345491
52.000000 0.280013 0.451278 0.165538 0.180359 0.403786 0.499058 0.196980 0.346465
52.200000 0.279952 0.451955 0.165530 0.180604 0.404887 0.499393 0.196868 0.347520
52.400000 0.279901 0.453140 0.165262 0.180632 0.406256 0.499420 0.197175 0.348528
52.600000 0.279706 0.453770 0.165522 0.180722 0.407405 0.499682 0.197377 0.349479
52.800000 0.279799 0.454676 0.165478 0.180547 0.408564 0.499573 0.197552 0.350571
53.000000 0.279692 0.455470 0.165273 0.180786 0.409693 0.499841 0.197716 0.351335
53.200000 0.279827 0.455965 0.165626 0.180947 0.410852 0.499781 0.198042 0.352240
53.400000 0.279525 0.456945 0.165468 0.181093 0.411959 0.500034 0.198110 0.353349
53.600000 0.279584 0.457685 0.165648 0.180852 0.413011 0.500327 0.198287 0.354068
53.800000 0.279427 0.458559 0.165690 0.181084 0.414383 0.500291 0.198256 0.354947
54.000000 0.279527 0.459591 0.165766 0.181170 0.415359 0.500353 0.198544 0.355916
54.200000 0.279493 0.459994 0.165834 0.181204 0.416326 0.500518 0.198713 0.356796
54.400000 0.279433 0.460953 0.165808 0.181239 0.417466 0.500526 0.198954 0.357663
54.600000 0.279437 0.461707 0.165775 0.181372 0.418492 0.500732 0.199032 0.358481
54.800000 0.279381 0.462248 0.165722 0.181376 0.419604 0.500878 0.199118 0.359207
55.000000 0.279270 0.462870 0.165826 0.181415 0.420424 0.500822 0.199338 0.359960
55.200000 0.279383 0.463568 0.165958 0.181500 0.421480 0.501117 0.199512 0.360881
55.400000 0.279149 0.464339 0.165868 0.181531 0.422561 0.501199 0.199817 0.361652
55.600000 0.279136 0.465044 0.165963 0.181459 0.423553 0.501369 0.199807 0.362542
55.800000 0.279057 0.465685 0.165888 0.181450 0.424389 0.501168 0.199810 0.363179
56.000000 0.279197 0.466181 0.166107 0.181724 0.425490 0.501557 0.200152 0.364170
56.200000 0.278999 0.466957 0.165913 0.181765 0.426559 0.501570 0.200236 0.365064
56.400000 0.278809 0.467493 0.165988 0.181794 0.427496 0.501695 0.200455 0.365832
56.600000 0.278895 0.468338 0.165892 0.181696 0.428228 0.501861 0.200360 0.366464
56.800000 0.278861 0.468977 0.166067 0.181925 0.429515 0.501805 0.200781 0.367182
57.000000 0.278863 0.469817 0.166107 0.181993 0.430164 0.501902 0.200796 0.367927
57.200000 0.278906 0.470274 0.166028 0.181891 0.431139 0.502256 0.200883 0.368706
57.400000 0.278803 0.470694 0.166022 0.182077 0.432063 0.502110 0.201069 0.369430
57.600000 0.278740 0.471116 0.166014 0.181983 0.432882 0.502294 0.201241 0.370086
57.800000 0.278752 0.471798 0.166025 0.182049 0.433657 0.502467 0.201238 0.370848
58.000000 0.278642 0.472146 0.166121 0.182093 0.434493 0.502554 0.201485 0.371509
58.200000 0.278514 0.472737 0.166246 0.182175 0.435290 0.502555 0.201477 0.372079
58.400000 0.278523 0.473330 0.166150 0.182329 0.436179 0.502896 0.201652 0.372872
58.600000 0.278578 0.473551 0.166308 0.182247 0.436961 0.502768 0.201618 0.373475
58.800000 0.278556 0.474350 0.166254 0.182298 0.437622 0.503057 0.201769 0.374105
59.000000 0.278506 0.474918 0.166316 0.182067 0.438525 0.502843 0.201917 0.374659
59.200000 0.278332 0.475286 0.166305 0.182256 0.439452 0.502974 0.202006 0.375293
59.400000 0.278398 0.475795 0.166299 0.182411 0.440104 0.503321 0.202163 0.375847
59.600000 0.278367 0.476202 0.166337 0.182483 0.440621 0.503370 0.202271 0.376552
59.800000 0.278193 0.476810 0.166435 0.182412 0.441505 0.503392 0.202193 0.377148
60.000000 0.278212 0.477088 0.166032 0.182646 0.442321 0.503480 0.202423 0.377616
60.200000 0.278192 0.477738 0.166481 0.182571 0.443105 0.503669 0.202542 0.378368
60.400000 0.278124 0.478191 0.166427 0.182546 0.443755 0.503670 0.202515 0.378875
60.600000 0.278042 0.478793 0.166564 0.182490 0.444691 0.503812 0.202720 0.379369
60.800000 0.277993 0.479183 0.166612 0.182533 0.445188 0.503954 0.202642 0.379828
61.000000 0.277974 0.479366 0.166340 0.182725 0.445776 0.504119 0.202814 0.380403
61.200000 0.277947 0.479955 0.166614 0.182804 0.446498 0.503998 0.203033 0.381091
61.400000 0.277843 0.480468 0.166347 0.182681 0.447332 0.504273 0.203034 0.381502
61.600000 0.277757 0.480488 0.166552 0.182884 0.447908 0.504323 0.203128 0.382226
61.800000 0.277715 0.481228 0.166596 0.182867 0.448475 0.504531 0.203219 0.382822
62.000000 0.277582 0.481561 0.166593 0.182844 0.449276 0.504413 0.203277 0.383236
62.200000 0.277583 0.481778 0.166479 0.182833 0.450048 0.504750 0.203461 0.383863
62.400000 0.277549 0.482626 0.166568 0.182883 0.450974 0.504841 0.203472 0.384401
62.600000 0.277500 0.482649 0.166495 0.182978 0.451436 0.504898 0.203544 0.385097
62.800000 0.277478 0.483121 0.166826 0.183060 0.452270 0.504988 0.203666 0.385352
63.000000 0.277300 0.483571 0.166510 0.183004 0.452852 0.504940 0.203783 0.385931
63.200000 0.277311 0.483821 0.166512 0.183025 0.453208 0.505254 0.203807 0.386462
63.400000 0.277340 0.484225 0.166531 0.183112 0.453865 0.505323 0.203857 0.386659
63.600000 0.277270 0.484761 0.166619 0.183201 0.454522 0.505411 0.203839 0.387120
63.800000 0.277396 0.484956 0.166618 0.183142 0.455084 0.505403 0.203988 0.387628
64.000000 0.277170 0.485172 0.166621 0.183244 0.455561 0.505556 0.204079 0.388147
64.200000 0.277069 0.485439 0.166609 0.183233 0.456162 0.505629 0.204143 0.388620
64.400000 0.276976 0.485707 0.166720 0.183399 0.456688 0.505776 0.204249 0.388954
64.600000 0.277064 0.486093 0.166680 0.183239 0.457186 0.505827 0.204253 0.389262
64.800000 0.277099 0.486339 0.166532 0.183339 0.457725 0.506089 0.204183 0.389797
65.000000 0.277086 0.486720 0.166760 0.183381 0.458124 0.506065 0.204358 0.390168
65.200000 0.276980 0.487060 0.166675 0.183291 0.458782 0.506252 0.204414 0.390664
65.400000 0.277011 0.486979 0.166858 0.183343 0.459362 0.506160 0.204387 0.391118
65.600000 0.276906 0.487517 0.166683 0.183278 0.459873 0.506173 0.204415 0.391455
65.800000 0.276901 0.487792 0.166633 0.183285 0.460227 0.506369 0.204585 0.391718
66.000000 0.276848 0.487986 0.166697 0.183439 0.460787 0.506522 0.204654 0.392265
66.200000 0.276721 0.488252 0.166683 0.183471 0.461263 0.506567 0.204675 0.392648
66.400000 0.276521 0.488374 0.166692 0.183428 0.461603 0.506584 0.204678 0.392821
66.600000 0.276710 0.488817 0.166815 0.183622 0.462326 0.506866 0.204890 0.393240
66.800000 0.276535 0.489003 0.166694 0.183417 0.462752 0.506797 0.204807 0.393622
67.000000 0.276610 0.489246 0.166883 0.183679 0.462977 0.507044 0.204890 0.394067
67.200000 0.276606 0.489429 0.166820 0.183668 0.463603 0.507046 0.205058 0.394435
67.400000 0.276622 0.489591 0.166867 0.183701 0.463949 0.507136 0.204940 0.394599
67.600000 0.276583 0.489932 0.166911 0.183589 0.464453 0.507248 0.205036 0.394954
67.800000 0.276526 0.490216 0.166835 0.183688 0.465077 0.507284 0.204926 0.395468
68.000000 0.276532 0.490447 0.166689 0.183828 0.465317 0.507410 0.205123 0.395803
68.200000 0.276531 0.490658 0.166854 0.183594 0.465800 0.507540 0.205190 0.396171
68.400000 0.276482 0.490822 0.166848 0.183588 0.466247 0.507565 0.205220 0.396529
68.600000 0.276360 0.490968 0.166800 0.183718 0.466649 0.507640 0.205232 0.396811
68.800000 0.276478 0.491228 0.166993 0.183843 0.467047 0.546846 0.205333 0.397093
69.000000 0.276449 0.491621 0.166796 0.183756 0.467494 0.507824 0.205096 0.397400
69.200000 0.276444 0.491707 0.166845 0.183754 0.467817 0.508094 0.205262 0.397736
69.400000 0.276412 0.491846 0.166985 0.183740 0.468724 0.508117 0.205262 0.397828
69.600000 0.276207 0.492117 0.166903 0.183733 0.468680 0.508136 0.205480 0.398303
69.800000 0.276054 0.492137 0.166885 0.183718 0.469123 0.508167 0.205388 0.398695
70.000000 0.276256 0.492444 0.166882 0.183993 0.469419 0.508556 0.205387 0.399010
70.200000 0.276307 0.492699 0.166885 0.183980 0.469695 0.508290 0.205568 0.399168
70.400000 0.276265 0.492680 0.166913 0.183976 0.470125 0.508545 0.205615 0.399591
70.600000 0.276313 0.493004 0.166922 0.183774 0.470161 0.508462 0.205616 0.399724
70.800000 0.276219 0.493145 0.166810 0.184045 0.470983 0.508602 0.205688 0.400050
71.000000 0.276109 0.493085 0.167075 0.183994 0.471084 0.508651 0.205765 0.400299
71.200000 0.276008 0.493361 0.166933 0.184047 0.471697 0.508735 0.205691 0.400590
71.400000 0.275986 0.493615 0.166882 0.184087 0.472123 0.509005 0.205703 0.400868
71.600000 0.275958 0.493909 0.166914 0.184039 0.472366 0.509110 0.205638 0.401241
71.800000 0.275928 0.494151 0.166894 0.184153 0.472662 0.509106 0.205796 0.401329
72.000000 0.275840 0.494070 0.167053 0.184101 0.472982 0.509110 0.205837 0.401580
72.200000 0.275838 0.494245 0.166827 0.184047 0.473179 0.509477 0.205963 0.401766
72.400000 0.275799 0.494319 0.166965 0.184112 0.473486 0.509473 0.205809 0.401941
72.600000 0.275819 0.494446 0.167058 0.184181 0.473806 0.509425 0.205916 0.402250
72.800000 0.275601 0.494822 0.167074 0.183877 0.474340 0.509546 0.205917 0.402593
73.000000 0.275718 0.494739 0.167081 0.184326 0.474439 0.509511 0.205858 0.402745
73.200000 0.275658 0.494950 0.167008 0.184036 0.474848 0.509709 0.205925 0.403124
73.400000 0.275617 0.495067 0.167077 0.184054 0.475063 0.509729 0.205849 0.403244
73.600000 0.275528 0.495154 0.166932 0.184276 0.475442 0.509823 0.205984 0.403370
73.800000 0.275502 0.495384 0.167009 0.184190 0.475673 0.510026 0.205854 0.403478
74.000000 0.275440 0.495337 0.166907 0.184270 0.475881 0.510082 0.206104 0.403763
74.200000 0.275298 0.495628 0.166783 0.184183 0.476526 0.510199 0.206145 0.404074
74.400000 0.275300 0.495768 0.166865 0.184262 0.476707 0.510147 0.206124 0.404425
74.600000 0.275134 0.496060 0.167223 0.184217 0.476861 0.510092 0.206038 0.404447
74.800000 0.275267 0.496028 0.167213 0.184175 0.477240 0.510459 0.206103 0.404681
75.000000 0.275178 0.495960 0.166815 0.184333 0.477579 0.510283 0.206086 0.404996
75.200000 0.275161 0.496404 0.167217 0.184454 0.477805 0.510693 0.206187 0.405127
75.400000 0.275061 0.496315 0.167034 0.184299 0.477924 0.510684 0.206119 0.405339
75.600000 0.274985 0.496367 0.167053 0.184189 0.478303 0.510638 0.206236 0.405557
75.800000 0.275061 0.496455 0.167046 0.184431 0.478667 0.511015 0.206259 0.405589
76.000000 0.274993 0.496473 0.167204 0.184320 0.478802 0.510910 0.206282 0.406026
76.200000 0.275062 0.496703 0.167231 0.184258 0.479106 0.511009 0.206187 0.406097
76.400000 0.275059 0.496812 0.167224 0.184404 0.479354 0.511034 0.206284 0.406202
76.600000 0.275080 0.496872 0.167174 0.184079 0.479620 0.511096 0.206224 0.406097
76.800000 0.274979 0.496953 0.167013 0.184447 0.479871 0.511268 0.206186 0.406793
77.000000 0.274966 0.497106 0.167217 0.184436 0.480077 0.511394 0.206292 0.406889
77.200000 0.274876 0.497104 0.167112 0.184332 0.480045 0.511498 0.206171 0.406917
77.400000 0.274894 0.497191 0.167226 0.184207 0.480586 0.511571 0.206364 0.407218
77.600000 0.274785 0.497352 0.167187 0.184441 0.480754 0.511559 0.206434 0.407298
77.800000 0.274748 0.497459 0.167120 0.184528 0.481083 0.511852 0.206339 0.407454
78.000000 0.274808 0.497510 0.167165 0.184464 0.481325 0.511645 0.206354 0.407858
78.200000 0.274524 0.497442 0.167115 0.184587 0.481560 0.511913 0.206351 0.407578
78.400000 0.274579 0.497581 0.166976 0.184572 0.481586 0.511888 0.206448 0.407879
78.600000 0.274583 0.497692 0.167133 0.184717 0.481640 0.511996 0.206348 0.408054
78.800000 0.274586 0.497848 0.167210 0.184213 0.481979 0.511966 0.206338 0.408323
79.000000 0.274639 0.497845 0.167227 0.184690 0.482133 0.511973 0.206405 0.408194
79.200000 0.274532 0.497857 0.167171 0.184554 0.482123 0.512388 0.206351 0.408388
79.400000 0.274527 0.497957 0.167339 0.184771 0.482487 0.512389 0.206410 0.408485
79.600000 0.274578 0.498011 0.167117 0.184635 0.482829 0.512530 0.206385 0.408666
79.800000 0.274540 0.498022 0.167170 0.184590 0.482882 0.512368 0.206373 0.408829
80.000000 0.274589 0.497904 0.167165 0.184773 0.482944 0.512676 0.206299 0.408998
80.200000 0.274574 0.498061 0.167133 0.184754 0.483281 0.512604 0.206304 0.409133
80.400000 0.274565 0.498312 0.167230 0.184774 0.483506 0.512604 0.206423 0.409418
80.600000 0.274658 0.498174 0.167081 0.184556 0.483633 0.512809 0.206353 0.409476
80.800000 0.274634 0.498511 0.167091 0.184750 0.483792 0.512890 0.206237 0.409412
81.000000 0.274504 0.498366 0.167207 0.184670 0.484047 0.512893 0.206469 0.409623
81.200000 0.274449 0.498470 0.167178 0.184680 0.484139 0.512922 0.206497 0.409675
81.400000 0.274445 0.498651 0.167205 0.184713 0.484292 0.513054 0.206476 0.409976
81.600000 0.274466 0.498474 0.167084 0.184732 0.484510 0.513174 0.206307 0.409963
81.800000 0.274391 0.498512 0.167162 0.184890 0.484494 0.513265 0.206305 0.410092
82.000000 0.274217 0.498526 0.167089 0.184931 0.484632 0.513414 0.206459 0.410178
82.200000 0.274336 0.498757 0.167180 0.184807 0.484983 0.513498 0.206457 0.410177
82.400000 0.274297 0.498670 0.166954 0.184882 0.485064 0.513315 0.206592 0.410423
82.600000 0.274242 0.498959 0.167103 0.184917 0.485284 0.513699 0.206574 0.410539
82.800000 0.274064 0.498785 0.167148 0.184642 0.485290 0.513502 0.206413 0.410395
83.000000 0.274049 0.498955 0.167186 0.184913 0.485589 0.513672 0.206478 0.410854
83.200000 0.274021 0.498940 0.167223 0.184873 0.485737 0.513668 0.206508 0.410802
83.400000 0.274152 0.498895 0.167135 0.184725 0.485748 0.513641 0.206585 0.410845
83.600000 0.274134 0.498878 0.167157 0.184833 0.485952 0.513792 0.206498 0.411006
83.800000 0.274096 0.498907 0.167362 0.184861 0.486008 0.513841 0.206532 0.410966
84.000000 0.273957 0.499034 0.167215 0.184852 0.486295 0.514051 0.206484 0.411247
84.200000 0.274029 0.498971 0.167208 0.185035 0.486323 0.514038 0.206460 0.411221
84.400000 0.274067 0.499192 0.167092 0.184871 0.486511 0.514189 0.206558 0.411320
84.600000 0.273876 0.499183 0.167204 0.184819 0.486608 0.514197 0.206355 0.411272
84.800000 0.274087 0.499030 0.167239 0.184880 0.486642 0.514364 0.206500 0.411449
85.000000 0.274081 0.499356 0.167301 0.184804 0.487015 0.514507 0.206503 0.411601
85.200000 0.274084 0.499377 0.167097 0.184821 0.487132 0.514433 0.206543 0.411791
85.400000 0.274055 0.499125 0.167113 0.185044 0.487139 0.514588 0.206355 0.411797
85.600000 0.274171 0.499392 0.167107 0.185049 0.487270 0.514497 0.206535 0.411809
85.800000 0.273922 0.499505 0.167260 0.184839 0.487433 0.514667 0.206479 0.411925
86.000000 0.274019 0.499337 0.167339 0.184993 0.487261 0.514652 0.206341 0.411930
86.200000 0.273904 0.499416 0.167195 0.184879 0.487549 0.514849 0.206587 0.412281
86.400000 0.274040 0.499281 0.167369 0.185056 0.487809 0.514976 0.206450 0.412198
86.600000 0.273921 0.499663 0.167326 0.185086 0.487874 0.514972 0.206515 0.412351
86.800000 0.273904 0.499433 0.167327 0.185016 0.487982 0.515024 0.206532 0.412312
87.000000 0.273911 0.499606 0.167426 0.185051 0.488240 0.515273 0.206506 0.412540
87.200000 0.273953 0.499721 0.167273 0.184861 0.488159 0.515119 0.206496 0.412543
87.400000 0.273836 0.499618 0.167532 0.185007 0.488357 0.515230 0.206514 0.412574
87.600000 0.273798 0.499701 0.167304 0.185034 0.488504 0.515182 0.206539 0.412687
87.800000 0.273870 0.499872 0.167264 0.185178 0.488666 0.515295 0.206582 0.412809
88.000000 0.273777 0.499845 0.167279 0.184963 0.488643 0.515300 0.206577 0.412857
88.200000 0.273775 0.499868 0.167300 0.185133 0.488970 0.515490 0.206591 0.412767
88.400000 0.273599 0.499777 0.167270 0.185127 0.488895 0.515564 0.206543 0.412954
88.600000 0.273717 0.499948 0.167335 0.184944 0.489052 0.515727 0.206529 0.413166
88.800000 0.273661 0.499925 0.167172 0.185228 0.489118 0.515665 0.206440 0.412975
89.000000 0.273522 0.499942 0.167353 0.185022 0.489056 0.515890 0.206364 0.413081
89.200000 0.273680 0.499889 0.167357 0.185217 0.489351 0.515755 0.206544 0.413287
89.400000 0.273458 0.499926 0.167367 0.185109 0.489072 0.515753 0.206480 0.413290
89.600000 0.273507 0.499955 0.167296 0.185192 0.489547 0.516004 0.206351 0.413296
89.800000 0.273671 0.499809 0.167334 0.185168 0.489584 0.515958 0.206461 0.413392
90.000000 0.273672 0.499922 0.167257 0.185223 0.489712 0.516089 0.206449 0.413505
