0.200000 0.053213 0.417389 0.197468 0.285144 0.491040 0.574681 0.288060 0.415333
0.400000 0.053039 0.416435 0.197319 0.284356 0.489035 0.574741 0.287566 0.413656
0.600000 0.053003 0.415838 0.197064 0.283525 0.487510 0.574530 0.287292 0.412505
0.800000 0.052981 0.415445 0.197268 0.283501 0.486068 0.574756 0.286878 0.411404
1.000000 0.052801 0.414972 0.197212 0.283099 0.484599 0.574572 0.286676 0.410394
1.200000 0.052814 0.414320 0.197089 0.282609 0.483464 0.574495 0.286508 0.409432
1.400000 0.052925 0.414019 0.197040 0.282398 0.482049 0.574436 0.286112 0.408407
1.600000 0.053095 0.413649 0.197098 0.281984 0.480938 0.574507 0.286051 0.407426
1.800000 0.053080 0.413028 0.197142 0.281624 0.479621 0.574082 0.285743 0.406489
2.000000 0.052909 0.412696 0.196980 0.281123 0.478159 0.574249 0.285469 0.405519
2.200000 0.052910 0.412110 0.196908 0.280873 0.476697 0.574321 0.285156 0.404461
2.400000 0.052899 0.411549 0.196958 0.280586 0.475512 0.574120 0.284850 0.403440
2.600000 0.052878 0.411162 0.196862 0.280063 0.474130 0.573885 0.284498 0.402477
2.800000 0.052875 0.410758 0.196708 0.279564 0.472887 0.573930 0.284308 0.401409
3.000000 0.052868 0.410356 0.196809 0.279401 0.471730 0.573777 0.284105 0.400402
3.200000 0.052872 0.409971 0.196558 0.278797 0.470529 0.573874 0.283749 0.399587
3.400000 0.052840 0.409493 0.196600 0.278580 0.468933 0.573842 0.283389 0.398657
3.600000 0.052801 0.409052 0.196648 0.278260 0.467868 0.573714 0.283293 0.397556
3.800000 0.052659 0.408675 0.196555 0.277988 0.466789 0.573835 0.283018 0.396788
4.000000 0.052932 0.408193 0.196440 0.277509 0.465503 0.573483 0.282763 0.395945
4.200000 0.052946 0.407716 0.196452 0.277256 0.464384 0.573509 0.282534 0.394903
4.400000 0.052916 0.407259 0.196457 0.276691 0.463176 0.573357 0.282084 0.394016
4.600000 0.052769 0.406943 0.196487 0.276613 0.462066 0.573345 0.282056 0.393086
4.800000 0.052806 0.406297 0.196266 0.276146 0.460956 0.573317 0.281727 0.392293
5.000000 0.052767 0.406086 0.196508 0.275824 0.459691 0.573229 0.281435 0.391527
5.200000 0.052768 0.405725 0.196273 0.275459 0.458480 0.573255 0.281091 0.390618
5.400000 0.052745 0.405400 0.196227 0.275143 0.457425 0.573040 0.280815 0.389568
5.600000 0.052720 0.405005 0.196139 0.274817 0.456109 0.573065 0.280760 0.388649
5.800000 0.052743 0.404210 0.196166 0.274416 0.454899 0.572895 0.280511 0.387989
6.000000 0.052680 0.404145 0.196177 0.274149 0.453931 0.572699 0.280232 0.387036
6.200000 0.052664 0.403895 0.196179 0.273757 0.452865 0.572791 0.279955 0.386087
6.400000 0.052763 0.403290 0.195949 0.234446 0.451531 0.572809 0.279675 0.385271
6.600000 0.052533 0.402820 0.195903 0.272993 0.450124 0.572516 0.279303 0.384166
6.800000 0.052667 0.402385 0.195884 0.272713 0.448964 0.572656 0.279230 0.383213
7.000000 0.052508 0.402169 0.195854 0.272451 0.447842 0.572413 0.278787 0.382446
7.200000 0.052649 0.401659 0.195808 0.272015 0.446914 0.572507 0.278562 0.381479
7.400000 0.052499 0.401393 0.196074 0.271824 0.445803 0.572329 0.278452 0.380794
7.600000 0.052615 0.400945 0.195804 0.271164 0.444751 0.572185 0.278046 0.379999
7.800000 0.052574 0.400556 0.195587 0.270855 0.443450 0.572182 0.277739 0.379129
8.000000 0.052792 0.400274 0.195915 0.270752 0.442622 0.571963 0.277562 0.378293
8.200000 0.052418 0.399869 0.195681 0.270519 0.441358 0.571901 0.277343 0.377509
8.400000 0.052579 0.399498 0.195743 0.270209 0.440413 0.572016 0.277143 0.376920
8.600000 0.052605 0.398873 0.195757 0.269781 0.439435 0.571849 0.276760 0.376177
8.800000 0.052602 0.398988 0.195757 0.269771 0.438689 0.571898 0.276491 0.375273
9.000000 0.052587 0.398632 0.195474 0.269278 0.437530 0.571605 0.276378 0.374697
9.200000 0.052563 0.398125 0.195674 0.269017 0.436498 0.571665 0.276207 0.373851
9.400000 0.052562 0.397858 0.195328 0.268558 0.435585 0.571536 0.275856 0.373012
9.600000 0.052552 0.397541 0.195419 0.268552 0.434615 0.571526 0.275683 0.372352
9.800000 0.052540 0.397034 0.195602 0.268195 0.433555 0.571335 0.275341 0.371726
10.000000 0.052525 0.396912 0.156319 0.267911 0.432613 0.571425 0.275118 0.370681
10.200000 0.052537 0.396666 0.234360 0.267547 0.431781 0.571401 0.275084 0.370317
10.400000 0.052217 0.396265 0.195239 0.267405 0.430887 0.571241 0.274761 0.369666
10.600000 0.052477 0.395837 0.195165 0.267060 0.429727 0.571042 0.274392 0.368873
10.800000 0.052513 0.395657 0.156350 0.266578 0.428959 0.571013 0.274315 0.368302
11.000000 0.052551 0.395337 0.195065 0.266463 0.427911 0.571129 0.273940 0.367428
11.200000 0.052464 0.394921 0.195230 0.266118 0.426952 0.571053 0.273837 0.366797
11.400000 0.052460 0.394843 0.195284 0.266013 0.426315 0.570685 0.273650 0.366103
11.600000 0.052454 0.394423 0.195228 0.265530 0.424974 0.570753 0.273375 0.365424
11.800000 0.052419 0.394266 0.195044 0.265351 0.424458 0.570747 0.273152 0.364751
12.000000 0.052457 0.393902 0.195038 0.265156 0.423569 0.570803 0.272893 0.364114
12.200000 0.052417 0.393640 0.195034 0.264774 0.422365 0.570647 0.272653 0.363401
12.400000 0.052423 0.393127 0.195029 0.264601 0.421900 0.570650 0.272417 0.362755
12.600000 0.052412 0.392818 0.194967 0.264317 0.420725 0.570412 0.272185 0.361946
12.800000 0.052378 0.392640 0.194603 0.263915 0.419871 0.570414 0.271973 0.361389
13.000000 0.052452 0.392363 0.194933 0.263972 0.419102 0.570258 0.271827 0.360640
13.200000 0.052364 0.391993 0.194711 0.263379 0.418320 0.570315 0.271463 0.360117
13.400000 0.052339 0.391982 0.195000 0.263436 0.417586 0.570434 0.271370 0.359622
13.600000 0.052262 0.391629 0.194752 0.263132 0.416743 0.570171 0.271233 0.358982
13.800000 0.052346 0.391509 0.194693 0.262771 0.416016 0.569977 0.270866 0.358422
14.000000 0.052198 0.391228 0.194788 0.262690 0.415472 0.570132 0.270712 0.357862
14.200000 0.052312 0.390849 0.194848 0.262406 0.414516 0.569809 0.270593 0.357224
14.400000 0.052253 0.351678 0.194630 0.262029 0.413516 0.569888 0.270103 0.356335
14.600000 0.052317 0.390467 0.194854 0.261726 0.412869 0.569869 0.270180 0.356098
14.800000 0.052297 0.390046 0.194635 0.261759 0.412211 0.569903 0.270014 0.355613
15.000000 0.052317 0.389759 0.194666 0.261402 0.411468 0.569721 0.269772 0.354832
15.200000 0.052186 0.389670 0.194626 0.261259 0.410628 0.569680 0.269610 0.354498
15.400000 0.052271 0.389286 0.194678 0.261033 0.410062 0.569594 0.269039 0.353975
15.600000 0.052269 0.389124 0.194570 0.260800 0.409351 0.569333 0.269239 0.353519
15.800000 0.052301 0.388934 0.194312 0.260660 0.408375 0.569437 0.268939 0.352811
16.000000 0.052246 0.388748 0.194407 0.260357 0.407969 0.569195 0.268778 0.352245
16.200000 0.052345 0.388612 0.194497 0.260208 0.407136 0.569208 0.268575 0.351699
16.400000 0.052274 0.388320 0.194420 0.259913 0.406469 0.569165 0.268441 0.351237
16.600000 0.052232 0.387914 0.194265 0.259819 0.405868 0.569004 0.268381 0.350653
16.800000 0.052323 0.387870 0.194325 0.259476 0.404958 0.569068 0.268009 0.350136
17.000000 0.052246 0.387566 0.194324 0.259177 0.404345 0.569078 0.267891 0.349680
17.200000 0.052229 0.387356 0.194357 0.259132 0.403687 0.568921 0.267772 0.349060
17.400000 0.052215 0.387253 0.194303 0.258891 0.403120 0.568947 0.267551 0.348551
17.600000 0.052221 0.386658 0.194011 0.258621 0.402277 0.568702 0.267457 0.348020
17.800000 0.052326 0.386648 0.194215 0.258445 0.401655 0.568838 0.267040 0.347495
18.000000 0.052071 0.386490 0.194255 0.258307 0.400974 0.568800 0.266933 0.347094
18.200000 0.052317 0.386236 0.194166 0.257884 0.400474 0.568701 0.266781 0.346607
18.400000 0.052046 0.385894 0.194209 0.257764 0.399615 0.568585 0.266435 0.345960
18.600000 0.052164 0.385765 0.194051 0.257720 0.399013 0.568689 0.266497 0.345598
18.800000 0.052328 0.385489 0.194211 0.257501 0.398256 0.568397 0.266302 0.344909
19.000000 0.052305 0.385033 0.194073 0.257186 0.397598 0.568190 0.266011 0.344438
19.200000 0.052015 0.384886 0.194044 0.256849 0.396938 0.568319 0.265859 0.344040
19.400000 0.052154 0.384796 0.193985 0.256708 0.396232 0.568113 0.265688 0.343480
19.600000 0.052181 0.384459 0.194002 0.256522 0.395409 0.568066 0.265474 0.342999
19.800000 0.052136 0.384250 0.194042 0.256447 0.394781 0.568226 0.265227 0.342519
20.000000 0.052093 0.383996 0.194047 0.256269 0.394179 0.568106 0.265142 0.342097
20.200000 0.052076 0.383769 0.193853 0.256042 0.393651 0.567798 0.264871 0.341631
20.400000 0.052146 0.383619 0.194069 0.255843 0.393075 0.568072 0.264769 0.341305
20.600000 0.052134 0.383429 0.193931 0.255717 0.392348 0.567892 0.264714 0.340663
20.800000 0.052090 0.383213 0.193886 0.255392 0.391693 0.567702 0.264437 0.340143
21.000000 0.052111 0.383118 0.193878 0.255227 0.391132 0.567773 0.264249 0.339590
21.200000 0.052076 0.382575 0.193666 0.255075 0.390610 0.567697 0.264093 0.339276
21.400000 0.052070 0.382346 0.193811 0.254870 0.389957 0.567568 0.263838 0.338864
21.600000 0.052074 0.382285 0.193781 0.254567 0.389403 0.567527 0.263760 0.338406
21.800000 0.052105 0.382019 0.193746 0.254499 0.388741 0.567568 0.263590 0.337855
22.000000 0.051919 0.381875 0.193774 0.254297 0.388135 0.567386 0.263435 0.337474
22.200000 0.052054 0.381499 0.193750 0.254011 0.387678 0.567343 0.263261 0.336903
22.400000 0.052056 0.381339 0.193694 0.253969 0.387056 0.567256 0.263087 0.336591
22.600000 0.052088 0.381035 0.193358 0.253686 0.386491 0.566994 0.262959 0.336176
22.800000 0.052043 0.380871 0.193669 0.253702 0.385930 0.567105 0.262629 0.335740
23.000000 0.051942 0.380765 0.193511 0.253430 0.385215 0.567049 0.262741 0.335356
23.200000 0.052049 0.380420 0.193530 0.253320 0.384726 0.567093 0.262327 0.334933
23.400000 0.051889 0.380318 0.193641 0.253006 0.384241 0.567093 0.262198 0.334509
23.600000 0.051979 0.380199 0.193510 0.252906 0.383609 0.566955 0.262097 0.333816
23.800000 0.051882 0.379842 0.193514 0.252836 0.383157 0.566949 0.261855 0.333618
24.000000 0.051987 0.379562 0.193574 0.252336 0.382609 0.566740 0.261762 0.333356
24.200000 0.052001 0.379424 0.193483 0.252269 0.381961 0.566709 0.261653 0.332866
24.400000 0.052017 0.379246 0.193504 0.252200 0.381559 0.566600 0.261478 0.332457
24.600000 0.051921 0.379170 0.193353 0.252071 0.380886 0.566629 0.261243 0.331914
24.800000 0.051985 0.378824 0.193439 0.251899 0.380306 0.566750 0.261091 0.331621
25.000000 0.051969 0.378655 0.193439 0.251660 0.379777 0.566661 0.260984 0.331235
25.200000 0.051987 0.378416 0.193349 0.251370 0.379221 0.566379 0.260778 0.330566
25.400000 0.051977 0.378133 0.193421 0.251294 0.378754 0.566307 0.260490 0.330235
25.600000 0.051971 0.377967 0.193247 0.251256 0.378191 0.566377 0.260581 0.330016
25.800000 0.051938 0.377666 0.193385 0.250944 0.377591 0.566202 0.260350 0.329590
26.000000 0.051950 0.377621 0.193312 0.250946 0.377111 0.566166 0.260215 0.329155
26.200000 0.051972 0.377427 0.193274 0.250652 0.376611 0.566050 0.259729 0.328760
26.400000 0.051959 0.377338 0.193411 0.250447 0.376110 0.566066 0.259921 0.328425
26.600000 0.051969 0.377024 0.193043 0.250284 0.375570 0.565916 0.259809 0.327970
26.800000 0.051962 0.376775 0.193318 0.250168 0.375148 0.565784 0.259537 0.327463
27.000000 0.051947 0.376611 0.193265 0.249822 0.374610 0.565773 0.259424 0.327281
27.200000 0.051886 0.376456 0.192993 0.249482 0.374233 0.565639 0.259347 0.326747
27.400000 0.051952 0.376167 0.193100 0.249671 0.373664 0.565517 0.259152 0.326457
27.600000 0.051912 0.376060 0.193130 0.249454 0.373163 0.565714 0.258963 0.326154
27.800000 0.051901 0.375902 0.193043 0.249324 0.372770 0.565537 0.258888 0.325652
28.000000 0.051895 0.375584 0.193107 0.249094 0.372142 0.565558 0.258681 0.325571
28.200000 0.051880 0.375426 0.193143 0.249063 0.371475 0.565404 0.258580 0.325143
28.400000 0.051923 0.375242 0.193060 0.248836 0.371137 0.565419 0.258415 0.324769
28.600000 0.051894 0.375063 0.192879 0.248708 0.370693 0.565208 0.258291 0.324214
28.800000 0.051747 0.375006 0.192907 0.248646 0.370277 0.565301 0.258152 0.324030
29.000000 0.051921 0.374802 0.193053 0.248463 0.369771 0.565223 0.258176 0.323615
29.200000 0.051856 0.374613 0.192980 0.247956 0.369371 0.565162 0.257902 0.323256
29.400000 0.051857 0.374456 0.192952 0.248083 0.368860 0.565175 0.257782 0.322903
29.600000 0.051835 0.374445 0.192958 0.247998 0.368472 0.565102 0.257642 0.322532
29.800000 0.051864 0.374326 0.192889 0.247789 0.368015 0.565057 0.257520 0.322273
30.000000 0.051878 0.373997 0.192987 0.247586 0.367498 0.564797 0.257311 0.321954
30.200000 0.051876 0.373794 0.192629 0.247452 0.366899 0.564809 0.257096 0.321297
30.400000 0.051809 0.373719 0.192751 0.247303 0.366510 0.564596 0.257060 0.321310
30.600000 0.051736 0.373535 0.192856 0.247178 0.366010 0.564710 0.256934 0.320783
30.800000 0.052152 0.373370 0.192829 0.247097 0.365688 0.564672 0.256827 0.320351
31.000000 0.052575 0.373231 0.192757 0.246994 0.365220 0.564665 0.256740 0.320151
31.200000 0.053303 0.373189 0.192787 0.246846 0.364925 0.564433 0.256701 0.319953
31.400000 0.054774 0.372906 0.192882 0.246853 0.364432 0.564312 0.256581 0.319650
31.600000 0.056133 0.372664 0.192964 0.246837 0.364384 0.564500 0.256532 0.319659
31.800000 0.057660 0.372807 0.192984 0.246928 0.364458 0.564433 0.256530 0.319702
32.000000 0.059289 0.372840 0.193143 0.247008 0.365376 0.564406 0.256641 0.320423
32.200000 0.060962 0.373038 0.193124 0.247173 0.366326 0.564374 0.256611 0.321026
32.400000 0.062480 0.373352 0.193178 0.247355 0.367766 0.564387 0.256731 0.322076
32.600000 0.063985 0.373762 0.193172 0.247836 0.369580 0.564261 0.256754 0.323531
32.800000 0.065479 0.374464 0.193223 0.248489 0.372134 0.564311 0.257017 0.325167
33.000000 0.066811 0.375582 0.193393 0.249325 0.375123 0.564370 0.257189 0.327312
33.200000 0.067913 0.377065 0.193498 0.250261 0.378530 0.564415 0.257364 0.330000
33.400000 0.069075 0.378953 0.193518 0.251260 0.382634 0.564275 0.257569 0.332902
33.600000 0.070131 0.381382 0.193805 0.252811 0.387066 0.564364 0.257829 0.336113
33.800000 0.070959 0.384240 0.194032 0.254279 0.391931 0.564368 0.258045 0.339692
34.000000 0.071776 0.387837 0.194141 0.255973 0.396882 0.564504 0.258510 0.343679
34.200000 0.072356 0.391895 0.194598 0.257823 0.402834 0.564294 0.259058 0.347865
34.400000 0.073122 0.396723 0.194774 0.259788 0.409011 0.564479 0.259169 0.352418
34.600000 0.073665 0.401852 0.195055 0.261562 0.415342 0.564376 0.259457 0.357322
34.800000 0.074100 0.407773 0.195552 0.263885 0.421999 0.564363 0.259956 0.362389
35.000000 0.074726 0.414243 0.195834 0.265986 0.429012 0.564520 0.260352 0.367703
35.200000 0.074947 0.421051 0.196106 0.268149 0.436105 0.564590 0.260750 0.373232
35.400000 0.075264 0.428019 0.196311 0.270332 0.442966 0.564550 0.261224 0.378536
35.600000 0.075569 0.435249 0.196722 0.272349 0.450267 0.564589 0.261341 0.383933
35.800000 0.075771 0.442771 0.196959 0.274488 0.457411 0.564628 0.261823 0.389429
36.000000 0.075967 0.450630 0.197404 0.276605 0.464545 0.564810 0.262314 0.395418
36.200000 0.076187 0.458800 0.197572 0.278494 0.472189 0.564737 0.262662 0.401139
36.400000 0.076169 0.467066 0.197774 0.280511 0.479586 0.564689 0.263059 0.407077
36.600000 0.076483 0.475045 0.198058 0.282524 0.487332 0.564861 0.263446 0.413052
36.800000 0.076640 0.483671 0.198231 0.284491 0.494970 0.564907 0.263686 0.419052
37.000000 0.076726 0.492328 0.198627 0.286375 0.502548 0.565028 0.264135 0.424960
37.200000 0.076661 0.501215 0.198886 0.288155 0.510261 0.564928 0.264655 0.431233
37.400000 0.076945 0.510003 0.199167 0.290305 0.518482 0.564917 0.265123 0.438024
37.600000 0.076994 0.522399 0.199327 0.293089 0.529244 0.565007 0.265639 0.446230
37.800000 0.077106 0.531196 0.199780 0.294722 0.537005 0.564977 0.266024 0.452585
38.000000 0.077203 0.540127 0.200030 0.296541 0.544871 0.564937 0.266455 0.458931
38.200000 0.077269 0.548815 0.200322 0.298429 0.552534 0.565127 0.266817 0.465152
38.400000 0.077265 0.557401 0.200517 0.300058 0.560421 0.565265 0.267329 0.471441
38.600000 0.077380 0.566090 0.200938 0.302051 0.568066 0.565267 0.267755 0.477638
38.800000 0.077379 0.574458 0.200999 0.303646 0.575620 0.565354 0.268204 0.483843
39.000000 0.077444 0.582897 0.201241 0.305398 0.583263 0.565298 0.268513 0.489869
39.200000 0.077299 0.591570 0.201478 0.306996 0.590980 0.565386 0.268928 0.496032
39.400000 0.077493 0.599728 0.201858 0.308639 0.598519 0.565460 0.269328 0.501963
39.600000 0.077558 0.607820 0.201891 0.310496 0.606332 0.565385 0.269791 0.507993
39.800000 0.077504 0.616121 0.202180 0.312011 0.613893 0.565617 0.270343 0.513988
40.000000 0.077540 0.624060 0.202191 0.313506 0.621483 0.565587 0.270579 0.519984
40.200000 0.077530 0.631850 0.202635 0.314982 0.629093 0.565519 0.271055 0.525954
40.400000 0.077550 0.639735 0.202889 0.316498 0.636809 0.565682 0.271418 0.531989
40.600000 0.077595 0.647541 0.203042 0.318325 0.644520 0.565770 0.271854 0.537813
40.800000 0.077576 0.654750 0.203196 0.319761 0.651798 0.565724 0.272090 0.543631
41.000000 0.077634 0.662227 0.203405 0.321212 0.659475 0.565785 0.272676 0.549430
41.200000 0.077623 0.669268 0.203606 0.323024 0.666924 0.565875 0.273028 0.555102
41.400000 0.077537 0.676187 0.203904 0.324242 0.674483 0.566022 0.273531 0.560745
41.600000 0.077640 0.683202 0.204108 0.325717 0.681648 0.566148 0.273767 0.566463
41.800000 0.077648 0.689769 0.204051 0.327050 0.688969 0.566086 0.274267 0.571764
42.000000 0.077657 0.696184 0.204366 0.328606 0.696367 0.566012 0.274751 0.577467
42.200000 0.077680 0.702385 0.204724 0.330147 0.703598 0.566087 0.275172 0.582782
42.400000 0.077682 0.708593 0.204650 0.331492 0.710721 0.566291 0.275574 0.588352
42.600000 0.077765 0.714179 0.204996 0.332878 0.717885 0.566342 0.275977 0.593687
42.800000 0.077736 0.720027 0.205033 0.334038 0.725026 0.566330 0.276428 0.599015
43.000000 0.077724 0.725506 0.205314 0.335642 0.732029 0.566393 0.276925 0.604385
43.200000 0.077709 0.730538 0.205481 0.336856 0.738656 0.566239 0.277278 0.609295
43.400000 0.077689 0.735724 0.205660 0.338252 0.745654 0.566329 0.277698 0.614499
43.600000 0.077654 0.740682 0.205805 0.339495 0.752362 0.566193 0.278044 0.619558
43.800000 0.077754 0.745742 0.205860 0.340805 0.759862 0.566447 0.278500 0.625469
44.000000 0.077525 0.752170 0.206189 0.342632 0.769048 0.566434 0.279002 0.632320
44.200000 0.077674 0.756745 0.206301 0.343925 0.775307 0.566647 0.279440 0.636961
44.400000 0.077705 0.760654 0.206579 0.345039 0.781609 0.566677 0.279845 0.641992
44.600000 0.077708 0.764839 0.206734 0.346360 0.787886 0.566838 0.280221 0.646752
44.800000 0.077735 0.768519 0.207030 0.347595 0.793982 0.566827 0.280663 0.651504
45.000000 0.077736 0.772394 0.207047 0.348724 0.800114 0.566740 0.280922 0.656158
45.200000 0.077762 0.775664 0.207276 0.350001 0.806060 0.566846 0.281571 0.660620
45.400000 0.077733 0.778883 0.207329 0.350813 0.811921 0.566861 0.281730 0.665124
45.600000 0.077737 0.782270 0.207388 0.352299 0.817698 0.567000 0.282207 0.669699
45.800000 0.077748 0.785505 0.207626 0.353333 0.823255 0.566948 0.282582 0.674115
46.000000 0.077702 0.788543 0.207784 0.354365 0.828764 0.567159 0.282907 0.678684
46.200000 0.077578 0.791346 0.207931 0.355562 0.834652 0.567135 0.283337 0.682676
46.400000 0.077737 0.794212 0.207979 0.356641 0.839568 0.567130 0.283631 0.686739
46.600000 0.077716 0.796567 0.208275 0.357707 0.844956 0.567019 0.284113 0.690935
46.800000 0.077762 0.799068 0.208257 0.358750 0.850362 0.567219 0.284464 0.695070
47.000000 0.077729 0.801278 0.208568 0.359839 0.855062 0.567278 0.284844 0.698949
47.200000 0.077738 0.803582 0.208501 0.360810 0.860084 0.567170 0.285059 0.703051
47.400000 0.077692 0.805763 0.208632 0.362027 0.864656 0.567254 0.285578 0.706747
47.600000 0.077805 0.807881 0.208682 0.363156 0.869554 0.567427 0.285943 0.710753
47.800000 0.077752 0.809592 0.208691 0.364072 0.874063 0.567330 0.286185 0.714206
48.000000 0.077717 0.811913 0.208921 0.364965 0.878568 0.567381 0.286579 0.717727
48.200000 0.077732 0.813695 0.209060 0.365967 0.883001 0.567595 0.287025 0.721517
48.400000 0.077688 0.815317 0.209092 0.366970 0.887390 0.567768 0.287439 0.724926
48.600000 0.077748 0.817181 0.209489 0.367954 0.891708 0.567640 0.287653 0.728370
48.800000 0.077698 0.818771 0.209444 0.368705 0.895642 0.567575 0.287994 0.731770
49.000000 0.077719 0.820166 0.209596 0.369694 0.899905 0.567795 0.288525 0.735117
49.200000 0.077732 0.821782 0.209550 0.370580 0.903511 0.567696 0.288834 0.738363
49.400000 0.077726 0.823082 0.209664 0.371676 0.907464 0.567631 0.289292 0.741300
49.600000 0.077688 0.824494 0.209751 0.372574 0.911180 0.568035 0.289346 0.744586
49.800000 0.077742 0.825744 0.209942 0.373468 0.914798 0.567836 0.289851 0.747483
50.000000 0.077494 0.826774 0.210238 0.374387 0.918564 0.567759 0.290179 0.750311
50.200000 0.077716 0.828417 0.210184 0.375327 0.922251 0.567929 0.290663 0.753791
50.400000 0.077565 0.829499 0.210360 0.376206 0.926187 0.568147 0.290840 0.756866
50.600000 0.077713 0.830659 0.210405 0.377280 0.929588 0.568041 0.291179 0.759879
50.800000 0.077748 0.831860 0.210654 0.378002 0.932736 0.568370 0.291700 0.762736
51.000000 0.077705 0.832554 0.210598 0.379002 0.935927 0.568156 0.291994 0.765103
51.200000 0.077712 0.833679 0.210765 0.379692 0.939118 0.568095 0.292289 0.767817
51.400000 0.077680 0.834618 0.210817 0.380688 0.942279 0.568347 0.292747 0.770552
51.600000 0.077673 0.835457 0.210739 0.381486 0.945249 0.568270 0.293059 0.772981
51.800000 0.077731 0.836305 0.210947 0.382321 0.947999 0.568279 0.293413 0.775357
52.000000 0.077726 0.836977 0.211031 0.383167 0.951004 0.568523 0.293859 0.777886
52.200000 0.077720 0.837798 0.211175 0.384032 0.953824 0.568475 0.293927 0.780292
52.400000 0.077649 0.838330 0.211124 0.384734 0.956383 0.568534 0.294341 0.782465
52.600000 0.077541 0.839192 0.211306 0.385561 0.959147 0.568508 0.294633 0.784750
52.800000 0.077714 0.839929 0.211453 0.386216 0.961518 0.568485 0.294995 0.786984
53.000000 0.077696 0.840490 0.211457 0.387258 0.963920 0.568837 0.295290 0.789002
53.200000 0.077725 0.841171 0.211530 0.387806 0.966544 0.568560 0.295590 0.790864
53.400000 0.077738 0.841820 0.211568 0.388589 0.969060 0.568723 0.296009 0.793032
53.600000 0.077686 0.842281 0.211706 0.389246 0.971300 0.568549 0.296324 0.794913
53.800000 0.077747 0.843163 0.211930 0.390177 0.973808 0.568855 0.296531 0.797173
54.000000 0.077717 0.843622 0.211827 0.390854 0.975896 0.568968 0.297043 0.799089
54.200000 0.077710 0.843848 0.211878 0.391740 0.978295 0.568872 0.297259 0.800799
54.400000 0.077722 0.844672 0.212015 0.392403 0.980520 0.569065 0.297530 0.802701
54.600000 0.077724 0.844976 0.212060 0.392946 0.982337 0.569043 0.297705 0.804566
54.800000 0.077729 0.845482 0.212395 0.393709 0.984559 0.568937 0.298106 0.806374
55.000000 0.077750 0.845894 0.212263 0.394508 0.986579 0.569049 0.298488 0.807967
55.200000 0.077733 0.846344 0.212204 0.395331 0.988481 0.569180 0.298809 0.809764
55.400000 0.077780 0.846694 0.212297 0.395926 0.990144 0.569261 0.299222 0.811415
55.600000 0.077694 0.846737 0.212409 0.396665 0.992145 0.569283 0.299351 0.812780
55.800000 0.077680 0.847344 0.212519 0.397463 0.994052 0.569217 0.299676 0.814107
56.000000 0.077678 0.847856 0.212667 0.397987 0.995597 0.569162 0.299980 0.815945
56.200000 0.077702 0.848280 0.212768 0.398728 0.997769 0.569378 0.300415 0.817708
56.400000 0.077671 0.848672 0.212719 0.399614 0.999635 0.569526 0.300671 0.819134
56.600000 0.077685 0.848876 0.212788 0.400251 1.001582 0.569506 0.300793 0.820659
56.800000 0.077699 0.849182 0.212740 0.400806 1.002828 0.569317 0.301082 0.821893
57.000000 0.077695 0.849740 0.213089 0.401398 1.004605 0.569527 0.301619 0.823349
57.200000 0.077691 0.849817 0.213146 0.402165 1.005957 0.569750 0.301771 0.824652
57.400000 0.077505 0.849240 0.212737 0.402578 1.007393 0.569339 0.301768 0.825328
57.600000 0.077653 0.850179 0.212986 0.403358 1.009038 0.569425 0.302236 0.827196
57.800000 0.077509 0.850615 0.213030 0.403963 1.010705 0.569531 0.302706 0.828634
58.000000 0.077676 0.851124 0.213240 0.404863 1.012657 0.569625 0.303099 0.830197
58.200000 0.077555 0.851286 0.213326 0.405471 1.013849 0.569894 0.303261 0.831430
58.400000 0.077813 0.851417 0.213456 0.406051 1.015309 0.570051 0.303610 0.832344
58.600000 0.077656 0.851672 0.213327 0.406715 1.016492 0.569913 0.303947 0.833676
58.800000 0.077513 0.851688 0.213519 0.407359 1.017864 0.569854 0.304199 0.834605
59.000000 0.077814 0.851919 0.213713 0.408018 1.019257 0.570006 0.304457 0.835785
59.200000 0.077806 0.852128 0.213549 0.408355 1.020249 0.569987 0.304668 0.836580
59.400000 0.077666 0.852215 0.213698 0.409120 1.021509 0.570080 0.304803 0.837560
59.600000 0.077670 0.852737 0.213745 0.409814 1.022758 0.570254 0.305201 0.838502
59.800000 0.077666 0.852382 0.213891 0.410274 1.023728 0.570130 0.305391 0.839408
60.000000 0.077651 0.852733 0.213850 0.410782 1.024816 0.570157 0.305774 0.840471
60.200000 0.077577 0.852651 0.213870 0.411232 1.025833 0.570121 0.306038 0.841234
60.400000 0.077643 0.853009 0.213801 0.411909 1.026867 0.570312 0.306160 0.842258
60.600000 0.077795 0.853150 0.214063 0.412453 1.028071 0.570354 0.306536 0.843075
60.800000 0.077635 0.853400 0.213943 0.412956 1.028966 0.570374 0.306715 0.844007
61.000000 0.077621 0.853296 0.214149 0.413391 1.029936 0.570463 0.307076 0.844619
61.200000 0.077627 0.853700 0.214096 0.414186 1.030899 0.570454 0.307316 0.845566
61.400000 0.077680 0.853308 0.214205 0.414665 1.032008 0.570619 0.307615 0.846369
61.600000 0.077622 0.853714 0.214297 0.415208 1.032850 0.570600 0.307795 0.847060
61.800000 0.077611 0.853582 0.214312 0.415664 1.033728 0.570383 0.307925 0.847644
62.000000 0.077670 0.853868 0.214376 0.416234 1.034268 0.570696 0.308325 0.848601
62.200000 0.077611 0.853910 0.214433 0.416808 1.035314 0.570761 0.308665 0.849372
62.400000 0.077608 0.853886 0.214470 0.417361 1.036534 0.570767 0.308768 0.850384
62.600000 0.077601 0.853976 0.214472 0.417951 1.037269 0.570726 0.309160 0.851029
62.800000 0.077460 0.854144 0.214535 0.418295 1.038207 0.570822 0.309411 0.851472
63.000000 0.077606 0.853891 0.214654 0.418862 1.038813 0.570825 0.309504 0.851976
63.200000 0.077653 0.854144 0.214618 0.419345 1.039447 0.570855 0.309797 0.852772
63.400000 0.077538 0.854143 0.214481 0.419552 1.039954 0.570691 0.309807 0.853137
63.600000 0.077624 0.854339 0.214713 0.420278 1.041044 0.570866 0.310305 0.853905
63.800000 0.077592 0.853956 0.214812 0.420806 1.041576 0.570881 0.310385 0.854394
64.000000 0.077620 0.854143 0.214767 0.421243 1.042355 0.571060 0.310608 0.855090
64.200000 0.077603 0.854113 0.214751 0.421715 1.043010 0.571153 0.311064 0.855513
64.400000 0.077614 0.854243 0.214828 0.422257 1.043760 0.571196 0.311267 0.856103
64.600000 0.077572 0.854085 0.214953 0.422526 1.044060 0.571234 0.311283 0.856533
64.800000 0.077572 0.854309 0.214848 0.423092 1.044899 0.571187 0.311675 0.856948
65.000000 0.077576 0.854278 0.215123 0.423496 1.045493 0.571173 0.312042 0.857668
65.200000 0.077565 0.854102 0.215071 0.423915 1.045913 0.571351 0.312110 0.857970
65.400000 0.077549 0.854209 0.215094 0.424396 1.046474 0.571233 0.312346 0.858604
65.600000 0.077567 0.854336 0.215111 0.424663 1.046918 0.571410 0.312520 0.858944
65.800000 0.077520 0.854331 0.215265 0.425202 1.047643 0.571342 0.312750 0.820431
66.000000 0.077581 0.854445 0.215434 0.425615 1.048064 0.571536 0.313052 0.859869
66.200000 0.077598 0.854458 0.215335 0.426139 1.048647 0.571595 0.313240 0.860175
66.400000 0.077653 0.854243 0.215326 0.426499 1.049071 0.571544 0.313503 0.860733
66.600000 0.077655 0.854239 0.215069 0.427012 1.049644 0.571640 0.313643 0.860616
66.800000 0.077518 0.854096 0.215446 0.427344 1.050009 0.571710 0.313769 0.861211
67.000000 0.077538 0.854152 0.215311 0.427712 1.050392 0.571595 0.313969 0.861769
67.200000 0.077515 0.854097 0.215404 0.428043 1.050975 0.571072 0.314120 0.862069
67.400000 0.077375 0.854290 0.215468 0.428567 1.051251 0.571767 0.314353 0.862352
67.600000 0.077365 0.853965 0.215395 0.428904 1.051622 0.571725 0.314502 0.862661
67.800000 0.077653 0.854132 0.215519 0.429304 1.052081 0.571842 0.314872 0.862581
68.000000 0.077567 0.854062 0.215679 0.429704 1.052417 0.571801 0.315089 0.863219
68.200000 0.077527 0.853694 0.215516 0.430009 1.052714 0.571851 0.315244 0.863446
68.400000 0.077390 0.853966 0.215631 0.430512 1.053196 0.571961 0.315400 0.863811
68.600000 0.077665 0.853843 0.215512 0.430972 1.053350 0.571830 0.315546 0.864383
68.800000 0.077394 0.853778 0.215687 0.431316 1.053947 0.571801 0.315782 0.864495
69.000000 0.077366 0.853869 0.215622 0.431694 1.054217 0.572007 0.315932 0.864802
69.200000 0.077514 0.854002 0.215683 0.432008 1.054596 0.572122 0.316204 0.865116
69.400000 0.077373 0.853837 0.215777 0.432510 1.055089 0.572169 0.316337 0.865390
69.600000 0.077444 0.853563 0.215781 0.432621 1.055185 0.572115 0.316499 0.865637
69.800000 0.077450 0.853669 0.215893 0.433123 1.055424 0.572097 0.316658 0.865728
70.000000 0.077467 0.853689 0.215837 0.433513 1.055725 0.572094 0.316885 0.866000
70.200000 0.077553 0.853638 0.215966 0.434043 1.056032 0.572252 0.317172 0.866389
70.400000 0.077540 0.853637 0.216047 0.434390 1.056311 0.572304 0.317298 0.866678
70.600000 0.077582 0.853549 0.215923 0.434572 1.056648 0.572431 0.317390 0.866817
70.800000 0.077532 0.853443 0.216120 0.435025 1.056699 0.572200 0.317552 0.866965
71.000000 0.077601 0.853434 0.216202 0.435321 1.057412 0.572398 0.317732 0.867196
71.200000 0.077643 0.853157 0.215942 0.435661 1.057596 0.572636 0.318058 0.867408
71.400000 0.077660 0.853316 0.216017 0.436070 1.057658 0.572409 0.318119 0.867547
71.600000 0.077458 0.853241 0.216040 0.436233 1.057776 0.572470 0.318276 0.867509
71.800000 0.077443 0.853139 0.216138 0.436661 1.058236 0.572656 0.318591 0.868120
72.000000 0.077459 0.853388 0.216336 0.437011 1.058346 0.572606 0.318716 0.868219
72.200000 0.077446 0.853202 0.216336 0.437309 1.058639 0.572568 0.318824 0.868152
72.400000 0.077486 0.852979 0.216174 0.437614 1.058685 0.572450 0.318913 0.868231
72.600000 0.077481 0.853052 0.216138 0.437782 1.058982 0.572442 0.319183 0.868405
72.800000 0.077482 0.853070 0.216252 0.438296 1.059338 0.572788 0.319365 0.868830
73.000000 0.077442 0.853184 0.216233 0.438579 1.059450 0.572702 0.319235 0.868990
73.200000 0.077495 0.853043 0.216279 0.438854 1.059637 0.572667 0.319486 0.869145
73.400000 0.077581 0.853068 0.216277 0.439182 1.059756 0.572793 0.319967 0.869237
73.600000 0.077490 0.853230 0.216361 0.439683 1.060166 0.572890 0.320126 0.869198
73.800000 0.077462 0.852933 0.216382 0.439815 1.060124 0.572869 0.319986 0.869462
74.000000 0.077472 0.853112 0.216427 0.440357 1.060370 0.572962 0.320426 0.869603
74.200000 0.077426 0.852890 0.216396 0.440385 1.060774 0.572947 0.320476 0.869901
74.400000 0.077533 0.852915 0.216637 0.440726 1.060522 0.573091 0.320693 0.870030
74.600000 0.077467 0.852783 0.216383 0.441226 1.061002 0.572980 0.320802 0.869945
74.800000 0.077364 0.852727 0.216598 0.441541 1.061058 0.573019 0.320801 0.870224
75.000000 0.077473 0.852663 0.216575 0.441610 1.060978 0.572977 0.321178 0.870347
75.200000 0.077374 0.852563 0.216646 0.442038 1.061329 0.573113 0.321330 0.870418
75.400000 0.077451 0.852513 0.216609 0.442215 1.061482 0.573264 0.321419 0.870510
75.600000 0.077574 0.852613 0.216644 0.442576 1.061441 0.573217 0.321409 0.870650
75.800000 0.077484 0.852512 0.216634 0.442818 1.061665 0.573223 0.321741 0.870773
76.000000 0.077446 0.852277 0.216669 0.443185 1.061779 0.573022 0.321696 0.870954
76.200000 0.077441 0.852335 0.216687 0.443528 1.062084 0.573209 0.321971 0.870959
76.400000 0.077358 0.852508 0.216735 0.443602 1.062060 0.573277 0.322006 0.871255
76.600000 0.077437 0.852209 0.216752 0.443916 1.062054 0.573368 0.322113 0.871077
76.800000 0.077475 0.852211 0.216802 0.444320 1.062256 0.573323 0.322378 0.871196
77.000000 0.077412 0.851958 0.216705 0.444486 1.062104 0.573304 0.322471 0.871141
77.200000 0.077373 0.852073 0.216738 0.444862 1.062614 0.573322 0.322652 0.871403
77.400000 0.077449 0.852424 0.216692 0.445229 1.062331 0.573436 0.322726 0.871695
77.600000 0.077428 0.852346 0.216972 0.445476 1.062583 0.573568 0.323121 0.871467
77.800000 0.077426 0.852192 0.216789 0.445623 1.062573 0.573443 0.323073 0.871430
78.000000 0.077406 0.852000 0.216894 0.445870 1.062504 0.573707 0.323184 0.871603
78.200000 0.077457 0.852031 0.216838 0.445965 1.062707 0.573624 0.323344 0.871795
78.400000 0.077456 0.851824 0.216911 0.446450 1.062739 0.573434 0.323404 0.871683
78.600000 0.077420 0.851661 0.216929 0.446630 1.062845 0.573646 0.323539 0.871650
78.800000 0.077422 0.851681 0.216945 0.446811 1.062712 0.573707 0.323787 0.871827
79.000000 0.077487 0.851679 0.216849 0.447069 1.062808 0.573580 0.323863 0.871818
79.200000 0.077419 0.851205 0.217091 0.447516 1.063054 0.573939 0.323960 0.871788
79.400000 0.077429 0.851872 0.216987 0.447608 1.063004 0.573650 0.324063 0.871914
79.600000 0.077437 0.851575 0.216958 0.447947 1.062933 0.573859 0.324157 0.872027
79.800000 0.077423 0.851480 0.217077 0.448018 1.063188 0.573904 0.324405 0.872132
80.000000 0.077415 0.851340 0.216986 0.448358 1.062948 0.573752 0.324143 0.871984
80.200000 0.077428 0.851321 0.217193 0.448526 1.063136 0.573935 0.324560 0.872170
80.400000 0.077213 0.851528 0.217248 0.448908 1.063478 0.574110 0.324827 0.872097
80.600000 0.077373 0.851278 0.217223 0.449190 1.063137 0.574013 0.324743 0.872237
80.800000 0.077394 0.851049 0.217190 0.449306 1.063365 0.573831 0.324939 0.872259
81.000000 0.077400 0.851018 0.217235 0.449494 1.063126 0.574172 0.325119 0.872232
81.200000 0.077325 0.851282 0.217189 0.449649 1.063306 0.574046 0.325306 0.872259
81.400000 0.077360 0.850977 0.217158 0.449914 1.063396 0.574040 0.325363 0.872239
81.600000 0.077398 0.850741 0.217286 0.450177 1.063251 0.574145 0.325439 0.872247
81.800000 0.077407 0.851035 0.217321 0.450289 1.063382 0.574040 0.325636 0.872380
82.000000 0.077392 0.850891 0.217311 0.450680 1.063490 0.574305 0.325629 0.872303
82.200000 0.077394 0.850986 0.217178 0.450819 1.063088 0.574194 0.325648 0.872393
82.400000 0.077382 0.850728 0.217361 0.450926 1.063419 0.574223 0.325900 0.872425
82.600000 0.077390 0.850697 0.217344 0.451353 1.063421 0.574371 0.326009 0.872476
82.800000 0.077210 0.850589 0.217136 0.451463 1.063135 0.574266 0.326057 0.872251
83.000000 0.077237 0.850510 0.217394 0.451608 1.063348 0.574272 0.326090 0.872481
83.200000 0.077370 0.850523 0.217310 0.451677 1.063534 0.574343 0.326091 0.872293
83.400000 0.077209 0.850635 0.217096 0.451731 1.063433 0.574441 0.325964 0.872285
83.600000 0.077364 0.850259 0.217426 0.452271 1.063289 0.574377 0.326468 0.872423
83.800000 0.077372 0.850329 0.217291 0.452519 1.063435 0.574368 0.326471 0.872302
84.000000 0.077352 0.850456 0.217516 0.452602 1.063383 0.574384 0.326597 0.872602
84.200000 0.077344 0.850195 0.217550 0.452890 1.063594 0.574457 0.326732 0.872575
84.400000 0.077343 0.850286 0.217529 0.452995 1.063370 0.574547 0.326707 0.872418
84.600000 0.077289 0.850341 0.217557 0.453205 1.063283 0.574570 0.326912 0.872369
84.800000 0.077338 0.850119 0.217515 0.453070 1.063255 0.574582 0.327023 0.872380
85.000000 0.077314 0.850183 0.217347 0.453577 1.063299 0.574688 0.327107 0.872346
85.200000 0.077328 0.849984 0.217560 0.453746 1.063308 0.574493 0.327009 0.872399
85.400000 0.077339 0.849987 0.217502 0.454083 1.063351 0.574777 0.327281 0.872440
85.600000 0.077316 0.849878 0.217394 0.454124 1.063284 0.574682 0.327209 0.872356
85.800000 0.077332 0.850023 0.217601 0.454290 1.063309 0.574798 0.327319 0.872394
86.000000 0.077313 0.849634 0.217389 0.454270 1.063054 0.574542 0.327559 0.872232
86.200000 0.077311 0.849751 0.217511 0.454500 1.063123 0.574667 0.327668 0.872309
86.400000 0.077279 0.849657 0.217611 0.454741 1.063290 0.574907 0.327765 0.872459
86.600000 0.077329 0.849598 0.217617 0.454723 1.063032 0.574946 0.327851 0.872308
86.800000 0.077324 0.849677 0.217537 0.455233 1.063326 0.575025 0.327886 0.872387
87.000000 0.077285 0.849542 0.217670 0.455248 1.063030 0.574906 0.328007 0.872329
87.200000 0.077313 0.849507 0.217879 0.455607 1.063097 0.574989 0.328153 0.872275
87.400000 0.077266 0.849576 0.217649 0.455751 1.063002 0.574873 0.328167 0.872442
87.600000 0.077289 0.849207 0.217740 0.455783 1.063076 0.575014 0.328324 0.872312
87.800000 0.077332 0.849151 0.217598 0.456073 1.062782 0.574989 0.328220 0.872121
88.000000 0.077326 0.849286 0.217887 0.456298 1.063017 0.575189 0.328504 0.872377
88.200000 0.077354 0.849241 0.217761 0.456258 1.062766 0.574959 0.328274 0.872265
88.400000 0.077211 0.849146 0.217751 0.456392 1.063055 0.574951 0.328409 0.872279
88.600000 0.077221 0.849134 0.217826 0.456562 1.063071 0.575132 0.328647 0.872369
88.800000 0.077214 0.849035 0.217820 0.456969 1.062989 0.575227 0.328730 0.872333
89.000000 0.077327 0.848894 0.217820 0.457042 1.062895 0.575249 0.328852 0.872101
89.200000 0.077301 0.849094 0.217744 0.457171 1.062856 0.575199 0.328894 0.872337
89.400000 0.077346 0.849055 0.217764 0.457418 1.062900 0.575312 0.329009 0.872204
89.600000 0.077280 0.848701 0.217769 0.457318 1.062555 0.575191 0.328879 0.872260
89.800000 0.077270 0.848770 0.218019 0.457663 1.062698 0.575316 0.329013 0.872136
90.000000 0.077483 0.848969 0.217794 0.457979 1.062926 0.575271 0.329269 0.872101
