0.200000 0.052660 0.416573 0.195870 0.272260 0.488200 0.539394 0.270985 0.413712
0.400000 0.052612 0.415436 0.195738 0.271403 0.485613 0.538921 0.270476 0.411691
0.600000 0.052493 0.414974 0.195572 0.270990 0.484380 0.539071 0.270200 0.410824
0.800000 0.052558 0.414556 0.195586 0.270345 0.483165 0.538923 0.269888 0.409787
1.000000 0.052571 0.414124 0.195502 0.270317 0.481762 0.538791 0.269645 0.408934
1.200000 0.052569 0.413636 0.195534 0.269899 0.480506 0.538983 0.269405 0.407839
1.400000 0.052366 0.413092 0.195506 0.269592 0.479134 0.538795 0.269187 0.406889
1.600000 0.052541 0.412616 0.195330 0.269159 0.477800 0.538698 0.268720 0.405732
1.800000 0.052369 0.412365 0.195426 0.268716 0.476781 0.538934 0.268617 0.404939
2.000000 0.052530 0.411937 0.195347 0.268542 0.475567 0.538708 0.268611 0.403954
2.200000 0.052636 0.411497 0.195376 0.268166 0.474206 0.538766 0.268214 0.403003
2.400000 0.052341 0.410941 0.156302 0.267661 0.472992 0.538551 0.267907 0.402124
2.600000 0.052494 0.410532 0.156352 0.267459 0.471705 0.538448 0.267670 0.401146
2.800000 0.052483 0.410130 0.195055 0.267094 0.470418 0.538234 0.267351 0.400209
3.000000 0.052316 0.409628 0.195133 0.266762 0.469332 0.538411 0.267203 0.399189
3.200000 0.052408 0.408949 0.195156 0.266321 0.467839 0.538286 0.266758 0.398398
3.400000 0.052436 0.408682 0.195141 0.266241 0.466855 0.538219 0.266591 0.397453
3.600000 0.052463 0.408417 0.195111 0.265768 0.465596 0.538186 0.266422 0.396305
3.800000 0.052421 0.407928 0.194986 0.265470 0.464454 0.538153 0.266168 0.395517
4.000000 0.052432 0.407687 0.194855 0.265170 0.463333 0.538037 0.265876 0.394597
4.200000 0.052413 0.407212 0.194957 0.264829 0.462191 0.538134 0.265753 0.393871
4.400000 0.052375 0.406768 0.194721 0.264503 0.460920 0.537881 0.265633 0.393014
4.600000 0.052391 0.406207 0.194964 0.264261 0.459798 0.538001 0.265349 0.392083
4.800000 0.052372 0.405905 0.194841 0.263773 0.458618 0.537784 0.265141 0.391167
5.000000 0.052363 0.405500 0.194943 0.263478 0.457607 0.537872 0.264777 0.390323
5.200000 0.052330 0.405194 0.194780 0.263196 0.456294 0.537607 0.264439 0.389539
5.400000 0.052199 0.404739 0.194743 0.263055 0.455301 0.537459 0.264297 0.388653
5.600000 0.052328 0.404321 0.194651 0.262563 0.454230 0.537511 0.263870 0.387429
5.800000 0.052343 0.403782 0.194649 0.262250 0.453051 0.537469 0.263791 0.386974
6.000000 0.052325 0.403557 0.194595 0.261849 0.451865 0.537440 0.263605 0.386173
6.200000 0.052301 0.403054 0.194687 0.261657 0.450853 0.537193 0.263324 0.385339
6.400000 0.052225 0.402775 0.194581 0.261309 0.449541 0.537387 0.263209 0.384267
6.600000 0.052298 0.402154 0.194685 0.260840 0.447981 0.537111 0.262687 0.383152
6.800000 0.052273 0.401915 0.194283 0.260476 0.446979 0.536963 0.262502 0.382339
7.000000 0.052289 0.401410 0.194403 0.260132 0.445948 0.537154 0.262172 0.381478
7.200000 0.052253 0.400865 0.194508 0.259991 0.444858 0.536819 0.262020 0.380804
7.400000 0.052248 0.400702 0.194380 0.259752 0.443934 0.537058 0.261830 0.379991
7.600000 0.052212 0.400272 0.194374 0.259530 0.442887 0.536782 0.261393 0.379239
7.800000 0.052189 0.399959 0.194283 0.259105 0.441884 0.536934 0.261317 0.378509
8.000000 0.052331 0.399687 0.194265 0.258809 0.440855 0.536769 0.261108 0.377730
8.200000 0.052192 0.399301 0.194207 0.258566 0.439863 0.536690 0.260860 0.377032
8.400000 0.052211 0.398940 0.194181 0.258303 0.438756 0.536595 0.260738 0.376148
8.600000 0.052197 0.398446 0.194004 0.257925 0.437775 0.536354 0.260412 0.375617
8.800000 0.052317 0.398127 0.194206 0.257742 0.436999 0.536536 0.260234 0.374609
9.000000 0.051977 0.397911 0.194219 0.257457 0.435882 0.536649 0.260158 0.374098
9.200000 0.052124 0.397643 0.193968 0.257208 0.435013 0.536497 0.259757 0.373205
9.400000 0.052170 0.397303 0.194029 0.256981 0.433988 0.536293 0.259422 0.372697
9.600000 0.052180 0.396963 0.194004 0.256698 0.433147 0.536229 0.259156 0.371899
9.800000 0.052111 0.396403 0.193835 0.256324 0.432177 0.536141 0.259209 0.371200
10.000000 0.052163 0.396178 0.193817 0.256157 0.431223 0.535946 0.258855 0.370598
10.200000 0.052118 0.396076 0.193882 0.255936 0.430429 0.535963 0.258707 0.369738
10.400000 0.052125 0.395573 0.193884 0.255587 0.429466 0.536010 0.258445 0.369187
10.600000 0.052036 0.395224 0.193800 0.255526 0.428580 0.535958 0.258230 0.368391
10.800000 0.052134 0.395022 0.193827 0.255194 0.427656 0.535921 0.258030 0.367508
11.000000 0.052100 0.394641 0.193757 0.254908 0.426586 0.535879 0.257818 0.367038
11.200000 0.051928 0.394391 0.193681 0.254605 0.425872 0.535840 0.257479 0.366488
11.400000 0.052079 0.393994 0.193638 0.254270 0.424938 0.535703 0.257277 0.365715
11.600000 0.052078 0.393820 0.193647 0.254114 0.423980 0.535683 0.257159 0.364960
11.800000 0.052058 0.393485 0.193561 0.253968 0.423233 0.535722 0.256956 0.364229
12.000000 0.052078 0.393133 0.193687 0.253640 0.422344 0.535371 0.256760 0.363899
12.200000 0.052052 0.392560 0.193611 0.253415 0.421591 0.534995 0.256377 0.363062
12.400000 0.052079 0.392660 0.193612 0.253294 0.420405 0.535300 0.256485 0.362527
12.600000 0.052060 0.392184 0.193508 0.252896 0.419729 0.535305 0.255894 0.361745
12.800000 0.052145 0.392073 0.193331 0.252564 0.418891 0.535307 0.255903 0.361211
13.000000 0.051991 0.391595 0.193389 0.252276 0.418057 0.535259 0.255688 0.360290
13.200000 0.052127 0.391665 0.193541 0.252212 0.417401 0.535247 0.255482 0.360011
13.400000 0.052072 0.391145 0.193452 0.252047 0.416647 0.534920 0.255178 0.359386
13.600000 0.052064 0.390942 0.193356 0.251803 0.415829 0.535005 0.254979 0.358806
13.800000 0.052046 0.390705 0.193252 0.251502 0.414801 0.535075 0.254911 0.358396
14.000000 0.052021 0.390405 0.193379 0.251451 0.414358 0.534916 0.254715 0.357762
14.200000 0.052063 0.390096 0.193439 0.250892 0.413618 0.534773 0.254583 0.357084
14.400000 0.051893 0.389949 0.193251 0.250938 0.412774 0.534694 0.254421 0.356607
14.600000 0.052000 0.389703 0.193272 0.250778 0.412185 0.534715 0.254234 0.356072
14.800000 0.052029 0.389381 0.193300 0.250598 0.411412 0.534542 0.253910 0.355426
15.000000 0.051986 0.389251 0.193291 0.250253 0.410687 0.534582 0.253819 0.354950
15.200000 0.051894 0.388876 0.193315 0.250024 0.410001 0.534484 0.253727 0.354331
15.400000 0.052016 0.388781 0.193178 0.249840 0.409362 0.534558 0.253586 0.353776
15.600000 0.052024 0.388295 0.193121 0.249721 0.408551 0.534385 0.253148 0.353382
15.800000 0.051955 0.388070 0.192874 0.249606 0.407741 0.534312 0.253039 0.352931
16.000000 0.051812 0.387868 0.193071 0.249310 0.407050 0.534265 0.252922 0.352211
16.200000 0.051972 0.387616 0.193061 0.249048 0.406464 0.534104 0.252557 0.351792
16.400000 0.051941 0.387380 0.192777 0.248977 0.405583 0.534144 0.252519 0.351182
16.600000 0.051955 0.387123 0.193021 0.248678 0.405118 0.534087 0.252273 0.350512
16.800000 0.051771 0.386877 0.192958 0.248660 0.404311 0.534166 0.252172 0.350307
17.000000 0.051960 0.386764 0.193009 0.248402 0.403640 0.533984 0.251953 0.349711
17.200000 0.051931 0.386249 0.192974 0.248017 0.403061 0.533904 0.251673 0.349125
17.400000 0.051944 0.386283 0.192902 0.247881 0.402428 0.533881 0.251607 0.348789
17.600000 0.051901 0.385979 0.192604 0.247400 0.401481 0.533881 0.251356 0.348144
17.800000 0.051908 0.385886 0.192788 0.247492 0.401142 0.533657 0.251166 0.347613
18.000000 0.051889 0.385387 0.192851 0.247307 0.400231 0.533655 0.251082 0.347010
18.200000 0.052000 0.385155 0.192978 0.246742 0.399649 0.533669 0.250931 0.346719
18.400000 0.051885 0.384992 0.192840 0.247030 0.399164 0.533463 0.250616 0.346230
18.600000 0.051801 0.384954 0.192719 0.246874 0.398366 0.533562 0.250652 0.345728
18.800000 0.051835 0.384538 0.192627 0.246540 0.397822 0.533328 0.250316 0.345259
19.000000 0.051730 0.384297 0.192570 0.246362 0.396914 0.533363 0.250375 0.344595
19.200000 0.051735 0.384110 0.192595 0.246198 0.396391 0.533391 0.249992 0.344146
19.400000 0.051851 0.383637 0.192607 0.245839 0.395668 0.533288 0.249907 0.343760
19.600000 0.051852 0.383727 0.192671 0.245822 0.395170 0.533167 0.249674 0.343280
19.800000 0.051857 0.383362 0.192664 0.245515 0.394344 0.533038 0.249570 0.342548
20.000000 0.051768 0.383251 0.192434 0.245387 0.393865 0.533081 0.249329 0.342334
20.200000 0.051839 0.383105 0.192668 0.245456 0.393143 0.533130 0.249167 0.341899
20.400000 0.051816 0.382774 0.192588 0.244969 0.392707 0.532922 0.249005 0.341398
20.600000 0.051681 0.382602 0.192695 0.244987 0.392000 0.532934 0.248872 0.340970
20.800000 0.051815 0.382514 0.192636 0.244900 0.391557 0.532830 0.248576 0.340498
21.000000 0.051770 0.382211 0.192589 0.244470 0.390931 0.532819 0.248585 0.340089
21.200000 0.051817 0.381790 0.192430 0.244302 0.390323 0.532797 0.248332 0.339463
21.400000 0.051778 0.381698 0.192513 0.244262 0.389599 0.532613 0.248231 0.339024
21.600000 0.051789 0.381610 0.192134 0.244119 0.389242 0.532643 0.248067 0.338874
21.800000 0.051796 0.381414 0.192382 0.243914 0.388635 0.532631 0.247921 0.338137
22.000000 0.051746 0.381155 0.192369 0.243741 0.387951 0.532393 0.247526 0.337819
22.200000 0.051748 0.380744 0.192379 0.243672 0.387382 0.532306 0.247580 0.337358
22.400000 0.051754 0.380597 0.192405 0.243229 0.386848 0.532316 0.247383 0.336797
22.600000 0.051703 0.380504 0.192336 0.243127 0.386262 0.532261 0.247194 0.336531
22.800000 0.051765 0.380366 0.192394 0.243151 0.385745 0.532101 0.247107 0.336038
23.000000 0.051746 0.379994 0.192126 0.242779 0.385097 0.532187 0.247039 0.335721
23.200000 0.051760 0.379838 0.192234 0.242721 0.384538 0.532160 0.246822 0.335262
23.400000 0.051877 0.379649 0.192195 0.242471 0.384066 0.532153 0.246586 0.334832
23.600000 0.051775 0.379554 0.192189 0.242562 0.383587 0.531844 0.246473 0.334385
23.800000 0.051745 0.379381 0.192237 0.242237 0.383012 0.531781 0.246147 0.334034
24.000000 0.051768 0.379050 0.192196 0.242033 0.382413 0.532054 0.246064 0.333849
24.200000 0.051576 0.378978 0.192155 0.241879 0.381839 0.531649 0.245985 0.333195
24.400000 0.051725 0.378639 0.192129 0.241842 0.381402 0.531853 0.245864 0.332685
24.600000 0.051702 0.378558 0.192133 0.241613 0.380843 0.531676 0.245721 0.332236
24.800000 0.051691 0.378367 0.191957 0.241540 0.380375 0.531632 0.245543 0.331913
25.000000 0.051689 0.378283 0.191853 0.241288 0.379798 0.531458 0.245239 0.331689
25.200000 0.051714 0.377957 0.192079 0.241089 0.379166 0.531493 0.245171 0.331166
25.400000 0.051694 0.377885 0.192059 0.240952 0.378699 0.531591 0.245082 0.330658
25.600000 0.051714 0.377623 0.191986 0.240855 0.378133 0.531440 0.245054 0.330440
25.800000 0.051675 0.377435 0.191974 0.240700 0.377801 0.531347 0.244790 0.329908
26.000000 0.051692 0.377254 0.192081 0.240558 0.377167 0.531200 0.244660 0.329658
26.200000 0.051680 0.377137 0.191889 0.240310 0.376661 0.531183 0.244489 0.329263
26.400000 0.051691 0.376868 0.191835 0.240310 0.376117 0.531035 0.244385 0.328721
26.600000 0.051578 0.376461 0.191845 0.239968 0.375528 0.530962 0.244014 0.328246
26.800000 0.051635 0.376576 0.191857 0.239903 0.375127 0.531036 0.244138 0.328341
27.000000 0.051653 0.376392 0.191880 0.239841 0.374727 0.531060 0.243841 0.327624
27.200000 0.051633 0.376280 0.191736 0.239705 0.374019 0.530967 0.243773 0.327420
27.400000 0.051727 0.375831 0.191948 0.239450 0.373614 0.530844 0.243632 0.327144
27.600000 0.051615 0.375788 0.191673 0.239186 0.373229 0.530827 0.243425 0.326635
27.800000 0.051498 0.375270 0.191597 0.239027 0.372512 0.530660 0.243188 0.326055
28.000000 0.051302 0.375161 0.191617 0.238724 0.371876 0.530451 0.242779 0.325763
28.200000 0.051442 0.375189 0.191621 0.238513 0.371344 0.530530 0.242785 0.325227
28.400000 0.051720 0.375046 0.191745 0.238710 0.371067 0.530625 0.242825 0.325048
28.600000 0.051577 0.374894 0.191716 0.238512 0.370408 0.530415 0.242757 0.324563
28.800000 0.051578 0.374642 0.191754 0.238569 0.369898 0.530432 0.242413 0.324386
29.000000 0.051598 0.374590 0.191718 0.238273 0.369445 0.530360 0.242339 0.324069
29.200000 0.051470 0.374319 0.191661 0.237972 0.369178 0.530532 0.242420 0.323682
29.400000 0.051718 0.374176 0.191762 0.237960 0.368752 0.530162 0.242251 0.323395
29.600000 0.051449 0.374033 0.191605 0.237766 0.368247 0.530217 0.242052 0.322992
29.800000 0.051513 0.373732 0.191398 0.237683 0.367231 0.529972 0.241855 0.322422
30.000000 0.051580 0.373611 0.191643 0.237595 0.367322 0.529950 0.241973 0.322366
30.200000 0.051664 0.373679 0.191471 0.237454 0.366954 0.530148 0.241622 0.321848
30.400000 0.051477 0.373268 0.191546 0.237335 0.366486 0.529817 0.241604 0.321506
30.600000 0.051602 0.373194 0.191644 0.237263 0.365928 0.529931 0.241478 0.321312
30.800000 0.051746 0.373089 0.191535 0.237108 0.365487 0.529817 0.241245 0.320950
31.000000 0.052516 0.372825 0.191648 0.237079 0.365003 0.529930 0.241302 0.320665
31.200000 0.053399 0.372358 0.191528 0.236872 0.364626 0.529696 0.241143 0.320200
31.400000 0.054494 0.372499 0.191556 0.236765 0.364571 0.529739 0.241050 0.320079
31.600000 0.055892 0.372345 0.191643 0.236900 0.364657 0.529808 0.240942 0.320241
31.800000 0.057384 0.372378 0.191751 0.236608 0.364943 0.529572 0.241022 0.320324
32.000000 0.059007 0.372488 0.191610 0.237016 0.365323 0.529627 0.241039 0.320979
32.200000 0.060630 0.372669 0.191728 0.237024 0.366458 0.529690 0.241171 0.321711
32.400000 0.062214 0.372921 0.191788 0.237463 0.367896 0.529521 0.240943 0.322728
32.600000 0.063766 0.373572 0.191935 0.237943 0.370153 0.529746 0.241217 0.324376
32.800000 0.065019 0.374284 0.191952 0.238624 0.372412 0.529485 0.241376 0.326179
33.000000 0.066441 0.375500 0.191931 0.239344 0.375504 0.529574 0.241457 0.327962
33.200000 0.067663 0.377129 0.192257 0.240347 0.378920 0.529506 0.241686 0.330889
33.400000 0.068582 0.379070 0.192519 0.241677 0.382962 0.529536 0.242000 0.333931
33.600000 0.069583 0.381469 0.192716 0.242633 0.387428 0.529724 0.242278 0.336937
33.800000 0.070568 0.384370 0.192779 0.244244 0.392327 0.529499 0.242500 0.340657
34.000000 0.071316 0.388017 0.193095 0.245717 0.397587 0.529488 0.242693 0.344399
34.200000 0.072010 0.392029 0.193588 0.247393 0.403040 0.529703 0.242972 0.348632
34.400000 0.072559 0.396828 0.194069 0.249242 0.408903 0.529772 0.243309 0.353025
34.600000 0.073116 0.401911 0.194124 0.251111 0.414997 0.529771 0.243621 0.357610
34.800000 0.073608 0.407639 0.194771 0.252861 0.421431 0.529831 0.243864 0.362402
35.000000 0.074068 0.413759 0.195100 0.254751 0.428108 0.529910 0.244325 0.367603
35.200000 0.074391 0.420425 0.195419 0.256793 0.435138 0.529789 0.244396 0.372884
35.400000 0.074680 0.427049 0.195640 0.258619 0.441604 0.529803 0.244998 0.377873
35.600000 0.074943 0.433910 0.196158 0.260593 0.448132 0.529985 0.245287 0.382892
35.800000 0.075182 0.440828 0.196439 0.262203 0.454951 0.530006 0.245676 0.388553
36.000000 0.075408 0.448337 0.196466 0.264125 0.462068 0.530081 0.246065 0.393964
36.200000 0.075413 0.455856 0.197102 0.265884 0.468971 0.529954 0.246395 0.399352
36.400000 0.075675 0.463412 0.197579 0.267624 0.476105 0.530032 0.246696 0.405092
36.600000 0.075836 0.471416 0.197662 0.269608 0.483357 0.530174 0.247061 0.410883
36.800000 0.075875 0.479289 0.198202 0.271214 0.490425 0.530223 0.247635 0.416543
37.000000 0.076042 0.487417 0.198285 0.272976 0.497544 0.530115 0.247738 0.422288
37.200000 0.076209 0.495780 0.198701 0.274938 0.505508 0.530294 0.248221 0.428677
37.400000 0.076306 0.505914 0.199143 0.276839 0.514295 0.530244 0.248676 0.435755
37.600000 0.076413 0.514420 0.199357 0.278698 0.521861 0.530263 0.249022 0.441867
37.800000 0.076371 0.522572 0.199881 0.280317 0.529321 0.530485 0.249444 0.447697
38.000000 0.076499 0.530515 0.200057 0.281953 0.536745 0.530399 0.249779 0.453722
38.200000 0.076569 0.538657 0.200365 0.283512 0.543882 0.530430 0.250206 0.459894
38.400000 0.076632 0.546705 0.200540 0.285091 0.551241 0.530602 0.250257 0.465695
38.600000 0.076669 0.554454 0.200955 0.286799 0.558410 0.530681 0.250890 0.471515
38.800000 0.076721 0.562336 0.201188 0.288407 0.565672 0.530827 0.251256 0.477498
39.000000 0.076710 0.570185 0.201530 0.289986 0.572851 0.530712 0.251693 0.483335
39.200000 0.076758 0.577830 0.201806 0.291525 0.580207 0.530825 0.251920 0.489106
39.400000 0.076805 0.585496 0.202065 0.292935 0.587094 0.530864 0.252457 0.494785
39.600000 0.076820 0.592595 0.202221 0.294408 0.594211 0.530717 0.252730 0.500928
39.800000 0.076762 0.600213 0.202617 0.295756 0.601350 0.530789 0.253102 0.506210
40.000000 0.076814 0.607657 0.202892 0.297462 0.608665 0.531059 0.253574 0.512170
40.200000 0.076866 0.614642 0.203099 0.298913 0.615577 0.531083 0.253867 0.517834
40.400000 0.076863 0.622062 0.203293 0.300373 0.622988 0.531021 0.254324 0.523600
40.600000 0.076871 0.628977 0.203667 0.301690 0.630005 0.531113 0.254633 0.529235
40.800000 0.076898 0.635847 0.203872 0.303236 0.636966 0.531011 0.255024 0.534695
41.000000 0.077049 0.642635 0.204089 0.304676 0.643791 0.531204 0.255348 0.540165
41.200000 0.076867 0.649172 0.204389 0.306034 0.651135 0.531175 0.255809 0.545683
41.400000 0.076879 0.655578 0.204480 0.307434 0.657975 0.531534 0.256069 0.551246
41.600000 0.076785 0.661724 0.204633 0.308819 0.664741 0.531313 0.256494 0.556622
41.800000 0.076895 0.668160 0.205107 0.310183 0.671834 0.531434 0.257034 0.561750
42.000000 0.076873 0.674181 0.205303 0.311646 0.678641 0.531545 0.257373 0.567039
42.200000 0.076901 0.680030 0.205432 0.312946 0.685402 0.531472 0.257704 0.572278
42.400000 0.076765 0.685437 0.205541 0.314177 0.692018 0.531458 0.258068 0.577450
42.600000 0.076921 0.690947 0.205977 0.315337 0.698568 0.531514 0.258347 0.582479
42.800000 0.076928 0.696049 0.205910 0.316712 0.704963 0.531644 0.258815 0.587614
43.000000 0.076899 0.701316 0.206388 0.317859 0.711446 0.531863 0.259239 0.592439
43.200000 0.076839 0.705989 0.206361 0.319086 0.717871 0.531629 0.259458 0.597219
43.400000 0.076955 0.710934 0.206867 0.320522 0.724186 0.531898 0.259802 0.602168
43.600000 0.076842 0.715670 0.207053 0.321541 0.730374 0.531798 0.260239 0.606762
43.800000 0.076937 0.721007 0.207209 0.323126 0.737938 0.531888 0.260744 0.612552
44.000000 0.076901 0.725302 0.207348 0.324249 0.744147 0.532018 0.261198 0.617213
44.200000 0.076932 0.729518 0.207559 0.325424 0.750098 0.532144 0.261512 0.621718
44.400000 0.076945 0.733526 0.207705 0.326637 0.756044 0.532132 0.261924 0.626127
44.600000 0.076952 0.737408 0.207963 0.327689 0.761578 0.532141 0.262204 0.630586
44.800000 0.076926 0.740904 0.208052 0.328914 0.767530 0.532220 0.262700 0.635150
45.000000 0.076916 0.744552 0.208216 0.330043 0.773179 0.532245 0.262976 0.639358
45.200000 0.076792 0.747966 0.208375 0.330973 0.778753 0.532342 0.263301 0.643487
45.400000 0.076941 0.751270 0.208581 0.332173 0.784071 0.532336 0.263543 0.647820
45.600000 0.077034 0.754294 0.208730 0.333298 0.789402 0.532417 0.264069 0.651893
45.800000 0.076900 0.757333 0.208967 0.334378 0.794789 0.532511 0.264314 0.655916
46.000000 0.076889 0.760253 0.209080 0.335418 0.799925 0.532399 0.264890 0.659942
46.200000 0.076771 0.763180 0.209344 0.336499 0.805176 0.532229 0.264975 0.663849
46.400000 0.076929 0.765807 0.209363 0.337585 0.809966 0.532624 0.265371 0.667722
46.600000 0.076857 0.768125 0.209447 0.338428 0.814697 0.532527 0.265517 0.671334
46.800000 0.076913 0.770806 0.209630 0.339464 0.819604 0.532675 0.266116 0.674917
47.000000 0.076824 0.773016 0.209774 0.340478 0.824304 0.532638 0.266495 0.678607
47.200000 0.076908 0.775390 0.210028 0.341497 0.829138 0.532813 0.266874 0.682432
47.400000 0.076928 0.777366 0.209849 0.342588 0.833438 0.532810 0.267047 0.685750
47.600000 0.076889 0.779669 0.210122 0.343603 0.838369 0.532942 0.267428 0.689265
47.800000 0.077052 0.781577 0.210345 0.344502 0.842509 0.532860 0.267918 0.692791
48.000000 0.076886 0.783799 0.210519 0.345385 0.846906 0.532922 0.268039 0.695813
48.200000 0.076880 0.785505 0.210571 0.346370 0.850977 0.532975 0.268477 0.699327
48.400000 0.076900 0.787219 0.210577 0.347402 0.855361 0.533009 0.268996 0.702722
48.600000 0.076834 0.788915 0.210779 0.348224 0.859236 0.533019 0.269272 0.705818
48.800000 0.076845 0.790836 0.211028 0.349373 0.862920 0.532991 0.269751 0.708992
49.000000 0.076880 0.792276 0.210940 0.350243 0.867062 0.533117 0.269778 0.712022
49.200000 0.076903 0.793794 0.211198 0.351009 0.870996 0.533159 0.270294 0.715121
49.400000 0.076846 0.795141 0.211023 0.352142 0.874778 0.533401 0.270591 0.718011
49.600000 0.076845 0.796577 0.211602 0.352892 0.877993 0.533332 0.271045 0.720947
49.800000 0.076887 0.797931 0.211555 0.353710 0.881674 0.533351 0.271234 0.723284
50.000000 0.077006 0.799455 0.211632 0.354676 0.885603 0.533350 0.271468 0.726914
50.200000 0.076839 0.800825 0.211936 0.355749 0.889766 0.533484 0.272009 0.729923
50.400000 0.076721 0.802196 0.211925 0.356689 0.893078 0.533679 0.272308 0.732765
50.600000 0.076777 0.803125 0.212061 0.357455 0.896391 0.533555 0.272825 0.735278
50.800000 0.076917 0.804140 0.212086 0.358285 0.899488 0.533545 0.273122 0.737813
51.000000 0.077044 0.805448 0.212113 0.359164 0.902611 0.533709 0.273317 0.740353
51.200000 0.076904 0.806443 0.212325 0.360033 0.905627 0.533505 0.273636 0.742917
51.400000 0.076756 0.807443 0.212305 0.360834 0.908786 0.533817 0.273981 0.745359
51.600000 0.076880 0.808560 0.212446 0.361549 0.911699 0.533834 0.274336 0.747477
51.800000 0.076883 0.809389 0.212624 0.362512 0.914721 0.533798 0.274743 0.749895
52.000000 0.076895 0.810244 0.212782 0.363285 0.917208 0.534038 0.274823 0.751960
52.200000 0.076903 0.810920 0.212792 0.364212 0.919965 0.534025 0.275124 0.754170
52.400000 0.076923 0.811808 0.212802 0.364695 0.922838 0.534024 0.275464 0.756541
52.600000 0.076888 0.812807 0.212868 0.365629 0.925165 0.534023 0.275901 0.758497
52.800000 0.076872 0.813464 0.213039 0.366373 0.927667 0.533927 0.276186 0.760582
53.000000 0.076971 0.814120 0.213298 0.367222 0.930368 0.534201 0.276613 0.762568
53.200000 0.076886 0.814905 0.213079 0.367947 0.932800 0.534103 0.276845 0.764479
53.400000 0.076771 0.815423 0.213175 0.368644 0.935093 0.534361 0.277088 0.766437
53.600000 0.076759 0.816246 0.213199 0.369356 0.937498 0.533999 0.277259 0.768286
53.800000 0.076907 0.816822 0.213427 0.369944 0.939760 0.534390 0.277848 0.770159
54.000000 0.076722 0.817267 0.213580 0.370980 0.942068 0.534446 0.278000 0.772059
54.200000 0.076838 0.818183 0.213510 0.371681 0.944041 0.534383 0.278267 0.773791
54.400000 0.076838 0.818561 0.213677 0.372224 0.946248 0.534481 0.278655 0.775308
54.600000 0.076850 0.819057 0.213712 0.373033 0.948449 0.534561 0.278693 0.777183
54.800000 0.076807 0.819782 0.213870 0.373814 0.950347 0.534626 0.279197 0.778691
55.000000 0.076833 0.820174 0.213867 0.374736 0.952282 0.534554 0.279534 0.780380
55.200000 0.076843 0.820721 0.213999 0.374926 0.954238 0.534628 0.279794 0.781905
55.400000 0.076847 0.821291 0.213943 0.375774 0.956063 0.534601 0.280070 0.783428
55.600000 0.076880 0.821511 0.214123 0.376409 0.957738 0.534681 0.280273 0.784786
55.800000 0.076810 0.821933 0.214322 0.376897 0.959590 0.534722 0.280628 0.786180
56.000000 0.076851 0.822403 0.214291 0.377784 0.961459 0.534961 0.280767 0.787837
56.200000 0.076880 0.822996 0.214480 0.378491 0.963374 0.535027 0.281276 0.789402
56.400000 0.076799 0.823419 0.214432 0.379379 0.965445 0.534905 0.281599 0.791049
56.600000 0.076765 0.823702 0.214494 0.379968 0.967028 0.534697 0.281919 0.792388
56.800000 0.076810 0.824261 0.214465 0.380617 0.969002 0.535263 0.282041 0.793914
57.000000 0.076807 0.824519 0.214452 0.381046 0.970441 0.535126 0.282463 0.794838
57.200000 0.076777 0.824665 0.214665 0.381790 0.972164 0.535003 0.282742 0.796408
57.400000 0.076785 0.825056 0.214747 0.382457 0.973547 0.535230 0.282961 0.797436
57.600000 0.076771 0.825365 0.214806 0.383298 0.974916 0.535249 0.283123 0.798590
57.800000 0.076779 0.825784 0.214850 0.383835 0.976496 0.535174 0.283529 0.799978
58.000000 0.076464 0.825877 0.214797 0.384368 0.977821 0.535380 0.283725 0.800810
58.200000 0.076612 0.826242 0.214950 0.384837 0.979187 0.535395 0.284000 0.801888
58.400000 0.076776 0.826459 0.214852 0.385462 0.980678 0.535502 0.284120 0.803002
58.600000 0.076789 0.826833 0.215039 0.386130 0.981968 0.535451 0.284534 0.804080
58.800000 0.076618 0.826980 0.215110 0.386702 0.983254 0.535345 0.284797 0.805093
59.000000 0.076794 0.827129 0.215178 0.387410 0.984331 0.535460 0.284969 0.806081
59.200000 0.076789 0.827393 0.215252 0.387754 0.985704 0.535572 0.285350 0.807131
59.400000 0.076902 0.827553 0.215017 0.388129 0.986830 0.535711 0.285620 0.808032
59.600000 0.076794 0.828083 0.215367 0.389072 0.988019 0.535683 0.285854 0.808948
59.800000 0.076805 0.828053 0.215325 0.389586 0.989131 0.535605 0.286174 0.809864
60.000000 0.076792 0.828096 0.215270 0.390120 0.990234 0.535747 0.286329 0.810759
60.200000 0.076787 0.828452 0.215499 0.390677 0.991501 0.535773 0.286607 0.811885
60.400000 0.076455 0.828871 0.215573 0.391128 0.992572 0.535595 0.286933 0.812478
60.600000 0.076727 0.828741 0.215611 0.391733 0.993379 0.535825 0.287043 0.813153
60.800000 0.076750 0.829070 0.215732 0.392442 0.994672 0.535799 0.287377 0.814139
61.000000 0.076745 0.829130 0.215617 0.392894 0.995613 0.535850 0.287584 0.814840
61.200000 0.076653 0.829347 0.215613 0.393427 0.996519 0.535779 0.287868 0.815463
61.400000 0.076661 0.829628 0.215781 0.393837 0.997683 0.536075 0.287996 0.816637
61.600000 0.076713 0.829713 0.215798 0.394480 0.998474 0.536066 0.288298 0.817122
61.800000 0.076728 0.829992 0.215880 0.394940 0.999549 0.536141 0.288475 0.818012
62.000000 0.076703 0.829918 0.215905 0.395434 1.000501 0.536164 0.288832 0.818493
62.200000 0.076706 0.830048 0.216011 0.395998 1.001245 0.536138 0.288858 0.819315
62.400000 0.076736 0.830310 0.216000 0.396688 1.002305 0.536308 0.289459 0.820288
62.600000 0.076668 0.830324 0.216022 0.397147 1.003100 0.536226 0.289753 0.820836
62.800000 0.076667 0.830293 0.215946 0.397616 1.003940 0.536292 0.289617 0.821353
63.000000 0.076649 0.830536 0.216095 0.398235 1.004585 0.536200 0.289972 0.821946
63.200000 0.076625 0.830329 0.216120 0.398508 1.005690 0.536277 0.290329 0.822829
63.400000 0.076656 0.830954 0.216339 0.399153 1.006402 0.536290 0.290605 0.823274
63.600000 0.076634 0.830668 0.216470 0.399594 1.006982 0.536351 0.290744 0.823947
63.800000 0.076664 0.830720 0.216126 0.400100 1.007748 0.536515 0.290958 0.824527
64.000000 0.076649 0.831034 0.216346 0.400462 1.008318 0.536507 0.291153 0.824970
64.200000 0.076659 0.830823 0.216260 0.400863 1.009081 0.536540 0.291399 0.825647
64.400000 0.076652 0.830933 0.216373 0.401468 1.009736 0.536503 0.291743 0.826058
64.600000 0.076600 0.830861 0.216474 0.402030 1.010556 0.536762 0.291827 0.826488
64.800000 0.076574 0.831130 0.216373 0.402370 1.011000 0.536820 0.292039 0.826973
65.000000 0.076457 0.831269 0.216235 0.402761 1.011919 0.536820 0.292268 0.827592
65.200000 0.076475 0.831186 0.216396 0.403159 1.012342 0.536694 0.292405 0.828042
65.400000 0.076517 0.831202 0.216656 0.403668 1.012784 0.536878 0.292729 0.828322
65.600000 0.076599 0.831116 0.216662 0.404148 1.013530 0.536902 0.292844 0.828775
65.800000 0.076579 0.831212 0.216609 0.404471 1.013891 0.536808 0.293116 0.829163
66.000000 0.076575 0.831267 0.216588 0.404931 1.014596 0.536856 0.293345 0.829672
66.200000 0.076464 0.831416 0.216695 0.405287 1.014818 0.537010 0.293517 0.830197
66.400000 0.076634 0.831271 0.216708 0.405582 1.015403 0.536834 0.293645 0.830302
66.600000 0.076566 0.831224 0.216702 0.406337 1.015971 0.536975 0.293589 0.830861
66.800000 0.076575 0.831418 0.216775 0.406752 1.016715 0.537196 0.294069 0.831367
67.000000 0.076736 0.831341 0.216937 0.406975 1.017053 0.537227 0.294317 0.831469
67.200000 0.076476 0.831331 0.216875 0.407409 1.017569 0.537145 0.294382 0.831992
67.400000 0.076568 0.831590 0.217063 0.407718 1.018164 0.537295 0.294843 0.832389
67.600000 0.076629 0.831511 0.216743 0.408250 1.018578 0.537348 0.294847 0.832716
67.800000 0.076606 0.831183 0.216928 0.408673 1.019067 0.537274 0.295016 0.833157
68.000000 0.076742 0.831325 0.216860 0.408832 1.019307 0.537342 0.295148 0.833335
68.200000 0.076455 0.831521 0.216956 0.409544 1.019642 0.537188 0.295512 0.833760
68.400000 0.076616 0.831587 0.217077 0.409740 1.020070 0.537562 0.295771 0.833973
68.600000 0.076580 0.831552 0.217086 0.410284 1.020841 0.537557 0.295886 0.834412
68.800000 0.076597 0.831190 0.217103 0.410510 1.021128 0.537531 0.296129 0.834689
69.000000 0.076567 0.831361 0.217193 0.411056 1.021560 0.537416 0.296268 0.835004
69.200000 0.076583 0.831443 0.217073 0.411513 1.021954 0.537504 0.296529 0.835242
69.400000 0.076575 0.831455 0.217301 0.411713 1.022487 0.537623 0.296711 0.835652
69.600000 0.076576 0.831490 0.217256 0.412146 1.022750 0.537772 0.297048 0.836100
69.800000 0.076530 0.831518 0.217162 0.412389 1.022824 0.537797 0.297034 0.836037
70.000000 0.076520 0.831543 0.217270 0.412884 1.023235 0.537824 0.297346 0.836203
70.200000 0.076578 0.831499 0.217432 0.413243 1.023817 0.537819 0.297416 0.836781
70.400000 0.076532 0.831492 0.217325 0.413407 1.023736 0.537844 0.297512 0.836814
70.600000 0.076533 0.831645 0.217215 0.413938 1.024335 0.538006 0.297713 0.837212
70.800000 0.076553 0.831503 0.217295 0.414428 1.024665 0.538030 0.297995 0.837279
71.000000 0.076573 0.831427 0.217412 0.414647 1.024890 0.537876 0.298295 0.837742
71.200000 0.076526 0.831521 0.217419 0.414803 1.025372 0.537947 0.298181 0.837747
71.400000 0.076517 0.831596 0.217448 0.415239 1.025479 0.538020 0.298482 0.838122
71.600000 0.076554 0.831506 0.217522 0.415704 1.025892 0.538073 0.298654 0.838311
71.800000 0.076543 0.831443 0.217571 0.416071 1.025765 0.538103 0.298889 0.838323
72.000000 0.076547 0.831321 0.217522 0.416272 1.026493 0.538065 0.299001 0.838663
72.200000 0.076538 0.831213 0.217707 0.416584 1.026420 0.538182 0.299209 0.838791
72.400000 0.076518 0.831376 0.217640 0.417075 1.026945 0.538073 0.299342 0.838983
72.600000 0.076550 0.831319 0.217726 0.417412 1.027124 0.538276 0.299563 0.839375
72.800000 0.076531 0.831447 0.217605 0.417548 1.027378 0.538231 0.299669 0.839516
73.000000 0.076516 0.831238 0.217624 0.417861 1.027600 0.538228 0.299845 0.839608
73.200000 0.076501 0.831253 0.217668 0.418302 1.027807 0.538353 0.300018 0.839802
73.400000 0.076475 0.831229 0.217774 0.418676 1.028052 0.538452 0.300191 0.839980
73.600000 0.076487 0.831150 0.217813 0.418995 1.027995 0.538471 0.300171 0.839984
73.800000 0.076476 0.831233 0.217873 0.419223 1.028503 0.538427 0.300584 0.840233
74.000000 0.076591 0.831296 0.217780 0.419671 1.028649 0.538334 0.300599 0.840452
74.200000 0.076380 0.831176 0.217832 0.420024 1.028866 0.538516 0.300800 0.840573
74.400000 0.076512 0.831088 0.217894 0.420340 1.029084 0.538750 0.301040 0.840476
74.600000 0.076485 0.831074 0.217848 0.420587 1.029068 0.538763 0.301057 0.840859
74.800000 0.076564 0.830976 0.217755 0.420864 1.029220 0.538675 0.301251 0.840997
75.000000 0.076451 0.831049 0.217919 0.421131 1.029453 0.538913 0.301408 0.841202
75.200000 0.076404 0.830823 0.217917 0.421348 1.029536 0.538762 0.301729 0.841237
75.400000 0.076491 0.831031 0.217988 0.421814 1.029947 0.538784 0.301693 0.841366
75.600000 0.076455 0.830774 0.217819 0.422064 1.030083 0.538680 0.301822 0.841535
75.800000 0.076475 0.830729 0.217946 0.422458 1.030121 0.538810 0.302123 0.841553
76.000000 0.076598 0.830689 0.217896 0.422691 1.030164 0.538917 0.302251 0.841746
76.200000 0.076597 0.830742 0.218017 0.422877 1.030335 0.538803 0.302381 0.841767
76.400000 0.076477 0.830821 0.218093 0.423169 1.030494 0.538850 0.302486 0.841945
76.600000 0.076427 0.830734 0.218082 0.423529 1.030671 0.539045 0.302645 0.841889
76.800000 0.076498 0.830953 0.218145 0.423878 1.030932 0.539086 0.302770 0.842202
77.000000 0.076463 0.830477 0.218088 0.424190 1.030951 0.539206 0.302904 0.842189
77.200000 0.076516 0.830752 0.218158 0.424470 1.031224 0.539199 0.303088 0.842356
77.400000 0.076330 0.830654 0.218114 0.424792 1.031385 0.539067 0.303382 0.842333
77.600000 0.076485 0.830595 0.218241 0.425008 1.031534 0.539240 0.303299 0.842545
77.800000 0.076496 0.830590 0.218244 0.425179 1.031567 0.539225 0.303367 0.842636
78.000000 0.076480 0.830661 0.218255 0.425482 1.031587 0.539197 0.303370 0.842533
78.200000 0.076478 0.830435 0.218332 0.425741 1.031903 0.539131 0.303743 0.842635
78.400000 0.076448 0.830558 0.218335 0.425900 1.031802 0.539247 0.303876 0.842796
78.600000 0.076461 0.830268 0.218214 0.426207 1.031802 0.539257 0.304061 0.842199
78.800000 0.076411 0.830382 0.218309 0.426522 1.031909 0.539381 0.304154 0.843002
79.000000 0.076442 0.830433 0.218471 0.426773 1.031964 0.539268 0.304222 0.843149
79.200000 0.076541 0.830402 0.218356 0.427048 1.032242 0.539498 0.304489 0.843348
79.400000 0.076419 0.830240 0.218324 0.427297 1.032384 0.539416 0.304557 0.843339
79.600000 0.076443 0.830237 0.218309 0.427564 1.032354 0.539444 0.304667 0.843264
79.800000 0.076446 0.830264 0.218430 0.427727 1.032411 0.539465 0.304695 0.843363
80.000000 0.076433 0.829936 0.218372 0.427837 1.032311 0.539559 0.304900 0.843362
80.200000 0.076453 0.830134 0.218501 0.428417 1.032578 0.539669 0.305175 0.843512
80.400000 0.076548 0.830243 0.218644 0.428563 1.032833 0.539578 0.305280 0.843673
80.600000 0.076426 0.830179 0.218487 0.428717 1.032665 0.539621 0.305203 0.843698
80.800000 0.076433 0.830072 0.218616 0.428979 1.032742 0.539775 0.305452 0.843764
81.000000 0.076563 0.830227 0.218532 0.429230 1.032885 0.539793 0.305389 0.843877
81.200000 0.076588 0.830041 0.218590 0.429481 1.033115 0.539740 0.305678 0.843988
81.400000 0.076447 0.830202 0.218465 0.429776 1.033107 0.539724 0.305772 0.843853
81.600000 0.076306 0.829878 0.218406 0.429829 1.032838 0.539843 0.305925 0.843910
81.800000 0.076299 0.829960 0.218653 0.430269 1.033095 0.539958 0.305806 0.844074
82.000000 0.076591 0.829802 0.218592 0.430390 1.033077 0.539751 0.306031 0.844053
82.200000 0.076415 0.830045 0.218611 0.430703 1.033261 0.539865 0.306221 0.844146
82.400000 0.076436 0.830012 0.218539 0.430815 1.033201 0.539866 0.306268 0.844153
82.600000 0.076420 0.829828 0.218629 0.430788 1.033144 0.539886 0.306386 0.844101
82.800000 0.076435 0.829669 0.218524 0.431112 1.033468 0.540060 0.306524 0.844153
83.000000 0.076411 0.829801 0.218511 0.431498 1.033334 0.540140 0.306611 0.844295
83.200000 0.076555 0.829987 0.218733 0.431674 1.033627 0.540091 0.306568 0.844497
83.400000 0.076391 0.829878 0.218562 0.431973 1.033540 0.540207 0.306782 0.844227
83.600000 0.076407 0.829565 0.218714 0.432102 1.033506 0.540226 0.306948 0.844445
83.800000 0.076430 0.829915 0.218702 0.432202 1.033578 0.540218 0.307062 0.844685
84.000000 0.076440 0.829799 0.218955 0.432466 1.033687 0.540180 0.307114 0.844475
84.200000 0.076436 0.829708 0.218729 0.432693 1.033722 0.540187 0.307291 0.844709
84.400000 0.076408 0.829890 0.218763 0.432755 1.033906 0.540201 0.307308 0.844604
84.600000 0.076393 0.829671 0.218783 0.433172 1.033695 0.540238 0.307416 0.844386
84.800000 0.076435 0.829759 0.218703 0.433344 1.033793 0.540277 0.307478 0.844657
85.000000 0.076436 0.829669 0.218787 0.433385 1.033782 0.540252 0.307608 0.844832
85.200000 0.076343 0.829679 0.218763 0.433519 1.033785 0.540361 0.307741 0.844817
85.400000 0.076382 0.829750 0.218819 0.433716 1.033687 0.540342 0.307625 0.844857
85.600000 0.076427 0.829679 0.218877 0.433987 1.033971 0.540248 0.307874 0.844593
85.800000 0.076400 0.829545 0.218914 0.434114 1.034038 0.540458 0.307961 0.844827
86.000000 0.076403 0.829380 0.218850 0.434535 1.034147 0.540550 0.308226 0.844986
86.200000 0.076402 0.829524 0.218823 0.434505 1.034081 0.540476 0.308082 0.844987
86.400000 0.076365 0.829740 0.218906 0.434607 1.033919 0.540324 0.307974 0.844786
86.600000 0.076340 0.829475 0.218861 0.435014 1.034039 0.540577 0.308309 0.844894
86.800000 0.076328 0.829583 0.218838 0.435065 1.034111 0.540548 0.308449 0.845059
87.000000 0.076349 0.829390 0.218862 0.435390 1.034033 0.540546 0.308397 0.845052
87.200000 0.076309 0.829485 0.219030 0.435606 1.034103 0.540627 0.308638 0.845033
87.400000 0.076382 0.829676 0.218843 0.435891 1.034237 0.540487 0.308706 0.845102
87.600000 0.076324 0.829443 0.218812 0.436094 1.034120 0.540871 0.308782 0.845060
87.800000 0.076372 0.829360 0.219036 0.436051 1.034218 0.540518 0.308781 0.845245
88.000000 0.076333 0.829380 0.218989 0.436289 1.034024 0.540770 0.308990 0.845122
88.200000 0.076217 0.829168 0.219039 0.436485 1.034061 0.540816 0.309059 0.845075
88.400000 0.076351 0.829125 0.219095 0.436606 1.034058 0.540829 0.309119 0.845074
88.600000 0.076336 0.829232 0.219062 0.436844 1.034147 0.540816 0.309293 0.845285
88.800000 0.076332 0.829279 0.219060 0.436929 1.033982 0.540830 0.309150 0.845112
89.000000 0.076445 0.829079 0.219076 0.437212 1.034383 0.540776 0.309430 0.845057
89.200000 0.076340 0.828960 0.219000 0.437188 1.034099 0.540904 0.309222 0.845181
89.400000 0.076340 0.829080 0.219173 0.437583 1.034197 0.540985 0.309585 0.845204
89.600000 0.076383 0.828925 0.219097 0.437673 1.033947 0.541030 0.309711 0.845156
89.800000 0.076388 0.829074 0.219129 0.437812 1.034190 0.541151 0.309673 0.845260
90.000000 0.076333 0.829079 0.219013 0.437883 1.034118 0.540969 0.309607 0.845429
