0.200000 0.053976 0.410962 0.164512 0.231504 0.479185 0.499781 0.213258 0.396025
0.400000 0.053805 0.409949 0.164267 0.230848 0.476127 0.499451 0.212919 0.393856
0.600000 0.053674 0.409210 0.164196 0.230433 0.474530 0.499337 0.212646 0.392515
0.800000 0.053787 0.408781 0.164298 0.230006 0.473144 0.499278 0.212426 0.391491
1.000000 0.053775 0.408025 0.164166 0.229691 0.471582 0.499312 0.212257 0.390427
1.200000 0.053765 0.407462 0.164054 0.229507 0.470122 0.499290 0.212125 0.389289
1.400000 0.053766 0.406961 0.164039 0.229166 0.468654 0.499253 0.212089 0.388164
1.600000 0.053736 0.406554 0.164047 0.228784 0.467082 0.499204 0.211884 0.387093
1.800000 0.053719 0.405969 0.164019 0.228483 0.465794 0.499241 0.211771 0.385996
2.000000 0.053740 0.405472 0.163788 0.228233 0.464356 0.499131 0.211547 0.384973
2.200000 0.053857 0.404886 0.163929 0.227898 0.462984 0.499227 0.211341 0.383866
2.400000 0.053752 0.404374 0.164010 0.227682 0.461543 0.498869 0.211228 0.382581
2.600000 0.053715 0.404040 0.163817 0.227320 0.459914 0.498813 0.211098 0.381689
2.800000 0.053684 0.403580 0.163845 0.226768 0.458635 0.498874 0.210921 0.380406
3.000000 0.053684 0.402844 0.163694 0.226548 0.457223 0.498907 0.210800 0.379521
3.200000 0.053669 0.402406 0.163665 0.226360 0.455838 0.498685 0.210620 0.378479
3.400000 0.053675 0.402020 0.163630 0.225978 0.454404 0.498734 0.210498 0.377437
3.600000 0.053660 0.401317 0.163478 0.225577 0.453131 0.498682 0.210329 0.376537
3.800000 0.053666 0.401138 0.163642 0.225494 0.451739 0.498787 0.210173 0.375482
4.000000 0.053581 0.400524 0.163459 0.225025 0.450358 0.498617 0.209993 0.374364
4.200000 0.053626 0.399803 0.163503 0.224617 0.448951 0.498412 0.209839 0.373299
4.400000 0.053616 0.399363 0.163467 0.224498 0.447723 0.498492 0.209687 0.372314
4.600000 0.053617 0.399095 0.163503 0.224400 0.446423 0.498477 0.209351 0.371335
4.800000 0.053628 0.398690 0.163304 0.223698 0.445017 0.498207 0.209380 0.370328
5.000000 0.053622 0.398266 0.163313 0.223691 0.443873 0.498348 0.209166 0.369325
5.200000 0.053614 0.397785 0.163348 0.223338 0.442464 0.498130 0.209022 0.368373
5.400000 0.053592 0.397303 0.163139 0.222984 0.441198 0.498216 0.208757 0.367370
5.600000 0.053592 0.396863 0.163180 0.222685 0.440032 0.498269 0.208887 0.366485
5.800000 0.053384 0.396148 0.163142 0.222461 0.438599 0.498192 0.208526 0.365438
6.000000 0.053627 0.395792 0.163246 0.222148 0.437563 0.498108 0.208343 0.364394
6.200000 0.053587 0.395554 0.163167 0.221962 0.436192 0.498008 0.208252 0.363519
6.400000 0.053619 0.394953 0.163246 0.221710 0.434802 0.497906 0.208213 0.362396
6.600000 0.053571 0.394149 0.163083 0.221231 0.433112 0.497789 0.207888 0.361251
6.800000 0.053561 0.393926 0.163153 0.220888 0.431965 0.497857 0.207702 0.360391
7.000000 0.053545 0.393455 0.163034 0.220566 0.430625 0.497820 0.207450 0.359489
7.200000 0.053530 0.392959 0.162991 0.220274 0.429445 0.497735 0.207338 0.358488
7.400000 0.053521 0.392743 0.162863 0.219902 0.428225 0.497595 0.207076 0.357615
7.600000 0.053547 0.392175 0.162923 0.219829 0.427128 0.497664 0.207103 0.356488
7.800000 0.053526 0.391793 0.162886 0.219497 0.425847 0.497592 0.207000 0.355768
8.000000 0.053512 0.391314 0.162694 0.219263 0.424744 0.497554 0.206894 0.355048
8.200000 0.053481 0.390950 0.162957 0.219065 0.423489 0.497559 0.206691 0.354015
8.400000 0.053542 0.390515 0.162662 0.218766 0.422425 0.497319 0.206525 0.353351
8.600000 0.053496 0.390076 0.162770 0.218474 0.421153 0.497456 0.206394 0.352262
8.800000 0.053506 0.389781 0.162743 0.218217 0.420249 0.497334 0.206216 0.351518
9.000000 0.053459 0.389506 0.162550 0.218177 0.419087 0.497217 0.206020 0.350767
9.200000 0.053482 0.389008 0.162807 0.217686 0.418025 0.497150 0.205942 0.349983
9.400000 0.053431 0.388652 0.162545 0.217544 0.416936 0.497144 0.205740 0.349017
9.600000 0.053442 0.388343 0.162621 0.217186 0.415903 0.497059 0.205813 0.348320
9.800000 0.053444 0.387959 0.162569 0.217114 0.414748 0.497166 0.205514 0.347453
10.000000 0.053448 0.387436 0.162568 0.216778 0.413742 0.497059 0.205351 0.346832
10.200000 0.053439 0.387381 0.162651 0.216458 0.412706 0.497026 0.205328 0.345824
10.400000 0.053414 0.386896 0.162414 0.216259 0.411808 0.496935 0.205061 0.345084
10.600000 0.053415 0.386350 0.162405 0.215915 0.410467 0.496797 0.204800 0.344201
10.800000 0.053558 0.386125 0.162504 0.215840 0.409449 0.496906 0.204811 0.343626
11.000000 0.053413 0.385646 0.162480 0.215465 0.408528 0.496962 0.204647 0.342819
11.200000 0.053402 0.385516 0.162473 0.215240 0.407369 0.496737 0.204506 0.341850
11.400000 0.053425 0.384806 0.162249 0.215074 0.406470 0.496560 0.204396 0.341228
11.600000 0.053392 0.384578 0.162257 0.214864 0.405412 0.496442 0.204074 0.340414
11.800000 0.053377 0.384279 0.162289 0.214540 0.404466 0.496454 0.204363 0.339656
12.000000 0.053352 0.384181 0.162258 0.214425 0.403541 0.496379 0.203925 0.338927
12.200000 0.053258 0.383747 0.162260 0.214196 0.402483 0.496491 0.203781 0.338398
12.400000 0.053320 0.383276 0.162050 0.214074 0.401338 0.496256 0.203578 0.337266
12.600000 0.053259 0.383101 0.162196 0.213767 0.400538 0.496309 0.203530 0.336744
12.800000 0.053362 0.382677 0.162109 0.213421 0.399281 0.496273 0.203393 0.335812
13.000000 0.053348 0.382060 0.161926 0.213358 0.398279 0.496167 0.203242 0.335134
13.200000 0.053274 0.381913 0.162186 0.213016 0.397611 0.496135 0.203042 0.334455
13.400000 0.053212 0.381650 0.161955 0.213007 0.396587 0.496116 0.202944 0.333674
13.600000 0.053378 0.381278 0.161910 0.212617 0.395781 0.496075 0.202811 0.333139
13.800000 0.053343 0.381230 0.161973 0.212550 0.394862 0.496043 0.202857 0.332589
14.000000 0.053334 0.380746 0.161921 0.212358 0.394082 0.495929 0.202560 0.331916
14.200000 0.053406 0.380465 0.161882 0.212244 0.393368 0.495991 0.202459 0.331262
14.400000 0.053354 0.380087 0.161842 0.211842 0.392373 0.495853 0.202315 0.330625
14.600000 0.053317 0.379838 0.161980 0.211721 0.391429 0.495896 0.202225 0.329965
14.800000 0.053338 0.379605 0.161905 0.211532 0.390644 0.495799 0.202096 0.329520
15.000000 0.053276 0.379216 0.161797 0.211340 0.389732 0.495653 0.201963 0.328781
15.200000 0.053304 0.378976 0.161890 0.211170 0.389068 0.495740 0.201580 0.328071
15.400000 0.053315 0.378690 0.161797 0.211012 0.388225 0.495738 0.201851 0.327526
15.600000 0.053303 0.378286 0.161874 0.210578 0.387183 0.495597 0.201710 0.326915
15.800000 0.053307 0.377972 0.161607 0.210514 0.386621 0.495415 0.201445 0.326148
16.000000 0.053294 0.377680 0.161718 0.210381 0.385792 0.495482 0.201341 0.325751
16.200000 0.053318 0.377453 0.161514 0.210128 0.384840 0.495393 0.201167 0.325235
16.400000 0.053107 0.377188 0.161657 0.209904 0.384209 0.495378 0.201018 0.324521
16.600000 0.053276 0.377025 0.161632 0.209663 0.383405 0.495433 0.200827 0.323918
16.800000 0.053270 0.376658 0.161468 0.209632 0.382558 0.495387 0.200894 0.323298
17.000000 0.053278 0.376464 0.161584 0.209495 0.381705 0.494999 0.200729 0.322718
17.200000 0.053394 0.376130 0.161698 0.209239 0.381216 0.495190 0.200636 0.322082
17.400000 0.053207 0.375764 0.161501 0.209140 0.380039 0.495116 0.200207 0.321358
17.600000 0.053238 0.375714 0.161506 0.208923 0.379516 0.495130 0.200446 0.320895
17.800000 0.053260 0.375399 0.161536 0.208774 0.378731 0.495083 0.200267 0.320434
18.000000 0.053111 0.375326 0.161588 0.208533 0.378083 0.495041 0.200318 0.319889
18.200000 0.053244 0.374740 0.161482 0.208318 0.377256 0.494916 0.200025 0.319302
18.400000 0.053217 0.374519 0.161297 0.208242 0.376506 0.494956 0.199918 0.318650
18.600000 0.053222 0.374337 0.161336 0.208036 0.375804 0.494754 0.199784 0.318155
18.800000 0.053229 0.373891 0.161288 0.207915 0.375119 0.494678 0.199723 0.317676
19.000000 0.053269 0.374035 0.161432 0.207794 0.374417 0.494757 0.199707 0.317175
19.200000 0.053214 0.373483 0.161326 0.207469 0.373347 0.494739 0.199456 0.316411
19.400000 0.053187 0.373329 0.161169 0.207490 0.372719 0.494711 0.199360 0.315902
19.600000 0.053202 0.373167 0.161145 0.207086 0.371970 0.494573 0.199246 0.315385
19.800000 0.053204 0.372791 0.161276 0.206906 0.371136 0.494617 0.199055 0.314824
20.000000 0.053183 0.372724 0.161266 0.206777 0.370588 0.494466 0.199111 0.314317
20.200000 0.053204 0.372219 0.161416 0.206689 0.370010 0.494538 0.198977 0.313755
20.400000 0.053183 0.372109 0.161190 0.206503 0.368838 0.494452 0.198774 0.313236
20.600000 0.053117 0.371422 0.161064 0.206338 0.368353 0.494260 0.198629 0.312790
20.800000 0.053121 0.371444 0.160993 0.206341 0.367853 0.494226 0.198520 0.312238
21.000000 0.053184 0.371372 0.161223 0.205941 0.367022 0.494094 0.198239 0.311700
21.200000 0.053164 0.371121 0.160992 0.205790 0.366330 0.494283 0.198322 0.311185
21.400000 0.053220 0.370824 0.161069 0.205877 0.365759 0.494173 0.198358 0.310695
21.600000 0.053173 0.370493 0.161108 0.205539 0.365266 0.494083 0.197909 0.310161
21.800000 0.053167 0.370232 0.161167 0.205496 0.364634 0.493871 0.198005 0.309716
22.000000 0.052972 0.370207 0.161070 0.205167 0.363807 0.494051 0.198008 0.309259
22.200000 0.053252 0.369623 0.161065 0.204963 0.363254 0.493723 0.197758 0.308732
22.400000 0.053148 0.369699 0.160784 0.204648 0.362513 0.493816 0.197665 0.308242
22.600000 0.053141 0.369287 0.160963 0.204912 0.361911 0.493900 0.197501 0.307753
22.800000 0.052959 0.369230 0.160952 0.204648 0.361274 0.493788 0.197330 0.307164
23.000000 0.053210 0.368962 0.160863 0.204500 0.360456 0.493652 0.197341 0.306723
23.200000 0.053136 0.368753 0.160871 0.204249 0.359983 0.493783 0.197167 0.306339
23.400000 0.053241 0.368568 0.160846 0.204448 0.359218 0.493683 0.197170 0.305989
23.600000 0.053101 0.368195 0.160543 0.204038 0.358680 0.493513 0.197029 0.305453
23.800000 0.053083 0.367991 0.160925 0.203785 0.358075 0.493675 0.196981 0.304908
24.000000 0.053248 0.367776 0.160832 0.203717 0.357471 0.493395 0.196837 0.304511
24.200000 0.053059 0.367639 0.160643 0.203540 0.356938 0.493587 0.196621 0.303956
24.400000 0.052965 0.367284 0.160737 0.203449 0.356243 0.493377 0.196668 0.303598
24.600000 0.053086 0.367231 0.160745 0.203367 0.355647 0.493202 0.196493 0.303111
24.800000 0.053008 0.367026 0.160683 0.203139 0.354990 0.493273 0.196249 0.302731
25.000000 0.053071 0.366729 0.160756 0.203054 0.354580 0.493230 0.196320 0.302417
25.200000 0.053084 0.366532 0.160662 0.202834 0.353940 0.493322 0.196379 0.301716
25.400000 0.053043 0.366316 0.160751 0.202509 0.353216 0.493158 0.195949 0.301317
25.600000 0.053154 0.366249 0.160802 0.202695 0.352517 0.493201 0.196207 0.300931
25.800000 0.053170 0.366057 0.160726 0.202472 0.352051 0.493036 0.195928 0.300479
26.000000 0.053142 0.365827 0.160604 0.202380 0.351419 0.493102 0.195910 0.300105
26.200000 0.053149 0.365626 0.160924 0.202242 0.350857 0.492936 0.195776 0.299609
26.400000 0.053141 0.365535 0.160660 0.202068 0.350328 0.493112 0.195618 0.299097
26.600000 0.053154 0.365160 0.160543 0.201983 0.349688 0.493032 0.195565 0.298828
26.800000 0.053219 0.364981 0.160533 0.201857 0.349250 0.492920 0.195535 0.298290
27.000000 0.053144 0.364735 0.160660 0.201538 0.348569 0.492939 0.195426 0.297982
27.200000 0.052961 0.364674 0.160545 0.201441 0.348145 0.492964 0.195344 0.297558
27.400000 0.053000 0.364245 0.160342 0.201145 0.347402 0.492672 0.195039 0.296894
27.600000 0.053099 0.363935 0.160621 0.201198 0.346856 0.492555 0.195065 0.296491
27.800000 0.053009 0.363779 0.160500 0.201091 0.346502 0.492572 0.194882 0.296031
28.000000 0.053008 0.363765 0.160480 0.200862 0.345641 0.492496 0.194837 0.295829
28.200000 0.053002 0.363535 0.160506 0.200874 0.345238 0.492681 0.194742 0.295562
28.400000 0.053018 0.363115 0.160391 0.200769 0.344732 0.492333 0.194700 0.295103
28.600000 0.052994 0.363131 0.160389 0.200352 0.344001 0.492269 0.194449 0.294592
28.800000 0.052995 0.362998 0.160492 0.200388 0.343555 0.492492 0.194533 0.294187
29.000000 0.053011 0.362788 0.160274 0.200235 0.343018 0.492396 0.194460 0.293821
29.200000 0.052999 0.362698 0.160292 0.200175 0.342632 0.492141 0.194221 0.293529
29.400000 0.052853 0.362431 0.160341 0.200076 0.342041 0.492231 0.194120 0.293117
29.600000 0.052979 0.362207 0.160553 0.199816 0.341367 0.492205 0.194083 0.292617
29.800000 0.052981 0.361836 0.160288 0.199603 0.340973 0.492156 0.194079 0.292307
30.000000 0.053058 0.361946 0.160364 0.199608 0.340698 0.492068 0.194055 0.292018
30.200000 0.053041 0.361674 0.160128 0.199719 0.339976 0.491995 0.194058 0.291470
30.400000 0.053038 0.361632 0.160368 0.199336 0.339580 0.491954 0.193843 0.291264
30.600000 0.053075 0.361412 0.160297 0.199266 0.339198 0.492016 0.193756 0.290682
30.800000 0.053193 0.361152 0.160316 0.199195 0.338546 0.491826 0.193580 0.290458
31.000000 0.053503 0.360990 0.160301 0.199246 0.338125 0.491839 0.193602 0.290158
31.200000 0.053732 0.360927 0.160326 0.199048 0.337674 0.491853 0.193491 0.289854
31.400000 0.054551 0.360627 0.160313 0.198851 0.337486 0.491915 0.193449 0.289719
31.600000 0.055344 0.360425 0.160231 0.198756 0.337118 0.491785 0.193327 0.289566
31.800000 0.056101 0.360516 0.160311 0.198963 0.337518 0.491763 0.193296 0.289676
32.000000 0.056962 0.360401 0.160241 0.198794 0.338014 0.491709 0.193249 0.289964
32.200000 0.057827 0.360677 0.160245 0.199193 0.338931 0.491663 0.193238 0.290716
32.400000 0.058616 0.360701 0.160283 0.199519 0.340276 0.491530 0.193246 0.291643
32.600000 0.059370 0.361086 0.160454 0.199801 0.342041 0.491759 0.193285 0.293037
32.800000 0.060390 0.362085 0.160436 0.200369 0.344828 0.491544 0.193259 0.294600
33.000000 0.060937 0.363025 0.160601 0.201005 0.347421 0.491570 0.193232 0.296515
33.200000 0.061508 0.364477 0.160749 0.201809 0.350739 0.491620 0.193447 0.299172
33.400000 0.062270 0.366366 0.160701 0.202675 0.354629 0.491609 0.193494 0.301832
33.600000 0.062825 0.368600 0.160918 0.203984 0.358980 0.491635 0.193567 0.304921
33.800000 0.063463 0.371656 0.161113 0.205086 0.363766 0.491356 0.193758 0.308366
34.000000 0.063751 0.374946 0.161344 0.206548 0.368848 0.491550 0.193824 0.312141
34.200000 0.064197 0.379116 0.161707 0.207983 0.374587 0.491720 0.194048 0.316217
34.400000 0.064626 0.383854 0.161775 0.209522 0.380443 0.491709 0.193959 0.320554
34.600000 0.064937 0.389053 0.162259 0.211445 0.386844 0.491506 0.194191 0.325145
34.800000 0.065225 0.394946 0.162558 0.213147 0.393415 0.491512 0.194325 0.329987
35.000000 0.065557 0.401401 0.162815 0.214756 0.400145 0.491748 0.194700 0.334968
35.200000 0.065796 0.408358 0.162982 0.216706 0.407475 0.491496 0.194637 0.340486
35.400000 0.066026 0.415513 0.163537 0.218388 0.414149 0.491583 0.194800 0.345587
35.600000 0.066117 0.422957 0.163617 0.219890 0.421240 0.491587 0.194863 0.350772
35.800000 0.066300 0.430768 0.163876 0.221737 0.428330 0.491501 0.195024 0.356071
36.000000 0.066422 0.438968 0.164121 0.223411 0.435678 0.491610 0.195204 0.361891
36.200000 0.066575 0.447300 0.164260 0.225148 0.443270 0.491637 0.195364 0.367548
36.400000 0.066693 0.455971 0.164513 0.226827 0.450947 0.491556 0.195540 0.373450
36.600000 0.066818 0.464972 0.164877 0.228549 0.458545 0.491533 0.195552 0.379216
36.800000 0.066848 0.473840 0.165148 0.230017 0.466050 0.491526 0.195902 0.385171
37.000000 0.067023 0.482987 0.165331 0.231664 0.474149 0.491498 0.195937 0.391406
37.200000 0.067114 0.492341 0.165679 0.233390 0.481950 0.491754 0.196294 0.397496
37.400000 0.067162 0.501431 0.165471 0.234852 0.489702 0.491751 0.196394 0.403702
37.600000 0.067443 0.511249 0.166031 0.236698 0.498293 0.491730 0.196660 0.410670
37.800000 0.067366 0.524717 0.166370 0.238964 0.509558 0.491853 0.196954 0.419177
38.000000 0.067449 0.534120 0.166663 0.240598 0.517478 0.492041 0.197192 0.425814
38.200000 0.067516 0.543298 0.166917 0.242161 0.525543 0.491996 0.197438 0.432090
38.400000 0.067543 0.552574 0.167091 0.243805 0.533633 0.492004 0.197542 0.438535
38.600000 0.067661 0.561966 0.167407 0.245349 0.541433 0.491809 0.197620 0.444713
38.800000 0.067711 0.570700 0.167646 0.246658 0.549439 0.492158 0.197862 0.451025
39.000000 0.067763 0.579756 0.167881 0.248002 0.557272 0.492070 0.198158 0.457164
39.200000 0.067819 0.588700 0.167907 0.249489 0.565205 0.492190 0.198231 0.463526
39.400000 0.067852 0.597410 0.168242 0.251106 0.572998 0.491967 0.198582 0.469640
39.600000 0.067803 0.606380 0.168341 0.252491 0.580870 0.492180 0.198624 0.475819
39.800000 0.067934 0.615336 0.168642 0.253815 0.588706 0.492241 0.198839 0.482176
40.000000 0.067921 0.623440 0.168654 0.255128 0.596461 0.492312 0.199159 0.488017
40.200000 0.067967 0.631899 0.168852 0.256518 0.604361 0.492320 0.199333 0.494362
40.400000 0.067909 0.640121 0.169085 0.257753 0.612165 0.492346 0.199373 0.500253
40.600000 0.067937 0.648599 0.169299 0.259111 0.619736 0.492284 0.199667 0.506179
40.800000 0.067918 0.656327 0.169349 0.260539 0.627484 0.492302 0.199869 0.512330
41.000000 0.068117 0.664346 0.169605 0.261848 0.635503 0.492308 0.200140 0.518360
41.200000 0.068010 0.672020 0.169610 0.263099 0.642880 0.492377 0.200267 0.524256
41.400000 0.068029 0.679482 0.170022 0.264676 0.650615 0.492500 0.200470 0.530004
41.600000 0.068039 0.686834 0.170215 0.265852 0.658000 0.492469 0.200656 0.536001
41.800000 0.068073 0.693842 0.170401 0.267106 0.665568 0.492494 0.200911 0.541487
42.000000 0.068071 0.700787 0.170475 0.268267 0.672923 0.492410 0.201109 0.547118
42.200000 0.068117 0.707545 0.170705 0.269545 0.680351 0.492575 0.201336 0.552824
42.400000 0.068131 0.714128 0.170615 0.270723 0.687666 0.492618 0.201454 0.558108
42.600000 0.068117 0.720278 0.170797 0.272042 0.694993 0.491985 0.201784 0.563690
42.800000 0.068138 0.726460 0.171015 0.273240 0.702145 0.492699 0.201949 0.569016
43.000000 0.068141 0.732243 0.171126 0.274429 0.709174 0.492731 0.202150 0.574377
43.200000 0.068141 0.737782 0.171278 0.275600 0.716086 0.492783 0.202444 0.579674
43.400000 0.068352 0.743114 0.171451 0.276778 0.722922 0.492788 0.202551 0.584931
43.600000 0.068349 0.748433 0.171605 0.277753 0.729821 0.492845 0.202722 0.589953
43.800000 0.068333 0.753352 0.171930 0.278963 0.736510 0.493006 0.202996 0.595207
44.000000 0.068260 0.758219 0.171842 0.280201 0.743623 0.492817 0.203101 0.600854
44.200000 0.068253 0.765373 0.172094 0.281695 0.752411 0.492572 0.203491 0.607698
44.400000 0.068290 0.769567 0.172168 0.283005 0.760005 0.493160 0.203732 0.612689
44.600000 0.068306 0.773862 0.172343 0.283849 0.766029 0.493011 0.203941 0.617438
44.800000 0.068276 0.777997 0.172467 0.285029 0.772348 0.493010 0.204162 0.622196
45.000000 0.068296 0.781948 0.172695 0.286157 0.778221 0.493062 0.204278 0.627107
45.200000 0.068353 0.785397 0.172536 0.287162 0.784253 0.493056 0.204519 0.631670
45.400000 0.068332 0.788996 0.172846 0.288141 0.789979 0.493284 0.204652 0.636005
45.600000 0.068315 0.792270 0.172895 0.289003 0.796005 0.493044 0.204860 0.640599
45.800000 0.068362 0.795501 0.173172 0.290114 0.801596 0.493229 0.205221 0.644988
46.000000 0.068324 0.798442 0.173184 0.290986 0.807065 0.493192 0.205311 0.649227
46.200000 0.068369 0.801520 0.173267 0.292152 0.812603 0.493180 0.205535 0.653566
46.400000 0.068377 0.804262 0.173324 0.293247 0.818065 0.493413 0.205709 0.657690
46.600000 0.068370 0.807003 0.173367 0.294056 0.823332 0.493375 0.205970 0.661809
46.800000 0.068508 0.809385 0.173519 0.294974 0.828104 0.493361 0.206016 0.665999
47.000000 0.068401 0.811700 0.173524 0.296000 0.833294 0.493438 0.206448 0.669960
47.200000 0.068391 0.814302 0.173745 0.296880 0.838291 0.493317 0.206524 0.673943
47.400000 0.068390 0.816611 0.173721 0.297792 0.842898 0.493413 0.206905 0.677749
47.600000 0.068413 0.818628 0.173830 0.298737 0.847719 0.493470 0.206888 0.681442
47.800000 0.068395 0.820816 0.173995 0.299519 0.852287 0.493596 0.207148 0.685340
48.000000 0.068435 0.822651 0.174245 0.300435 0.856820 0.493565 0.207421 0.688814
48.200000 0.068442 0.824732 0.174176 0.301321 0.861445 0.493641 0.207407 0.692525
48.400000 0.068436 0.826363 0.174246 0.302093 0.865545 0.493594 0.207689 0.695929
48.600000 0.068424 0.828222 0.174475 0.303175 0.870000 0.493736 0.207947 0.699615
48.800000 0.068468 0.829852 0.174489 0.303891 0.873884 0.493730 0.208038 0.702775
49.000000 0.068481 0.831538 0.174673 0.304722 0.877991 0.493894 0.208346 0.706297
49.200000 0.068633 0.833055 0.174701 0.305711 0.881732 0.493894 0.208663 0.709431
49.400000 0.068483 0.834470 0.174701 0.306317 0.885857 0.493897 0.208870 0.712314
49.600000 0.068464 0.835507 0.174744 0.307196 0.889492 0.493895 0.208890 0.715625
49.800000 0.068488 0.837294 0.174987 0.307800 0.893151 0.493805 0.209068 0.718547
50.000000 0.068579 0.838504 0.174876 0.308968 0.896772 0.493973 0.209454 0.721832
50.200000 0.068542 0.839838 0.175128 0.309754 0.900668 0.494216 0.209559 0.724686
50.400000 0.068647 0.840979 0.175282 0.310711 0.904532 0.494127 0.209892 0.728297
50.600000 0.068614 0.842484 0.175309 0.311729 0.908622 0.494054 0.210189 0.732106
50.800000 0.068539 0.843430 0.175291 0.312511 0.912265 0.494154 0.210220 0.734816
51.000000 0.068623 0.844544 0.175605 0.313357 0.915554 0.494329 0.210318 0.737555
51.200000 0.068645 0.845533 0.175485 0.314160 0.918721 0.494140 0.210686 0.740092
51.400000 0.068645 0.846709 0.175576 0.314896 0.921775 0.494368 0.210831 0.742571
51.600000 0.068530 0.847763 0.175579 0.315648 0.924739 0.494283 0.210902 0.745104
51.800000 0.068622 0.848320 0.175709 0.316408 0.927531 0.494509 0.211208 0.747671
52.000000 0.068625 0.849128 0.175920 0.317060 0.930294 0.494373 0.211347 0.750024
52.200000 0.068541 0.849856 0.175716 0.317733 0.932997 0.494528 0.211189 0.752109
52.400000 0.068545 0.850376 0.175923 0.318458 0.935564 0.494389 0.211669 0.754515
52.600000 0.068544 0.850955 0.175880 0.319197 0.938223 0.494084 0.211815 0.756560
52.800000 0.068564 0.851993 0.175959 0.320024 0.940824 0.494455 0.212065 0.759103
53.000000 0.068557 0.852431 0.175956 0.320503 0.943227 0.494458 0.212157 0.760871
53.200000 0.068566 0.853269 0.176037 0.321336 0.945819 0.494687 0.212305 0.762904
53.400000 0.068598 0.853818 0.176209 0.321928 0.948157 0.494502 0.212466 0.765132
53.600000 0.068591 0.854259 0.175959 0.322689 0.950469 0.494502 0.212830 0.767210
53.800000 0.068620 0.854905 0.176193 0.323275 0.952869 0.494621 0.212926 0.769155
54.000000 0.068625 0.855475 0.176297 0.324068 0.955004 0.494681 0.213036 0.770934
54.200000 0.068554 0.855972 0.176126 0.324438 0.956913 0.494585 0.213184 0.772585
54.400000 0.068594 0.856399 0.176470 0.325450 0.958908 0.494546 0.213530 0.774666
54.600000 0.068603 0.856809 0.176377 0.325779 0.961075 0.494717 0.213720 0.776355
54.800000 0.068617 0.857356 0.176506 0.326622 0.963331 0.494797 0.213858 0.778142
55.000000 0.068623 0.857818 0.176544 0.327240 0.965142 0.494701 0.213963 0.779814
55.200000 0.068604 0.858201 0.176393 0.327840 0.967066 0.494804 0.214084 0.781353
55.400000 0.068614 0.858759 0.176601 0.328417 0.969167 0.494926 0.214402 0.782949
55.600000 0.068635 0.859193 0.176827 0.328797 0.970800 0.494698 0.214604 0.784695
55.800000 0.068610 0.898309 0.176759 0.329723 0.972678 0.494985 0.214820 0.786163
56.000000 0.068619 0.859915 0.176908 0.330244 0.974368 0.494843 0.214972 0.787630
56.200000 0.068775 0.860238 0.176922 0.330905 0.976460 0.495084 0.215282 0.789065
56.400000 0.068644 0.860515 0.176855 0.331142 0.977661 0.494753 0.215167 0.790520
56.600000 0.068637 0.861017 0.176872 0.332087 0.979367 0.495120 0.215576 0.792056
56.800000 0.068679 0.861358 0.177039 0.332850 0.981355 0.495208 0.215879 0.793560
57.000000 0.068609 0.861377 0.177098 0.333497 0.983188 0.495029 0.215926 0.795158
57.200000 0.068646 0.861696 0.177116 0.334064 0.984839 0.495126 0.215930 0.796532
57.400000 0.068629 0.861926 0.177249 0.334723 0.986036 0.495112 0.216164 0.797641
57.600000 0.068527 0.861930 0.177252 0.335207 0.987687 0.495188 0.216308 0.798807
57.800000 0.068664 0.862554 0.177303 0.335744 0.989258 0.495359 0.216582 0.800293
58.000000 0.068789 0.862686 0.177312 0.336449 0.990561 0.495450 0.216776 0.801438
58.200000 0.068640 0.863029 0.177442 0.336922 0.991964 0.495429 0.216916 0.802397
58.400000 0.068589 0.863177 0.177259 0.337437 0.993086 0.495551 0.217016 0.803664
58.600000 0.068633 0.863295 0.177412 0.337902 0.994346 0.495340 0.217262 0.804474
58.800000 0.068634 0.863608 0.177480 0.338476 0.995799 0.495330 0.217588 0.805774
59.000000 0.068620 0.863721 0.177591 0.338904 0.996753 0.495316 0.217726 0.806451
59.200000 0.068644 0.863893 0.177611 0.339609 0.998044 0.495520 0.217863 0.807577
59.400000 0.068669 0.864000 0.177347 0.340001 0.999252 0.495490 0.217956 0.808675
59.600000 0.068786 0.864270 0.177491 0.340482 1.000371 0.495655 0.218074 0.809758
59.800000 0.068626 0.864499 0.177650 0.341001 1.001524 0.495641 0.218231 0.810822
60.000000 0.068807 0.864782 0.177904 0.341692 1.002641 0.495856 0.218403 0.811691
60.200000 0.068789 0.864700 0.177871 0.342244 1.003663 0.495823 0.218513 0.812382
60.400000 0.068519 0.864624 0.177900 0.342605 1.004515 0.495486 0.218732 0.813398
60.600000 0.068643 0.864900 0.177842 0.343103 1.005852 0.495710 0.218875 0.814296
60.800000 0.068625 0.864766 0.177733 0.343532 1.006523 0.495615 0.218921 0.814854
61.000000 0.068520 0.865238 0.178065 0.344236 1.007780 0.495570 0.219169 0.816025
61.200000 0.068521 0.865206 0.177971 0.344476 1.008724 0.495846 0.219146 0.816766
61.400000 0.068524 0.865297 0.178058 0.345005 1.009600 0.495884 0.219530 0.817539
61.600000 0.068685 0.865606 0.178201 0.345556 1.010469 0.495910 0.219657 0.818060
61.800000 0.068688 0.865516 0.177953 0.345998 1.011443 0.496023 0.219777 0.819067
62.000000 0.068683 0.865570 0.178122 0.346113 1.012254 0.495986 0.219974 0.819804
62.200000 0.068785 0.865835 0.177936 0.346892 1.013105 0.495948 0.220129 0.820435
62.400000 0.068524 0.865751 0.178143 0.347391 1.014080 0.495974 0.220299 0.821314
62.600000 0.068688 0.865836 0.178331 0.347783 1.014690 0.495951 0.220090 0.821961
62.800000 0.068725 0.865916 0.178306 0.348339 0.976691 0.496180 0.220581 0.822523
63.000000 0.068731 0.866214 0.178291 0.348802 1.016464 0.496073 0.220675 0.823454
63.200000 0.068531 0.866070 0.178260 0.349320 1.017324 0.496174 0.220944 0.824068
63.400000 0.068693 0.866053 0.178314 0.349816 1.018208 0.496208 0.221070 0.824698
63.600000 0.068686 0.866172 0.178271 0.350076 1.018845 0.496118 0.221109 0.825371
63.800000 0.068709 0.865950 0.178518 0.350578 1.019621 0.496253 0.221329 0.825827
64.000000 0.068651 0.866208 0.178322 0.351016 1.020076 0.496071 0.221280 0.826394
64.200000 0.068704 0.866367 0.178579 0.351456 1.020764 0.496339 0.221619 0.827018
64.400000 0.068542 0.866345 0.178611 0.351805 1.021403 0.496313 0.222015 0.827522
64.600000 0.068693 0.866318 0.178377 0.352280 1.022145 0.496259 0.221816 0.827934
64.800000 0.068699 0.866211 0.178549 0.352696 1.022742 0.496287 0.222044 0.828549
65.000000 0.068699 0.866305 0.178664 0.353238 1.022859 0.496321 0.222110 0.828898
65.200000 0.068689 0.866320 0.178539 0.353447 1.023684 0.496360 0.222465 0.829368
65.400000 0.068712 0.866206 0.178528 0.353963 1.024526 0.496668 0.222517 0.829963
65.600000 0.068707 0.866321 0.178674 0.354211 1.024788 0.496438 0.222574 0.830356
65.800000 0.068713 0.866490 0.178554 0.354765 1.025347 0.496624 0.222757 0.830847
66.000000 0.068713 0.866413 0.178761 0.355149 1.026018 0.496578 0.222877 0.831418
66.200000 0.068712 0.866405 0.178686 0.355423 1.026522 0.496588 0.223049 0.831757
66.400000 0.068701 0.866762 0.178832 0.355902 1.027092 0.496636 0.223172 0.832267
66.600000 0.068743 0.866540 0.178857 0.356286 1.027516 0.496641 0.223348 0.832706
66.800000 0.068714 0.866477 0.178733 0.356697 1.028056 0.496695 0.223479 0.833245
67.000000 0.068731 0.866407 0.178720 0.356941 1.028611 0.496746 0.223671 0.833580
67.200000 0.068683 0.866517 0.178939 0.357412 1.029135 0.496704 0.223684 0.833798
67.400000 0.068690 0.866536 0.178931 0.357673 1.029529 0.496678 0.223873 0.834419
67.600000 0.068694 0.866472 0.178792 0.357977 1.029986 0.496721 0.223854 0.834568
67.800000 0.068704 0.866414 0.179119 0.358517 1.030249 0.496786 0.224011 0.834943
68.000000 0.068718 0.866426 0.178987 0.358754 1.030767 0.496896 0.224289 0.835328
68.200000 0.068674 0.866498 0.179027 0.359242 1.031207 0.496724 0.224324 0.835682
68.400000 0.068740 0.866286 0.179099 0.359539 1.031610 0.496934 0.224534 0.835892
68.600000 0.068734 0.866105 0.179098 0.359919 1.031882 0.496740 0.224635 0.836450
68.800000 0.068721 0.866273 0.178996 0.360232 1.032495 0.497025 0.224683 0.836768
69.000000 0.068700 0.866300 0.179082 0.360568 1.032564 0.496964 0.224928 0.836955
69.200000 0.068707 0.866337 0.179179 0.361147 1.033105 0.496857 0.225045 0.837286
69.400000 0.068768 0.866488 0.179194 0.361345 1.033467 0.497044 0.225216 0.837611
69.600000 0.068733 0.866453 0.179168 0.361726 1.033948 0.497012 0.225315 0.837957
69.800000 0.068741 0.866293 0.179206 0.362034 1.034108 0.497075 0.225518 0.838273
70.000000 0.068747 0.866361 0.179324 0.362268 1.034675 0.496985 0.225651 0.838431
70.200000 0.068775 0.866363 0.179296 0.362714 1.034942 0.497204 0.225682 0.839014
70.400000 0.068761 0.866358 0.179374 0.363088 1.035172 0.497134 0.225807 0.839207
70.600000 0.068691 0.865954 0.179144 0.363161 1.035184 0.497279 0.225678 0.839287
70.800000 0.068769 0.866357 0.179256 0.363720 1.035887 0.497230 0.226010 0.839718
71.000000 0.068782 0.866335 0.179317 0.363953 1.036202 0.497338 0.226225 0.840102
71.200000 0.068766 0.866265 0.179294 0.364338 1.036633 0.497318 0.226294 0.840217
71.400000 0.068775 0.866506 0.179336 0.364581 1.036952 0.497364 0.226395 0.840485
71.600000 0.068783 0.866516 0.179476 0.365090 1.037026 0.497401 0.226442 0.840836
71.800000 0.068797 0.866446 0.179333 0.365313 1.037185 0.497394 0.226603 0.840999
72.000000 0.068693 0.866305 0.179588 0.365667 1.037446 0.497561 0.226656 0.841321
72.200000 0.068799 0.866532 0.179496 0.365988 1.036842 0.497492 0.226756 0.841413
72.400000 0.068783 0.866438 0.179516 0.366260 1.037907 0.497322 0.227047 0.841611
72.600000 0.068812 0.866349 0.179447 0.366551 1.038438 0.497449 0.227137 0.841713
72.800000 0.068777 0.866457 0.179474 0.366841 1.038557 0.497714 0.227211 0.842104
73.000000 0.068777 0.866485 0.179650 0.367213 1.038941 0.497680 0.227276 0.842329
73.200000 0.068672 0.866422 0.179632 0.367453 1.038823 0.497454 0.227419 0.842348
73.400000 0.068786 0.866315 0.179659 0.367985 1.039122 0.497689 0.227436 0.842668
73.600000 0.068910 0.866522 0.179663 0.368178 1.039524 0.497502 0.227672 0.842591
73.800000 0.068748 0.866294 0.179699 0.368293 1.039420 0.497504 0.227581 0.842887
74.000000 0.068804 0.866288 0.179624 0.368795 1.039654 0.497633 0.227868 0.843163
74.200000 0.068807 0.866251 0.179644 0.368972 1.039892 0.497650 0.227831 0.843212
74.400000 0.068796 0.866541 0.179723 0.369117 1.040341 0.497890 0.228090 0.843617
74.600000 0.068929 0.866330 0.179787 0.369475 1.040416 0.497809 0.228190 0.843390
74.800000 0.068781 0.866264 0.179839 0.370095 1.040717 0.497857 0.228367 0.843868
75.000000 0.068939 0.866233 0.179758 0.370134 1.040897 0.498036 0.228505 0.843938
75.200000 0.068823 0.866372 0.180047 0.370582 1.041072 0.497890 0.228581 0.844217
75.400000 0.068679 0.866139 0.179873 0.370722 1.041065 0.497819 0.228675 0.844122
75.600000 0.068951 0.866113 0.179757 0.371006 1.041378 0.497993 0.228770 0.844523
75.800000 0.068765 0.866156 0.180002 0.371173 1.041513 0.497921 0.228864 0.844559
76.000000 0.068787 0.866093 0.179793 0.371655 1.041337 0.498034 0.228968 0.844292
76.200000 0.068960 0.865942 0.179984 0.371780 1.041716 0.497816 0.229033 0.844765
76.400000 0.068691 0.866014 0.180049 0.372022 1.041862 0.498195 0.229159 0.845022
76.600000 0.068672 0.866076 0.179975 0.372275 1.041958 0.498021 0.229196 0.845134
76.800000 0.068802 0.865828 0.179992 0.372508 1.041876 0.497907 0.229421 0.845065
77.000000 0.068789 0.865632 0.180028 0.372899 1.042142 0.497970 0.229448 0.845187
77.200000 0.068945 0.865895 0.180013 0.373098 1.042276 0.498113 0.229537 0.845633
77.400000 0.068797 0.865956 0.180306 0.373324 1.042199 0.498120 0.229663 0.845548
77.600000 0.068963 0.865830 0.179997 0.373620 1.042527 0.498211 0.229678 0.845778
77.800000 0.068802 0.865655 0.180095 0.373853 1.042565 0.498040 0.229903 0.845700
78.000000 0.068949 0.865758 0.180143 0.373995 1.042761 0.498087 0.230045 0.845821
78.200000 0.068853 0.865777 0.180166 0.374357 1.042668 0.498226 0.229982 0.846053
78.400000 0.068695 0.865750 0.180261 0.374573 1.042932 0.498109 0.230110 0.846074
78.600000 0.068831 0.865907 0.180104 0.374895 1.043085 0.498236 0.230311 0.846199
78.800000 0.068859 0.865699 0.180233 0.375114 1.043096 0.498162 0.230370 0.846529
79.000000 0.068840 0.865623 0.180252 0.375327 1.043362 0.498312 0.230492 0.846368
79.200000 0.068842 0.865665 0.180196 0.375629 1.043155 0.498330 0.230545 0.846384
79.400000 0.068846 0.865629 0.180254 0.375705 1.043418 0.498297 0.230516 0.846481
79.600000 0.068850 0.865450 0.180288 0.376124 1.043487 0.498209 0.230716 0.846612
79.800000 0.068824 0.865536 0.180480 0.376186 1.043689 0.498418 0.230791 0.846596
80.000000 0.068868 0.865502 0.180220 0.376472 1.043755 0.498265 0.230984 0.846855
80.200000 0.068941 0.865567 0.180334 0.376790 1.043508 0.498436 0.230786 0.846817
80.400000 0.068831 0.865564 0.180353 0.377131 1.043640 0.498464 0.231049 0.846911
80.600000 0.068864 0.865514 0.180303 0.377200 1.043972 0.498530 0.231020 0.847076
80.800000 0.068842 0.865555 0.180481 0.377463 1.044134 0.498507 0.231292 0.847320
81.000000 0.068899 0.865598 0.180510 0.377790 1.044271 0.498521 0.231329 0.847226
81.200000 0.068847 0.865485 0.180651 0.377952 1.043916 0.498592 0.231313 0.847219
81.400000 0.068836 0.865593 0.180419 0.378415 1.044325 0.498574 0.231488 0.847364
81.600000 0.068852 0.865541 0.180416 0.378302 1.044253 0.498620 0.231152 0.847377
81.800000 0.068839 0.865348 0.180502 0.378520 1.044266 0.498431 0.231698 0.847395
82.000000 0.068784 0.865545 0.180477 0.378744 1.044668 0.498602 0.231919 0.847728
82.200000 0.068863 0.865501 0.180513 0.378929 1.044440 0.498529 0.231844 0.847693
82.400000 0.068864 0.865461 0.180590 0.379067 1.044479 0.498509 0.231921 0.847725
82.600000 0.068862 0.865442 0.180594 0.379464 1.044600 0.498781 0.232032 0.847898
82.800000 0.068879 0.865310 0.180564 0.379599 1.044633 0.498721 0.232236 0.847697
83.000000 0.068867 0.865351 0.180636 0.379899 1.044619 0.498946 0.232238 0.847899
83.200000 0.068859 0.865321 0.180539 0.380032 1.044654 0.498672 0.232094 0.848032
83.400000 0.068868 0.865477 0.180591 0.380209 1.044496 0.498758 0.232387 0.847991
83.600000 0.068569 0.864890 0.180312 0.380169 1.044181 0.498423 0.231963 0.847551
83.800000 0.068685 0.864993 0.180455 0.380334 1.044744 0.498709 0.232322 0.847899
84.000000 0.068686 0.865100 0.180529 0.380753 1.044779 0.498899 0.232646 0.848290
84.200000 0.068840 0.865054 0.180400 0.381135 1.044793 0.498932 0.232815 0.848309
84.400000 0.068874 0.865302 0.180566 0.381296 1.045087 0.498853 0.232719 0.848262
84.600000 0.068786 0.865115 0.180531 0.381395 1.044920 0.498953 0.232835 0.848296
84.800000 0.068889 0.865024 0.180749 0.381619 1.044819 0.498935 0.232898 0.848469
85.000000 0.068903 0.865190 0.180705 0.381782 1.044929 0.498964 0.233099 0.848450
85.200000 0.068907 0.865227 0.180767 0.381933 1.045148 0.499093 0.233071 0.848566
85.400000 0.068892 0.865333 0.180763 0.382268 1.045091 0.499029 0.233107 0.848554
85.600000 0.068904 0.865095 0.180699 0.382248 1.045165 0.499037 0.233170 0.848437
85.800000 0.068898 0.865110 0.180939 0.382436 1.045163 0.499031 0.233232 0.848636
86.000000 0.068899 0.865073 0.180858 0.382737 1.045020 0.499108 0.233440 0.848587
86.200000 0.068868 0.865196 0.180860 0.382960 1.045199 0.499066 0.233364 0.848843
86.400000 0.068894 0.864931 0.180795 0.383138 1.045137 0.498983 0.233421 0.848771
86.600000 0.068862 0.865173 0.180855 0.383176 1.045130 0.499186 0.233500 0.848919
86.800000 0.068912 0.865066 0.180677 0.383490 1.045526 0.499251 0.233615 0.848928
87.000000 0.068684 0.864920 0.180952 0.383492 1.045083 0.498980 0.233588 0.848934
87.200000 0.068908 0.865060 0.180867 0.383995 1.045465 0.499380 0.233616 0.849109
87.400000 0.068946 0.865317 0.181010 0.384131 1.045283 0.499236 0.233880 0.849299
87.600000 0.068902 0.865256 0.180801 0.384353 1.045419 0.499380 0.233837 0.849029
87.800000 0.068855 0.865382 0.180817 0.384381 1.045406 0.499331 0.233991 0.849221
88.000000 0.068697 0.865157 0.180957 0.384641 1.045429 0.499351 0.234032 0.849234
88.200000 0.068903 0.865148 0.180861 0.384744 1.045421 0.499219 0.234111 0.849231
88.400000 0.068879 0.865092 0.180827 0.385044 1.045439 0.499321 0.234172 0.849192
88.600000 0.068897 0.865025 0.180998 0.384947 1.045494 0.499306 0.234097 0.849210
88.800000 0.068830 0.864874 0.180703 0.385146 1.045460 0.499330 0.234227 0.849179
89.000000 0.068868 0.864932 0.180878 0.385539 1.045383 0.499313 0.234092 0.849451
89.200000 0.068868 0.864952 0.181120 0.385460 1.045504 0.499300 0.195344 0.849382
89.400000 0.068901 0.864833 0.181093 0.385889 1.045302 0.499359 0.234489 0.849176
89.600000 0.068886 0.864992 0.181066 0.385805 1.045395 0.499442 0.234402 0.849164
89.800000 0.068890 0.864844 0.181042 0.386112 1.045463 0.499501 0.234605 0.849264
90.000000 0.068914 0.865116 0.181082 0.386300 1.045458 0.499450 0.234655 0.849363
